Date,Country,City,Specie,count,min,max,median,variance
2022-01-01,GE,Tbilisi,pm25,96,84.0,174.0,110.0,9905.75
2022-01-01,HU,Győr,pm25,48,9.0,114.0,30.0,7933.29
2022-01-01,HU,Szeged,pm25,4,999.0,999.0,999.0,0.0
2022-01-01,HU,Pécs,pm25,72,13.0,172.0,78.0,14152.3
2022-01-01,HU,Kecskemét,pm25,46,21.0,104.0,38.0,7523.05
2022-01-01,HU,Miskolc,pm25,120,70.0,173.0,122.0,10095.1
2022-01-01,HU,Budapest,pm25,333,13.0,169.0,25.0,14002.5
2022-01-01,JP,Fukuoka,pm25,390,5.0,89.0,30.0,1829.35
2022-01-01,JP,Kanazawa,pm25,192,5.0,61.0,13.0,1528.5
2022-01-01,JP,Kumamoto,pm25,344,5.0,93.0,30.0,2195.29
2022-01-01,JP,Akita,pm25,29,5.0,68.0,25.0,2363.77
2022-01-01,JP,Kochi,pm25,18,5.0,25.0,13.0,414.12
2022-01-01,JP,Gifu-shi,pm25,115,5.0,74.0,17.0,3030.65
2022-01-01,JP,Kyoto,pm25,494,5.0,72.0,17.0,824.35
2022-01-01,JP,Hiroshima,pm25,232,5.0,63.0,17.0,1279.55
2022-01-01,JP,Shizuoka,pm25,158,5.0,68.0,13.0,1385.52
2022-01-01,JP,Chiba,pm25,519,5.0,61.0,9.0,1547.74
2022-01-01,JP,Sapporo,pm25,181,5.0,63.0,13.0,1128.62
2022-01-01,JP,Yokohama,pm25,427,1.0,72.0,13.0,1710.86
2022-01-01,JP,Tokyo,pm25,2025,1.0,72.0,9.0,567.71
2022-01-01,JP,Saitama,pm25,384,5.0,63.0,9.0,635.96
2022-01-01,JP,Naha,pm25,143,5.0,38.0,17.0,519.85
2022-01-01,JP,Nagasaki,pm25,140,5.0,74.0,21.0,2148.89
2022-01-01,JP,Toyama,pm25,121,5.0,42.0,13.0,643.84
2022-01-01,JP,Niigata,pm25,45,5.0,5.0,5.0,0.0
2022-01-01,JP,Nara-shi,pm25,162,5.0,70.0,17.0,1019.13
2022-01-01,JP,Okayama,pm25,270,5.0,68.0,21.0,1365.11
2022-01-01,JP,Sendai,pm25,329,5.0,34.0,9.0,296.71
2022-01-01,JP,Osaka,pm25,1250,5.0,65.0,13.0,624.71
2022-01-01,JP,Miyazaki,pm25,125,5.0,70.0,38.0,2325.99
2022-01-01,JP,Matsuyama,pm25,124,5.0,68.0,17.0,1475.42
2022-01-01,JP,Wakayama,pm25,256,5.0,55.0,13.0,595.65
2022-01-01,JP,Takamatsu,pm25,212,5.0,53.0,13.0,761.37
2022-01-01,JP,Nagoya,pm25,641,5.0,63.0,17.0,1325.67
2022-01-01,JP,Ōita,pm25,222,5.0,46.0,17.0,869.99
2022-01-01,JP,Kobe,pm25,390,5.0,50.0,17.0,712.73
2022-01-01,JP,Nagano,pm25,60,5.0,34.0,13.0,535.62
2022-01-01,JP,Utsunomiya,pm25,287,5.0,76.0,17.0,2589.44
2022-01-01,JP,Kagoshima,pm25,95,5.0,46.0,21.0,699.63
2022-01-01,SK,Košice,pm25,96,65.0,170.0,112.0,8750.76
2022-01-01,SK,Bratislava,pm25,92,5.0,185.0,21.0,6353.78
2022-01-01,FI,Vantaa,pm25,21,17.0,173.0,23.0,12468.6
2022-01-01,FI,Turku,pm25,21,13.0,133.0,18.0,10390.6
2022-01-01,FI,Helsinki,pm25,102,6.0,159.0,13.0,8358.6
2022-01-01,FI,Tampere,pm25,79,8.0,62.0,16.0,1352.16
2022-01-01,ET,Addis Ababa,pm25,24,25.0,156.0,72.0,12847.8
2022-01-01,CH,Zürich,pm25,24,3.0,10.0,6.0,35.92
2022-01-01,CO,Bogotá,pm25,24,25.0,151.0,63.0,10397.3
2022-01-01,CO,Medellín,pm25,173,46.0,102.0,76.0,1312.37
2022-01-01,DK,Copenhagen,pm25,24,22.0,394.0,38.0,57619.9
2022-01-01,EC,Quito,pm25,161,1.0,436.0,71.0,29882.3
2022-01-01,GB,Edinburgh,pm25,285,4.0,55.0,37.0,2097.33
2022-01-01,GB,Norwich,pm25,23,31.0,62.0,43.0,509.49
2022-01-01,GB,Liverpool,pm25,42,21.0,61.0,39.0,878.65
2022-01-01,GB,Belfast,pm25,86,23.0,64.0,42.0,872.05
2022-01-01,GB,Coventry,pm25,72,25.0,56.0,38.0,931.69
2022-01-01,GB,Leeds,pm25,40,25.0,76.0,43.0,873.74
2022-01-01,GB,Cardiff,pm25,144,13.0,74.0,53.0,1335.84
2022-01-01,GB,Bristol,pm25,70,30.0,76.0,50.0,934.13
2022-01-01,GB,London,pm25,400,8.0,116.0,46.0,2077.8
2022-01-01,GB,Birmingham,pm25,48,30.0,58.0,46.0,684.11
2022-01-01,GB,Sheffield,pm25,94,25.0,65.0,44.0,704.46
2022-01-01,GB,Newport,pm25,46,37.0,68.0,53.0,688.91
2022-01-01,GB,Leicester,pm25,24,26.0,55.0,38.0,897.97
2022-01-01,GB,Manchester,pm25,87,25.0,71.0,42.0,770.13
2022-01-01,GB,Reading,pm25,48,17.0,87.0,38.0,2503.51
2022-01-01,GB,Plymouth,pm25,44,25.0,84.0,61.0,2773.72
2022-01-01,GB,Glasgow,pm25,402,5.0,65.0,41.0,2050.04
2022-01-01,GB,Preston,pm25,44,24.0,60.0,42.0,631.39
2022-01-01,GB,Swansea,pm25,144,13.0,114.0,63.0,4370.06
2022-01-01,GB,Southend-on-Sea,pm25,47,30.0,68.0,43.0,618.38
2022-01-01,ID,Jakarta,pm25,47,17.0,158.0,46.0,9956.87
2022-01-01,NP,Kathmandu,pm25,96,57.0,230.0,159.0,16000.5
2022-01-01,NP,Pokhara,pm25,28,60.0,228.0,200.0,33071.0
2022-01-01,NP,Biratnagar,pm25,48,61.0,102.0,81.0,1017.87
2022-01-01,AU,Sydney,pm25,145,1.0,66.0,15.0,1863.85
2022-01-01,AU,Newcastle,pm25,122,1.0,44.0,13.0,666.49
2022-01-01,AU,Launceston,pm25,77,5.0,17.0,9.0,89.9
2022-01-01,AU,Hobart,pm25,57,5.0,30.0,13.0,296.22
2022-01-01,AU,Darwin,pm25,72,2.0,41.0,15.0,583.75
2022-01-01,AU,Melbourne,pm25,176,2.0,97.0,28.0,2644.46
2022-01-01,AU,Canberra,pm25,64,1.0,124.0,27.0,6021.26
2022-01-01,AU,Adelaide,pm25,80,1.0,57.0,17.0,1363.65
2022-01-01,AU,Brisbane,pm25,171,1.0,45.0,19.0,846.67
2022-01-01,AU,Perth,pm25,81,2.0,52.0,6.0,577.38
2022-01-01,AU,Wollongong,pm25,61,1.0,57.0,13.0,1664.83
2022-01-01,CI,Abidjan,pm25,24,85.0,144.0,97.0,2446.5
2022-01-01,GH,Accra,pm25,24,76.0,203.0,97.0,17290.0
2022-01-01,IQ,Baghdad,pm25,24,132.0,262.0,167.0,9488.41
2022-01-01,IS,Reykjavík,pm25,120,9.0,297.0,27.0,35087.6
2022-01-01,KG,Bishkek,pm25,24,5.0,157.0,34.0,23377.6
2022-01-01,NL,Utrecht,pm25,48,23.0,213.0,52.0,14332.5
2022-01-01,NL,Nijmegen,pm25,48,10.0,221.0,32.0,23537.3
2022-01-01,NL,Haarlem,pm25,144,7.0,170.0,43.0,6242.45
2022-01-01,NL,Eindhoven,pm25,24,38.0,162.0,56.0,5942.59
2022-01-01,NL,Rotterdam,pm25,192,9.0,174.0,45.0,10429.1
2022-01-01,NL,Amsterdam,pm25,264,9.0,208.0,47.0,17020.3
2022-01-01,NL,Dordrecht,pm25,24,13.0,97.0,46.0,4490.42
2022-01-01,NL,Breda,pm25,48,6.0,340.0,38.0,27139.1
2022-01-01,NL,Groningen,pm25,48,14.0,171.0,54.0,11560.3
2022-01-01,NL,Maastricht,pm25,90,5.0,257.0,30.0,12918.9
2022-01-01,NL,The Hague,pm25,72,9.0,336.0,43.0,22523.6
2022-01-01,PT,Lisbon,pm25,6,46.0,58.0,48.0,298.67
2022-01-01,PT,Funchal,pm25,63,2.0,120.0,38.0,11952.1
2022-01-01,CA,Hamilton,pm25,93,5.0,85.0,42.0,4313.18
2022-01-01,CA,Calgary,pm25,84,1.0,142.0,10.0,6533.53
2022-01-01,CA,Winnipeg,pm25,24,26.0,112.0,28.0,3134.13
2022-01-01,CA,Halifax,pm25,46,6.0,20.0,14.0,97.26
2022-01-01,CA,Kitchener,pm25,48,5.0,95.0,46.0,7099.68
2022-01-01,CA,Edmonton,pm25,115,11.0,86.0,36.0,2658.83
2022-01-01,CA,Mississauga,pm25,62,9.0,119.0,46.0,6379.18
2022-01-01,CA,Québec,pm25,186,9.0,129.0,58.0,9258.45
2022-01-01,CA,Vancouver,pm25,22,8.0,53.0,18.0,741.84
2022-01-01,CA,Victoria,pm25,46,13.0,139.0,30.0,5825.26
2022-01-01,CA,Montréal,pm25,432,15.0,146.0,93.0,6125.54
2022-01-01,CA,Toronto,pm25,137,5.0,72.0,34.0,3183.13
2022-01-01,CA,Ottawa,pm25,70,14.0,112.0,82.0,12273.7
2022-01-01,CA,London,pm25,25,13.0,78.0,53.0,4186.9
2022-01-01,US,Oklahoma City,pm25,95,7.0,87.0,33.0,3021.83
2022-01-01,US,Raleigh,pm25,70,9.0,56.0,30.0,1356.94
2022-01-01,US,Memphis,pm25,68,1.0,77.0,25.0,3793.26
2022-01-01,US,Jackson,pm25,72,14.0,90.0,30.0,1829.58
2022-01-01,US,Boston,pm25,136,5.0,85.0,50.0,3490.42
2022-01-01,US,Richmond,pm25,96,21.0,58.0,52.0,1429.26
2022-01-01,US,Portland,pm25,165,9.0,90.0,23.0,2451.08
2022-01-01,US,Boise,pm25,96,17.0,78.0,46.0,2979.89
2022-01-01,US,Austin,pm25,41,5.0,95.0,55.0,5806.72
2022-01-01,US,Honolulu,pm25,56,5.0,193.0,13.0,11089.7
2022-01-01,US,Fresno,pm25,48,21.0,203.0,78.0,24025.0
2022-01-01,US,Milwaukee,pm25,144,12.0,100.0,27.0,3660.1
2022-01-01,US,Hartford,pm25,48,13.0,75.0,41.0,3223.9
2022-01-01,US,Washington D.C.,pm25,117,9.0,70.0,35.0,1935.77
2022-01-01,US,Chicago,pm25,213,1.0,97.0,25.0,2832.61
2022-01-01,US,Houston,pm25,38,1.0,104.0,49.0,5796.17
2022-01-01,US,Indianapolis,pm25,144,5.0,87.0,42.0,3510.74
2022-01-01,US,Atlanta,pm25,23,18.0,48.0,25.0,602.49
2022-01-01,US,Charlotte,pm25,48,5.0,72.0,25.0,2108.08
2022-01-01,US,Sacramento,pm25,63,2.0,152.0,25.0,7702.46
2022-01-01,US,Oakland,pm25,117,5.0,189.0,34.0,16449.2
2022-01-01,US,Providence,pm25,38,5.0,70.0,13.0,3699.26
2022-01-01,US,Staten Island,pm25,118,1.0,69.0,31.0,2490.24
2022-01-01,US,Brooklyn,pm25,143,5.0,114.0,39.0,8279.24
2022-01-01,US,Springfield,pm25,71,3.0,65.0,32.0,3134.47
2022-01-01,US,The Bronx,pm25,48,16.0,62.0,39.0,1840.21
2022-01-01,US,San Jose,pm25,92,5.0,176.0,46.0,19783.8
2022-01-01,US,Los Angeles,pm25,72,8.0,165.0,60.0,19160.3
2022-01-01,US,Little Rock,pm25,20,4.0,64.0,17.0,3999.24
2022-01-01,US,Baltimore,pm25,67,5.0,112.0,38.0,3500.99
2022-01-01,US,Phoenix,pm25,168,1.0,172.0,15.0,9291.58
2022-01-01,US,Omaha,pm25,47,9.0,53.0,21.0,1216.51
2022-01-01,US,El Paso,pm25,128,1.0,69.0,16.0,1447.65
2022-01-01,US,Dallas,pm25,23,14.0,68.0,29.0,2038.18
2022-01-01,US,Seattle,pm25,258,11.0,160.0,46.0,9214.53
2022-01-01,US,Manhattan,pm25,72,4.0,60.0,38.0,1810.37
2022-01-01,US,Miami,pm25,93,15.0,172.0,23.0,21841.9
2022-01-01,US,Jacksonville,pm25,144,15.0,152.0,35.0,6327.54
2022-01-01,US,San Antonio,pm25,72,50.0,193.0,68.0,6784.79
2022-01-01,US,Philadelphia,pm25,96,3.0,78.0,27.0,2768.21
2022-01-01,US,San Diego,pm25,24,18.0,73.0,48.0,2723.19
2022-01-01,US,Columbus,pm25,45,3.0,60.0,27.0,2299.27
2022-01-01,US,Saint Paul,pm25,134,5.0,70.0,42.0,3593.14
2022-01-01,US,Denver,pm25,159,13.0,99.0,38.0,2245.21
2022-01-01,US,Salt Lake City,pm25,216,3.0,161.0,14.0,3185.18
2022-01-01,US,Albuquerque,pm25,71,1.0,19.0,6.0,122.49
2022-01-01,US,San Francisco,pm25,65,5.0,61.0,21.0,1734.73
2022-01-01,US,Salem,pm25,72,20.0,91.0,47.0,2874.63
2022-01-01,US,Madison,pm25,48,15.0,66.0,26.0,3934.75
2022-01-01,US,Nashville,pm25,94,5.0,68.0,27.0,1985.35
2022-01-01,US,Tucson,pm25,151,5.0,152.0,17.0,5186.11
2022-01-01,US,Queens,pm25,100,16.0,114.0,43.0,9239.85
2022-01-01,US,Tallahassee,pm25,71,8.0,62.0,26.0,962.91
2022-01-01,US,Fort Worth,pm25,21,9.0,55.0,30.0,1213.62
2022-01-01,RS,Novi Sad,pm25,48,28.0,210.0,60.0,23024.2
2022-01-01,RS,Niš,pm25,24,156.0,260.0,179.0,11076.5
2022-01-01,RS,Belgrade,pm25,104,32.0,235.0,112.0,26175.3
2022-01-01,CY,Nicosia,pm25,24,75.0,182.0,107.0,13036.8
2022-01-01,CY,Limassol,pm25,24,65.0,161.0,83.0,10882.2
2022-01-01,HR,Zagreb,pm25,23,156.0,200.0,168.0,1419.68
2022-01-01,HR,Rijeka,pm25,73,5.0,154.0,71.0,11817.3
2022-01-01,MK,Skopje,pm25,168,31.0,242.0,146.0,27778.7
2022-01-02,GE,Tbilisi,pm25,88,43.0,158.0,63.0,8634.02
2022-01-02,HU,Győr,pm25,45,5.0,82.0,30.0,4502.34
2022-01-02,HU,Pécs,pm25,72,25.0,158.0,78.0,14280.0
2022-01-02,HU,Kecskemét,pm25,48,38.0,87.0,46.0,1895.89
2022-01-02,HU,Miskolc,pm25,106,61.0,172.0,124.0,10733.4
2022-01-02,HU,Budapest,pm25,326,13.0,127.0,50.0,3305.85
2022-01-02,JP,Fukuoka,pm25,387,5.0,82.0,30.0,1780.78
2022-01-02,JP,Kanazawa,pm25,184,5.0,95.0,17.0,2695.05
2022-01-02,JP,Kumamoto,pm25,319,5.0,85.0,30.0,2166.51
2022-01-02,JP,Akita,pm25,35,5.0,80.0,30.0,3134.76
2022-01-02,JP,Kochi,pm25,16,5.0,25.0,9.0,424.0
2022-01-02,JP,Gifu-shi,pm25,112,5.0,107.0,21.0,3653.6
2022-01-02,JP,Kyoto,pm25,546,5.0,89.0,30.0,2065.25
2022-01-02,JP,Hiroshima,pm25,221,5.0,76.0,21.0,1753.48
2022-01-02,JP,Shizuoka,pm25,164,5.0,65.0,13.0,1877.51
2022-01-02,JP,Chiba,pm25,717,5.0,87.0,30.0,3608.19
2022-01-02,JP,Sapporo,pm25,209,5.0,74.0,30.0,2432.22
2022-01-02,JP,Yokohama,pm25,471,1.0,78.0,17.0,1566.27
2022-01-02,JP,Tokyo,pm25,2442,1.0,89.0,21.0,2784.94
2022-01-02,JP,Saitama,pm25,467,5.0,76.0,21.0,2450.42
2022-01-02,JP,Naha,pm25,144,5.0,38.0,17.0,506.54
2022-01-02,JP,Nagasaki,pm25,145,5.0,59.0,21.0,1565.49
2022-01-02,JP,Toyama,pm25,127,5.0,65.0,13.0,1164.95
2022-01-02,JP,Niigata,pm25,62,5.0,9.0,5.0,22.0
2022-01-02,JP,Nara-shi,pm25,174,5.0,55.0,21.0,1211.95
2022-01-02,JP,Okayama,pm25,272,5.0,80.0,30.0,1975.79
2022-01-02,JP,Sendai,pm25,432,5.0,50.0,13.0,455.62
2022-01-02,JP,Osaka,pm25,1376,5.0,87.0,25.0,2146.4
2022-01-02,JP,Miyazaki,pm25,131,5.0,61.0,38.0,2044.87
2022-01-02,JP,Matsuyama,pm25,127,5.0,68.0,21.0,2238.65
2022-01-02,JP,Wakayama,pm25,262,5.0,65.0,17.0,1401.98
2022-01-02,JP,Takamatsu,pm25,221,5.0,53.0,17.0,895.51
2022-01-02,JP,Nagoya,pm25,696,1.0,82.0,21.0,2010.32
2022-01-02,JP,Ōita,pm25,217,5.0,50.0,21.0,935.34
2022-01-02,JP,Kobe,pm25,414,5.0,70.0,30.0,1877.78
2022-01-02,JP,Nagano,pm25,73,5.0,55.0,21.0,1717.01
2022-01-02,JP,Utsunomiya,pm25,328,5.0,85.0,25.0,4351.28
2022-01-02,JP,Kagoshima,pm25,94,5.0,42.0,21.0,558.37
2022-01-02,SK,Košice,pm25,96,42.0,158.0,74.0,8592.24
2022-01-02,SK,Bratislava,pm25,95,5.0,80.0,46.0,2780.1
2022-01-02,FI,Vantaa,pm25,18,1.0,20.0,11.0,273.2
2022-01-02,FI,Turku,pm25,10,1.0,40.0,5.0,2911.56
2022-01-02,FI,Helsinki,pm25,112,3.0,24.0,10.0,157.61
2022-01-02,FI,Tampere,pm25,82,1.0,51.0,9.0,760.85
2022-01-02,ET,Addis Ababa,pm25,23,25.0,144.0,61.0,7000.67
2022-01-02,CH,Zürich,pm25,23,2.0,7.0,3.0,16.25
2022-01-02,CO,Bogotá,pm25,24,13.0,63.0,46.0,1960.8
2022-01-02,DK,Copenhagen,pm25,24,18.0,50.0,31.0,790.15
2022-01-02,EC,Quito,pm25,153,1.0,152.0,53.0,6721.81
2022-01-02,GB,Edinburgh,pm25,262,12.0,34.0,21.0,220.08
2022-01-02,GB,Norwich,pm25,21,25.0,49.0,34.0,684.14
2022-01-02,GB,Liverpool,pm25,40,17.0,42.0,32.0,458.45
2022-01-02,GB,Belfast,pm25,85,19.0,47.0,34.0,555.53
2022-01-02,GB,Coventry,pm25,62,21.0,52.0,37.0,577.9
2022-01-02,GB,Leeds,pm25,34,21.0,42.0,30.0,351.98
2022-01-02,GB,Cardiff,pm25,142,9.0,55.0,30.0,1482.72
2022-01-02,GB,Bristol,pm25,69,5.0,59.0,34.0,1384.68
2022-01-02,GB,London,pm25,423,1.0,82.0,21.0,1372.39
2022-01-02,GB,Birmingham,pm25,45,27.0,54.0,38.0,572.0
2022-01-02,GB,Sheffield,pm25,86,21.0,63.0,38.0,944.22
2022-01-02,GB,Newport,pm25,46,7.0,54.0,29.0,2204.81
2022-01-02,GB,Leicester,pm25,20,25.0,52.0,34.0,691.16
2022-01-02,GB,Manchester,pm25,75,12.0,46.0,30.0,943.27
2022-01-02,GB,Reading,pm25,48,5.0,38.0,17.0,922.11
2022-01-02,GB,Plymouth,pm25,44,17.0,70.0,46.0,2914.6
2022-01-02,GB,Glasgow,pm25,346,13.0,55.0,26.0,378.75
2022-01-02,GB,Preston,pm25,40,10.0,54.0,30.0,1274.26
2022-01-02,GB,Swansea,pm25,144,13.0,93.0,57.0,2949.51
2022-01-02,GB,Southend-on-Sea,pm25,41,10.0,45.0,23.0,951.39
2022-01-02,ID,Jakarta,pm25,48,13.0,82.0,53.0,2578.14
2022-01-02,NP,Kathmandu,pm25,96,68.0,211.0,154.0,15220.5
2022-01-02,NP,Pokhara,pm25,29,61.0,237.0,205.0,40859.2
2022-01-02,NP,Biratnagar,pm25,48,54.0,136.0,76.0,3121.68
2022-01-02,AU,Sydney,pm25,149,1.0,53.0,13.0,964.88
2022-01-02,AU,Newcastle,pm25,136,1.0,41.0,14.0,815.55
2022-01-02,AU,Launceston,pm25,55,5.0,30.0,9.0,183.86
2022-01-02,AU,Hobart,pm25,59,5.0,21.0,9.0,250.33
2022-01-02,AU,Darwin,pm25,68,1.0,28.0,13.0,482.57
2022-01-02,AU,Melbourne,pm25,186,2.0,66.0,28.0,1472.81
2022-01-02,AU,Canberra,pm25,67,1.0,73.0,27.0,2845.88
2022-01-02,AU,Adelaide,pm25,91,1.0,68.0,21.0,1315.77
2022-01-02,AU,Brisbane,pm25,171,1.0,68.0,19.0,917.09
2022-01-02,AU,Perth,pm25,84,2.0,14.0,5.0,99.43
2022-01-02,AU,Wollongong,pm25,68,1.0,64.0,17.0,1132.39
2022-01-02,CI,Abidjan,pm25,24,50.0,151.0,82.0,9455.36
2022-01-02,GH,Accra,pm25,24,68.0,160.0,87.0,6431.88
2022-01-02,IQ,Baghdad,pm25,24,132.0,182.0,163.0,1487.81
2022-01-02,IS,Reykjavík,pm25,120,7.0,528.0,18.0,55157.7
2022-01-02,KG,Bishkek,pm25,24,9.0,161.0,59.0,20924.3
2022-01-02,NL,Utrecht,pm25,47,8.0,61.0,39.0,1724.47
2022-01-02,NL,Nijmegen,pm25,47,3.0,54.0,30.0,1019.66
2022-01-02,NL,Haarlem,pm25,144,9.0,114.0,38.0,2947.53
2022-01-02,NL,Eindhoven,pm25,24,27.0,64.0,52.0,779.71
2022-01-02,NL,Rotterdam,pm25,192,11.0,52.0,34.0,470.76
2022-01-02,NL,Amsterdam,pm25,261,2.0,60.0,32.0,1298.58
2022-01-02,NL,Dordrecht,pm25,24,17.0,61.0,38.0,1384.93
2022-01-02,NL,Breda,pm25,45,2.0,52.0,28.0,1778.82
2022-01-02,NL,Groningen,pm25,48,1.0,49.0,23.0,1142.77
2022-01-02,NL,Maastricht,pm25,93,5.0,53.0,25.0,1195.13
2022-01-02,NL,The Hague,pm25,72,8.0,55.0,34.0,1066.18
2022-01-02,PT,Lisbon,pm25,20,37.0,82.0,62.0,1077.34
2022-01-02,PT,Funchal,pm25,69,1.0,65.0,24.0,2958.62
2022-01-02,CA,Hamilton,pm25,57,5.0,21.0,13.0,192.88
2022-01-02,CA,Calgary,pm25,76,2.0,134.0,11.0,8020.06
2022-01-02,CA,Winnipeg,pm25,24,26.0,43.0,36.0,242.54
2022-01-02,CA,Halifax,pm25,46,1.0,21.0,4.0,260.66
2022-01-02,CA,Kitchener,pm25,33,5.0,34.0,9.0,423.71
2022-01-02,CA,Edmonton,pm25,115,10.0,64.0,30.0,1337.61
2022-01-02,CA,Mississauga,pm25,45,5.0,21.0,9.0,191.19
2022-01-02,CA,Québec,pm25,137,7.0,109.0,18.0,4236.89
2022-01-02,CA,Vancouver,pm25,23,5.0,30.0,14.0,467.71
2022-01-02,CA,Victoria,pm25,44,5.0,50.0,21.0,959.66
2022-01-02,CA,Montréal,pm25,298,3.0,67.0,12.0,1762.57
2022-01-02,CA,Toronto,pm25,62,5.0,25.0,5.0,219.99
2022-01-02,CA,Ottawa,pm25,36,13.0,25.0,17.0,100.57
2022-01-02,CA,London,pm25,32,5.0,25.0,13.0,454.03
2022-01-02,US,Oklahoma City,pm25,96,8.0,66.0,18.0,1096.77
2022-01-02,US,Raleigh,pm25,67,5.0,38.0,21.0,582.11
2022-01-02,US,Memphis,pm25,70,4.0,58.0,30.0,1621.59
2022-01-02,US,Jackson,pm25,71,1.0,53.0,20.0,982.97
2022-01-02,US,Boston,pm25,127,9.0,63.0,21.0,1569.85
2022-01-02,US,Richmond,pm25,96,6.0,32.0,16.0,458.3
2022-01-02,US,Portland,pm25,161,5.0,84.0,21.0,1874.69
2022-01-02,US,Boise,pm25,96,9.0,303.0,30.0,24968.6
2022-01-02,US,Austin,pm25,34,5.0,53.0,17.0,1691.1
2022-01-02,US,Honolulu,pm25,55,5.0,68.0,13.0,1770.69
2022-01-02,US,Fresno,pm25,48,13.0,142.0,46.0,10702.1
2022-01-02,US,Milwaukee,pm25,144,8.0,87.0,18.0,2310.38
2022-01-02,US,Hartford,pm25,48,5.0,108.0,20.0,3232.12
2022-01-02,US,Washington D.C.,pm25,94,5.0,38.0,16.0,365.43
2022-01-02,US,Chicago,pm25,214,1.0,51.0,20.0,1004.41
2022-01-02,US,Houston,pm25,47,1.0,117.0,15.0,7201.19
2022-01-02,US,Indianapolis,pm25,140,2.0,37.0,17.0,433.28
2022-01-02,US,Atlanta,pm25,24,15.0,35.0,19.0,260.71
2022-01-02,US,Charlotte,pm25,48,5.0,46.0,17.0,692.48
2022-01-02,US,Sacramento,pm25,72,21.0,154.0,56.0,7167.32
2022-01-02,US,Oakland,pm25,118,5.0,91.0,42.0,3775.58
2022-01-02,US,Providence,pm25,30,5.0,42.0,9.0,860.33
2022-01-02,US,Staten Island,pm25,114,5.0,51.0,28.0,1151.53
2022-01-02,US,Brooklyn,pm25,140,5.0,114.0,33.0,4366.36
2022-01-02,US,Springfield,pm25,72,11.0,76.0,39.0,1790.47
2022-01-02,US,The Bronx,pm25,48,12.0,50.0,33.0,800.21
2022-01-02,US,San Jose,pm25,88,5.0,85.0,42.0,5052.29
2022-01-02,US,Los Angeles,pm25,69,3.0,120.0,34.0,5958.32
2022-01-02,US,Little Rock,pm25,23,13.0,47.0,21.0,749.84
2022-01-02,US,Baltimore,pm25,65,5.0,53.0,17.0,1490.22
2022-01-02,US,Phoenix,pm25,168,1.0,153.0,23.0,13139.0
2022-01-02,US,Omaha,pm25,48,13.0,78.0,38.0,1963.39
2022-01-02,US,El Paso,pm25,129,3.0,72.0,18.0,2122.97
2022-01-02,US,Dallas,pm25,24,8.0,48.0,18.0,758.97
2022-01-02,US,Seattle,pm25,259,2.0,70.0,27.0,2002.5
2022-01-02,US,Manhattan,pm25,71,2.0,72.0,30.0,2119.68
2022-01-02,US,Miami,pm25,92,10.0,53.0,25.0,396.12
2022-01-02,US,Jacksonville,pm25,144,22.0,49.0,32.0,342.31
2022-01-02,US,San Antonio,pm25,59,1.0,68.0,17.0,3308.71
2022-01-02,US,Philadelphia,pm25,87,3.0,47.0,18.0,690.62
2022-01-02,US,San Diego,pm25,23,5.0,87.0,42.0,5966.05
2022-01-02,US,Columbus,pm25,38,2.0,34.0,14.0,1020.88
2022-01-02,US,Saint Paul,pm25,120,5.0,165.0,50.0,4880.77
2022-01-02,US,Denver,pm25,146,5.0,117.0,21.0,6672.86
2022-01-02,US,Salt Lake City,pm25,216,8.0,72.0,27.0,2282.2
2022-01-02,US,Albuquerque,pm25,72,3.0,63.0,8.0,2463.36
2022-01-02,US,San Francisco,pm25,72,13.0,76.0,42.0,2180.12
2022-01-02,US,Salem,pm25,72,5.0,101.0,9.0,4727.97
2022-01-02,US,Madison,pm25,48,14.0,61.0,23.0,1330.85
2022-01-02,US,Nashville,pm25,92,4.0,40.0,15.0,581.98
2022-01-02,US,Tucson,pm25,144,5.0,107.0,25.0,6018.0
2022-01-02,US,Queens,pm25,113,17.0,115.0,42.0,8503.85
2022-01-02,US,Tallahassee,pm25,72,12.0,53.0,37.0,1090.2
2022-01-02,US,Fort Worth,pm25,13,5.0,17.0,9.0,201.03
2022-01-02,RS,Novi Sad,pm25,48,33.0,175.0,62.0,20471.3
2022-01-02,RS,Niš,pm25,24,51.0,262.0,161.0,30093.9
2022-01-02,RS,Belgrade,pm25,118,46.0,168.0,82.0,9033.98
2022-01-02,CY,Nicosia,pm25,24,49.0,171.0,86.0,9816.94
2022-01-02,CY,Limassol,pm25,24,71.0,161.0,81.0,9636.5
2022-01-02,HR,Zagreb,pm25,24,115.0,196.0,160.0,5216.52
2022-01-02,HR,Rijeka,pm25,81,7.0,118.0,62.0,5961.85
2022-01-02,MK,Skopje,pm25,144,10.0,193.0,64.0,19490.5
2022-01-03,GE,Tbilisi,pm25,72,19.0,50.0,30.0,530.58
2022-01-03,HU,Győr,pm25,46,5.0,85.0,53.0,4904.14
2022-01-03,HU,Szeged,pm25,11,5.0,999.0,455.0,1516370.0
2022-01-03,HU,Pécs,pm25,72,17.0,157.0,46.0,16474.2
2022-01-03,HU,Kecskemét,pm25,48,55.0,93.0,74.0,1142.54
2022-01-03,HU,Miskolc,pm25,116,13.0,158.0,55.0,15550.6
2022-01-03,HU,Budapest,pm25,336,5.0,129.0,30.0,10345.8
2022-01-03,JP,Fukuoka,pm25,383,5.0,109.0,53.0,2620.52
2022-01-03,JP,Kanazawa,pm25,227,5.0,68.0,25.0,1945.68
2022-01-03,JP,Kumamoto,pm25,368,5.0,129.0,53.0,4999.3
2022-01-03,JP,Akita,pm25,41,5.0,78.0,34.0,3682.9
2022-01-03,JP,Kochi,pm25,22,9.0,50.0,21.0,1375.69
2022-01-03,JP,Gifu-shi,pm25,120,5.0,68.0,25.0,2251.82
2022-01-03,JP,Kyoto,pm25,570,5.0,80.0,53.0,1513.17
2022-01-03,JP,Hiroshima,pm25,232,5.0,63.0,25.0,1811.7
2022-01-03,JP,Shizuoka,pm25,234,5.0,72.0,21.0,1921.2
2022-01-03,JP,Chiba,pm25,753,5.0,109.0,30.0,2862.15
2022-01-03,JP,Sapporo,pm25,211,5.0,55.0,25.0,1123.41
2022-01-03,JP,Yokohama,pm25,502,1.0,76.0,21.0,2613.57
2022-01-03,JP,Tokyo,pm25,2408,1.0,104.0,25.0,2832.68
2022-01-03,JP,Saitama,pm25,473,5.0,76.0,21.0,2789.73
2022-01-03,JP,Naha,pm25,139,9.0,42.0,21.0,476.84
2022-01-03,JP,Nagasaki,pm25,169,5.0,91.0,42.0,4690.33
2022-01-03,JP,Toyama,pm25,166,5.0,61.0,30.0,1773.79
2022-01-03,JP,Niigata,pm25,70,5.0,5.0,5.0,0.0
2022-01-03,JP,Nara-shi,pm25,189,5.0,68.0,50.0,1587.66
2022-01-03,JP,Okayama,pm25,283,5.0,82.0,42.0,2174.89
2022-01-03,JP,Sendai,pm25,416,5.0,46.0,17.0,653.2
2022-01-03,JP,Osaka,pm25,1488,5.0,89.0,50.0,1848.73
2022-01-03,JP,Miyazaki,pm25,135,5.0,97.0,34.0,2823.13
2022-01-03,JP,Matsuyama,pm25,142,5.0,78.0,30.0,2868.65
2022-01-03,JP,Wakayama,pm25,284,5.0,78.0,42.0,1591.88
2022-01-03,JP,Takamatsu,pm25,257,5.0,63.0,34.0,1275.67
2022-01-03,JP,Nagoya,pm25,761,1.0,99.0,34.0,2408.49
2022-01-03,JP,Ōita,pm25,255,5.0,76.0,42.0,2412.01
2022-01-03,JP,Kobe,pm25,427,5.0,89.0,50.0,1478.03
2022-01-03,JP,Nagano,pm25,92,5.0,53.0,17.0,1154.42
2022-01-03,JP,Utsunomiya,pm25,384,5.0,76.0,30.0,3875.19
2022-01-03,JP,Kagoshima,pm25,95,17.0,63.0,42.0,1842.26
2022-01-03,SK,Košice,pm25,96,21.0,200.0,68.0,11617.4
2022-01-03,SK,Bratislava,pm25,82,5.0,65.0,17.0,3323.38
2022-01-03,FI,Vantaa,pm25,24,6.0,18.0,15.0,107.54
2022-01-03,FI,Turku,pm25,24,2.0,15.0,7.0,113.26
2022-01-03,FI,Helsinki,pm25,120,4.0,33.0,13.0,187.5
2022-01-03,FI,Tampere,pm25,96,1.0,55.0,12.0,802.09
2022-01-03,ET,Addis Ababa,pm25,24,21.0,109.0,63.0,4783.89
2022-01-03,CH,Zürich,pm25,17,1.0,2.0,1.0,1.1
2022-01-03,CO,Bogotá,pm25,179,5.0,147.0,57.0,6091.6
2022-01-03,CO,Medellín,pm25,82,42.0,82.0,59.0,931.11
2022-01-03,DK,Copenhagen,pm25,24,11.0,42.0,31.0,634.77
2022-01-03,EC,Quito,pm25,182,2.0,121.0,58.0,5851.02
2022-01-03,GB,Edinburgh,pm25,261,2.0,59.0,16.0,769.25
2022-01-03,GB,Norwich,pm25,24,28.0,44.0,31.0,115.2
2022-01-03,GB,Liverpool,pm25,43,13.0,48.0,31.0,745.97
2022-01-03,GB,Belfast,pm25,62,17.0,41.0,30.0,335.47
2022-01-03,GB,Coventry,pm25,70,27.0,46.0,34.0,151.35
2022-01-03,GB,Leeds,pm25,32,13.0,42.0,30.0,326.29
2022-01-03,GB,Cardiff,pm25,144,5.0,53.0,34.0,1051.03
2022-01-03,GB,Bristol,pm25,71,17.0,61.0,30.0,889.4
2022-01-03,GB,London,pm25,433,5.0,824.0,30.0,15829.0
2022-01-03,GB,Birmingham,pm25,47,22.0,50.0,32.0,222.36
2022-01-03,GB,Sheffield,pm25,91,21.0,63.0,30.0,858.71
2022-01-03,GB,Newport,pm25,47,21.0,50.0,40.0,363.45
2022-01-03,GB,Leicester,pm25,24,30.0,40.0,34.0,93.32
2022-01-03,GB,Manchester,pm25,82,27.0,46.0,38.0,174.26
2022-01-03,GB,Reading,pm25,48,5.0,38.0,17.0,537.23
2022-01-03,GB,Plymouth,pm25,30,13.0,61.0,46.0,2898.72
2022-01-03,GB,Glasgow,pm25,372,2.0,55.0,16.0,808.67
2022-01-03,GB,Preston,pm25,40,21.0,51.0,36.0,581.31
2022-01-03,GB,Swansea,pm25,144,17.0,132.0,55.0,4764.69
2022-01-03,GB,Southend-on-Sea,pm25,45,15.0,100.0,35.0,1768.45
2022-01-03,ID,Jakarta,pm25,48,46.0,155.0,72.0,6907.19
2022-01-03,NP,Kathmandu,pm25,96,57.0,240.0,157.0,18044.0
2022-01-03,NP,Pokhara,pm25,30,60.0,233.0,208.0,45841.5
2022-01-03,NP,Biratnagar,pm25,48,54.0,89.0,66.0,657.85
2022-01-03,AU,Sydney,pm25,150,1.0,50.0,16.0,787.42
2022-01-03,AU,Newcastle,pm25,136,1.0,58.0,17.0,867.41
2022-01-03,AU,Launceston,pm25,59,5.0,13.0,9.0,66.67
2022-01-03,AU,Hobart,pm25,36,5.0,13.0,9.0,69.59
2022-01-03,AU,Darwin,pm25,64,1.0,43.0,13.0,925.53
2022-01-03,AU,Melbourne,pm25,186,1.0,53.0,22.0,720.14
2022-01-03,AU,Canberra,pm25,67,3.0,87.0,34.0,3038.01
2022-01-03,AU,Adelaide,pm25,96,2.0,40.0,21.0,626.21
2022-01-03,AU,Brisbane,pm25,189,1.0,53.0,16.0,421.05
2022-01-03,AU,Perth,pm25,89,2.0,21.0,10.0,242.95
2022-01-03,AU,Wollongong,pm25,57,1.0,46.0,15.0,1299.65
2022-01-03,CI,Abidjan,pm25,23,70.0,168.0,117.0,11461.7
2022-01-03,GH,Accra,pm25,24,82.0,132.0,102.0,1684.76
2022-01-03,IQ,Baghdad,pm25,24,102.0,172.0,144.0,3519.06
2022-01-03,IS,Reykjavík,pm25,119,3.0,163.0,17.0,3125.39
2022-01-03,KG,Bishkek,pm25,24,9.0,151.0,63.0,17841.7
2022-01-03,NL,Utrecht,pm25,48,13.0,60.0,36.0,1330.57
2022-01-03,NL,Nijmegen,pm25,48,7.0,58.0,24.0,1329.14
2022-01-03,NL,Haarlem,pm25,135,2.0,75.0,38.0,2548.73
2022-01-03,NL,Eindhoven,pm25,24,30.0,61.0,46.0,689.28
2022-01-03,NL,Rotterdam,pm25,192,13.0,61.0,40.0,1753.53
2022-01-03,NL,Amsterdam,pm25,260,3.0,59.0,33.0,1348.28
2022-01-03,NL,Dordrecht,pm25,24,17.0,61.0,38.0,1082.54
2022-01-03,NL,Breda,pm25,48,1.0,54.0,30.0,1732.7
2022-01-03,NL,Groningen,pm25,44,1.0,40.0,22.0,1050.63
2022-01-03,NL,Maastricht,pm25,95,5.0,42.0,17.0,778.39
2022-01-03,NL,The Hague,pm25,72,10.0,60.0,36.0,1912.32
2022-01-03,PT,Lisbon,pm25,42,15.0,63.0,40.0,1956.17
2022-01-03,PT,Funchal,pm25,50,1.0,66.0,12.0,2864.33
2022-01-03,CA,Hamilton,pm25,86,5.0,57.0,21.0,1732.79
2022-01-03,CA,Calgary,pm25,92,18.0,81.0,37.0,1978.58
2022-01-03,CA,Winnipeg,pm25,24,28.0,40.0,36.0,133.02
2022-01-03,CA,Halifax,pm25,44,4.0,18.0,13.0,223.91
2022-01-03,CA,Kitchener,pm25,42,9.0,34.0,21.0,472.33
2022-01-03,CA,Edmonton,pm25,113,2.0,50.0,15.0,633.4
2022-01-03,CA,Mississauga,pm25,70,9.0,65.0,17.0,1390.43
2022-01-03,CA,Québec,pm25,153,12.0,109.0,22.0,3951.28
2022-01-03,CA,Vancouver,pm25,23,4.0,15.0,8.0,93.12
2022-01-03,CA,Victoria,pm25,41,5.0,61.0,17.0,2212.3
2022-01-03,CA,Montréal,pm25,393,3.0,84.0,25.0,3471.27
2022-01-03,CA,Toronto,pm25,112,5.0,50.0,13.0,1458.42
2022-01-03,CA,Ottawa,pm25,56,13.0,72.0,27.0,2509.79
2022-01-03,CA,London,pm25,26,5.0,17.0,9.0,106.34
2022-01-03,US,Oklahoma City,pm25,96,9.0,49.0,28.0,749.83
2022-01-03,US,Raleigh,pm25,56,1.0,34.0,9.0,562.7
2022-01-03,US,Memphis,pm25,72,13.0,46.0,25.0,662.77
2022-01-03,US,Jackson,pm25,67,1.0,35.0,14.0,711.48
2022-01-03,US,Boston,pm25,110,5.0,42.0,17.0,507.31
2022-01-03,US,Richmond,pm25,85,2.0,30.0,15.0,771.95
2022-01-03,US,Portland,pm25,158,5.0,40.0,8.0,289.99
2022-01-03,US,Boise,pm25,67,5.0,82.0,38.0,3626.21
2022-01-03,US,Austin,pm25,40,5.0,61.0,30.0,2609.51
2022-01-03,US,Honolulu,pm25,57,5.0,70.0,21.0,1993.1
2022-01-03,US,Fresno,pm25,46,20.0,142.0,58.0,5974.03
2022-01-03,US,Milwaukee,pm25,144,26.0,79.0,50.0,1005.29
2022-01-03,US,Hartford,pm25,46,11.0,28.0,16.0,74.4
2022-01-03,US,Washington D.C.,pm25,73,5.0,61.0,20.0,1280.84
2022-01-03,US,Chicago,pm25,223,8.0,79.0,39.0,1156.41
2022-01-03,US,Houston,pm25,48,3.0,81.0,15.0,3463.67
2022-01-03,US,Indianapolis,pm25,141,1.0,68.0,29.0,2133.55
2022-01-03,US,Atlanta,pm25,23,1.0,33.0,24.0,1182.02
2022-01-03,US,Charlotte,pm25,35,5.0,34.0,13.0,794.34
2022-01-03,US,Sacramento,pm25,60,7.0,158.0,49.0,10328.6
2022-01-03,US,Oakland,pm25,107,5.0,78.0,25.0,3927.41
2022-01-03,US,Providence,pm25,38,5.0,30.0,17.0,598.64
2022-01-03,US,Staten Island,pm25,109,2.0,49.0,23.0,1313.72
2022-01-03,US,Brooklyn,pm25,141,1.0,47.0,27.0,1666.79
2022-01-03,US,Springfield,pm25,68,8.0,65.0,38.0,2502.46
2022-01-03,US,The Bronx,pm25,48,10.0,45.0,33.0,1112.91
2022-01-03,US,San Jose,pm25,91,5.0,61.0,25.0,2089.61
2022-01-03,US,Los Angeles,pm25,72,7.0,90.0,50.0,3753.49
2022-01-03,US,Little Rock,pm25,23,1.0,46.0,20.0,1006.28
2022-01-03,US,Baltimore,pm25,55,5.0,46.0,17.0,468.14
2022-01-03,US,Phoenix,pm25,183,2.0,153.0,36.0,12380.6
2022-01-03,US,Omaha,pm25,48,30.0,76.0,53.0,1238.44
2022-01-03,US,El Paso,pm25,150,5.0,161.0,21.0,6798.7
2022-01-03,US,Dallas,pm25,24,5.0,111.0,25.0,5878.68
2022-01-03,US,Seattle,pm25,250,1.0,55.0,16.0,950.54
2022-01-03,US,Manhattan,pm25,70,1.0,48.0,28.0,1926.84
2022-01-03,US,Miami,pm25,91,15.0,46.0,26.0,587.75
2022-01-03,US,Jacksonville,pm25,143,1.0,96.0,24.0,3051.36
2022-01-03,US,San Antonio,pm25,65,2.0,72.0,27.0,3577.25
2022-01-03,US,Philadelphia,pm25,79,5.0,35.0,15.0,240.9
2022-01-03,US,San Diego,pm25,24,7.0,82.0,51.0,5469.11
2022-01-03,US,Columbus,pm25,48,8.0,61.0,21.0,1505.04
2022-01-03,US,Saint Paul,pm25,121,5.0,76.0,50.0,3469.26
2022-01-03,US,Denver,pm25,153,5.0,122.0,38.0,7274.62
2022-01-03,US,Salt Lake City,pm25,216,4.0,107.0,57.0,4361.48
2022-01-03,US,Albuquerque,pm25,72,9.0,110.0,28.0,5312.61
2022-01-03,US,San Francisco,pm25,58,5.0,68.0,17.0,2877.7
2022-01-03,US,Salem,pm25,72,4.0,11.0,5.0,17.84
2022-01-03,US,Madison,pm25,48,28.0,53.0,40.0,413.58
2022-01-03,US,Nashville,pm25,90,5.0,53.0,21.0,953.33
2022-01-03,US,Tucson,pm25,135,5.0,156.0,25.0,6015.97
2022-01-03,US,Queens,pm25,120,9.0,117.0,38.0,10858.9
2022-01-03,US,Tallahassee,pm25,68,3.0,47.0,19.0,1054.37
2022-01-03,US,Fort Worth,pm25,19,5.0,57.0,17.0,2376.08
2022-01-03,RS,Novi Sad,pm25,48,55.0,184.0,114.0,13444.8
2022-01-03,RS,Niš,pm25,24,98.0,187.0,153.0,8443.48
2022-01-03,RS,Belgrade,pm25,119,62.0,189.0,139.0,8707.14
2022-01-03,CY,Nicosia,pm25,24,12.0,86.0,49.0,3510.71
2022-01-03,CY,Limassol,pm25,24,13.0,78.0,40.0,4600.42
2022-01-03,HR,Zagreb,pm25,24,47.0,155.0,73.0,12437.4
2022-01-03,HR,Rijeka,pm25,79,43.0,137.0,70.0,5562.81
2022-01-03,MK,Skopje,pm25,160,5.0,257.0,149.0,19669.7
2022-01-04,GE,Tbilisi,pm25,89,20.0,49.0,32.0,508.87
2022-01-04,HU,Győr,pm25,47,9.0,57.0,25.0,2016.39
2022-01-04,HU,Pécs,pm25,69,21.0,155.0,65.0,22889.3
2022-01-04,HU,Kecskemét,pm25,48,50.0,76.0,61.0,555.3
2022-01-04,HU,Miskolc,pm25,120,17.0,169.0,61.0,10352.2
2022-01-04,HU,Budapest,pm25,339,13.0,76.0,42.0,2168.95
2022-01-04,JP,Fukuoka,pm25,413,5.0,122.0,61.0,4194.87
2022-01-04,JP,Kanazawa,pm25,224,5.0,87.0,25.0,2093.81
2022-01-04,JP,Kumamoto,pm25,362,5.0,129.0,59.0,4777.69
2022-01-04,JP,Akita,pm25,36,5.0,63.0,30.0,2708.54
2022-01-04,JP,Kochi,pm25,24,13.0,63.0,38.0,1805.2
2022-01-04,JP,Gifu-shi,pm25,125,5.0,82.0,21.0,3110.1
2022-01-04,JP,Kyoto,pm25,545,5.0,65.0,34.0,2081.19
2022-01-04,JP,Hiroshima,pm25,271,5.0,80.0,46.0,3349.16
2022-01-04,JP,Shizuoka,pm25,216,5.0,63.0,17.0,1843.63
2022-01-04,JP,Chiba,pm25,666,5.0,95.0,30.0,3987.21
2022-01-04,JP,Sapporo,pm25,201,5.0,55.0,21.0,1121.06
2022-01-04,JP,Yokohama,pm25,459,1.0,122.0,25.0,2764.19
2022-01-04,JP,Tokyo,pm25,2346,1.0,89.0,25.0,2848.77
2022-01-04,JP,Saitama,pm25,450,5.0,65.0,21.0,2148.06
2022-01-04,JP,Naha,pm25,144,5.0,38.0,21.0,411.43
2022-01-04,JP,Nagasaki,pm25,172,5.0,91.0,53.0,4973.69
2022-01-04,JP,Toyama,pm25,147,5.0,57.0,25.0,1698.5
2022-01-04,JP,Niigata,pm25,42,5.0,5.0,5.0,0.0
2022-01-04,JP,Nara-shi,pm25,177,5.0,68.0,30.0,2589.09
2022-01-04,JP,Okayama,pm25,282,9.0,95.0,55.0,3282.37
2022-01-04,JP,Sendai,pm25,434,5.0,38.0,13.0,344.1
2022-01-04,JP,Osaka,pm25,1394,5.0,95.0,25.0,2689.39
2022-01-04,JP,Miyazaki,pm25,140,5.0,95.0,50.0,3576.28
2022-01-04,JP,Matsuyama,pm25,163,5.0,165.0,55.0,4485.38
2022-01-04,JP,Wakayama,pm25,274,5.0,76.0,50.0,3187.12
2022-01-04,JP,Takamatsu,pm25,257,5.0,76.0,50.0,2728.66
2022-01-04,JP,Nagoya,pm25,685,1.0,76.0,25.0,2601.34
2022-01-04,JP,Ōita,pm25,256,5.0,89.0,57.0,3939.07
2022-01-04,JP,Kobe,pm25,417,5.0,89.0,30.0,3208.08
2022-01-04,JP,Nagano,pm25,83,5.0,55.0,25.0,2207.59
2022-01-04,JP,Utsunomiya,pm25,335,5.0,78.0,21.0,3067.3
2022-01-04,JP,Kagoshima,pm25,95,9.0,65.0,50.0,2706.99
2022-01-04,SK,Košice,pm25,96,34.0,160.0,72.0,3166.63
2022-01-04,SK,Bratislava,pm25,96,13.0,85.0,61.0,4165.39
2022-01-04,FI,Vantaa,pm25,24,8.0,27.0,13.0,204.06
2022-01-04,FI,Turku,pm25,22,1.0,25.0,7.0,460.28
2022-01-04,FI,Helsinki,pm25,119,6.0,42.0,15.0,311.74
2022-01-04,FI,Tampere,pm25,96,5.0,35.0,14.0,368.76
2022-01-04,ET,Addis Ababa,pm25,34,38.0,104.0,65.0,2704.88
2022-01-04,CH,Zürich,pm25,17,1.0,2.0,1.0,1.1
2022-01-04,CO,Bogotá,pm25,115,21.0,134.0,68.0,3782.33
2022-01-04,CO,Medellín,pm25,185,38.0,87.0,61.0,1216.36
2022-01-04,DK,Copenhagen,pm25,24,9.0,35.0,25.0,655.92
2022-01-04,EC,Quito,pm25,191,1.0,157.0,59.0,10451.8
2022-01-04,GB,Edinburgh,pm25,243,9.0,42.0,21.0,387.37
2022-01-04,GB,Norwich,pm25,16,25.0,180.0,30.0,21789.3
2022-01-04,GB,Liverpool,pm25,40,9.0,34.0,21.0,438.95
2022-01-04,GB,Belfast,pm25,50,13.0,33.0,23.0,186.37
2022-01-04,GB,Coventry,pm25,58,17.0,40.0,25.0,237.39
2022-01-04,GB,Leeds,pm25,42,4.0,34.0,21.0,488.41
2022-01-04,GB,Cardiff,pm25,144,5.0,38.0,21.0,684.16
2022-01-04,GB,Bristol,pm25,62,5.0,38.0,21.0,781.47
2022-01-04,GB,London,pm25,412,1.0,82.0,25.0,1399.71
2022-01-04,GB,Birmingham,pm25,39,21.0,48.0,30.0,373.48
2022-01-04,GB,Sheffield,pm25,68,17.0,59.0,26.0,782.67
2022-01-04,GB,Newport,pm25,46,4.0,44.0,21.0,956.31
2022-01-04,GB,Leicester,pm25,19,21.0,36.0,29.0,275.79
2022-01-04,GB,Manchester,pm25,80,2.0,41.0,30.0,1519.47
2022-01-04,GB,Reading,pm25,48,5.0,50.0,21.0,1712.87
2022-01-04,GB,Plymouth,pm25,31,5.0,47.0,34.0,2207.85
2022-01-04,GB,Glasgow,pm25,381,9.0,38.0,25.0,317.19
2022-01-04,GB,Preston,pm25,47,4.0,38.0,27.0,625.54
2022-01-04,GB,Swansea,pm25,137,5.0,63.0,25.0,1804.63
2022-01-04,GB,Southend-on-Sea,pm25,35,6.0,38.0,30.0,732.52
2022-01-04,ID,Jakarta,pm25,48,53.0,171.0,95.0,7884.53
2022-01-04,ML,Bamako,pm25,10,122.0,202.0,151.0,7089.33
2022-01-04,NP,Kathmandu,pm25,96,59.0,235.0,154.0,16622.9
2022-01-04,NP,Pokhara,pm25,29,65.0,231.0,195.0,37813.9
2022-01-04,NP,Biratnagar,pm25,48,57.0,87.0,69.0,561.42
2022-01-04,AU,Sydney,pm25,160,1.0,51.0,17.0,939.65
2022-01-04,AU,Newcastle,pm25,139,3.0,49.0,19.0,1108.63
2022-01-04,AU,Launceston,pm25,77,5.0,13.0,5.0,52.99
2022-01-04,AU,Hobart,pm25,38,5.0,13.0,9.0,75.11
2022-01-04,AU,Darwin,pm25,66,1.0,33.0,14.0,429.09
2022-01-04,AU,Melbourne,pm25,188,5.0,59.0,32.0,1297.96
2022-01-04,AU,Canberra,pm25,57,1.0,58.0,18.0,1992.12
2022-01-04,AU,Adelaide,pm25,95,2.0,42.0,17.0,712.69
2022-01-04,AU,Brisbane,pm25,196,1.0,67.0,11.0,463.91
2022-01-04,AU,Perth,pm25,88,3.0,20.0,8.0,181.23
2022-01-04,AU,Wollongong,pm25,44,4.0,30.0,19.0,610.44
2022-01-04,CI,Abidjan,pm25,24,85.0,167.0,129.0,6979.71
2022-01-04,GH,Accra,pm25,24,78.0,137.0,97.0,2068.68
2022-01-04,IQ,Baghdad,pm25,24,134.0,233.0,172.0,7616.5
2022-01-04,IS,Reykjavík,pm25,119,5.0,55.0,15.0,925.36
2022-01-04,KG,Bishkek,pm25,24,30.0,139.0,53.0,6879.71
2022-01-04,NL,Utrecht,pm25,48,13.0,54.0,33.0,1377.76
2022-01-04,NL,Nijmegen,pm25,48,3.0,56.0,26.0,1726.91
2022-01-04,NL,Haarlem,pm25,137,1.0,60.0,23.0,1613.67
2022-01-04,NL,Eindhoven,pm25,24,15.0,56.0,31.0,1105.14
2022-01-04,NL,Rotterdam,pm25,191,11.0,51.0,27.0,1197.31
2022-01-04,NL,Amsterdam,pm25,260,2.0,48.0,23.0,987.52
2022-01-04,NL,Dordrecht,pm25,22,13.0,59.0,42.0,2113.25
2022-01-04,NL,Breda,pm25,40,6.0,105.0,20.0,2849.33
2022-01-04,NL,Groningen,pm25,43,1.0,49.0,16.0,1421.47
2022-01-04,NL,Maastricht,pm25,88,5.0,42.0,13.0,759.35
2022-01-04,NL,The Hague,pm25,71,2.0,46.0,20.0,1308.25
2022-01-04,PT,Lisbon,pm25,33,12.0,52.0,31.0,1224.68
2022-01-04,PT,Funchal,pm25,59,1.0,63.0,25.0,1986.33
2022-01-04,CA,Hamilton,pm25,91,21.0,76.0,42.0,1043.4
2022-01-04,CA,Calgary,pm25,92,1.0,60.0,12.0,615.66
2022-01-04,CA,Winnipeg,pm25,24,8.0,27.0,16.0,287.75
2022-01-04,CA,Halifax,pm25,46,8.0,19.0,14.0,66.96
2022-01-04,CA,Kitchener,pm25,46,25.0,65.0,46.0,1342.96
2022-01-04,CA,Edmonton,pm25,112,1.0,41.0,16.0,746.76
2022-01-04,CA,Mississauga,pm25,71,21.0,63.0,42.0,978.64
2022-01-04,CA,Québec,pm25,181,12.0,122.0,47.0,4183.67
2022-01-04,CA,Vancouver,pm25,22,7.0,22.0,10.0,173.07
2022-01-04,CA,Victoria,pm25,46,5.0,76.0,21.0,2719.54
2022-01-04,CA,Montréal,pm25,420,15.0,92.0,38.0,1563.7
2022-01-04,CA,Toronto,pm25,143,13.0,72.0,42.0,2394.42
2022-01-04,CA,Ottawa,pm25,69,22.0,66.0,49.0,1954.56
2022-01-04,CA,London,pm25,46,9.0,46.0,21.0,1262.96
2022-01-04,US,Oklahoma City,pm25,96,12.0,59.0,23.0,632.1
2022-01-04,US,Raleigh,pm25,71,5.0,38.0,21.0,697.85
2022-01-04,US,Memphis,pm25,71,6.0,55.0,33.0,1071.41
2022-01-04,US,Jackson,pm25,71,1.0,58.0,24.0,2276.71
2022-01-04,US,Boston,pm25,117,5.0,46.0,21.0,1042.53
2022-01-04,US,Richmond,pm25,72,29.0,55.0,40.0,441.95
2022-01-04,US,Portland,pm25,167,5.0,36.0,10.0,346.44
2022-01-04,US,Boise,pm25,93,5.0,74.0,25.0,3662.5
2022-01-04,US,Austin,pm25,45,5.0,59.0,25.0,2237.45
2022-01-04,US,Honolulu,pm25,48,5.0,42.0,13.0,992.55
2022-01-04,US,Fresno,pm25,48,32.0,106.0,54.0,3625.94
2022-01-04,US,Milwaukee,pm25,144,29.0,71.0,52.0,436.62
2022-01-04,US,Hartford,pm25,47,13.0,49.0,21.0,839.45
2022-01-04,US,Washington D.C.,pm25,54,25.0,147.0,42.0,2740.28
2022-01-04,US,Chicago,pm25,238,4.0,60.0,43.0,1275.79
2022-01-04,US,Houston,pm25,48,8.0,92.0,40.0,5123.4
2022-01-04,US,Indianapolis,pm25,144,10.0,75.0,48.0,2036.11
2022-01-04,US,Atlanta,pm25,23,17.0,40.0,24.0,565.65
2022-01-04,US,Charlotte,pm25,47,13.0,55.0,30.0,1007.08
2022-01-04,US,Sacramento,pm25,45,5.0,61.0,25.0,2053.71
2022-01-04,US,Oakland,pm25,110,5.0,42.0,17.0,491.7
2022-01-04,US,Providence,pm25,41,5.0,38.0,17.0,509.44
2022-01-04,US,Staten Island,pm25,110,5.0,51.0,30.0,1137.86
2022-01-04,US,Brooklyn,pm25,139,4.0,119.0,36.0,7301.81
2022-01-04,US,Springfield,pm25,72,13.0,55.0,35.0,930.4
2022-01-04,US,The Bronx,pm25,48,4.0,65.0,39.0,1510.57
2022-01-04,US,San Jose,pm25,85,5.0,53.0,17.0,1242.24
2022-01-04,US,Los Angeles,pm25,72,30.0,86.0,61.0,1356.05
2022-01-04,US,Little Rock,pm25,20,4.0,47.0,32.0,1448.71
2022-01-04,US,Baltimore,pm25,48,13.0,57.0,30.0,1868.92
2022-01-04,US,Phoenix,pm25,188,2.0,130.0,49.0,7193.93
2022-01-04,US,Omaha,pm25,46,9.0,76.0,30.0,2021.14
2022-01-04,US,El Paso,pm25,121,3.0,76.0,24.0,2931.0
2022-01-04,US,Dallas,pm25,13,15.0,29.0,20.0,224.74
2022-01-04,US,Seattle,pm25,261,2.0,70.0,17.0,1166.19
2022-01-04,US,Manhattan,pm25,69,1.0,59.0,35.0,1954.36
2022-01-04,US,Miami,pm25,94,10.0,30.0,19.0,305.99
2022-01-04,US,Jacksonville,pm25,141,12.0,61.0,28.0,947.65
2022-01-04,US,San Antonio,pm25,68,1.0,85.0,21.0,2721.04
2022-01-04,US,Philadelphia,pm25,52,1.0,53.0,22.0,1201.52
2022-01-04,US,San Diego,pm25,24,10.0,139.0,51.0,6715.05
2022-01-04,US,Columbus,pm25,37,3.0,52.0,31.0,1119.17
2022-01-04,US,Saint Paul,pm25,139,5.0,82.0,53.0,2367.0
2022-01-04,US,Denver,pm25,141,5.0,68.0,17.0,2504.82
2022-01-04,US,Salt Lake City,pm25,216,1.0,58.0,18.0,1834.97
2022-01-04,US,Albuquerque,pm25,72,5.0,92.0,33.0,6668.63
2022-01-04,US,San Francisco,pm25,64,5.0,68.0,13.0,1300.63
2022-01-04,US,Salem,pm25,72,5.0,10.0,7.0,19.37
2022-01-04,US,Madison,pm25,48,38.0,52.0,44.0,203.72
2022-01-04,US,Nashville,pm25,85,9.0,59.0,31.0,1364.4
2022-01-04,US,Tucson,pm25,155,5.0,85.0,25.0,2679.7
2022-01-04,US,Queens,pm25,120,23.0,119.0,42.0,8305.84
2022-01-04,US,Tallahassee,pm25,70,14.0,56.0,27.0,639.89
2022-01-04,US,Fort Worth,pm25,21,5.0,38.0,17.0,760.48
2022-01-04,RS,Novi Sad,pm25,48,27.0,156.0,67.0,12677.4
2022-01-04,RS,Niš,pm25,24,55.0,166.0,149.0,21352.1
2022-01-04,RS,Belgrade,pm25,102,38.0,176.0,117.0,16708.0
2022-01-04,CY,Nicosia,pm25,24,28.0,151.0,68.0,9130.71
2022-01-04,CY,Limassol,pm25,24,25.0,80.0,43.0,2023.03
2022-01-04,HR,Zagreb,pm25,24,30.0,98.0,52.0,4616.07
2022-01-04,HR,Rijeka,pm25,60,30.0,92.0,52.0,2312.36
2022-01-04,MK,Skopje,pm25,168,58.0,248.0,157.0,13618.0
2022-01-05,GE,Tbilisi,pm25,96,16.0,54.0,35.0,1066.17
2022-01-05,HU,Győr,pm25,45,5.0,46.0,21.0,687.04
2022-01-05,HU,Pécs,pm25,64,5.0,68.0,25.0,4324.43
2022-01-05,HU,Kecskemét,pm25,48,13.0,59.0,42.0,2178.65
2022-01-05,HU,Miskolc,pm25,118,13.0,161.0,46.0,18817.9
2022-01-05,HU,Budapest,pm25,351,9.0,57.0,25.0,1425.57
2022-01-05,JP,Fukuoka,pm25,411,5.0,142.0,50.0,4522.67
2022-01-05,JP,Kanazawa,pm25,205,5.0,72.0,21.0,1620.42
2022-01-05,JP,Kumamoto,pm25,382,17.0,147.0,70.0,2325.18
2022-01-05,JP,Akita,pm25,35,5.0,63.0,21.0,2791.18
2022-01-05,JP,Kochi,pm25,32,5.0,46.0,25.0,872.73
2022-01-05,JP,Gifu-shi,pm25,124,5.0,82.0,17.0,2494.57
2022-01-05,JP,Kyoto,pm25,525,5.0,59.0,21.0,984.8
2022-01-05,JP,Hiroshima,pm25,239,5.0,57.0,25.0,1774.29
2022-01-05,JP,Shizuoka,pm25,190,5.0,61.0,17.0,1239.97
2022-01-05,JP,Chiba,pm25,618,5.0,99.0,13.0,1661.61
2022-01-05,JP,Sapporo,pm25,185,5.0,76.0,21.0,1752.22
2022-01-05,JP,Yokohama,pm25,401,1.0,63.0,13.0,1137.24
2022-01-05,JP,Tokyo,pm25,2212,1.0,109.0,13.0,692.02
2022-01-05,JP,Saitama,pm25,449,5.0,53.0,13.0,633.16
2022-01-05,JP,Naha,pm25,134,9.0,59.0,34.0,1032.43
2022-01-05,JP,Nagasaki,pm25,184,9.0,99.0,53.0,4833.65
2022-01-05,JP,Toyama,pm25,156,5.0,59.0,21.0,1217.72
2022-01-05,JP,Niigata,pm25,50,5.0,5.0,5.0,0.0
2022-01-05,JP,Nara-shi,pm25,168,5.0,42.0,17.0,810.18
2022-01-05,JP,Okayama,pm25,275,5.0,61.0,25.0,2040.92
2022-01-05,JP,Sendai,pm25,399,5.0,59.0,9.0,565.46
2022-01-05,JP,Osaka,pm25,1301,5.0,99.0,17.0,932.23
2022-01-05,JP,Miyazaki,pm25,141,5.0,80.0,53.0,1791.21
2022-01-05,JP,Matsuyama,pm25,145,5.0,76.0,34.0,2180.61
2022-01-05,JP,Wakayama,pm25,261,5.0,55.0,17.0,840.84
2022-01-05,JP,Takamatsu,pm25,236,5.0,61.0,21.0,1748.58
2022-01-05,JP,Nagoya,pm25,645,5.0,59.0,13.0,796.38
2022-01-05,JP,Ōita,pm25,236,5.0,78.0,34.0,3780.89
2022-01-05,JP,Kobe,pm25,393,5.0,53.0,17.0,748.26
2022-01-05,JP,Nagano,pm25,85,5.0,50.0,13.0,816.31
2022-01-05,JP,Utsunomiya,pm25,281,5.0,68.0,21.0,3257.16
2022-01-05,JP,Kagoshima,pm25,95,38.0,85.0,59.0,776.22
2022-01-05,SK,Košice,pm25,96,30.0,174.0,55.0,6811.08
2022-01-05,SK,Bratislava,pm25,76,5.0,42.0,17.0,641.99
2022-01-05,FI,Vantaa,pm25,24,9.0,35.0,13.0,526.67
2022-01-05,FI,Turku,pm25,24,5.0,21.0,10.0,286.88
2022-01-05,FI,Helsinki,pm25,119,5.0,152.0,15.0,3571.18
2022-01-05,FI,Tampere,pm25,96,6.0,54.0,13.0,684.35
2022-01-05,ET,Addis Ababa,pm25,48,30.0,117.0,59.0,2816.58
2022-01-05,CH,Zürich,pm25,15,1.0,3.0,1.0,3.14
2022-01-05,CO,Bogotá,pm25,229,21.0,144.0,68.0,5979.71
2022-01-05,CO,Medellín,pm25,237,50.0,85.0,63.0,524.58
2022-01-05,DK,Copenhagen,pm25,24,17.0,34.0,27.0,313.84
2022-01-05,EC,Quito,pm25,65,1.0,96.0,32.0,3732.77
2022-01-05,GB,Edinburgh,pm25,257,5.0,65.0,21.0,1873.0
2022-01-05,GB,Norwich,pm25,21,25.0,53.0,35.0,1362.9
2022-01-05,GB,Liverpool,pm25,44,5.0,75.0,25.0,2322.43
2022-01-05,GB,Belfast,pm25,52,15.0,77.0,25.0,2091.87
2022-01-05,GB,Coventry,pm25,71,14.0,62.0,23.0,1759.14
2022-01-05,GB,Leeds,pm25,35,17.0,53.0,25.0,924.34
2022-01-05,GB,Cardiff,pm25,140,9.0,57.0,30.0,1585.74
2022-01-05,GB,Bristol,pm25,60,13.0,95.0,21.0,2052.23
2022-01-05,GB,London,pm25,419,3.0,107.0,30.0,2138.71
2022-01-05,GB,Birmingham,pm25,46,19.0,62.0,32.0,1551.48
2022-01-05,GB,Sheffield,pm25,72,19.0,56.0,25.0,763.05
2022-01-05,GB,Newport,pm25,47,16.0,97.0,24.0,4805.2
2022-01-05,GB,Leicester,pm25,23,17.0,71.0,27.0,1857.83
2022-01-05,GB,Manchester,pm25,77,22.0,77.0,33.0,1442.27
2022-01-05,GB,Reading,pm25,48,13.0,53.0,25.0,1373.61
2022-01-05,GB,Plymouth,pm25,37,5.0,82.0,27.0,4617.51
2022-01-05,GB,Glasgow,pm25,417,9.0,107.0,25.0,2479.33
2022-01-05,GB,Preston,pm25,40,18.0,141.0,29.0,6463.43
2022-01-05,GB,Swansea,pm25,144,9.0,72.0,30.0,2283.92
2022-01-05,GB,Southend-on-Sea,pm25,44,15.0,37.0,24.0,325.94
2022-01-05,ID,Jakarta,pm25,43,78.0,218.0,154.0,9636.81
2022-01-05,ML,Bamako,pm25,12,124.0,221.0,152.0,11330.6
2022-01-05,NP,Kathmandu,pm25,96,65.0,208.0,153.0,12386.1
2022-01-05,NP,Pokhara,pm25,30,67.0,230.0,221.0,37074.0
2022-01-05,NP,Biratnagar,pm25,48,67.0,143.0,89.0,4549.77
2022-01-05,AU,Sydney,pm25,151,1.0,63.0,12.0,1207.58
2022-01-05,AU,Newcastle,pm25,130,1.0,68.0,26.0,2150.11
2022-01-05,AU,Launceston,pm25,44,5.0,9.0,5.0,30.7
2022-01-05,AU,Hobart,pm25,32,5.0,13.0,5.0,71.61
2022-01-05,AU,Darwin,pm25,65,1.0,39.0,14.0,462.79
2022-01-05,AU,Melbourne,pm25,179,1.0,70.0,23.0,1381.28
2022-01-05,AU,Canberra,pm25,63,1.0,55.0,15.0,1519.82
2022-01-05,AU,Adelaide,pm25,91,5.0,76.0,21.0,1670.77
2022-01-05,AU,Brisbane,pm25,194,1.0,46.0,15.0,1211.87
2022-01-05,AU,Perth,pm25,91,3.0,14.0,7.0,62.3
2022-01-05,AU,Wollongong,pm25,42,1.0,65.0,15.0,1689.06
2022-01-05,CI,Abidjan,pm25,24,78.0,155.0,97.0,4146.07
2022-01-05,GH,Accra,pm25,23,102.0,161.0,127.0,4654.98
2022-01-05,IQ,Baghdad,pm25,24,89.0,245.0,171.0,15294.8
2022-01-05,IS,Reykjavík,pm25,113,4.0,227.0,21.0,10203.3
2022-01-05,KG,Bishkek,pm25,24,25.0,157.0,78.0,8169.78
2022-01-05,NL,Utrecht,pm25,48,1.0,51.0,35.0,1421.7
2022-01-05,NL,Nijmegen,pm25,45,2.0,47.0,27.0,1167.04
2022-01-05,NL,Haarlem,pm25,144,8.0,72.0,43.0,1703.03
2022-01-05,NL,Eindhoven,pm25,24,2.0,54.0,31.0,1785.2
2022-01-05,NL,Rotterdam,pm25,191,10.0,99.0,31.0,783.58
2022-01-05,NL,Amsterdam,pm25,261,1.0,71.0,30.0,1285.91
2022-01-05,NL,Dordrecht,pm25,24,17.0,50.0,34.0,714.49
2022-01-05,NL,Breda,pm25,24,11.0,52.0,28.0,1219.13
2022-01-05,NL,Groningen,pm25,45,1.0,42.0,19.0,1056.74
2022-01-05,NL,Maastricht,pm25,94,5.0,72.0,34.0,1503.74
2022-01-05,NL,The Hague,pm25,71,1.0,48.0,33.0,1223.78
2022-01-05,PT,Lisbon,pm25,21,13.0,32.0,22.0,211.14
2022-01-05,PT,Funchal,pm25,48,1.0,29.0,6.0,767.09
2022-01-05,CA,Hamilton,pm25,82,9.0,65.0,38.0,2671.12
2022-01-05,CA,Calgary,pm25,90,1.0,52.0,19.0,1605.66
2022-01-05,CA,Winnipeg,pm25,24,8.0,16.0,11.0,54.33
2022-01-05,CA,Halifax,pm25,46,9.0,38.0,19.0,835.65
2022-01-05,CA,Kitchener,pm25,45,13.0,59.0,38.0,2097.56
2022-01-05,CA,Edmonton,pm25,135,6.0,47.0,21.0,680.99
2022-01-05,CA,Mississauga,pm25,66,13.0,65.0,34.0,2144.33
2022-01-05,CA,Québec,pm25,175,9.0,117.0,54.0,6045.9
2022-01-05,CA,Vancouver,pm25,23,11.0,20.0,16.0,63.0
2022-01-05,CA,Victoria,pm25,46,9.0,42.0,17.0,514.86
2022-01-05,CA,Montréal,pm25,436,24.0,101.0,54.0,4930.43
2022-01-05,CA,Toronto,pm25,131,9.0,78.0,30.0,3482.32
2022-01-05,CA,Ottawa,pm25,70,46.0,72.0,63.0,483.32
2022-01-05,CA,London,pm25,43,9.0,68.0,30.0,2235.64
2022-01-05,US,Oklahoma City,pm25,96,11.0,52.0,25.0,696.84
2022-01-05,US,Raleigh,pm25,72,17.0,55.0,34.0,1020.0
2022-01-05,US,Memphis,pm25,72,12.0,58.0,33.0,2047.79
2022-01-05,US,Jackson,pm25,70,2.0,82.0,28.0,3851.76
2022-01-05,US,Boston,pm25,130,5.0,61.0,30.0,1064.96
2022-01-05,US,Richmond,pm25,84,28.0,52.0,41.0,384.58
2022-01-05,US,Portland,pm25,164,6.0,53.0,20.0,1348.41
2022-01-05,US,Boise,pm25,86,5.0,53.0,25.0,922.32
2022-01-05,US,Austin,pm25,40,5.0,70.0,30.0,2855.89
2022-01-05,US,Honolulu,pm25,49,5.0,63.0,17.0,1403.98
2022-01-05,US,Fresno,pm25,48,46.0,94.0,63.0,988.23
2022-01-05,US,Milwaukee,pm25,144,5.0,90.0,41.0,2762.75
2022-01-05,US,Hartford,pm25,48,35.0,67.0,48.0,910.53
2022-01-05,US,Washington D.C.,pm25,96,13.0,87.0,42.0,1455.55
2022-01-05,US,Chicago,pm25,239,8.0,91.0,36.0,2944.75
2022-01-05,US,Houston,pm25,43,8.0,62.0,30.0,1764.87
2022-01-05,US,Indianapolis,pm25,144,8.0,100.0,36.0,2928.41
2022-01-05,US,Atlanta,pm25,23,26.0,53.0,34.0,559.92
2022-01-05,US,Charlotte,pm25,47,5.0,59.0,30.0,1275.31
2022-01-05,US,Sacramento,pm25,48,9.0,46.0,25.0,813.29
2022-01-05,US,Oakland,pm25,117,5.0,38.0,21.0,719.46
2022-01-05,US,Providence,pm25,36,5.0,53.0,21.0,1834.92
2022-01-05,US,Staten Island,pm25,120,13.0,58.0,34.0,1117.51
2022-01-05,US,Brooklyn,pm25,143,12.0,118.0,39.0,9710.87
2022-01-05,US,Springfield,pm25,72,9.0,85.0,38.0,2808.82
2022-01-05,US,The Bronx,pm25,46,19.0,57.0,32.0,1148.41
2022-01-05,US,San Jose,pm25,84,5.0,61.0,21.0,1342.24
2022-01-05,US,Los Angeles,pm25,72,57.0,119.0,78.0,1664.22
2022-01-05,US,Little Rock,pm25,22,6.0,52.0,30.0,2121.56
2022-01-05,US,Baltimore,pm25,48,17.0,65.0,41.0,1429.5
2022-01-05,US,Phoenix,pm25,191,9.0,141.0,56.0,6677.43
2022-01-05,US,Omaha,pm25,48,9.0,61.0,30.0,2069.43
2022-01-05,US,El Paso,pm25,142,5.0,78.0,20.0,3550.85
2022-01-05,US,Dallas,pm25,9,11.0,35.0,27.0,480.28
2022-01-05,US,Seattle,pm25,255,5.0,54.0,21.0,1117.73
2022-01-05,US,Manhattan,pm25,72,18.0,77.0,38.0,1386.81
2022-01-05,US,Miami,pm25,94,13.0,39.0,22.0,261.86
2022-01-05,US,Jacksonville,pm25,142,9.0,78.0,25.0,1332.53
2022-01-05,US,San Antonio,pm25,70,2.0,101.0,34.0,4760.18
2022-01-05,US,Philadelphia,pm25,47,2.0,53.0,34.0,1832.81
2022-01-05,US,San Diego,pm25,22,23.0,162.0,74.0,16754.0
2022-01-05,US,Columbus,pm25,35,18.0,58.0,36.0,1649.29
2022-01-05,US,Saint Paul,pm25,139,5.0,72.0,17.0,2050.88
2022-01-05,US,Denver,pm25,147,5.0,107.0,30.0,3349.5
2022-01-05,US,Salt Lake City,pm25,216,3.0,62.0,18.0,2296.28
2022-01-05,US,Albuquerque,pm25,72,3.0,113.0,23.0,6110.37
2022-01-05,US,San Francisco,pm25,64,5.0,55.0,21.0,1172.1
2022-01-05,US,Salem,pm25,72,5.0,59.0,10.0,1741.74
2022-01-05,US,Madison,pm25,48,14.0,72.0,23.0,3099.64
2022-01-05,US,Nashville,pm25,92,9.0,93.0,38.0,2359.64
2022-01-05,US,Tucson,pm25,155,5.0,72.0,25.0,3077.38
2022-01-05,US,Queens,pm25,117,18.0,118.0,41.0,10752.1
2022-01-05,US,Tallahassee,pm25,72,5.0,173.0,35.0,7083.37
2022-01-05,US,Fort Worth,pm25,21,5.0,42.0,17.0,972.33
2022-01-05,RS,Novi Sad,pm25,48,23.0,70.0,42.0,1467.8
2022-01-05,RS,Niš,pm25,24,42.0,153.0,66.0,10609.5
2022-01-05,RS,Belgrade,pm25,107,25.0,154.0,52.0,5899.83
2022-01-05,CY,Nicosia,pm25,24,3.0,140.0,54.0,10557.6
2022-01-05,CY,Limassol,pm25,24,15.0,147.0,44.0,9809.28
2022-01-05,HR,Zagreb,pm25,24,11.0,60.0,25.0,1127.66
2022-01-05,HR,Rijeka,pm25,78,1.0,59.0,42.0,2425.55
2022-01-05,MK,Skopje,pm25,168,67.0,305.0,161.0,19653.9
2022-01-06,GE,Tbilisi,pm25,96,26.0,100.0,56.0,2071.68
2022-01-06,HU,Győr,pm25,46,5.0,65.0,25.0,2269.96
2022-01-06,HU,Pécs,pm25,66,9.0,65.0,34.0,2970.82
2022-01-06,HU,Kecskemét,pm25,36,17.0,34.0,25.0,184.54
2022-01-06,HU,Miskolc,pm25,107,9.0,95.0,34.0,2770.14
2022-01-06,HU,Budapest,pm25,296,5.0,38.0,21.0,249.15
2022-01-06,JP,Fukuoka,pm25,390,5.0,95.0,30.0,1829.61
2022-01-06,JP,Kanazawa,pm25,213,5.0,59.0,17.0,1504.02
2022-01-06,JP,Kumamoto,pm25,369,5.0,85.0,42.0,2225.94
2022-01-06,JP,Akita,pm25,39,5.0,72.0,17.0,2698.39
2022-01-06,JP,Kochi,pm25,43,5.0,38.0,13.0,772.82
2022-01-06,JP,Gifu-shi,pm25,118,5.0,76.0,25.0,2460.61
2022-01-06,JP,Kyoto,pm25,526,5.0,72.0,34.0,2268.25
2022-01-06,JP,Hiroshima,pm25,264,5.0,68.0,21.0,1467.13
2022-01-06,JP,Shizuoka,pm25,244,5.0,65.0,21.0,1196.38
2022-01-06,JP,Chiba,pm25,781,5.0,76.0,34.0,3073.86
2022-01-06,JP,Sapporo,pm25,198,9.0,87.0,42.0,2833.31
2022-01-06,JP,Yokohama,pm25,509,1.0,76.0,25.0,2556.24
2022-01-06,JP,Tokyo,pm25,2451,1.0,87.0,38.0,3477.83
2022-01-06,JP,Saitama,pm25,498,5.0,134.0,46.0,3704.15
2022-01-06,JP,Naha,pm25,131,5.0,42.0,21.0,841.2
2022-01-06,JP,Nagasaki,pm25,160,5.0,63.0,25.0,1973.09
2022-01-06,JP,Toyama,pm25,149,5.0,109.0,25.0,2447.59
2022-01-06,JP,Niigata,pm25,58,5.0,5.0,5.0,0.0
2022-01-06,JP,Nara-shi,pm25,182,5.0,57.0,30.0,1619.09
2022-01-06,JP,Okayama,pm25,273,5.0,93.0,30.0,3614.56
2022-01-06,JP,Sendai,pm25,403,5.0,76.0,17.0,1492.17
2022-01-06,JP,Osaka,pm25,1419,5.0,80.0,30.0,2640.55
2022-01-06,JP,Miyazaki,pm25,136,5.0,107.0,42.0,3522.41
2022-01-06,JP,Matsuyama,pm25,153,5.0,68.0,30.0,1453.96
2022-01-06,JP,Wakayama,pm25,280,5.0,70.0,25.0,1345.21
2022-01-06,JP,Takamatsu,pm25,226,5.0,53.0,21.0,1305.02
2022-01-06,JP,Nagoya,pm25,743,5.0,82.0,30.0,3162.6
2022-01-06,JP,Ōita,pm25,236,5.0,63.0,25.0,1421.92
2022-01-06,JP,Kobe,pm25,420,9.0,78.0,34.0,2743.31
2022-01-06,JP,Nagano,pm25,92,5.0,68.0,34.0,1887.16
2022-01-06,JP,Utsunomiya,pm25,351,5.0,65.0,30.0,3265.47
2022-01-06,JP,Kagoshima,pm25,93,5.0,61.0,25.0,1319.76
2022-01-06,SK,Košice,pm25,92,9.0,134.0,30.0,5513.37
2022-01-06,SK,Bratislava,pm25,85,5.0,50.0,17.0,465.62
2022-01-06,FI,Vantaa,pm25,24,13.0,23.0,17.0,103.41
2022-01-06,FI,Turku,pm25,24,4.0,72.0,16.0,2483.48
2022-01-06,FI,Helsinki,pm25,120,7.0,25.0,12.0,171.83
2022-01-06,FI,Tampere,pm25,96,5.0,35.0,11.0,239.56
2022-01-06,ET,Addis Ababa,pm25,45,17.0,155.0,63.0,7436.46
2022-01-06,CH,Zürich,pm25,13,1.0,3.0,1.0,5.9
2022-01-06,CO,Bogotá,pm25,219,5.0,129.0,50.0,4443.17
2022-01-06,CO,Medellín,pm25,258,50.0,89.0,65.0,501.58
2022-01-06,DK,Copenhagen,pm25,24,20.0,51.0,35.0,766.96
2022-01-06,GB,Edinburgh,pm25,267,1.0,50.0,13.0,497.77
2022-01-06,GB,Norwich,pm25,19,28.0,59.0,39.0,819.42
2022-01-06,GB,Liverpool,pm25,28,21.0,68.0,34.0,1430.62
2022-01-06,GB,Belfast,pm25,71,11.0,60.0,34.0,1478.21
2022-01-06,GB,Coventry,pm25,50,33.0,61.0,42.0,525.96
2022-01-06,GB,Leeds,pm25,36,25.0,55.0,38.0,533.49
2022-01-06,GB,Cardiff,pm25,142,5.0,46.0,21.0,924.62
2022-01-06,GB,Bristol,pm25,60,9.0,82.0,30.0,2587.29
2022-01-06,GB,London,pm25,411,1.0,144.0,46.0,3080.95
2022-01-06,GB,Birmingham,pm25,35,27.0,61.0,42.0,731.23
2022-01-06,GB,Sheffield,pm25,70,14.0,68.0,39.0,1144.51
2022-01-06,GB,Newport,pm25,47,13.0,53.0,21.0,1143.09
2022-01-06,GB,Leicester,pm25,17,34.0,66.0,50.0,765.15
2022-01-06,GB,Manchester,pm25,86,15.0,81.0,32.0,3188.56
2022-01-06,GB,Reading,pm25,47,9.0,55.0,38.0,2807.32
2022-01-06,GB,Plymouth,pm25,38,21.0,71.0,42.0,1124.69
2022-01-06,GB,Glasgow,pm25,451,3.0,55.0,13.0,1103.39
2022-01-06,GB,Preston,pm25,41,13.0,90.0,42.0,3004.72
2022-01-06,GB,Swansea,pm25,136,5.0,142.0,38.0,4588.85
2022-01-06,GB,Southend-on-Sea,pm25,42,17.0,60.0,38.0,1648.13
2022-01-06,ID,Jakarta,pm25,37,61.0,160.0,122.0,7152.66
2022-01-06,NP,Kathmandu,pm25,82,23.0,245.0,124.0,26461.9
2022-01-06,NP,Pokhara,pm25,25,74.0,233.0,212.0,31216.7
2022-01-06,NP,Biratnagar,pm25,48,80.0,152.0,99.0,2695.32
2022-01-06,AU,Sydney,pm25,159,2.0,57.0,23.0,1243.42
2022-01-06,AU,Newcastle,pm25,139,1.0,61.0,27.0,1094.14
2022-01-06,AU,Launceston,pm25,36,5.0,9.0,5.0,8.63
2022-01-06,AU,Hobart,pm25,36,5.0,13.0,5.0,91.43
2022-01-06,AU,Darwin,pm25,67,1.0,42.0,10.0,589.55
2022-01-06,AU,Melbourne,pm25,162,1.0,58.0,21.0,1731.32
2022-01-06,AU,Canberra,pm25,50,1.0,46.0,14.0,990.49
2022-01-06,AU,Adelaide,pm25,84,5.0,43.0,13.0,627.51
2022-01-06,AU,Brisbane,pm25,197,1.0,56.0,29.0,1827.36
2022-01-06,AU,Perth,pm25,91,2.0,21.0,11.0,173.55
2022-01-06,AU,Wollongong,pm25,48,2.0,58.0,27.0,1827.22
2022-01-06,CI,Abidjan,pm25,24,95.0,162.0,127.0,3489.98
2022-01-06,GH,Accra,pm25,24,132.0,182.0,156.0,1016.94
2022-01-06,IQ,Baghdad,pm25,24,80.0,158.0,137.0,7366.88
2022-01-06,IS,Reykjavík,pm25,110,3.0,824.0,23.0,83038.1
2022-01-06,KG,Bishkek,pm25,24,9.0,166.0,89.0,28081.1
2022-01-06,NL,Utrecht,pm25,48,24.0,63.0,44.0,1127.12
2022-01-06,NL,Nijmegen,pm25,47,10.0,77.0,37.0,2476.96
2022-01-06,NL,Haarlem,pm25,144,6.0,95.0,36.0,2327.03
2022-01-06,NL,Eindhoven,pm25,24,19.0,76.0,47.0,1943.89
2022-01-06,NL,Rotterdam,pm25,192,4.0,65.0,30.0,1079.0
2022-01-06,NL,Amsterdam,pm25,258,3.0,151.0,33.0,2553.94
2022-01-06,NL,Dordrecht,pm25,22,21.0,67.0,42.0,1909.18
2022-01-06,NL,Breda,pm25,31,13.0,62.0,44.0,1803.16
2022-01-06,NL,Groningen,pm25,48,5.0,54.0,27.0,1506.48
2022-01-06,NL,Maastricht,pm25,96,5.0,82.0,34.0,3042.31
2022-01-06,NL,The Hague,pm25,72,1.0,51.0,26.0,2061.34
2022-01-06,PT,Lisbon,pm25,22,15.0,37.0,23.0,341.56
2022-01-06,PT,Funchal,pm25,47,1.0,40.0,15.0,1425.59
2022-01-06,CA,Hamilton,pm25,76,21.0,61.0,34.0,707.78
2022-01-06,CA,Calgary,pm25,89,39.0,73.0,55.0,319.23
2022-01-06,CA,Winnipeg,pm25,24,13.0,22.0,15.0,88.41
2022-01-06,CA,Halifax,pm25,46,5.0,55.0,25.0,893.05
2022-01-06,CA,Kitchener,pm25,41,21.0,55.0,30.0,683.6
2022-01-06,CA,Edmonton,pm25,138,7.0,61.0,30.0,1097.45
2022-01-06,CA,Mississauga,pm25,66,13.0,42.0,30.0,541.33
2022-01-06,CA,Québec,pm25,187,7.0,64.0,38.0,1884.18
2022-01-06,CA,Vancouver,pm25,23,8.0,14.0,11.0,29.96
2022-01-06,CA,Victoria,pm25,43,5.0,82.0,21.0,5308.49
2022-01-06,CA,Montréal,pm25,444,9.0,88.0,41.0,2787.67
2022-01-06,CA,Toronto,pm25,135,9.0,68.0,38.0,1525.3
2022-01-06,CA,Ottawa,pm25,63,14.0,55.0,31.0,2148.85
2022-01-06,CA,London,pm25,47,17.0,55.0,30.0,642.65
2022-01-06,US,Oklahoma City,pm25,96,16.0,44.0,23.0,375.02
2022-01-06,US,Raleigh,pm25,71,9.0,55.0,33.0,1136.54
2022-01-06,US,Memphis,pm25,72,13.0,64.0,28.0,616.8
2022-01-06,US,Jackson,pm25,72,3.0,45.0,29.0,1085.07
2022-01-06,US,Boston,pm25,133,13.0,63.0,42.0,1166.05
2022-01-06,US,Richmond,pm25,96,19.0,52.0,34.0,807.2
2022-01-06,US,Portland,pm25,151,5.0,40.0,7.0,363.19
2022-01-06,US,Boise,pm25,96,5.0,72.0,46.0,3574.11
2022-01-06,US,Austin,pm25,39,5.0,55.0,25.0,1628.15
2022-01-06,US,Honolulu,pm25,44,5.0,55.0,17.0,1284.8
2022-01-06,US,Fresno,pm25,48,30.0,98.0,55.0,2215.63
2022-01-06,US,Milwaukee,pm25,144,6.0,82.0,20.0,1620.38
2022-01-06,US,Hartford,pm25,48,28.0,61.0,44.0,519.72
2022-01-06,US,Washington D.C.,pm25,116,13.0,65.0,38.0,1502.99
2022-01-06,US,Chicago,pm25,233,3.0,57.0,23.0,834.12
2022-01-06,US,Houston,pm25,46,7.0,86.0,42.0,2764.08
2022-01-06,US,Indianapolis,pm25,143,2.0,142.0,28.0,1759.74
2022-01-06,US,Atlanta,pm25,22,20.0,66.0,43.0,2476.82
2022-01-06,US,Charlotte,pm25,47,13.0,70.0,42.0,1903.76
2022-01-06,US,Sacramento,pm25,61,9.0,55.0,25.0,1259.37
2022-01-06,US,Oakland,pm25,106,17.0,63.0,34.0,997.86
2022-01-06,US,Providence,pm25,45,5.0,42.0,25.0,945.07
2022-01-06,US,Staten Island,pm25,119,3.0,67.0,44.0,1585.38
2022-01-06,US,Brooklyn,pm25,144,10.0,114.0,50.0,7413.87
2022-01-06,US,Springfield,pm25,71,2.0,52.0,23.0,832.83
2022-01-06,US,The Bronx,pm25,48,35.0,54.0,45.0,375.3
2022-01-06,US,San Jose,pm25,79,5.0,50.0,25.0,1191.41
2022-01-06,US,Los Angeles,pm25,70,36.0,121.0,74.0,4565.89
2022-01-06,US,Little Rock,pm25,24,7.0,49.0,27.0,824.35
2022-01-06,US,Baltimore,pm25,48,21.0,79.0,42.0,2274.64
2022-01-06,US,Phoenix,pm25,189,13.0,154.0,68.0,6758.45
2022-01-06,US,Omaha,pm25,42,5.0,34.0,17.0,547.22
2022-01-06,US,El Paso,pm25,138,5.0,134.0,19.0,5188.93
2022-01-06,US,Dallas,pm25,22,13.0,38.0,20.0,598.46
2022-01-06,US,Seattle,pm25,238,1.0,72.0,13.0,2165.33
2022-01-06,US,Manhattan,pm25,72,7.0,70.0,48.0,1516.06
2022-01-06,US,Miami,pm25,94,15.0,50.0,28.0,639.72
2022-01-06,US,Jacksonville,pm25,142,19.0,80.0,44.0,1474.16
2022-01-06,US,San Antonio,pm25,64,3.0,69.0,23.0,2716.58
2022-01-06,US,Philadelphia,pm25,48,18.0,76.0,44.0,1709.32
2022-01-06,US,San Diego,pm25,24,22.0,112.0,62.0,6398.19
2022-01-06,US,Columbus,pm25,45,16.0,55.0,35.0,408.46
2022-01-06,US,Saint Paul,pm25,138,5.0,42.0,21.0,767.77
2022-01-06,US,Denver,pm25,156,21.0,74.0,50.0,1774.76
2022-01-06,US,Salt Lake City,pm25,216,1.0,66.0,19.0,3323.24
2022-01-06,US,Albuquerque,pm25,72,3.0,91.0,20.0,6390.77
2022-01-06,US,San Francisco,pm25,65,5.0,53.0,30.0,1380.59
2022-01-06,US,Salem,pm25,71,5.0,8.0,6.0,6.68
2022-01-06,US,Madison,pm25,48,14.0,35.0,15.0,386.95
2022-01-06,US,Nashville,pm25,95,5.0,68.0,25.0,1558.48
2022-01-06,US,Tucson,pm25,148,5.0,76.0,30.0,2693.43
2022-01-06,US,Queens,pm25,120,30.0,114.0,53.0,7028.99
2022-01-06,US,Tallahassee,pm25,71,15.0,76.0,38.0,2704.25
2022-01-06,US,Fort Worth,pm25,22,5.0,30.0,17.0,573.01
2022-01-06,RS,Novi Sad,pm25,48,12.0,110.0,44.0,5540.99
2022-01-06,RS,Niš,pm25,24,56.0,100.0,69.0,1617.37
2022-01-06,RS,Belgrade,pm25,120,13.0,99.0,55.0,4713.78
2022-01-06,CY,Nicosia,pm25,24,18.0,154.0,67.0,16102.9
2022-01-06,CY,Limassol,pm25,24,10.0,109.0,37.0,7330.71
2022-01-06,HR,Zagreb,pm25,24,8.0,162.0,33.0,19627.0
2022-01-06,HR,Rijeka,pm25,80,1.0,14.0,4.0,90.62
2022-01-06,MK,Skopje,pm25,168,43.0,293.0,153.0,29524.8
2022-01-07,GE,Tbilisi,pm25,96,54.0,114.0,65.0,3827.98
2022-01-07,HU,Győr,pm25,48,9.0,89.0,46.0,2834.78
2022-01-07,HU,Pécs,pm25,72,13.0,155.0,46.0,10087.8
2022-01-07,HU,Kecskemét,pm25,44,25.0,93.0,42.0,3977.42
2022-01-07,HU,Miskolc,pm25,120,30.0,181.0,78.0,19321.0
2022-01-07,HU,Budapest,pm25,341,13.0,109.0,46.0,3480.32
2022-01-07,JP,Fukuoka,pm25,414,5.0,85.0,30.0,1713.0
2022-01-07,JP,Kanazawa,pm25,238,5.0,72.0,25.0,2009.79
2022-01-07,JP,Kumamoto,pm25,343,5.0,99.0,34.0,2391.62
2022-01-07,JP,Akita,pm25,35,5.0,68.0,21.0,3067.28
2022-01-07,JP,Kochi,pm25,46,5.0,46.0,21.0,1147.21
2022-01-07,JP,Gifu-shi,pm25,142,5.0,93.0,30.0,2606.76
2022-01-07,JP,Kyoto,pm25,547,5.0,85.0,38.0,1762.2
2022-01-07,JP,Hiroshima,pm25,290,5.0,63.0,25.0,1679.12
2022-01-07,JP,Shizuoka,pm25,237,5.0,65.0,17.0,1822.21
2022-01-07,JP,Chiba,pm25,740,5.0,102.0,38.0,5567.98
2022-01-07,JP,Sapporo,pm25,194,5.0,78.0,34.0,2397.46
2022-01-07,JP,Yokohama,pm25,477,1.0,80.0,25.0,4226.92
2022-01-07,JP,Tokyo,pm25,2400,1.0,97.0,25.0,5989.76
2022-01-07,JP,Saitama,pm25,467,5.0,85.0,25.0,5019.52
2022-01-07,JP,Naha,pm25,143,5.0,50.0,34.0,1150.79
2022-01-07,JP,Nagasaki,pm25,155,5.0,74.0,25.0,2893.74
2022-01-07,JP,Toyama,pm25,160,5.0,63.0,25.0,1705.53
2022-01-07,JP,Niigata,pm25,73,5.0,5.0,5.0,0.0
2022-01-07,JP,Nara-shi,pm25,182,5.0,57.0,34.0,1525.58
2022-01-07,JP,Okayama,pm25,276,5.0,68.0,34.0,1365.03
2022-01-07,JP,Sendai,pm25,355,5.0,50.0,17.0,707.84
2022-01-07,JP,Osaka,pm25,1447,5.0,87.0,34.0,2064.28
2022-01-07,JP,Miyazaki,pm25,121,5.0,61.0,38.0,1774.49
2022-01-07,JP,Matsuyama,pm25,141,5.0,70.0,25.0,2287.87
2022-01-07,JP,Wakayama,pm25,277,5.0,68.0,30.0,1233.07
2022-01-07,JP,Takamatsu,pm25,256,5.0,61.0,25.0,1196.46
2022-01-07,JP,Nagoya,pm25,734,5.0,68.0,25.0,1623.29
2022-01-07,JP,Ōita,pm25,231,5.0,65.0,25.0,1502.2
2022-01-07,JP,Kobe,pm25,424,5.0,78.0,38.0,1875.71
2022-01-07,JP,Nagano,pm25,86,5.0,74.0,25.0,4586.42
2022-01-07,JP,Utsunomiya,pm25,400,5.0,87.0,42.0,4431.38
2022-01-07,JP,Kagoshima,pm25,89,13.0,63.0,30.0,1931.19
2022-01-07,SK,Košice,pm25,96,5.0,181.0,50.0,19568.4
2022-01-07,SK,Bratislava,pm25,93,13.0,85.0,46.0,3621.65
2022-01-07,FI,Vantaa,pm25,24,10.0,31.0,23.0,355.05
2022-01-07,FI,Turku,pm25,24,5.0,70.0,16.0,4060.42
2022-01-07,FI,Helsinki,pm25,120,5.0,29.0,13.0,327.84
2022-01-07,FI,Tampere,pm25,96,6.0,25.0,13.0,146.88
2022-01-07,ET,Addis Ababa,pm25,47,25.0,160.0,53.0,10309.1
2022-01-07,CH,Zürich,pm25,21,1.0,3.0,1.0,4.33
2022-01-07,CO,Bogotá,pm25,313,5.0,152.0,59.0,5111.92
2022-01-07,CO,Medellín,pm25,273,38.0,89.0,61.0,949.51
2022-01-07,DK,Copenhagen,pm25,24,18.0,51.0,34.0,716.36
2022-01-07,GB,Edinburgh,pm25,245,1.0,46.0,9.0,483.8
2022-01-07,GB,Norwich,pm25,20,21.0,45.0,30.0,461.68
2022-01-07,GB,Liverpool,pm25,36,5.0,34.0,17.0,759.9
2022-01-07,GB,Belfast,pm25,69,3.0,73.0,17.0,2337.64
2022-01-07,GB,Coventry,pm25,57,17.0,30.0,21.0,177.09
2022-01-07,GB,Leeds,pm25,43,17.0,34.0,24.0,267.15
2022-01-07,GB,Cardiff,pm25,144,5.0,72.0,17.0,3293.21
2022-01-07,GB,Bristol,pm25,71,9.0,65.0,25.0,2605.25
2022-01-07,GB,London,pm25,380,1.0,192.0,23.0,2788.21
2022-01-07,GB,Birmingham,pm25,33,17.0,34.0,21.0,235.17
2022-01-07,GB,Sheffield,pm25,84,15.0,61.0,30.0,1446.45
2022-01-07,GB,Newport,pm25,46,11.0,57.0,21.0,1399.19
2022-01-07,GB,Leicester,pm25,24,17.0,30.0,23.0,135.2
2022-01-07,GB,Manchester,pm25,76,11.0,51.0,25.0,1100.81
2022-01-07,GB,Reading,pm25,47,5.0,50.0,17.0,2164.19
2022-01-07,GB,Plymouth,pm25,29,5.0,53.0,17.0,1857.49
2022-01-07,GB,Glasgow,pm25,401,2.0,91.0,9.0,1561.85
2022-01-07,GB,Preston,pm25,46,13.0,54.0,23.0,1009.18
2022-01-07,GB,Swansea,pm25,135,5.0,85.0,30.0,2944.49
2022-01-07,GB,Southend-on-Sea,pm25,47,6.0,36.0,21.0,548.57
2022-01-07,ID,Jakarta,pm25,48,17.0,151.0,72.0,8462.48
2022-01-07,NP,Kathmandu,pm25,72,36.0,187.0,107.0,19168.5
2022-01-07,NP,Pokhara,pm25,33,67.0,227.0,212.0,34315.8
2022-01-07,NP,Biratnagar,pm25,48,82.0,156.0,101.0,3611.05
2022-01-07,AU,Sydney,pm25,164,2.0,71.0,23.0,1413.14
2022-01-07,AU,Newcastle,pm25,142,1.0,60.0,27.0,1928.19
2022-01-07,AU,Launceston,pm25,136,5.0,46.0,13.0,779.09
2022-01-07,AU,Hobart,pm25,36,5.0,17.0,5.0,84.83
2022-01-07,AU,Darwin,pm25,64,2.0,28.0,12.0,406.72
2022-01-07,AU,Melbourne,pm25,144,2.0,78.0,21.0,1800.2
2022-01-07,AU,Canberra,pm25,50,1.0,38.0,12.0,1033.53
2022-01-07,AU,Adelaide,pm25,85,4.0,54.0,16.0,798.24
2022-01-07,AU,Brisbane,pm25,183,5.0,61.0,48.0,2358.02
2022-01-07,AU,Perth,pm25,89,2.0,15.0,8.0,72.06
2022-01-07,AU,Wollongong,pm25,42,2.0,54.0,28.0,1774.75
2022-01-07,CI,Abidjan,pm25,24,97.0,152.0,124.0,2444.57
2022-01-07,GH,Accra,pm25,24,102.0,165.0,129.0,3782.61
2022-01-07,IQ,Baghdad,pm25,24,63.0,197.0,154.0,13645.1
2022-01-07,IS,Reykjavík,pm25,118,3.0,43.0,18.0,758.28
2022-01-07,KG,Bishkek,pm25,24,42.0,162.0,102.0,13295.2
2022-01-07,NL,Utrecht,pm25,47,5.0,61.0,40.0,2119.34
2022-01-07,NL,Nijmegen,pm25,48,13.0,59.0,32.0,1186.79
2022-01-07,NL,Haarlem,pm25,142,1.0,109.0,30.0,3561.98
2022-01-07,NL,Eindhoven,pm25,24,13.0,60.0,37.0,1835.05
2022-01-07,NL,Rotterdam,pm25,192,14.0,59.0,30.0,794.78
2022-01-07,NL,Amsterdam,pm25,260,4.0,156.0,32.0,2253.42
2022-01-07,NL,Dordrecht,pm25,24,25.0,59.0,46.0,1316.36
2022-01-07,NL,Breda,pm25,48,1.0,60.0,35.0,1666.8
2022-01-07,NL,Groningen,pm25,47,2.0,54.0,27.0,2078.01
2022-01-07,NL,Maastricht,pm25,93,5.0,76.0,30.0,1971.71
2022-01-07,NL,The Hague,pm25,72,3.0,39.0,21.0,748.86
2022-01-07,PT,Lisbon,pm25,28,13.0,36.0,20.0,316.98
2022-01-07,PT,Funchal,pm25,46,1.0,38.0,11.0,942.51
2022-01-07,CA,Hamilton,pm25,83,5.0,61.0,25.0,3011.46
2022-01-07,CA,Calgary,pm25,92,29.0,188.0,51.0,19003.2
2022-01-07,CA,Winnipeg,pm25,24,17.0,30.0,22.0,167.37
2022-01-07,CA,Halifax,pm25,44,2.0,57.0,29.0,1536.84
2022-01-07,CA,Kitchener,pm25,44,5.0,59.0,17.0,2662.3
2022-01-07,CA,Edmonton,pm25,138,13.0,70.0,38.0,905.23
2022-01-07,CA,Mississauga,pm25,52,5.0,55.0,13.0,2143.48
2022-01-07,CA,Québec,pm25,185,9.0,83.0,31.0,2246.62
2022-01-07,CA,Vancouver,pm25,22,5.0,23.0,14.0,330.04
2022-01-07,CA,Victoria,pm25,45,5.0,61.0,25.0,1679.73
2022-01-07,CA,Montréal,pm25,432,9.0,57.0,30.0,1362.82
2022-01-07,CA,Toronto,pm25,112,5.0,76.0,21.0,3919.18
2022-01-07,CA,Ottawa,pm25,62,9.0,27.0,16.0,167.11
2022-01-07,CA,London,pm25,45,9.0,55.0,17.0,1452.8
2022-01-07,US,Oklahoma City,pm25,96,14.0,66.0,35.0,1653.67
2022-01-07,US,Raleigh,pm25,59,5.0,53.0,15.0,1760.09
2022-01-07,US,Memphis,pm25,72,15.0,42.0,28.0,306.71
2022-01-07,US,Jackson,pm25,72,1.0,61.0,26.0,2006.41
2022-01-07,US,Boston,pm25,135,9.0,57.0,34.0,1121.86
2022-01-07,US,Richmond,pm25,96,16.0,53.0,30.0,1206.53
2022-01-07,US,Portland,pm25,151,5.0,46.0,9.0,634.45
2022-01-07,US,Boise,pm25,81,5.0,76.0,17.0,1620.72
2022-01-07,US,Austin,pm25,42,9.0,76.0,46.0,3868.9
2022-01-07,US,Honolulu,pm25,38,5.0,42.0,13.0,969.42
2022-01-07,US,Fresno,pm25,48,35.0,100.0,65.0,1890.31
2022-01-07,US,Milwaukee,pm25,144,10.0,77.0,44.0,2967.1
2022-01-07,US,Hartford,pm25,48,16.0,65.0,27.0,1137.19
2022-01-07,US,Washington D.C.,pm25,118,9.0,61.0,34.0,1471.02
2022-01-07,US,Chicago,pm25,221,3.0,70.0,34.0,1442.63
2022-01-07,US,Houston,pm25,48,22.0,61.0,42.0,921.97
2022-01-07,US,Indianapolis,pm25,144,21.0,66.0,37.0,641.3
2022-01-07,US,Atlanta,pm25,23,18.0,40.0,27.0,566.13
2022-01-07,US,Charlotte,pm25,41,5.0,42.0,17.0,821.1
2022-01-07,US,Sacramento,pm25,72,5.0,65.0,25.0,2002.66
2022-01-07,US,Oakland,pm25,90,5.0,53.0,17.0,1045.62
2022-01-07,US,Providence,pm25,45,5.0,50.0,21.0,1250.91
2022-01-07,US,Staten Island,pm25,118,5.0,57.0,40.0,1673.98
2022-01-07,US,Brooklyn,pm25,143,5.0,116.0,42.0,8876.69
2022-01-07,US,Springfield,pm25,63,4.0,52.0,26.0,949.64
2022-01-07,US,The Bronx,pm25,48,29.0,54.0,41.0,449.93
2022-01-07,US,San Jose,pm25,61,5.0,38.0,17.0,616.99
2022-01-07,US,Los Angeles,pm25,69,13.0,134.0,53.0,7906.63
2022-01-07,US,Little Rock,pm25,23,1.0,34.0,16.0,621.58
2022-01-07,US,Baltimore,pm25,48,21.0,70.0,40.0,1520.53
2022-01-07,US,Phoenix,pm25,188,12.0,160.0,58.0,9050.31
2022-01-07,US,Omaha,pm25,48,9.0,38.0,25.0,343.08
2022-01-07,US,El Paso,pm25,140,5.0,143.0,34.0,7741.7
2022-01-07,US,Dallas,pm25,24,8.0,34.0,20.0,464.62
2022-01-07,US,Seattle,pm25,238,1.0,50.0,17.0,1122.64
2022-01-07,US,Manhattan,pm25,71,8.0,63.0,39.0,1915.61
2022-01-07,US,Miami,pm25,93,20.0,57.0,35.0,872.06
2022-01-07,US,Jacksonville,pm25,143,1.0,74.0,36.0,2221.81
2022-01-07,US,San Antonio,pm25,70,6.0,78.0,31.0,4356.14
2022-01-07,US,Philadelphia,pm25,70,4.0,56.0,39.0,1303.45
2022-01-07,US,San Diego,pm25,24,49.0,148.0,68.0,4994.49
2022-01-07,US,Columbus,pm25,48,23.0,67.0,39.0,913.33
2022-01-07,US,Saint Paul,pm25,143,13.0,76.0,42.0,1792.85
2022-01-07,US,Denver,pm25,156,5.0,107.0,55.0,6220.89
2022-01-07,US,Salt Lake City,pm25,216,2.0,69.0,6.0,2685.29
2022-01-07,US,Albuquerque,pm25,72,5.0,103.0,26.0,4517.36
2022-01-07,US,San Francisco,pm25,51,5.0,63.0,17.0,1181.8
2022-01-07,US,Salem,pm25,72,4.0,24.0,6.0,240.84
2022-01-07,US,Madison,pm25,48,22.0,66.0,40.0,1265.09
2022-01-07,US,Nashville,pm25,81,9.0,55.0,25.0,724.71
2022-01-07,US,Tucson,pm25,144,5.0,78.0,30.0,3229.3
2022-01-07,US,Queens,pm25,120,17.0,116.0,49.0,8034.02
2022-01-07,US,Tallahassee,pm25,72,1.0,83.0,25.0,2200.4
2022-01-07,US,Fort Worth,pm25,19,5.0,53.0,25.0,2734.5
2022-01-07,RS,Novi Sad,pm25,48,36.0,162.0,63.0,14645.7
2022-01-07,RS,Niš,pm25,24,58.0,169.0,67.0,18746.9
2022-01-07,RS,Belgrade,pm25,119,33.0,185.0,66.0,13544.7
2022-01-07,CY,Nicosia,pm25,24,16.0,155.0,78.0,9042.59
2022-01-07,CY,Limassol,pm25,9,17.0,81.0,44.0,5267.5
2022-01-07,HR,Zagreb,pm25,15,44.0,152.0,92.0,18312.1
2022-01-07,HR,Rijeka,pm25,69,5.0,39.0,15.0,530.87
2022-01-07,MK,Skopje,pm25,168,5.0,156.0,47.0,10859.7
2022-01-08,GE,Tbilisi,pm25,96,51.0,81.0,58.0,331.97
2022-01-08,HU,Győr,pm25,48,25.0,122.0,65.0,2843.83
2022-01-08,HU,Pécs,pm25,69,50.0,104.0,65.0,2137.9
2022-01-08,HU,Kecskemét,pm25,48,89.0,139.0,114.0,3336.38
2022-01-08,HU,Miskolc,pm25,119,91.0,177.0,132.0,4088.9
2022-01-08,HU,Budapest,pm25,358,46.0,166.0,82.0,4876.06
2022-01-08,JP,Fukuoka,pm25,417,5.0,93.0,38.0,2200.45
2022-01-08,JP,Kanazawa,pm25,211,5.0,76.0,21.0,1832.32
2022-01-08,JP,Kumamoto,pm25,370,5.0,109.0,42.0,2699.46
2022-01-08,JP,Akita,pm25,40,5.0,70.0,30.0,3463.28
2022-01-08,JP,Kochi,pm25,43,9.0,50.0,25.0,1168.73
2022-01-08,JP,Gifu-shi,pm25,141,5.0,107.0,34.0,3314.64
2022-01-08,JP,Kyoto,pm25,565,5.0,85.0,50.0,1649.41
2022-01-08,JP,Hiroshima,pm25,292,5.0,72.0,34.0,2459.07
2022-01-08,JP,Shizuoka,pm25,235,5.0,76.0,21.0,1830.8
2022-01-08,JP,Chiba,pm25,787,5.0,119.0,34.0,4152.15
2022-01-08,JP,Sapporo,pm25,214,9.0,87.0,38.0,2185.88
2022-01-08,JP,Yokohama,pm25,525,1.0,82.0,30.0,3965.72
2022-01-08,JP,Tokyo,pm25,2557,1.0,132.0,34.0,4525.73
2022-01-08,JP,Saitama,pm25,493,5.0,91.0,30.0,3810.71
2022-01-08,JP,Naha,pm25,144,5.0,50.0,38.0,1156.71
2022-01-08,JP,Nagasaki,pm25,149,5.0,119.0,30.0,3228.02
2022-01-08,JP,Toyama,pm25,152,5.0,63.0,21.0,1734.01
2022-01-08,JP,Niigata,pm25,68,5.0,5.0,5.0,0.0
2022-01-08,JP,Nara-shi,pm25,187,5.0,72.0,42.0,2069.59
2022-01-08,JP,Okayama,pm25,282,9.0,124.0,50.0,4452.36
2022-01-08,JP,Sendai,pm25,459,5.0,59.0,21.0,1027.21
2022-01-08,JP,Osaka,pm25,1453,5.0,95.0,46.0,2291.95
2022-01-08,JP,Miyazaki,pm25,132,5.0,132.0,42.0,2914.77
2022-01-08,JP,Matsuyama,pm25,145,5.0,87.0,34.0,2425.14
2022-01-08,JP,Wakayama,pm25,281,5.0,80.0,34.0,1355.79
2022-01-08,JP,Takamatsu,pm25,262,5.0,104.0,30.0,2408.1
2022-01-08,JP,Nagoya,pm25,760,5.0,93.0,38.0,2189.48
2022-01-08,JP,Ōita,pm25,245,5.0,72.0,38.0,2868.82
2022-01-08,JP,Kobe,pm25,423,5.0,80.0,42.0,1342.45
2022-01-08,JP,Nagano,pm25,90,5.0,78.0,30.0,2470.21
2022-01-08,JP,Utsunomiya,pm25,399,5.0,89.0,30.0,5122.23
2022-01-08,JP,Kagoshima,pm25,96,21.0,61.0,46.0,986.31
2022-01-08,SK,Košice,pm25,95,63.0,153.0,89.0,4764.87
2022-01-08,SK,Bratislava,pm25,96,61.0,91.0,70.0,409.68
2022-01-08,FI,Vantaa,pm25,24,10.0,32.0,20.0,310.27
2022-01-08,FI,Turku,pm25,24,5.0,56.0,14.0,1448.41
2022-01-08,FI,Helsinki,pm25,120,5.0,58.0,18.0,1428.36
2022-01-08,FI,Tampere,pm25,96,6.0,45.0,13.0,482.42
2022-01-08,ET,Addis Ababa,pm25,47,30.0,78.0,46.0,1223.28
2022-01-08,CH,Zürich,pm25,17,1.0,2.0,1.0,1.91
2022-01-08,CO,Bogotá,pm25,313,34.0,164.0,82.0,6359.78
2022-01-08,CO,Medellín,pm25,227,42.0,102.0,61.0,1529.68
2022-01-08,DK,Copenhagen,pm25,24,8.0,38.0,25.0,391.01
2022-01-08,GB,Edinburgh,pm25,264,1.0,59.0,17.0,1718.51
2022-01-08,GB,Norwich,pm25,20,25.0,52.0,26.0,711.45
2022-01-08,GB,Liverpool,pm25,38,5.0,56.0,22.0,1662.0
2022-01-08,GB,Belfast,pm25,91,5.0,65.0,34.0,1425.31
2022-01-08,GB,Coventry,pm25,60,17.0,53.0,22.0,533.89
2022-01-08,GB,Leeds,pm25,38,17.0,59.0,34.0,890.13
2022-01-08,GB,Cardiff,pm25,134,5.0,85.0,25.0,3659.7
2022-01-08,GB,Bristol,pm25,61,5.0,59.0,34.0,1924.61
2022-01-08,GB,London,pm25,369,2.0,78.0,25.0,1515.21
2022-01-08,GB,Birmingham,pm25,42,16.0,48.0,23.0,735.93
2022-01-08,GB,Sheffield,pm25,78,21.0,61.0,35.0,1207.11
2022-01-08,GB,Newport,pm25,48,5.0,65.0,29.0,2548.4
2022-01-08,GB,Leicester,pm25,19,21.0,44.0,28.0,575.91
2022-01-08,GB,Manchester,pm25,84,10.0,59.0,32.0,1657.3
2022-01-08,GB,Reading,pm25,44,5.0,46.0,25.0,1554.01
2022-01-08,GB,Plymouth,pm25,30,9.0,60.0,25.0,2294.3
2022-01-08,GB,Glasgow,pm25,458,3.0,76.0,21.0,2113.04
2022-01-08,GB,Preston,pm25,45,13.0,55.0,30.0,1155.53
2022-01-08,GB,Swansea,pm25,142,13.0,82.0,34.0,2770.11
2022-01-08,GB,Southend-on-Sea,pm25,43,8.0,43.0,25.0,655.84
2022-01-08,ID,Jakarta,pm25,48,34.0,157.0,93.0,13396.1
2022-01-08,NP,Kathmandu,pm25,71,20.0,261.0,117.0,35942.4
2022-01-08,NP,Pokhara,pm25,26,77.0,234.0,216.0,26558.4
2022-01-08,NP,Biratnagar,pm25,48,86.0,145.0,108.0,2710.48
2022-01-08,AU,Sydney,pm25,143,1.0,53.0,13.0,1473.31
2022-01-08,AU,Newcastle,pm25,122,1.0,66.0,23.0,1990.86
2022-01-08,AU,Launceston,pm25,109,5.0,34.0,5.0,290.07
2022-01-08,AU,Hobart,pm25,35,5.0,13.0,9.0,107.03
2022-01-08,AU,Darwin,pm25,64,2.0,34.0,12.0,507.69
2022-01-08,AU,Melbourne,pm25,154,1.0,53.0,21.0,887.55
2022-01-08,AU,Canberra,pm25,54,1.0,76.0,16.0,5097.89
2022-01-08,AU,Adelaide,pm25,74,2.0,40.0,13.0,675.09
2022-01-08,AU,Brisbane,pm25,176,3.0,51.0,40.0,1532.82
2022-01-08,AU,Perth,pm25,88,2.0,13.0,7.0,74.01
2022-01-08,AU,Wollongong,pm25,46,1.0,60.0,21.0,2443.37
2022-01-08,CI,Abidjan,pm25,24,97.0,173.0,155.0,5184.57
2022-01-08,GH,Accra,pm25,24,99.0,153.0,127.0,2975.63
2022-01-08,IQ,Baghdad,pm25,24,87.0,249.0,179.0,20407.2
2022-01-08,IS,Reykjavík,pm25,119,1.0,149.0,8.0,5658.98
2022-01-08,KG,Bishkek,pm25,24,61.0,187.0,95.0,16756.4
2022-01-08,NL,Utrecht,pm25,48,12.0,75.0,37.0,2214.85
2022-01-08,NL,Nijmegen,pm25,47,2.0,73.0,52.0,4618.79
2022-01-08,NL,Haarlem,pm25,142,10.0,76.0,28.0,1641.23
2022-01-08,NL,Eindhoven,pm25,24,17.0,64.0,42.0,2042.32
2022-01-08,NL,Rotterdam,pm25,192,12.0,58.0,23.0,750.33
2022-01-08,NL,Amsterdam,pm25,258,1.0,62.0,24.0,1628.65
2022-01-08,NL,Dordrecht,pm25,24,13.0,65.0,34.0,1912.75
2022-01-08,NL,Breda,pm25,48,5.0,60.0,31.0,2096.45
2022-01-08,NL,Groningen,pm25,45,1.0,48.0,23.0,1807.27
2022-01-08,NL,Maastricht,pm25,92,5.0,72.0,25.0,3038.06
2022-01-08,NL,The Hague,pm25,71,8.0,37.0,21.0,409.97
2022-01-08,PT,Lisbon,pm25,6,26.0,30.0,28.0,26.67
2022-01-08,PT,Funchal,pm25,44,4.0,30.0,15.0,584.75
2022-01-08,CA,Hamilton,pm25,89,13.0,50.0,25.0,732.51
2022-01-08,CA,Calgary,pm25,92,27.0,100.0,64.0,2552.77
2022-01-08,CA,Winnipeg,pm25,24,16.0,34.0,25.0,350.14
2022-01-08,CA,Halifax,pm25,46,5.0,24.0,12.0,155.66
2022-01-08,CA,Kitchener,pm25,46,17.0,63.0,30.0,1634.36
2022-01-08,CA,Edmonton,pm25,138,18.0,62.0,33.0,803.86
2022-01-08,CA,Mississauga,pm25,50,17.0,46.0,30.0,635.17
2022-01-08,CA,Québec,pm25,184,7.0,126.0,18.0,4258.6
2022-01-08,CA,Vancouver,pm25,23,13.0,58.0,15.0,807.15
2022-01-08,CA,Victoria,pm25,44,9.0,78.0,30.0,2638.37
2022-01-08,CA,Montréal,pm25,403,3.0,71.0,24.0,2749.66
2022-01-08,CA,Toronto,pm25,121,5.0,55.0,17.0,680.08
2022-01-08,CA,Ottawa,pm25,58,9.0,46.0,31.0,1248.27
2022-01-08,CA,London,pm25,44,9.0,53.0,30.0,1431.54
2022-01-08,US,Oklahoma City,pm25,96,33.0,73.0,51.0,793.1
2022-01-08,US,Raleigh,pm25,70,5.0,151.0,20.0,4395.64
2022-01-08,US,Memphis,pm25,72,20.0,53.0,30.0,369.39
2022-01-08,US,Jackson,pm25,72,8.0,57.0,34.0,665.72
2022-01-08,US,Boston,pm25,129,5.0,76.0,25.0,3311.25
2022-01-08,US,Richmond,pm25,96,22.0,54.0,31.0,708.77
2022-01-08,US,Portland,pm25,168,5.0,124.0,16.0,2741.02
2022-01-08,US,Boise,pm25,90,5.0,91.0,17.0,3647.62
2022-01-08,US,Austin,pm25,47,9.0,80.0,53.0,2300.54
2022-01-08,US,Honolulu,pm25,42,5.0,46.0,17.0,877.59
2022-01-08,US,Fresno,pm25,48,5.0,89.0,34.0,3539.04
2022-01-08,US,Milwaukee,pm25,144,16.0,63.0,42.0,961.38
2022-01-08,US,Hartford,pm25,48,13.0,67.0,16.0,2937.43
2022-01-08,US,Washington D.C.,pm25,118,17.0,68.0,38.0,1233.87
2022-01-08,US,Chicago,pm25,225,8.0,57.0,38.0,893.22
2022-01-08,US,Houston,pm25,35,8.0,63.0,46.0,1873.98
2022-01-08,US,Indianapolis,pm25,144,16.0,62.0,44.0,1206.29
2022-01-08,US,Atlanta,pm25,23,25.0,43.0,34.0,334.94
2022-01-08,US,Charlotte,pm25,44,5.0,65.0,25.0,3398.14
2022-01-08,US,Sacramento,pm25,70,7.0,152.0,25.0,4744.61
2022-01-08,US,Oakland,pm25,93,5.0,78.0,25.0,2647.59
2022-01-08,US,Providence,pm25,45,5.0,109.0,17.0,5016.43
2022-01-08,US,Staten Island,pm25,116,5.0,54.0,33.0,1401.65
2022-01-08,US,Brooklyn,pm25,138,1.0,117.0,40.0,9459.63
2022-01-08,US,Springfield,pm25,72,3.0,54.0,31.0,1097.46
2022-01-08,US,The Bronx,pm25,48,23.0,58.0,38.0,635.67
2022-01-08,US,San Jose,pm25,71,5.0,80.0,21.0,3137.63
2022-01-08,US,Los Angeles,pm25,72,18.0,146.0,59.0,4815.63
2022-01-08,US,Little Rock,pm25,24,19.0,51.0,29.0,746.07
2022-01-08,US,Baltimore,pm25,48,21.0,59.0,43.0,1505.0
2022-01-08,US,Phoenix,pm25,191,9.0,151.0,55.0,8780.84
2022-01-08,US,Omaha,pm25,47,5.0,85.0,34.0,2652.31
2022-01-08,US,El Paso,pm25,150,5.0,97.0,17.0,3491.08
2022-01-08,US,Dallas,pm25,24,25.0,52.0,41.0,670.27
2022-01-08,US,Seattle,pm25,255,5.0,76.0,21.0,2666.39
2022-01-08,US,Manhattan,pm25,68,3.0,62.0,33.0,2252.05
2022-01-08,US,Miami,pm25,93,21.0,55.0,28.0,346.05
2022-01-08,US,Jacksonville,pm25,144,9.0,60.0,34.0,1786.0
2022-01-08,US,San Antonio,pm25,72,12.0,73.0,42.0,1721.38
2022-01-08,US,Philadelphia,pm25,86,3.0,64.0,26.0,1641.53
2022-01-08,US,San Diego,pm25,24,18.0,88.0,39.0,2701.67
2022-01-08,US,Columbus,pm25,46,2.0,64.0,48.0,2695.54
2022-01-08,US,Saint Paul,pm25,144,17.0,240.0,42.0,3872.91
2022-01-08,US,Denver,pm25,153,5.0,63.0,21.0,1619.46
2022-01-08,US,Salt Lake City,pm25,215,1.0,56.0,5.0,913.53
2022-01-08,US,Albuquerque,pm25,72,4.0,74.0,15.0,3965.13
2022-01-08,US,San Francisco,pm25,65,5.0,55.0,17.0,1532.27
2022-01-08,US,Salem,pm25,72,8.0,76.0,13.0,3373.64
2022-01-08,US,Madison,pm25,48,22.0,68.0,38.0,2080.95
2022-01-08,US,Nashville,pm25,93,5.0,49.0,28.0,864.88
2022-01-08,US,Tucson,pm25,160,5.0,82.0,25.0,2795.21
2022-01-08,US,Queens,pm25,107,23.0,117.0,50.0,7855.12
2022-01-08,US,Tallahassee,pm25,72,30.0,80.0,43.0,925.32
2022-01-08,US,Fort Worth,pm25,24,13.0,70.0,50.0,1654.33
2022-01-08,RS,Novi Sad,pm25,48,63.0,153.0,107.0,2818.47
2022-01-08,RS,Niš,pm25,24,56.0,161.0,140.0,9363.75
2022-01-08,RS,Belgrade,pm25,120,31.0,160.0,95.0,10608.6
2022-01-08,CY,Nicosia,pm25,24,82.0,152.0,100.0,5053.03
2022-01-08,CY,Limassol,pm25,5,34.0,166.0,154.0,30470.0
2022-01-08,HR,Zagreb,pm25,23,99.0,173.0,153.0,5478.38
2022-01-08,HR,Rijeka,pm25,77,9.0,80.0,39.0,2142.17
2022-01-08,MK,Skopje,pm25,168,37.0,212.0,115.0,16113.6
2022-01-09,GE,Tbilisi,pm25,96,59.0,162.0,82.0,9272.52
2022-01-09,HU,Győr,pm25,48,30.0,112.0,65.0,3383.72
2022-01-09,HU,Pécs,pm25,72,74.0,112.0,91.0,968.38
2022-01-09,HU,Kecskemét,pm25,48,78.0,153.0,107.0,5999.36
2022-01-09,HU,Miskolc,pm25,120,112.0,193.0,157.0,860.5
2022-01-09,HU,Budapest,pm25,360,61.0,164.0,99.0,2538.4
2022-01-09,JP,Fukuoka,pm25,426,5.0,142.0,63.0,5782.25
2022-01-09,JP,Kanazawa,pm25,237,5.0,78.0,30.0,2159.84
2022-01-09,JP,Kumamoto,pm25,378,5.0,97.0,53.0,3338.96
2022-01-09,JP,Akita,pm25,39,5.0,95.0,50.0,5600.73
2022-01-09,JP,Kochi,pm25,48,5.0,55.0,25.0,1313.17
2022-01-09,JP,Gifu-shi,pm25,140,5.0,102.0,42.0,3934.02
2022-01-09,JP,Kyoto,pm25,569,13.0,93.0,57.0,1431.24
2022-01-09,JP,Hiroshima,pm25,303,5.0,85.0,46.0,3272.23
2022-01-09,JP,Shizuoka,pm25,235,5.0,68.0,25.0,2096.66
2022-01-09,JP,Chiba,pm25,831,5.0,151.0,55.0,4671.61
2022-01-09,JP,Sapporo,pm25,213,5.0,80.0,42.0,2841.4
2022-01-09,JP,Yokohama,pm25,539,1.0,102.0,46.0,3695.26
2022-01-09,JP,Tokyo,pm25,2565,5.0,119.0,55.0,2390.18
2022-01-09,JP,Saitama,pm25,504,9.0,112.0,46.0,2881.23
2022-01-09,JP,Naha,pm25,144,13.0,53.0,30.0,878.46
2022-01-09,JP,Nagasaki,pm25,179,5.0,102.0,50.0,5927.94
2022-01-09,JP,Toyama,pm25,156,5.0,80.0,30.0,2309.8
2022-01-09,JP,Niigata,pm25,71,5.0,9.0,5.0,8.63
2022-01-09,JP,Nara-shi,pm25,188,5.0,157.0,53.0,3673.79
2022-01-09,JP,Okayama,pm25,286,9.0,129.0,65.0,1754.07
2022-01-09,JP,Sendai,pm25,460,5.0,61.0,30.0,1898.64
2022-01-09,JP,Osaka,pm25,1430,5.0,112.0,57.0,3109.39
2022-01-09,JP,Miyazaki,pm25,131,5.0,109.0,46.0,2611.48
2022-01-09,JP,Matsuyama,pm25,153,5.0,82.0,42.0,2650.32
2022-01-09,JP,Wakayama,pm25,286,9.0,87.0,42.0,2668.96
2022-01-09,JP,Takamatsu,pm25,264,9.0,109.0,50.0,2475.46
2022-01-09,JP,Nagoya,pm25,760,5.0,104.0,53.0,1736.69
2022-01-09,JP,Ōita,pm25,248,5.0,87.0,42.0,3602.12
2022-01-09,JP,Kobe,pm25,427,5.0,93.0,59.0,2324.26
2022-01-09,JP,Nagano,pm25,94,9.0,78.0,46.0,2538.72
2022-01-09,JP,Utsunomiya,pm25,416,5.0,104.0,50.0,5991.93
2022-01-09,JP,Kagoshima,pm25,96,13.0,59.0,38.0,1130.17
2022-01-09,SK,Košice,pm25,96,82.0,163.0,122.0,4880.21
2022-01-09,SK,Bratislava,pm25,96,63.0,114.0,82.0,1238.37
2022-01-09,FI,Vantaa,pm25,19,30.0,61.0,51.0,958.01
2022-01-09,FI,Turku,pm25,24,25.0,51.0,38.0,563.41
2022-01-09,FI,Helsinki,pm25,120,38.0,66.0,55.0,279.15
2022-01-09,FI,Tampere,pm25,96,9.0,55.0,25.0,1051.86
2022-01-09,ET,Addis Ababa,pm25,48,30.0,89.0,63.0,1948.49
2022-01-09,CH,Zürich,pm25,8,1.0,2.0,1.0,1.25
2022-01-09,CO,Bogotá,pm25,312,17.0,144.0,70.0,4679.59
2022-01-09,CO,Medellín,pm25,193,50.0,95.0,68.0,904.37
2022-01-09,DK,Copenhagen,pm25,24,23.0,64.0,38.0,2417.23
2022-01-09,GB,Edinburgh,pm25,271,2.0,68.0,13.0,1821.79
2022-01-09,GB,Norwich,pm25,17,18.0,51.0,25.0,1125.15
2022-01-09,GB,Liverpool,pm25,34,17.0,41.0,34.0,794.41
2022-01-09,GB,Belfast,pm25,76,10.0,61.0,25.0,1056.9
2022-01-09,GB,Coventry,pm25,50,18.0,57.0,25.0,1745.57
2022-01-09,GB,Leeds,pm25,32,18.0,55.0,35.0,631.12
2022-01-09,GB,Cardiff,pm25,144,5.0,68.0,30.0,1815.23
2022-01-09,GB,Bristol,pm25,71,17.0,68.0,34.0,1697.85
2022-01-09,GB,London,pm25,356,7.0,104.0,34.0,3744.47
2022-01-09,GB,Birmingham,pm25,33,20.0,64.0,31.0,1892.46
2022-01-09,GB,Sheffield,pm25,75,22.0,59.0,33.0,903.92
2022-01-09,GB,Newport,pm25,47,17.0,61.0,25.0,2116.87
2022-01-09,GB,Leicester,pm25,19,20.0,54.0,30.0,1706.55
2022-01-09,GB,Manchester,pm25,86,17.0,52.0,34.0,770.6
2022-01-09,GB,Reading,pm25,48,5.0,95.0,17.0,5324.52
2022-01-09,GB,Plymouth,pm25,39,9.0,59.0,30.0,2305.36
2022-01-09,GB,Glasgow,pm25,428,5.0,80.0,13.0,2647.85
2022-01-09,GB,Preston,pm25,47,17.0,50.0,38.0,616.9
2022-01-09,GB,Swansea,pm25,141,5.0,85.0,30.0,3731.51
2022-01-09,GB,Southend-on-Sea,pm25,45,21.0,62.0,24.0,1860.74
2022-01-09,ID,Jakarta,pm25,48,34.0,157.0,74.0,4707.34
2022-01-09,NP,Kathmandu,pm25,72,50.0,183.0,124.0,19336.5
2022-01-09,NP,Pokhara,pm25,24,80.0,236.0,199.0,41091.0
2022-01-09,NP,Biratnagar,pm25,48,109.0,157.0,118.0,2078.28
2022-01-09,AU,Sydney,pm25,161,1.0,79.0,19.0,1026.71
2022-01-09,AU,Newcastle,pm25,142,1.0,67.0,23.0,1229.58
2022-01-09,AU,Launceston,pm25,79,5.0,13.0,5.0,47.62
2022-01-09,AU,Hobart,pm25,39,5.0,21.0,13.0,102.56
2022-01-09,AU,Darwin,pm25,66,3.0,44.0,13.0,470.4
2022-01-09,AU,Melbourne,pm25,160,1.0,54.0,26.0,1175.31
2022-01-09,AU,Canberra,pm25,66,1.0,53.0,22.0,1836.89
2022-01-09,AU,Adelaide,pm25,83,2.0,64.0,13.0,1597.26
2022-01-09,AU,Brisbane,pm25,175,3.0,54.0,33.0,1194.58
2022-01-09,AU,Perth,pm25,89,2.0,12.0,6.0,55.59
2022-01-09,AU,Wollongong,pm25,45,2.0,83.0,20.0,2662.04
2022-01-09,CI,Abidjan,pm25,24,102.0,157.0,137.0,1832.16
2022-01-09,GH,Accra,pm25,24,107.0,157.0,127.0,2544.93
2022-01-09,IQ,Baghdad,pm25,24,57.0,276.0,170.0,29988.7
2022-01-09,IS,Reykjavík,pm25,102,2.0,152.0,12.0,4585.25
2022-01-09,KG,Bishkek,pm25,24,152.0,184.0,168.0,677.32
2022-01-09,NL,Utrecht,pm25,48,2.0,98.0,34.0,2544.89
2022-01-09,NL,Nijmegen,pm25,48,2.0,62.0,27.0,2063.81
2022-01-09,NL,Haarlem,pm25,139,11.0,64.0,35.0,1301.43
2022-01-09,NL,Eindhoven,pm25,24,6.0,91.0,43.0,4406.79
2022-01-09,NL,Rotterdam,pm25,192,12.0,56.0,33.0,793.14
2022-01-09,NL,Amsterdam,pm25,220,3.0,75.0,29.0,1463.47
2022-01-09,NL,Dordrecht,pm25,24,22.0,65.0,38.0,1060.85
2022-01-09,NL,Breda,pm25,48,1.0,77.0,26.0,2492.66
2022-01-09,NL,Groningen,pm25,45,2.0,39.0,18.0,622.0
2022-01-09,NL,Maastricht,pm25,89,5.0,68.0,30.0,1775.57
2022-01-09,NL,The Hague,pm25,72,9.0,55.0,30.0,1052.96
2022-01-09,PT,Lisbon,pm25,23,18.0,53.0,28.0,1057.23
2022-01-09,PT,Funchal,pm25,70,1.0,48.0,23.0,1192.65
2022-01-09,CA,Hamilton,pm25,87,5.0,57.0,25.0,1453.35
2022-01-09,CA,Calgary,pm25,92,2.0,125.0,75.0,6518.15
2022-01-09,CA,Winnipeg,pm25,24,15.0,28.0,24.0,182.54
2022-01-09,CA,Halifax,pm25,46,12.0,45.0,22.0,939.83
2022-01-09,CA,Kitchener,pm25,48,5.0,53.0,21.0,1760.95
2022-01-09,CA,Edmonton,pm25,138,20.0,65.0,34.0,1122.22
2022-01-09,CA,Mississauga,pm25,72,5.0,46.0,25.0,1262.38
2022-01-09,CA,Québec,pm25,181,9.0,127.0,38.0,3699.17
2022-01-09,CA,Vancouver,pm25,23,9.0,36.0,15.0,292.21
2022-01-09,CA,Victoria,pm25,46,9.0,63.0,30.0,1488.53
2022-01-09,CA,Montréal,pm25,442,12.0,81.0,38.0,1798.45
2022-01-09,CA,Toronto,pm25,134,5.0,59.0,21.0,1381.16
2022-01-09,CA,Ottawa,pm25,68,12.0,57.0,40.0,1861.19
2022-01-09,CA,London,pm25,46,13.0,53.0,30.0,1074.21
2022-01-09,US,Oklahoma City,pm25,96,13.0,74.0,26.0,3211.33
2022-01-09,US,Raleigh,pm25,68,5.0,57.0,37.0,1798.94
2022-01-09,US,Memphis,pm25,72,4.0,53.0,31.0,1918.03
2022-01-09,US,Jackson,pm25,72,10.0,54.0,30.0,1582.18
2022-01-09,US,Boston,pm25,137,5.0,82.0,34.0,1976.61
2022-01-09,US,Richmond,pm25,96,25.0,51.0,36.0,317.05
2022-01-09,US,Portland,pm25,167,5.0,112.0,18.0,4154.45
2022-01-09,US,Boise,pm25,87,5.0,82.0,17.0,4088.13
2022-01-09,US,Austin,pm25,44,5.0,55.0,25.0,2536.72
2022-01-09,US,Honolulu,pm25,39,5.0,50.0,17.0,1071.51
2022-01-09,US,Fresno,pm25,48,21.0,139.0,51.0,6060.21
2022-01-09,US,Milwaukee,pm25,144,19.0,76.0,41.0,3052.77
2022-01-09,US,Hartford,pm25,48,27.0,72.0,49.0,1759.36
2022-01-09,US,Washington D.C.,pm25,120,21.0,61.0,42.0,802.21
2022-01-09,US,Chicago,pm25,239,2.0,74.0,31.0,2529.85
2022-01-09,US,Houston,pm25,24,37.0,61.0,52.0,579.13
2022-01-09,US,Indianapolis,pm25,142,6.0,72.0,27.0,2116.17
2022-01-09,US,Atlanta,pm25,24,17.0,52.0,46.0,1438.84
2022-01-09,US,Charlotte,pm25,40,13.0,57.0,38.0,1210.03
2022-01-09,US,Sacramento,pm25,72,19.0,85.0,42.0,2536.2
2022-01-09,US,Oakland,pm25,95,5.0,82.0,34.0,2290.55
2022-01-09,US,Providence,pm25,48,5.0,107.0,25.0,5776.52
2022-01-09,US,Staten Island,pm25,119,1.0,63.0,33.0,1748.23
2022-01-09,US,Brooklyn,pm25,144,3.0,116.0,43.0,9083.47
2022-01-09,US,Springfield,pm25,70,11.0,70.0,28.0,2009.72
2022-01-09,US,The Bronx,pm25,48,20.0,55.0,37.0,1143.83
2022-01-09,US,San Jose,pm25,72,13.0,95.0,38.0,3896.95
2022-01-09,US,Los Angeles,pm25,70,1.0,151.0,76.0,14570.0
2022-01-09,US,Little Rock,pm25,24,16.0,35.0,28.0,291.88
2022-01-09,US,Baltimore,pm25,48,17.0,78.0,46.0,2224.43
2022-01-09,US,Phoenix,pm25,188,1.0,165.0,50.0,17276.0
2022-01-09,US,Omaha,pm25,48,13.0,57.0,34.0,1230.74
2022-01-09,US,El Paso,pm25,134,5.0,78.0,17.0,1589.33
2022-01-09,US,Dallas,pm25,24,15.0,44.0,31.0,758.53
2022-01-09,US,Seattle,pm25,263,7.0,122.0,53.0,4664.76
2022-01-09,US,Manhattan,pm25,48,5.0,56.0,38.0,2216.56
2022-01-09,US,Miami,pm25,94,23.0,41.0,31.0,357.51
2022-01-09,US,Jacksonville,pm25,144,4.0,104.0,32.0,1632.88
2022-01-09,US,San Antonio,pm25,68,1.0,66.0,30.0,2939.09
2022-01-09,US,Philadelphia,pm25,96,7.0,69.0,37.0,1483.89
2022-01-09,US,San Diego,pm25,23,8.0,91.0,55.0,4581.78
2022-01-09,US,Columbus,pm25,48,3.0,56.0,25.0,1326.65
2022-01-09,US,Saint Paul,pm25,144,9.0,68.0,38.0,1669.88
2022-01-09,US,Denver,pm25,153,9.0,85.0,38.0,3958.08
2022-01-09,US,Salt Lake City,pm25,216,3.0,70.0,22.0,1823.95
2022-01-09,US,Albuquerque,pm25,72,4.0,66.0,18.0,2589.01
2022-01-09,US,San Francisco,pm25,72,5.0,68.0,34.0,2264.77
2022-01-09,US,Salem,pm25,72,5.0,74.0,38.0,2976.99
2022-01-09,US,Madison,pm25,48,21.0,75.0,35.0,3451.24
2022-01-09,US,Nashville,pm25,94,5.0,53.0,32.0,1204.58
2022-01-09,US,Tucson,pm25,162,5.0,70.0,30.0,3088.7
2022-01-09,US,Queens,pm25,96,9.0,116.0,50.0,11415.2
2022-01-09,US,Tallahassee,pm25,71,8.0,48.0,30.0,733.43
2022-01-09,US,Fort Worth,pm25,22,5.0,50.0,21.0,1948.07
2022-01-09,RS,Novi Sad,pm25,48,64.0,138.0,79.0,2531.66
2022-01-09,RS,Niš,pm25,24,68.0,150.0,85.0,6785.15
2022-01-09,RS,Belgrade,pm25,120,73.0,156.0,95.0,2546.61
2022-01-09,CY,Nicosia,pm25,24,12.0,161.0,75.0,15236.4
2022-01-09,CY,Limassol,pm25,24,41.0,139.0,63.0,6183.75
2022-01-09,HR,Zagreb,pm25,24,133.0,162.0,152.0,700.85
2022-01-09,HR,Rijeka,pm25,84,3.0,85.0,20.0,7174.81
2022-01-09,MK,Skopje,pm25,168,37.0,200.0,152.0,13477.2
2022-01-10,GE,Tbilisi,pm25,96,80.0,176.0,102.0,10288.2
2022-01-10,HU,Győr,pm25,47,5.0,104.0,89.0,2424.19
2022-01-10,HU,Pécs,pm25,72,74.0,99.0,89.0,544.07
2022-01-10,HU,Kecskemét,pm25,46,68.0,142.0,82.0,3036.1
2022-01-10,HU,Miskolc,pm25,116,46.0,169.0,153.0,17318.0
2022-01-10,HU,Budapest,pm25,352,46.0,147.0,93.0,7207.92
2022-01-10,JP,Fukuoka,pm25,429,21.0,144.0,82.0,2405.53
2022-01-10,JP,Kanazawa,pm25,251,5.0,87.0,38.0,2669.46
2022-01-10,JP,Kumamoto,pm25,380,17.0,134.0,78.0,3241.21
2022-01-10,JP,Akita,pm25,45,5.0,68.0,42.0,3260.27
2022-01-10,JP,Kochi,pm25,48,17.0,61.0,42.0,1150.07
2022-01-10,JP,Gifu-shi,pm25,145,5.0,114.0,42.0,3378.29
2022-01-10,JP,Kyoto,pm25,576,5.0,85.0,55.0,1431.85
2022-01-10,JP,Hiroshima,pm25,333,5.0,91.0,61.0,2115.9
2022-01-10,JP,Shizuoka,pm25,258,5.0,74.0,34.0,2004.23
2022-01-10,JP,Chiba,pm25,830,5.0,93.0,42.0,2629.79
2022-01-10,JP,Sapporo,pm25,215,5.0,112.0,42.0,3465.18
2022-01-10,JP,Yokohama,pm25,548,1.0,85.0,34.0,2134.1
2022-01-10,JP,Tokyo,pm25,2571,1.0,74.0,38.0,1377.98
2022-01-10,JP,Saitama,pm25,502,9.0,114.0,42.0,1568.42
2022-01-10,JP,Naha,pm25,142,5.0,65.0,25.0,748.36
2022-01-10,JP,Nagasaki,pm25,192,34.0,163.0,80.0,2288.5
2022-01-10,JP,Toyama,pm25,164,9.0,85.0,42.0,2455.96
2022-01-10,JP,Niigata,pm25,77,5.0,9.0,5.0,22.75
2022-01-10,JP,Nara-shi,pm25,189,9.0,89.0,55.0,1890.14
2022-01-10,JP,Okayama,pm25,286,5.0,114.0,59.0,2011.16
2022-01-10,JP,Sendai,pm25,471,5.0,65.0,30.0,2001.26
2022-01-10,JP,Osaka,pm25,1400,5.0,134.0,57.0,1988.31
2022-01-10,JP,Miyazaki,pm25,142,13.0,95.0,57.0,1921.66
2022-01-10,JP,Matsuyama,pm25,166,13.0,112.0,63.0,4092.24
2022-01-10,JP,Wakayama,pm25,287,21.0,93.0,57.0,831.72
2022-01-10,JP,Takamatsu,pm25,263,9.0,89.0,53.0,1718.62
2022-01-10,JP,Nagoya,pm25,750,9.0,97.0,46.0,2215.92
2022-01-10,JP,Ōita,pm25,262,13.0,93.0,65.0,2229.83
2022-01-10,JP,Kobe,pm25,430,13.0,129.0,59.0,1098.85
2022-01-10,JP,Nagano,pm25,96,13.0,76.0,42.0,1802.72
2022-01-10,JP,Utsunomiya,pm25,452,9.0,87.0,46.0,3579.37
2022-01-10,JP,Kagoshima,pm25,96,34.0,82.0,61.0,727.16
2022-01-10,SK,Košice,pm25,94,38.0,139.0,78.0,10061.9
2022-01-10,SK,Bratislava,pm25,96,61.0,142.0,89.0,3148.61
2022-01-10,FI,Vantaa,pm25,24,27.0,56.0,40.0,566.67
2022-01-10,FI,Turku,pm25,24,20.0,68.0,30.0,2013.84
2022-01-10,FI,Helsinki,pm25,118,15.0,52.0,30.0,588.84
2022-01-10,FI,Tampere,pm25,96,23.0,86.0,33.0,1589.05
2022-01-10,ET,Addis Ababa,pm25,47,38.0,102.0,57.0,1558.54
2022-01-10,CH,Zürich,pm25,22,1.0,3.0,2.0,3.74
2022-01-10,CO,Bogotá,pm25,315,28.0,132.0,68.0,2781.52
2022-01-10,CO,Medellín,pm25,252,46.0,82.0,61.0,422.32
2022-01-10,DK,Copenhagen,pm25,24,33.0,81.0,64.0,2240.58
2022-01-10,GB,Edinburgh,pm25,240,1.0,57.0,17.0,1842.79
2022-01-10,GB,Norwich,pm25,24,37.0,65.0,46.0,455.58
2022-01-10,GB,Liverpool,pm25,37,21.0,54.0,34.0,557.34
2022-01-10,GB,Belfast,pm25,93,7.0,56.0,38.0,1091.59
2022-01-10,GB,Coventry,pm25,67,37.0,61.0,47.0,245.25
2022-01-10,GB,Leeds,pm25,46,34.0,95.0,52.0,929.22
2022-01-10,GB,Cardiff,pm25,140,9.0,65.0,30.0,2383.36
2022-01-10,GB,Bristol,pm25,68,25.0,65.0,42.0,1096.21
2022-01-10,GB,London,pm25,404,25.0,179.0,57.0,2066.23
2022-01-10,GB,Birmingham,pm25,47,35.0,62.0,48.0,420.53
2022-01-10,GB,Sheffield,pm25,84,32.0,82.0,47.0,1185.18
2022-01-10,GB,Newport,pm25,47,13.0,50.0,36.0,1549.55
2022-01-10,GB,Leicester,pm25,23,42.0,56.0,49.0,170.67
2022-01-10,GB,Manchester,pm25,77,34.0,57.0,42.0,311.45
2022-01-10,GB,Reading,pm25,35,50.0,95.0,68.0,1454.45
2022-01-10,GB,Plymouth,pm25,39,13.0,54.0,30.0,1547.46
2022-01-10,GB,Glasgow,pm25,416,3.0,74.0,25.0,2354.27
2022-01-10,GB,Preston,pm25,37,26.0,51.0,42.0,340.03
2022-01-10,GB,Swansea,pm25,124,5.0,82.0,30.0,4470.55
2022-01-10,GB,Southend-on-Sea,pm25,45,34.0,80.0,55.0,825.86
2022-01-10,ID,Jakarta,pm25,48,17.0,104.0,68.0,3977.97
2022-01-10,NP,Kathmandu,pm25,72,29.0,195.0,102.0,27594.1
2022-01-10,NP,Pokhara,pm25,26,65.0,223.0,197.0,40538.5
2022-01-10,NP,Biratnagar,pm25,48,108.0,152.0,130.0,1996.6
2022-01-10,AU,Sydney,pm25,159,1.0,75.0,20.0,1024.01
2022-01-10,AU,Newcastle,pm25,143,2.0,57.0,25.0,1264.5
2022-01-10,AU,Launceston,pm25,90,5.0,21.0,9.0,142.3
2022-01-10,AU,Hobart,pm25,52,5.0,17.0,9.0,110.77
2022-01-10,AU,Darwin,pm25,66,1.0,25.0,10.0,330.33
2022-01-10,AU,Melbourne,pm25,164,9.0,92.0,45.0,2939.11
2022-01-10,AU,Canberra,pm25,57,6.0,75.0,24.0,2294.19
2022-01-10,AU,Adelaide,pm25,87,5.0,66.0,17.0,1566.8
2022-01-10,AU,Brisbane,pm25,194,1.0,71.0,31.0,1477.52
2022-01-10,AU,Perth,pm25,79,2.0,15.0,5.0,117.01
2022-01-10,AU,Wollongong,pm25,46,2.0,72.0,20.0,1727.58
2022-01-10,CI,Abidjan,pm25,24,114.0,162.0,142.0,1264.33
2022-01-10,GH,Accra,pm25,24,109.0,161.0,134.0,2977.32
2022-01-10,IQ,Baghdad,pm25,24,114.0,179.0,163.0,2052.1
2022-01-10,IS,Reykjavík,pm25,97,1.0,824.0,15.0,67971.0
2022-01-10,KG,Bishkek,pm25,24,109.0,174.0,147.0,1730.27
2022-01-10,NL,Utrecht,pm25,48,21.0,99.0,76.0,2786.66
2022-01-10,NL,Nijmegen,pm25,47,35.0,86.0,69.0,1184.65
2022-01-10,NL,Haarlem,pm25,129,6.0,114.0,62.0,3752.52
2022-01-10,NL,Eindhoven,pm25,21,59.0,88.0,70.0,1002.62
2022-01-10,NL,Rotterdam,pm25,192,37.0,119.0,67.0,1338.72
2022-01-10,NL,Amsterdam,pm25,239,18.0,148.0,72.0,3716.54
2022-01-10,NL,Dordrecht,pm25,24,53.0,95.0,70.0,1279.84
2022-01-10,NL,Breda,pm25,48,41.0,110.0,70.0,1495.11
2022-01-10,NL,Groningen,pm25,48,3.0,82.0,57.0,4830.43
2022-01-10,NL,Maastricht,pm25,96,13.0,107.0,55.0,1845.66
2022-01-10,NL,The Hague,pm25,72,27.0,125.0,66.0,3955.18
2022-01-10,PT,Lisbon,pm25,31,11.0,41.0,15.0,667.61
2022-01-10,PT,Funchal,pm25,65,3.0,56.0,39.0,2838.74
2022-01-10,CA,Hamilton,pm25,72,5.0,30.0,17.0,253.93
2022-01-10,CA,Calgary,pm25,79,1.0,116.0,9.0,10678.3
2022-01-10,CA,Winnipeg,pm25,24,15.0,54.0,17.0,595.65
2022-01-10,CA,Halifax,pm25,46,9.0,24.0,13.0,102.94
2022-01-10,CA,Kitchener,pm25,27,9.0,30.0,17.0,297.12
2022-01-10,CA,Edmonton,pm25,132,9.0,154.0,57.0,3391.8
2022-01-10,CA,Mississauga,pm25,48,5.0,42.0,17.0,951.59
2022-01-10,CA,Québec,pm25,177,7.0,69.0,16.0,1336.84
2022-01-10,CA,Vancouver,pm25,22,8.0,15.0,10.0,35.69
2022-01-10,CA,Victoria,pm25,46,9.0,59.0,25.0,804.89
2022-01-10,CA,Montréal,pm25,367,3.0,61.0,18.0,1028.53
2022-01-10,CA,Toronto,pm25,117,5.0,46.0,21.0,1139.86
2022-01-10,CA,Ottawa,pm25,71,12.0,40.0,21.0,515.39
2022-01-10,CA,London,pm25,36,9.0,30.0,17.0,290.56
2022-01-10,US,Oklahoma City,pm25,96,8.0,59.0,23.0,1209.26
2022-01-10,US,Raleigh,pm25,55,5.0,46.0,15.0,629.88
2022-01-10,US,Memphis,pm25,71,8.0,53.0,17.0,689.8
2022-01-10,US,Jackson,pm25,70,1.0,25.0,13.0,428.13
2022-01-10,US,Boston,pm25,112,5.0,50.0,21.0,1153.58
2022-01-10,US,Richmond,pm25,96,12.0,39.0,17.0,340.19
2022-01-10,US,Portland,pm25,168,10.0,78.0,25.0,3052.03
2022-01-10,US,Boise,pm25,81,5.0,80.0,34.0,3570.44
2022-01-10,US,Austin,pm25,33,5.0,38.0,17.0,633.75
2022-01-10,US,Honolulu,pm25,48,5.0,93.0,17.0,2186.95
2022-01-10,US,Fresno,pm25,48,42.0,111.0,68.0,2973.19
2022-01-10,US,Milwaukee,pm25,144,21.0,52.0,37.0,677.09
2022-01-10,US,Hartford,pm25,48,10.0,59.0,15.0,1344.52
2022-01-10,US,Washington D.C.,pm25,118,5.0,46.0,21.0,884.54
2022-01-10,US,Chicago,pm25,239,3.0,56.0,27.0,693.68
2022-01-10,US,Houston,pm25,25,1.0,53.0,19.0,1997.9
2022-01-10,US,Indianapolis,pm25,143,1.0,58.0,24.0,865.51
2022-01-10,US,Atlanta,pm25,23,8.0,23.0,14.0,158.97
2022-01-10,US,Charlotte,pm25,18,5.0,30.0,13.0,415.46
2022-01-10,US,Sacramento,pm25,71,9.0,134.0,38.0,8216.19
2022-01-10,US,Oakland,pm25,105,9.0,70.0,50.0,2416.88
2022-01-10,US,Providence,pm25,30,5.0,38.0,13.0,793.58
2022-01-10,US,Staten Island,pm25,118,5.0,58.0,34.0,1640.56
2022-01-10,US,Brooklyn,pm25,139,3.0,116.0,39.0,10367.3
2022-01-10,US,Springfield,pm25,71,7.0,59.0,31.0,908.08
2022-01-10,US,The Bronx,pm25,48,12.0,53.0,35.0,572.61
2022-01-10,US,San Jose,pm25,81,9.0,97.0,46.0,4340.56
2022-01-10,US,Los Angeles,pm25,69,3.0,99.0,34.0,4752.02
2022-01-10,US,Little Rock,pm25,23,9.0,67.0,19.0,3517.15
2022-01-10,US,Baltimore,pm25,48,9.0,58.0,25.0,553.17
2022-01-10,US,Phoenix,pm25,180,1.0,129.0,15.0,7593.84
2022-01-10,US,Omaha,pm25,48,9.0,55.0,30.0,1083.68
2022-01-10,US,El Paso,pm25,113,1.0,31.0,9.0,524.05
2022-01-10,US,Dallas,pm25,24,3.0,55.0,19.0,1453.04
2022-01-10,US,Seattle,pm25,263,5.0,151.0,53.0,4499.26
2022-01-10,US,Manhattan,pm25,61,1.0,80.0,35.0,2228.86
2022-01-10,US,Miami,pm25,94,8.0,40.0,20.0,477.46
2022-01-10,US,Jacksonville,pm25,139,2.0,44.0,23.0,568.62
2022-01-10,US,San Antonio,pm25,55,2.0,92.0,13.0,2535.34
2022-01-10,US,Philadelphia,pm25,91,3.0,57.0,24.0,1454.55
2022-01-10,US,San Diego,pm25,24,10.0,85.0,60.0,4299.55
2022-01-10,US,Columbus,pm25,48,17.0,53.0,27.0,809.64
2022-01-10,US,Saint Paul,pm25,144,13.0,63.0,46.0,862.65
2022-01-10,US,Denver,pm25,157,5.0,132.0,34.0,6777.26
2022-01-10,US,Salt Lake City,pm25,216,6.0,97.0,50.0,2794.74
2022-01-10,US,Albuquerque,pm25,72,5.0,94.0,25.0,4853.49
2022-01-10,US,San Francisco,pm25,71,9.0,65.0,34.0,2276.42
2022-01-10,US,Salem,pm25,71,17.0,71.0,40.0,2325.36
2022-01-10,US,Madison,pm25,48,24.0,55.0,36.0,927.8
2022-01-10,US,Nashville,pm25,92,5.0,50.0,18.0,801.92
2022-01-10,US,Tucson,pm25,144,5.0,59.0,17.0,1569.92
2022-01-10,US,Queens,pm25,112,8.0,116.0,44.0,10216.4
2022-01-10,US,Tallahassee,pm25,64,3.0,41.0,15.0,590.45
2022-01-10,US,Fort Worth,pm25,20,5.0,30.0,9.0,525.76
2022-01-10,RS,Novi Sad,pm25,48,56.0,118.0,82.0,3411.06
2022-01-10,RS,Niš,pm25,24,65.0,162.0,115.0,10531.0
2022-01-10,RS,Belgrade,pm25,120,57.0,155.0,94.0,6250.87
2022-01-10,CY,Nicosia,pm25,24,23.0,76.0,56.0,2451.01
2022-01-10,CY,Limassol,pm25,23,31.0,166.0,69.0,15294.4
2022-01-10,HR,Zagreb,pm25,24,69.0,160.0,145.0,7543.46
2022-01-10,HR,Rijeka,pm25,84,5.0,44.0,17.0,1126.5
2022-01-10,MK,Skopje,pm25,160,19.0,152.0,62.0,9450.09
2022-01-11,GE,Tbilisi,pm25,96,74.0,179.0,124.0,10174.3
2022-01-11,HU,Győr,pm25,48,46.0,85.0,63.0,619.98
2022-01-11,HU,Szeged,pm25,2,5.0,68.0,5.0,19845.0
2022-01-11,HU,Pécs,pm25,60,65.0,89.0,68.0,617.9
2022-01-11,HU,Kecskemét,pm25,44,42.0,139.0,57.0,6252.37
2022-01-11,HU,Miskolc,pm25,119,25.0,169.0,53.0,12214.0
2022-01-11,HU,Budapest,pm25,358,30.0,129.0,55.0,1951.11
2022-01-11,JP,Fukuoka,pm25,429,5.0,153.0,46.0,7282.33
2022-01-11,JP,Kanazawa,pm25,218,5.0,65.0,25.0,2005.84
2022-01-11,JP,Kumamoto,pm25,366,5.0,114.0,38.0,7440.27
2022-01-11,JP,Akita,pm25,31,5.0,53.0,25.0,1652.95
2022-01-11,JP,Kochi,pm25,47,5.0,78.0,38.0,2671.83
2022-01-11,JP,Gifu-shi,pm25,114,5.0,72.0,25.0,2944.43
2022-01-11,JP,Kyoto,pm25,571,5.0,87.0,50.0,1709.07
2022-01-11,JP,Hiroshima,pm25,315,5.0,91.0,46.0,3904.55
2022-01-11,JP,Shizuoka,pm25,231,5.0,76.0,30.0,2462.01
2022-01-11,JP,Chiba,pm25,840,5.0,91.0,46.0,2586.09
2022-01-11,JP,Sapporo,pm25,173,5.0,61.0,17.0,2051.93
2022-01-11,JP,Yokohama,pm25,542,1.0,91.0,42.0,2861.79
2022-01-11,JP,Tokyo,pm25,2546,5.0,87.0,55.0,1837.01
2022-01-11,JP,Saitama,pm25,481,5.0,104.0,57.0,2305.88
2022-01-11,JP,Naha,pm25,142,5.0,59.0,38.0,1298.43
2022-01-11,JP,Nagasaki,pm25,170,5.0,107.0,38.0,6368.5
2022-01-11,JP,Toyama,pm25,128,5.0,104.0,25.0,2757.6
2022-01-11,JP,Niigata,pm25,50,5.0,9.0,5.0,3.2
2022-01-11,JP,Nara-shi,pm25,185,5.0,76.0,42.0,2528.29
2022-01-11,JP,Okayama,pm25,284,5.0,112.0,55.0,3372.61
2022-01-11,JP,Sendai,pm25,402,5.0,55.0,25.0,1164.91
2022-01-11,JP,Osaka,pm25,1407,5.0,119.0,46.0,2019.25
2022-01-11,JP,Miyazaki,pm25,133,5.0,122.0,46.0,4960.52
2022-01-11,JP,Matsuyama,pm25,154,5.0,95.0,50.0,5052.51
2022-01-11,JP,Wakayama,pm25,283,5.0,78.0,42.0,2102.08
2022-01-11,JP,Takamatsu,pm25,258,5.0,104.0,34.0,2882.87
2022-01-11,JP,Nagoya,pm25,729,5.0,114.0,46.0,3717.18
2022-01-11,JP,Ōita,pm25,240,5.0,87.0,38.0,4507.0
2022-01-11,JP,Kobe,pm25,425,5.0,80.0,50.0,1403.61
2022-01-11,JP,Nagano,pm25,94,9.0,63.0,34.0,1986.59
2022-01-11,JP,Utsunomiya,pm25,448,5.0,85.0,46.0,3232.3
2022-01-11,JP,Kagoshima,pm25,94,13.0,72.0,30.0,2710.94
2022-01-11,SK,Košice,pm25,96,17.0,151.0,50.0,5671.89
2022-01-11,SK,Bratislava,pm25,96,57.0,97.0,68.0,695.05
2022-01-11,FI,Vantaa,pm25,24,12.0,65.0,37.0,2628.24
2022-01-11,FI,Turku,pm25,24,6.0,58.0,15.0,2846.01
2022-01-11,FI,Helsinki,pm25,120,12.0,75.0,30.0,2644.84
2022-01-11,FI,Tampere,pm25,96,7.0,72.0,27.0,3502.8
2022-01-11,ET,Addis Ababa,pm25,48,38.0,93.0,57.0,1585.6
2022-01-11,CH,Zürich,pm25,17,1.0,2.0,2.0,2.43
2022-01-11,CO,Bogotá,pm25,313,9.0,85.0,53.0,2025.55
2022-01-11,CO,Medellín,pm25,271,30.0,82.0,55.0,1011.97
2022-01-11,DK,Copenhagen,pm25,24,25.0,85.0,62.0,2648.7
2022-01-11,GB,Edinburgh,pm25,252,17.0,53.0,30.0,362.51
2022-01-11,GB,Norwich,pm25,14,57.0,81.0,67.0,617.58
2022-01-11,GB,Liverpool,pm25,41,21.0,57.0,37.0,825.39
2022-01-11,GB,Belfast,pm25,90,21.0,59.0,34.0,719.33
2022-01-11,GB,Coventry,pm25,65,16.0,64.0,42.0,859.22
2022-01-11,GB,Leeds,pm25,33,37.0,82.0,55.0,832.35
2022-01-11,GB,Cardiff,pm25,138,5.0,59.0,34.0,2046.57
2022-01-11,GB,Bristol,pm25,63,9.0,57.0,34.0,1877.88
2022-01-11,GB,London,pm25,399,1.0,70.0,43.0,1992.63
2022-01-11,GB,Birmingham,pm25,40,38.0,98.0,53.0,1588.3
2022-01-11,GB,Sheffield,pm25,64,6.0,99.0,47.0,3385.26
2022-01-11,GB,Newport,pm25,48,8.0,43.0,26.0,1191.42
2022-01-11,GB,Leicester,pm25,19,34.0,75.0,44.0,1200.23
2022-01-11,GB,Manchester,pm25,72,21.0,98.0,55.0,2867.93
2022-01-11,GB,Plymouth,pm25,37,5.0,49.0,30.0,2118.36
2022-01-11,GB,Glasgow,pm25,395,17.0,50.0,34.0,313.7
2022-01-11,GB,Preston,pm25,47,24.0,107.0,47.0,3179.0
2022-01-11,GB,Swansea,pm25,90,9.0,59.0,25.0,1574.93
2022-01-11,GB,Southend-on-Sea,pm25,40,38.0,84.0,57.0,1350.15
2022-01-11,ID,Jakarta,pm25,46,13.0,95.0,61.0,4414.94
2022-01-11,NP,Kathmandu,pm25,77,23.0,194.0,119.0,27059.1
2022-01-11,NP,Pokhara,pm25,33,61.0,223.0,201.0,41279.0
2022-01-11,NP,Biratnagar,pm25,48,88.0,155.0,121.0,4341.21
2022-01-11,AU,Sydney,pm25,160,1.0,65.0,21.0,1128.52
2022-01-11,AU,Newcastle,pm25,139,2.0,65.0,22.0,1181.75
2022-01-11,AU,Launceston,pm25,116,5.0,25.0,9.0,159.7
2022-01-11,AU,Hobart,pm25,46,5.0,72.0,9.0,984.02
2022-01-11,AU,Darwin,pm25,61,2.0,24.0,13.0,486.06
2022-01-11,AU,Melbourne,pm25,175,8.0,86.0,38.0,1717.84
2022-01-11,AU,Canberra,pm25,60,1.0,60.0,25.0,2907.6
2022-01-11,AU,Adelaide,pm25,89,2.0,72.0,25.0,2234.06
2022-01-11,AU,Brisbane,pm25,194,1.0,76.0,29.0,1381.58
2022-01-11,AU,Perth,pm25,88,2.0,14.0,7.0,99.87
2022-01-11,AU,Wollongong,pm25,44,1.0,77.0,20.0,2906.79
2022-01-11,CI,Abidjan,pm25,24,114.0,165.0,147.0,1606.07
2022-01-11,GH,Accra,pm25,24,104.0,158.0,129.0,3224.28
2022-01-11,IQ,Baghdad,pm25,24,97.0,171.0,155.0,4084.76
2022-01-11,IS,Reykjavík,pm25,116,5.0,824.0,25.0,56156.2
2022-01-11,KG,Bishkek,pm25,23,109.0,194.0,154.0,3693.16
2022-01-11,NL,Utrecht,pm25,47,53.0,86.0,70.0,738.68
2022-01-11,NL,Nijmegen,pm25,48,44.0,76.0,64.0,379.25
2022-01-11,NL,Haarlem,pm25,117,48.0,111.0,71.0,2086.7
2022-01-11,NL,Eindhoven,pm25,24,53.0,83.0,71.0,566.3
2022-01-11,NL,Rotterdam,pm25,192,53.0,99.0,65.0,953.89
2022-01-11,NL,Amsterdam,pm25,262,29.0,160.0,67.0,1389.81
2022-01-11,NL,Dordrecht,pm25,22,53.0,89.0,72.0,1050.13
2022-01-11,NL,Breda,pm25,48,28.0,89.0,61.0,1843.4
2022-01-11,NL,Groningen,pm25,48,43.0,83.0,63.0,607.76
2022-01-11,NL,Maastricht,pm25,95,25.0,139.0,72.0,3013.96
2022-01-11,NL,The Hague,pm25,72,45.0,99.0,69.0,1451.74
2022-01-11,PT,Lisbon,pm25,25,13.0,35.0,18.0,449.43
2022-01-11,PT,Funchal,pm25,64,2.0,32.0,7.0,1532.18
2022-01-11,CA,Hamilton,pm25,87,17.0,57.0,30.0,1131.54
2022-01-11,CA,Calgary,pm25,74,1.0,61.0,8.0,1475.17
2022-01-11,CA,Winnipeg,pm25,24,18.0,50.0,30.0,1391.01
2022-01-11,CA,Halifax,pm25,46,10.0,34.0,26.0,644.21
2022-01-11,CA,Kitchener,pm25,47,9.0,50.0,25.0,530.83
2022-01-11,CA,Edmonton,pm25,128,1.0,101.0,23.0,4384.69
2022-01-11,CA,Mississauga,pm25,64,21.0,55.0,34.0,790.94
2022-01-11,CA,Québec,pm25,181,14.0,140.0,42.0,2841.49
2022-01-11,CA,Vancouver,pm25,23,7.0,27.0,13.0,216.96
2022-01-11,CA,Victoria,pm25,45,5.0,65.0,21.0,1578.01
2022-01-11,CA,Montréal,pm25,392,14.0,125.0,52.0,2234.98
2022-01-11,CA,Toronto,pm25,138,9.0,74.0,38.0,2232.7
2022-01-11,CA,Ottawa,pm25,68,25.0,54.0,42.0,619.25
2022-01-11,CA,London,pm25,46,13.0,38.0,21.0,356.71
2022-01-11,US,Oklahoma City,pm25,96,8.0,53.0,18.0,700.53
2022-01-11,US,Raleigh,pm25,65,5.0,57.0,17.0,1198.57
2022-01-11,US,Memphis,pm25,72,8.0,56.0,21.0,1362.02
2022-01-11,US,Jackson,pm25,66,2.0,68.0,24.0,1610.17
2022-01-11,US,Boston,pm25,142,9.0,89.0,38.0,2796.41
2022-01-11,US,Richmond,pm25,96,16.0,62.0,31.0,785.28
2022-01-11,US,Portland,pm25,168,8.0,55.0,24.0,1449.36
2022-01-11,US,Boise,pm25,96,13.0,80.0,38.0,2753.19
2022-01-11,US,Austin,pm25,42,5.0,53.0,17.0,1608.53
2022-01-11,US,Honolulu,pm25,72,5.0,53.0,25.0,1238.26
2022-01-11,US,Fresno,pm25,48,34.0,139.0,72.0,4381.27
2022-01-11,US,Milwaukee,pm25,142,28.0,54.0,41.0,338.32
2022-01-11,US,Hartford,pm25,48,13.0,45.0,21.0,535.42
2022-01-11,US,Washington D.C.,pm25,116,5.0,68.0,26.0,1987.81
2022-01-11,US,Chicago,pm25,235,5.0,60.0,35.0,901.05
2022-01-11,US,Houston,pm25,24,10.0,32.0,21.0,460.58
2022-01-11,US,Indianapolis,pm25,144,15.0,68.0,33.0,858.59
2022-01-11,US,Atlanta,pm25,23,11.0,52.0,13.0,1374.98
2022-01-11,US,Charlotte,pm25,36,5.0,55.0,21.0,1720.35
2022-01-11,US,Sacramento,pm25,72,17.0,114.0,56.0,4110.11
2022-01-11,US,Oakland,pm25,119,13.0,76.0,46.0,2087.1
2022-01-11,US,Providence,pm25,41,5.0,50.0,17.0,703.76
2022-01-11,US,Staten Island,pm25,113,4.0,53.0,30.0,1624.27
2022-01-11,US,Brooklyn,pm25,139,2.0,106.0,42.0,5835.3
2022-01-11,US,Springfield,pm25,71,11.0,53.0,35.0,814.94
2022-01-11,US,The Bronx,pm25,48,27.0,54.0,40.0,385.09
2022-01-11,US,San Jose,pm25,95,5.0,99.0,50.0,3643.85
2022-01-11,US,Los Angeles,pm25,71,5.0,86.0,30.0,5426.16
2022-01-11,US,Little Rock,pm25,24,15.0,53.0,38.0,1384.33
2022-01-11,US,Baltimore,pm25,47,9.0,72.0,25.0,2052.38
2022-01-11,US,Phoenix,pm25,170,1.0,96.0,25.0,5428.1
2022-01-11,US,Omaha,pm25,45,9.0,55.0,34.0,1632.0
2022-01-11,US,El Paso,pm25,127,2.0,151.0,18.0,4902.66
2022-01-11,US,Dallas,pm25,24,9.0,86.0,34.0,4755.92
2022-01-11,US,Seattle,pm25,260,2.0,57.0,22.0,1809.22
2022-01-11,US,Manhattan,pm25,72,3.0,52.0,39.0,2014.49
2022-01-11,US,Miami,pm25,94,16.0,43.0,26.0,289.03
2022-01-11,US,Jacksonville,pm25,139,4.0,35.0,22.0,255.6
2022-01-11,US,San Antonio,pm25,68,1.0,54.0,17.0,1713.75
2022-01-11,US,Philadelphia,pm25,89,1.0,57.0,18.0,1322.06
2022-01-11,US,San Diego,pm25,24,8.0,66.0,43.0,3389.98
2022-01-11,US,Columbus,pm25,48,13.0,55.0,31.0,898.83
2022-01-11,US,Saint Paul,pm25,138,5.0,53.0,25.0,1062.22
2022-01-11,US,Denver,pm25,157,5.0,85.0,34.0,4267.56
2022-01-11,US,Salt Lake City,pm25,215,29.0,120.0,76.0,4196.25
2022-01-11,US,Albuquerque,pm25,70,8.0,105.0,24.0,3912.94
2022-01-11,US,San Francisco,pm25,70,5.0,76.0,34.0,1578.96
2022-01-11,US,Salem,pm25,72,11.0,63.0,24.0,2398.47
2022-01-11,US,Madison,pm25,48,25.0,51.0,38.0,377.55
2022-01-11,US,Nashville,pm25,92,5.0,63.0,30.0,1671.96
2022-01-11,US,Tucson,pm25,150,5.0,72.0,17.0,1760.09
2022-01-11,US,Queens,pm25,110,23.0,106.0,47.0,3652.91
2022-01-11,US,Tallahassee,pm25,72,6.0,45.0,16.0,795.02
2022-01-11,US,Fort Worth,pm25,20,5.0,55.0,13.0,2110.53
2022-01-11,RS,Novi Sad,pm25,48,47.0,94.0,66.0,936.15
2022-01-11,RS,Niš,pm25,24,74.0,151.0,96.0,3780.71
2022-01-11,RS,Belgrade,pm25,119,49.0,145.0,77.0,2988.33
2022-01-11,CY,Nicosia,pm25,24,25.0,99.0,69.0,3685.8
2022-01-11,CY,Limassol,pm25,24,45.0,100.0,84.0,1872.16
2022-01-11,HR,Zagreb,pm25,24,65.0,101.0,79.0,1097.37
2022-01-11,HR,Rijeka,pm25,85,13.0,75.0,51.0,2797.06
2022-01-11,MK,Skopje,pm25,168,7.0,91.0,56.0,3268.53
2022-01-12,GE,Tbilisi,pm25,96,74.0,159.0,111.0,8920.75
2022-01-12,HU,Győr,pm25,47,42.0,102.0,76.0,1208.98
2022-01-12,HU,Szeged,pm25,23,34.0,132.0,61.0,4206.13
2022-01-12,HU,Pécs,pm25,72,34.0,157.0,76.0,9936.74
2022-01-12,HU,Kecskemét,pm25,46,38.0,152.0,76.0,8188.21
2022-01-12,HU,Miskolc,pm25,118,53.0,181.0,95.0,13164.5
2022-01-12,HU,Budapest,pm25,358,42.0,112.0,72.0,1615.01
2022-01-12,JP,Fukuoka,pm25,405,5.0,76.0,25.0,1130.69
2022-01-12,JP,Kanazawa,pm25,219,5.0,68.0,17.0,1518.24
2022-01-12,JP,Kumamoto,pm25,349,5.0,78.0,25.0,1492.24
2022-01-12,JP,Akita,pm25,38,9.0,72.0,38.0,2345.92
2022-01-12,JP,Kochi,pm25,44,5.0,38.0,17.0,862.55
2022-01-12,JP,Gifu-shi,pm25,113,5.0,74.0,17.0,2195.38
2022-01-12,JP,Kyoto,pm25,520,5.0,57.0,21.0,1143.27
2022-01-12,JP,Hiroshima,pm25,281,5.0,61.0,21.0,1453.35
2022-01-12,JP,Shizuoka,pm25,189,5.0,70.0,13.0,1306.74
2022-01-12,JP,Chiba,pm25,526,5.0,95.0,13.0,1889.38
2022-01-12,JP,Sapporo,pm25,167,5.0,46.0,13.0,823.85
2022-01-12,JP,Yokohama,pm25,445,1.0,91.0,17.0,2026.79
2022-01-12,JP,Tokyo,pm25,1976,1.0,76.0,13.0,1134.38
2022-01-12,JP,Saitama,pm25,383,5.0,53.0,9.0,557.08
2022-01-12,JP,Naha,pm25,140,5.0,42.0,25.0,969.33
2022-01-12,JP,Nagasaki,pm25,147,5.0,65.0,25.0,2368.44
2022-01-12,JP,Toyama,pm25,142,5.0,46.0,17.0,906.6
2022-01-12,JP,Niigata,pm25,153,5.0,55.0,17.0,2483.89
2022-01-12,JP,Nara-shi,pm25,165,5.0,53.0,17.0,945.53
2022-01-12,JP,Okayama,pm25,276,5.0,85.0,30.0,1488.55
2022-01-12,JP,Sendai,pm25,334,5.0,42.0,13.0,547.89
2022-01-12,JP,Osaka,pm25,1207,5.0,76.0,17.0,841.14
2022-01-12,JP,Miyazaki,pm25,121,5.0,63.0,30.0,2083.28
2022-01-12,JP,Matsuyama,pm25,143,5.0,74.0,25.0,1859.95
2022-01-12,JP,Wakayama,pm25,265,5.0,61.0,21.0,1115.56
2022-01-12,JP,Takamatsu,pm25,244,5.0,46.0,21.0,675.83
2022-01-12,JP,Nagoya,pm25,663,5.0,55.0,13.0,948.6
2022-01-12,JP,Ōita,pm25,216,5.0,74.0,21.0,1049.24
2022-01-12,JP,Kobe,pm25,415,5.0,55.0,17.0,796.46
2022-01-12,JP,Nagano,pm25,54,5.0,25.0,13.0,245.98
2022-01-12,JP,Utsunomiya,pm25,260,5.0,80.0,17.0,5254.98
2022-01-12,JP,Kagoshima,pm25,94,13.0,38.0,30.0,354.26
2022-01-12,SK,Košice,pm25,96,46.0,144.0,76.0,4342.05
2022-01-12,SK,Bratislava,pm25,95,59.0,102.0,82.0,865.17
2022-01-12,FI,Vantaa,pm25,23,3.0,35.0,18.0,670.67
2022-01-12,FI,Turku,pm25,23,3.0,23.0,13.0,317.04
2022-01-12,FI,Helsinki,pm25,118,4.0,53.0,22.0,1331.07
2022-01-12,FI,Tampere,pm25,92,1.0,36.0,13.0,533.61
2022-01-12,ET,Addis Ababa,pm25,48,34.0,78.0,55.0,1346.7
2022-01-12,CH,Zürich,pm25,18,1.0,3.0,2.0,4.08
2022-01-12,CO,Bogotá,pm25,291,21.0,824.0,57.0,25912.3
2022-01-12,CO,Medellín,pm25,293,38.0,89.0,57.0,936.11
2022-01-12,DK,Copenhagen,pm25,24,16.0,54.0,27.0,571.23
2022-01-12,GB,Edinburgh,pm25,198,13.0,34.0,21.0,219.53
2022-01-12,GB,Norwich,pm25,24,51.0,72.0,58.0,408.04
2022-01-12,GB,Liverpool,pm25,36,31.0,71.0,42.0,711.68
2022-01-12,GB,Belfast,pm25,43,28.0,67.0,42.0,921.06
2022-01-12,GB,Coventry,pm25,60,34.0,69.0,53.0,486.38
2022-01-12,GB,Leeds,pm25,33,34.0,59.0,46.0,378.43
2022-01-12,GB,Cardiff,pm25,144,5.0,104.0,46.0,6186.08
2022-01-12,GB,Bristol,pm25,70,30.0,153.0,57.0,7210.03
2022-01-12,GB,London,pm25,440,5.0,167.0,65.0,3918.55
2022-01-12,GB,Birmingham,pm25,40,50.0,95.0,65.0,1214.87
2022-01-12,GB,Sheffield,pm25,56,38.0,85.0,55.0,1083.61
2022-01-12,GB,Newport,pm25,47,21.0,72.0,34.0,2392.59
2022-01-12,GB,Leicester,pm25,21,55.0,91.0,69.0,874.14
2022-01-12,GB,Manchester,pm25,87,53.0,153.0,68.0,1834.55
2022-01-12,GB,Plymouth,pm25,47,13.0,85.0,34.0,2891.72
2022-01-12,GB,Glasgow,pm25,368,13.0,46.0,26.0,370.35
2022-01-12,GB,Preston,pm25,45,46.0,151.0,59.0,6677.73
2022-01-12,GB,Swansea,pm25,95,5.0,153.0,46.0,10019.2
2022-01-12,GB,Southend-on-Sea,pm25,48,42.0,92.0,60.0,1758.72
2022-01-12,ID,Jakarta,pm25,48,21.0,119.0,61.0,3715.95
2022-01-12,NP,Kathmandu,pm25,95,19.0,179.0,119.0,24534.4
2022-01-12,NP,Pokhara,pm25,31,64.0,220.0,178.0,34531.1
2022-01-12,NP,Biratnagar,pm25,48,96.0,158.0,126.0,3798.71
2022-01-12,AU,Sydney,pm25,145,1.0,44.0,15.0,775.14
2022-01-12,AU,Newcastle,pm25,138,1.0,55.0,20.0,949.87
2022-01-12,AU,Launceston,pm25,96,5.0,38.0,5.0,186.1
2022-01-12,AU,Hobart,pm25,36,5.0,50.0,5.0,588.79
2022-01-12,AU,Darwin,pm25,59,1.0,40.0,14.0,860.46
2022-01-12,AU,Melbourne,pm25,176,1.0,75.0,24.0,1283.36
2022-01-12,AU,Canberra,pm25,43,3.0,60.0,17.0,2630.71
2022-01-12,AU,Adelaide,pm25,94,25.0,65.0,42.0,807.01
2022-01-12,AU,Brisbane,pm25,178,1.0,58.0,25.0,873.53
2022-01-12,AU,Perth,pm25,92,2.0,15.0,8.0,84.28
2022-01-12,AU,Wollongong,pm25,39,1.0,59.0,11.0,2184.91
2022-01-12,CI,Abidjan,pm25,24,95.0,157.0,117.0,2283.19
2022-01-12,GH,Accra,pm25,18,91.0,163.0,132.0,3812.06
2022-01-12,IS,Reykjavík,pm25,120,5.0,82.0,28.0,962.34
2022-01-12,KG,Bishkek,pm25,21,5.0,87.0,55.0,4137.62
2022-01-12,NL,Utrecht,pm25,48,36.0,97.0,66.0,1618.47
2022-01-12,NL,Nijmegen,pm25,48,57.0,95.0,74.0,727.22
2022-01-12,NL,Haarlem,pm25,116,3.0,83.0,41.0,4448.28
2022-01-12,NL,Eindhoven,pm25,24,54.0,95.0,78.0,947.75
2022-01-12,NL,Rotterdam,pm25,192,30.0,97.0,69.0,2414.9
2022-01-12,NL,Amsterdam,pm25,262,5.0,90.0,55.0,3073.92
2022-01-12,NL,Dordrecht,pm25,24,52.0,89.0,74.0,1074.33
2022-01-12,NL,Breda,pm25,48,42.0,93.0,73.0,1144.68
2022-01-12,NL,Groningen,pm25,48,8.0,80.0,44.0,3517.66
2022-01-12,NL,Maastricht,pm25,95,42.0,122.0,78.0,3267.85
2022-01-12,NL,The Hague,pm25,72,10.0,90.0,51.0,4365.76
2022-01-12,PT,Lisbon,pm25,34,18.0,52.0,36.0,770.45
2022-01-12,PT,Funchal,pm25,58,1.0,48.0,13.0,1751.63
2022-01-12,CA,Hamilton,pm25,82,21.0,82.0,50.0,1826.18
2022-01-12,CA,Calgary,pm25,76,2.0,75.0,10.0,2318.12
2022-01-12,CA,Winnipeg,pm25,24,26.0,46.0,30.0,273.04
2022-01-12,CA,Halifax,pm25,46,17.0,42.0,23.0,342.32
2022-01-12,CA,Kitchener,pm25,44,17.0,97.0,46.0,3947.02
2022-01-12,CA,Edmonton,pm25,131,12.0,72.0,35.0,2737.61
2022-01-12,CA,Mississauga,pm25,63,25.0,65.0,46.0,1083.46
2022-01-12,CA,Québec,pm25,184,18.0,132.0,56.0,4215.67
2022-01-12,CA,Vancouver,pm25,23,3.0,11.0,8.0,69.49
2022-01-12,CA,Victoria,pm25,39,5.0,55.0,21.0,1265.52
2022-01-12,CA,Montréal,pm25,383,21.0,126.0,61.0,3004.65
2022-01-12,CA,Toronto,pm25,135,13.0,72.0,50.0,2795.95
2022-01-12,CA,Ottawa,pm25,69,38.0,86.0,54.0,1439.26
2022-01-12,CA,London,pm25,46,25.0,70.0,42.0,1330.14
2022-01-12,US,Oklahoma City,pm25,96,11.0,62.0,23.0,1813.25
2022-01-12,US,Raleigh,pm25,67,17.0,89.0,33.0,1623.6
2022-01-12,US,Memphis,pm25,71,16.0,38.0,20.0,215.78
2022-01-12,US,Jackson,pm25,72,2.0,97.0,32.0,4808.01
2022-01-12,US,Boston,pm25,138,21.0,63.0,46.0,881.45
2022-01-12,US,Richmond,pm25,93,25.0,47.0,34.0,274.81
2022-01-12,US,Portland,pm25,166,5.0,105.0,18.0,2363.76
2022-01-12,US,Boise,pm25,96,25.0,89.0,61.0,1837.89
2022-01-12,US,Austin,pm25,46,13.0,63.0,38.0,1605.47
2022-01-12,US,Honolulu,pm25,70,9.0,65.0,25.0,1758.06
2022-01-12,US,Fresno,pm25,40,53.0,132.0,80.0,3108.21
2022-01-12,US,Milwaukee,pm25,142,27.0,69.0,40.0,742.84
2022-01-12,US,Hartford,pm25,48,35.0,61.0,52.0,395.21
2022-01-12,US,Washington D.C.,pm25,120,13.0,80.0,34.0,1349.24
2022-01-12,US,Chicago,pm25,239,17.0,97.0,36.0,1275.22
2022-01-12,US,Houston,pm25,24,15.0,86.0,48.0,4989.28
2022-01-12,US,Indianapolis,pm25,144,5.0,75.0,35.0,1547.12
2022-01-12,US,Atlanta,pm25,24,28.0,53.0,38.0,439.06
2022-01-12,US,Charlotte,pm25,47,5.0,72.0,38.0,2360.18
2022-01-12,US,Sacramento,pm25,70,25.0,144.0,76.0,6203.52
2022-01-12,US,Oakland,pm25,119,21.0,109.0,68.0,4480.08
2022-01-12,US,Providence,pm25,48,5.0,61.0,34.0,2188.01
2022-01-12,US,Staten Island,pm25,120,7.0,76.0,34.0,2476.33
2022-01-12,US,Brooklyn,pm25,144,4.0,69.0,45.0,2079.37
2022-01-12,US,Springfield,pm25,69,5.0,60.0,31.0,1653.79
2022-01-12,US,The Bronx,pm25,48,27.0,59.0,40.0,809.34
2022-01-12,US,San Jose,pm25,95,17.0,89.0,55.0,3410.99
2022-01-12,US,Los Angeles,pm25,68,5.0,84.0,54.0,3966.94
2022-01-12,US,Little Rock,pm25,24,15.0,62.0,35.0,1641.72
2022-01-12,US,Baltimore,pm25,54,21.0,84.0,46.0,2744.03
2022-01-12,US,Phoenix,pm25,179,2.0,133.0,48.0,6448.95
2022-01-12,US,Omaha,pm25,38,5.0,38.0,21.0,838.53
2022-01-12,US,El Paso,pm25,142,4.0,93.0,21.0,3698.04
2022-01-12,US,Dallas,pm25,23,4.0,68.0,25.0,3206.56
2022-01-12,US,Seattle,pm25,255,1.0,72.0,25.0,2311.27
2022-01-12,US,Manhattan,pm25,72,9.0,65.0,38.0,2081.95
2022-01-12,US,Miami,pm25,94,15.0,37.0,25.0,285.69
2022-01-12,US,Jacksonville,pm25,136,2.0,49.0,22.0,507.53
2022-01-12,US,San Antonio,pm25,59,12.0,114.0,32.0,3880.41
2022-01-12,US,Philadelphia,pm25,94,4.0,83.0,35.0,1887.45
2022-01-12,US,San Diego,pm25,24,8.0,66.0,42.0,2523.89
2022-01-12,US,Columbus,pm25,48,8.0,65.0,28.0,1591.45
2022-01-12,US,Saint Paul,pm25,140,5.0,74.0,38.0,2634.56
2022-01-12,US,Denver,pm25,153,5.0,93.0,30.0,4042.7
2022-01-12,US,Salt Lake City,pm25,216,32.0,110.0,76.0,2570.81
2022-01-12,US,Albuquerque,pm25,70,5.0,67.0,16.0,2260.55
2022-01-12,US,San Francisco,pm25,71,25.0,107.0,70.0,3351.11
2022-01-12,US,Salem,pm25,72,9.0,64.0,13.0,1643.1
2022-01-12,US,Madison,pm25,47,19.0,68.0,27.0,2546.47
2022-01-12,US,Nashville,pm25,68,13.0,70.0,30.0,1756.46
2022-01-12,US,Tucson,pm25,159,5.0,68.0,25.0,2586.14
2022-01-12,US,Queens,pm25,96,17.0,62.0,42.0,1181.33
2022-01-12,US,Tallahassee,pm25,63,13.0,72.0,24.0,1658.71
2022-01-12,US,Fort Worth,pm25,20,5.0,46.0,13.0,1244.74
2022-01-12,RS,Novi Sad,pm25,48,30.0,188.0,83.0,18522.6
2022-01-12,RS,Niš,pm25,24,79.0,104.0,86.0,452.97
2022-01-12,RS,Belgrade,pm25,120,46.0,177.0,82.0,12669.5
2022-01-12,CY,Nicosia,pm25,24,55.0,123.0,72.0,2656.52
2022-01-12,CY,Limassol,pm25,13,22.0,101.0,74.0,3775.64
2022-01-12,HR,Zagreb,pm25,24,68.0,168.0,95.0,10556.5
2022-01-12,HR,Rijeka,pm25,80,10.0,81.0,36.0,2327.47
2022-01-12,MK,Skopje,pm25,168,8.0,97.0,58.0,4553.53
2022-01-13,GE,Tbilisi,pm25,96,57.0,164.0,114.0,9612.52
2022-01-13,HU,Győr,pm25,48,5.0,87.0,68.0,2456.44
2022-01-13,HU,Szeged,pm25,22,104.0,153.0,124.0,2117.51
2022-01-13,HU,Pécs,pm25,72,82.0,156.0,112.0,5094.08
2022-01-13,HU,Kecskemét,pm25,48,85.0,154.0,129.0,7207.66
2022-01-13,HU,Miskolc,pm25,119,122.0,178.0,156.0,1465.25
2022-01-13,HU,Budapest,pm25,360,55.0,154.0,85.0,6013.42
2022-01-13,JP,Fukuoka,pm25,424,5.0,82.0,42.0,2192.73
2022-01-13,JP,Kanazawa,pm25,192,5.0,53.0,13.0,1515.99
2022-01-13,JP,Kumamoto,pm25,374,5.0,91.0,42.0,2692.63
2022-01-13,JP,Akita,pm25,39,5.0,61.0,38.0,2625.11
2022-01-13,JP,Kochi,pm25,45,9.0,57.0,30.0,2498.82
2022-01-13,JP,Gifu-shi,pm25,128,5.0,65.0,25.0,3207.01
2022-01-13,JP,Kyoto,pm25,562,5.0,109.0,34.0,2727.98
2022-01-13,JP,Hiroshima,pm25,294,5.0,93.0,38.0,4812.88
2022-01-13,JP,Shizuoka,pm25,213,5.0,63.0,21.0,2770.16
2022-01-13,JP,Chiba,pm25,667,5.0,152.0,17.0,2571.71
2022-01-13,JP,Sapporo,pm25,132,5.0,46.0,9.0,609.64
2022-01-13,JP,Yokohama,pm25,475,1.0,149.0,21.0,2181.51
2022-01-13,JP,Tokyo,pm25,2289,1.0,161.0,21.0,1723.49
2022-01-13,JP,Saitama,pm25,452,5.0,72.0,21.0,1493.83
2022-01-13,JP,Naha,pm25,139,5.0,91.0,21.0,4815.84
2022-01-13,JP,Nagasaki,pm25,179,5.0,87.0,38.0,3130.81
2022-01-13,JP,Toyama,pm25,137,5.0,55.0,17.0,1124.27
2022-01-13,JP,Niigata,pm25,208,5.0,57.0,21.0,1238.08
2022-01-13,JP,Nara-shi,pm25,179,5.0,89.0,30.0,3806.16
2022-01-13,JP,Okayama,pm25,264,5.0,91.0,42.0,3411.37
2022-01-13,JP,Sendai,pm25,421,5.0,59.0,13.0,613.57
2022-01-13,JP,Osaka,pm25,1384,5.0,95.0,30.0,3424.61
2022-01-13,JP,Miyazaki,pm25,133,9.0,63.0,38.0,1661.58
2022-01-13,JP,Matsuyama,pm25,120,9.0,76.0,42.0,3602.65
2022-01-13,JP,Wakayama,pm25,280,5.0,107.0,34.0,5032.58
2022-01-13,JP,Takamatsu,pm25,254,5.0,85.0,34.0,4252.24
2022-01-13,JP,Nagoya,pm25,707,5.0,89.0,25.0,2076.01
2022-01-13,JP,Ōita,pm25,247,5.0,85.0,34.0,2082.76
2022-01-13,JP,Kobe,pm25,428,5.0,91.0,34.0,3215.58
2022-01-13,JP,Nagano,pm25,76,5.0,53.0,17.0,1264.93
2022-01-13,JP,Utsunomiya,pm25,329,5.0,74.0,25.0,3700.24
2022-01-13,JP,Kagoshima,pm25,92,13.0,55.0,34.0,1098.69
2022-01-13,SK,Košice,pm25,96,82.0,156.0,109.0,4113.67
2022-01-13,SK,Bratislava,pm25,96,53.0,82.0,68.0,571.15
2022-01-13,FI,Vantaa,pm25,21,1.0,11.0,4.0,99.33
2022-01-13,FI,Turku,pm25,20,1.0,11.0,6.0,73.97
2022-01-13,FI,Helsinki,pm25,115,1.0,22.0,9.0,312.86
2022-01-13,FI,Tampere,pm25,79,1.0,14.0,5.0,65.88
2022-01-13,ET,Addis Ababa,pm25,48,25.0,82.0,53.0,2091.06
2022-01-13,CH,Zürich,pm25,15,3.0,5.0,3.0,4.0
2022-01-13,CO,Bogotá,pm25,315,5.0,149.0,55.0,4797.65
2022-01-13,CO,Medellín,pm25,259,38.0,82.0,53.0,705.49
2022-01-13,DK,Copenhagen,pm25,24,12.0,32.0,24.0,335.49
2022-01-13,GB,Edinburgh,pm25,227,4.0,42.0,13.0,306.41
2022-01-13,GB,Norwich,pm25,22,56.0,91.0,61.0,645.04
2022-01-13,GB,Liverpool,pm25,35,38.0,72.0,53.0,767.85
2022-01-13,GB,Belfast,pm25,56,20.0,66.0,46.0,821.09
2022-01-13,GB,Coventry,pm25,63,55.0,102.0,60.0,1012.53
2022-01-13,GB,Leeds,pm25,38,24.0,57.0,34.0,330.55
2022-01-13,GB,Cardiff,pm25,89,5.0,89.0,53.0,4213.61
2022-01-13,GB,Bristol,pm25,72,50.0,160.0,72.0,7460.66
2022-01-13,GB,London,pm25,432,27.0,134.0,68.0,2626.6
2022-01-13,GB,Birmingham,pm25,37,42.0,112.0,62.0,2373.53
2022-01-13,GB,Sheffield,pm25,64,17.0,89.0,44.0,3276.97
2022-01-13,GB,Newport,pm25,46,33.0,81.0,57.0,2407.0
2022-01-13,GB,Leicester,pm25,24,64.0,86.0,68.0,450.36
2022-01-13,GB,Manchester,pm25,81,35.0,100.0,63.0,1934.29
2022-01-13,GB,Reading,pm25,28,38.0,117.0,76.0,5176.93
2022-01-13,GB,Plymouth,pm25,38,38.0,78.0,53.0,979.07
2022-01-13,GB,Glasgow,pm25,431,5.0,55.0,13.0,467.95
2022-01-13,GB,Preston,pm25,34,26.0,153.0,55.0,8452.91
2022-01-13,GB,Swansea,pm25,108,25.0,119.0,74.0,3771.24
2022-01-13,GB,Southend-on-Sea,pm25,40,23.0,75.0,57.0,1478.95
2022-01-13,ID,Jakarta,pm25,48,42.0,104.0,68.0,2289.29
2022-01-13,NP,Kathmandu,pm25,72,5.0,169.0,80.0,26828.5
2022-01-13,NP,Pokhara,pm25,28,50.0,235.0,176.0,34460.4
2022-01-13,NP,Biratnagar,pm25,48,99.0,151.0,124.0,1945.09
2022-01-13,AU,Sydney,pm25,132,1.0,86.0,9.0,1061.35
2022-01-13,AU,Newcastle,pm25,132,1.0,49.0,13.0,1041.05
2022-01-13,AU,Launceston,pm25,58,5.0,9.0,5.0,25.02
2022-01-13,AU,Hobart,pm25,30,5.0,9.0,5.0,19.13
2022-01-13,AU,Melbourne,pm25,168,1.0,76.0,19.0,1448.53
2022-01-13,AU,Canberra,pm25,45,2.0,169.0,13.0,8934.82
2022-01-13,AU,Adelaide,pm25,95,11.0,63.0,25.0,1253.32
2022-01-13,AU,Brisbane,pm25,177,1.0,61.0,22.0,819.3
2022-01-13,AU,Perth,pm25,92,4.0,18.0,10.0,105.7
2022-01-13,AU,Wollongong,pm25,35,1.0,57.0,13.0,1716.81
2022-01-13,CI,Abidjan,pm25,24,76.0,152.0,102.0,3050.43
2022-01-13,IS,Reykjavík,pm25,120,5.0,61.0,31.0,1127.13
2022-01-13,KG,Bishkek,pm25,22,9.0,177.0,78.0,27895.4
2022-01-13,NL,Utrecht,pm25,48,36.0,94.0,64.0,1578.65
2022-01-13,NL,Nijmegen,pm25,48,21.0,103.0,55.0,3019.57
2022-01-13,NL,Haarlem,pm25,143,6.0,89.0,40.0,2251.36
2022-01-13,NL,Eindhoven,pm25,24,56.0,75.0,64.0,330.71
2022-01-13,NL,Rotterdam,pm25,192,28.0,82.0,60.0,1216.62
2022-01-13,NL,Amsterdam,pm25,264,7.0,80.0,47.0,1980.09
2022-01-13,NL,Dordrecht,pm25,24,45.0,73.0,62.0,457.97
2022-01-13,NL,Breda,pm25,48,40.0,119.0,62.0,2360.0
2022-01-13,NL,Groningen,pm25,48,30.0,67.0,47.0,967.12
2022-01-13,NL,Maastricht,pm25,94,38.0,122.0,72.0,3475.64
2022-01-13,NL,The Hague,pm25,72,18.0,69.0,47.0,1927.1
2022-01-13,PT,Lisbon,pm25,48,11.0,30.0,20.0,278.23
2022-01-13,PT,Funchal,pm25,66,1.0,46.0,18.0,1625.03
2022-01-13,CA,Hamilton,pm25,94,13.0,97.0,61.0,2149.67
2022-01-13,CA,Calgary,pm25,89,6.0,89.0,41.0,4944.72
2022-01-13,CA,Winnipeg,pm25,24,17.0,48.0,19.0,981.74
2022-01-13,CA,Halifax,pm25,46,10.0,60.0,38.0,2096.02
2022-01-13,CA,Kitchener,pm25,47,13.0,74.0,55.0,2686.47
2022-01-13,CA,Edmonton,pm25,138,4.0,89.0,35.0,3710.48
2022-01-13,CA,Mississauga,pm25,72,13.0,82.0,50.0,4049.64
2022-01-13,CA,Québec,pm25,186,20.0,118.0,54.0,2550.96
2022-01-13,CA,Vancouver,pm25,23,6.0,39.0,13.0,979.76
2022-01-13,CA,Victoria,pm25,46,5.0,59.0,21.0,1201.99
2022-01-13,CA,Montréal,pm25,373,44.0,110.0,59.0,1636.92
2022-01-13,CA,Toronto,pm25,142,5.0,89.0,50.0,4216.02
2022-01-13,CA,Ottawa,pm25,69,46.0,84.0,57.0,1101.46
2022-01-13,CA,London,pm25,45,5.0,114.0,63.0,8236.28
2022-01-13,US,Oklahoma City,pm25,95,4.0,76.0,24.0,1486.98
2022-01-13,US,Raleigh,pm25,69,21.0,65.0,50.0,967.15
2022-01-13,US,Memphis,pm25,71,14.0,54.0,28.0,690.22
2022-01-13,US,Jackson,pm25,72,6.0,96.0,39.0,4192.2
2022-01-13,US,Boston,pm25,138,34.0,82.0,57.0,893.49
2022-01-13,US,Richmond,pm25,96,32.0,66.0,48.0,984.24
2022-01-13,US,Portland,pm25,167,5.0,59.0,14.0,1043.31
2022-01-13,US,Boise,pm25,96,30.0,107.0,61.0,1999.13
2022-01-13,US,Austin,pm25,40,5.0,78.0,42.0,4650.71
2022-01-13,US,Honolulu,pm25,65,5.0,53.0,21.0,1338.51
2022-01-13,US,Fresno,pm25,24,61.0,151.0,91.0,6758.84
2022-01-13,US,Milwaukee,pm25,144,12.0,93.0,61.0,1987.05
2022-01-13,US,Hartford,pm25,48,59.0,85.0,72.0,589.68
2022-01-13,US,Washington D.C.,pm25,120,32.0,82.0,55.0,1466.83
2022-01-13,US,Chicago,pm25,239,19.0,82.0,52.0,1452.35
2022-01-13,US,Houston,pm25,37,29.0,95.0,59.0,3694.22
2022-01-13,US,Indianapolis,pm25,143,19.0,138.0,63.0,2822.49
2022-01-13,US,Atlanta,pm25,23,18.0,68.0,33.0,3380.4
2022-01-13,US,Charlotte,pm25,47,30.0,85.0,53.0,1540.14
2022-01-13,US,Sacramento,pm25,62,42.0,144.0,72.0,5203.47
2022-01-13,US,Oakland,pm25,120,13.0,151.0,78.0,5927.05
2022-01-13,US,Providence,pm25,48,9.0,76.0,46.0,3290.19
2022-01-13,US,Staten Island,pm25,113,7.0,127.0,67.0,2940.44
2022-01-13,US,Brooklyn,pm25,144,43.0,96.0,64.0,1193.01
2022-01-13,US,Springfield,pm25,71,18.0,96.0,50.0,5460.95
2022-01-13,US,The Bronx,pm25,48,53.0,90.0,60.0,1230.9
2022-01-13,US,San Jose,pm25,95,13.0,154.0,59.0,6715.88
2022-01-13,US,Los Angeles,pm25,70,21.0,102.0,70.0,3615.81
2022-01-13,US,Little Rock,pm25,24,11.0,93.0,37.0,3002.16
2022-01-13,US,Baltimore,pm25,55,9.0,153.0,72.0,10545.9
2022-01-13,US,Phoenix,pm25,192,5.0,126.0,51.0,5428.27
2022-01-13,US,Omaha,pm25,29,5.0,61.0,21.0,1946.18
2022-01-13,US,El Paso,pm25,150,5.0,107.0,27.0,4521.47
2022-01-13,US,Dallas,pm25,24,9.0,67.0,30.0,4199.71
2022-01-13,US,Seattle,pm25,261,4.0,67.0,30.0,2124.55
2022-01-13,US,Manhattan,pm25,72,8.0,122.0,63.0,2456.34
2022-01-13,US,Miami,pm25,93,13.0,46.0,20.0,408.46
2022-01-13,US,Jacksonville,pm25,140,9.0,105.0,30.0,4902.1
2022-01-13,US,San Antonio,pm25,71,7.0,106.0,31.0,4221.0
2022-01-13,US,Philadelphia,pm25,92,21.0,160.0,74.0,7064.5
2022-01-13,US,San Diego,pm25,24,7.0,70.0,50.0,2423.89
2022-01-13,US,Columbus,pm25,48,13.0,80.0,47.0,2465.89
2022-01-13,US,Saint Paul,pm25,142,25.0,93.0,50.0,3312.17
2022-01-13,US,Denver,pm25,153,5.0,157.0,21.0,9100.94
2022-01-13,US,Salt Lake City,pm25,216,11.0,117.0,81.0,4963.6
2022-01-13,US,Albuquerque,pm25,71,6.0,112.0,27.0,4356.49
2022-01-13,US,San Francisco,pm25,72,9.0,139.0,74.0,8233.33
2022-01-13,US,Salem,pm25,72,5.0,41.0,7.0,532.94
2022-01-13,US,Madison,pm25,48,63.0,87.0,73.0,364.14
2022-01-13,US,Nashville,pm25,92,9.0,66.0,30.0,1051.96
2022-01-13,US,Tucson,pm25,152,5.0,78.0,30.0,2410.83
2022-01-13,US,Queens,pm25,96,12.0,89.0,62.0,1378.42
2022-01-13,US,Tallahassee,pm25,72,14.0,63.0,45.0,1719.62
2022-01-13,US,Fort Worth,pm25,21,5.0,46.0,13.0,1341.48
2022-01-13,RS,Novi Sad,pm25,48,88.0,152.0,119.0,4088.01
2022-01-13,RS,Niš,pm25,24,84.0,209.0,109.0,15028.4
2022-01-13,RS,Belgrade,pm25,120,105.0,231.0,155.0,4089.66
2022-01-13,CY,Nicosia,pm25,24,6.0,99.0,59.0,3717.97
2022-01-13,CY,Limassol,pm25,23,5.0,63.0,38.0,3456.32
2022-01-13,HR,Zagreb,pm25,24,83.0,188.0,151.0,9905.8
2022-01-13,HR,Rijeka,pm25,78,4.0,108.0,23.0,3738.53
2022-01-13,MK,Skopje,pm25,168,11.0,189.0,75.0,14296.8
2022-01-14,GE,Tbilisi,pm25,96,11.0,85.0,28.0,2278.5
2022-01-14,HU,Győr,pm25,47,17.0,109.0,72.0,5941.11
2022-01-14,HU,Szeged,pm25,23,46.0,112.0,80.0,3448.77
2022-01-14,HU,Pécs,pm25,72,53.0,91.0,68.0,1011.48
2022-01-14,HU,Kecskemét,pm25,44,38.0,129.0,91.0,11533.0
2022-01-14,HU,Miskolc,pm25,118,142.0,167.0,158.0,146.08
2022-01-14,HU,Budapest,pm25,303,13.0,72.0,53.0,1205.21
2022-01-14,JP,Fukuoka,pm25,405,5.0,80.0,21.0,1250.86
2022-01-14,JP,Kanazawa,pm25,230,5.0,61.0,25.0,1601.74
2022-01-14,JP,Kumamoto,pm25,357,5.0,76.0,34.0,1815.63
2022-01-14,JP,Akita,pm25,41,5.0,74.0,30.0,4294.24
2022-01-14,JP,Kochi,pm25,45,5.0,78.0,25.0,2274.98
2022-01-14,JP,Gifu-shi,pm25,94,5.0,169.0,17.0,5382.65
2022-01-14,JP,Kyoto,pm25,534,5.0,70.0,21.0,1224.48
2022-01-14,JP,Hiroshima,pm25,297,5.0,63.0,25.0,1719.92
2022-01-14,JP,Shizuoka,pm25,194,5.0,63.0,9.0,1142.1
2022-01-14,JP,Chiba,pm25,501,5.0,167.0,13.0,2488.91
2022-01-14,JP,Sapporo,pm25,187,5.0,53.0,21.0,766.5
2022-01-14,JP,Yokohama,pm25,409,1.0,95.0,17.0,2142.12
2022-01-14,JP,Tokyo,pm25,2158,1.0,158.0,13.0,968.96
2022-01-14,JP,Saitama,pm25,421,5.0,53.0,13.0,684.32
2022-01-14,JP,Naha,pm25,141,5.0,78.0,17.0,3617.28
2022-01-14,JP,Nagasaki,pm25,152,5.0,57.0,25.0,1705.7
2022-01-14,JP,Toyama,pm25,155,5.0,55.0,21.0,1180.92
2022-01-14,JP,Niigata,pm25,204,5.0,50.0,25.0,877.6
2022-01-14,JP,Nara-shi,pm25,178,5.0,55.0,21.0,990.61
2022-01-14,JP,Okayama,pm25,267,5.0,70.0,34.0,1382.54
2022-01-14,JP,Sendai,pm25,344,5.0,34.0,13.0,350.7
2022-01-14,JP,Osaka,pm25,1324,5.0,87.0,21.0,1101.34
2022-01-14,JP,Miyazaki,pm25,124,5.0,61.0,34.0,1850.58
2022-01-14,JP,Matsuyama,pm25,114,5.0,65.0,30.0,1715.76
2022-01-14,JP,Wakayama,pm25,276,5.0,46.0,21.0,723.6
2022-01-14,JP,Takamatsu,pm25,259,5.0,57.0,21.0,997.61
2022-01-14,JP,Nagoya,pm25,645,1.0,53.0,13.0,741.84
2022-01-14,JP,Ōita,pm25,235,5.0,55.0,25.0,1247.1
2022-01-14,JP,Kobe,pm25,420,5.0,59.0,25.0,1026.26
2022-01-14,JP,Nagano,pm25,75,5.0,34.0,17.0,534.05
2022-01-14,JP,Utsunomiya,pm25,282,5.0,63.0,17.0,2317.68
2022-01-14,JP,Kagoshima,pm25,95,9.0,42.0,25.0,586.3
2022-01-14,SK,Košice,pm25,91,89.0,165.0,155.0,5913.61
2022-01-14,SK,Bratislava,pm25,94,30.0,76.0,57.0,1043.67
2022-01-14,FI,Vantaa,pm25,17,2.0,25.0,18.0,281.54
2022-01-14,FI,Turku,pm25,20,2.0,51.0,15.0,1007.26
2022-01-14,FI,Helsinki,pm25,112,2.0,23.0,7.0,247.51
2022-01-14,FI,Tampere,pm25,92,1.0,20.0,8.0,247.71
2022-01-14,ET,Addis Ababa,pm25,48,34.0,171.0,70.0,8168.23
2022-01-14,CH,Zürich,pm25,24,3.0,13.0,4.0,39.35
2022-01-14,CO,Bogotá,pm25,323,9.0,830.0,68.0,59016.2
2022-01-14,CO,Medellín,pm25,266,21.0,72.0,53.0,1163.24
2022-01-14,DK,Copenhagen,pm25,24,11.0,56.0,43.0,2117.23
2022-01-14,GB,Edinburgh,pm25,258,5.0,34.0,13.0,293.91
2022-01-14,GB,Norwich,pm25,24,57.0,76.0,65.0,229.27
2022-01-14,GB,Liverpool,pm25,43,38.0,78.0,55.0,1224.76
2022-01-14,GB,Belfast,pm25,70,17.0,82.0,50.0,1522.4
2022-01-14,GB,Coventry,pm25,69,61.0,131.0,75.0,1610.62
2022-01-14,GB,Leeds,pm25,41,25.0,99.0,42.0,4837.45
2022-01-14,GB,Cardiff,pm25,68,5.0,70.0,34.0,3277.2
2022-01-14,GB,Bristol,pm25,69,30.0,152.0,91.0,9988.87
2022-01-14,GB,London,pm25,433,1.0,159.0,87.0,5471.04
2022-01-14,GB,Birmingham,pm25,48,53.0,127.0,74.0,3162.55
2022-01-14,GB,Sheffield,pm25,87,33.0,141.0,61.0,7753.82
2022-01-14,GB,Newport,pm25,47,52.0,70.0,57.0,315.32
2022-01-14,GB,Leicester,pm25,23,65.0,145.0,84.0,7201.78
2022-01-14,GB,Manchester,pm25,81,46.0,120.0,68.0,2465.65
2022-01-14,GB,Reading,pm25,48,63.0,119.0,87.0,2672.66
2022-01-14,GB,Plymouth,pm25,32,34.0,63.0,49.0,506.68
2022-01-14,GB,Glasgow,pm25,476,5.0,70.0,21.0,956.97
2022-01-14,GB,Preston,pm25,40,25.0,90.0,49.0,3301.0
2022-01-14,GB,Swansea,pm25,134,5.0,129.0,50.0,5765.49
2022-01-14,GB,Southend-on-Sea,pm25,48,36.0,113.0,69.0,2149.77
2022-01-14,ID,Jakarta,pm25,48,34.0,134.0,72.0,4111.63
2022-01-14,NP,Kathmandu,pm25,72,15.0,189.0,129.0,33937.8
2022-01-14,NP,Pokhara,pm25,34,62.0,223.0,175.0,29141.4
2022-01-14,NP,Biratnagar,pm25,48,84.0,166.0,142.0,5944.24
2022-01-14,AU,Sydney,pm25,151,1.0,78.0,16.0,1382.04
2022-01-14,AU,Newcastle,pm25,133,1.0,55.0,21.0,1524.19
2022-01-14,AU,Launceston,pm25,51,5.0,9.0,5.0,31.0
2022-01-14,AU,Hobart,pm25,45,5.0,151.0,5.0,7872.5
2022-01-14,AU,Melbourne,pm25,184,1.0,75.0,27.0,1472.63
2022-01-14,AU,Canberra,pm25,58,1.0,65.0,12.0,2947.09
2022-01-14,AU,Adelaide,pm25,91,3.0,58.0,21.0,1085.77
2022-01-14,AU,Brisbane,pm25,202,1.0,90.0,23.0,1148.22
2022-01-14,AU,Perth,pm25,81,2.0,18.0,6.0,158.11
2022-01-14,AU,Wollongong,pm25,40,1.0,56.0,15.0,1933.02
2022-01-14,CI,Abidjan,pm25,24,70.0,144.0,97.0,3099.55
2022-01-14,GH,Accra,pm25,12,74.0,124.0,82.0,1882.05
2022-01-14,IS,Reykjavík,pm25,110,1.0,45.0,16.0,901.55
2022-01-14,KG,Bishkek,pm25,24,25.0,154.0,61.0,11281.7
2022-01-14,NL,Utrecht,pm25,48,52.0,83.0,64.0,769.68
2022-01-14,NL,Nijmegen,pm25,48,35.0,98.0,62.0,1629.75
2022-01-14,NL,Haarlem,pm25,143,6.0,77.0,36.0,2439.51
2022-01-14,NL,Eindhoven,pm25,24,34.0,108.0,73.0,4278.97
2022-01-14,NL,Rotterdam,pm25,192,36.0,91.0,63.0,1841.87
2022-01-14,NL,Amsterdam,pm25,264,2.0,103.0,43.0,2194.79
2022-01-14,NL,Dordrecht,pm25,24,61.0,86.0,75.0,464.27
2022-01-14,NL,Breda,pm25,48,45.0,98.0,66.0,1624.43
2022-01-14,NL,Groningen,pm25,48,11.0,60.0,32.0,1439.14
2022-01-14,NL,Maastricht,pm25,96,53.0,153.0,80.0,3684.05
2022-01-14,NL,The Hague,pm25,72,14.0,89.0,50.0,2472.96
2022-01-14,PT,Lisbon,pm25,29,21.0,53.0,32.0,707.41
2022-01-14,PT,Funchal,pm25,27,1.0,28.0,16.0,644.1
2022-01-14,CA,Hamilton,pm25,76,9.0,30.0,17.0,424.12
2022-01-14,CA,Calgary,pm25,91,1.0,61.0,23.0,1781.16
2022-01-14,CA,Winnipeg,pm25,24,15.0,27.0,19.0,189.84
2022-01-14,CA,Halifax,pm25,46,2.0,56.0,27.0,2896.83
2022-01-14,CA,Kitchener,pm25,34,9.0,46.0,17.0,694.73
2022-01-14,CA,Edmonton,pm25,138,5.0,65.0,39.0,1589.56
2022-01-14,CA,Mississauga,pm25,48,9.0,25.0,13.0,149.5
2022-01-14,CA,Québec,pm25,176,12.0,106.0,33.0,4441.65
2022-01-14,CA,Vancouver,pm25,23,5.0,35.0,11.0,726.92
2022-01-14,CA,Victoria,pm25,46,13.0,65.0,34.0,1765.66
2022-01-14,CA,Montréal,pm25,360,6.0,122.0,35.0,10153.2
2022-01-14,CA,Toronto,pm25,123,5.0,34.0,13.0,414.38
2022-01-14,CA,Ottawa,pm25,64,14.0,69.0,27.0,2642.18
2022-01-14,CA,London,pm25,37,5.0,30.0,13.0,365.86
2022-01-14,US,Oklahoma City,pm25,96,15.0,74.0,30.0,2064.61
2022-01-14,US,Raleigh,pm25,72,5.0,59.0,36.0,1485.34
2022-01-14,US,Memphis,pm25,72,18.0,59.0,33.0,726.45
2022-01-14,US,Jackson,pm25,69,14.0,108.0,36.0,3810.38
2022-01-14,US,Boston,pm25,138,9.0,74.0,53.0,2935.28
2022-01-14,US,Richmond,pm25,96,20.0,91.0,54.0,3227.98
2022-01-14,US,Portland,pm25,166,7.0,57.0,16.0,742.3
2022-01-14,US,Boise,pm25,96,30.0,93.0,61.0,2116.47
2022-01-14,US,Austin,pm25,40,5.0,74.0,34.0,4177.43
2022-01-14,US,Honolulu,pm25,64,5.0,72.0,21.0,1790.53
2022-01-14,US,Fresno,pm25,24,74.0,152.0,119.0,7574.33
2022-01-14,US,Milwaukee,pm25,144,11.0,101.0,20.0,2446.51
2022-01-14,US,Hartford,pm25,48,14.0,79.0,58.0,3550.85
2022-01-14,US,Washington D.C.,pm25,117,5.0,91.0,55.0,5299.44
2022-01-14,US,Chicago,pm25,239,2.0,86.0,24.0,3516.45
2022-01-14,US,Houston,pm25,48,7.0,143.0,62.0,5967.76
2022-01-14,US,Indianapolis,pm25,144,30.0,109.0,74.0,3090.41
2022-01-14,US,Atlanta,pm25,24,25.0,62.0,48.0,1322.61
2022-01-14,US,Charlotte,pm25,48,13.0,68.0,42.0,1796.31
2022-01-14,US,Sacramento,pm25,48,5.0,109.0,57.0,5222.11
2022-01-14,US,Oakland,pm25,120,13.0,80.0,46.0,2638.65
2022-01-14,US,Providence,pm25,48,9.0,61.0,38.0,2241.21
2022-01-14,US,Staten Island,pm25,119,5.0,81.0,50.0,1953.08
2022-01-14,US,Brooklyn,pm25,144,7.0,69.0,50.0,1286.92
2022-01-14,US,Springfield,pm25,72,22.0,92.0,65.0,3571.27
2022-01-14,US,The Bronx,pm25,48,36.0,59.0,48.0,481.97
2022-01-14,US,San Jose,pm25,95,5.0,80.0,38.0,3756.51
2022-01-14,US,Los Angeles,pm25,72,43.0,126.0,65.0,4301.59
2022-01-14,US,Little Rock,pm25,23,18.0,63.0,27.0,2219.05
2022-01-14,US,Baltimore,pm25,48,17.0,130.0,47.0,9909.32
2022-01-14,US,Phoenix,pm25,192,14.0,131.0,55.0,4569.29
2022-01-14,US,Omaha,pm25,46,13.0,68.0,38.0,2508.77
2022-01-14,US,El Paso,pm25,150,5.0,91.0,21.0,2747.52
2022-01-14,US,Dallas,pm25,24,15.0,45.0,30.0,912.59
2022-01-14,US,Seattle,pm25,263,4.0,112.0,42.0,3787.49
2022-01-14,US,Manhattan,pm25,72,10.0,72.0,52.0,1733.19
2022-01-14,US,Miami,pm25,93,18.0,106.0,30.0,2200.54
2022-01-14,US,Jacksonville,pm25,144,15.0,148.0,47.0,4346.92
2022-01-14,US,San Antonio,pm25,69,3.0,122.0,38.0,5499.01
2022-01-14,US,Philadelphia,pm25,95,3.0,99.0,50.0,5987.54
2022-01-14,US,San Diego,pm25,24,13.0,97.0,50.0,4818.84
2022-01-14,US,Columbus,pm25,48,20.0,87.0,48.0,2762.96
2022-01-14,US,Saint Paul,pm25,138,5.0,55.0,17.0,711.27
2022-01-14,US,Denver,pm25,151,5.0,68.0,17.0,2467.63
2022-01-14,US,Salt Lake City,pm25,216,22.0,120.0,78.0,4864.12
2022-01-14,US,Albuquerque,pm25,72,5.0,82.0,18.0,3273.0
2022-01-14,US,San Francisco,pm25,72,5.0,74.0,34.0,1841.39
2022-01-14,US,Salem,pm25,72,8.0,86.0,23.0,2905.9
2022-01-14,US,Madison,pm25,48,17.0,83.0,20.0,2269.89
2022-01-14,US,Nashville,pm25,96,26.0,94.0,55.0,2835.52
2022-01-14,US,Tucson,pm25,159,5.0,63.0,25.0,1976.07
2022-01-14,US,Queens,pm25,96,32.0,63.0,51.0,469.45
2022-01-14,US,Tallahassee,pm25,70,2.0,133.0,55.0,7138.59
2022-01-14,US,Fort Worth,pm25,18,5.0,68.0,13.0,3760.29
2022-01-14,RS,Novi Sad,pm25,48,36.0,96.0,64.0,1970.17
2022-01-14,RS,Niš,pm25,24,165.0,306.0,184.0,20641.3
2022-01-14,RS,Belgrade,pm25,119,66.0,214.0,144.0,7271.52
2022-01-14,CY,Nicosia,pm25,24,13.0,154.0,41.0,14160.4
2022-01-14,CY,Limassol,pm25,24,3.0,154.0,65.0,18650.1
2022-01-14,HR,Zagreb,pm25,24,69.0,234.0,142.0,14775.9
2022-01-14,HR,Rijeka,pm25,79,8.0,130.0,28.0,5065.88
2022-01-14,MK,Skopje,pm25,168,51.0,333.0,143.0,22681.6
2022-01-15,GE,Tbilisi,pm25,96,16.0,42.0,31.0,424.77
2022-01-15,HU,Győr,pm25,46,13.0,107.0,46.0,5789.31
2022-01-15,HU,Szeged,pm25,24,42.0,102.0,68.0,2312.88
2022-01-15,HU,Pécs,pm25,66,25.0,151.0,42.0,17600.0
2022-01-15,HU,Kecskemét,pm25,48,34.0,85.0,63.0,1731.05
2022-01-15,HU,Miskolc,pm25,119,85.0,177.0,129.0,5740.09
2022-01-15,HU,Budapest,pm25,284,17.0,151.0,46.0,3454.01
2022-01-15,JP,Fukuoka,pm25,424,5.0,89.0,38.0,2291.86
2022-01-15,JP,Kanazawa,pm25,215,5.0,65.0,21.0,2113.44
2022-01-15,JP,Kumamoto,pm25,369,5.0,97.0,38.0,2682.92
2022-01-15,JP,Akita,pm25,37,5.0,70.0,34.0,2889.77
2022-01-15,JP,Kochi,pm25,38,5.0,34.0,17.0,514.52
2022-01-15,JP,Gifu-shi,pm25,126,5.0,154.0,25.0,4315.87
2022-01-15,JP,Kyoto,pm25,547,5.0,59.0,30.0,1277.84
2022-01-15,JP,Hiroshima,pm25,270,5.0,55.0,21.0,1368.9
2022-01-15,JP,Shizuoka,pm25,222,5.0,65.0,17.0,1886.58
2022-01-15,JP,Chiba,pm25,431,5.0,89.0,17.0,3130.5
2022-01-15,JP,Sapporo,pm25,206,5.0,55.0,21.0,1048.91
2022-01-15,JP,Yokohama,pm25,490,1.0,72.0,21.0,1930.31
2022-01-15,JP,Tokyo,pm25,2407,1.0,74.0,21.0,1046.89
2022-01-15,JP,Saitama,pm25,446,5.0,63.0,17.0,928.56
2022-01-15,JP,Naha,pm25,136,5.0,55.0,13.0,1642.65
2022-01-15,JP,Nagasaki,pm25,162,5.0,78.0,34.0,3330.58
2022-01-15,JP,Toyama,pm25,155,5.0,76.0,25.0,2478.54
2022-01-15,JP,Niigata,pm25,209,5.0,50.0,21.0,992.23
2022-01-15,JP,Nara-shi,pm25,181,5.0,70.0,30.0,1813.71
2022-01-15,JP,Okayama,pm25,284,9.0,173.0,38.0,5478.0
2022-01-15,JP,Sendai,pm25,368,5.0,55.0,17.0,674.67
2022-01-15,JP,Osaka,pm25,1358,5.0,124.0,30.0,2118.62
2022-01-15,JP,Miyazaki,pm25,130,5.0,74.0,34.0,2316.79
2022-01-15,JP,Matsuyama,pm25,134,5.0,68.0,25.0,1895.76
2022-01-15,JP,Wakayama,pm25,273,5.0,63.0,21.0,1112.34
2022-01-15,JP,Takamatsu,pm25,246,5.0,78.0,25.0,1971.46
2022-01-15,JP,Nagoya,pm25,726,1.0,78.0,21.0,1693.07
2022-01-15,JP,Ōita,pm25,244,5.0,68.0,34.0,2265.63
2022-01-15,JP,Kobe,pm25,416,9.0,70.0,30.0,1706.11
2022-01-15,JP,Nagano,pm25,91,5.0,74.0,34.0,3737.61
2022-01-15,JP,Utsunomiya,pm25,351,5.0,95.0,25.0,4508.92
2022-01-15,JP,Kagoshima,pm25,91,9.0,46.0,30.0,819.13
2022-01-15,SK,Košice,pm25,96,38.0,191.0,97.0,16517.6
2022-01-15,SK,Bratislava,pm25,95,13.0,87.0,38.0,2468.4
2022-01-15,FI,Vantaa,pm25,24,10.0,25.0,17.0,102.01
2022-01-15,FI,Turku,pm25,24,8.0,32.0,15.0,232.97
2022-01-15,FI,Helsinki,pm25,119,3.0,29.0,11.0,475.21
2022-01-15,FI,Tampere,pm25,96,3.0,23.0,9.0,275.52
2022-01-15,ET,Addis Ababa,pm25,28,34.0,177.0,76.0,17752.6
2022-01-15,CH,Zürich,pm25,22,5.0,9.0,6.0,10.48
2022-01-15,CO,Bogotá,pm25,336,13.0,132.0,55.0,3085.24
2022-01-15,CO,Medellín,pm25,230,21.0,74.0,53.0,1297.97
2022-01-15,DK,Copenhagen,pm25,24,24.0,54.0,41.0,866.3
2022-01-15,GB,Edinburgh,pm25,282,9.0,61.0,34.0,1597.71
2022-01-15,GB,Norwich,pm25,21,57.0,114.0,95.0,4252.9
2022-01-15,GB,Liverpool,pm25,44,61.0,100.0,74.0,669.74
2022-01-15,GB,Belfast,pm25,104,55.0,102.0,76.0,976.79
2022-01-15,GB,Coventry,pm25,61,82.0,111.0,89.0,523.3
2022-01-15,GB,Leeds,pm25,46,55.0,154.0,107.0,9488.73
2022-01-15,GB,Cardiff,pm25,72,17.0,196.0,78.0,16526.9
2022-01-15,GB,Bristol,pm25,70,70.0,134.0,95.0,2409.78
2022-01-15,GB,London,pm25,445,7.0,149.0,82.0,5021.91
2022-01-15,GB,Birmingham,pm25,43,71.0,126.0,102.0,1691.62
2022-01-15,GB,Sheffield,pm25,95,69.0,162.0,100.0,3294.63
2022-01-15,GB,Newport,pm25,47,61.0,120.0,72.0,2994.19
2022-01-15,GB,Leicester,pm25,22,87.0,153.0,97.0,3634.22
2022-01-15,GB,Manchester,pm25,89,50.0,104.0,82.0,1853.66
2022-01-15,GB,Reading,pm25,48,70.0,124.0,95.0,2314.02
2022-01-15,GB,Plymouth,pm25,39,21.0,78.0,42.0,1101.38
2022-01-15,GB,Glasgow,pm25,464,17.0,104.0,46.0,1840.81
2022-01-15,GB,Preston,pm25,47,54.0,109.0,76.0,2174.28
2022-01-15,GB,Swansea,pm25,144,21.0,107.0,61.0,2787.12
2022-01-15,GB,Southend-on-Sea,pm25,47,52.0,115.0,86.0,1917.38
2022-01-15,ID,Jakarta,pm25,48,34.0,159.0,72.0,5709.15
2022-01-15,NP,Kathmandu,pm25,93,28.0,189.0,146.0,29980.3
2022-01-15,NP,Pokhara,pm25,31,68.0,240.0,186.0,32037.3
2022-01-15,NP,Biratnagar,pm25,48,94.0,160.0,129.0,1894.88
2022-01-15,AU,Sydney,pm25,162,1.0,77.0,24.0,1499.54
2022-01-15,AU,Newcastle,pm25,128,1.0,55.0,20.0,1291.16
2022-01-15,AU,Launceston,pm25,93,5.0,21.0,13.0,136.77
2022-01-15,AU,Hobart,pm25,39,5.0,17.0,9.0,119.19
2022-01-15,AU,Melbourne,pm25,180,1.0,68.0,23.0,1388.38
2022-01-15,AU,Canberra,pm25,53,1.0,73.0,24.0,3713.45
2022-01-15,AU,Adelaide,pm25,69,2.0,52.0,17.0,914.96
2022-01-15,AU,Brisbane,pm25,194,1.0,95.0,26.0,1570.35
2022-01-15,AU,Perth,pm25,76,2.0,24.0,5.0,506.93
2022-01-15,AU,Wollongong,pm25,48,1.0,63.0,27.0,1845.7
2022-01-15,CI,Abidjan,pm25,24,63.0,153.0,99.0,5610.85
2022-01-15,GH,Accra,pm25,24,76.0,124.0,95.0,2155.58
2022-01-15,IS,Reykjavík,pm25,115,3.0,65.0,13.0,651.28
2022-01-15,KG,Bishkek,pm25,18,9.0,158.0,57.0,19613.2
2022-01-15,NL,Utrecht,pm25,48,48.0,85.0,66.0,955.74
2022-01-15,NL,Nijmegen,pm25,46,25.0,89.0,67.0,1450.54
2022-01-15,NL,Haarlem,pm25,144,13.0,143.0,65.0,4845.17
2022-01-15,NL,Eindhoven,pm25,24,53.0,114.0,74.0,2554.49
2022-01-15,NL,Rotterdam,pm25,192,47.0,129.0,75.0,3917.54
2022-01-15,NL,Amsterdam,pm25,264,3.0,105.0,57.0,3652.93
2022-01-15,NL,Dordrecht,pm25,24,55.0,96.0,78.0,1644.33
2022-01-15,NL,Breda,pm25,48,42.0,105.0,74.0,2242.41
2022-01-15,NL,Groningen,pm25,48,4.0,54.0,25.0,2674.02
2022-01-15,NL,Maastricht,pm25,96,38.0,114.0,70.0,3387.63
2022-01-15,NL,The Hague,pm25,72,52.0,134.0,82.0,3926.28
2022-01-15,CA,Hamilton,pm25,68,17.0,53.0,30.0,743.38
2022-01-15,CA,Calgary,pm25,68,1.0,55.0,5.0,547.94
2022-01-15,CA,Winnipeg,pm25,24,22.0,29.0,24.0,41.96
2022-01-15,CA,Halifax,pm25,46,7.0,20.0,15.0,79.89
2022-01-15,CA,Kitchener,pm25,43,9.0,46.0,21.0,777.54
2022-01-15,CA,Edmonton,pm25,128,1.0,77.0,22.0,5386.87
2022-01-15,CA,Mississauga,pm25,61,9.0,63.0,21.0,1986.87
2022-01-15,CA,Québec,pm25,161,16.0,70.0,25.0,1699.64
2022-01-15,CA,Vancouver,pm25,22,10.0,44.0,15.0,1076.13
2022-01-15,CA,Victoria,pm25,45,9.0,65.0,34.0,1573.28
2022-01-15,CA,Montréal,pm25,358,15.0,99.0,33.0,1365.43
2022-01-15,CA,Toronto,pm25,129,9.0,72.0,25.0,1503.58
2022-01-15,CA,Ottawa,pm25,66,13.0,63.0,25.0,1554.07
2022-01-15,CA,London,pm25,37,9.0,34.0,17.0,499.1
2022-01-15,US,Oklahoma City,pm25,96,19.0,51.0,31.0,498.67
2022-01-15,US,Raleigh,pm25,72,9.0,51.0,22.0,1111.27
2022-01-15,US,Memphis,pm25,71,18.0,54.0,31.0,840.82
2022-01-15,US,Jackson,pm25,72,10.0,60.0,35.0,1777.18
2022-01-15,US,Boston,pm25,109,5.0,76.0,25.0,1064.06
2022-01-15,US,Richmond,pm25,96,15.0,39.0,18.0,290.25
2022-01-15,US,Portland,pm25,166,12.0,89.0,32.0,2203.87
2022-01-15,US,Boise,pm25,95,5.0,102.0,30.0,3670.41
2022-01-15,US,Austin,pm25,42,5.0,57.0,13.0,1884.98
2022-01-15,US,Honolulu,pm25,67,5.0,59.0,25.0,1171.9
2022-01-15,US,Fresno,pm25,24,70.0,155.0,95.0,7169.28
2022-01-15,US,Milwaukee,pm25,141,15.0,75.0,20.0,1110.99
2022-01-15,US,Hartford,pm25,48,15.0,33.0,20.0,172.65
2022-01-15,US,Washington D.C.,pm25,93,5.0,59.0,18.0,932.47
2022-01-15,US,Chicago,pm25,238,7.0,63.0,23.0,1202.53
2022-01-15,US,Houston,pm25,47,5.0,59.0,32.0,1399.51
2022-01-15,US,Indianapolis,pm25,126,19.0,68.0,43.0,1497.99
2022-01-15,US,Atlanta,pm25,24,52.0,115.0,59.0,2578.84
2022-01-15,US,Charlotte,pm25,48,25.0,63.0,46.0,620.41
2022-01-15,US,Sacramento,pm25,48,46.0,137.0,76.0,3333.6
2022-01-15,US,Oakland,pm25,120,9.0,129.0,53.0,4397.94
2022-01-15,US,Providence,pm25,42,5.0,38.0,17.0,635.87
2022-01-15,US,Staten Island,pm25,113,1.0,56.0,30.0,1493.74
2022-01-15,US,Brooklyn,pm25,141,2.0,78.0,38.0,1619.37
2022-01-15,US,Springfield,pm25,72,4.0,85.0,46.0,3327.57
2022-01-15,US,The Bronx,pm25,48,20.0,50.0,38.0,545.94
2022-01-15,US,San Jose,pm25,96,9.0,97.0,46.0,4329.04
2022-01-15,US,Los Angeles,pm25,72,13.0,144.0,53.0,10357.8
2022-01-15,US,Little Rock,pm25,23,4.0,55.0,20.0,1400.75
2022-01-15,US,Baltimore,pm25,48,9.0,46.0,20.0,578.99
2022-01-15,US,Phoenix,pm25,179,1.0,144.0,24.0,12819.0
2022-01-15,US,Omaha,pm25,47,5.0,74.0,21.0,2475.2
2022-01-15,US,El Paso,pm25,165,5.0,163.0,21.0,6978.27
2022-01-15,US,Dallas,pm25,21,13.0,55.0,20.0,1259.9
2022-01-15,US,Seattle,pm25,262,10.0,98.0,57.0,2443.83
2022-01-15,US,Manhattan,pm25,59,3.0,55.0,39.0,1967.93
2022-01-15,US,Miami,pm25,94,20.0,98.0,38.0,3684.94
2022-01-15,US,Jacksonville,pm25,144,6.0,114.0,55.0,5583.36
2022-01-15,US,San Antonio,pm25,67,3.0,72.0,16.0,3417.39
2022-01-15,US,Philadelphia,pm25,88,1.0,50.0,18.0,897.53
2022-01-15,US,San Diego,pm25,24,5.0,81.0,59.0,4453.89
2022-01-15,US,Columbus,pm25,48,11.0,55.0,31.0,1002.11
2022-01-15,US,Saint Paul,pm25,140,5.0,199.0,25.0,4198.93
2022-01-15,US,Denver,pm25,148,9.0,74.0,21.0,1296.44
2022-01-15,US,Salt Lake City,pm25,216,28.0,96.0,65.0,2550.51
2022-01-15,US,Albuquerque,pm25,72,8.0,78.0,18.0,3065.13
2022-01-15,US,San Francisco,pm25,71,9.0,82.0,50.0,3624.19
2022-01-15,US,Salem,pm25,72,19.0,71.0,43.0,1599.5
2022-01-15,US,Madison,pm25,47,18.0,54.0,25.0,909.68
2022-01-15,US,Nashville,pm25,96,13.0,99.0,56.0,4010.52
2022-01-15,US,Tucson,pm25,150,5.0,72.0,25.0,2887.12
2022-01-15,US,Queens,pm25,94,26.0,56.0,43.0,775.96
2022-01-15,US,Tallahassee,pm25,72,8.0,137.0,45.0,12020.1
2022-01-15,US,Fort Worth,pm25,23,5.0,34.0,13.0,774.47
2022-01-15,RS,Novi Sad,pm25,48,53.0,154.0,69.0,8897.0
2022-01-15,RS,Niš,pm25,24,76.0,282.0,153.0,42650.4
2022-01-15,RS,Belgrade,pm25,120,51.0,187.0,90.0,12391.4
2022-01-15,CY,Nicosia,pm25,23,23.0,139.0,53.0,6646.76
2022-01-15,CY,Limassol,pm25,24,12.0,81.0,32.0,5131.72
2022-01-15,HR,Zagreb,pm25,24,66.0,203.0,169.0,17003.4
2022-01-15,HR,Rijeka,pm25,74,12.0,106.0,31.0,3223.07
2022-01-15,MK,Skopje,pm25,168,30.0,242.0,97.0,30955.6
2022-01-16,GE,Tbilisi,pm25,96,16.0,39.0,29.0,623.0
2022-01-16,HU,Győr,pm25,47,9.0,99.0,72.0,4514.01
2022-01-16,HU,Szeged,pm25,23,95.0,134.0,102.0,1849.29
2022-01-16,HU,Pécs,pm25,72,61.0,161.0,97.0,13064.3
2022-01-16,HU,Kecskemét,pm25,48,80.0,151.0,127.0,4539.56
2022-01-16,HU,Miskolc,pm25,118,68.0,160.0,112.0,6727.92
2022-01-16,HU,Budapest,pm25,288,65.0,154.0,99.0,4549.69
2022-01-16,JP,Fukuoka,pm25,431,9.0,124.0,59.0,4511.58
2022-01-16,JP,Kanazawa,pm25,209,5.0,65.0,21.0,1725.18
2022-01-16,JP,Kumamoto,pm25,365,5.0,134.0,53.0,3758.84
2022-01-16,JP,Akita,pm25,35,5.0,85.0,30.0,3407.87
2022-01-16,JP,Kochi,pm25,44,5.0,59.0,21.0,1377.57
2022-01-16,JP,Gifu-shi,pm25,135,5.0,156.0,38.0,4940.43
2022-01-16,JP,Kyoto,pm25,568,5.0,137.0,50.0,3608.76
2022-01-16,JP,Hiroshima,pm25,283,5.0,85.0,38.0,3180.6
2022-01-16,JP,Shizuoka,pm25,237,5.0,74.0,17.0,1946.15
2022-01-16,JP,Chiba,pm25,409,5.0,139.0,46.0,4472.8
2022-01-16,JP,Sapporo,pm25,190,5.0,72.0,17.0,1685.0
2022-01-16,JP,Yokohama,pm25,524,1.0,109.0,30.0,4053.21
2022-01-16,JP,Tokyo,pm25,2538,1.0,129.0,42.0,4989.25
2022-01-16,JP,Saitama,pm25,469,9.0,107.0,46.0,3936.73
2022-01-16,JP,Naha,pm25,142,9.0,42.0,17.0,804.54
2022-01-16,JP,Nagasaki,pm25,161,5.0,117.0,42.0,6207.24
2022-01-16,JP,Toyama,pm25,138,5.0,57.0,17.0,1228.48
2022-01-16,JP,Niigata,pm25,202,5.0,53.0,17.0,752.58
2022-01-16,JP,Nara-shi,pm25,176,13.0,80.0,38.0,1751.12
2022-01-16,JP,Okayama,pm25,154,17.0,87.0,57.0,1164.33
2022-01-16,JP,Sendai,pm25,365,5.0,46.0,17.0,544.43
2022-01-16,JP,Osaka,pm25,1410,5.0,147.0,46.0,2717.92
2022-01-16,JP,Miyazaki,pm25,133,5.0,163.0,42.0,6698.55
2022-01-16,JP,Matsuyama,pm25,147,5.0,151.0,34.0,6194.29
2022-01-16,JP,Wakayama,pm25,275,5.0,89.0,34.0,1787.74
2022-01-16,JP,Takamatsu,pm25,255,5.0,61.0,34.0,1574.43
2022-01-16,JP,Nagoya,pm25,763,5.0,122.0,46.0,3097.98
2022-01-16,JP,Ōita,pm25,240,5.0,87.0,30.0,3981.51
2022-01-16,JP,Kobe,pm25,424,9.0,89.0,53.0,1561.4
2022-01-16,JP,Nagano,pm25,92,5.0,99.0,42.0,4083.92
2022-01-16,JP,Utsunomiya,pm25,397,5.0,152.0,50.0,7092.8
2022-01-16,JP,Kagoshima,pm25,92,9.0,72.0,34.0,2813.2
2022-01-16,SK,Košice,pm25,96,65.0,173.0,91.0,9302.7
2022-01-16,SK,Bratislava,pm25,94,42.0,112.0,76.0,1570.79
2022-01-16,FI,Vantaa,pm25,14,1.0,20.0,7.0,261.1
2022-01-16,FI,Turku,pm25,16,1.0,11.0,3.0,99.29
2022-01-16,FI,Helsinki,pm25,109,3.0,29.0,9.0,325.41
2022-01-16,FI,Tampere,pm25,84,1.0,21.0,8.0,199.6
2022-01-16,ET,Addis Ababa,pm25,24,55.0,139.0,72.0,6674.33
2022-01-16,CH,Zürich,pm25,24,3.0,5.0,3.0,6.5
2022-01-16,CO,Bogotá,pm25,333,13.0,124.0,61.0,3728.26
2022-01-16,CO,Medellín,pm25,212,34.0,80.0,59.0,673.69
2022-01-16,DK,Copenhagen,pm25,24,20.0,42.0,28.0,402.16
2022-01-16,GB,Edinburgh,pm25,274,9.0,53.0,21.0,1256.67
2022-01-16,GB,Norwich,pm25,18,63.0,88.0,76.0,807.35
2022-01-16,GB,Liverpool,pm25,46,38.0,76.0,61.0,1045.59
2022-01-16,GB,Belfast,pm25,106,25.0,80.0,63.0,1902.06
2022-01-16,GB,Coventry,pm25,66,57.0,95.0,78.0,748.4
2022-01-16,GB,Leeds,pm25,46,55.0,149.0,95.0,3986.49
2022-01-16,GB,Cardiff,pm25,70,5.0,104.0,38.0,5899.39
2022-01-16,GB,Bristol,pm25,69,25.0,99.0,72.0,4180.62
2022-01-16,GB,London,pm25,446,16.0,104.0,59.0,2879.55
2022-01-16,GB,Birmingham,pm25,48,50.0,102.0,74.0,2168.87
2022-01-16,GB,Sheffield,pm25,92,50.0,112.0,82.0,2239.97
2022-01-16,GB,Newport,pm25,48,9.0,104.0,43.0,8011.7
2022-01-16,GB,Leicester,pm25,24,61.0,83.0,78.0,425.2
2022-01-16,GB,Manchester,pm25,88,39.0,91.0,56.0,2174.59
2022-01-16,GB,Reading,pm25,48,21.0,114.0,57.0,7475.31
2022-01-16,GB,Plymouth,pm25,45,9.0,53.0,21.0,1352.45
2022-01-16,GB,Glasgow,pm25,470,9.0,61.0,30.0,914.23
2022-01-16,GB,Preston,pm25,41,28.0,98.0,55.0,2120.39
2022-01-16,GB,Swansea,pm25,143,5.0,78.0,46.0,3277.96
2022-01-16,GB,Southend-on-Sea,pm25,47,52.0,111.0,80.0,1718.63
2022-01-16,ID,Jakarta,pm25,48,46.0,187.0,87.0,23174.4
2022-01-16,NP,Kathmandu,pm25,96,24.0,187.0,129.0,26932.3
2022-01-16,NP,Pokhara,pm25,34,74.0,243.0,193.0,37255.8
2022-01-16,NP,Biratnagar,pm25,48,76.0,137.0,105.0,2424.66
2022-01-16,AU,Sydney,pm25,164,5.0,70.0,30.0,1103.21
2022-01-16,AU,Newcastle,pm25,142,2.0,73.0,35.0,2334.14
2022-01-16,AU,Launceston,pm25,102,5.0,17.0,9.0,105.63
2022-01-16,AU,Hobart,pm25,27,5.0,17.0,9.0,98.46
2022-01-16,AU,Melbourne,pm25,187,1.0,60.0,22.0,1353.72
2022-01-16,AU,Canberra,pm25,62,5.0,103.0,29.0,4996.38
2022-01-16,AU,Adelaide,pm25,93,5.0,42.0,17.0,547.23
2022-01-16,AU,Brisbane,pm25,200,2.0,89.0,19.0,1052.69
2022-01-16,AU,Perth,pm25,81,2.0,28.0,9.0,385.86
2022-01-16,AU,Wollongong,pm25,48,10.0,59.0,31.0,1184.66
2022-01-16,CI,Abidjan,pm25,24,68.0,119.0,89.0,1618.19
2022-01-16,GH,Accra,pm25,24,76.0,152.0,91.0,3758.26
2022-01-16,IS,Reykjavík,pm25,109,1.0,67.0,13.0,2643.35
2022-01-16,KG,Bishkek,pm25,24,25.0,182.0,74.0,14106.9
2022-01-16,NL,Utrecht,pm25,48,30.0,118.0,81.0,5027.34
2022-01-16,NL,Nijmegen,pm25,46,59.0,123.0,87.0,2415.81
2022-01-16,NL,Haarlem,pm25,144,8.0,159.0,51.0,11267.8
2022-01-16,NL,Eindhoven,pm25,24,65.0,106.0,94.0,1393.91
2022-01-16,NL,Rotterdam,pm25,184,23.0,128.0,82.0,6050.04
2022-01-16,NL,Amsterdam,pm25,263,5.0,146.0,51.0,12466.7
2022-01-16,NL,Dordrecht,pm25,24,56.0,122.0,92.0,4018.84
2022-01-16,NL,Breda,pm25,48,55.0,120.0,91.0,2316.45
2022-01-16,NL,Groningen,pm25,48,13.0,102.0,63.0,5573.76
2022-01-16,NL,Maastricht,pm25,96,50.0,119.0,78.0,2446.89
2022-01-16,NL,The Hague,pm25,72,3.0,130.0,53.0,8992.81
2022-01-16,PT,Lisbon,pm25,15,55.0,83.0,66.0,1133.14
2022-01-16,PT,Funchal,pm25,60,28.0,99.0,55.0,3463.05
2022-01-16,CA,Hamilton,pm25,79,21.0,65.0,38.0,1073.51
2022-01-16,CA,Calgary,pm25,83,1.0,70.0,12.0,2959.7
2022-01-16,CA,Winnipeg,pm25,24,10.0,26.0,16.0,330.85
2022-01-16,CA,Halifax,pm25,46,12.0,33.0,14.0,239.66
2022-01-16,CA,Kitchener,pm25,47,21.0,57.0,30.0,682.81
2022-01-16,CA,Edmonton,pm25,130,1.0,53.0,15.0,1548.65
2022-01-16,CA,Mississauga,pm25,70,13.0,57.0,34.0,1216.1
2022-01-16,CA,Québec,pm25,184,12.0,142.0,40.0,5906.61
2022-01-16,CA,Vancouver,pm25,23,5.0,56.0,11.0,2443.91
2022-01-16,CA,Victoria,pm25,46,17.0,53.0,30.0,712.81
2022-01-16,CA,Montréal,pm25,424,27.0,89.0,51.0,1466.17
2022-01-16,CA,Toronto,pm25,128,5.0,68.0,25.0,1896.64
2022-01-16,CA,Ottawa,pm25,72,38.0,89.0,61.0,887.09
2022-01-16,CA,London,pm25,44,9.0,34.0,21.0,553.0
2022-01-16,US,Oklahoma City,pm25,96,14.0,93.0,35.0,3205.61
2022-01-16,US,Raleigh,pm25,64,5.0,47.0,20.0,777.3
2022-01-16,US,Memphis,pm25,60,3.0,64.0,30.0,2493.03
2022-01-16,US,Jackson,pm25,72,4.0,53.0,24.0,1734.88
2022-01-16,US,Boston,pm25,128,9.0,68.0,30.0,1260.7
2022-01-16,US,Richmond,pm25,96,12.0,49.0,30.0,862.52
2022-01-16,US,Portland,pm25,168,13.0,75.0,34.0,1478.17
2022-01-16,US,Boise,pm25,96,13.0,76.0,34.0,2881.15
2022-01-16,US,Austin,pm25,41,5.0,76.0,21.0,3157.49
2022-01-16,US,Honolulu,pm25,64,5.0,53.0,17.0,811.13
2022-01-16,US,Fresno,pm25,24,80.0,151.0,114.0,3715.58
2022-01-16,US,Milwaukee,pm25,144,45.0,86.0,61.0,492.18
2022-01-16,US,Hartford,pm25,48,33.0,57.0,39.0,441.77
2022-01-16,US,Washington D.C.,pm25,93,5.0,55.0,35.0,1061.57
2022-01-16,US,Chicago,pm25,239,17.0,71.0,54.0,1432.85
2022-01-16,US,Houston,pm25,46,2.0,147.0,25.0,8484.99
2022-01-16,US,Indianapolis,pm25,120,26.0,73.0,48.0,951.38
2022-01-16,US,Atlanta,pm25,6,20.0,53.0,39.0,1709.67
2022-01-16,US,Charlotte,pm25,40,5.0,42.0,25.0,924.38
2022-01-16,US,Sacramento,pm25,48,53.0,133.0,72.0,4722.66
2022-01-16,US,Oakland,pm25,120,17.0,119.0,65.0,2745.29
2022-01-16,US,Providence,pm25,43,5.0,78.0,25.0,2025.2
2022-01-16,US,Staten Island,pm25,119,9.0,63.0,42.0,1384.37
2022-01-16,US,Brooklyn,pm25,142,2.0,55.0,40.0,1458.8
2022-01-16,US,Springfield,pm25,70,3.0,70.0,55.0,1370.05
2022-01-16,US,The Bronx,pm25,48,5.0,51.0,39.0,1204.52
2022-01-16,US,San Jose,pm25,96,17.0,162.0,53.0,6442.24
2022-01-16,US,Los Angeles,pm25,67,5.0,71.0,38.0,3087.22
2022-01-16,US,Little Rock,pm25,23,3.0,34.0,21.0,536.76
2022-01-16,US,Baltimore,pm25,48,9.0,60.0,43.0,1381.7
2022-01-16,US,Phoenix,pm25,188,1.0,112.0,25.0,8701.18
2022-01-16,US,Omaha,pm25,42,5.0,59.0,38.0,2676.13
2022-01-16,US,El Paso,pm25,140,5.0,157.0,30.0,8247.16
2022-01-16,US,Dallas,pm25,24,8.0,51.0,20.0,1541.29
2022-01-16,US,Seattle,pm25,262,5.0,68.0,38.0,2033.88
2022-01-16,US,Manhattan,pm25,62,3.0,53.0,40.0,1757.62
2022-01-16,US,Miami,pm25,94,10.0,62.0,30.0,1133.04
2022-01-16,US,Jacksonville,pm25,144,9.0,48.0,31.0,658.44
2022-01-16,US,San Antonio,pm25,67,1.0,99.0,18.0,3339.56
2022-01-16,US,Philadelphia,pm25,95,5.0,70.0,39.0,2378.16
2022-01-16,US,San Diego,pm25,24,10.0,71.0,31.0,3377.32
2022-01-16,US,Columbus,pm25,48,29.0,59.0,41.0,699.29
2022-01-16,US,Saint Paul,pm25,144,9.0,63.0,38.0,1868.75
2022-01-16,US,Denver,pm25,147,5.0,57.0,17.0,968.33
2022-01-16,US,Salt Lake City,pm25,216,26.0,107.0,74.0,2441.6
2022-01-16,US,Albuquerque,pm25,72,6.0,92.0,23.0,6182.96
2022-01-16,US,San Francisco,pm25,72,34.0,99.0,55.0,1326.56
2022-01-16,US,Salem,pm25,72,23.0,57.0,38.0,591.26
2022-01-16,US,Madison,pm25,48,52.0,62.0,56.0,76.98
2022-01-16,US,Nashville,pm25,95,5.0,62.0,35.0,2478.91
2022-01-16,US,Tucson,pm25,146,5.0,65.0,21.0,1420.21
2022-01-16,US,Queens,pm25,96,1.0,50.0,40.0,848.8
2022-01-16,US,Tallahassee,pm25,71,7.0,43.0,23.0,687.82
2022-01-16,US,Fort Worth,pm25,22,9.0,46.0,21.0,1231.36
2022-01-16,RS,Novi Sad,pm25,48,42.0,170.0,125.0,18188.9
2022-01-16,RS,Niš,pm25,24,103.0,215.0,169.0,6972.97
2022-01-16,RS,Belgrade,pm25,119,68.0,200.0,158.0,5342.74
2022-01-16,CY,Nicosia,pm25,23,22.0,63.0,41.0,1590.2
2022-01-16,CY,Limassol,pm25,24,4.0,55.0,28.0,2111.52
2022-01-16,HR,Zagreb,pm25,24,139.0,199.0,175.0,3401.09
2022-01-16,HR,Rijeka,pm25,74,7.0,78.0,28.0,2723.02
2022-01-16,MK,Skopje,pm25,168,43.0,223.0,120.0,19116.5
2022-01-17,GE,Tbilisi,pm25,96,20.0,70.0,37.0,1944.21
2022-01-17,HU,Győr,pm25,46,5.0,65.0,34.0,2335.44
2022-01-17,HU,Szeged,pm25,23,50.0,99.0,78.0,2434.31
2022-01-17,HU,Pécs,pm25,72,5.0,163.0,99.0,14987.3
2022-01-17,HU,Kecskemét,pm25,48,13.0,132.0,74.0,13686.5
2022-01-17,HU,Miskolc,pm25,120,17.0,158.0,85.0,14453.1
2022-01-17,HU,Budapest,pm25,275,9.0,144.0,42.0,6951.05
2022-01-17,JP,Fukuoka,pm25,413,5.0,95.0,34.0,2960.48
2022-01-17,JP,Kanazawa,pm25,212,5.0,63.0,25.0,2208.6
2022-01-17,JP,Kumamoto,pm25,373,5.0,139.0,46.0,3794.26
2022-01-17,JP,Akita,pm25,41,9.0,72.0,38.0,2960.6
2022-01-17,JP,Kochi,pm25,48,9.0,80.0,30.0,3095.63
2022-01-17,JP,Gifu-shi,pm25,136,5.0,109.0,38.0,4443.26
2022-01-17,JP,Kyoto,pm25,567,5.0,78.0,46.0,2593.19
2022-01-17,JP,Hiroshima,pm25,285,5.0,91.0,30.0,3404.64
2022-01-17,JP,Shizuoka,pm25,235,5.0,61.0,25.0,1796.93
2022-01-17,JP,Chiba,pm25,617,5.0,147.0,57.0,4970.49
2022-01-17,JP,Sapporo,pm25,186,5.0,74.0,34.0,3795.61
2022-01-17,JP,Yokohama,pm25,527,1.0,114.0,50.0,4813.32
2022-01-17,JP,Tokyo,pm25,2469,1.0,152.0,50.0,3640.08
2022-01-17,JP,Saitama,pm25,454,5.0,93.0,42.0,3190.75
2022-01-17,JP,Naha,pm25,112,5.0,25.0,9.0,307.18
2022-01-17,JP,Nagasaki,pm25,141,5.0,107.0,34.0,4382.6
2022-01-17,JP,Toyama,pm25,146,5.0,61.0,25.0,2088.07
2022-01-17,JP,Niigata,pm25,205,5.0,57.0,34.0,1671.02
2022-01-17,JP,Nara-shi,pm25,184,5.0,91.0,38.0,3022.97
2022-01-17,JP,Okayama,pm25,272,5.0,85.0,34.0,3293.21
2022-01-17,JP,Sendai,pm25,344,5.0,57.0,21.0,916.17
2022-01-17,JP,Osaka,pm25,1370,5.0,80.0,42.0,3397.67
2022-01-17,JP,Miyazaki,pm25,137,5.0,102.0,42.0,3080.44
2022-01-17,JP,Matsuyama,pm25,151,5.0,91.0,38.0,4207.31
2022-01-17,JP,Wakayama,pm25,279,5.0,95.0,46.0,4058.0
2022-01-17,JP,Takamatsu,pm25,248,5.0,74.0,30.0,4494.36
2022-01-17,JP,Nagoya,pm25,720,5.0,167.0,46.0,4322.65
2022-01-17,JP,Ōita,pm25,245,5.0,87.0,30.0,2669.15
2022-01-17,JP,Kobe,pm25,412,5.0,102.0,46.0,3661.51
2022-01-17,JP,Nagano,pm25,89,5.0,80.0,42.0,4321.38
2022-01-17,JP,Utsunomiya,pm25,416,5.0,95.0,38.0,4301.62
2022-01-17,JP,Kagoshima,pm25,96,17.0,70.0,30.0,1464.56
2022-01-17,SK,Košice,pm25,92,5.0,124.0,80.0,11335.0
2022-01-17,SK,Bratislava,pm25,90,9.0,72.0,42.0,2753.59
2022-01-17,FI,Vantaa,pm25,18,5.0,39.0,23.0,646.44
2022-01-17,FI,Turku,pm25,18,9.0,40.0,18.0,640.56
2022-01-17,FI,Helsinki,pm25,114,2.0,41.0,6.0,464.2
2022-01-17,FI,Tampere,pm25,91,3.0,28.0,7.0,395.79
2022-01-17,ET,Addis Ababa,pm25,34,25.0,139.0,68.0,6282.39
2022-01-17,CH,Zürich,pm25,23,1.0,5.0,3.0,11.74
2022-01-17,CO,Bogotá,pm25,336,13.0,165.0,72.0,6783.82
2022-01-17,CO,Medellín,pm25,258,42.0,107.0,65.0,1242.45
2022-01-17,DK,Copenhagen,pm25,24,16.0,49.0,40.0,1109.98
2022-01-17,GB,Edinburgh,pm25,208,9.0,74.0,17.0,569.89
2022-01-17,GB,Norwich,pm25,24,42.0,86.0,57.0,1269.55
2022-01-17,GB,Liverpool,pm25,34,17.0,94.0,34.0,5551.44
2022-01-17,GB,Belfast,pm25,68,30.0,151.0,43.0,3919.85
2022-01-17,GB,Coventry,pm25,72,34.0,91.0,52.0,1529.29
2022-01-17,GB,Leeds,pm25,43,17.0,73.0,38.0,2431.35
2022-01-17,GB,Cardiff,pm25,56,9.0,61.0,30.0,1168.72
2022-01-17,GB,Bristol,pm25,69,9.0,166.0,53.0,9412.64
2022-01-17,GB,London,pm25,477,10.0,144.0,57.0,6065.79
2022-01-17,GB,Birmingham,pm25,48,38.0,132.0,50.0,6269.77
2022-01-17,GB,Sheffield,pm25,90,24.0,173.0,42.0,6225.66
2022-01-17,GB,Newport,pm25,47,25.0,62.0,38.0,1019.98
2022-01-17,GB,Leicester,pm25,24,34.0,87.0,46.0,2537.32
2022-01-17,GB,Manchester,pm25,78,19.0,116.0,50.0,4381.23
2022-01-17,GB,Reading,pm25,48,13.0,127.0,38.0,10928.5
2022-01-17,GB,Plymouth,pm25,44,9.0,85.0,38.0,4397.31
2022-01-17,GB,Glasgow,pm25,415,9.0,78.0,19.0,1601.0
2022-01-17,GB,Preston,pm25,44,19.0,105.0,38.0,3955.91
2022-01-17,GB,Swansea,pm25,136,5.0,82.0,38.0,5272.33
2022-01-17,GB,Southend-on-Sea,pm25,44,35.0,100.0,50.0,2412.01
2022-01-17,ID,Jakarta,pm25,48,30.0,137.0,74.0,5393.03
2022-01-17,NP,Kathmandu,pm25,58,30.0,198.0,159.0,25016.7
2022-01-17,NP,Pokhara,pm25,33,65.0,239.0,219.0,38819.6
2022-01-17,NP,Biratnagar,pm25,48,81.0,247.0,104.0,10092.1
2022-01-17,AU,Sydney,pm25,160,3.0,70.0,33.0,1820.6
2022-01-17,AU,Newcastle,pm25,140,5.0,102.0,31.0,3127.58
2022-01-17,AU,Launceston,pm25,127,5.0,30.0,9.0,149.85
2022-01-17,AU,Hobart,pm25,52,5.0,13.0,5.0,71.19
2022-01-17,AU,Darwin,pm25,43,1.0,27.0,13.0,568.64
2022-01-17,AU,Melbourne,pm25,183,2.0,75.0,26.0,1330.37
2022-01-17,AU,Canberra,pm25,61,2.0,69.0,24.0,3134.19
2022-01-17,AU,Adelaide,pm25,88,2.0,56.0,21.0,1898.33
2022-01-17,AU,Brisbane,pm25,195,2.0,65.0,24.0,1145.41
2022-01-17,AU,Perth,pm25,89,3.0,27.0,9.0,360.44
2022-01-17,AU,Wollongong,pm25,47,2.0,68.0,35.0,2390.81
2022-01-17,CI,Abidjan,pm25,24,70.0,153.0,102.0,7965.63
2022-01-17,GH,Accra,pm25,24,70.0,161.0,82.0,8718.84
2022-01-17,IS,Reykjavík,pm25,112,1.0,61.0,17.0,2161.15
2022-01-17,KG,Bishkek,pm25,24,9.0,170.0,85.0,20273.9
2022-01-17,NL,Utrecht,pm25,48,20.0,62.0,47.0,1125.0
2022-01-17,NL,Nijmegen,pm25,47,2.0,79.0,43.0,1988.09
2022-01-17,NL,Haarlem,pm25,143,1.0,83.0,38.0,2244.54
2022-01-17,NL,Eindhoven,pm25,24,43.0,113.0,63.0,3613.03
2022-01-17,NL,Rotterdam,pm25,174,11.0,80.0,46.0,1634.64
2022-01-17,NL,Amsterdam,pm25,264,4.0,71.0,37.0,1617.16
2022-01-17,NL,Dordrecht,pm25,24,9.0,63.0,46.0,1291.72
2022-01-17,NL,Breda,pm25,48,10.0,61.0,34.0,1785.53
2022-01-17,NL,Groningen,pm25,48,7.0,61.0,28.0,1939.56
2022-01-17,NL,Maastricht,pm25,92,42.0,93.0,72.0,1407.68
2022-01-17,NL,The Hague,pm25,71,12.0,81.0,42.0,2096.1
2022-01-17,PT,Lisbon,pm25,40,43.0,69.0,59.0,386.05
2022-01-17,PT,Funchal,pm25,66,9.0,139.0,75.0,7134.25
2022-01-17,CA,Hamilton,pm25,84,13.0,53.0,25.0,1081.39
2022-01-17,CA,Calgary,pm25,74,1.0,59.0,10.0,1725.05
2022-01-17,CA,Winnipeg,pm25,24,9.0,18.0,10.0,76.74
2022-01-17,CA,Halifax,pm25,46,11.0,66.0,25.0,2289.16
2022-01-17,CA,Kitchener,pm25,41,13.0,46.0,21.0,853.4
2022-01-17,CA,Edmonton,pm25,135,7.0,64.0,29.0,2738.73
2022-01-17,CA,Mississauga,pm25,58,9.0,25.0,17.0,182.79
2022-01-17,CA,Québec,pm25,169,5.0,142.0,25.0,5097.28
2022-01-17,CA,Vancouver,pm25,23,5.0,18.0,12.0,133.12
2022-01-17,CA,Victoria,pm25,45,17.0,55.0,34.0,1031.36
2022-01-17,CA,Montréal,pm25,414,9.0,80.0,29.0,3922.33
2022-01-17,CA,Toronto,pm25,130,5.0,30.0,13.0,341.25
2022-01-17,CA,Ottawa,pm25,67,14.0,57.0,27.0,2168.21
2022-01-17,CA,London,pm25,44,5.0,38.0,21.0,643.31
2022-01-17,US,Oklahoma City,pm25,96,5.0,90.0,24.0,3158.53
2022-01-17,US,Raleigh,pm25,67,5.0,41.0,21.0,995.89
2022-01-17,US,Memphis,pm25,71,22.0,58.0,35.0,592.63
2022-01-17,US,Jackson,pm25,71,2.0,78.0,32.0,3256.99
2022-01-17,US,Boston,pm25,142,5.0,61.0,30.0,1939.99
2022-01-17,US,Richmond,pm25,96,10.0,36.0,21.0,255.1
2022-01-17,US,Portland,pm25,168,15.0,70.0,52.0,1695.99
2022-01-17,US,Boise,pm25,96,5.0,89.0,55.0,2287.89
2022-01-17,US,Austin,pm25,45,5.0,91.0,38.0,4424.82
2022-01-17,US,Honolulu,pm25,66,5.0,46.0,21.0,1093.77
2022-01-17,US,Fresno,pm25,24,55.0,107.0,82.0,1861.67
2022-01-17,US,Milwaukee,pm25,144,19.0,78.0,51.0,1573.56
2022-01-17,US,Hartford,pm25,48,3.0,62.0,25.0,2968.72
2022-01-17,US,Washington D.C.,pm25,90,5.0,46.0,20.0,977.86
2022-01-17,US,Chicago,pm25,239,19.0,76.0,46.0,1634.36
2022-01-17,US,Houston,pm25,48,5.0,146.0,54.0,11411.5
2022-01-17,US,Indianapolis,pm25,120,22.0,86.0,59.0,1995.19
2022-01-17,US,Atlanta,pm25,12,26.0,40.0,34.0,194.77
2022-01-17,US,Charlotte,pm25,46,5.0,46.0,21.0,1132.99
2022-01-17,US,Sacramento,pm25,48,34.0,130.0,65.0,3193.79
2022-01-17,US,Oakland,pm25,120,21.0,107.0,63.0,2783.19
2022-01-17,US,Providence,pm25,41,5.0,42.0,17.0,1252.44
2022-01-17,US,Staten Island,pm25,91,2.0,45.0,25.0,930.14
2022-01-17,US,Brooklyn,pm25,126,1.0,64.0,30.0,2578.7
2022-01-17,US,Springfield,pm25,72,3.0,70.0,35.0,2823.28
2022-01-17,US,The Bronx,pm25,40,1.0,50.0,35.0,1397.54
2022-01-17,US,San Jose,pm25,96,21.0,137.0,70.0,5846.58
2022-01-17,US,Los Angeles,pm25,72,11.0,63.0,38.0,1489.67
2022-01-17,US,Little Rock,pm25,24,14.0,67.0,33.0,2524.18
2022-01-17,US,Baltimore,pm25,46,5.0,43.0,20.0,1034.63
2022-01-17,US,Phoenix,pm25,190,1.0,126.0,51.0,7051.52
2022-01-17,US,Omaha,pm25,40,9.0,53.0,25.0,1071.12
2022-01-17,US,El Paso,pm25,145,5.0,88.0,30.0,4700.23
2022-01-17,US,Dallas,pm25,24,3.0,69.0,19.0,5739.93
2022-01-17,US,Seattle,pm25,262,17.0,74.0,50.0,1750.48
2022-01-17,US,Manhattan,pm25,29,1.0,33.0,14.0,700.91
2022-01-17,US,Miami,pm25,94,20.0,41.0,28.0,300.57
2022-01-17,US,Jacksonville,pm25,144,6.0,55.0,20.0,780.07
2022-01-17,US,San Antonio,pm25,71,4.0,88.0,28.0,3482.51
2022-01-17,US,Philadelphia,pm25,71,1.0,63.0,24.0,2101.54
2022-01-17,US,San Diego,pm25,22,14.0,78.0,48.0,2317.08
2022-01-17,US,Columbus,pm25,48,28.0,61.0,51.0,827.44
2022-01-17,US,Saint Paul,pm25,134,5.0,93.0,21.0,1564.3
2022-01-17,US,Denver,pm25,159,5.0,82.0,38.0,4039.45
2022-01-17,US,Salt Lake City,pm25,216,24.0,142.0,89.0,5231.91
2022-01-17,US,Albuquerque,pm25,72,5.0,79.0,29.0,4775.58
2022-01-17,US,San Francisco,pm25,72,25.0,68.0,50.0,1243.5
2022-01-17,US,Salem,pm25,72,16.0,62.0,33.0,1601.67
2022-01-17,US,Madison,pm25,48,28.0,58.0,40.0,701.8
2022-01-17,US,Nashville,pm25,96,9.0,67.0,35.0,1425.08
2022-01-17,US,Tucson,pm25,157,5.0,70.0,30.0,2015.02
2022-01-17,US,Queens,pm25,80,1.0,48.0,38.0,1747.09
2022-01-17,US,Tallahassee,pm25,70,6.0,44.0,24.0,687.88
2022-01-17,US,Fort Worth,pm25,21,13.0,53.0,25.0,1531.9
2022-01-17,RS,Novi Sad,pm25,48,10.0,164.0,75.0,16089.6
2022-01-17,RS,Niš,pm25,24,44.0,199.0,171.0,25993.9
2022-01-17,RS,Belgrade,pm25,119,8.0,186.0,100.0,31772.4
2022-01-17,CY,Nicosia,pm25,23,8.0,89.0,53.0,5498.14
2022-01-17,CY,Limassol,pm25,24,9.0,81.0,28.0,3816.23
2022-01-17,HR,Zagreb,pm25,24,66.0,192.0,162.0,9372.97
2022-01-17,HR,Rijeka,pm25,72,20.0,147.0,54.0,4681.64
2022-01-17,MK,Skopje,pm25,168,56.0,218.0,162.0,15222.9
2022-01-18,GE,Tbilisi,pm25,96,34.0,97.0,54.0,2485.11
2022-01-18,HU,Győr,pm25,47,5.0,63.0,42.0,3287.48
2022-01-18,HU,Szeged,pm25,24,21.0,65.0,42.0,1234.33
2022-01-18,HU,Pécs,pm25,66,9.0,50.0,25.0,1280.9
2022-01-18,HU,Kecskemét,pm25,46,17.0,63.0,38.0,2211.75
2022-01-18,HU,Miskolc,pm25,120,21.0,182.0,82.0,23189.3
2022-01-18,HU,Budapest,pm25,282,13.0,57.0,34.0,1604.36
2022-01-18,JP,Fukuoka,pm25,390,5.0,87.0,34.0,3462.03
2022-01-18,JP,Kanazawa,pm25,196,5.0,63.0,21.0,1640.68
2022-01-18,JP,Kumamoto,pm25,368,5.0,93.0,50.0,2753.68
2022-01-18,JP,Akita,pm25,45,5.0,109.0,42.0,4389.19
2022-01-18,JP,Kochi,pm25,47,5.0,50.0,30.0,1137.83
2022-01-18,JP,Gifu-shi,pm25,133,5.0,89.0,17.0,2380.49
2022-01-18,JP,Kyoto,pm25,549,5.0,65.0,25.0,1105.4
2022-01-18,JP,Hiroshima,pm25,288,5.0,63.0,30.0,1937.57
2022-01-18,JP,Shizuoka,pm25,173,5.0,161.0,9.0,2319.09
2022-01-18,JP,Chiba,pm25,597,5.0,95.0,17.0,2348.58
2022-01-18,JP,Sapporo,pm25,182,5.0,99.0,50.0,5135.12
2022-01-18,JP,Yokohama,pm25,432,1.0,68.0,17.0,1715.41
2022-01-18,JP,Tokyo,pm25,2135,1.0,91.0,17.0,989.63
2022-01-18,JP,Saitama,pm25,418,5.0,53.0,17.0,929.78
2022-01-18,JP,Naha,pm25,139,9.0,61.0,42.0,1956.93
2022-01-18,JP,Nagasaki,pm25,146,5.0,85.0,34.0,4085.72
2022-01-18,JP,Toyama,pm25,152,5.0,68.0,17.0,1925.24
2022-01-18,JP,Niigata,pm25,150,5.0,57.0,17.0,1783.5
2022-01-18,JP,Nara-shi,pm25,179,5.0,50.0,25.0,1107.8
2022-01-18,JP,Okayama,pm25,274,9.0,63.0,34.0,1335.83
2022-01-18,JP,Sendai,pm25,294,5.0,46.0,17.0,569.74
2022-01-18,JP,Osaka,pm25,1335,5.0,68.0,25.0,1238.56
2022-01-18,JP,Miyazaki,pm25,142,9.0,93.0,53.0,2148.86
2022-01-18,JP,Matsuyama,pm25,149,5.0,70.0,34.0,1763.75
2022-01-18,JP,Wakayama,pm25,273,5.0,63.0,25.0,1323.68
2022-01-18,JP,Takamatsu,pm25,251,5.0,53.0,25.0,800.89
2022-01-18,JP,Nagoya,pm25,645,1.0,76.0,17.0,1017.84
2022-01-18,JP,Ōita,pm25,247,5.0,68.0,34.0,2655.87
2022-01-18,JP,Kobe,pm25,412,5.0,57.0,25.0,1300.46
2022-01-18,JP,Nagano,pm25,59,5.0,50.0,17.0,1381.96
2022-01-18,JP,Utsunomiya,pm25,311,5.0,68.0,21.0,2530.2
2022-01-18,JP,Kagoshima,pm25,96,21.0,78.0,46.0,1565.84
2022-01-18,SK,Košice,pm25,92,5.0,85.0,42.0,3967.76
2022-01-18,SK,Bratislava,pm25,88,5.0,50.0,25.0,1585.76
2022-01-18,FI,Vantaa,pm25,24,3.0,26.0,19.0,230.44
2022-01-18,FI,Turku,pm25,24,2.0,28.0,11.0,524.33
2022-01-18,FI,Helsinki,pm25,115,3.0,26.0,10.0,240.3
2022-01-18,FI,Tampere,pm25,94,3.0,31.0,10.0,208.09
2022-01-18,ET,Addis Ababa,pm25,48,25.0,137.0,65.0,5556.95
2022-01-18,CH,Zürich,pm25,22,1.0,4.0,2.0,9.18
2022-01-18,CO,Bogotá,pm25,332,5.0,144.0,61.0,8947.74
2022-01-18,CO,Medellín,pm25,268,46.0,107.0,70.0,995.89
2022-01-18,DK,Copenhagen,pm25,24,20.0,43.0,33.0,436.36
2022-01-18,GB,Edinburgh,pm25,251,9.0,53.0,25.0,1167.15
2022-01-18,GB,Norwich,pm25,24,56.0,85.0,65.0,567.75
2022-01-18,GB,Liverpool,pm25,45,50.0,102.0,71.0,646.59
2022-01-18,GB,Belfast,pm25,89,37.0,153.0,72.0,3651.68
2022-01-18,GB,Coventry,pm25,57,52.0,88.0,65.0,400.02
2022-01-18,GB,Leeds,pm25,46,42.0,94.0,59.0,939.0
2022-01-18,GB,Cardiff,pm25,71,13.0,99.0,78.0,5158.35
2022-01-18,GB,Bristol,pm25,49,34.0,151.0,85.0,6744.63
2022-01-18,GB,London,pm25,503,15.0,158.0,76.0,4288.56
2022-01-18,GB,Birmingham,pm25,35,57.0,104.0,78.0,1363.58
2022-01-18,GB,Sheffield,pm25,88,53.0,129.0,75.0,3319.97
2022-01-18,GB,Newport,pm25,39,42.0,93.0,57.0,2492.28
2022-01-18,GB,Leicester,pm25,24,60.0,94.0,71.0,679.55
2022-01-18,GB,Manchester,pm25,88,55.0,80.0,65.0,380.44
2022-01-18,GB,Reading,pm25,48,55.0,127.0,78.0,5894.61
2022-01-18,GB,Plymouth,pm25,39,17.0,74.0,53.0,1229.55
2022-01-18,GB,Glasgow,pm25,458,9.0,63.0,30.0,995.85
2022-01-18,GB,Preston,pm25,42,48.0,83.0,62.0,672.17
2022-01-18,GB,Swansea,pm25,100,5.0,124.0,61.0,3789.9
2022-01-18,GB,Southend-on-Sea,pm25,48,53.0,93.0,63.0,479.0
2022-01-18,ID,Jakarta,pm25,46,30.0,127.0,68.0,5593.43
2022-01-18,NP,Kathmandu,pm25,55,28.0,203.0,158.0,23516.3
2022-01-18,NP,Pokhara,pm25,30,69.0,242.0,216.0,46380.5
2022-01-18,NP,Biratnagar,pm25,48,74.0,162.0,89.0,4731.47
2022-01-18,AU,Sydney,pm25,159,1.0,61.0,25.0,1601.52
2022-01-18,AU,Newcastle,pm25,141,2.0,148.0,32.0,7993.33
2022-01-18,AU,Launceston,pm25,115,5.0,13.0,9.0,66.1
2022-01-18,AU,Hobart,pm25,31,5.0,17.0,5.0,71.23
2022-01-18,AU,Darwin,pm25,65,2.0,38.0,14.0,883.81
2022-01-18,AU,Melbourne,pm25,179,2.0,54.0,25.0,1085.7
2022-01-18,AU,Canberra,pm25,40,1.0,44.0,17.0,1280.9
2022-01-18,AU,Adelaide,pm25,92,8.0,44.0,25.0,660.9
2022-01-18,AU,Brisbane,pm25,196,2.0,79.0,23.0,1118.99
2022-01-18,AU,Perth,pm25,86,2.0,22.0,8.0,109.9
2022-01-18,AU,Wollongong,pm25,38,2.0,78.0,16.0,3428.06
2022-01-18,CI,Abidjan,pm25,24,76.0,129.0,104.0,2524.57
2022-01-18,GH,Accra,pm25,24,68.0,139.0,87.0,5292.16
2022-01-18,IQ,Baghdad,pm25,5,89.0,175.0,139.0,11123.0
2022-01-18,IS,Reykjavík,pm25,116,5.0,58.0,16.0,1309.0
2022-01-18,KG,Bishkek,pm25,24,13.0,271.0,107.0,38026.0
2022-01-18,NL,Utrecht,pm25,48,24.0,87.0,50.0,3180.7
2022-01-18,NL,Nijmegen,pm25,48,26.0,77.0,52.0,1347.44
2022-01-18,NL,Haarlem,pm25,140,1.0,88.0,27.0,2610.49
2022-01-18,NL,Eindhoven,pm25,24,46.0,85.0,65.0,1051.88
2022-01-18,NL,Rotterdam,pm25,192,5.0,88.0,45.0,5468.8
2022-01-18,NL,Amsterdam,pm25,256,1.0,86.0,35.0,2986.62
2022-01-18,NL,Dordrecht,pm25,24,24.0,87.0,53.0,3523.19
2022-01-18,NL,Breda,pm25,48,23.0,88.0,56.0,2213.12
2022-01-18,NL,Groningen,pm25,48,6.0,76.0,25.0,2670.9
2022-01-18,NL,Maastricht,pm25,95,30.0,85.0,57.0,1105.29
2022-01-18,NL,The Hague,pm25,72,3.0,163.0,34.0,6046.47
2022-01-18,PT,Lisbon,pm25,30,51.0,80.0,59.0,597.99
2022-01-18,PT,Funchal,pm25,65,5.0,133.0,61.0,8878.15
2022-01-18,CA,Hamilton,pm25,83,9.0,57.0,17.0,1576.91
2022-01-18,CA,Calgary,pm25,92,3.0,38.0,19.0,635.64
2022-01-18,CA,Winnipeg,pm25,24,9.0,13.0,11.0,18.24
2022-01-18,CA,Halifax,pm25,46,13.0,83.0,40.0,3874.59
2022-01-18,CA,Kitchener,pm25,40,5.0,65.0,17.0,2405.58
2022-01-18,CA,Edmonton,pm25,127,1.0,65.0,19.0,1503.07
2022-01-18,CA,Mississauga,pm25,60,5.0,59.0,17.0,1369.48
2022-01-18,CA,Québec,pm25,181,9.0,65.0,22.0,1344.05
2022-01-18,CA,Vancouver,pm25,23,15.0,51.0,22.0,1026.01
2022-01-18,CA,Victoria,pm25,44,5.0,57.0,21.0,1376.97
2022-01-18,CA,Montréal,pm25,370,6.0,89.0,27.0,1974.4
2022-01-18,CA,Toronto,pm25,118,5.0,55.0,13.0,1525.51
2022-01-18,CA,Ottawa,pm25,60,13.0,69.0,22.0,1894.11
2022-01-18,CA,London,pm25,35,5.0,82.0,34.0,3843.75
2022-01-18,US,Oklahoma City,pm25,93,23.0,60.0,39.0,826.36
2022-01-18,US,Raleigh,pm25,62,5.0,50.0,17.0,1187.06
2022-01-18,US,Memphis,pm25,70,8.0,63.0,28.0,1806.01
2022-01-18,US,Jackson,pm25,70,1.0,82.0,28.0,4327.21
2022-01-18,US,Boston,pm25,115,5.0,42.0,17.0,657.78
2022-01-18,US,Richmond,pm25,96,14.0,54.0,25.0,1476.49
2022-01-18,US,Portland,pm25,168,9.0,76.0,44.0,2412.02
2022-01-18,US,Boise,pm25,96,13.0,74.0,46.0,2308.6
2022-01-18,US,Austin,pm25,45,5.0,68.0,25.0,2708.82
2022-01-18,US,Honolulu,pm25,70,5.0,53.0,30.0,1153.01
2022-01-18,US,Fresno,pm25,24,57.0,95.0,76.0,1031.14
2022-01-18,US,Milwaukee,pm25,144,29.0,58.0,46.0,502.04
2022-01-18,US,Hartford,pm25,48,5.0,20.0,13.0,151.47
2022-01-18,US,Washington D.C.,pm25,92,9.0,54.0,25.0,1203.71
2022-01-18,US,Chicago,pm25,238,15.0,73.0,39.0,1035.1
2022-01-18,US,Houston,pm25,47,4.0,53.0,27.0,1735.52
2022-01-18,US,Indianapolis,pm25,118,13.0,97.0,40.0,1259.06
2022-01-18,US,Atlanta,pm25,24,22.0,58.0,38.0,923.41
2022-01-18,US,Charlotte,pm25,48,5.0,59.0,25.0,1368.35
2022-01-18,US,Sacramento,pm25,46,36.0,125.0,59.0,6847.65
2022-01-18,US,Oakland,pm25,119,13.0,91.0,42.0,2191.69
2022-01-18,US,Providence,pm25,32,5.0,34.0,13.0,407.01
2022-01-18,US,Staten Island,pm25,111,2.0,52.0,30.0,1245.92
2022-01-18,US,Brooklyn,pm25,139,2.0,75.0,38.0,3509.3
2022-01-18,US,Springfield,pm25,72,10.0,50.0,32.0,637.93
2022-01-18,US,The Bronx,pm25,48,24.0,51.0,38.0,402.54
2022-01-18,US,San Jose,pm25,95,17.0,107.0,55.0,3226.67
2022-01-18,US,Los Angeles,pm25,67,8.0,63.0,37.0,1509.18
2022-01-18,US,Little Rock,pm25,24,13.0,68.0,45.0,2219.98
2022-01-18,US,Baltimore,pm25,48,17.0,97.0,34.0,3222.96
2022-01-18,US,Phoenix,pm25,191,1.0,119.0,40.0,4148.9
2022-01-18,US,Omaha,pm25,46,13.0,59.0,34.0,1847.54
2022-01-18,US,El Paso,pm25,138,5.0,72.0,21.0,2496.96
2022-01-18,US,Dallas,pm25,24,17.0,64.0,27.0,1269.57
2022-01-18,US,Seattle,pm25,248,5.0,55.0,21.0,1145.91
2022-01-18,US,Manhattan,pm25,42,2.0,70.0,25.0,2907.56
2022-01-18,US,Miami,pm25,94,12.0,39.0,23.0,396.68
2022-01-18,US,Jacksonville,pm25,141,19.0,101.0,33.0,2126.98
2022-01-18,US,San Antonio,pm25,68,6.0,90.0,27.0,2526.13
2022-01-18,US,Philadelphia,pm25,79,2.0,81.0,25.0,2500.91
2022-01-18,US,San Diego,pm25,24,6.0,62.0,31.0,2246.67
2022-01-18,US,Columbus,pm25,48,28.0,65.0,48.0,891.38
2022-01-18,US,Saint Paul,pm25,144,9.0,63.0,38.0,1238.05
2022-01-18,US,Denver,pm25,160,5.0,68.0,30.0,2402.48
2022-01-18,US,Salt Lake City,pm25,216,43.0,151.0,106.0,3746.56
2022-01-18,US,Albuquerque,pm25,72,7.0,117.0,16.0,6041.11
2022-01-18,US,San Francisco,pm25,71,5.0,63.0,30.0,1458.95
2022-01-18,US,Salem,pm25,72,11.0,65.0,19.0,1094.41
2022-01-18,US,Madison,pm25,48,33.0,57.0,39.0,603.19
2022-01-18,US,Nashville,pm25,93,5.0,68.0,38.0,2175.21
2022-01-18,US,Tucson,pm25,152,5.0,76.0,25.0,2778.42
2022-01-18,US,Queens,pm25,96,23.0,52.0,39.0,530.88
2022-01-18,US,Tallahassee,pm25,71,4.0,127.0,30.0,4388.4
2022-01-18,US,Fort Worth,pm25,23,9.0,55.0,25.0,1544.55
2022-01-18,RS,Novi Sad,pm25,48,11.0,164.0,45.0,12262.3
2022-01-18,RS,Niš,pm25,24,19.0,103.0,48.0,5167.81
2022-01-18,RS,Belgrade,pm25,120,10.0,125.0,47.0,10926.1
2022-01-18,CY,Nicosia,pm25,20,21.0,98.0,62.0,4073.79
2022-01-18,CY,Limassol,pm25,18,1.0,75.0,31.0,3367.61
2022-01-18,HR,Zagreb,pm25,24,30.0,175.0,72.0,23040.2
2022-01-18,HR,Rijeka,pm25,79,9.0,121.0,32.0,4713.9
2022-01-18,MK,Skopje,pm25,165,14.0,213.0,47.0,22248.0
2022-01-19,GE,Tbilisi,pm25,96,56.0,103.0,71.0,1626.68
2022-01-19,HU,Győr,pm25,47,30.0,95.0,55.0,2674.44
2022-01-19,HU,Szeged,pm25,23,59.0,74.0,68.0,278.58
2022-01-19,HU,Pécs,pm25,72,50.0,162.0,61.0,14357.7
2022-01-19,HU,Kecskemét,pm25,48,65.0,114.0,76.0,1945.53
2022-01-19,HU,Miskolc,pm25,120,65.0,180.0,132.0,10549.4
2022-01-19,HU,Budapest,pm25,337,46.0,112.0,74.0,2146.52
2022-01-19,JP,Fukuoka,pm25,400,5.0,85.0,34.0,2388.54
2022-01-19,JP,Kanazawa,pm25,152,5.0,61.0,13.0,1171.49
2022-01-19,JP,Kumamoto,pm25,355,5.0,102.0,34.0,2278.53
2022-01-19,JP,Akita,pm25,29,5.0,59.0,30.0,1926.16
2022-01-19,JP,Kochi,pm25,45,5.0,46.0,21.0,1030.83
2022-01-19,JP,Gifu-shi,pm25,121,5.0,137.0,25.0,4177.72
2022-01-19,JP,Kyoto,pm25,531,5.0,76.0,34.0,1907.62
2022-01-19,JP,Hiroshima,pm25,262,5.0,61.0,25.0,1648.36
2022-01-19,JP,Shizuoka,pm25,221,5.0,107.0,17.0,1708.91
2022-01-19,JP,Chiba,pm25,716,5.0,153.0,25.0,3662.16
2022-01-19,JP,Sapporo,pm25,180,5.0,72.0,21.0,2320.95
2022-01-19,JP,Yokohama,pm25,478,1.0,91.0,21.0,2487.91
2022-01-19,JP,Tokyo,pm25,2333,1.0,142.0,25.0,2948.09
2022-01-19,JP,Saitama,pm25,490,5.0,93.0,21.0,2830.07
2022-01-19,JP,Naha,pm25,134,5.0,42.0,25.0,781.92
2022-01-19,JP,Nagasaki,pm25,141,5.0,70.0,21.0,2020.21
2022-01-19,JP,Toyama,pm25,143,5.0,74.0,21.0,2256.44
2022-01-19,JP,Niigata,pm25,30,5.0,5.0,5.0,0.0
2022-01-19,JP,Nara-shi,pm25,184,5.0,102.0,34.0,1758.6
2022-01-19,JP,Okayama,pm25,282,5.0,72.0,42.0,1071.25
2022-01-19,JP,Sendai,pm25,386,5.0,46.0,17.0,585.21
2022-01-19,JP,Osaka,pm25,1320,5.0,74.0,30.0,1946.77
2022-01-19,JP,Miyazaki,pm25,138,5.0,63.0,42.0,2228.6
2022-01-19,JP,Matsuyama,pm25,146,5.0,61.0,30.0,1818.85
2022-01-19,JP,Wakayama,pm25,257,5.0,68.0,30.0,1625.12
2022-01-19,JP,Takamatsu,pm25,261,5.0,61.0,25.0,1216.85
2022-01-19,JP,Nagoya,pm25,721,1.0,119.0,25.0,1969.52
2022-01-19,JP,Ōita,pm25,217,5.0,61.0,21.0,1280.33
2022-01-19,JP,Kobe,pm25,425,5.0,93.0,30.0,1899.46
2022-01-19,JP,Nagano,pm25,74,5.0,55.0,21.0,1840.56
2022-01-19,JP,Utsunomiya,pm25,373,5.0,74.0,30.0,4227.33
2022-01-19,JP,Kagoshima,pm25,95,5.0,46.0,25.0,1008.72
2022-01-19,SK,Košice,pm25,96,42.0,152.0,68.0,6831.46
2022-01-19,SK,Bratislava,pm25,94,21.0,112.0,53.0,3112.82
2022-01-19,FI,Helsinki,pm25,5,10.0,18.0,10.0,122.0
2022-01-19,FI,Tampere,pm25,4,9.0,11.0,9.0,9.17
2022-01-19,ET,Addis Ababa,pm25,48,30.0,129.0,57.0,4196.7
2022-01-19,CH,Zürich,pm25,21,2.0,3.0,2.0,1.9
2022-01-19,CO,Bogotá,pm25,332,5.0,149.0,34.0,6207.81
2022-01-19,CO,Medellín,pm25,278,38.0,95.0,70.0,1056.33
2022-01-19,DK,Copenhagen,pm25,24,6.0,35.0,24.0,381.09
2022-01-19,GB,Edinburgh,pm25,264,5.0,42.0,17.0,377.54
2022-01-19,GB,Norwich,pm25,22,53.0,74.0,65.0,387.99
2022-01-19,GB,Liverpool,pm25,39,30.0,68.0,46.0,1069.41
2022-01-19,GB,Belfast,pm25,81,11.0,63.0,37.0,1167.72
2022-01-19,GB,Coventry,pm25,62,50.0,75.0,59.0,438.07
2022-01-19,GB,Leeds,pm25,40,34.0,63.0,53.0,654.64
2022-01-19,GB,Cardiff,pm25,118,9.0,70.0,34.0,2087.59
2022-01-19,GB,Bristol,pm25,24,38.0,82.0,61.0,1546.96
2022-01-19,GB,London,pm25,505,2.0,89.0,49.0,2871.53
2022-01-19,GB,Birmingham,pm25,44,46.0,76.0,59.0,604.82
2022-01-19,GB,Sheffield,pm25,88,30.0,82.0,53.0,1627.11
2022-01-19,GB,Newport,pm25,48,9.0,76.0,34.0,3596.17
2022-01-19,GB,Leicester,pm25,24,53.0,75.0,65.0,455.63
2022-01-19,GB,Manchester,pm25,84,30.0,76.0,41.0,1624.37
2022-01-19,GB,Reading,pm25,48,21.0,59.0,42.0,1143.51
2022-01-19,GB,Plymouth,pm25,36,30.0,65.0,50.0,539.52
2022-01-19,GB,Glasgow,pm25,486,5.0,92.0,25.0,1427.14
2022-01-19,GB,Preston,pm25,47,25.0,74.0,37.0,1192.85
2022-01-19,GB,Swansea,pm25,86,5.0,74.0,34.0,2286.92
2022-01-19,GB,Southend-on-Sea,pm25,42,19.0,63.0,51.0,1189.38
2022-01-19,ID,Jakarta,pm25,48,17.0,124.0,63.0,4008.07
2022-01-19,NP,Kathmandu,pm25,55,25.0,355.0,142.0,28744.6
2022-01-19,NP,Pokhara,pm25,34,71.0,242.0,197.0,36370.9
2022-01-19,NP,Biratnagar,pm25,48,42.0,86.0,71.0,1082.96
2022-01-19,AU,Sydney,pm25,157,4.0,65.0,21.0,985.25
2022-01-19,AU,Newcastle,pm25,129,1.0,53.0,19.0,1181.42
2022-01-19,AU,Launceston,pm25,71,5.0,63.0,9.0,660.09
2022-01-19,AU,Hobart,pm25,48,5.0,25.0,9.0,163.12
2022-01-19,AU,Darwin,pm25,69,3.0,40.0,17.0,907.47
2022-01-19,AU,Melbourne,pm25,182,1.0,78.0,24.0,1543.23
2022-01-19,AU,Canberra,pm25,48,1.0,77.0,18.0,3428.19
2022-01-19,AU,Adelaide,pm25,96,5.0,59.0,21.0,832.32
2022-01-19,AU,Brisbane,pm25,206,1.0,76.0,21.0,1190.99
2022-01-19,AU,Perth,pm25,88,3.0,21.0,7.0,172.18
2022-01-19,AU,Wollongong,pm25,46,5.0,69.0,20.0,2195.33
2022-01-19,CI,Abidjan,pm25,24,74.0,169.0,112.0,8203.9
2022-01-19,GH,Accra,pm25,24,80.0,158.0,134.0,4116.94
2022-01-19,IQ,Baghdad,pm25,24,70.0,256.0,93.0,37110.8
2022-01-19,IS,Reykjavík,pm25,119,3.0,50.0,13.0,717.62
2022-01-19,KG,Bishkek,pm25,24,30.0,280.0,97.0,35682.6
2022-01-19,NL,Utrecht,pm25,48,44.0,96.0,76.0,1877.29
2022-01-19,NL,Nijmegen,pm25,46,21.0,97.0,67.0,2401.22
2022-01-19,NL,Haarlem,pm25,143,15.0,88.0,44.0,1908.81
2022-01-19,NL,Eindhoven,pm25,24,39.0,92.0,66.0,1855.63
2022-01-19,NL,Rotterdam,pm25,191,17.0,125.0,76.0,4503.15
2022-01-19,NL,Amsterdam,pm25,264,11.0,106.0,50.0,4314.68
2022-01-19,NL,Dordrecht,pm25,24,42.0,100.0,77.0,2709.4
2022-01-19,NL,Breda,pm25,48,16.0,93.0,71.0,3901.13
2022-01-19,NL,Groningen,pm25,48,11.0,94.0,60.0,4958.14
2022-01-19,NL,Maastricht,pm25,96,25.0,89.0,59.0,1200.42
2022-01-19,NL,The Hague,pm25,72,18.0,93.0,47.0,4277.46
2022-01-19,PT,Lisbon,pm25,27,55.0,86.0,72.0,828.06
2022-01-19,PT,Funchal,pm25,72,21.0,76.0,61.0,1141.95
2022-01-19,CA,Hamilton,pm25,81,5.0,61.0,38.0,1722.92
2022-01-19,CA,Calgary,pm25,92,14.0,70.0,37.0,1779.22
2022-01-19,CA,Winnipeg,pm25,24,10.0,17.0,14.0,30.71
2022-01-19,CA,Halifax,pm25,46,15.0,37.0,22.0,312.41
2022-01-19,CA,Kitchener,pm25,46,5.0,65.0,34.0,3086.77
2022-01-19,CA,Edmonton,pm25,137,13.0,66.0,30.0,909.97
2022-01-19,CA,Mississauga,pm25,69,5.0,65.0,34.0,3068.08
2022-01-19,CA,Québec,pm25,178,18.0,70.0,35.0,1044.22
2022-01-19,CA,Vancouver,pm25,22,8.0,18.0,13.0,104.33
2022-01-19,CA,Victoria,pm25,46,5.0,50.0,25.0,971.75
2022-01-19,CA,Montréal,pm25,428,30.0,99.0,52.0,914.17
2022-01-19,CA,Toronto,pm25,135,5.0,70.0,30.0,2825.89
2022-01-19,CA,Ottawa,pm25,70,20.0,71.0,40.0,1309.72
2022-01-19,CA,London,pm25,38,5.0,53.0,30.0,1865.09
2022-01-19,US,Oklahoma City,pm25,96,14.0,70.0,37.0,2096.94
2022-01-19,US,Raleigh,pm25,70,9.0,80.0,34.0,2009.47
2022-01-19,US,Memphis,pm25,71,16.0,52.0,22.0,416.11
2022-01-19,US,Jackson,pm25,71,1.0,30.0,21.0,488.84
2022-01-19,US,Boston,pm25,116,5.0,55.0,30.0,1187.93
2022-01-19,US,Richmond,pm25,96,25.0,56.0,36.0,1003.08
2022-01-19,US,Portland,pm25,166,5.0,78.0,16.0,3081.52
2022-01-19,US,Boise,pm25,96,13.0,61.0,38.0,1364.31
2022-01-19,US,Austin,pm25,41,5.0,68.0,30.0,2924.7
2022-01-19,US,Honolulu,pm25,69,5.0,50.0,21.0,867.5
2022-01-19,US,Fresno,pm25,24,53.0,112.0,76.0,2178.1
2022-01-19,US,Milwaukee,pm25,144,14.0,60.0,29.0,1561.77
2022-01-19,US,Hartford,pm25,48,16.0,52.0,39.0,1152.44
2022-01-19,US,Washington D.C.,pm25,106,17.0,61.0,34.0,1043.42
2022-01-19,US,Chicago,pm25,237,11.0,57.0,32.0,1097.96
2022-01-19,US,Houston,pm25,48,1.0,66.0,34.0,2392.32
2022-01-19,US,Indianapolis,pm25,128,2.0,152.0,30.0,3074.46
2022-01-19,US,Atlanta,pm25,14,19.0,61.0,56.0,2033.85
2022-01-19,US,Charlotte,pm25,39,13.0,59.0,42.0,1295.76
2022-01-19,US,Sacramento,pm25,61,21.0,151.0,68.0,5578.87
2022-01-19,US,Oakland,pm25,118,13.0,80.0,46.0,2384.46
2022-01-19,US,Providence,pm25,43,5.0,53.0,21.0,1611.55
2022-01-19,US,Staten Island,pm25,108,3.0,60.0,41.0,1216.8
2022-01-19,US,Brooklyn,pm25,144,8.0,58.0,40.0,1238.45
2022-01-19,US,Springfield,pm25,68,5.0,79.0,25.0,1870.23
2022-01-19,US,The Bronx,pm25,48,26.0,53.0,42.0,443.81
2022-01-19,US,San Jose,pm25,95,13.0,76.0,46.0,1865.25
2022-01-19,US,Los Angeles,pm25,69,21.0,95.0,59.0,1620.55
2022-01-19,US,Little Rock,pm25,24,10.0,62.0,47.0,1824.35
2022-01-19,US,Baltimore,pm25,47,5.0,74.0,46.0,2392.9
2022-01-19,US,Phoenix,pm25,186,4.0,89.0,32.0,3320.35
2022-01-19,US,Omaha,pm25,45,5.0,46.0,17.0,924.27
2022-01-19,US,El Paso,pm25,123,3.0,55.0,13.0,1512.34
2022-01-19,US,Dallas,pm25,24,15.0,73.0,38.0,2311.52
2022-01-19,US,Seattle,pm25,263,5.0,59.0,30.0,1632.24
2022-01-19,US,Manhattan,pm25,72,13.0,60.0,33.0,1445.91
2022-01-19,US,Miami,pm25,92,15.0,54.0,22.0,650.68
2022-01-19,US,Jacksonville,pm25,139,4.0,147.0,38.0,7813.09
2022-01-19,US,San Antonio,pm25,70,5.0,89.0,41.0,3105.59
2022-01-19,US,Philadelphia,pm25,93,2.0,87.0,41.0,2124.12
2022-01-19,US,San Diego,pm25,24,10.0,83.0,28.0,4174.76
2022-01-19,US,Columbus,pm25,48,13.0,53.0,36.0,784.04
2022-01-19,US,Saint Paul,pm25,139,5.0,68.0,25.0,1086.01
2022-01-19,US,Denver,pm25,153,9.0,59.0,25.0,1336.25
2022-01-19,US,Salt Lake City,pm25,216,37.0,149.0,89.0,4910.81
2022-01-19,US,Albuquerque,pm25,72,8.0,62.0,14.0,765.07
2022-01-19,US,San Francisco,pm25,71,5.0,68.0,34.0,1960.54
2022-01-19,US,Salem,pm25,71,5.0,70.0,10.0,3022.38
2022-01-19,US,Madison,pm25,48,20.0,56.0,28.0,934.03
2022-01-19,US,Nashville,pm25,96,5.0,53.0,25.0,618.08
2022-01-19,US,Tucson,pm25,153,5.0,55.0,25.0,1149.35
2022-01-19,US,Queens,pm25,94,13.0,52.0,43.0,845.6
2022-01-19,US,Tallahassee,pm25,72,5.0,95.0,45.0,4692.83
2022-01-19,US,Fort Worth,pm25,24,5.0,53.0,25.0,1835.49
2022-01-19,RS,Novi Sad,pm25,48,41.0,183.0,79.0,18638.6
2022-01-19,RS,Niš,pm25,35,65.0,197.0,110.0,19964.7
2022-01-19,RS,Belgrade,pm25,120,63.0,182.0,99.0,11420.9
2022-01-19,CY,Nicosia,pm25,24,10.0,46.0,24.0,1022.32
2022-01-19,CY,Limassol,pm25,12,2.0,98.0,24.0,7714.24
2022-01-19,HR,Zagreb,pm25,24,87.0,173.0,155.0,9489.49
2022-01-19,HR,Rijeka,pm25,78,8.0,125.0,31.0,5503.29
2022-01-19,MK,Skopje,pm25,163,9.0,205.0,70.0,26771.3
2022-01-20,GE,Tbilisi,pm25,96,23.0,70.0,47.0,1675.34
2022-01-20,HU,Győr,pm25,47,5.0,85.0,59.0,4436.73
2022-01-20,HU,Szeged,pm25,24,61.0,127.0,87.0,3785.14
2022-01-20,HU,Pécs,pm25,72,13.0,139.0,112.0,11765.9
2022-01-20,HU,Kecskemét,pm25,48,13.0,132.0,102.0,19858.6
2022-01-20,HU,Miskolc,pm25,118,25.0,164.0,102.0,22194.5
2022-01-20,HU,Budapest,pm25,329,9.0,109.0,68.0,10450.3
2022-01-20,JP,Fukuoka,pm25,410,5.0,89.0,34.0,5468.49
2022-01-20,JP,Kanazawa,pm25,181,5.0,61.0,13.0,1234.87
2022-01-20,JP,Kumamoto,pm25,359,5.0,91.0,50.0,3953.21
2022-01-20,JP,Akita,pm25,30,5.0,72.0,25.0,2600.75
2022-01-20,JP,Kochi,pm25,40,5.0,55.0,17.0,1890.36
2022-01-20,JP,Gifu-shi,pm25,123,5.0,78.0,30.0,3703.87
2022-01-20,JP,Kyoto,pm25,525,5.0,76.0,30.0,2757.04
2022-01-20,JP,Hiroshima,pm25,259,5.0,70.0,21.0,2876.81
2022-01-20,JP,Shizuoka,pm25,216,5.0,76.0,17.0,1940.27
2022-01-20,JP,Chiba,pm25,715,5.0,142.0,53.0,6316.56
2022-01-20,JP,Sapporo,pm25,173,5.0,78.0,21.0,2207.99
2022-01-20,JP,Yokohama,pm25,498,1.0,95.0,30.0,3839.0
2022-01-20,JP,Tokyo,pm25,2351,1.0,91.0,42.0,4002.53
2022-01-20,JP,Saitama,pm25,462,5.0,107.0,34.0,4544.4
2022-01-20,JP,Naha,pm25,144,9.0,57.0,34.0,1538.3
2022-01-20,JP,Nagasaki,pm25,154,5.0,102.0,30.0,5238.24
2022-01-20,JP,Toyama,pm25,139,5.0,55.0,17.0,1267.61
2022-01-20,JP,Niigata,pm25,77,5.0,5.0,5.0,0.0
2022-01-20,JP,Nara-shi,pm25,164,5.0,63.0,34.0,2774.52
2022-01-20,JP,Okayama,pm25,261,5.0,82.0,30.0,3260.47
2022-01-20,JP,Sendai,pm25,371,5.0,50.0,13.0,577.41
2022-01-20,JP,Osaka,pm25,1146,5.0,157.0,25.0,3900.88
2022-01-20,JP,Miyazaki,pm25,139,5.0,85.0,46.0,2289.78
2022-01-20,JP,Matsuyama,pm25,135,5.0,87.0,34.0,3737.26
2022-01-20,JP,Wakayama,pm25,233,5.0,72.0,34.0,2666.75
2022-01-20,JP,Takamatsu,pm25,232,5.0,61.0,21.0,2448.81
2022-01-20,JP,Nagoya,pm25,678,5.0,87.0,25.0,3459.3
2022-01-20,JP,Ōita,pm25,237,5.0,74.0,34.0,3594.29
2022-01-20,JP,Kobe,pm25,401,5.0,72.0,30.0,3889.46
2022-01-20,JP,Nagano,pm25,83,5.0,59.0,21.0,1999.05
2022-01-20,JP,Utsunomiya,pm25,324,5.0,80.0,17.0,2665.51
2022-01-20,JP,Kagoshima,pm25,94,13.0,61.0,42.0,1057.55
2022-01-20,SK,Košice,pm25,91,21.0,119.0,89.0,6196.52
2022-01-20,SK,Bratislava,pm25,84,5.0,107.0,21.0,7204.42
2022-01-20,ET,Addis Ababa,pm25,47,30.0,137.0,59.0,5248.31
2022-01-20,CH,Zürich,pm25,15,1.0,3.0,1.0,4.1
2022-01-20,CO,Bogotá,pm25,331,5.0,824.0,34.0,21480.3
2022-01-20,CO,Medellín,pm25,262,38.0,91.0,65.0,1030.99
2022-01-20,DK,Copenhagen,pm25,24,6.0,43.0,33.0,1071.52
2022-01-20,GB,Edinburgh,pm25,262,8.0,50.0,21.0,901.8
2022-01-20,GB,Norwich,pm25,24,23.0,53.0,31.0,793.62
2022-01-20,GB,Liverpool,pm25,35,17.0,66.0,34.0,1569.03
2022-01-20,GB,Belfast,pm25,56,26.0,52.0,34.0,321.61
2022-01-20,GB,Coventry,pm25,59,28.0,66.0,38.0,617.71
2022-01-20,GB,Leeds,pm25,45,17.0,61.0,35.0,1332.34
2022-01-20,GB,Cardiff,pm25,120,13.0,76.0,30.0,2307.93
2022-01-20,GB,Bristol,pm25,12,9.0,57.0,25.0,1322.05
2022-01-20,GB,London,pm25,467,5.0,230.0,34.0,3163.72
2022-01-20,GB,Birmingham,pm25,44,38.0,57.0,44.0,324.84
2022-01-20,GB,Sheffield,pm25,82,15.0,68.0,28.0,1086.4
2022-01-20,GB,Newport,pm25,45,15.0,59.0,30.0,1938.74
2022-01-20,GB,Leicester,pm25,24,25.0,55.0,34.0,765.15
2022-01-20,GB,Manchester,pm25,81,26.0,75.0,38.0,1011.59
2022-01-20,GB,Reading,pm25,48,13.0,50.0,25.0,804.82
2022-01-20,GB,Plymouth,pm25,47,13.0,57.0,30.0,1028.67
2022-01-20,GB,Glasgow,pm25,484,5.0,76.0,30.0,1277.09
2022-01-20,GB,Preston,pm25,43,17.0,81.0,38.0,2594.09
2022-01-20,GB,Swansea,pm25,92,9.0,82.0,30.0,2117.79
2022-01-20,GB,Southend-on-Sea,pm25,42,24.0,42.0,30.0,225.81
2022-01-20,ID,Jakarta,pm25,48,25.0,127.0,53.0,5067.62
2022-01-20,NP,Kathmandu,pm25,50,71.0,190.0,151.0,7178.68
2022-01-20,NP,Pokhara,pm25,25,81.0,236.0,226.0,25553.1
2022-01-20,NP,Biratnagar,pm25,48,58.0,145.0,75.0,6907.07
2022-01-20,AU,Sydney,pm25,144,2.0,65.0,23.0,969.67
2022-01-20,AU,Newcastle,pm25,139,1.0,59.0,28.0,1222.24
2022-01-20,AU,Launceston,pm25,80,5.0,134.0,9.0,2226.53
2022-01-20,AU,Hobart,pm25,50,5.0,34.0,9.0,352.72
2022-01-20,AU,Darwin,pm25,57,1.0,31.0,12.0,667.67
2022-01-20,AU,Melbourne,pm25,180,1.0,74.0,24.0,1658.07
2022-01-20,AU,Canberra,pm25,64,2.0,78.0,22.0,1884.67
2022-01-20,AU,Adelaide,pm25,94,5.0,60.0,30.0,1203.63
2022-01-20,AU,Brisbane,pm25,185,1.0,45.0,10.0,716.38
2022-01-20,AU,Perth,pm25,91,2.0,19.0,8.0,139.64
2022-01-20,AU,Wollongong,pm25,46,4.0,71.0,22.0,1502.65
2022-01-20,CI,Abidjan,pm25,24,129.0,174.0,152.0,948.04
2022-01-20,GH,Accra,pm25,24,155.0,199.0,179.0,1404.93
2022-01-20,IQ,Baghdad,pm25,24,50.0,234.0,78.0,40063.8
2022-01-20,IS,Reykjavík,pm25,114,3.0,80.0,13.0,2705.97
2022-01-20,KG,Bishkek,pm25,24,21.0,159.0,50.0,9716.45
2022-01-20,NL,Utrecht,pm25,48,8.0,56.0,33.0,1347.3
2022-01-20,NL,Nijmegen,pm25,43,6.0,61.0,29.0,1933.85
2022-01-20,NL,Haarlem,pm25,143,2.0,91.0,35.0,2478.44
2022-01-20,NL,Eindhoven,pm25,24,20.0,53.0,34.0,758.68
2022-01-20,NL,Rotterdam,pm25,192,15.0,51.0,29.0,345.84
2022-01-20,NL,Amsterdam,pm25,257,5.0,152.0,27.0,1539.69
2022-01-20,NL,Dordrecht,pm25,24,18.0,58.0,41.0,1328.7
2022-01-20,NL,Breda,pm25,48,10.0,51.0,25.0,1023.62
2022-01-20,NL,Groningen,pm25,46,9.0,44.0,21.0,738.83
2022-01-20,NL,Maastricht,pm25,92,9.0,61.0,30.0,1253.46
2022-01-20,NL,The Hague,pm25,72,7.0,41.0,28.0,694.09
2022-01-20,PT,Lisbon,pm25,52,52.0,122.0,82.0,2351.12
2022-01-20,PT,Funchal,pm25,70,1.0,66.0,30.0,3287.79
2022-01-20,CA,Hamilton,pm25,70,9.0,34.0,17.0,388.41
2022-01-20,CA,Calgary,pm25,67,1.0,59.0,11.0,3202.3
2022-01-20,CA,Winnipeg,pm25,24,17.0,28.0,23.0,85.63
2022-01-20,CA,Halifax,pm25,46,9.0,56.0,41.0,2821.61
2022-01-20,CA,Kitchener,pm25,35,5.0,46.0,9.0,626.44
2022-01-20,CA,Edmonton,pm25,135,1.0,78.0,37.0,2771.37
2022-01-20,CA,Mississauga,pm25,43,9.0,38.0,17.0,363.85
2022-01-20,CA,Québec,pm25,165,16.0,70.0,27.0,1541.82
2022-01-20,CA,Vancouver,pm25,21,3.0,30.0,8.0,701.33
2022-01-20,CA,Victoria,pm25,40,5.0,25.0,9.0,295.28
2022-01-20,CA,Montréal,pm25,393,12.0,92.0,29.0,2060.95
2022-01-20,CA,Toronto,pm25,119,5.0,55.0,17.0,1071.82
2022-01-20,CA,Ottawa,pm25,50,17.0,33.0,22.0,133.16
2022-01-20,CA,London,pm25,26,5.0,13.0,5.0,54.15
2022-01-20,US,Oklahoma City,pm25,95,10.0,56.0,18.0,1154.18
2022-01-20,US,Raleigh,pm25,71,5.0,55.0,30.0,1859.03
2022-01-20,US,Memphis,pm25,70,15.0,38.0,28.0,296.9
2022-01-20,US,Jackson,pm25,72,1.0,47.0,18.0,1206.04
2022-01-20,US,Boston,pm25,132,5.0,74.0,42.0,2503.34
2022-01-20,US,Richmond,pm25,96,15.0,56.0,41.0,1418.8
2022-01-20,US,Portland,pm25,159,5.0,42.0,9.0,357.12
2022-01-20,US,Boise,pm25,96,9.0,59.0,25.0,1880.26
2022-01-20,US,Austin,pm25,40,5.0,42.0,17.0,671.02
2022-01-20,US,Honolulu,pm25,58,5.0,38.0,17.0,507.8
2022-01-20,US,Fresno,pm25,32,85.0,132.0,96.0,1585.0
2022-01-20,US,Milwaukee,pm25,143,15.0,52.0,22.0,551.8
2022-01-20,US,Hartford,pm25,48,13.0,59.0,25.0,2134.22
2022-01-20,US,Washington D.C.,pm25,119,9.0,74.0,38.0,1866.54
2022-01-20,US,Chicago,pm25,237,8.0,45.0,21.0,484.56
2022-01-20,US,Houston,pm25,48,1.0,45.0,23.0,1123.93
2022-01-20,US,Indianapolis,pm25,142,8.0,160.0,28.0,3080.1
2022-01-20,US,Charlotte,pm25,43,13.0,61.0,42.0,2608.06
2022-01-20,US,Sacramento,pm25,48,54.0,122.0,74.0,1853.19
2022-01-20,US,Oakland,pm25,118,9.0,85.0,50.0,3343.96
2022-01-20,US,Providence,pm25,43,5.0,55.0,25.0,1377.53
2022-01-20,US,Staten Island,pm25,116,9.0,63.0,38.0,2396.61
2022-01-20,US,Brooklyn,pm25,142,10.0,76.0,43.0,2052.71
2022-01-20,US,Springfield,pm25,64,9.0,60.0,22.0,933.48
2022-01-20,US,The Bronx,pm25,48,19.0,59.0,35.0,1443.12
2022-01-20,US,San Jose,pm25,94,9.0,80.0,53.0,1753.76
2022-01-20,US,Los Angeles,pm25,72,4.0,106.0,52.0,5917.17
2022-01-20,US,Little Rock,pm25,24,10.0,23.0,15.0,131.01
2022-01-20,US,Baltimore,pm25,48,9.0,69.0,28.0,3809.77
2022-01-20,US,Phoenix,pm25,190,3.0,107.0,39.0,5839.78
2022-01-20,US,Omaha,pm25,48,5.0,63.0,25.0,1779.36
2022-01-20,US,El Paso,pm25,168,5.0,61.0,30.0,1576.66
2022-01-20,US,Dallas,pm25,24,8.0,25.0,16.0,157.81
2022-01-20,US,Seattle,pm25,242,1.0,53.0,13.0,999.62
2022-01-20,US,Manhattan,pm25,70,5.0,59.0,40.0,2261.44
2022-01-20,US,Miami,pm25,94,10.0,48.0,26.0,393.69
2022-01-20,US,Jacksonville,pm25,143,9.0,83.0,43.0,2721.82
2022-01-20,US,San Antonio,pm25,68,2.0,49.0,17.0,807.71
2022-01-20,US,Philadelphia,pm25,92,1.0,76.0,31.0,3523.48
2022-01-20,US,San Diego,pm25,22,5.0,66.0,47.0,2916.8
2022-01-20,US,Columbus,pm25,47,13.0,37.0,23.0,305.31
2022-01-20,US,Saint Paul,pm25,144,5.0,99.0,34.0,2463.76
2022-01-20,US,Denver,pm25,160,13.0,80.0,61.0,1482.92
2022-01-20,US,Salt Lake City,pm25,216,9.0,93.0,57.0,3899.81
2022-01-20,US,Albuquerque,pm25,72,16.0,72.0,35.0,1219.97
2022-01-20,US,San Francisco,pm25,71,5.0,68.0,30.0,2503.61
2022-01-20,US,Salem,pm25,72,5.0,38.0,8.0,396.74
2022-01-20,US,Madison,pm25,48,19.0,58.0,27.0,1059.68
2022-01-20,US,Nashville,pm25,96,4.0,55.0,30.0,2234.11
2022-01-20,US,Tucson,pm25,160,5.0,61.0,21.0,1609.54
2022-01-20,US,Queens,pm25,96,22.0,68.0,45.0,1630.78
2022-01-20,US,Tallahassee,pm25,69,10.0,93.0,40.0,2690.62
2022-01-20,US,Fort Worth,pm25,16,5.0,25.0,9.0,360.0
2022-01-20,RS,Novi Sad,pm25,46,22.0,163.0,141.0,11004.6
2022-01-20,RS,Niš,pm25,48,51.0,170.0,150.0,18844.3
2022-01-20,RS,Belgrade,pm25,119,60.0,181.0,154.0,7409.91
2022-01-20,CY,Nicosia,pm25,24,6.0,143.0,28.0,16984.3
2022-01-20,CY,Limassol,pm25,18,9.0,102.0,45.0,7056.34
2022-01-20,HR,Zagreb,pm25,24,83.0,157.0,119.0,5920.8
2022-01-20,HR,Rijeka,pm25,76,20.0,100.0,50.0,3404.31
2022-01-20,MK,Skopje,pm25,168,53.0,276.0,148.0,20542.7
2022-01-21,GE,Tbilisi,pm25,96,22.0,89.0,34.0,3083.15
2022-01-21,HU,Győr,pm25,44,5.0,50.0,21.0,1455.45
2022-01-21,HU,Szeged,pm25,20,21.0,61.0,38.0,1004.11
2022-01-21,HU,Pécs,pm25,69,5.0,53.0,21.0,1501.42
2022-01-21,HU,Kecskemét,pm25,40,13.0,30.0,25.0,308.21
2022-01-21,HU,Miskolc,pm25,117,13.0,74.0,34.0,1790.27
2022-01-21,HU,Budapest,pm25,334,9.0,59.0,21.0,964.55
2022-01-21,JP,Fukuoka,pm25,396,5.0,68.0,21.0,751.27
2022-01-21,JP,Kanazawa,pm25,208,5.0,63.0,21.0,1455.19
2022-01-21,JP,Kumamoto,pm25,320,5.0,95.0,25.0,1920.94
2022-01-21,JP,Akita,pm25,34,5.0,46.0,17.0,1647.1
2022-01-21,JP,Kochi,pm25,39,5.0,38.0,17.0,842.52
2022-01-21,JP,Gifu-shi,pm25,129,5.0,162.0,21.0,3521.03
2022-01-21,JP,Kyoto,pm25,535,5.0,59.0,25.0,1168.25
2022-01-21,JP,Hiroshima,pm25,246,5.0,63.0,17.0,1260.96
2022-01-21,JP,Shizuoka,pm25,198,5.0,59.0,13.0,1896.79
2022-01-21,JP,Chiba,pm25,602,5.0,76.0,13.0,1793.88
2022-01-21,JP,Sapporo,pm25,185,5.0,80.0,25.0,3131.35
2022-01-21,JP,Yokohama,pm25,415,1.0,63.0,13.0,1195.33
2022-01-21,JP,Tokyo,pm25,2204,1.0,129.0,17.0,812.88
2022-01-21,JP,Saitama,pm25,434,5.0,68.0,13.0,973.72
2022-01-21,JP,Naha,pm25,144,9.0,53.0,25.0,874.98
2022-01-21,JP,Nagasaki,pm25,139,5.0,59.0,17.0,1498.99
2022-01-21,JP,Toyama,pm25,157,5.0,68.0,21.0,1684.81
2022-01-21,JP,Niigata,pm25,34,5.0,5.0,5.0,0.0
2022-01-21,JP,Nara-shi,pm25,174,5.0,65.0,21.0,1169.46
2022-01-21,JP,Okayama,pm25,268,5.0,59.0,21.0,915.44
2022-01-21,JP,Sendai,pm25,327,5.0,30.0,13.0,345.71
2022-01-21,JP,Osaka,pm25,1092,5.0,104.0,21.0,1056.0
2022-01-21,JP,Miyazaki,pm25,125,5.0,114.0,30.0,3042.19
2022-01-21,JP,Matsuyama,pm25,138,5.0,61.0,17.0,1740.47
2022-01-21,JP,Wakayama,pm25,226,5.0,65.0,21.0,1004.65
2022-01-21,JP,Takamatsu,pm25,225,5.0,55.0,17.0,911.45
2022-01-21,JP,Nagoya,pm25,709,1.0,61.0,17.0,1223.91
2022-01-21,JP,Ōita,pm25,211,5.0,46.0,17.0,734.65
2022-01-21,JP,Kobe,pm25,412,5.0,55.0,21.0,794.63
2022-01-21,JP,Nagano,pm25,61,5.0,34.0,17.0,428.96
2022-01-21,JP,Utsunomiya,pm25,325,5.0,70.0,21.0,1116.39
2022-01-21,JP,Kagoshima,pm25,94,5.0,65.0,25.0,2768.48
2022-01-21,SK,Košice,pm25,94,9.0,147.0,57.0,7603.51
2022-01-21,SK,Bratislava,pm25,56,5.0,25.0,13.0,295.9
2022-01-21,ET,Addis Ababa,pm25,48,30.0,155.0,50.0,6846.79
2022-01-21,CH,Zürich,pm25,19,1.0,2.0,2.0,2.57
2022-01-21,CO,Bogotá,pm25,324,9.0,124.0,53.0,6261.9
2022-01-21,CO,Medellín,pm25,299,38.0,104.0,70.0,1324.08
2022-01-21,DK,Copenhagen,pm25,24,22.0,41.0,34.0,333.62
2022-01-21,GB,Edinburgh,pm25,211,1.0,30.0,9.0,354.26
2022-01-21,GB,Norwich,pm25,21,30.0,75.0,38.0,2579.48
2022-01-21,GB,Liverpool,pm25,27,17.0,46.0,30.0,531.57
2022-01-21,GB,Belfast,pm25,78,7.0,59.0,30.0,1026.58
2022-01-21,GB,Coventry,pm25,62,34.0,72.0,50.0,1043.77
2022-01-21,GB,Leeds,pm25,37,25.0,50.0,38.0,418.68
2022-01-21,GB,Cardiff,pm25,111,9.0,72.0,46.0,3463.99
2022-01-21,GB,Bristol,pm25,26,42.0,82.0,59.0,900.55
2022-01-21,GB,London,pm25,473,9.0,137.0,53.0,2985.74
2022-01-21,GB,Birmingham,pm25,46,18.0,62.0,44.0,1110.67
2022-01-21,GB,Sheffield,pm25,76,14.0,68.0,34.0,1200.01
2022-01-21,GB,Newport,pm25,48,33.0,70.0,42.0,1593.4
2022-01-21,GB,Leicester,pm25,19,38.0,60.0,47.0,466.96
2022-01-21,GB,Manchester,pm25,82,19.0,86.0,61.0,4093.35
2022-01-21,GB,Reading,pm25,48,30.0,65.0,50.0,1044.46
2022-01-21,GB,Plymouth,pm25,37,17.0,63.0,34.0,1440.36
2022-01-21,GB,Glasgow,pm25,339,3.0,57.0,9.0,749.57
2022-01-21,GB,Preston,pm25,40,9.0,86.0,46.0,5408.3
2022-01-21,GB,Swansea,pm25,118,5.0,82.0,38.0,4198.27
2022-01-21,GB,Southend-on-Sea,pm25,47,30.0,66.0,43.0,1653.83
2022-01-21,ID,Jakarta,pm25,48,30.0,153.0,59.0,5017.55
2022-01-21,NP,Kathmandu,pm25,50,70.0,185.0,147.0,11986.8
2022-01-21,NP,Pokhara,pm25,23,70.0,239.0,187.0,44109.0
2022-01-21,NP,Biratnagar,pm25,48,60.0,100.0,81.0,768.49
2022-01-21,AU,Sydney,pm25,145,1.0,45.0,14.0,791.29
2022-01-21,AU,Newcastle,pm25,131,1.0,58.0,23.0,1187.57
2022-01-21,AU,Launceston,pm25,96,5.0,13.0,9.0,58.88
2022-01-21,AU,Hobart,pm25,55,5.0,17.0,9.0,132.74
2022-01-21,AU,Darwin,pm25,61,1.0,27.0,9.0,457.7
2022-01-21,AU,Melbourne,pm25,186,6.0,67.0,29.0,1325.4
2022-01-21,AU,Canberra,pm25,56,1.0,52.0,17.0,1722.27
2022-01-21,AU,Adelaide,pm25,92,4.0,57.0,21.0,1142.48
2022-01-21,AU,Brisbane,pm25,190,1.0,53.0,31.0,1857.31
2022-01-21,AU,Perth,pm25,89,2.0,19.0,7.0,257.29
2022-01-21,AU,Wollongong,pm25,46,4.0,38.0,17.0,643.25
2022-01-21,CI,Abidjan,pm25,24,151.0,176.0,162.0,545.43
2022-01-21,GH,Accra,pm25,24,168.0,245.0,182.0,3280.22
2022-01-21,IQ,Baghdad,pm25,24,30.0,196.0,124.0,23882.9
2022-01-21,IS,Reykjavík,pm25,118,5.0,65.0,29.0,1920.26
2022-01-21,KG,Bishkek,pm25,24,9.0,174.0,68.0,28321.4
2022-01-21,NL,Utrecht,pm25,48,19.0,56.0,36.0,874.88
2022-01-21,NL,Nijmegen,pm25,48,18.0,58.0,35.0,765.67
2022-01-21,NL,Haarlem,pm25,144,5.0,84.0,28.0,1620.26
2022-01-21,NL,Eindhoven,pm25,24,26.0,63.0,41.0,883.46
2022-01-21,NL,Rotterdam,pm25,192,10.0,80.0,27.0,920.73
2022-01-21,NL,Amsterdam,pm25,249,1.0,55.0,25.0,1263.83
2022-01-21,NL,Dordrecht,pm25,24,17.0,53.0,42.0,956.23
2022-01-21,NL,Breda,pm25,48,5.0,58.0,27.0,2252.27
2022-01-21,NL,Groningen,pm25,47,5.0,50.0,22.0,871.25
2022-01-21,NL,Maastricht,pm25,96,21.0,82.0,46.0,1612.05
2022-01-21,NL,The Hague,pm25,70,1.0,47.0,26.0,881.3
2022-01-21,PT,Lisbon,pm25,39,34.0,93.0,58.0,1976.56
2022-01-21,PT,Funchal,pm25,70,13.0,53.0,30.0,896.13
2022-01-21,CA,Hamilton,pm25,58,13.0,65.0,30.0,1302.7
2022-01-21,CA,Calgary,pm25,73,1.0,57.0,7.0,2930.47
2022-01-21,CA,Winnipeg,pm25,24,16.0,30.0,24.0,134.33
2022-01-21,CA,Halifax,pm25,46,16.0,25.0,19.0,59.85
2022-01-21,CA,Kitchener,pm25,29,17.0,68.0,34.0,2288.99
2022-01-21,CA,Edmonton,pm25,131,1.0,35.0,10.0,651.65
2022-01-21,CA,Mississauga,pm25,44,9.0,63.0,30.0,2059.68
2022-01-21,CA,Québec,pm25,184,9.0,90.0,31.0,2466.69
2022-01-21,CA,Vancouver,pm25,23,7.0,31.0,22.0,702.41
2022-01-21,CA,Victoria,pm25,43,5.0,61.0,21.0,2771.07
2022-01-21,CA,Montréal,pm25,404,18.0,142.0,47.0,4161.29
2022-01-21,CA,Toronto,pm25,88,5.0,70.0,30.0,2866.77
2022-01-21,CA,Ottawa,pm25,59,17.0,93.0,42.0,3521.79
2022-01-21,CA,London,pm25,27,5.0,46.0,25.0,1561.05
2022-01-21,US,Oklahoma City,pm25,96,13.0,94.0,24.0,1781.5
2022-01-21,US,Raleigh,pm25,64,5.0,30.0,17.0,455.51
2022-01-21,US,Memphis,pm25,70,8.0,60.0,32.0,1062.13
2022-01-21,US,Jackson,pm25,72,3.0,40.0,30.0,783.1
2022-01-21,US,Boston,pm25,118,5.0,72.0,30.0,1511.84
2022-01-21,US,Richmond,pm25,96,16.0,39.0,25.0,490.1
2022-01-21,US,Portland,pm25,164,9.0,52.0,23.0,882.27
2022-01-21,US,Boise,pm25,96,5.0,68.0,25.0,2784.94
2022-01-21,US,Austin,pm25,44,5.0,59.0,21.0,2350.15
2022-01-21,US,Honolulu,pm25,61,5.0,50.0,21.0,1047.17
2022-01-21,US,Fresno,pm25,48,63.0,152.0,95.0,4995.6
2022-01-21,US,Milwaukee,pm25,144,23.0,59.0,35.0,589.18
2022-01-21,US,Hartford,pm25,47,18.0,47.0,23.0,541.88
2022-01-21,US,Washington D.C.,pm25,116,9.0,55.0,27.0,905.03
2022-01-21,US,Chicago,pm25,237,20.0,84.0,35.0,1294.7
2022-01-21,US,Houston,pm25,45,3.0,43.0,19.0,735.45
2022-01-21,US,Indianapolis,pm25,144,5.0,85.0,34.0,2674.64
2022-01-21,US,Atlanta,pm25,6,48.0,70.0,64.0,722.67
2022-01-21,US,Charlotte,pm25,46,13.0,68.0,25.0,1255.43
2022-01-21,US,Sacramento,pm25,45,2.0,137.0,25.0,14755.8
2022-01-21,US,Oakland,pm25,108,5.0,89.0,46.0,6686.84
2022-01-21,US,Providence,pm25,46,5.0,42.0,21.0,663.77
2022-01-21,US,Staten Island,pm25,118,2.0,50.0,26.0,1231.95
2022-01-21,US,Brooklyn,pm25,139,2.0,50.0,32.0,1082.07
2022-01-21,US,Springfield,pm25,71,8.0,63.0,39.0,1548.34
2022-01-21,US,The Bronx,pm25,48,18.0,43.0,31.0,403.39
2022-01-21,US,San Jose,pm25,81,5.0,104.0,34.0,6327.65
2022-01-21,US,Los Angeles,pm25,72,4.0,84.0,46.0,4089.23
2022-01-21,US,Little Rock,pm25,24,13.0,39.0,23.0,375.63
2022-01-21,US,Baltimore,pm25,47,5.0,45.0,23.0,896.26
2022-01-21,US,Phoenix,pm25,185,4.0,87.0,27.0,3745.16
2022-01-21,US,Omaha,pm25,47,5.0,46.0,25.0,1177.59
2022-01-21,US,El Paso,pm25,168,8.0,151.0,38.0,4257.92
2022-01-21,US,Dallas,pm25,24,8.0,48.0,17.0,1195.05
2022-01-21,US,Seattle,pm25,261,5.0,81.0,30.0,2085.99
2022-01-21,US,Manhattan,pm25,69,1.0,74.0,34.0,2067.03
2022-01-21,US,Miami,pm25,94,11.0,64.0,18.0,422.7
2022-01-21,US,Jacksonville,pm25,144,7.0,65.0,39.0,2446.67
2022-01-21,US,San Antonio,pm25,66,1.0,57.0,14.0,1640.07
2022-01-21,US,Philadelphia,pm25,83,4.0,64.0,21.0,1070.39
2022-01-21,US,San Diego,pm25,24,23.0,64.0,40.0,1518.48
2022-01-21,US,Columbus,pm25,48,9.0,64.0,35.0,2203.83
2022-01-21,US,Saint Paul,pm25,144,13.0,70.0,42.0,2273.77
2022-01-21,US,Denver,pm25,161,17.0,99.0,68.0,3738.82
2022-01-21,US,Salt Lake City,pm25,216,3.0,61.0,32.0,2695.37
2022-01-21,US,Albuquerque,pm25,71,13.0,99.0,39.0,3252.53
2022-01-21,US,San Francisco,pm25,59,5.0,76.0,38.0,6826.92
2022-01-21,US,Salem,pm25,72,8.0,56.0,25.0,1483.22
2022-01-21,US,Madison,pm25,48,27.0,59.0,40.0,1173.76
2022-01-21,US,Nashville,pm25,94,13.0,50.0,31.0,824.49
2022-01-21,US,Tucson,pm25,157,5.0,59.0,21.0,1574.72
2022-01-21,US,Queens,pm25,96,23.0,50.0,37.0,479.78
2022-01-21,US,Tallahassee,pm25,70,2.0,59.0,21.0,1900.95
2022-01-21,US,Fort Worth,pm25,15,5.0,34.0,17.0,1056.86
2022-01-21,RS,Novi Sad,pm25,47,20.0,71.0,42.0,1813.57
2022-01-21,RS,Niš,pm25,48,33.0,77.0,61.0,1270.62
2022-01-21,RS,Belgrade,pm25,120,15.0,105.0,53.0,2977.55
2022-01-21,CY,Nicosia,pm25,24,34.0,169.0,66.0,14636.4
2022-01-21,CY,Limassol,pm25,24,21.0,155.0,45.0,16608.2
2022-01-21,HR,Zagreb,pm25,24,24.0,169.0,61.0,18606.1
2022-01-21,HR,Rijeka,pm25,73,12.0,83.0,24.0,2477.2
2022-01-21,MK,Skopje,pm25,168,13.0,248.0,85.0,31331.4
2022-01-22,GE,Tbilisi,pm25,96,4.0,82.0,70.0,5747.36
2022-01-22,HU,Győr,pm25,47,5.0,80.0,30.0,3571.88
2022-01-22,HU,Szeged,pm25,22,13.0,55.0,34.0,1600.61
2022-01-22,HU,Pécs,pm25,69,17.0,50.0,25.0,1232.03
2022-01-22,HU,Kecskemét,pm25,48,21.0,53.0,38.0,685.04
2022-01-22,HU,Miskolc,pm25,118,25.0,117.0,53.0,5765.64
2022-01-22,HU,Budapest,pm25,291,5.0,42.0,21.0,409.76
2022-01-22,JP,Fukuoka,pm25,420,5.0,80.0,38.0,3275.45
2022-01-22,JP,Kanazawa,pm25,208,5.0,85.0,21.0,1823.31
2022-01-22,JP,Kumamoto,pm25,364,5.0,156.0,53.0,9818.97
2022-01-22,JP,Akita,pm25,33,5.0,65.0,25.0,2482.39
2022-01-22,JP,Kochi,pm25,46,5.0,57.0,21.0,1645.07
2022-01-22,JP,Gifu-shi,pm25,130,5.0,149.0,25.0,4573.31
2022-01-22,JP,Kyoto,pm25,551,9.0,59.0,34.0,1110.02
2022-01-22,JP,Hiroshima,pm25,298,5.0,74.0,34.0,2442.14
2022-01-22,JP,Shizuoka,pm25,239,5.0,61.0,21.0,1490.31
2022-01-22,JP,Chiba,pm25,737,5.0,119.0,30.0,4716.35
2022-01-22,JP,Sapporo,pm25,202,5.0,55.0,21.0,1271.58
2022-01-22,JP,Yokohama,pm25,480,1.0,80.0,21.0,3025.19
2022-01-22,JP,Tokyo,pm25,2323,1.0,89.0,21.0,3924.18
2022-01-22,JP,Saitama,pm25,467,5.0,95.0,21.0,3933.0
2022-01-22,JP,Naha,pm25,144,5.0,57.0,34.0,945.74
2022-01-22,JP,Nagasaki,pm25,168,5.0,93.0,38.0,4622.04
2022-01-22,JP,Toyama,pm25,150,5.0,59.0,17.0,1643.54
2022-01-22,JP,Niigata,pm25,68,5.0,5.0,5.0,0.0
2022-01-22,JP,Nara-shi,pm25,185,5.0,70.0,30.0,1794.19
2022-01-22,JP,Okayama,pm25,272,5.0,89.0,34.0,2540.42
2022-01-22,JP,Sendai,pm25,415,5.0,34.0,13.0,471.65
2022-01-22,JP,Osaka,pm25,1189,5.0,65.0,30.0,1208.05
2022-01-22,JP,Miyazaki,pm25,134,5.0,127.0,46.0,4323.46
2022-01-22,JP,Matsuyama,pm25,157,5.0,76.0,42.0,3011.28
2022-01-22,JP,Wakayama,pm25,214,9.0,89.0,38.0,1738.18
2022-01-22,JP,Takamatsu,pm25,250,5.0,93.0,21.0,2124.29
2022-01-22,JP,Nagoya,pm25,729,1.0,117.0,21.0,1775.3
2022-01-22,JP,Ōita,pm25,236,5.0,185.0,34.0,4994.54
2022-01-22,JP,Kobe,pm25,415,9.0,70.0,34.0,963.06
2022-01-22,JP,Nagano,pm25,81,5.0,74.0,25.0,2636.42
2022-01-22,JP,Utsunomiya,pm25,405,5.0,102.0,30.0,2301.63
2022-01-22,JP,Kagoshima,pm25,96,17.0,57.0,34.0,1179.12
2022-01-22,SK,Košice,pm25,96,21.0,102.0,50.0,3287.42
2022-01-22,SK,Bratislava,pm25,83,5.0,53.0,17.0,1322.43
2022-01-22,ET,Addis Ababa,pm25,48,25.0,82.0,50.0,1883.12
2022-01-22,CH,Zürich,pm25,15,1.0,10.0,2.0,49.24
2022-01-22,CO,Bogotá,pm25,336,21.0,154.0,72.0,4670.03
2022-01-22,CO,Medellín,pm25,283,50.0,107.0,74.0,1108.52
2022-01-22,DK,Copenhagen,pm25,24,10.0,52.0,31.0,1626.88
2022-01-22,GB,Edinburgh,pm25,233,3.0,25.0,9.0,172.62
2022-01-22,GB,Norwich,pm25,17,53.0,93.0,55.0,1145.15
2022-01-22,GB,Liverpool,pm25,38,5.0,44.0,17.0,563.21
2022-01-22,GB,Belfast,pm25,53,18.0,62.0,30.0,1168.87
2022-01-22,GB,Coventry,pm25,69,20.0,64.0,38.0,819.65
2022-01-22,GB,Leeds,pm25,32,13.0,42.0,25.0,472.1
2022-01-22,GB,Cardiff,pm25,97,17.0,91.0,46.0,2791.72
2022-01-22,GB,Bristol,pm25,48,25.0,80.0,46.0,2760.57
2022-01-22,GB,London,pm25,463,5.0,95.0,50.0,2123.13
2022-01-22,GB,Birmingham,pm25,39,21.0,66.0,34.0,1081.43
2022-01-22,GB,Sheffield,pm25,64,17.0,65.0,26.0,1086.26
2022-01-22,GB,Newport,pm25,48,34.0,85.0,48.0,2473.55
2022-01-22,GB,Leicester,pm25,24,25.0,49.0,34.0,270.71
2022-01-22,GB,Manchester,pm25,82,9.0,50.0,25.0,1072.15
2022-01-22,GB,Reading,pm25,48,21.0,65.0,38.0,1626.52
2022-01-22,GB,Plymouth,pm25,35,17.0,61.0,43.0,1041.65
2022-01-22,GB,Glasgow,pm25,437,5.0,61.0,13.0,707.18
2022-01-22,GB,Preston,pm25,43,10.0,46.0,18.0,556.93
2022-01-22,GB,Swansea,pm25,120,17.0,153.0,34.0,3780.16
2022-01-22,GB,Southend-on-Sea,pm25,46,37.0,94.0,58.0,1143.66
2022-01-22,ID,Jakarta,pm25,47,30.0,114.0,57.0,3816.51
2022-01-22,NP,Kathmandu,pm25,50,71.0,197.0,157.0,11015.8
2022-01-22,NP,Pokhara,pm25,25,94.0,205.0,180.0,10942.8
2022-01-22,NP,Biratnagar,pm25,48,73.0,151.0,92.0,7158.01
2022-01-22,AU,Sydney,pm25,146,1.0,53.0,13.0,880.49
2022-01-22,AU,Newcastle,pm25,121,1.0,37.0,13.0,591.01
2022-01-22,AU,Launceston,pm25,75,5.0,13.0,5.0,41.05
2022-01-22,AU,Hobart,pm25,48,9.0,25.0,13.0,183.55
2022-01-22,AU,Darwin,pm25,57,1.0,33.0,8.0,475.98
2022-01-22,AU,Melbourne,pm25,184,1.0,69.0,25.0,1458.9
2022-01-22,AU,Canberra,pm25,54,1.0,61.0,14.0,1759.1
2022-01-22,AU,Adelaide,pm25,85,2.0,42.0,17.0,509.57
2022-01-22,AU,Brisbane,pm25,183,1.0,37.0,19.0,615.17
2022-01-22,AU,Perth,pm25,92,2.0,36.0,8.0,193.61
2022-01-22,AU,Wollongong,pm25,40,1.0,69.0,11.0,1625.12
2022-01-22,CI,Abidjan,pm25,24,157.0,170.0,160.0,132.88
2022-01-22,GH,Accra,pm25,24,175.0,222.0,189.0,1045.14
2022-01-22,IQ,Baghdad,pm25,24,76.0,164.0,132.0,10081.1
2022-01-22,IS,Reykjavík,pm25,119,5.0,51.0,24.0,928.45
2022-01-22,KG,Bishkek,pm25,24,9.0,158.0,78.0,17202.6
2022-01-22,NL,Utrecht,pm25,48,22.0,70.0,45.0,1644.68
2022-01-22,NL,Nijmegen,pm25,48,15.0,79.0,42.0,2678.4
2022-01-22,NL,Haarlem,pm25,138,2.0,65.0,25.0,1093.99
2022-01-22,NL,Eindhoven,pm25,24,52.0,82.0,67.0,629.49
2022-01-22,NL,Rotterdam,pm25,192,20.0,79.0,48.0,1702.79
2022-01-22,NL,Amsterdam,pm25,261,3.0,55.0,23.0,1131.04
2022-01-22,NL,Dordrecht,pm25,24,34.0,79.0,56.0,1523.46
2022-01-22,NL,Breda,pm25,48,27.0,71.0,52.0,1261.66
2022-01-22,NL,Groningen,pm25,47,3.0,45.0,16.0,1051.88
2022-01-22,NL,Maastricht,pm25,96,38.0,95.0,72.0,1507.79
2022-01-22,NL,The Hague,pm25,72,12.0,63.0,45.0,1913.89
2022-01-22,PT,Lisbon,pm25,4,30.0,40.0,32.0,189.17
2022-01-22,PT,Funchal,pm25,68,1.0,77.0,32.0,1534.91
2022-01-22,CA,Hamilton,pm25,95,21.0,68.0,42.0,1571.68
2022-01-22,CA,Calgary,pm25,82,1.0,51.0,10.0,1468.2
2022-01-22,CA,Winnipeg,pm25,24,9.0,17.0,13.0,46.67
2022-01-22,CA,Halifax,pm25,46,15.0,25.0,18.0,73.08
2022-01-22,CA,Kitchener,pm25,48,30.0,72.0,59.0,1160.69
2022-01-22,CA,Edmonton,pm25,135,1.0,66.0,23.0,2124.73
2022-01-22,CA,Mississauga,pm25,71,30.0,68.0,53.0,911.13
2022-01-22,CA,Québec,pm25,184,9.0,142.0,63.0,8162.53
2022-01-22,CA,Vancouver,pm25,23,5.0,20.0,9.0,104.82
2022-01-22,CA,Victoria,pm25,46,13.0,68.0,34.0,1636.28
2022-01-22,CA,Montréal,pm25,403,55.0,157.0,88.0,4299.56
2022-01-22,CA,Toronto,pm25,140,13.0,70.0,42.0,2164.44
2022-01-22,CA,Ottawa,pm25,72,50.0,113.0,80.0,3005.85
2022-01-22,CA,London,pm25,48,13.0,63.0,46.0,2120.92
2022-01-22,US,Oklahoma City,pm25,96,22.0,95.0,45.0,2221.67
2022-01-22,US,Raleigh,pm25,71,5.0,77.0,25.0,1756.13
2022-01-22,US,Memphis,pm25,71,6.0,63.0,53.0,1831.97
2022-01-22,US,Jackson,pm25,69,3.0,59.0,38.0,1604.88
2022-01-22,US,Boston,pm25,138,5.0,124.0,30.0,2317.12
2022-01-22,US,Richmond,pm25,96,20.0,94.0,39.0,1811.09
2022-01-22,US,Portland,pm25,165,5.0,80.0,24.0,1924.74
2022-01-22,US,Boise,pm25,84,13.0,68.0,30.0,2513.29
2022-01-22,US,Austin,pm25,46,13.0,91.0,42.0,4210.07
2022-01-22,US,Honolulu,pm25,47,5.0,34.0,13.0,700.64
2022-01-22,US,Fresno,pm25,47,69.0,151.0,96.0,4945.02
2022-01-22,US,Milwaukee,pm25,144,18.0,67.0,44.0,1365.5
2022-01-22,US,Hartford,pm25,48,25.0,71.0,31.0,1761.21
2022-01-22,US,Washington D.C.,pm25,120,5.0,99.0,37.0,4071.89
2022-01-22,US,Chicago,pm25,238,9.0,65.0,41.0,1580.06
2022-01-22,US,Houston,pm25,48,8.0,67.0,26.0,2133.17
2022-01-22,US,Indianapolis,pm25,144,27.0,71.0,57.0,933.71
2022-01-22,US,Atlanta,pm25,24,51.0,78.0,58.0,499.35
2022-01-22,US,Charlotte,pm25,47,13.0,93.0,25.0,3340.81
2022-01-22,US,Sacramento,pm25,43,2.0,142.0,25.0,20543.9
2022-01-22,US,Oakland,pm25,97,5.0,74.0,17.0,4023.8
2022-01-22,US,Providence,pm25,48,5.0,89.0,25.0,2800.39
2022-01-22,US,Staten Island,pm25,116,1.0,60.0,30.0,1858.33
2022-01-22,US,Brooklyn,pm25,144,3.0,54.0,33.0,1203.67
2022-01-22,US,Springfield,pm25,70,8.0,67.0,40.0,2032.73
2022-01-22,US,The Bronx,pm25,48,13.0,46.0,33.0,439.72
2022-01-22,US,San Jose,pm25,79,5.0,74.0,17.0,3810.37
2022-01-22,US,Los Angeles,pm25,71,3.0,86.0,24.0,3018.28
2022-01-22,US,Little Rock,pm25,23,19.0,90.0,43.0,4477.23
2022-01-22,US,Baltimore,pm25,48,13.0,72.0,35.0,1713.76
2022-01-22,US,Phoenix,pm25,190,2.0,89.0,21.0,5028.83
2022-01-22,US,Omaha,pm25,42,5.0,42.0,17.0,864.99
2022-01-22,US,El Paso,pm25,162,5.0,57.0,21.0,962.39
2022-01-22,US,Dallas,pm25,24,11.0,53.0,32.0,1148.62
2022-01-22,US,Seattle,pm25,258,1.0,85.0,30.0,3383.05
2022-01-22,US,Manhattan,pm25,71,2.0,67.0,37.0,1986.71
2022-01-22,US,Miami,pm25,94,15.0,52.0,33.0,638.99
2022-01-22,US,Jacksonville,pm25,144,3.0,55.0,30.0,1128.94
2022-01-22,US,San Antonio,pm25,70,4.0,58.0,30.0,2014.65
2022-01-22,US,Philadelphia,pm25,95,5.0,73.0,28.0,2427.42
2022-01-22,US,San Diego,pm25,23,2.0,93.0,38.0,6951.74
2022-01-22,US,Columbus,pm25,48,17.0,75.0,45.0,1895.73
2022-01-22,US,Saint Paul,pm25,141,5.0,50.0,25.0,969.28
2022-01-22,US,Denver,pm25,158,13.0,78.0,38.0,1765.71
2022-01-22,US,Salt Lake City,pm25,216,8.0,75.0,24.0,1114.59
2022-01-22,US,Albuquerque,pm25,72,7.0,161.0,22.0,5242.52
2022-01-22,US,San Francisco,pm25,47,5.0,91.0,13.0,5180.12
2022-01-22,US,Salem,pm25,72,14.0,95.0,41.0,2232.3
2022-01-22,US,Madison,pm25,48,19.0,43.0,36.0,416.8
2022-01-22,US,Nashville,pm25,96,5.0,73.0,34.0,1588.89
2022-01-22,US,Tucson,pm25,163,5.0,57.0,21.0,1354.88
2022-01-22,US,Queens,pm25,96,16.0,58.0,34.0,777.36
2022-01-22,US,Tallahassee,pm25,71,2.0,110.0,22.0,1766.84
2022-01-22,US,Fort Worth,pm25,24,13.0,68.0,30.0,2416.36
2022-01-22,RS,Novi Sad,pm25,48,23.0,191.0,57.0,13017.4
2022-01-22,RS,Niš,pm25,48,43.0,133.0,80.0,3426.77
2022-01-22,RS,Belgrade,pm25,120,21.0,154.0,63.0,10489.7
2022-01-22,CY,Nicosia,pm25,24,8.0,172.0,50.0,35354.5
2022-01-22,CY,Limassol,pm25,24,16.0,136.0,39.0,8224.19
2022-01-22,HR,Zagreb,pm25,24,31.0,132.0,76.0,6984.33
2022-01-22,HR,Rijeka,pm25,58,15.0,134.0,38.0,4850.09
2022-01-22,MK,Skopje,pm25,168,12.0,117.0,52.0,5572.93
2022-01-23,GE,Tbilisi,pm25,96,4.0,132.0,88.0,6698.12
2022-01-23,HU,Győr,pm25,48,9.0,63.0,34.0,1802.39
2022-01-23,HU,Szeged,pm25,23,34.0,57.0,46.0,709.37
2022-01-23,HU,Pécs,pm25,72,25.0,68.0,42.0,835.14
2022-01-23,HU,Kecskemét,pm25,44,38.0,63.0,46.0,588.35
2022-01-23,HU,Miskolc,pm25,119,21.0,142.0,70.0,5579.3
2022-01-23,HU,Budapest,pm25,303,13.0,78.0,34.0,2799.77
2022-01-23,JP,Fukuoka,pm25,393,5.0,70.0,42.0,2507.09
2022-01-23,JP,Kanazawa,pm25,205,5.0,65.0,21.0,1825.23
2022-01-23,JP,Kumamoto,pm25,373,5.0,170.0,57.0,8235.75
2022-01-23,JP,Akita,pm25,34,5.0,57.0,21.0,2423.65
2022-01-23,JP,Kochi,pm25,47,9.0,53.0,34.0,1072.01
2022-01-23,JP,Gifu-shi,pm25,138,5.0,117.0,42.0,5239.82
2022-01-23,JP,Kyoto,pm25,558,5.0,127.0,38.0,2551.22
2022-01-23,JP,Hiroshima,pm25,323,5.0,119.0,57.0,5112.24
2022-01-23,JP,Shizuoka,pm25,249,5.0,149.0,30.0,2917.26
2022-01-23,JP,Chiba,pm25,847,5.0,164.0,63.0,5541.6
2022-01-23,JP,Sapporo,pm25,211,5.0,114.0,42.0,3976.41
2022-01-23,JP,Yokohama,pm25,545,1.0,85.0,34.0,2957.77
2022-01-23,JP,Tokyo,pm25,2498,1.0,112.0,46.0,3055.14
2022-01-23,JP,Saitama,pm25,501,13.0,124.0,50.0,3996.08
2022-01-23,JP,Naha,pm25,126,5.0,46.0,21.0,1676.38
2022-01-23,JP,Nagasaki,pm25,158,5.0,78.0,25.0,3839.8
2022-01-23,JP,Toyama,pm25,154,5.0,70.0,21.0,2005.9
2022-01-23,JP,Niigata,pm25,83,5.0,5.0,5.0,0.0
2022-01-23,JP,Nara-shi,pm25,186,5.0,93.0,53.0,2902.51
2022-01-23,JP,Okayama,pm25,281,9.0,93.0,50.0,1176.61
2022-01-23,JP,Sendai,pm25,444,5.0,55.0,21.0,1025.72
2022-01-23,JP,Osaka,pm25,1209,5.0,139.0,42.0,2535.37
2022-01-23,JP,Miyazaki,pm25,134,5.0,132.0,42.0,3509.15
2022-01-23,JP,Matsuyama,pm25,151,5.0,80.0,46.0,3766.11
2022-01-23,JP,Wakayama,pm25,214,21.0,129.0,53.0,1947.28
2022-01-23,JP,Takamatsu,pm25,263,5.0,72.0,34.0,1442.79
2022-01-23,JP,Nagoya,pm25,771,5.0,89.0,46.0,1901.13
2022-01-23,JP,Ōita,pm25,240,5.0,68.0,34.0,3053.12
2022-01-23,JP,Kobe,pm25,422,5.0,89.0,42.0,2179.47
2022-01-23,JP,Nagano,pm25,96,9.0,89.0,57.0,3389.19
2022-01-23,JP,Utsunomiya,pm25,423,5.0,164.0,50.0,18870.6
2022-01-23,JP,Kagoshima,pm25,96,5.0,63.0,30.0,1895.93
2022-01-23,SK,Košice,pm25,96,13.0,102.0,34.0,2931.63
2022-01-23,SK,Bratislava,pm25,96,9.0,61.0,42.0,1241.47
2022-01-23,ET,Addis Ababa,pm25,48,25.0,160.0,50.0,3995.11
2022-01-23,CH,Zürich,pm25,19,1.0,5.0,3.0,20.94
2022-01-23,CO,Bogotá,pm25,317,15.0,99.0,57.0,2580.84
2022-01-23,CO,Medellín,pm25,290,38.0,99.0,72.0,1323.04
2022-01-23,DK,Copenhagen,pm25,24,12.0,42.0,22.0,726.5
2022-01-23,GB,Edinburgh,pm25,251,5.0,42.0,17.0,568.4
2022-01-23,GB,Norwich,pm25,23,59.0,71.0,63.0,77.67
2022-01-23,GB,Liverpool,pm25,37,5.0,47.0,24.0,1204.11
2022-01-23,GB,Belfast,pm25,44,13.0,56.0,34.0,916.85
2022-01-23,GB,Coventry,pm25,68,30.0,73.0,46.0,1417.74
2022-01-23,GB,Leeds,pm25,36,13.0,68.0,50.0,2848.21
2022-01-23,GB,Cardiff,pm25,96,25.0,95.0,55.0,3268.98
2022-01-23,GB,Bristol,pm25,48,30.0,97.0,59.0,3944.1
2022-01-23,GB,London,pm25,437,5.0,89.0,53.0,2630.47
2022-01-23,GB,Birmingham,pm25,38,26.0,81.0,53.0,3230.5
2022-01-23,GB,Sheffield,pm25,91,21.0,74.0,45.0,1321.09
2022-01-23,GB,Newport,pm25,45,45.0,89.0,56.0,1465.98
2022-01-23,GB,Leicester,pm25,23,30.0,69.0,50.0,1214.94
2022-01-23,GB,Manchester,pm25,79,22.0,51.0,35.0,583.05
2022-01-23,GB,Reading,pm25,48,42.0,95.0,57.0,1273.46
2022-01-23,GB,Plymouth,pm25,41,25.0,85.0,54.0,2734.02
2022-01-23,GB,Glasgow,pm25,463,5.0,50.0,21.0,650.47
2022-01-23,GB,Preston,pm25,45,14.0,45.0,25.0,807.73
2022-01-23,GB,Swansea,pm25,116,21.0,153.0,59.0,6329.9
2022-01-23,GB,Southend-on-Sea,pm25,45,63.0,84.0,71.0,233.91
2022-01-23,ID,Jakarta,pm25,48,34.0,99.0,63.0,2523.62
2022-01-23,NP,Kathmandu,pm25,48,107.0,193.0,158.0,4197.02
2022-01-23,NP,Pokhara,pm25,31,70.0,231.0,170.0,25648.5
2022-01-23,NP,Biratnagar,pm25,48,114.0,162.0,151.0,2409.36
2022-01-23,AU,Sydney,pm25,106,1.0,51.0,8.0,718.69
2022-01-23,AU,Newcastle,pm25,118,1.0,50.0,10.0,792.62
2022-01-23,AU,Launceston,pm25,61,5.0,13.0,5.0,44.68
2022-01-23,AU,Hobart,pm25,44,5.0,13.0,9.0,73.07
2022-01-23,AU,Darwin,pm25,60,1.0,26.0,8.0,395.69
2022-01-23,AU,Melbourne,pm25,181,1.0,64.0,27.0,1228.74
2022-01-23,AU,Canberra,pm25,52,1.0,50.0,12.0,1590.26
2022-01-23,AU,Adelaide,pm25,88,3.0,44.0,17.0,664.32
2022-01-23,AU,Brisbane,pm25,153,1.0,34.0,13.0,322.34
2022-01-23,AU,Perth,pm25,92,2.0,25.0,10.0,239.55
2022-01-23,AU,Wollongong,pm25,38,1.0,43.0,9.0,1118.46
2022-01-23,CI,Abidjan,pm25,24,151.0,169.0,158.0,325.63
2022-01-23,GH,Accra,pm25,24,159.0,212.0,173.0,2088.41
2022-01-23,IQ,Baghdad,pm25,24,89.0,195.0,170.0,8520.42
2022-01-23,IS,Reykjavík,pm25,118,3.0,152.0,19.0,3987.27
2022-01-23,KG,Bishkek,pm25,24,65.0,161.0,102.0,5947.75
2022-01-23,NL,Utrecht,pm25,48,18.0,98.0,56.0,3135.25
2022-01-23,NL,Nijmegen,pm25,48,24.0,88.0,62.0,2894.02
2022-01-23,NL,Haarlem,pm25,142,3.0,82.0,30.0,3148.26
2022-01-23,NL,Eindhoven,pm25,24,65.0,120.0,81.0,2613.03
2022-01-23,NL,Rotterdam,pm25,192,24.0,84.0,62.0,1059.04
2022-01-23,NL,Amsterdam,pm25,260,1.0,82.0,38.0,4016.75
2022-01-23,NL,Dordrecht,pm25,24,36.0,86.0,65.0,1578.53
2022-01-23,NL,Breda,pm25,48,41.0,78.0,60.0,907.64
2022-01-23,NL,Groningen,pm25,48,4.0,40.0,18.0,777.0
2022-01-23,NL,Maastricht,pm25,96,42.0,102.0,78.0,1139.13
2022-01-23,NL,The Hague,pm25,72,12.0,77.0,51.0,2585.72
2022-01-23,PT,Lisbon,pm25,13,26.0,53.0,41.0,894.74
2022-01-23,PT,Funchal,pm25,72,13.0,75.0,34.0,1101.47
2022-01-23,CA,Hamilton,pm25,88,5.0,55.0,21.0,1855.15
2022-01-23,CA,Calgary,pm25,85,1.0,64.0,7.0,1797.9
2022-01-23,CA,Winnipeg,pm25,24,8.0,15.0,13.0,33.89
2022-01-23,CA,Halifax,pm25,46,12.0,32.0,20.0,193.74
2022-01-23,CA,Kitchener,pm25,44,5.0,57.0,17.0,2863.48
2022-01-23,CA,Edmonton,pm25,123,1.0,25.0,8.0,427.26
2022-01-23,CA,Mississauga,pm25,58,5.0,59.0,13.0,2555.6
2022-01-23,CA,Québec,pm25,187,16.0,142.0,53.0,8913.89
2022-01-23,CA,Vancouver,pm25,23,7.0,32.0,15.0,612.25
2022-01-23,CA,Victoria,pm25,46,25.0,68.0,46.0,1432.53
2022-01-23,CA,Montréal,pm25,444,15.0,142.0,59.0,8497.52
2022-01-23,CA,Toronto,pm25,114,5.0,68.0,17.0,3239.91
2022-01-23,CA,Ottawa,pm25,67,20.0,126.0,38.0,17153.8
2022-01-23,CA,London,pm25,38,5.0,59.0,17.0,3577.7
2022-01-23,US,Oklahoma City,pm25,96,14.0,95.0,34.0,2336.96
2022-01-23,US,Raleigh,pm25,72,9.0,123.0,46.0,6087.79
2022-01-23,US,Memphis,pm25,71,11.0,64.0,42.0,1004.19
2022-01-23,US,Jackson,pm25,72,1.0,88.0,50.0,3642.67
2022-01-23,US,Boston,pm25,114,34.0,137.0,57.0,1581.68
2022-01-23,US,Richmond,pm25,96,21.0,74.0,37.0,1053.13
2022-01-23,US,Portland,pm25,168,13.0,109.0,43.0,3344.38
2022-01-23,US,Boise,pm25,93,5.0,55.0,25.0,2085.22
2022-01-23,US,Austin,pm25,47,5.0,91.0,50.0,4111.48
2022-01-23,US,Honolulu,pm25,57,5.0,55.0,17.0,817.14
2022-01-23,US,Fresno,pm25,48,46.0,153.0,82.0,6730.85
2022-01-23,US,Milwaukee,pm25,144,13.0,69.0,22.0,1991.23
2022-01-23,US,Hartford,pm25,48,52.0,72.0,60.0,249.08
2022-01-23,US,Washington D.C.,pm25,120,17.0,85.0,46.0,2121.06
2022-01-23,US,Chicago,pm25,239,5.0,69.0,23.0,1217.49
2022-01-23,US,Houston,pm25,48,24.0,67.0,41.0,1163.68
2022-01-23,US,Indianapolis,pm25,144,6.0,61.0,28.0,1952.91
2022-01-23,US,Atlanta,pm25,24,25.0,90.0,57.0,3993.89
2022-01-23,US,Charlotte,pm25,48,21.0,109.0,50.0,4617.73
2022-01-23,US,Sacramento,pm25,48,42.0,155.0,102.0,11292.6
2022-01-23,US,Oakland,pm25,120,30.0,112.0,65.0,2677.21
2022-01-23,US,Providence,pm25,48,21.0,85.0,46.0,2426.45
2022-01-23,US,Staten Island,pm25,120,20.0,73.0,52.0,1003.14
2022-01-23,US,Brooklyn,pm25,144,16.0,68.0,50.0,771.93
2022-01-23,US,Springfield,pm25,66,9.0,54.0,27.0,711.46
2022-01-23,US,The Bronx,pm25,48,30.0,57.0,44.0,541.54
2022-01-23,US,San Jose,pm25,96,17.0,91.0,42.0,2780.52
2022-01-23,US,Los Angeles,pm25,72,3.0,98.0,36.0,7461.83
2022-01-23,US,Little Rock,pm25,24,15.0,87.0,43.0,4103.89
2022-01-23,US,Baltimore,pm25,48,17.0,85.0,55.0,2487.19
2022-01-23,US,Phoenix,pm25,186,2.0,65.0,21.0,2380.12
2022-01-23,US,Omaha,pm25,38,9.0,46.0,25.0,1123.87
2022-01-23,US,El Paso,pm25,160,5.0,147.0,21.0,3202.19
2022-01-23,US,Dallas,pm25,24,5.0,38.0,27.0,1263.32
2022-01-23,US,Seattle,pm25,258,5.0,85.0,38.0,2153.9
2022-01-23,US,Manhattan,pm25,72,28.0,63.0,47.0,596.18
2022-01-23,US,Miami,pm25,94,13.0,63.0,30.0,808.88
2022-01-23,US,Jacksonville,pm25,144,5.0,151.0,26.0,9148.35
2022-01-23,US,San Antonio,pm25,71,1.0,51.0,25.0,1672.34
2022-01-23,US,Philadelphia,pm25,96,21.0,82.0,53.0,1814.31
2022-01-23,US,San Diego,pm25,20,2.0,75.0,52.0,4185.16
2022-01-23,US,Columbus,pm25,48,13.0,76.0,53.0,1447.44
2022-01-23,US,Saint Paul,pm25,140,5.0,160.0,21.0,5926.67
2022-01-23,US,Denver,pm25,149,5.0,72.0,21.0,2017.79
2022-01-23,US,Salt Lake City,pm25,216,21.0,69.0,46.0,1133.94
2022-01-23,US,Albuquerque,pm25,72,13.0,64.0,25.0,2074.73
2022-01-23,US,San Francisco,pm25,72,30.0,109.0,57.0,2996.71
2022-01-23,US,Salem,pm25,67,4.0,81.0,43.0,4436.53
2022-01-23,US,Madison,pm25,48,14.0,27.0,20.0,121.26
2022-01-23,US,Nashville,pm25,96,13.0,64.0,39.0,2019.47
2022-01-23,US,Tucson,pm25,151,5.0,95.0,21.0,2804.71
2022-01-23,US,Queens,pm25,96,20.0,61.0,48.0,623.98
2022-01-23,US,Tallahassee,pm25,72,10.0,109.0,27.0,3536.27
2022-01-23,US,Fort Worth,pm25,20,13.0,70.0,38.0,4385.37
2022-01-23,RS,Novi Sad,pm25,48,37.0,164.0,56.0,9400.43
2022-01-23,RS,Niš,pm25,48,66.0,142.0,78.0,1805.95
2022-01-23,RS,Belgrade,pm25,120,41.0,106.0,70.0,1758.82
2022-01-23,CY,Nicosia,pm25,24,4.0,77.0,26.0,3563.41
2022-01-23,CY,Limassol,pm25,24,16.0,62.0,25.0,1327.17
2022-01-23,HR,Zagreb,pm25,24,57.0,151.0,80.0,8418.84
2022-01-23,HR,Rijeka,pm25,73,14.0,128.0,45.0,4959.58
2022-01-23,MK,Skopje,pm25,168,10.0,94.0,48.0,3505.1
2022-01-24,GE,Tbilisi,pm25,96,78.0,160.0,100.0,8575.01
2022-01-24,HU,Győr,pm25,47,5.0,97.0,53.0,3635.62
2022-01-24,HU,Szeged,pm25,24,21.0,91.0,46.0,2702.59
2022-01-24,HU,Pécs,pm25,72,42.0,155.0,61.0,12750.4
2022-01-24,HU,Kecskemét,pm25,48,50.0,89.0,59.0,824.4
2022-01-24,HU,Miskolc,pm25,120,30.0,174.0,74.0,19377.9
2022-01-24,HU,Budapest,pm25,360,25.0,152.0,68.0,4985.12
2022-01-24,JP,Fukuoka,pm25,409,5.0,65.0,30.0,1165.04
2022-01-24,JP,Kanazawa,pm25,210,5.0,57.0,17.0,1354.37
2022-01-24,JP,Kumamoto,pm25,335,5.0,467.0,25.0,13626.3
2022-01-24,JP,Akita,pm25,37,5.0,68.0,30.0,2507.15
2022-01-24,JP,Kochi,pm25,35,5.0,38.0,17.0,830.71
2022-01-24,JP,Gifu-shi,pm25,143,5.0,147.0,25.0,4268.29
2022-01-24,JP,Kyoto,pm25,557,5.0,63.0,30.0,1258.04
2022-01-24,JP,Hiroshima,pm25,285,5.0,76.0,25.0,2222.85
2022-01-24,JP,Shizuoka,pm25,250,5.0,74.0,34.0,1647.73
2022-01-24,JP,Chiba,pm25,770,5.0,134.0,50.0,6693.69
2022-01-24,JP,Sapporo,pm25,204,5.0,95.0,42.0,3786.95
2022-01-24,JP,Yokohama,pm25,517,1.0,85.0,30.0,3846.42
2022-01-24,JP,Tokyo,pm25,2443,1.0,89.0,38.0,2907.04
2022-01-24,JP,Saitama,pm25,459,5.0,124.0,30.0,4855.52
2022-01-24,JP,Naha,pm25,129,5.0,30.0,13.0,381.54
2022-01-24,JP,Nagasaki,pm25,162,5.0,59.0,21.0,1749.33
2022-01-24,JP,Toyama,pm25,160,5.0,63.0,21.0,1462.4
2022-01-24,JP,Niigata,pm25,50,5.0,74.0,5.0,952.2
2022-01-24,JP,Nara-shi,pm25,188,5.0,80.0,30.0,2492.45
2022-01-24,JP,Okayama,pm25,270,5.0,70.0,30.0,1633.66
2022-01-24,JP,Sendai,pm25,395,5.0,46.0,13.0,720.44
2022-01-24,JP,Osaka,pm25,1020,5.0,70.0,25.0,1399.39
2022-01-24,JP,Miyazaki,pm25,126,5.0,104.0,30.0,2723.0
2022-01-24,JP,Matsuyama,pm25,148,5.0,87.0,25.0,2257.19
2022-01-24,JP,Wakayama,pm25,207,5.0,63.0,25.0,1398.8
2022-01-24,JP,Takamatsu,pm25,253,5.0,65.0,25.0,2082.74
2022-01-24,JP,Nagoya,pm25,722,5.0,70.0,21.0,1420.76
2022-01-24,JP,Ōita,pm25,229,5.0,50.0,21.0,1217.91
2022-01-24,JP,Kobe,pm25,414,5.0,63.0,25.0,1391.87
2022-01-24,JP,Nagano,pm25,83,5.0,87.0,21.0,6984.52
2022-01-24,JP,Utsunomiya,pm25,392,5.0,122.0,38.0,7489.1
2022-01-24,JP,Kagoshima,pm25,87,5.0,53.0,25.0,1909.95
2022-01-24,SK,Košice,pm25,95,21.0,225.0,59.0,17140.7
2022-01-24,SK,Bratislava,pm25,95,34.0,80.0,65.0,1188.68
2022-01-24,ET,Addis Ababa,pm25,48,30.0,144.0,55.0,5879.57
2022-01-24,CH,Zürich,pm25,15,2.0,3.0,2.0,2.57
2022-01-24,CO,Bogotá,pm25,310,13.0,166.0,61.0,6065.01
2022-01-24,CO,Medellín,pm25,226,38.0,85.0,65.0,714.71
2022-01-24,DK,Copenhagen,pm25,24,14.0,36.0,25.0,391.72
2022-01-24,GB,Edinburgh,pm25,265,17.0,74.0,46.0,1357.32
2022-01-24,GB,Norwich,pm25,24,65.0,108.0,95.0,2259.98
2022-01-24,GB,Liverpool,pm25,43,21.0,141.0,84.0,10106.0
2022-01-24,GB,Belfast,pm25,110,30.0,95.0,50.0,1939.21
2022-01-24,GB,Coventry,pm25,72,61.0,94.0,70.0,699.56
2022-01-24,GB,Leeds,pm25,44,42.0,119.0,71.0,2355.79
2022-01-24,GB,Cardiff,pm25,96,53.0,91.0,70.0,895.14
2022-01-24,GB,Bristol,pm25,56,50.0,95.0,70.0,1438.36
2022-01-24,GB,London,pm25,464,5.0,134.0,64.0,3228.14
2022-01-24,GB,Birmingham,pm25,48,61.0,99.0,80.0,798.3
2022-01-24,GB,Sheffield,pm25,95,38.0,117.0,83.0,2396.32
2022-01-24,GB,Newport,pm25,45,63.0,87.0,75.0,806.04
2022-01-24,GB,Leicester,pm25,24,59.0,94.0,78.0,813.03
2022-01-24,GB,Manchester,pm25,84,34.0,104.0,78.0,3737.35
2022-01-24,GB,Reading,pm25,48,46.0,89.0,61.0,892.34
2022-01-24,GB,Plymouth,pm25,38,34.0,89.0,59.0,1131.44
2022-01-24,GB,Glasgow,pm25,456,5.0,78.0,53.0,1401.24
2022-01-24,GB,Preston,pm25,47,30.0,116.0,83.0,5665.49
2022-01-24,GB,Swansea,pm25,120,63.0,95.0,76.0,478.7
2022-01-24,GB,Southend-on-Sea,pm25,48,68.0,114.0,74.0,611.47
2022-01-24,ID,Jakarta,pm25,48,25.0,104.0,53.0,2907.8
2022-01-24,NP,Kathmandu,pm25,50,71.0,189.0,162.0,7494.62
2022-01-24,NP,Pokhara,pm25,32,80.0,228.0,182.0,24368.2
2022-01-24,NP,Biratnagar,pm25,48,111.0,156.0,126.0,1924.18
2022-01-24,AU,Sydney,pm25,136,1.0,52.0,11.0,958.34
2022-01-24,AU,Newcastle,pm25,99,1.0,54.0,11.0,1077.76
2022-01-24,AU,Launceston,pm25,82,5.0,17.0,9.0,59.38
2022-01-24,AU,Hobart,pm25,43,5.0,34.0,13.0,290.42
2022-01-24,AU,Darwin,pm25,55,1.0,38.0,9.0,426.8
2022-01-24,AU,Melbourne,pm25,187,2.0,71.0,31.0,1322.72
2022-01-24,AU,Canberra,pm25,42,1.0,69.0,14.0,2058.61
2022-01-24,AU,Adelaide,pm25,83,1.0,68.0,17.0,1345.14
2022-01-24,AU,Brisbane,pm25,165,1.0,51.0,18.0,466.53
2022-01-24,AU,Perth,pm25,78,2.0,18.0,5.0,111.42
2022-01-24,AU,Wollongong,pm25,41,1.0,43.0,10.0,821.22
2022-01-24,CI,Abidjan,pm25,24,153.0,175.0,160.0,558.68
2022-01-24,GH,Accra,pm25,24,157.0,196.0,173.0,1192.01
2022-01-24,IQ,Baghdad,pm25,24,102.0,203.0,151.0,7123.41
2022-01-24,IS,Reykjavík,pm25,117,1.0,35.0,18.0,667.68
2022-01-24,KG,Bishkek,pm25,24,80.0,174.0,107.0,10616.5
2022-01-24,NL,Utrecht,pm25,44,55.0,108.0,79.0,1665.75
2022-01-24,NL,Nijmegen,pm25,48,42.0,86.0,69.0,1317.85
2022-01-24,NL,Haarlem,pm25,144,26.0,161.0,92.0,6135.48
2022-01-24,NL,Eindhoven,pm25,24,63.0,114.0,73.0,2319.55
2022-01-24,NL,Rotterdam,pm25,192,44.0,115.0,90.0,2760.41
2022-01-24,NL,Amsterdam,pm25,262,37.0,151.0,86.0,3570.09
2022-01-24,NL,Dordrecht,pm25,24,54.0,107.0,91.0,2106.09
2022-01-24,NL,Breda,pm25,48,47.0,135.0,75.0,2831.33
2022-01-24,NL,Groningen,pm25,48,17.0,91.0,63.0,4844.95
2022-01-24,NL,Maastricht,pm25,95,38.0,85.0,55.0,876.08
2022-01-24,NL,The Hague,pm25,72,39.0,117.0,86.0,3608.51
2022-01-24,PT,Lisbon,pm25,43,14.0,53.0,30.0,944.91
2022-01-24,PT,Funchal,pm25,60,3.0,55.0,28.0,1245.89
2022-01-24,CA,Hamilton,pm25,85,9.0,70.0,25.0,2697.81
2022-01-24,CA,Calgary,pm25,86,1.0,37.0,8.0,390.75
2022-01-24,CA,Winnipeg,pm25,24,15.0,19.0,17.0,16.45
2022-01-24,CA,Halifax,pm25,46,20.0,47.0,27.0,457.31
2022-01-24,CA,Kitchener,pm25,43,9.0,55.0,25.0,2256.29
2022-01-24,CA,Edmonton,pm25,137,1.0,112.0,31.0,5111.03
2022-01-24,CA,Mississauga,pm25,64,9.0,68.0,25.0,2669.64
2022-01-24,CA,Québec,pm25,188,16.0,142.0,35.0,3638.97
2022-01-24,CA,Vancouver,pm25,23,10.0,31.0,13.0,439.29
2022-01-24,CA,Victoria,pm25,46,17.0,61.0,38.0,1734.36
2022-01-24,CA,Montréal,pm25,401,27.0,142.0,59.0,2801.88
2022-01-24,CA,Toronto,pm25,139,5.0,89.0,25.0,3749.33
2022-01-24,CA,Ottawa,pm25,72,38.0,71.0,50.0,618.57
2022-01-24,CA,London,pm25,45,5.0,70.0,30.0,3141.55
2022-01-24,US,Oklahoma City,pm25,95,12.0,71.0,24.0,1411.58
2022-01-24,US,Raleigh,pm25,72,9.0,59.0,38.0,1501.34
2022-01-24,US,Memphis,pm25,71,19.0,66.0,40.0,1218.98
2022-01-24,US,Jackson,pm25,72,5.0,90.0,50.0,2388.33
2022-01-24,US,Boston,pm25,130,17.0,91.0,50.0,1840.63
2022-01-24,US,Richmond,pm25,96,28.0,69.0,45.0,536.05
2022-01-24,US,Portland,pm25,168,26.0,117.0,54.0,2011.35
2022-01-24,US,Boise,pm25,96,17.0,59.0,34.0,1055.98
2022-01-24,US,Austin,pm25,46,5.0,55.0,25.0,1224.76
2022-01-24,US,Honolulu,pm25,66,5.0,34.0,13.0,655.68
2022-01-24,US,Fresno,pm25,47,53.0,130.0,70.0,2784.1
2022-01-24,US,Milwaukee,pm25,144,16.0,55.0,31.0,872.49
2022-01-24,US,Hartford,pm25,47,29.0,74.0,61.0,1839.67
2022-01-24,US,Washington D.C.,pm25,120,21.0,70.0,51.0,843.51
2022-01-24,US,Chicago,pm25,239,6.0,63.0,34.0,1328.92
2022-01-24,US,Houston,pm25,48,17.0,65.0,46.0,1515.74
2022-01-24,US,Indianapolis,pm25,142,11.0,68.0,40.0,1918.6
2022-01-24,US,Atlanta,pm25,23,11.0,66.0,42.0,2124.82
2022-01-24,US,Charlotte,pm25,44,13.0,61.0,34.0,977.65
2022-01-24,US,Sacramento,pm25,48,56.0,152.0,76.0,4733.61
2022-01-24,US,Oakland,pm25,119,30.0,91.0,59.0,1254.96
2022-01-24,US,Providence,pm25,48,25.0,65.0,50.0,1750.42
2022-01-24,US,Staten Island,pm25,119,18.0,80.0,55.0,1703.29
2022-01-24,US,Brooklyn,pm25,144,10.0,86.0,55.0,2689.32
2022-01-24,US,Springfield,pm25,71,13.0,61.0,33.0,1071.48
2022-01-24,US,The Bronx,pm25,48,10.0,61.0,48.0,1991.49
2022-01-24,US,San Jose,pm25,96,25.0,82.0,55.0,1398.94
2022-01-24,US,Los Angeles,pm25,72,3.0,98.0,49.0,5125.02
2022-01-24,US,Little Rock,pm25,23,25.0,66.0,38.0,1814.31
2022-01-24,US,Baltimore,pm25,48,25.0,78.0,56.0,1422.54
2022-01-24,US,Phoenix,pm25,192,2.0,126.0,43.0,3603.77
2022-01-24,US,Omaha,pm25,37,5.0,38.0,21.0,696.04
2022-01-24,US,El Paso,pm25,150,5.0,59.0,21.0,1664.65
2022-01-24,US,Dallas,pm25,24,17.0,35.0,25.0,148.41
2022-01-24,US,Seattle,pm25,262,10.0,73.0,39.0,1940.44
2022-01-24,US,Manhattan,pm25,72,5.0,81.0,51.0,2817.79
2022-01-24,US,Miami,pm25,94,15.0,161.0,30.0,9893.03
2022-01-24,US,Jacksonville,pm25,139,15.0,153.0,44.0,2767.27
2022-01-24,US,San Antonio,pm25,69,3.0,73.0,31.0,2790.2
2022-01-24,US,Philadelphia,pm25,94,8.0,93.0,57.0,3729.35
2022-01-24,US,San Diego,pm25,24,14.0,66.0,37.0,2192.45
2022-01-24,US,Columbus,pm25,48,25.0,83.0,53.0,1996.59
2022-01-24,US,Saint Paul,pm25,133,5.0,65.0,30.0,2203.63
2022-01-24,US,Denver,pm25,144,5.0,42.0,17.0,662.37
2022-01-24,US,Salt Lake City,pm25,216,18.0,86.0,59.0,1967.91
2022-01-24,US,Albuquerque,pm25,72,6.0,114.0,18.0,3863.72
2022-01-24,US,San Francisco,pm25,70,25.0,85.0,53.0,1514.4
2022-01-24,US,Salem,pm25,59,4.0,71.0,40.0,3302.89
2022-01-24,US,Madison,pm25,48,18.0,42.0,26.0,425.07
2022-01-24,US,Nashville,pm25,95,9.0,97.0,36.0,2087.68
2022-01-24,US,Tucson,pm25,151,5.0,74.0,25.0,1673.36
2022-01-24,US,Queens,pm25,96,15.0,69.0,50.0,1602.07
2022-01-24,US,Tallahassee,pm25,66,16.0,88.0,41.0,1883.66
2022-01-24,US,Fort Worth,pm25,24,5.0,46.0,17.0,1327.75
2022-01-24,RS,Novi Sad,pm25,48,58.0,172.0,101.0,12681.6
2022-01-24,RS,Niš,pm25,48,68.0,168.0,90.0,6275.89
2022-01-24,RS,Belgrade,pm25,120,43.0,171.0,88.0,16342.0
2022-01-24,CY,Nicosia,pm25,24,12.0,159.0,34.0,21205.9
2022-01-24,CY,Limassol,pm25,24,19.0,127.0,34.0,9706.67
2022-01-24,HR,Zagreb,pm25,24,63.0,188.0,82.0,14549.5
2022-01-24,HR,Rijeka,pm25,75,7.0,62.0,24.0,1607.78
2022-01-24,MK,Skopje,pm25,167,8.0,802.0,63.0,38531.4
2022-01-25,GE,Tbilisi,pm25,96,39.0,159.0,71.0,8232.76
2022-01-25,HU,Győr,pm25,48,5.0,107.0,65.0,4607.22
2022-01-25,HU,Szeged,pm25,23,70.0,97.0,87.0,665.1
2022-01-25,HU,Pécs,pm25,72,82.0,160.0,97.0,11091.8
2022-01-25,HU,Kecskemét,pm25,48,93.0,151.0,114.0,2578.94
2022-01-25,HU,Miskolc,pm25,120,114.0,174.0,154.0,1630.67
2022-01-25,HU,Budapest,pm25,360,53.0,159.0,93.0,3105.68
2022-01-25,JP,Fukuoka,pm25,415,5.0,80.0,30.0,1328.32
2022-01-25,JP,Kanazawa,pm25,196,5.0,68.0,21.0,1326.08
2022-01-25,JP,Kumamoto,pm25,365,5.0,74.0,38.0,1816.29
2022-01-25,JP,Akita,pm25,35,5.0,53.0,30.0,2231.46
2022-01-25,JP,Kochi,pm25,45,5.0,57.0,34.0,1861.55
2022-01-25,JP,Gifu-shi,pm25,163,5.0,159.0,21.0,3370.83
2022-01-25,JP,Kyoto,pm25,528,5.0,65.0,30.0,1288.29
2022-01-25,JP,Hiroshima,pm25,264,5.0,87.0,21.0,1887.87
2022-01-25,JP,Shizuoka,pm25,247,5.0,80.0,25.0,1644.51
2022-01-25,JP,Chiba,pm25,742,5.0,85.0,25.0,2413.18
2022-01-25,JP,Sapporo,pm25,213,5.0,76.0,30.0,2296.13
2022-01-25,JP,Yokohama,pm25,531,1.0,70.0,30.0,2290.86
2022-01-25,JP,Tokyo,pm25,2501,1.0,119.0,30.0,1568.5
2022-01-25,JP,Saitama,pm25,473,9.0,93.0,34.0,1639.3
2022-01-25,JP,Naha,pm25,141,5.0,42.0,21.0,737.26
2022-01-25,JP,Nagasaki,pm25,159,5.0,78.0,30.0,2597.63
2022-01-25,JP,Toyama,pm25,151,5.0,87.0,25.0,2357.96
2022-01-25,JP,Niigata,pm25,88,5.0,9.0,5.0,5.33
2022-01-25,JP,Nara-shi,pm25,180,5.0,72.0,34.0,2016.99
2022-01-25,JP,Okayama,pm25,255,5.0,114.0,30.0,3077.29
2022-01-25,JP,Sendai,pm25,442,5.0,55.0,21.0,947.58
2022-01-25,JP,Osaka,pm25,938,5.0,97.0,34.0,2960.53
2022-01-25,JP,Miyazaki,pm25,136,5.0,152.0,50.0,4390.84
2022-01-25,JP,Matsuyama,pm25,150,5.0,74.0,30.0,2064.62
2022-01-25,JP,Wakayama,pm25,198,5.0,59.0,30.0,1426.16
2022-01-25,JP,Takamatsu,pm25,227,5.0,85.0,21.0,2905.6
2022-01-25,JP,Nagoya,pm25,744,5.0,89.0,25.0,2225.27
2022-01-25,JP,Ōita,pm25,230,5.0,53.0,21.0,1176.79
2022-01-25,JP,Kobe,pm25,413,5.0,65.0,30.0,2008.09
2022-01-25,JP,Nagano,pm25,83,5.0,53.0,17.0,1492.77
2022-01-25,JP,Utsunomiya,pm25,417,5.0,72.0,38.0,2630.88
2022-01-25,JP,Kagoshima,pm25,95,17.0,61.0,42.0,1411.38
2022-01-25,SK,Košice,pm25,94,80.0,160.0,117.0,7234.28
2022-01-25,SK,Bratislava,pm25,96,34.0,147.0,70.0,4008.77
2022-01-25,ET,Addis Ababa,pm25,48,38.0,151.0,70.0,5596.95
2022-01-25,CH,Zürich,pm25,21,2.0,6.0,3.0,10.33
2022-01-25,CO,Bogotá,pm25,320,25.0,156.0,72.0,6306.5
2022-01-25,CO,Medellín,pm25,235,42.0,89.0,68.0,808.39
2022-01-25,DK,Copenhagen,pm25,24,15.0,46.0,33.0,515.36
2022-01-25,GB,Edinburgh,pm25,277,38.0,80.0,57.0,838.54
2022-01-25,GB,Norwich,pm25,20,89.0,111.0,92.0,377.34
2022-01-25,GB,Liverpool,pm25,37,76.0,127.0,93.0,667.42
2022-01-25,GB,Belfast,pm25,102,63.0,89.0,74.0,263.31
2022-01-25,GB,Coventry,pm25,62,76.0,92.0,85.0,140.03
2022-01-25,GB,Leeds,pm25,46,76.0,118.0,89.0,899.19
2022-01-25,GB,Cardiff,pm25,105,38.0,97.0,87.0,1129.0
2022-01-25,GB,Bristol,pm25,71,65.0,117.0,80.0,1940.08
2022-01-25,GB,London,pm25,459,25.0,137.0,78.0,3631.95
2022-01-25,GB,Birmingham,pm25,45,78.0,105.0,92.0,423.46
2022-01-25,GB,Sheffield,pm25,90,69.0,152.0,91.0,2901.45
2022-01-25,GB,Newport,pm25,47,72.0,92.0,76.0,444.59
2022-01-25,GB,Leicester,pm25,24,78.0,97.0,87.0,319.06
2022-01-25,GB,Manchester,pm25,79,86.0,128.0,98.0,1272.43
2022-01-25,GB,Reading,pm25,48,61.0,89.0,76.0,685.0
2022-01-25,GB,Plymouth,pm25,23,56.0,96.0,84.0,1372.41
2022-01-25,GB,Glasgow,pm25,462,38.0,87.0,63.0,653.33
2022-01-25,GB,Preston,pm25,44,89.0,138.0,107.0,1289.53
2022-01-25,GB,Swansea,pm25,118,59.0,119.0,82.0,2846.78
2022-01-25,GB,Southend-on-Sea,pm25,48,73.0,119.0,80.0,1601.12
2022-01-25,ID,Jakarta,pm25,48,13.0,132.0,53.0,7449.78
2022-01-25,NP,Kathmandu,pm25,48,71.0,176.0,147.0,7333.79
2022-01-25,NP,Pokhara,pm25,34,81.0,239.0,212.0,38253.5
2022-01-25,NP,Biratnagar,pm25,48,101.0,160.0,125.0,3643.4
2022-01-25,AU,Sydney,pm25,152,1.0,108.0,16.0,1895.07
2022-01-25,AU,Newcastle,pm25,137,3.0,69.0,18.0,986.65
2022-01-25,AU,Launceston,pm25,84,5.0,17.0,9.0,119.79
2022-01-25,AU,Hobart,pm25,25,5.0,38.0,9.0,485.6
2022-01-25,AU,Darwin,pm25,52,1.0,52.0,11.0,808.37
2022-01-25,AU,Melbourne,pm25,182,7.0,78.0,41.0,1848.33
2022-01-25,AU,Canberra,pm25,57,1.0,56.0,21.0,2651.45
2022-01-25,AU,Adelaide,pm25,86,5.0,54.0,19.0,919.58
2022-01-25,AU,Brisbane,pm25,161,1.0,48.0,20.0,606.86
2022-01-25,AU,Perth,pm25,81,2.0,18.0,4.0,97.68
2022-01-25,AU,Wollongong,pm25,48,2.0,67.0,13.0,1405.0
2022-01-25,CI,Abidjan,pm25,24,137.0,173.0,163.0,817.61
2022-01-25,GH,Accra,pm25,24,149.0,181.0,163.0,625.63
2022-01-25,IQ,Baghdad,pm25,22,38.0,356.0,166.0,124612.0
2022-01-25,IS,Reykjavík,pm25,116,3.0,59.0,33.0,1421.0
2022-01-25,KG,Bishkek,pm25,24,87.0,180.0,157.0,5891.01
2022-01-25,NL,Utrecht,pm25,48,83.0,136.0,120.0,3006.79
2022-01-25,NL,Nijmegen,pm25,38,85.0,144.0,107.0,1611.98
2022-01-25,NL,Haarlem,pm25,144,57.0,132.0,89.0,1148.45
2022-01-25,NL,Eindhoven,pm25,24,96.0,153.0,115.0,4397.97
2022-01-25,NL,Rotterdam,pm25,192,77.0,151.0,117.0,3139.92
2022-01-25,NL,Amsterdam,pm25,264,42.0,122.0,86.0,1016.18
2022-01-25,NL,Dordrecht,pm25,24,83.0,151.0,110.0,5235.58
2022-01-25,NL,Breda,pm25,48,91.0,153.0,117.0,3520.57
2022-01-25,NL,Groningen,pm25,44,76.0,110.0,94.0,665.85
2022-01-25,NL,Maastricht,pm25,96,50.0,129.0,78.0,2442.73
2022-01-25,NL,The Hague,pm25,72,76.0,145.0,109.0,3048.78
2022-01-25,PT,Lisbon,pm25,32,17.0,55.0,30.0,1085.15
2022-01-25,PT,Funchal,pm25,58,1.0,51.0,16.0,2020.39
2022-01-25,CA,Hamilton,pm25,88,5.0,68.0,25.0,3292.86
2022-01-25,CA,Calgary,pm25,89,1.0,53.0,10.0,1618.24
2022-01-25,CA,Winnipeg,pm25,23,13.0,68.0,15.0,1231.34
2022-01-25,CA,Halifax,pm25,46,25.0,54.0,35.0,292.91
2022-01-25,CA,Kitchener,pm25,39,5.0,61.0,13.0,3132.63
2022-01-25,CA,Edmonton,pm25,138,2.0,63.0,23.0,2147.21
2022-01-25,CA,Mississauga,pm25,65,5.0,70.0,17.0,3390.54
2022-01-25,CA,Québec,pm25,191,14.0,99.0,44.0,2283.36
2022-01-25,CA,Vancouver,pm25,23,12.0,32.0,21.0,260.28
2022-01-25,CA,Victoria,pm25,46,9.0,55.0,38.0,1115.0
2022-01-25,CA,Montréal,pm25,405,33.0,185.0,65.0,2083.96
2022-01-25,CA,Toronto,pm25,136,5.0,99.0,21.0,4573.76
2022-01-25,CA,Ottawa,pm25,68,20.0,61.0,50.0,1944.17
2022-01-25,CA,London,pm25,36,5.0,74.0,13.0,3852.79
2022-01-25,US,Oklahoma City,pm25,96,12.0,55.0,22.0,592.98
2022-01-25,US,Raleigh,pm25,72,9.0,61.0,42.0,1549.66
2022-01-25,US,Memphis,pm25,72,8.0,62.0,42.0,1470.66
2022-01-25,US,Jackson,pm25,72,4.0,86.0,53.0,4245.56
2022-01-25,US,Boston,pm25,133,13.0,97.0,59.0,2512.93
2022-01-25,US,Richmond,pm25,96,26.0,59.0,47.0,716.94
2022-01-25,US,Portland,pm25,168,12.0,75.0,30.0,1633.92
2022-01-25,US,Boise,pm25,96,5.0,57.0,21.0,1025.31
2022-01-25,US,Austin,pm25,45,5.0,55.0,30.0,1679.68
2022-01-25,US,Honolulu,pm25,55,5.0,38.0,13.0,574.02
2022-01-25,US,Fresno,pm25,47,42.0,128.0,80.0,3693.75
2022-01-25,US,Milwaukee,pm25,138,15.0,69.0,33.0,1748.3
2022-01-25,US,Hartford,pm25,48,20.0,108.0,78.0,6750.57
2022-01-25,US,Washington D.C.,pm25,117,17.0,63.0,41.0,1196.38
2022-01-25,US,Chicago,pm25,237,10.0,60.0,28.0,887.4
2022-01-25,US,Houston,pm25,48,12.0,59.0,26.0,1041.24
2022-01-25,US,Indianapolis,pm25,136,4.0,82.0,42.0,3961.47
2022-01-25,US,Atlanta,pm25,22,37.0,60.0,52.0,518.79
2022-01-25,US,Charlotte,pm25,44,13.0,65.0,42.0,1471.35
2022-01-25,US,Sacramento,pm25,48,11.0,142.0,70.0,12738.9
2022-01-25,US,Oakland,pm25,112,5.0,97.0,38.0,3637.99
2022-01-25,US,Providence,pm25,46,21.0,72.0,42.0,2454.55
2022-01-25,US,Staten Island,pm25,116,6.0,71.0,52.0,1255.29
2022-01-25,US,Brooklyn,pm25,142,18.0,159.0,56.0,5740.65
2022-01-25,US,Springfield,pm25,67,1.0,75.0,43.0,2644.53
2022-01-25,US,The Bronx,pm25,48,33.0,94.0,45.0,2396.52
2022-01-25,US,San Jose,pm25,95,5.0,91.0,53.0,2043.78
2022-01-25,US,Los Angeles,pm25,71,28.0,82.0,55.0,1411.74
2022-01-25,US,Little Rock,pm25,24,15.0,40.0,28.0,501.14
2022-01-25,US,Baltimore,pm25,48,13.0,85.0,53.0,2496.86
2022-01-25,US,Phoenix,pm25,185,6.0,93.0,46.0,3504.26
2022-01-25,US,Omaha,pm25,45,5.0,50.0,21.0,1122.0
2022-01-25,US,El Paso,pm25,154,5.0,107.0,25.0,4618.62
2022-01-25,US,Dallas,pm25,24,20.0,38.0,28.0,393.46
2022-01-25,US,Seattle,pm25,261,13.0,66.0,46.0,1867.64
2022-01-25,US,Manhattan,pm25,72,22.0,114.0,51.0,2783.64
2022-01-25,US,Miami,pm25,93,17.0,82.0,43.0,3306.43
2022-01-25,US,Jacksonville,pm25,139,4.0,137.0,41.0,1849.11
2022-01-25,US,San Antonio,pm25,70,3.0,78.0,34.0,2996.02
2022-01-25,US,Philadelphia,pm25,96,22.0,100.0,54.0,3405.89
2022-01-25,US,San Diego,pm25,24,31.0,64.0,46.0,847.54
2022-01-25,US,Columbus,pm25,46,25.0,78.0,51.0,1121.2
2022-01-25,US,Saint Paul,pm25,143,9.0,72.0,30.0,1147.02
2022-01-25,US,Denver,pm25,154,5.0,53.0,21.0,927.2
2022-01-25,US,Salt Lake City,pm25,216,3.0,88.0,30.0,6821.48
2022-01-25,US,Albuquerque,pm25,68,5.0,302.0,24.0,22250.0
2022-01-25,US,San Francisco,pm25,71,5.0,74.0,34.0,2864.71
2022-01-25,US,Salem,pm25,72,27.0,82.0,45.0,1206.82
2022-01-25,US,Madison,pm25,48,17.0,40.0,28.0,324.66
2022-01-25,US,Nashville,pm25,96,9.0,59.0,38.0,1124.73
2022-01-25,US,Tucson,pm25,129,5.0,61.0,25.0,1530.95
2022-01-25,US,Queens,pm25,95,4.0,160.0,48.0,9387.46
2022-01-25,US,Tallahassee,pm25,50,6.0,69.0,45.0,1500.85
2022-01-25,US,Fort Worth,pm25,22,5.0,46.0,21.0,1659.94
2022-01-25,RS,Novi Sad,pm25,47,65.0,172.0,100.0,8977.58
2022-01-25,RS,Niš,pm25,48,106.0,200.0,167.0,6934.4
2022-01-25,RS,Belgrade,pm25,120,94.0,222.0,154.0,5391.81
2022-01-25,CY,Nicosia,pm25,24,12.0,155.0,31.0,9329.11
2022-01-25,CY,Limassol,pm25,24,19.0,78.0,37.0,2276.5
2022-01-25,HR,Zagreb,pm25,24,86.0,196.0,153.0,9223.48
2022-01-25,HR,Rijeka,pm25,75,10.0,82.0,36.0,2749.72
2022-01-25,MK,Skopje,pm25,168,11.0,166.0,85.0,13437.0
2022-01-26,GE,Tbilisi,pm25,96,35.0,159.0,70.0,7868.35
2022-01-26,HU,Győr,pm25,48,13.0,68.0,50.0,1106.74
2022-01-26,HU,Szeged,pm25,22,57.0,95.0,82.0,1732.99
2022-01-26,HU,Pécs,pm25,66,61.0,107.0,76.0,2810.01
2022-01-26,HU,Kecskemét,pm25,48,57.0,129.0,76.0,5184.4
2022-01-26,HU,Miskolc,pm25,117,124.0,187.0,162.0,791.7
2022-01-26,HU,Budapest,pm25,356,38.0,158.0,63.0,9406.45
2022-01-26,JP,Fukuoka,pm25,426,17.0,112.0,76.0,4564.81
2022-01-26,JP,Kanazawa,pm25,217,5.0,74.0,21.0,2207.13
2022-01-26,JP,Kumamoto,pm25,373,9.0,179.0,61.0,4486.8
2022-01-26,JP,Akita,pm25,32,5.0,63.0,17.0,2345.55
2022-01-26,JP,Kochi,pm25,47,17.0,63.0,46.0,1801.54
2022-01-26,JP,Gifu-shi,pm25,126,5.0,72.0,30.0,2660.55
2022-01-26,JP,Kyoto,pm25,576,5.0,93.0,55.0,3621.61
2022-01-26,JP,Hiroshima,pm25,272,5.0,76.0,46.0,3601.47
2022-01-26,JP,Shizuoka,pm25,255,5.0,85.0,34.0,2737.44
2022-01-26,JP,Chiba,pm25,793,5.0,162.0,46.0,3885.55
2022-01-26,JP,Sapporo,pm25,214,5.0,70.0,38.0,2284.2
2022-01-26,JP,Yokohama,pm25,539,1.0,114.0,61.0,5277.92
2022-01-26,JP,Tokyo,pm25,2530,1.0,164.0,61.0,2566.48
2022-01-26,JP,Saitama,pm25,487,17.0,107.0,61.0,1378.85
2022-01-26,JP,Naha,pm25,138,5.0,34.0,21.0,356.83
2022-01-26,JP,Nagasaki,pm25,166,5.0,89.0,57.0,4996.18
2022-01-26,JP,Toyama,pm25,159,5.0,70.0,30.0,1704.01
2022-01-26,JP,Niigata,pm25,55,5.0,5.0,5.0,0.0
2022-01-26,JP,Nara-shi,pm25,185,13.0,85.0,53.0,2538.25
2022-01-26,JP,Okayama,pm25,267,21.0,109.0,59.0,1398.49
2022-01-26,JP,Sendai,pm25,448,5.0,63.0,25.0,1194.89
2022-01-26,JP,Osaka,pm25,886,5.0,132.0,55.0,4966.59
2022-01-26,JP,Miyazaki,pm25,135,5.0,134.0,46.0,4665.05
2022-01-26,JP,Matsuyama,pm25,151,5.0,80.0,46.0,2971.87
2022-01-26,JP,Wakayama,pm25,211,13.0,91.0,50.0,1945.83
2022-01-26,JP,Takamatsu,pm25,264,13.0,89.0,50.0,1874.07
2022-01-26,JP,Nagoya,pm25,745,5.0,80.0,34.0,2223.14
2022-01-26,JP,Ōita,pm25,251,5.0,93.0,46.0,5348.72
2022-01-26,JP,Kobe,pm25,423,5.0,97.0,55.0,5428.89
2022-01-26,JP,Nagano,pm25,94,5.0,72.0,42.0,2572.6
2022-01-26,JP,Utsunomiya,pm25,432,5.0,78.0,57.0,1989.45
2022-01-26,JP,Kagoshima,pm25,94,9.0,74.0,38.0,2793.17
2022-01-26,SK,Košice,pm25,96,142.0,190.0,161.0,507.21
2022-01-26,SK,Bratislava,pm25,95,30.0,80.0,46.0,921.96
2022-01-26,ET,Addis Ababa,pm25,46,46.0,170.0,74.0,8127.75
2022-01-26,CH,Zürich,pm25,23,3.0,7.0,3.0,17.55
2022-01-26,CO,Bogotá,pm25,336,21.0,176.0,78.0,4521.14
2022-01-26,CO,Medellín,pm25,270,42.0,95.0,70.0,1149.53
2022-01-26,DK,Copenhagen,pm25,24,8.0,44.0,28.0,1069.84
2022-01-26,GB,Edinburgh,pm25,271,3.0,53.0,13.0,684.53
2022-01-26,GB,Norwich,pm25,18,72.0,89.0,80.0,408.89
2022-01-26,GB,Liverpool,pm25,39,38.0,82.0,63.0,1088.39
2022-01-26,GB,Belfast,pm25,116,8.0,76.0,59.0,1509.62
2022-01-26,GB,Coventry,pm25,59,65.0,91.0,78.0,381.78
2022-01-26,GB,Leeds,pm25,45,50.0,85.0,70.0,1128.77
2022-01-26,GB,Cardiff,pm25,108,30.0,119.0,65.0,5234.88
2022-01-26,GB,Bristol,pm25,71,34.0,107.0,85.0,2783.88
2022-01-26,GB,London,pm25,438,21.0,119.0,64.0,2564.84
2022-01-26,GB,Birmingham,pm25,47,61.0,96.0,78.0,694.19
2022-01-26,GB,Sheffield,pm25,94,46.0,107.0,72.0,2115.05
2022-01-26,GB,Newport,pm25,46,32.0,87.0,75.0,2976.27
2022-01-26,GB,Leicester,pm25,20,65.0,84.0,74.0,314.32
2022-01-26,GB,Manchester,pm25,84,35.0,109.0,57.0,3567.59
2022-01-26,GB,Reading,pm25,48,50.0,82.0,63.0,528.86
2022-01-26,GB,Plymouth,pm25,23,76.0,87.0,82.0,100.67
2022-01-26,GB,Glasgow,pm25,438,5.0,53.0,17.0,1015.02
2022-01-26,GB,Preston,pm25,47,28.0,102.0,61.0,5132.57
2022-01-26,GB,Swansea,pm25,120,21.0,129.0,65.0,7415.05
2022-01-26,GB,Southend-on-Sea,pm25,44,57.0,97.0,77.0,950.83
2022-01-26,ID,Jakarta,pm25,48,30.0,119.0,57.0,3289.14
2022-01-26,NP,Kathmandu,pm25,51,71.0,174.0,151.0,5193.84
2022-01-26,NP,Pokhara,pm25,33,86.0,250.0,210.0,32579.8
2022-01-26,NP,Biratnagar,pm25,48,97.0,160.0,145.0,2340.83
2022-01-26,AU,Sydney,pm25,155,1.0,72.0,15.0,950.63
2022-01-26,AU,Newcastle,pm25,127,2.0,83.0,19.0,1885.47
2022-01-26,AU,Launceston,pm25,103,5.0,59.0,5.0,978.17
2022-01-26,AU,Hobart,pm25,19,5.0,9.0,5.0,32.75
2022-01-26,AU,Darwin,pm25,64,1.0,55.0,32.0,1508.81
2022-01-26,AU,Melbourne,pm25,188,7.0,116.0,44.0,1812.51
2022-01-26,AU,Canberra,pm25,45,1.0,61.0,26.0,1804.77
2022-01-26,AU,Adelaide,pm25,88,5.0,58.0,25.0,1229.05
2022-01-26,AU,Brisbane,pm25,181,1.0,32.0,19.0,495.27
2022-01-26,AU,Perth,pm25,76,2.0,12.0,4.0,52.57
2022-01-26,AU,Wollongong,pm25,46,2.0,83.0,14.0,1574.94
2022-01-26,CI,Abidjan,pm25,24,151.0,178.0,155.0,830.43
2022-01-26,GH,Accra,pm25,24,158.0,188.0,167.0,784.33
2022-01-26,IQ,Baghdad,pm25,24,91.0,344.0,163.0,28797.4
2022-01-26,IS,Reykjavík,pm25,113,4.0,42.0,10.0,340.35
2022-01-26,KG,Bishkek,pm25,24,114.0,187.0,163.0,3381.67
2022-01-26,NL,Utrecht,pm25,48,71.0,152.0,102.0,6508.19
2022-01-26,NL,Nijmegen,pm25,33,80.0,159.0,106.0,6608.81
2022-01-26,NL,Haarlem,pm25,142,35.0,148.0,70.0,5716.79
2022-01-26,NL,Eindhoven,pm25,24,90.0,156.0,128.0,5312.75
2022-01-26,NL,Rotterdam,pm25,191,56.0,151.0,91.0,7808.84
2022-01-26,NL,Amsterdam,pm25,264,33.0,153.0,76.0,7689.63
2022-01-26,NL,Dordrecht,pm25,24,89.0,152.0,109.0,4637.1
2022-01-26,NL,Breda,pm25,48,74.0,152.0,100.0,6735.3
2022-01-26,NL,Groningen,pm25,48,56.0,113.0,87.0,2520.95
2022-01-26,NL,Maastricht,pm25,96,76.0,157.0,104.0,5196.63
2022-01-26,NL,The Hague,pm25,72,35.0,149.0,77.0,9099.34
2022-01-26,PT,Lisbon,pm25,31,17.0,45.0,28.0,585.98
2022-01-26,PT,Funchal,pm25,65,1.0,34.0,22.0,1176.65
2022-01-26,CA,Hamilton,pm25,81,13.0,61.0,30.0,973.69
2022-01-26,CA,Calgary,pm25,92,1.0,45.0,9.0,474.23
2022-01-26,CA,Winnipeg,pm25,24,12.0,29.0,21.0,306.94
2022-01-26,CA,Halifax,pm25,45,16.0,41.0,25.0,446.5
2022-01-26,CA,Kitchener,pm25,48,13.0,46.0,25.0,449.34
2022-01-26,CA,Edmonton,pm25,130,1.0,35.0,10.0,360.72
2022-01-26,CA,Mississauga,pm25,70,17.0,65.0,30.0,882.98
2022-01-26,CA,Québec,pm25,182,14.0,130.0,31.0,5569.28
2022-01-26,CA,Vancouver,pm25,23,9.0,33.0,23.0,424.03
2022-01-26,CA,Victoria,pm25,44,13.0,72.0,46.0,2202.05
2022-01-26,CA,Montréal,pm25,401,12.0,142.0,33.0,3297.47
2022-01-26,CA,Toronto,pm25,137,5.0,55.0,21.0,1344.6
2022-01-26,CA,Ottawa,pm25,53,13.0,85.0,25.0,3766.13
2022-01-26,CA,London,pm25,40,5.0,30.0,13.0,376.61
2022-01-26,US,Oklahoma City,pm25,96,15.0,63.0,28.0,1209.4
2022-01-26,US,Raleigh,pm25,72,5.0,59.0,30.0,1217.18
2022-01-26,US,Memphis,pm25,70,7.0,62.0,32.0,1299.51
2022-01-26,US,Jackson,pm25,72,4.0,66.0,28.0,2235.07
2022-01-26,US,Boston,pm25,112,5.0,50.0,25.0,657.19
2022-01-26,US,Richmond,pm25,96,24.0,57.0,33.0,812.05
2022-01-26,US,Portland,pm25,168,10.0,85.0,36.0,2820.92
2022-01-26,US,Boise,pm25,93,5.0,42.0,25.0,942.95
2022-01-26,US,Austin,pm25,48,5.0,61.0,34.0,2220.6
2022-01-26,US,Honolulu,pm25,51,5.0,25.0,13.0,286.87
2022-01-26,US,Fresno,pm25,48,50.0,112.0,74.0,1683.67
2022-01-26,US,Milwaukee,pm25,144,28.0,75.0,38.0,1073.39
2022-01-26,US,Hartford,pm25,48,12.0,26.0,16.0,129.96
2022-01-26,US,Washington D.C.,pm25,118,9.0,63.0,34.0,1849.39
2022-01-26,US,Chicago,pm25,234,22.0,78.0,38.0,1097.32
2022-01-26,US,Houston,pm25,48,9.0,60.0,43.0,1293.08
2022-01-26,US,Indianapolis,pm25,120,25.0,70.0,52.0,1153.1
2022-01-26,US,Atlanta,pm25,23,51.0,103.0,57.0,1948.38
2022-01-26,US,Charlotte,pm25,39,25.0,72.0,38.0,1204.66
2022-01-26,US,Sacramento,pm25,48,20.0,117.0,61.0,5457.0
2022-01-26,US,Oakland,pm25,118,17.0,93.0,61.0,3624.74
2022-01-26,US,Providence,pm25,40,5.0,34.0,13.0,576.28
2022-01-26,US,Staten Island,pm25,118,2.0,51.0,25.0,1028.66
2022-01-26,US,Brooklyn,pm25,140,1.0,62.0,29.0,1493.95
2022-01-26,US,Springfield,pm25,71,8.0,48.0,27.0,720.96
2022-01-26,US,The Bronx,pm25,48,10.0,37.0,29.0,395.74
2022-01-26,US,San Jose,pm25,94,5.0,97.0,53.0,3049.24
2022-01-26,US,Los Angeles,pm25,72,3.0,99.0,59.0,4749.14
2022-01-26,US,Little Rock,pm25,24,12.0,33.0,24.0,242.61
2022-01-26,US,Baltimore,pm25,46,9.0,65.0,32.0,2042.69
2022-01-26,US,Phoenix,pm25,183,1.0,110.0,32.0,5174.12
2022-01-26,US,Omaha,pm25,45,5.0,50.0,25.0,1398.46
2022-01-26,US,El Paso,pm25,156,5.0,78.0,25.0,2625.21
2022-01-26,US,Dallas,pm25,24,8.0,40.0,25.0,726.67
2022-01-26,US,Seattle,pm25,263,9.0,63.0,42.0,1817.17
2022-01-26,US,Manhattan,pm25,70,3.0,42.0,28.0,991.23
2022-01-26,US,Miami,pm25,94,15.0,56.0,28.0,836.97
2022-01-26,US,Jacksonville,pm25,144,17.0,69.0,41.0,1524.01
2022-01-26,US,San Antonio,pm25,70,8.0,71.0,38.0,2196.11
2022-01-26,US,Philadelphia,pm25,90,1.0,77.0,23.0,2305.35
2022-01-26,US,San Diego,pm25,22,3.0,73.0,43.0,2854.46
2022-01-26,US,Columbus,pm25,48,35.0,83.0,60.0,1081.26
2022-01-26,US,Saint Paul,pm25,144,5.0,80.0,34.0,1898.72
2022-01-26,US,Denver,pm25,159,13.0,74.0,46.0,2269.9
2022-01-26,US,Salt Lake City,pm25,216,3.0,57.0,22.0,2226.0
2022-01-26,US,Albuquerque,pm25,70,13.0,102.0,23.0,1835.49
2022-01-26,US,San Francisco,pm25,72,9.0,99.0,61.0,5022.32
2022-01-26,US,Salem,pm25,71,23.0,100.0,51.0,2983.65
2022-01-26,US,Madison,pm25,47,23.0,53.0,38.0,730.18
2022-01-26,US,Nashville,pm25,95,5.0,50.0,28.0,894.15
2022-01-26,US,Tucson,pm25,129,5.0,57.0,21.0,1506.91
2022-01-26,US,Queens,pm25,96,7.0,50.0,33.0,733.26
2022-01-26,US,Tallahassee,pm25,57,26.0,76.0,41.0,1409.56
2022-01-26,US,Fort Worth,pm25,24,5.0,42.0,25.0,950.27
2022-01-26,RS,Novi Sad,pm25,48,79.0,116.0,92.0,1188.92
2022-01-26,RS,Niš,pm25,48,159.0,189.0,174.0,709.64
2022-01-26,RS,Belgrade,pm25,120,94.0,194.0,126.0,4204.71
2022-01-26,CY,Nicosia,pm25,24,23.0,97.0,52.0,2203.19
2022-01-26,CY,Limassol,pm25,24,16.0,70.0,42.0,2249.57
2022-01-26,HR,Zagreb,pm25,24,110.0,223.0,166.0,7612.1
2022-01-26,HR,Rijeka,pm25,72,24.0,154.0,53.0,5531.82
2022-01-26,MK,Skopje,pm25,168,41.0,175.0,128.0,13764.3
2022-01-27,GE,Tbilisi,pm25,96,59.0,171.0,109.0,10785.1
2022-01-27,HU,Győr,pm25,48,5.0,109.0,70.0,3790.19
2022-01-27,HU,Szeged,pm25,23,55.0,93.0,63.0,1136.64
2022-01-27,HU,Pécs,pm25,72,70.0,154.0,91.0,7893.73
2022-01-27,HU,Kecskemét,pm25,44,70.0,95.0,85.0,554.33
2022-01-27,HU,Miskolc,pm25,111,68.0,184.0,155.0,7799.06
2022-01-27,HU,Budapest,pm25,359,13.0,99.0,65.0,1872.94
2022-01-27,JP,Fukuoka,pm25,425,61.0,142.0,91.0,1618.29
2022-01-27,JP,Kanazawa,pm25,238,5.0,78.0,46.0,2428.03
2022-01-27,JP,Kumamoto,pm25,384,21.0,152.0,80.0,2995.34
2022-01-27,JP,Akita,pm25,47,13.0,95.0,55.0,4618.7
2022-01-27,JP,Kochi,pm25,48,34.0,65.0,55.0,480.41
2022-01-27,JP,Gifu-shi,pm25,132,13.0,85.0,42.0,2025.87
2022-01-27,JP,Kyoto,pm25,576,5.0,76.0,50.0,1095.55
2022-01-27,JP,Hiroshima,pm25,306,17.0,91.0,63.0,1321.44
2022-01-27,JP,Shizuoka,pm25,254,5.0,78.0,30.0,2715.93
2022-01-27,JP,Chiba,pm25,791,5.0,127.0,42.0,4756.5
2022-01-27,JP,Sapporo,pm25,210,5.0,72.0,30.0,2611.3
2022-01-27,JP,Yokohama,pm25,536,1.0,99.0,46.0,5462.71
2022-01-27,JP,Tokyo,pm25,2468,1.0,109.0,50.0,5760.21
2022-01-27,JP,Saitama,pm25,493,5.0,97.0,46.0,4548.78
2022-01-27,JP,Naha,pm25,137,5.0,55.0,38.0,1464.49
2022-01-27,JP,Nagasaki,pm25,164,21.0,156.0,78.0,2262.12
2022-01-27,JP,Toyama,pm25,161,5.0,95.0,50.0,3218.34
2022-01-27,JP,Niigata,pm25,162,5.0,80.0,50.0,5476.46
2022-01-27,JP,Nara-shi,pm25,188,9.0,78.0,53.0,1589.89
2022-01-27,JP,Okayama,pm25,288,25.0,114.0,72.0,1314.6
2022-01-27,JP,Sendai,pm25,437,5.0,63.0,38.0,1909.3
2022-01-27,JP,Osaka,pm25,809,5.0,99.0,50.0,1559.09
2022-01-27,JP,Miyazaki,pm25,139,5.0,147.0,57.0,4638.98
2022-01-27,JP,Matsuyama,pm25,151,13.0,104.0,63.0,2145.83
2022-01-27,JP,Wakayama,pm25,212,17.0,87.0,53.0,1961.77
2022-01-27,JP,Takamatsu,pm25,263,17.0,97.0,65.0,1506.21
2022-01-27,JP,Nagoya,pm25,776,5.0,99.0,38.0,1698.9
2022-01-27,JP,Ōita,pm25,264,21.0,104.0,72.0,1857.64
2022-01-27,JP,Kobe,pm25,427,9.0,80.0,50.0,1448.55
2022-01-27,JP,Nagano,pm25,96,13.0,74.0,46.0,3179.16
2022-01-27,JP,Utsunomiya,pm25,428,5.0,119.0,53.0,4550.49
2022-01-27,JP,Kagoshima,pm25,94,25.0,78.0,63.0,1233.1
2022-01-27,SK,Košice,pm25,96,142.0,177.0,161.0,475.42
2022-01-27,SK,Bratislava,pm25,96,34.0,89.0,57.0,1689.67
2022-01-27,ET,Addis Ababa,pm25,31,42.0,132.0,72.0,3444.56
2022-01-27,CH,Zürich,pm25,22,3.0,5.0,3.0,4.33
2022-01-27,CO,Bogotá,pm25,335,34.0,132.0,76.0,3137.73
2022-01-27,CO,Medellín,pm25,206,46.0,95.0,72.0,997.98
2022-01-27,DK,Copenhagen,pm25,24,11.0,43.0,22.0,793.91
2022-01-27,GB,Edinburgh,pm25,260,4.0,65.0,13.0,427.81
2022-01-27,GB,Norwich,pm25,24,34.0,70.0,50.0,1180.85
2022-01-27,GB,Liverpool,pm25,21,23.0,34.0,26.0,112.48
2022-01-27,GB,Belfast,pm25,101,9.0,56.0,25.0,752.78
2022-01-27,GB,Coventry,pm25,72,21.0,72.0,43.0,1717.09
2022-01-27,GB,Leeds,pm25,45,21.0,57.0,34.0,731.62
2022-01-27,GB,Cardiff,pm25,88,13.0,59.0,34.0,1818.2
2022-01-27,GB,Bristol,pm25,72,13.0,82.0,38.0,1967.86
2022-01-27,GB,London,pm25,421,1.0,68.0,34.0,1877.8
2022-01-27,GB,Birmingham,pm25,48,25.0,70.0,42.0,1502.39
2022-01-27,GB,Sheffield,pm25,89,17.0,50.0,30.0,492.15
2022-01-27,GB,Newport,pm25,46,5.0,55.0,17.0,1679.37
2022-01-27,GB,Leicester,pm25,24,30.0,63.0,46.0,1072.75
2022-01-27,GB,Manchester,pm25,82,7.0,55.0,30.0,1051.23
2022-01-27,GB,Reading,pm25,48,9.0,68.0,25.0,3221.59
2022-01-27,GB,Plymouth,pm25,23,30.0,70.0,55.0,1612.09
2022-01-27,GB,Glasgow,pm25,411,5.0,57.0,17.0,612.54
2022-01-27,GB,Preston,pm25,38,15.0,42.0,30.0,581.17
2022-01-27,GB,Swansea,pm25,102,5.0,59.0,30.0,1691.61
2022-01-27,GB,Southend-on-Sea,pm25,48,14.0,74.0,42.0,2459.72
2022-01-27,ID,Jakarta,pm25,70,42.0,171.0,68.0,5216.21
2022-01-27,NP,Kathmandu,pm25,53,71.0,186.0,152.0,6589.85
2022-01-27,NP,Pokhara,pm25,29,93.0,254.0,204.0,34357.9
2022-01-27,NP,Biratnagar,pm25,48,128.0,172.0,153.0,1189.34
2022-01-27,AU,Sydney,pm25,148,1.0,41.0,14.0,807.14
2022-01-27,AU,Newcastle,pm25,134,1.0,69.0,18.0,1794.73
2022-01-27,AU,Launceston,pm25,111,5.0,38.0,9.0,278.62
2022-01-27,AU,Hobart,pm25,34,5.0,17.0,9.0,69.02
2022-01-27,AU,Darwin,pm25,71,8.0,75.0,33.0,2038.28
2022-01-27,AU,Melbourne,pm25,165,2.0,75.0,31.0,2365.94
2022-01-27,AU,Canberra,pm25,55,5.0,80.0,25.0,2545.43
2022-01-27,AU,Adelaide,pm25,85,5.0,43.0,17.0,780.68
2022-01-27,AU,Brisbane,pm25,186,1.0,48.0,20.0,657.34
2022-01-27,AU,Perth,pm25,85,2.0,16.0,6.0,104.38
2022-01-27,AU,Wollongong,pm25,38,1.0,49.0,14.0,1133.57
2022-01-27,CI,Abidjan,pm25,24,122.0,165.0,139.0,1296.45
2022-01-27,GH,Accra,pm25,24,137.0,188.0,165.0,2849.55
2022-01-27,IQ,Baghdad,pm25,24,50.0,257.0,82.0,43442.6
2022-01-27,IS,Reykjavík,pm25,113,2.0,46.0,13.0,1064.72
2022-01-27,KG,Bishkek,pm25,24,9.0,191.0,42.0,33782.4
2022-01-27,NL,Utrecht,pm25,48,21.0,81.0,50.0,2633.76
2022-01-27,NL,Nijmegen,pm25,44,2.0,113.0,53.0,8425.64
2022-01-27,NL,Haarlem,pm25,142,3.0,100.0,45.0,3747.42
2022-01-27,NL,Eindhoven,pm25,22,5.0,93.0,58.0,5940.37
2022-01-27,NL,Rotterdam,pm25,192,8.0,75.0,43.0,2606.92
2022-01-27,NL,Amsterdam,pm25,262,4.0,73.0,39.0,2739.06
2022-01-27,NL,Dordrecht,pm25,24,30.0,82.0,50.0,2670.65
2022-01-27,NL,Breda,pm25,48,14.0,71.0,41.0,2869.77
2022-01-27,NL,Groningen,pm25,48,6.0,74.0,39.0,2751.06
2022-01-27,NL,Maastricht,pm25,82,17.0,102.0,61.0,3492.98
2022-01-27,NL,The Hague,pm25,72,9.0,73.0,40.0,2244.69
2022-01-27,PT,Lisbon,pm25,49,20.0,55.0,40.0,1038.33
2022-01-27,PT,Funchal,pm25,50,1.0,50.0,16.0,1677.55
2022-01-27,CA,Hamilton,pm25,87,17.0,63.0,42.0,1219.11
2022-01-27,CA,Calgary,pm25,89,3.0,58.0,13.0,1751.26
2022-01-27,CA,Winnipeg,pm25,24,8.0,19.0,10.0,75.36
2022-01-27,CA,Halifax,pm25,46,16.0,36.0,23.0,255.44
2022-01-27,CA,Kitchener,pm25,45,25.0,65.0,42.0,1021.89
2022-01-27,CA,Edmonton,pm25,127,7.0,70.0,24.0,3065.26
2022-01-27,CA,Mississauga,pm25,70,17.0,63.0,46.0,1277.26
2022-01-27,CA,Québec,pm25,188,14.0,142.0,54.0,7362.7
2022-01-27,CA,Vancouver,pm25,22,5.0,30.0,17.0,581.65
2022-01-27,CA,Victoria,pm25,46,25.0,95.0,42.0,2788.37
2022-01-27,CA,Montréal,pm25,377,27.0,142.0,47.0,4114.41
2022-01-27,CA,Toronto,pm25,142,17.0,72.0,46.0,2007.62
2022-01-27,CA,Ottawa,pm25,64,33.0,85.0,47.0,1457.29
2022-01-27,CA,London,pm25,48,21.0,65.0,50.0,1575.42
2022-01-27,US,Oklahoma City,pm25,96,24.0,96.0,55.0,1907.34
2022-01-27,US,Raleigh,pm25,66,9.0,91.0,37.0,2064.85
2022-01-27,US,Memphis,pm25,70,26.0,62.0,43.0,844.47
2022-01-27,US,Jackson,pm25,72,19.0,99.0,48.0,2902.69
2022-01-27,US,Boston,pm25,120,13.0,63.0,34.0,1002.97
2022-01-27,US,Richmond,pm25,96,52.0,68.0,59.0,178.07
2022-01-27,US,Portland,pm25,166,9.0,107.0,23.0,4163.21
2022-01-27,US,Boise,pm25,93,5.0,57.0,21.0,1127.69
2022-01-27,US,Austin,pm25,48,5.0,63.0,34.0,2037.45
2022-01-27,US,Honolulu,pm25,62,5.0,46.0,17.0,906.96
2022-01-27,US,Fresno,pm25,48,46.0,152.0,65.0,2631.24
2022-01-27,US,Milwaukee,pm25,140,16.0,84.0,30.0,1459.92
2022-01-27,US,Hartford,pm25,48,24.0,64.0,35.0,1265.81
2022-01-27,US,Washington D.C.,pm25,119,34.0,78.0,57.0,617.41
2022-01-27,US,Chicago,pm25,239,13.0,59.0,34.0,1002.32
2022-01-27,US,Houston,pm25,48,6.0,65.0,36.0,1450.85
2022-01-27,US,Indianapolis,pm25,133,22.0,88.0,53.0,1225.87
2022-01-27,US,Atlanta,pm25,23,39.0,57.0,54.0,412.41
2022-01-27,US,Charlotte,pm25,40,30.0,61.0,50.0,966.87
2022-01-27,US,Sacramento,pm25,48,30.0,112.0,61.0,3908.09
2022-01-27,US,Oakland,pm25,119,9.0,93.0,57.0,4941.74
2022-01-27,US,Providence,pm25,46,9.0,55.0,30.0,1785.29
2022-01-27,US,Staten Island,pm25,120,5.0,69.0,37.0,2069.78
2022-01-27,US,Brooklyn,pm25,144,4.0,184.0,33.0,6231.32
2022-01-27,US,Springfield,pm25,72,16.0,86.0,40.0,1646.62
2022-01-27,US,The Bronx,pm25,48,26.0,47.0,34.0,394.45
2022-01-27,US,San Jose,pm25,92,17.0,82.0,55.0,3232.44
2022-01-27,US,Los Angeles,pm25,72,10.0,87.0,52.0,4148.7
2022-01-27,US,Little Rock,pm25,24,24.0,79.0,38.0,2528.53
2022-01-27,US,Baltimore,pm25,48,38.0,85.0,64.0,1256.95
2022-01-27,US,Phoenix,pm25,190,4.0,152.0,39.0,4218.88
2022-01-27,US,Omaha,pm25,39,5.0,42.0,17.0,681.15
2022-01-27,US,El Paso,pm25,154,3.0,97.0,22.0,3048.0
2022-01-27,US,Dallas,pm25,24,24.0,46.0,33.0,416.94
2022-01-27,US,Seattle,pm25,262,12.0,102.0,53.0,3616.64
2022-01-27,US,Manhattan,pm25,72,3.0,55.0,36.0,1678.71
2022-01-27,US,Miami,pm25,91,14.0,37.0,24.0,285.46
2022-01-27,US,Jacksonville,pm25,144,20.0,62.0,51.0,783.26
2022-01-27,US,San Antonio,pm25,70,11.0,81.0,38.0,1746.71
2022-01-27,US,Philadelphia,pm25,94,18.0,112.0,54.0,2695.43
2022-01-27,US,San Diego,pm25,24,2.0,68.0,38.0,4439.55
2022-01-27,US,Columbus,pm25,48,26.0,93.0,55.0,2108.26
2022-01-27,US,Saint Paul,pm25,128,5.0,50.0,17.0,836.79
2022-01-27,US,Denver,pm25,158,9.0,76.0,25.0,2279.59
2022-01-27,US,Salt Lake City,pm25,215,10.0,80.0,33.0,2419.27
2022-01-27,US,Albuquerque,pm25,71,6.0,118.0,21.0,4629.39
2022-01-27,US,San Francisco,pm25,70,5.0,80.0,46.0,3031.78
2022-01-27,US,Salem,pm25,72,23.0,84.0,45.0,2563.14
2022-01-27,US,Madison,pm25,48,16.0,30.0,23.0,157.23
2022-01-27,US,Nashville,pm25,95,9.0,89.0,43.0,1698.44
2022-01-27,US,Tucson,pm25,144,5.0,61.0,21.0,1771.42
2022-01-27,US,Queens,pm25,96,15.0,51.0,30.0,627.79
2022-01-27,US,Tallahassee,pm25,72,25.0,80.0,52.0,1662.97
2022-01-27,US,Fort Worth,pm25,23,9.0,53.0,30.0,1060.75
2022-01-27,RS,Novi Sad,pm25,48,65.0,169.0,95.0,9769.79
2022-01-27,RS,Niš,pm25,48,107.0,239.0,154.0,7165.67
2022-01-27,RS,Belgrade,pm25,120,76.0,184.0,112.0,6174.48
2022-01-27,CY,Nicosia,pm25,24,28.0,114.0,46.0,5803.19
2022-01-27,CY,Limassol,pm25,24,4.0,75.0,41.0,3420.8
2022-01-27,HR,Zagreb,pm25,24,100.0,198.0,175.0,7708.62
2022-01-27,HR,Rijeka,pm25,74,36.0,151.0,71.0,4223.35
2022-01-27,MK,Skopje,pm25,168,37.0,777.0,114.0,69958.7
2022-01-28,GE,Tbilisi,pm25,96,22.0,115.0,36.0,3899.09
2022-01-28,HU,Győr,pm25,46,5.0,72.0,21.0,2943.64
2022-01-28,HU,Szeged,pm25,24,30.0,99.0,59.0,4513.32
2022-01-28,HU,Pécs,pm25,66,13.0,117.0,72.0,15064.3
2022-01-28,HU,Kecskemét,pm25,48,17.0,93.0,25.0,6584.4
2022-01-28,HU,Miskolc,pm25,103,13.0,168.0,53.0,24873.7
2022-01-28,HU,Budapest,pm25,313,9.0,63.0,25.0,2498.79
2022-01-28,JP,Fukuoka,pm25,425,9.0,152.0,87.0,10014.4
2022-01-28,JP,Kanazawa,pm25,246,5.0,74.0,42.0,1924.08
2022-01-28,JP,Kumamoto,pm25,373,9.0,158.0,91.0,5193.33
2022-01-28,JP,Akita,pm25,46,9.0,76.0,42.0,3777.74
2022-01-28,JP,Kochi,pm25,48,38.0,70.0,57.0,458.61
2022-01-28,JP,Gifu-shi,pm25,173,5.0,109.0,38.0,3658.47
2022-01-28,JP,Kyoto,pm25,570,5.0,104.0,53.0,3778.84
2022-01-28,JP,Hiroshima,pm25,315,5.0,99.0,61.0,1978.06
2022-01-28,JP,Shizuoka,pm25,252,5.0,68.0,38.0,1438.76
2022-01-28,JP,Chiba,pm25,744,5.0,132.0,50.0,3154.22
2022-01-28,JP,Sapporo,pm25,205,5.0,112.0,42.0,4423.19
2022-01-28,JP,Yokohama,pm25,535,1.0,85.0,46.0,2851.59
2022-01-28,JP,Tokyo,pm25,2465,1.0,91.0,46.0,2712.88
2022-01-28,JP,Saitama,pm25,471,5.0,89.0,42.0,3982.08
2022-01-28,JP,Naha,pm25,142,5.0,50.0,17.0,1863.75
2022-01-28,JP,Nagasaki,pm25,172,5.0,161.0,76.0,7747.31
2022-01-28,JP,Toyama,pm25,168,13.0,114.0,53.0,2103.47
2022-01-28,JP,Niigata,pm25,213,9.0,65.0,46.0,1231.77
2022-01-28,JP,Nara-shi,pm25,186,9.0,76.0,50.0,2037.29
2022-01-28,JP,Okayama,pm25,288,21.0,127.0,63.0,1881.35
2022-01-28,JP,Sendai,pm25,479,5.0,65.0,30.0,1557.85
2022-01-28,JP,Osaka,pm25,718,5.0,114.0,55.0,4359.43
2022-01-28,JP,Miyazaki,pm25,144,25.0,134.0,72.0,3077.19
2022-01-28,JP,Matsuyama,pm25,149,13.0,99.0,65.0,2414.12
2022-01-28,JP,Wakayama,pm25,202,21.0,89.0,53.0,1439.68
2022-01-28,JP,Takamatsu,pm25,262,13.0,87.0,59.0,1515.14
2022-01-28,JP,Nagoya,pm25,772,5.0,124.0,46.0,2568.71
2022-01-28,JP,Ōita,pm25,259,5.0,109.0,72.0,5903.0
2022-01-28,JP,Kobe,pm25,419,5.0,104.0,53.0,4158.7
2022-01-28,JP,Nagano,pm25,89,5.0,82.0,57.0,6267.26
2022-01-28,JP,Utsunomiya,pm25,417,5.0,72.0,46.0,3185.05
2022-01-28,JP,Kagoshima,pm25,75,61.0,102.0,78.0,899.46
2022-01-28,SK,Košice,pm25,96,13.0,159.0,117.0,27406.3
2022-01-28,SK,Bratislava,pm25,74,5.0,55.0,13.0,1675.2
2022-01-28,ET,Addis Ababa,pm25,48,55.0,175.0,80.0,7784.66
2022-01-28,CH,Zürich,pm25,24,1.0,4.0,2.0,6.94
2022-01-28,CO,Bogotá,pm25,329,13.0,153.0,65.0,4552.67
2022-01-28,CO,Medellín,pm25,205,50.0,102.0,72.0,1316.31
2022-01-28,DK,Copenhagen,pm25,24,16.0,55.0,36.0,955.2
2022-01-28,GB,Edinburgh,pm25,266,4.0,55.0,21.0,1852.9
2022-01-28,GB,Norwich,pm25,17,29.0,71.0,48.0,1428.68
2022-01-28,GB,Liverpool,pm25,18,17.0,27.0,24.0,106.44
2022-01-28,GB,Belfast,pm25,74,13.0,58.0,36.0,807.7
2022-01-28,GB,Coventry,pm25,69,21.0,54.0,38.0,537.93
2022-01-28,GB,Leeds,pm25,44,21.0,63.0,41.0,1010.33
2022-01-28,GB,Cardiff,pm25,96,9.0,57.0,34.0,1651.09
2022-01-28,GB,Bristol,pm25,65,9.0,80.0,50.0,2786.79
2022-01-28,GB,London,pm25,431,5.0,127.0,42.0,1990.98
2022-01-28,GB,Birmingham,pm25,44,21.0,62.0,34.0,1153.7
2022-01-28,GB,Sheffield,pm25,70,17.0,70.0,30.0,1425.69
2022-01-28,GB,Newport,pm25,45,9.0,66.0,28.0,2065.86
2022-01-28,GB,Leicester,pm25,23,38.0,56.0,46.0,268.97
2022-01-28,GB,Manchester,pm25,84,16.0,59.0,42.0,1189.74
2022-01-28,GB,Reading,pm25,48,13.0,57.0,38.0,1919.72
2022-01-28,GB,Plymouth,pm25,26,9.0,51.0,34.0,1031.14
2022-01-28,GB,Glasgow,pm25,429,5.0,53.0,26.0,1211.48
2022-01-28,GB,Preston,pm25,44,10.0,61.0,30.0,1457.25
2022-01-28,GB,Swansea,pm25,117,5.0,87.0,30.0,3883.73
2022-01-28,GB,Southend-on-Sea,pm25,48,21.0,54.0,42.0,610.64
2022-01-28,ID,Jakarta,pm25,71,34.0,139.0,76.0,4122.16
2022-01-28,NP,Kathmandu,pm25,73,53.0,177.0,137.0,10564.8
2022-01-28,NP,Pokhara,pm25,35,93.0,266.0,206.0,31038.7
2022-01-28,NP,Biratnagar,pm25,30,155.0,168.0,158.0,175.45
2022-01-28,AU,Sydney,pm25,148,1.0,57.0,15.0,1075.49
2022-01-28,AU,Newcastle,pm25,136,1.0,63.0,17.0,1193.94
2022-01-28,AU,Launceston,pm25,141,5.0,50.0,21.0,816.45
2022-01-28,AU,Hobart,pm25,56,5.0,34.0,13.0,661.34
2022-01-28,AU,Darwin,pm25,70,1.0,53.0,18.0,1608.42
2022-01-28,AU,Melbourne,pm25,150,1.0,71.0,26.0,1463.95
2022-01-28,AU,Canberra,pm25,64,4.0,82.0,40.0,2046.18
2022-01-28,AU,Adelaide,pm25,90,5.0,45.0,17.0,598.31
2022-01-28,AU,Brisbane,pm25,171,1.0,31.0,15.0,451.39
2022-01-28,AU,Perth,pm25,85,2.0,15.0,6.0,107.52
2022-01-28,AU,Wollongong,pm25,46,3.0,50.0,16.0,1180.29
2022-01-28,CI,Abidjan,pm25,24,104.0,164.0,122.0,2793.84
2022-01-28,GH,Accra,pm25,24,132.0,178.0,151.0,1203.03
2022-01-28,IQ,Baghdad,pm25,24,55.0,320.0,91.0,49806.9
2022-01-28,IS,Reykjavík,pm25,115,5.0,147.0,23.0,2483.64
2022-01-28,KG,Bishkek,pm25,24,9.0,197.0,78.0,30063.5
2022-01-28,NL,Utrecht,pm25,48,22.0,97.0,45.0,3726.06
2022-01-28,NL,Nijmegen,pm25,48,3.0,103.0,37.0,6591.7
2022-01-28,NL,Haarlem,pm25,144,7.0,85.0,36.0,1748.14
2022-01-28,NL,Eindhoven,pm25,24,27.0,91.0,57.0,3558.48
2022-01-28,NL,Rotterdam,pm25,192,14.0,93.0,39.0,2786.37
2022-01-28,NL,Amsterdam,pm25,262,2.0,169.0,30.0,3352.14
2022-01-28,NL,Dordrecht,pm25,20,23.0,105.0,47.0,7205.37
2022-01-28,NL,Breda,pm25,48,2.0,105.0,44.0,7314.11
2022-01-28,NL,Groningen,pm25,48,21.0,64.0,34.0,962.27
2022-01-28,NL,Maastricht,pm25,83,17.0,80.0,55.0,2251.93
2022-01-28,NL,The Hague,pm25,72,9.0,61.0,38.0,1885.32
2022-01-28,PT,Lisbon,pm25,32,25.0,56.0,40.0,677.65
2022-01-28,PT,Funchal,pm25,53,2.0,307.0,23.0,59920.6
2022-01-28,CA,Hamilton,pm25,76,13.0,65.0,30.0,1822.51
2022-01-28,CA,Calgary,pm25,88,3.0,48.0,12.0,1018.59
2022-01-28,CA,Winnipeg,pm25,24,9.0,23.0,19.0,216.45
2022-01-28,CA,Halifax,pm25,46,15.0,38.0,21.0,238.05
2022-01-28,CA,Kitchener,pm25,33,9.0,63.0,13.0,2328.18
2022-01-28,CA,Edmonton,pm25,138,10.0,79.0,37.0,2189.37
2022-01-28,CA,Mississauga,pm25,63,9.0,65.0,25.0,1317.0
2022-01-28,CA,Québec,pm25,179,20.0,142.0,42.0,6655.9
2022-01-28,CA,Vancouver,pm25,23,10.0,58.0,15.0,2984.94
2022-01-28,CA,Victoria,pm25,46,42.0,137.0,63.0,2832.99
2022-01-28,CA,Montréal,pm25,398,15.0,131.0,44.0,3636.65
2022-01-28,CA,Toronto,pm25,128,5.0,74.0,21.0,3099.31
2022-01-28,CA,Ottawa,pm25,64,16.0,53.0,27.0,725.39
2022-01-28,CA,London,pm25,36,5.0,74.0,17.0,2128.09
2022-01-28,US,Oklahoma City,pm25,96,7.0,81.0,26.0,2999.89
2022-01-28,US,Raleigh,pm25,68,5.0,118.0,53.0,2858.14
2022-01-28,US,Memphis,pm25,71,4.0,62.0,37.0,2672.25
2022-01-28,US,Jackson,pm25,72,3.0,75.0,28.0,3618.11
2022-01-28,US,Boston,pm25,131,21.0,85.0,63.0,2681.12
2022-01-28,US,Richmond,pm25,96,51.0,79.0,59.0,318.46
2022-01-28,US,Portland,pm25,167,9.0,76.0,33.0,1658.58
2022-01-28,US,Boise,pm25,91,13.0,85.0,42.0,2942.56
2022-01-28,US,Austin,pm25,35,9.0,53.0,21.0,1482.82
2022-01-28,US,Honolulu,pm25,63,5.0,50.0,17.0,1282.81
2022-01-28,US,Fresno,pm25,48,30.0,111.0,63.0,2396.86
2022-01-28,US,Milwaukee,pm25,135,15.0,90.0,33.0,2217.49
2022-01-28,US,Hartford,pm25,48,45.0,104.0,81.0,2311.38
2022-01-28,US,Washington D.C.,pm25,120,34.0,85.0,59.0,1088.29
2022-01-28,US,Chicago,pm25,238,6.0,70.0,25.0,1183.42
2022-01-28,US,Houston,pm25,48,8.0,61.0,37.0,1981.17
2022-01-28,US,Indianapolis,pm25,144,5.0,84.0,35.0,5410.28
2022-01-28,US,Atlanta,pm25,24,35.0,86.0,59.0,1853.32
2022-01-28,US,Charlotte,pm25,38,25.0,89.0,70.0,1265.61
2022-01-28,US,Sacramento,pm25,47,42.0,129.0,73.0,3435.06
2022-01-28,US,Oakland,pm25,120,17.0,127.0,59.0,2597.04
2022-01-28,US,Providence,pm25,47,13.0,89.0,57.0,4044.28
2022-01-28,US,Staten Island,pm25,104,37.0,92.0,58.0,1863.87
2022-01-28,US,Brooklyn,pm25,140,30.0,120.0,56.0,2552.13
2022-01-28,US,Springfield,pm25,69,2.0,46.0,22.0,700.29
2022-01-28,US,The Bronx,pm25,48,39.0,63.0,52.0,520.78
2022-01-28,US,San Jose,pm25,96,17.0,89.0,55.0,2829.05
2022-01-28,US,Los Angeles,pm25,71,2.0,91.0,43.0,6256.9
2022-01-28,US,Little Rock,pm25,24,14.0,56.0,22.0,1219.06
2022-01-28,US,Baltimore,pm25,48,34.0,121.0,76.0,4725.51
2022-01-28,US,Phoenix,pm25,165,2.0,154.0,13.0,5093.84
2022-01-28,US,Omaha,pm25,46,5.0,42.0,17.0,875.58
2022-01-28,US,El Paso,pm25,162,3.0,80.0,21.0,2543.16
2022-01-28,US,Dallas,pm25,23,3.0,38.0,23.0,1079.84
2022-01-28,US,Seattle,pm25,262,8.0,107.0,59.0,5213.93
2022-01-28,US,Manhattan,pm25,66,27.0,83.0,55.0,1521.47
2022-01-28,US,Miami,pm25,93,12.0,79.0,23.0,1192.91
2022-01-28,US,Jacksonville,pm25,140,20.0,64.0,43.0,998.55
2022-01-28,US,San Antonio,pm25,66,3.0,81.0,31.0,2798.12
2022-01-28,US,Philadelphia,pm25,88,35.0,130.0,66.0,4129.24
2022-01-28,US,San Diego,pm25,23,2.0,71.0,49.0,3825.89
2022-01-28,US,Columbus,pm25,48,17.0,76.0,36.0,3801.91
2022-01-28,US,Saint Paul,pm25,131,5.0,74.0,34.0,2110.07
2022-01-28,US,Denver,pm25,138,5.0,74.0,21.0,2396.33
2022-01-28,US,Salt Lake City,pm25,216,15.0,84.0,53.0,2609.63
2022-01-28,US,Albuquerque,pm25,72,8.0,75.0,19.0,2726.97
2022-01-28,US,San Francisco,pm25,71,25.0,112.0,57.0,2033.9
2022-01-28,US,Salem,pm25,71,31.0,122.0,52.0,3680.56
2022-01-28,US,Madison,pm25,48,18.0,57.0,33.0,1219.98
2022-01-28,US,Nashville,pm25,94,5.0,64.0,34.0,2636.51
2022-01-28,US,Tucson,pm25,155,5.0,63.0,21.0,1827.7
2022-01-28,US,Queens,pm25,96,33.0,72.0,55.0,1017.67
2022-01-28,US,Tallahassee,pm25,72,21.0,118.0,52.0,3829.0
2022-01-28,US,Fort Worth,pm25,16,9.0,63.0,42.0,3328.67
2022-01-28,RS,Novi Sad,pm25,48,35.0,169.0,74.0,12264.6
2022-01-28,RS,Niš,pm25,48,140.0,282.0,167.0,10611.1
2022-01-28,RS,Belgrade,pm25,120,42.0,197.0,119.0,17118.6
2022-01-28,CY,Nicosia,pm25,24,36.0,135.0,77.0,7437.32
2022-01-28,CY,Limassol,pm25,24,22.0,99.0,46.0,5075.87
2022-01-28,HR,Zagreb,pm25,24,16.0,177.0,139.0,29160.0
2022-01-28,HR,Rijeka,pm25,77,4.0,128.0,91.0,12354.7
2022-01-28,MK,Skopje,pm25,160,21.0,239.0,152.0,20949.6
2022-01-29,GE,Tbilisi,pm25,96,27.0,58.0,43.0,634.66
2022-01-29,HU,Győr,pm25,48,5.0,61.0,38.0,1573.93
2022-01-29,HU,Szeged,pm25,23,17.0,57.0,30.0,907.27
2022-01-29,HU,Pécs,pm25,63,13.0,68.0,38.0,2869.35
2022-01-29,HU,Kecskemét,pm25,46,13.0,61.0,38.0,1973.18
2022-01-29,HU,Miskolc,pm25,116,13.0,99.0,42.0,3357.39
2022-01-29,HU,Budapest,pm25,329,9.0,68.0,30.0,2149.66
2022-01-29,JP,Fukuoka,pm25,411,5.0,80.0,34.0,1825.04
2022-01-29,JP,Kanazawa,pm25,204,5.0,78.0,30.0,2634.89
2022-01-29,JP,Kumamoto,pm25,353,5.0,82.0,53.0,2486.13
2022-01-29,JP,Akita,pm25,38,9.0,76.0,38.0,2808.8
2022-01-29,JP,Kochi,pm25,48,21.0,63.0,46.0,1039.72
2022-01-29,JP,Gifu-shi,pm25,172,5.0,78.0,34.0,2696.64
2022-01-29,JP,Kyoto,pm25,574,5.0,102.0,42.0,2441.48
2022-01-29,JP,Hiroshima,pm25,324,5.0,72.0,42.0,2511.51
2022-01-29,JP,Shizuoka,pm25,237,5.0,74.0,21.0,1848.17
2022-01-29,JP,Chiba,pm25,763,5.0,97.0,30.0,3441.42
2022-01-29,JP,Sapporo,pm25,194,5.0,65.0,34.0,1860.71
2022-01-29,JP,Yokohama,pm25,515,1.0,95.0,25.0,3144.45
2022-01-29,JP,Tokyo,pm25,2499,1.0,91.0,30.0,3466.28
2022-01-29,JP,Saitama,pm25,497,5.0,93.0,34.0,3510.67
2022-01-29,JP,Naha,pm25,138,5.0,30.0,13.0,392.29
2022-01-29,JP,Nagasaki,pm25,166,5.0,59.0,25.0,1835.18
2022-01-29,JP,Toyama,pm25,161,5.0,78.0,30.0,2582.24
2022-01-29,JP,Niigata,pm25,207,5.0,61.0,21.0,1044.27
2022-01-29,JP,Nara-shi,pm25,184,5.0,70.0,46.0,1805.08
2022-01-29,JP,Okayama,pm25,282,17.0,85.0,53.0,789.03
2022-01-29,JP,Sendai,pm25,443,5.0,50.0,21.0,800.16
2022-01-29,JP,Osaka,pm25,664,5.0,95.0,50.0,2850.77
2022-01-29,JP,Miyazaki,pm25,144,5.0,109.0,57.0,3416.33
2022-01-29,JP,Matsuyama,pm25,161,5.0,78.0,50.0,2269.5
2022-01-29,JP,Wakayama,pm25,191,9.0,78.0,50.0,1212.97
2022-01-29,JP,Takamatsu,pm25,253,5.0,76.0,46.0,1201.24
2022-01-29,JP,Nagoya,pm25,783,5.0,165.0,38.0,1975.89
2022-01-29,JP,Ōita,pm25,248,5.0,68.0,30.0,1733.7
2022-01-29,JP,Kobe,pm25,416,5.0,82.0,53.0,2532.74
2022-01-29,JP,Nagano,pm25,84,5.0,42.0,17.0,839.43
2022-01-29,JP,Utsunomiya,pm25,413,5.0,104.0,30.0,2464.47
2022-01-29,SK,Košice,pm25,95,5.0,76.0,34.0,3415.53
2022-01-29,SK,Bratislava,pm25,92,5.0,42.0,17.0,1018.98
2022-01-29,FI,Vantaa,pm25,3,3.0,10.0,10.0,163.33
2022-01-29,FI,Turku,pm25,2,5.0,6.0,5.0,5.0
2022-01-29,FI,Helsinki,pm25,62,1.0,17.0,10.0,95.26
2022-01-29,FI,Tampere,pm25,44,1.0,12.0,5.0,89.11
2022-01-29,ET,Addis Ababa,pm25,28,38.0,158.0,61.0,6691.43
2022-01-29,CH,Zürich,pm25,24,2.0,5.0,3.0,4.28
2022-01-29,CO,Bogotá,pm25,329,3.0,151.0,59.0,4868.31
2022-01-29,CO,Medellín,pm25,240,53.0,120.0,72.0,2278.01
2022-01-29,DK,Copenhagen,pm25,24,4.0,51.0,17.0,1900.42
2022-01-29,GB,Edinburgh,pm25,269,2.0,55.0,21.0,1524.41
2022-01-29,GB,Norwich,pm25,23,21.0,48.0,34.0,613.4
2022-01-29,GB,Liverpool,pm25,22,9.0,65.0,17.0,2855.93
2022-01-29,GB,Belfast,pm25,64,10.0,59.0,28.0,1073.69
2022-01-29,GB,Coventry,pm25,67,5.0,45.0,29.0,694.59
2022-01-29,GB,Leeds,pm25,43,9.0,59.0,38.0,1193.51
2022-01-29,GB,Cardiff,pm25,92,5.0,87.0,30.0,5791.42
2022-01-29,GB,Bristol,pm25,72,5.0,72.0,30.0,2000.09
2022-01-29,GB,London,pm25,437,1.0,152.0,25.0,2614.48
2022-01-29,GB,Birmingham,pm25,39,4.0,48.0,31.0,1050.38
2022-01-29,GB,Sheffield,pm25,89,9.0,59.0,28.0,1155.31
2022-01-29,GB,Newport,pm25,46,4.0,47.0,13.0,1889.14
2022-01-29,GB,Leicester,pm25,23,21.0,45.0,34.0,378.46
2022-01-29,GB,Manchester,pm25,82,9.0,64.0,34.0,2924.25
2022-01-29,GB,Reading,pm25,33,5.0,55.0,17.0,2708.98
2022-01-29,GB,Plymouth,pm25,32,5.0,65.0,21.0,2257.89
2022-01-29,GB,Glasgow,pm25,456,5.0,76.0,27.0,2077.24
2022-01-29,GB,Preston,pm25,47,11.0,59.0,38.0,1539.85
2022-01-29,GB,Swansea,pm25,119,5.0,57.0,25.0,2003.44
2022-01-29,GB,Southend-on-Sea,pm25,46,4.0,44.0,25.0,1639.32
2022-01-29,ID,Jakarta,pm25,71,57.0,218.0,119.0,16398.4
2022-01-29,NP,Kathmandu,pm25,75,55.0,193.0,149.0,11327.2
2022-01-29,NP,Pokhara,pm25,33,93.0,258.0,209.0,28800.1
2022-01-29,NP,Biratnagar,pm25,22,137.0,158.0,151.0,320.69
2022-01-29,AU,Sydney,pm25,150,1.0,75.0,15.0,1526.65
2022-01-29,AU,Newcastle,pm25,129,1.0,55.0,18.0,1441.1
2022-01-29,AU,Launceston,pm25,100,5.0,46.0,9.0,909.6
2022-01-29,AU,Hobart,pm25,29,5.0,9.0,5.0,10.64
2022-01-29,AU,Darwin,pm25,55,4.0,40.0,21.0,890.15
2022-01-29,AU,Melbourne,pm25,154,1.0,43.0,19.0,690.09
2022-01-29,AU,Canberra,pm25,65,1.0,72.0,25.0,2501.54
2022-01-29,AU,Adelaide,pm25,86,3.0,34.0,13.0,443.18
2022-01-29,AU,Brisbane,pm25,175,1.0,55.0,21.0,984.12
2022-01-29,AU,Perth,pm25,90,2.0,13.0,6.0,69.4
2022-01-29,AU,Wollongong,pm25,42,1.0,96.0,18.0,2734.47
2022-01-29,CI,Abidjan,pm25,24,119.0,177.0,149.0,2878.84
2022-01-29,GH,Accra,pm25,24,147.0,171.0,157.0,345.14
2022-01-29,IQ,Baghdad,pm25,23,46.0,221.0,149.0,23225.3
2022-01-29,IS,Reykjavík,pm25,119,5.0,194.0,18.0,8268.84
2022-01-29,KG,Bishkek,pm25,24,59.0,203.0,122.0,19994.5
2022-01-29,NL,Utrecht,pm25,45,17.0,80.0,43.0,2550.68
2022-01-29,NL,Nijmegen,pm25,44,5.0,95.0,52.0,6876.08
2022-01-29,NL,Haarlem,pm25,144,10.0,77.0,43.0,1663.83
2022-01-29,NL,Eindhoven,pm25,24,19.0,87.0,39.0,3901.67
2022-01-29,NL,Rotterdam,pm25,189,12.0,70.0,35.0,1570.72
2022-01-29,NL,Amsterdam,pm25,262,4.0,73.0,33.0,1630.34
2022-01-29,NL,Dordrecht,pm25,24,22.0,88.0,42.0,2834.49
2022-01-29,NL,Breda,pm25,47,2.0,80.0,34.0,4883.96
2022-01-29,NL,Groningen,pm25,48,7.0,63.0,34.0,1844.57
2022-01-29,NL,Maastricht,pm25,90,5.0,68.0,30.0,2887.02
2022-01-29,NL,The Hague,pm25,68,7.0,64.0,31.0,1951.94
2022-01-29,PT,Funchal,pm25,4,99.0,261.0,110.0,59842.5
2022-01-29,CA,Hamilton,pm25,85,9.0,55.0,25.0,1359.4
2022-01-29,CA,Calgary,pm25,89,2.0,70.0,13.0,3157.29
2022-01-29,CA,Winnipeg,pm25,24,17.0,40.0,28.0,533.03
2022-01-29,CA,Halifax,pm25,46,2.0,26.0,16.0,552.28
2022-01-29,CA,Kitchener,pm25,45,9.0,53.0,21.0,1056.09
2022-01-29,CA,Edmonton,pm25,110,12.0,75.0,31.0,2814.73
2022-01-29,CA,Mississauga,pm25,60,17.0,74.0,34.0,1641.46
2022-01-29,CA,Québec,pm25,171,12.0,142.0,27.0,4298.96
2022-01-29,CA,Vancouver,pm25,23,18.0,30.0,23.0,79.96
2022-01-29,CA,Victoria,pm25,46,21.0,102.0,53.0,4004.26
2022-01-29,CA,Montréal,pm25,441,9.0,109.0,33.0,2115.03
2022-01-29,CA,Toronto,pm25,136,5.0,80.0,25.0,3081.59
2022-01-29,CA,Ottawa,pm25,64,17.0,35.0,29.0,283.11
2022-01-29,CA,London,pm25,45,9.0,38.0,21.0,556.62
2022-01-29,US,Oklahoma City,pm25,96,5.0,83.0,20.0,2344.61
2022-01-29,US,Raleigh,pm25,69,5.0,63.0,21.0,2761.92
2022-01-29,US,Memphis,pm25,70,6.0,48.0,24.0,499.55
2022-01-29,US,Jackson,pm25,68,3.0,117.0,24.0,5271.56
2022-01-29,US,Boston,pm25,132,5.0,70.0,30.0,1967.4
2022-01-29,US,Richmond,pm25,96,14.0,83.0,31.0,3670.25
2022-01-29,US,Portland,pm25,168,25.0,114.0,49.0,2987.36
2022-01-29,US,Boise,pm25,93,17.0,119.0,57.0,4574.05
2022-01-29,US,Austin,pm25,14,5.0,25.0,13.0,411.43
2022-01-29,US,Honolulu,pm25,65,5.0,50.0,17.0,813.93
2022-01-29,US,Fresno,pm25,31,52.0,137.0,80.0,6558.92
2022-01-29,US,Milwaukee,pm25,144,27.0,64.0,39.0,693.56
2022-01-29,US,Hartford,pm25,48,18.0,70.0,30.0,2593.97
2022-01-29,US,Washington D.C.,pm25,117,5.0,87.0,25.0,4149.24
2022-01-29,US,Chicago,pm25,239,21.0,61.0,39.0,809.69
2022-01-29,US,Houston,pm25,48,1.0,108.0,41.0,6443.15
2022-01-29,US,Indianapolis,pm25,132,5.0,84.0,49.0,1320.27
2022-01-29,US,Atlanta,pm25,23,20.0,41.0,28.0,327.71
2022-01-29,US,Charlotte,pm25,24,5.0,38.0,17.0,800.71
2022-01-29,US,Sacramento,pm25,48,17.0,154.0,61.0,9972.34
2022-01-29,US,Oakland,pm25,120,21.0,102.0,63.0,2385.91
2022-01-29,US,Providence,pm25,48,5.0,74.0,25.0,2666.59
2022-01-29,US,Staten Island,pm25,117,3.0,79.0,29.0,1933.44
2022-01-29,US,Brooklyn,pm25,143,2.0,80.0,30.0,2194.61
2022-01-29,US,Springfield,pm25,72,1.0,59.0,30.0,1082.66
2022-01-29,US,The Bronx,pm25,48,9.0,51.0,26.0,818.71
2022-01-29,US,San Jose,pm25,96,21.0,132.0,63.0,5267.51
2022-01-29,US,Los Angeles,pm25,72,10.0,104.0,43.0,2703.61
2022-01-29,US,Little Rock,pm25,24,13.0,63.0,23.0,2611.01
2022-01-29,US,Baltimore,pm25,48,9.0,78.0,21.0,1953.88
2022-01-29,US,Phoenix,pm25,160,1.0,88.0,21.0,4657.0
2022-01-29,US,Omaha,pm25,38,5.0,53.0,25.0,1334.57
2022-01-29,US,El Paso,pm25,156,4.0,68.0,25.0,2334.51
2022-01-29,US,Dallas,pm25,24,5.0,85.0,24.0,4443.03
2022-01-29,US,Seattle,pm25,261,9.0,126.0,42.0,3495.02
2022-01-29,US,Manhattan,pm25,72,5.0,63.0,33.0,1861.11
2022-01-29,US,Miami,pm25,94,17.0,69.0,27.0,1062.09
2022-01-29,US,Jacksonville,pm25,144,12.0,68.0,30.0,1195.01
2022-01-29,US,San Antonio,pm25,68,1.0,193.0,25.0,11317.3
2022-01-29,US,Philadelphia,pm25,92,3.0,90.0,23.0,4289.32
2022-01-29,US,San Diego,pm25,22,13.0,87.0,62.0,3236.47
2022-01-29,US,Columbus,pm25,48,20.0,78.0,40.0,1685.85
2022-01-29,US,Saint Paul,pm25,120,13.0,65.0,42.0,1120.55
2022-01-29,US,Denver,pm25,151,5.0,97.0,30.0,4959.2
2022-01-29,US,Salt Lake City,pm25,216,23.0,99.0,64.0,2696.49
2022-01-29,US,Albuquerque,pm25,72,8.0,105.0,25.0,5518.64
2022-01-29,US,San Francisco,pm25,72,17.0,87.0,53.0,2052.16
2022-01-29,US,Salem,pm25,72,46.0,123.0,77.0,3410.26
2022-01-29,US,Madison,pm25,48,23.0,54.0,33.0,538.09
2022-01-29,US,Nashville,pm25,92,5.0,57.0,22.0,1487.74
2022-01-29,US,Tucson,pm25,155,5.0,87.0,21.0,2951.61
2022-01-29,US,Queens,pm25,96,1.0,54.0,33.0,933.88
2022-01-29,US,Tallahassee,pm25,70,5.0,150.0,26.0,5766.55
2022-01-29,US,Fort Worth,pm25,18,9.0,53.0,25.0,1444.18
2022-01-29,RS,Novi Sad,pm25,48,24.0,157.0,39.0,7821.38
2022-01-29,RS,Niš,pm25,48,44.0,227.0,73.0,35553.2
2022-01-29,RS,Belgrade,pm25,120,16.0,164.0,47.0,14378.6
2022-01-29,CY,Nicosia,pm25,24,35.0,66.0,54.0,723.46
2022-01-29,CY,Limassol,pm25,24,21.0,154.0,50.0,19309.5
2022-01-29,HR,Zagreb,pm25,24,33.0,153.0,82.0,10872.9
2022-01-29,HR,Rijeka,pm25,75,4.0,105.0,15.0,6607.39
2022-01-29,MK,Skopje,pm25,168,14.0,218.0,68.0,18513.0
2022-01-30,GE,Tbilisi,pm25,96,51.0,93.0,58.0,925.88
2022-01-30,HU,Győr,pm25,46,5.0,65.0,25.0,1845.29
2022-01-30,HU,Szeged,pm25,24,42.0,161.0,57.0,21173.8
2022-01-30,HU,Pécs,pm25,69,13.0,70.0,21.0,2526.83
2022-01-30,HU,Kecskemét,pm25,48,13.0,99.0,55.0,3811.33
2022-01-30,HU,Miskolc,pm25,113,9.0,127.0,25.0,2960.36
2022-01-30,HU,Budapest,pm25,311,9.0,57.0,25.0,2137.68
2022-01-30,JP,Fukuoka,pm25,414,5.0,70.0,30.0,1390.25
2022-01-30,JP,Kanazawa,pm25,199,5.0,61.0,17.0,1618.73
2022-01-30,JP,Kumamoto,pm25,339,5.0,72.0,38.0,2045.32
2022-01-30,JP,Akita,pm25,35,5.0,70.0,34.0,3499.87
2022-01-30,JP,Kochi,pm25,45,9.0,50.0,25.0,1252.55
2022-01-30,JP,Gifu-shi,pm25,161,5.0,82.0,25.0,2407.64
2022-01-30,JP,Kyoto,pm25,520,5.0,55.0,25.0,1124.54
2022-01-30,JP,Hiroshima,pm25,280,5.0,65.0,25.0,1644.1
2022-01-30,JP,Shizuoka,pm25,235,5.0,61.0,21.0,1472.31
2022-01-30,JP,Chiba,pm25,755,5.0,112.0,38.0,4355.1
2022-01-30,JP,Sapporo,pm25,189,5.0,61.0,17.0,1019.68
2022-01-30,JP,Yokohama,pm25,483,1.0,72.0,17.0,3367.7
2022-01-30,JP,Tokyo,pm25,2379,1.0,76.0,21.0,3566.25
2022-01-30,JP,Saitama,pm25,468,5.0,85.0,21.0,4433.7
2022-01-30,JP,Naha,pm25,139,5.0,30.0,13.0,379.85
2022-01-30,JP,Nagasaki,pm25,156,5.0,97.0,25.0,2209.88
2022-01-30,JP,Toyama,pm25,152,5.0,61.0,21.0,1247.43
2022-01-30,JP,Niigata,pm25,198,5.0,38.0,21.0,574.95
2022-01-30,JP,Nara-shi,pm25,183,5.0,70.0,30.0,2143.89
2022-01-30,JP,Okayama,pm25,277,5.0,65.0,30.0,1204.78
2022-01-30,JP,Sendai,pm25,440,5.0,46.0,17.0,626.23
2022-01-30,JP,Osaka,pm25,653,5.0,61.0,25.0,1106.6
2022-01-30,JP,Miyazaki,pm25,133,5.0,153.0,46.0,4977.1
2022-01-30,JP,Matsuyama,pm25,150,5.0,72.0,30.0,1504.34
2022-01-30,JP,Wakayama,pm25,187,13.0,76.0,42.0,1850.89
2022-01-30,JP,Takamatsu,pm25,257,5.0,195.0,30.0,2825.08
2022-01-30,JP,Nagoya,pm25,726,5.0,72.0,25.0,1896.06
2022-01-30,JP,Ōita,pm25,232,5.0,53.0,21.0,1079.74
2022-01-30,JP,Kobe,pm25,417,5.0,74.0,25.0,1565.89
2022-01-30,JP,Nagano,pm25,82,5.0,38.0,17.0,681.18
2022-01-30,JP,Utsunomiya,pm25,412,5.0,104.0,30.0,2805.56
2022-01-30,SK,Košice,pm25,90,9.0,59.0,30.0,1877.93
2022-01-30,SK,Bratislava,pm25,75,5.0,57.0,21.0,1783.56
2022-01-30,FI,Vantaa,pm25,20,6.0,28.0,20.0,364.74
2022-01-30,FI,Turku,pm25,22,5.0,26.0,18.0,353.79
2022-01-30,FI,Helsinki,pm25,113,3.0,30.0,6.0,361.59
2022-01-30,FI,Tampere,pm25,92,2.0,23.0,5.0,351.88
2022-01-30,ET,Addis Ababa,pm25,24,30.0,139.0,55.0,5940.58
2022-01-30,CH,Zürich,pm25,23,1.0,3.0,1.0,5.34
2022-01-30,CO,Bogotá,pm25,335,9.0,107.0,53.0,3056.2
2022-01-30,CO,Medellín,pm25,250,42.0,102.0,65.0,1044.67
2022-01-30,DK,Copenhagen,pm25,24,28.0,54.0,42.0,426.94
2022-01-30,GB,Edinburgh,pm25,256,2.0,42.0,21.0,779.58
2022-01-30,GB,Norwich,pm25,23,29.0,48.0,34.0,249.49
2022-01-30,GB,Liverpool,pm25,19,30.0,42.0,38.0,135.61
2022-01-30,GB,Belfast,pm25,68,16.0,57.0,41.0,642.8
2022-01-30,GB,Coventry,pm25,72,27.0,44.0,33.0,122.86
2022-01-30,GB,Leeds,pm25,34,30.0,107.0,39.0,1723.07
2022-01-30,GB,Cardiff,pm25,96,13.0,76.0,34.0,1714.09
2022-01-30,GB,Bristol,pm25,71,13.0,65.0,38.0,2106.16
2022-01-30,GB,London,pm25,453,3.0,91.0,36.0,1633.97
2022-01-30,GB,Birmingham,pm25,43,33.0,56.0,38.0,218.49
2022-01-30,GB,Sheffield,pm25,77,25.0,54.0,34.0,220.92
2022-01-30,GB,Newport,pm25,44,9.0,38.0,27.0,640.69
2022-01-30,GB,Leicester,pm25,24,38.0,54.0,40.0,203.19
2022-01-30,GB,Manchester,pm25,82,23.0,56.0,46.0,506.18
2022-01-30,GB,Reading,pm25,48,13.0,42.0,25.0,528.08
2022-01-30,GB,Plymouth,pm25,35,9.0,63.0,38.0,2630.79
2022-01-30,GB,Glasgow,pm25,390,5.0,50.0,25.0,526.56
2022-01-30,GB,Preston,pm25,35,16.0,63.0,38.0,783.75
2022-01-30,GB,Swansea,pm25,119,5.0,91.0,30.0,3133.41
2022-01-30,GB,Southend-on-Sea,pm25,48,17.0,58.0,38.0,665.85
2022-01-30,ID,Jakarta,pm25,71,87.0,184.0,157.0,4122.44
2022-01-30,NP,Kathmandu,pm25,72,52.0,190.0,151.0,9747.89
2022-01-30,NP,Pokhara,pm25,34,68.0,252.0,213.0,41889.4
2022-01-30,NP,Biratnagar,pm25,38,120.0,174.0,165.0,2933.37
2022-01-30,AU,Sydney,pm25,147,1.0,59.0,15.0,920.87
2022-01-30,AU,Newcastle,pm25,137,1.0,43.0,19.0,641.97
2022-01-30,AU,Launceston,pm25,45,5.0,34.0,5.0,255.74
2022-01-30,AU,Hobart,pm25,24,5.0,9.0,5.0,6.67
2022-01-30,AU,Darwin,pm25,54,1.0,57.0,17.0,1633.36
2022-01-30,AU,Melbourne,pm25,154,1.0,57.0,23.0,1524.34
2022-01-30,AU,Canberra,pm25,61,1.0,64.0,16.0,2608.06
2022-01-30,AU,Adelaide,pm25,90,5.0,44.0,18.0,742.3
2022-01-30,AU,Brisbane,pm25,181,1.0,38.0,20.0,772.12
2022-01-30,AU,Perth,pm25,91,4.0,19.0,11.0,111.48
2022-01-30,AU,Wollongong,pm25,46,3.0,52.0,19.0,843.75
2022-01-30,CI,Abidjan,pm25,24,119.0,234.0,152.0,8009.49
2022-01-30,GH,Accra,pm25,24,157.0,356.0,221.0,53096.1
2022-01-30,IQ,Baghdad,pm25,24,70.0,275.0,166.0,41937.8
2022-01-30,IS,Reykjavík,pm25,117,5.0,91.0,24.0,1647.15
2022-01-30,KG,Bishkek,pm25,24,38.0,119.0,65.0,4890.42
2022-01-30,NL,Utrecht,pm25,48,17.0,65.0,49.0,1382.3
2022-01-30,NL,Nijmegen,pm25,46,5.0,71.0,51.0,2645.99
2022-01-30,NL,Haarlem,pm25,143,2.0,90.0,51.0,2336.79
2022-01-30,NL,Eindhoven,pm25,24,32.0,77.0,51.0,1284.06
2022-01-30,NL,Rotterdam,pm25,192,19.0,59.0,44.0,487.17
2022-01-30,NL,Amsterdam,pm25,264,10.0,114.0,45.0,1675.79
2022-01-30,NL,Dordrecht,pm25,24,30.0,56.0,41.0,608.97
2022-01-30,NL,Breda,pm25,48,6.0,59.0,38.0,1777.02
2022-01-30,NL,Groningen,pm25,48,21.0,65.0,46.0,1311.9
2022-01-30,NL,Maastricht,pm25,95,5.0,76.0,42.0,1290.18
2022-01-30,NL,The Hague,pm25,72,16.0,87.0,44.0,1558.4
2022-01-30,PT,Lisbon,pm25,19,20.0,50.0,27.0,698.07
2022-01-30,PT,Funchal,pm25,63,90.0,261.0,152.0,10228.2
2022-01-30,CA,Hamilton,pm25,93,17.0,82.0,42.0,2819.48
2022-01-30,CA,Calgary,pm25,82,1.0,66.0,7.0,3098.04
2022-01-30,CA,Winnipeg,pm25,24,16.0,28.0,18.0,151.29
2022-01-30,CA,Halifax,pm25,46,11.0,43.0,15.0,931.48
2022-01-30,CA,Kitchener,pm25,48,17.0,80.0,50.0,3224.66
2022-01-30,CA,Edmonton,pm25,114,4.0,65.0,24.0,1743.68
2022-01-30,CA,Mississauga,pm25,70,17.0,72.0,46.0,1852.57
2022-01-30,CA,Québec,pm25,154,9.0,111.0,18.0,3449.83
2022-01-30,CA,Vancouver,pm25,23,6.0,16.0,11.0,80.87
2022-01-30,CA,Victoria,pm25,45,5.0,72.0,42.0,2967.22
2022-01-30,CA,Montréal,pm25,437,9.0,76.0,24.0,1540.64
2022-01-30,CA,Toronto,pm25,143,13.0,85.0,46.0,3470.5
2022-01-30,CA,Ottawa,pm25,59,13.0,58.0,18.0,1750.85
2022-01-30,CA,London,pm25,48,30.0,97.0,59.0,1715.32
2022-01-30,US,Oklahoma City,pm25,95,8.0,119.0,23.0,3078.85
2022-01-30,US,Raleigh,pm25,71,5.0,50.0,17.0,1113.13
2022-01-30,US,Memphis,pm25,72,8.0,88.0,40.0,2526.1
2022-01-30,US,Jackson,pm25,70,1.0,71.0,26.0,3349.39
2022-01-30,US,Boston,pm25,115,5.0,82.0,21.0,2726.02
2022-01-30,US,Richmond,pm25,96,18.0,45.0,27.0,400.84
2022-01-30,US,Portland,pm25,168,6.0,114.0,45.0,5391.59
2022-01-30,US,Boise,pm25,96,13.0,142.0,53.0,11939.7
2022-01-30,US,Austin,pm25,20,5.0,57.0,17.0,2269.97
2022-01-30,US,Honolulu,pm25,58,5.0,50.0,13.0,1060.25
2022-01-30,US,Fresno,pm25,47,59.0,150.0,80.0,5982.17
2022-01-30,US,Milwaukee,pm25,144,33.0,101.0,60.0,1712.25
2022-01-30,US,Hartford,pm25,48,13.0,69.0,18.0,1581.91
2022-01-30,US,Washington D.C.,pm25,119,13.0,63.0,30.0,1366.68
2022-01-30,US,Chicago,pm25,239,27.0,83.0,58.0,1541.07
2022-01-30,US,Houston,pm25,47,5.0,54.0,27.0,1509.67
2022-01-30,US,Indianapolis,pm25,128,5.0,100.0,58.0,2287.87
2022-01-30,US,Atlanta,pm25,23,31.0,93.0,52.0,2631.66
2022-01-30,US,Charlotte,pm25,24,5.0,63.0,30.0,2614.49
2022-01-30,US,Sacramento,pm25,48,50.0,139.0,70.0,4334.47
2022-01-30,US,Oakland,pm25,120,17.0,82.0,55.0,1979.1
2022-01-30,US,Providence,pm25,37,5.0,30.0,13.0,425.25
2022-01-30,US,Staten Island,pm25,116,1.0,61.0,27.0,1772.93
2022-01-30,US,Brooklyn,pm25,139,3.0,60.0,33.0,1978.2
2022-01-30,US,Springfield,pm25,72,24.0,78.0,53.0,1290.32
2022-01-30,US,The Bronx,pm25,48,23.0,52.0,34.0,1107.64
2022-01-30,US,San Jose,pm25,96,17.0,124.0,55.0,3520.63
2022-01-30,US,Los Angeles,pm25,72,7.0,129.0,57.0,8356.57
2022-01-30,US,Detroit,pm25,120,55.0,112.0,77.0,1371.57
2022-01-30,US,Little Rock,pm25,23,17.0,111.0,53.0,5608.46
2022-01-30,US,Baltimore,pm25,48,5.0,76.0,33.0,2812.23
2022-01-30,US,Phoenix,pm25,166,1.0,104.0,24.0,4071.84
2022-01-30,US,Omaha,pm25,43,5.0,59.0,30.0,2174.46
2022-01-30,US,El Paso,pm25,168,1.0,81.0,25.0,2650.66
2022-01-30,US,Dallas,pm25,24,5.0,29.0,22.0,480.8
2022-01-30,US,Seattle,pm25,262,5.0,89.0,42.0,3885.77
2022-01-30,US,Manhattan,pm25,67,5.0,58.0,32.0,1695.12
2022-01-30,US,Miami,pm25,94,13.0,48.0,25.0,423.16
2022-01-30,US,Jacksonville,pm25,144,4.0,99.0,27.0,2262.89
2022-01-30,US,San Antonio,pm25,69,1.0,67.0,24.0,2544.92
2022-01-30,US,Philadelphia,pm25,90,1.0,81.0,29.0,3877.85
2022-01-30,US,San Diego,pm25,24,20.0,84.0,47.0,2423.75
2022-01-30,US,Columbus,pm25,48,26.0,152.0,61.0,4795.73
2022-01-30,US,Saint Paul,pm25,118,21.0,78.0,42.0,1627.34
2022-01-30,US,Denver,pm25,159,5.0,87.0,38.0,5197.04
2022-01-30,US,Salt Lake City,pm25,216,30.0,107.0,80.0,3001.94
2022-01-30,US,Albuquerque,pm25,72,9.0,120.0,35.0,4755.73
2022-01-30,US,San Francisco,pm25,72,17.0,74.0,42.0,1748.14
2022-01-30,US,Salem,pm25,72,6.0,139.0,30.0,15366.8
2022-01-30,US,Madison,pm25,48,50.0,65.0,55.0,123.4
2022-01-30,US,Nashville,pm25,94,5.0,74.0,39.0,1082.8
2022-01-30,US,Tucson,pm25,156,5.0,76.0,30.0,3089.59
2022-01-30,US,Queens,pm25,96,12.0,60.0,36.0,1469.25
2022-01-30,US,Tallahassee,pm25,65,5.0,204.0,28.0,14858.2
2022-01-30,US,Fort Worth,pm25,19,5.0,50.0,17.0,1603.98
2022-01-30,RS,Novi Sad,pm25,48,9.0,92.0,46.0,3004.36
2022-01-30,RS,Niš,pm25,48,108.0,199.0,164.0,5830.07
2022-01-30,RS,Belgrade,pm25,120,31.0,152.0,66.0,4215.43
2022-01-30,CY,Nicosia,pm25,24,7.0,82.0,59.0,4476.07
2022-01-30,CY,Limassol,pm25,24,16.0,122.0,50.0,9448.7
2022-01-30,HR,Zagreb,pm25,24,53.0,155.0,93.0,10520.0
2022-01-30,HR,Rijeka,pm25,78,10.0,159.0,46.0,20044.4
2022-01-30,MK,Skopje,pm25,168,44.0,196.0,101.0,19144.4
2022-01-31,GE,Tbilisi,pm25,96,58.0,115.0,71.0,2955.73
2022-01-31,HU,Győr,pm25,45,13.0,61.0,34.0,1335.25
2022-01-31,HU,Szeged,pm25,23,34.0,124.0,55.0,4009.49
2022-01-31,HU,Pécs,pm25,72,17.0,157.0,46.0,12528.0
2022-01-31,HU,Kecskemét,pm25,48,34.0,70.0,46.0,768.23
2022-01-31,HU,Miskolc,pm25,119,17.0,165.0,46.0,12077.6
2022-01-31,HU,Budapest,pm25,348,17.0,76.0,42.0,1102.84
2022-01-31,JP,Fukuoka,pm25,415,5.0,74.0,34.0,1928.09
2022-01-31,JP,Kanazawa,pm25,195,5.0,76.0,21.0,1613.57
2022-01-31,JP,Kumamoto,pm25,346,5.0,97.0,42.0,2344.41
2022-01-31,JP,Akita,pm25,39,5.0,72.0,30.0,3047.1
2022-01-31,JP,Kochi,pm25,44,5.0,50.0,17.0,1003.31
2022-01-31,JP,Gifu-shi,pm25,152,5.0,89.0,17.0,2278.95
2022-01-31,JP,Kyoto,pm25,515,5.0,61.0,25.0,1093.14
2022-01-31,JP,Hiroshima,pm25,261,5.0,78.0,21.0,1863.72
2022-01-31,JP,Shizuoka,pm25,221,5.0,74.0,17.0,1272.7
2022-01-31,JP,Chiba,pm25,610,5.0,95.0,17.0,1894.25
2022-01-31,JP,Sapporo,pm25,195,5.0,68.0,21.0,1982.68
2022-01-31,JP,Yokohama,pm25,466,1.0,78.0,17.0,1722.71
2022-01-31,JP,Tokyo,pm25,2333,1.0,134.0,17.0,873.54
2022-01-31,JP,Saitama,pm25,462,5.0,55.0,17.0,722.39
2022-01-31,JP,Naha,pm25,144,5.0,38.0,21.0,743.4
2022-01-31,JP,Nagasaki,pm25,163,5.0,68.0,25.0,2251.18
2022-01-31,JP,Toyama,pm25,151,5.0,57.0,21.0,1470.46
2022-01-31,JP,Niigata,pm25,200,5.0,46.0,17.0,756.61
2022-01-31,JP,Nara-shi,pm25,175,5.0,74.0,21.0,1020.82
2022-01-31,JP,Okayama,pm25,276,5.0,80.0,25.0,1413.17
2022-01-31,JP,Sendai,pm25,429,5.0,42.0,17.0,617.82
2022-01-31,JP,Osaka,pm25,592,5.0,72.0,21.0,1038.18
2022-01-31,JP,Miyazaki,pm25,124,5.0,72.0,38.0,2142.03
2022-01-31,JP,Matsuyama,pm25,131,5.0,63.0,21.0,1685.08
2022-01-31,JP,Wakayama,pm25,182,5.0,59.0,25.0,1539.8
2022-01-31,JP,Takamatsu,pm25,220,5.0,50.0,17.0,675.48
2022-01-31,JP,Nagoya,pm25,686,5.0,70.0,17.0,1242.77
2022-01-31,JP,Ōita,pm25,250,5.0,61.0,34.0,2145.11
2022-01-31,JP,Kobe,pm25,395,5.0,61.0,17.0,674.57
2022-01-31,JP,Nagano,pm25,82,5.0,46.0,13.0,907.91
2022-01-31,JP,Utsunomiya,pm25,388,5.0,59.0,25.0,1541.3
2022-01-31,JP,Kagoshima,pm25,56,9.0,61.0,34.0,907.97
2022-01-31,SK,Košice,pm25,96,9.0,164.0,53.0,11260.8
2022-01-31,SK,Bratislava,pm25,96,9.0,46.0,21.0,752.95
2022-01-31,FI,Vantaa,pm25,24,12.0,51.0,20.0,2273.46
2022-01-31,FI,Turku,pm25,24,11.0,28.0,17.0,165.43
2022-01-31,FI,Helsinki,pm25,119,5.0,48.0,18.0,1756.34
2022-01-31,FI,Tampere,pm25,96,5.0,27.0,15.0,225.75
2022-01-31,ET,Addis Ababa,pm25,23,25.0,112.0,65.0,4716.64
2022-01-31,CH,Zürich,pm25,16,1.0,2.0,1.0,0.62
2022-01-31,CO,Bogotá,pm25,336,12.0,177.0,59.0,5649.48
2022-01-31,CO,Medellín,pm25,202,42.0,89.0,61.0,867.27
2022-01-31,DK,Copenhagen,pm25,24,24.0,55.0,43.0,885.43
2022-01-31,GB,Edinburgh,pm25,272,2.0,57.0,15.0,745.36
2022-01-31,GB,Norwich,pm25,16,19.0,37.0,30.0,244.67
2022-01-31,GB,Liverpool,pm25,24,5.0,50.0,34.0,1137.66
2022-01-31,GB,Belfast,pm25,67,21.0,50.0,30.0,268.04
2022-01-31,GB,Coventry,pm25,66,11.0,34.0,26.0,192.69
2022-01-31,GB,Leeds,pm25,36,19.0,38.0,30.0,345.97
2022-01-31,GB,Cardiff,pm25,96,5.0,70.0,21.0,2253.19
2022-01-31,GB,Bristol,pm25,71,9.0,57.0,30.0,962.98
2022-01-31,GB,London,pm25,419,1.0,82.0,26.0,1929.76
2022-01-31,GB,Birmingham,pm25,35,15.0,51.0,30.0,634.57
2022-01-31,GB,Sheffield,pm25,79,9.0,46.0,25.0,232.72
2022-01-31,GB,Newport,pm25,35,12.0,61.0,21.0,643.5
2022-01-31,GB,Leicester,pm25,22,19.0,39.0,33.0,229.26
2022-01-31,GB,Manchester,pm25,76,25.0,53.0,35.0,405.48
2022-01-31,GB,Reading,pm25,47,5.0,38.0,21.0,502.54
2022-01-31,GB,Plymouth,pm25,35,9.0,56.0,32.0,1455.26
2022-01-31,GB,Glasgow,pm25,425,5.0,59.0,21.0,511.01
2022-01-31,GB,Preston,pm25,41,24.0,50.0,33.0,289.8
2022-01-31,GB,Swansea,pm25,83,5.0,57.0,25.0,740.24
2022-01-31,GB,Southend-on-Sea,pm25,40,10.0,40.0,25.0,662.03
2022-01-31,ID,Jakarta,pm25,69,25.0,182.0,67.0,26189.9
2022-01-31,NP,Kathmandu,pm25,74,48.0,203.0,152.0,16992.4
2022-01-31,NP,Pokhara,pm25,34,86.0,252.0,209.0,39140.7
2022-01-31,NP,Biratnagar,pm25,4,158.0,160.0,158.0,13.33
2022-01-31,AU,Sydney,pm25,150,1.0,57.0,14.0,944.41
2022-01-31,AU,Newcastle,pm25,127,1.0,60.0,17.0,1218.81
2022-01-31,AU,Launceston,pm25,94,5.0,17.0,5.0,81.56
2022-01-31,AU,Hobart,pm25,36,5.0,25.0,9.0,156.44
2022-01-31,AU,Darwin,pm25,71,7.0,61.0,26.0,1423.27
2022-01-31,AU,Melbourne,pm25,159,1.0,88.0,29.0,2572.93
2022-01-31,AU,Canberra,pm25,56,1.0,67.0,22.0,2417.08
2022-01-31,AU,Adelaide,pm25,94,5.0,53.0,21.0,1009.0
2022-01-31,AU,Brisbane,pm25,171,1.0,50.0,18.0,469.57
2022-01-31,AU,Perth,pm25,84,2.0,15.0,6.0,97.18
2022-01-31,AU,Wollongong,pm25,41,1.0,46.0,16.0,1516.49
2022-01-31,CI,Abidjan,pm25,24,147.0,173.0,163.0,701.96
2022-01-31,GH,Accra,pm25,24,247.0,337.0,267.0,7739.06
2022-01-31,IQ,Baghdad,pm25,24,42.0,181.0,99.0,18167.8
2022-01-31,IS,Reykjavík,pm25,115,1.0,67.0,20.0,2154.28
2022-01-31,KG,Bishkek,pm25,24,59.0,199.0,159.0,20308.6
2022-01-31,NL,Utrecht,pm25,47,22.0,84.0,43.0,1729.85
2022-01-31,NL,Nijmegen,pm25,47,8.0,56.0,29.0,1494.88
2022-01-31,NL,Haarlem,pm25,144,13.0,108.0,53.0,3384.92
2022-01-31,NL,Eindhoven,pm25,24,21.0,63.0,43.0,1333.84
2022-01-31,NL,Rotterdam,pm25,192,6.0,68.0,48.0,1595.0
2022-01-31,NL,Amsterdam,pm25,262,4.0,164.0,43.0,5264.22
2022-01-31,NL,Dordrecht,pm25,24,39.0,71.0,52.0,745.2
2022-01-31,NL,Breda,pm25,48,9.0,67.0,36.0,2739.04
2022-01-31,NL,Groningen,pm25,47,3.0,59.0,22.0,2351.35
2022-01-31,NL,Maastricht,pm25,93,5.0,55.0,30.0,1121.88
2022-01-31,NL,The Hague,pm25,72,3.0,71.0,50.0,2662.06
2022-01-31,PT,Lisbon,pm25,40,43.0,94.0,75.0,2002.04
2022-01-31,PT,Funchal,pm25,61,53.0,164.0,92.0,9695.76
2022-01-31,CA,Hamilton,pm25,95,42.0,97.0,76.0,2120.89
2022-01-31,CA,Calgary,pm25,91,2.0,51.0,16.0,1483.19
2022-01-31,CA,Winnipeg,pm25,24,25.0,53.0,35.0,731.88
2022-01-31,CA,Halifax,pm25,43,13.0,30.0,15.0,238.55
2022-01-31,CA,Kitchener,pm25,46,46.0,97.0,78.0,1876.18
2022-01-31,CA,Edmonton,pm25,135,1.0,53.0,16.0,1461.8
2022-01-31,CA,Mississauga,pm25,71,34.0,102.0,74.0,2595.53
2022-01-31,CA,Québec,pm25,182,16.0,130.0,31.0,3676.2
2022-01-31,CA,Vancouver,pm25,23,6.0,13.0,8.0,29.64
2022-01-31,CA,Victoria,pm25,42,5.0,42.0,13.0,1058.57
2022-01-31,CA,Montréal,pm25,413,21.0,93.0,52.0,2575.71
2022-01-31,CA,Toronto,pm25,143,25.0,109.0,72.0,3771.05
2022-01-31,CA,Ottawa,pm25,72,16.0,69.0,55.0,963.61
2022-01-31,CA,London,pm25,48,30.0,149.0,70.0,6165.85
2022-01-31,US,Oklahoma City,pm25,96,16.0,58.0,35.0,1189.57
2022-01-31,US,Raleigh,pm25,71,9.0,55.0,36.0,1369.41
2022-01-31,US,Memphis,pm25,71,22.0,73.0,52.0,1500.38
2022-01-31,US,Jackson,pm25,70,2.0,144.0,43.0,10128.0
2022-01-31,US,Boston,pm25,135,21.0,95.0,42.0,2219.23
2022-01-31,US,Richmond,pm25,78,20.0,57.0,35.0,1139.45
2022-01-31,US,Portland,pm25,167,5.0,57.0,11.0,1213.73
2022-01-31,US,Boise,pm25,95,9.0,91.0,50.0,4012.91
2022-01-31,US,Austin,pm25,29,5.0,42.0,17.0,1245.64
2022-01-31,US,Honolulu,pm25,66,5.0,46.0,13.0,661.39
2022-01-31,US,Fresno,pm25,48,61.0,138.0,80.0,2600.28
2022-01-31,US,Milwaukee,pm25,144,44.0,118.0,83.0,1914.16
2022-01-31,US,Hartford,pm25,48,30.0,91.0,66.0,2379.46
2022-01-31,US,Washington D.C.,pm25,119,29.0,72.0,52.0,1004.43
2022-01-31,US,Chicago,pm25,237,35.0,128.0,79.0,2019.23
2022-01-31,US,Houston,pm25,48,4.0,64.0,24.0,2007.97
2022-01-31,US,Indianapolis,pm25,133,58.0,151.0,92.0,3517.96
2022-01-31,US,Atlanta,pm25,23,25.0,119.0,54.0,13026.0
2022-01-31,US,Charlotte,pm25,24,38.0,93.0,63.0,1257.61
2022-01-31,US,Sacramento,pm25,48,13.0,99.0,62.0,4273.12
2022-01-31,US,Oakland,pm25,117,13.0,89.0,42.0,2195.97
2022-01-31,US,Providence,pm25,48,5.0,102.0,34.0,7202.13
2022-01-31,US,Staten Island,pm25,120,20.0,92.0,56.0,1339.46
2022-01-31,US,Brooklyn,pm25,144,10.0,100.0,44.0,1930.63
2022-01-31,US,Springfield,pm25,72,31.0,99.0,67.0,1964.5
2022-01-31,US,The Bronx,pm25,48,22.0,64.0,43.0,1048.07
2022-01-31,US,San Jose,pm25,94,30.0,104.0,57.0,1832.19
2022-01-31,US,Los Angeles,pm25,72,19.0,123.0,65.0,3281.02
2022-01-31,US,Detroit,pm25,143,57.0,168.0,97.0,7946.17
2022-01-31,US,Little Rock,pm25,24,15.0,113.0,61.0,5268.62
2022-01-31,US,Baltimore,pm25,47,34.0,89.0,64.0,2464.83
2022-01-31,US,Phoenix,pm25,177,4.0,96.0,42.0,3491.93
2022-01-31,US,Omaha,pm25,48,9.0,42.0,25.0,622.23
2022-01-31,US,El Paso,pm25,145,3.0,79.0,25.0,2587.34
2022-01-31,US,Dallas,pm25,24,4.0,36.0,18.0,859.84
2022-01-31,US,Seattle,pm25,241,3.0,109.0,17.0,1306.76
2022-01-31,US,Manhattan,pm25,72,20.0,68.0,45.0,1358.52
2022-01-31,US,Miami,pm25,93,10.0,42.0,22.0,768.02
2022-01-31,US,Jacksonville,pm25,141,3.0,77.0,33.0,1390.16
2022-01-31,US,San Antonio,pm25,66,2.0,74.0,23.0,2827.76
2022-01-31,US,Philadelphia,pm25,94,8.0,138.0,58.0,5735.17
2022-01-31,US,San Diego,pm25,24,28.0,68.0,48.0,1101.72
2022-01-31,US,Columbus,pm25,48,46.0,116.0,83.0,2561.26
2022-01-31,US,Saint Paul,pm25,133,42.0,124.0,63.0,846.63
2022-01-31,US,Denver,pm25,159,5.0,74.0,21.0,2037.69
2022-01-31,US,Salt Lake City,pm25,216,3.0,107.0,59.0,9046.34
2022-01-31,US,Albuquerque,pm25,72,4.0,125.0,23.0,9103.84
2022-01-31,US,San Francisco,pm25,72,5.0,112.0,30.0,2236.85
2022-01-31,US,Salem,pm25,72,6.0,40.0,10.0,353.17
2022-01-31,US,Madison,pm25,48,62.0,89.0,78.0,544.89
2022-01-31,US,Nashville,pm25,96,10.0,81.0,53.0,2135.36
2022-01-31,US,Tucson,pm25,156,5.0,74.0,25.0,2377.31
2022-01-31,US,Queens,pm25,96,24.0,66.0,50.0,1051.86
2022-01-31,US,Tallahassee,pm25,72,8.0,84.0,28.0,3418.75
2022-01-31,US,Fort Worth,pm25,20,5.0,53.0,17.0,2346.82
2022-01-31,RS,Novi Sad,pm25,48,21.0,90.0,54.0,4358.94
2022-01-31,RS,Niš,pm25,48,28.0,190.0,99.0,21574.0
2022-01-31,RS,Belgrade,pm25,120,20.0,137.0,55.0,5608.6
2022-01-31,CY,Nicosia,pm25,24,24.0,161.0,55.0,8001.14
2022-01-31,CY,Limassol,pm25,24,11.0,142.0,43.0,13375.2
2022-01-31,HR,Zagreb,pm25,24,103.0,163.0,150.0,3235.63
2022-01-31,HR,Rijeka,pm25,81,7.0,113.0,58.0,5081.28
2022-01-31,MK,Skopje,pm25,165,18.0,237.0,95.0,31402.9
2022-02-01,GE,Tbilisi,pm25,96,62.0,127.0,76.0,4292.05
2022-02-01,HU,Győr,pm25,46,9.0,74.0,46.0,2783.43
2022-02-01,HU,Szeged,pm25,24,30.0,68.0,57.0,757.32
2022-02-01,HU,Pécs,pm25,72,21.0,109.0,50.0,6429.56
2022-02-01,HU,Kecskemét,pm25,46,42.0,82.0,70.0,1321.31
2022-02-01,HU,Miskolc,pm25,119,42.0,165.0,93.0,10406.3
2022-02-01,HU,Budapest,pm25,349,30.0,80.0,53.0,1311.59
2022-02-01,JP,Fukuoka,pm25,424,5.0,122.0,65.0,5095.39
2022-02-01,JP,Kanazawa,pm25,221,5.0,61.0,21.0,2013.67
2022-02-01,JP,Kumamoto,pm25,368,5.0,127.0,59.0,5606.66
2022-02-01,JP,Akita,pm25,37,5.0,61.0,30.0,2570.03
2022-02-01,JP,Kochi,pm25,46,5.0,76.0,30.0,5012.6
2022-02-01,JP,Gifu-shi,pm25,165,5.0,152.0,34.0,4820.15
2022-02-01,JP,Kyoto,pm25,551,9.0,82.0,46.0,2385.1
2022-02-01,JP,Hiroshima,pm25,289,5.0,89.0,50.0,4529.98
2022-02-01,JP,Shizuoka,pm25,226,5.0,85.0,17.0,3109.62
2022-02-01,JP,Chiba,pm25,679,5.0,211.0,25.0,3524.03
2022-02-01,JP,Sapporo,pm25,212,5.0,127.0,30.0,4976.57
2022-02-01,JP,Yokohama,pm25,512,1.0,102.0,25.0,2645.21
2022-02-01,JP,Tokyo,pm25,2475,5.0,91.0,30.0,2277.76
2022-02-01,JP,Saitama,pm25,490,5.0,82.0,30.0,2615.29
2022-02-01,JP,Naha,pm25,143,5.0,42.0,30.0,813.04
2022-02-01,JP,Nagasaki,pm25,174,5.0,107.0,50.0,7004.83
2022-02-01,JP,Toyama,pm25,160,5.0,78.0,25.0,1920.63
2022-02-01,JP,Niigata,pm25,194,5.0,50.0,17.0,676.36
2022-02-01,JP,Nara-shi,pm25,178,5.0,85.0,34.0,2925.39
2022-02-01,JP,Okayama,pm25,285,5.0,85.0,53.0,2829.58
2022-02-01,JP,Sendai,pm25,424,5.0,57.0,21.0,1022.61
2022-02-01,JP,Osaka,pm25,601,5.0,76.0,46.0,2702.06
2022-02-01,JP,Miyazaki,pm25,137,5.0,119.0,50.0,5542.11
2022-02-01,JP,Matsuyama,pm25,151,5.0,97.0,57.0,6949.0
2022-02-01,JP,Wakayama,pm25,176,5.0,85.0,30.0,4120.45
2022-02-01,JP,Takamatsu,pm25,203,5.0,80.0,30.0,4244.4
2022-02-01,JP,Nagoya,pm25,739,5.0,78.0,34.0,1819.39
2022-02-01,JP,Ōita,pm25,257,5.0,102.0,53.0,5030.18
2022-02-01,JP,Kobe,pm25,423,5.0,74.0,42.0,2837.52
2022-02-01,JP,Nagano,pm25,84,5.0,59.0,21.0,1953.29
2022-02-01,JP,Utsunomiya,pm25,404,5.0,65.0,30.0,1596.21
2022-02-01,JP,Kagoshima,pm25,95,13.0,87.0,34.0,5159.08
2022-02-01,SK,Košice,pm25,96,38.0,174.0,74.0,3021.25
2022-02-01,SK,Bratislava,pm25,89,5.0,65.0,21.0,3025.09
2022-02-01,FI,Vantaa,pm25,24,29.0,63.0,40.0,852.59
2022-02-01,FI,Turku,pm25,24,7.0,35.0,14.0,565.2
2022-02-01,FI,Helsinki,pm25,120,24.0,66.0,37.0,1025.54
2022-02-01,FI,Tampere,pm25,81,1.0,52.0,18.0,944.0
2022-02-01,ET,Addis Ababa,pm25,24,34.0,117.0,53.0,2777.97
2022-02-01,CH,Zürich,pm25,12,1.0,1.0,1.0,0.0
2022-02-01,CO,Bogotá,pm25,334,17.0,155.0,78.0,5189.95
2022-02-01,CO,Medellín,pm25,241,50.0,89.0,69.0,601.67
2022-02-01,DK,Copenhagen,pm25,23,4.0,49.0,29.0,1063.4
2022-02-01,GB,Edinburgh,pm25,241,1.0,68.0,46.0,3845.82
2022-02-01,GB,Norwich,pm25,15,21.0,40.0,27.0,323.14
2022-02-01,GB,Liverpool,pm25,37,5.0,38.0,25.0,693.26
2022-02-01,GB,Belfast,pm25,86,2.0,34.0,21.0,612.21
2022-02-01,GB,Coventry,pm25,45,4.0,25.0,17.0,303.4
2022-02-01,GB,Leeds,pm25,39,13.0,59.0,34.0,1575.64
2022-02-01,GB,Cardiff,pm25,96,25.0,46.0,34.0,426.1
2022-02-01,GB,Bristol,pm25,69,5.0,53.0,25.0,1045.32
2022-02-01,GB,London,pm25,409,1.0,80.0,25.0,1250.03
2022-02-01,GB,Birmingham,pm25,27,9.0,34.0,21.0,345.07
2022-02-01,GB,Sheffield,pm25,77,17.0,46.0,25.0,451.93
2022-02-01,GB,Newport,pm25,32,5.0,30.0,11.0,478.22
2022-02-01,GB,Leicester,pm25,14,13.0,25.0,17.0,198.08
2022-02-01,GB,Manchester,pm25,73,14.0,41.0,26.0,351.98
2022-02-01,GB,Reading,pm25,48,9.0,34.0,17.0,377.86
2022-02-01,GB,Plymouth,pm25,36,5.0,38.0,17.0,1193.21
2022-02-01,GB,Glasgow,pm25,389,2.0,80.0,55.0,4837.46
2022-02-01,GB,Preston,pm25,41,18.0,44.0,30.0,498.28
2022-02-01,GB,Swansea,pm25,100,5.0,63.0,21.0,943.17
2022-02-01,GB,Southend-on-Sea,pm25,42,8.0,35.0,23.0,603.86
2022-02-01,ID,Jakarta,pm25,64,46.0,162.0,87.0,12167.3
2022-02-01,NP,Kathmandu,pm25,72,58.0,183.0,156.0,8674.13
2022-02-01,NP,Pokhara,pm25,32,104.0,252.0,210.0,25273.3
2022-02-01,AU,Sydney,pm25,149,1.0,88.0,32.0,4288.03
2022-02-01,AU,Newcastle,pm25,134,3.0,104.0,30.0,3539.56
2022-02-01,AU,Launceston,pm25,132,5.0,34.0,9.0,259.01
2022-02-01,AU,Hobart,pm25,32,5.0,21.0,9.0,275.97
2022-02-01,AU,Darwin,pm25,70,5.0,80.0,48.0,2632.57
2022-02-01,AU,Melbourne,pm25,164,1.0,75.0,32.0,2149.93
2022-02-01,AU,Canberra,pm25,51,2.0,80.0,20.0,3848.1
2022-02-01,AU,Adelaide,pm25,94,5.0,61.0,25.0,1556.45
2022-02-01,AU,Brisbane,pm25,171,2.0,59.0,23.0,1632.14
2022-02-01,AU,Perth,pm25,80,2.0,25.0,6.0,193.19
2022-02-01,AU,Wollongong,pm25,45,1.0,76.0,27.0,2708.1
2022-02-01,CI,Abidjan,pm25,24,152.0,169.0,162.0,271.52
2022-02-01,GH,Accra,pm25,24,173.0,283.0,216.0,13602.3
2022-02-01,IQ,Baghdad,pm25,24,42.0,127.0,68.0,5993.89
2022-02-01,IS,Reykjavík,pm25,94,3.0,51.0,12.0,579.66
2022-02-01,KG,Bishkek,pm25,24,176.0,248.0,186.0,5292.39
2022-02-01,NL,Utrecht,pm25,48,15.0,64.0,35.0,919.56
2022-02-01,NL,Nijmegen,pm25,46,5.0,74.0,34.0,2191.21
2022-02-01,NL,Haarlem,pm25,144,14.0,82.0,42.0,1983.32
2022-02-01,NL,Eindhoven,pm25,24,14.0,61.0,33.0,1502.16
2022-02-01,NL,Rotterdam,pm25,192,5.0,60.0,31.0,1022.73
2022-02-01,NL,Amsterdam,pm25,256,2.0,73.0,28.0,2160.17
2022-02-01,NL,Dordrecht,pm25,24,20.0,56.0,40.0,1107.37
2022-02-01,NL,Breda,pm25,48,1.0,56.0,28.0,1923.97
2022-02-01,NL,Groningen,pm25,48,1.0,54.0,23.0,1754.36
2022-02-01,NL,Maastricht,pm25,96,5.0,63.0,30.0,1300.21
2022-02-01,NL,The Hague,pm25,70,1.0,67.0,32.0,1744.8
2022-02-01,PT,Lisbon,pm25,42,23.0,71.0,43.0,2204.98
2022-02-01,PT,Funchal,pm25,59,50.0,115.0,83.0,4428.28
2022-02-01,CA,Hamilton,pm25,96,38.0,109.0,63.0,1307.28
2022-02-01,CA,Calgary,pm25,92,1.0,48.0,12.0,820.69
2022-02-01,CA,Winnipeg,pm25,23,16.0,59.0,19.0,1938.02
2022-02-01,CA,Halifax,pm25,35,14.0,35.0,23.0,362.52
2022-02-01,CA,Kitchener,pm25,45,42.0,80.0,65.0,724.68
2022-02-01,CA,Edmonton,pm25,131,2.0,42.0,15.0,351.98
2022-02-01,CA,Mississauga,pm25,72,13.0,89.0,63.0,2636.21
2022-02-01,CA,Québec,pm25,184,14.0,140.0,40.0,3076.98
2022-02-01,CA,Vancouver,pm25,23,6.0,16.0,8.0,73.91
2022-02-01,CA,Victoria,pm25,44,9.0,76.0,25.0,3027.42
2022-02-01,CA,Montréal,pm25,431,24.0,98.0,62.0,1984.69
2022-02-01,CA,Toronto,pm25,142,21.0,87.0,59.0,1976.8
2022-02-01,CA,Ottawa,pm25,71,50.0,82.0,64.0,716.98
2022-02-01,CA,London,pm25,45,38.0,80.0,53.0,839.31
2022-02-01,US,Oklahoma City,pm25,95,8.0,43.0,25.0,624.62
2022-02-01,US,Raleigh,pm25,68,13.0,74.0,34.0,1253.11
2022-02-01,US,Memphis,pm25,71,15.0,74.0,43.0,2827.54
2022-02-01,US,Jackson,pm25,72,3.0,72.0,27.0,3442.49
2022-02-01,US,Boston,pm25,131,17.0,91.0,50.0,2469.41
2022-02-01,US,Richmond,pm25,63,31.0,65.0,43.0,1123.94
2022-02-01,US,Portland,pm25,168,8.0,59.0,21.0,1395.11
2022-02-01,US,Boise,pm25,96,5.0,82.0,42.0,3585.15
2022-02-01,US,Austin,pm25,39,5.0,57.0,30.0,2638.74
2022-02-01,US,Honolulu,pm25,62,5.0,63.0,13.0,955.36
2022-02-01,US,Fresno,pm25,47,55.0,124.0,87.0,2592.28
2022-02-01,US,Milwaukee,pm25,144,37.0,103.0,70.0,2622.7
2022-02-01,US,Hartford,pm25,48,45.0,104.0,64.0,2663.4
2022-02-01,US,Washington D.C.,pm25,119,21.0,74.0,57.0,1354.43
2022-02-01,US,Chicago,pm25,239,14.0,99.0,66.0,2691.12
2022-02-01,US,Houston,pm25,48,1.0,77.0,30.0,3349.46
2022-02-01,US,Indianapolis,pm25,142,7.0,121.0,67.0,2514.7
2022-02-01,US,Atlanta,pm25,23,47.0,153.0,61.0,8537.71
2022-02-01,US,Charlotte,pm25,24,30.0,68.0,53.0,935.58
2022-02-01,US,Sacramento,pm25,57,2.0,46.0,13.0,798.26
2022-02-01,US,Oakland,pm25,105,5.0,76.0,21.0,2703.68
2022-02-01,US,Providence,pm25,47,21.0,112.0,46.0,4131.79
2022-02-01,US,Staten Island,pm25,120,3.0,91.0,55.0,1833.89
2022-02-01,US,Brooklyn,pm25,144,15.0,64.0,50.0,922.56
2022-02-01,US,Springfield,pm25,72,28.0,84.0,56.0,1958.4
2022-02-01,US,The Bronx,pm25,48,25.0,60.0,42.0,910.85
2022-02-01,US,San Jose,pm25,90,5.0,170.0,21.0,24528.6
2022-02-01,US,Los Angeles,pm25,72,28.0,89.0,63.0,1392.11
2022-02-01,US,Detroit,pm25,168,34.0,123.0,74.0,3035.24
2022-02-01,US,Little Rock,pm25,24,8.0,44.0,27.0,1234.33
2022-02-01,US,Baltimore,pm25,48,25.0,96.0,65.0,3073.4
2022-02-01,US,Phoenix,pm25,186,5.0,111.0,45.0,3467.51
2022-02-01,US,Omaha,pm25,41,5.0,42.0,21.0,1200.72
2022-02-01,US,El Paso,pm25,145,5.0,80.0,21.0,2255.6
2022-02-01,US,Dallas,pm25,22,5.0,21.0,13.0,214.65
2022-02-01,US,Seattle,pm25,261,4.0,78.0,21.0,1830.99
2022-02-01,US,Manhattan,pm25,72,18.0,75.0,51.0,1864.69
2022-02-01,US,Miami,pm25,94,10.0,35.0,17.0,148.74
2022-02-01,US,Jacksonville,pm25,142,18.0,91.0,53.0,1332.52
2022-02-01,US,San Antonio,pm25,66,1.0,55.0,20.0,1916.75
2022-02-01,US,Philadelphia,pm25,96,3.0,89.0,56.0,4022.66
2022-02-01,US,San Diego,pm25,24,31.0,77.0,55.0,1623.7
2022-02-01,US,Columbus,pm25,47,20.0,83.0,58.0,2872.38
2022-02-01,US,Saint Paul,pm25,126,5.0,74.0,38.0,1922.72
2022-02-01,US,Denver,pm25,137,5.0,42.0,13.0,230.86
2022-02-01,US,Salt Lake City,pm25,214,1.0,57.0,5.0,410.29
2022-02-01,US,Albuquerque,pm25,72,5.0,98.0,24.0,5167.04
2022-02-01,US,San Francisco,pm25,48,5.0,57.0,13.0,1794.82
2022-02-01,US,Salem,pm25,72,7.0,66.0,19.0,1893.52
2022-02-01,US,Madison,pm25,48,34.0,85.0,58.0,2341.26
2022-02-01,US,Nashville,pm25,94,5.0,97.0,53.0,1359.84
2022-02-01,US,Tucson,pm25,148,5.0,65.0,25.0,1746.18
2022-02-01,US,Queens,pm25,96,22.0,68.0,48.0,1170.46
2022-02-01,US,Tallahassee,pm25,69,4.0,153.0,54.0,12846.8
2022-02-01,US,Fort Worth,pm25,20,5.0,34.0,13.0,684.74
2022-02-01,RS,Novi Sad,pm25,48,61.0,101.0,81.0,942.51
2022-02-01,RS,Niš,pm25,48,57.0,165.0,74.0,7953.51
2022-02-01,RS,Belgrade,pm25,120,26.0,133.0,87.0,6220.07
2022-02-01,CY,Nicosia,pm25,24,26.0,161.0,66.0,17635.9
2022-02-01,CY,Limassol,pm25,24,6.0,132.0,35.0,11897.3
2022-02-01,HR,Zagreb,pm25,24,48.0,165.0,115.0,15220.3
2022-02-01,HR,Rijeka,pm25,74,5.0,79.0,18.0,2660.61
2022-02-01,MK,Skopje,pm25,168,17.0,209.0,97.0,21793.2
2022-02-02,GE,Tbilisi,pm25,96,67.0,146.0,81.0,3112.39
2022-02-02,HU,Győr,pm25,46,5.0,68.0,34.0,2729.97
2022-02-02,HU,Szeged,pm25,23,17.0,68.0,38.0,2537.11
2022-02-02,HU,Pécs,pm25,66,9.0,78.0,53.0,5174.01
2022-02-02,HU,Kecskemét,pm25,42,13.0,68.0,30.0,3628.9
2022-02-02,HU,Miskolc,pm25,119,13.0,155.0,55.0,11182.2
2022-02-02,HU,Budapest,pm25,310,9.0,57.0,25.0,1523.72
2022-02-02,JP,Fukuoka,pm25,428,21.0,151.0,85.0,4379.28
2022-02-02,JP,Kanazawa,pm25,245,5.0,72.0,34.0,2032.6
2022-02-02,JP,Kumamoto,pm25,381,13.0,139.0,80.0,6059.13
2022-02-02,JP,Akita,pm25,29,5.0,72.0,34.0,3804.36
2022-02-02,JP,Kochi,pm25,47,42.0,85.0,59.0,941.58
2022-02-02,JP,Gifu-shi,pm25,180,5.0,89.0,38.0,2191.0
2022-02-02,JP,Kyoto,pm25,551,5.0,97.0,57.0,2258.06
2022-02-02,JP,Hiroshima,pm25,335,13.0,124.0,74.0,3235.77
2022-02-02,JP,Shizuoka,pm25,250,5.0,68.0,30.0,1657.69
2022-02-02,JP,Chiba,pm25,724,5.0,80.0,34.0,2366.25
2022-02-02,JP,Sapporo,pm25,196,5.0,55.0,21.0,1185.99
2022-02-02,JP,Yokohama,pm25,520,1.0,78.0,38.0,2799.39
2022-02-02,JP,Tokyo,pm25,2487,1.0,87.0,42.0,2079.92
2022-02-02,JP,Saitama,pm25,488,5.0,87.0,38.0,2363.72
2022-02-02,JP,Naha,pm25,140,5.0,50.0,30.0,838.92
2022-02-02,JP,Nagasaki,pm25,190,38.0,134.0,80.0,3194.32
2022-02-02,JP,Toyama,pm25,163,5.0,70.0,34.0,2032.13
2022-02-02,JP,Niigata,pm25,203,5.0,61.0,30.0,1822.53
2022-02-02,JP,Nara-shi,pm25,189,17.0,87.0,59.0,2210.19
2022-02-02,JP,Okayama,pm25,288,34.0,109.0,74.0,1458.54
2022-02-02,JP,Sendai,pm25,439,5.0,59.0,21.0,754.47
2022-02-02,JP,Osaka,pm25,641,5.0,119.0,61.0,2640.38
2022-02-02,JP,Miyazaki,pm25,139,5.0,142.0,68.0,3932.55
2022-02-02,JP,Matsuyama,pm25,164,21.0,124.0,76.0,3386.23
2022-02-02,JP,Wakayama,pm25,159,21.0,97.0,61.0,2494.42
2022-02-02,JP,Takamatsu,pm25,118,30.0,89.0,63.0,758.12
2022-02-02,JP,Nagoya,pm25,745,5.0,70.0,38.0,1684.53
2022-02-02,JP,Ōita,pm25,263,13.0,129.0,74.0,3379.66
2022-02-02,JP,Kobe,pm25,416,17.0,93.0,68.0,2066.01
2022-02-02,JP,Nagano,pm25,92,5.0,55.0,30.0,1735.88
2022-02-02,JP,Utsunomiya,pm25,411,5.0,76.0,34.0,1580.16
2022-02-02,JP,Kagoshima,pm25,96,53.0,112.0,70.0,1726.53
2022-02-02,SK,Košice,pm25,87,5.0,127.0,50.0,5859.68
2022-02-02,SK,Bratislava,pm25,53,5.0,25.0,13.0,245.57
2022-02-02,FI,Vantaa,pm25,24,49.0,68.0,57.0,201.14
2022-02-02,FI,Turku,pm25,24,21.0,32.0,28.0,92.16
2022-02-02,FI,Helsinki,pm25,120,35.0,70.0,51.0,418.48
2022-02-02,FI,Tampere,pm25,96,20.0,56.0,32.0,644.56
2022-02-02,ET,Addis Ababa,pm25,24,34.0,165.0,50.0,12006.4
2022-02-02,CH,Zürich,pm25,17,1.0,2.0,1.0,1.54
2022-02-02,CO,Bogotá,pm25,330,23.0,154.0,72.0,3611.8
2022-02-02,CO,Medellín,pm25,234,50.0,89.0,70.0,574.15
2022-02-02,DK,Copenhagen,pm25,24,20.0,53.0,34.0,687.37
2022-02-02,GB,Edinburgh,pm25,241,1.0,42.0,9.0,614.9
2022-02-02,GB,Norwich,pm25,21,17.0,51.0,21.0,985.62
2022-02-02,GB,Liverpool,pm25,36,13.0,41.0,25.0,744.47
2022-02-02,GB,Belfast,pm25,88,4.0,62.0,21.0,1867.8
2022-02-02,GB,Coventry,pm25,65,4.0,45.0,9.0,1024.91
2022-02-02,GB,Leeds,pm25,30,17.0,55.0,34.0,1014.26
2022-02-02,GB,Cardiff,pm25,88,5.0,57.0,34.0,1317.97
2022-02-02,GB,Bristol,pm25,69,5.0,59.0,25.0,1198.1
2022-02-02,GB,London,pm25,416,5.0,82.0,25.0,2241.1
2022-02-02,GB,Birmingham,pm25,43,4.0,50.0,15.0,1357.25
2022-02-02,GB,Sheffield,pm25,66,5.0,62.0,25.0,2023.77
2022-02-02,GB,Newport,pm25,47,4.0,50.0,17.0,1677.82
2022-02-02,GB,Leicester,pm25,23,9.0,39.0,13.0,896.56
2022-02-02,GB,Manchester,pm25,81,13.0,57.0,30.0,1326.48
2022-02-02,GB,Reading,pm25,45,9.0,50.0,21.0,1051.55
2022-02-02,GB,Plymouth,pm25,38,5.0,34.0,21.0,869.42
2022-02-02,GB,Glasgow,pm25,414,2.0,55.0,9.0,624.79
2022-02-02,GB,Preston,pm25,45,7.0,57.0,35.0,1133.16
2022-02-02,GB,Swansea,pm25,110,5.0,57.0,25.0,1296.65
2022-02-02,GB,Southend-on-Sea,pm25,47,8.0,57.0,17.0,1849.5
2022-02-02,ID,Jakarta,pm25,71,21.0,184.0,57.0,7902.19
2022-02-02,NP,Kathmandu,pm25,70,70.0,199.0,159.0,8366.27
2022-02-02,NP,Pokhara,pm25,33,117.0,243.0,199.0,11876.3
2022-02-02,AU,Sydney,pm25,155,1.0,87.0,18.0,1590.15
2022-02-02,AU,Newcastle,pm25,127,1.0,52.0,19.0,1450.33
2022-02-02,AU,Launceston,pm25,50,5.0,17.0,5.0,71.84
2022-02-02,AU,Hobart,pm25,31,5.0,13.0,5.0,36.47
2022-02-02,AU,Darwin,pm25,60,1.0,56.0,20.0,1233.11
2022-02-02,AU,Melbourne,pm25,170,1.0,76.0,21.0,1348.9
2022-02-02,AU,Canberra,pm25,56,4.0,63.0,21.0,2188.1
2022-02-02,AU,Adelaide,pm25,93,2.0,50.0,21.0,951.36
2022-02-02,AU,Brisbane,pm25,176,2.0,63.0,25.0,1439.07
2022-02-02,AU,Perth,pm25,41,2.0,13.0,6.0,93.1
2022-02-02,AU,Wollongong,pm25,47,5.0,58.0,22.0,1789.5
2022-02-02,CI,Abidjan,pm25,24,149.0,173.0,159.0,336.5
2022-02-02,GH,Accra,pm25,24,158.0,197.0,178.0,1410.36
2022-02-02,IQ,Baghdad,pm25,24,80.0,212.0,97.0,15874.8
2022-02-02,IS,Reykjavík,pm25,94,1.0,27.0,11.0,309.73
2022-02-02,KG,Bishkek,pm25,24,156.0,503.0,239.0,99322.0
2022-02-02,NL,Utrecht,pm25,48,29.0,69.0,54.0,693.33
2022-02-02,NL,Nijmegen,pm25,46,8.0,83.0,52.0,2182.98
2022-02-02,NL,Haarlem,pm25,142,9.0,92.0,51.0,3537.37
2022-02-02,NL,Eindhoven,pm25,24,17.0,73.0,45.0,1758.24
2022-02-02,NL,Rotterdam,pm25,192,15.0,64.0,37.0,1476.65
2022-02-02,NL,Amsterdam,pm25,262,3.0,71.0,50.0,2184.89
2022-02-02,NL,Dordrecht,pm25,24,22.0,60.0,40.0,1619.93
2022-02-02,NL,Breda,pm25,48,9.0,57.0,31.0,1678.08
2022-02-02,NL,Groningen,pm25,48,1.0,56.0,32.0,2137.29
2022-02-02,NL,Maastricht,pm25,94,5.0,57.0,34.0,1176.27
2022-02-02,NL,The Hague,pm25,69,2.0,66.0,33.0,2788.97
2022-02-02,PT,Lisbon,pm25,38,31.0,58.0,49.0,535.63
2022-02-02,PT,Funchal,pm25,72,44.0,106.0,79.0,1149.01
2022-02-02,CA,Hamilton,pm25,88,13.0,68.0,50.0,1506.83
2022-02-02,CA,Calgary,pm25,92,8.0,92.0,30.0,3063.51
2022-02-02,CA,Winnipeg,pm25,24,16.0,26.0,20.0,86.09
2022-02-02,CA,Halifax,pm25,39,19.0,68.0,33.0,1369.39
2022-02-02,CA,Kitchener,pm25,46,5.0,61.0,46.0,2262.94
2022-02-02,CA,Edmonton,pm25,137,5.0,53.0,22.0,506.89
2022-02-02,CA,Mississauga,pm25,66,9.0,80.0,46.0,3663.48
2022-02-02,CA,Québec,pm25,177,14.0,126.0,40.0,4465.37
2022-02-02,CA,Vancouver,pm25,21,3.0,33.0,12.0,494.9
2022-02-02,CA,Victoria,pm25,46,9.0,112.0,25.0,3412.33
2022-02-02,CA,Montréal,pm25,394,18.0,89.0,35.0,2348.55
2022-02-02,CA,Toronto,pm25,138,5.0,80.0,42.0,3606.95
2022-02-02,CA,Ottawa,pm25,72,46.0,74.0,58.0,329.45
2022-02-02,CA,London,pm25,46,5.0,59.0,42.0,1966.49
2022-02-02,US,Oklahoma City,pm25,96,8.0,45.0,22.0,571.42
2022-02-02,US,Raleigh,pm25,71,17.0,77.0,38.0,1326.8
2022-02-02,US,Memphis,pm25,71,3.0,70.0,40.0,2011.69
2022-02-02,US,Jackson,pm25,72,4.0,55.0,23.0,1572.76
2022-02-02,US,Boston,pm25,132,17.0,99.0,55.0,2426.64
2022-02-02,US,Richmond,pm25,96,25.0,68.0,52.0,2184.91
2022-02-02,US,Portland,pm25,168,5.0,61.0,19.0,1157.23
2022-02-02,US,Boise,pm25,84,5.0,68.0,21.0,2505.34
2022-02-02,US,Austin,pm25,39,5.0,68.0,38.0,4569.23
2022-02-02,US,Honolulu,pm25,58,5.0,59.0,17.0,1035.85
2022-02-02,US,Fresno,pm25,47,64.0,135.0,95.0,2758.2
2022-02-02,US,Milwaukee,pm25,144,19.0,64.0,37.0,1295.61
2022-02-02,US,Hartford,pm25,48,42.0,77.0,59.0,782.73
2022-02-02,US,Washington D.C.,pm25,118,13.0,72.0,55.0,2391.95
2022-02-02,US,Chicago,pm25,239,7.0,61.0,33.0,1792.14
2022-02-02,US,Houston,pm25,47,10.0,82.0,39.0,3285.64
2022-02-02,US,Indianapolis,pm25,138,11.0,121.0,48.0,5322.95
2022-02-02,US,Atlanta,pm25,24,53.0,75.0,63.0,391.23
2022-02-02,US,Charlotte,pm25,24,46.0,78.0,59.0,520.85
2022-02-02,US,Sacramento,pm25,64,2.0,42.0,9.0,794.94
2022-02-02,US,Oakland,pm25,94,5.0,119.0,13.0,2180.48
2022-02-02,US,Providence,pm25,48,30.0,80.0,55.0,1790.2
2022-02-02,US,Staten Island,pm25,106,17.0,90.0,57.0,2730.95
2022-02-02,US,Brooklyn,pm25,116,2.0,88.0,46.0,1749.07
2022-02-02,US,Springfield,pm25,72,7.0,54.0,31.0,1196.87
2022-02-02,US,The Bronx,pm25,34,29.0,54.0,48.0,604.56
2022-02-02,US,San Jose,pm25,82,5.0,50.0,13.0,840.25
2022-02-02,US,Los Angeles,pm25,71,3.0,125.0,56.0,8862.17
2022-02-02,US,Detroit,pm25,166,1.0,154.0,62.0,10915.3
2022-02-02,US,Little Rock,pm25,22,8.0,60.0,19.0,1575.93
2022-02-02,US,Baltimore,pm25,48,25.0,75.0,54.0,1468.79
2022-02-02,US,Phoenix,pm25,175,2.0,93.0,21.0,4234.05
2022-02-02,US,Omaha,pm25,45,5.0,30.0,17.0,535.91
2022-02-02,US,El Paso,pm25,149,5.0,70.0,21.0,2240.14
2022-02-02,US,Dallas,pm25,24,5.0,29.0,18.0,377.37
2022-02-02,US,Seattle,pm25,259,5.0,55.0,25.0,1463.67
2022-02-02,US,Manhattan,pm25,65,8.0,75.0,55.0,1355.72
2022-02-02,US,Miami,pm25,93,14.0,29.0,20.0,142.47
2022-02-02,US,Jacksonville,pm25,139,6.0,66.0,34.0,1380.08
2022-02-02,US,San Antonio,pm25,67,2.0,113.0,25.0,5090.91
2022-02-02,US,Philadelphia,pm25,96,7.0,114.0,67.0,5825.25
2022-02-02,US,San Diego,pm25,24,3.0,71.0,45.0,2848.7
2022-02-02,US,Columbus,pm25,48,22.0,85.0,52.0,2497.09
2022-02-02,US,Saint Paul,pm25,129,5.0,46.0,30.0,1100.75
2022-02-02,US,Denver,pm25,133,5.0,50.0,17.0,545.55
2022-02-02,US,Salt Lake City,pm25,214,2.0,51.0,9.0,744.36
2022-02-02,US,Albuquerque,pm25,72,6.0,41.0,18.0,541.13
2022-02-02,US,San Francisco,pm25,55,5.0,63.0,13.0,960.73
2022-02-02,US,Salem,pm25,72,7.0,18.0,11.0,55.02
2022-02-02,US,Madison,pm25,48,23.0,43.0,29.0,296.86
2022-02-02,US,Nashville,pm25,96,16.0,96.0,52.0,2914.31
2022-02-02,US,Tucson,pm25,156,5.0,78.0,25.0,2113.21
2022-02-02,US,Queens,pm25,89,5.0,62.0,45.0,1590.25
2022-02-02,US,Tallahassee,pm25,72,12.0,86.0,39.0,2319.37
2022-02-02,US,Fort Worth,pm25,20,5.0,46.0,17.0,1170.82
2022-02-02,RS,Novi Sad,pm25,48,30.0,91.0,55.0,2325.25
2022-02-02,RS,Niš,pm25,48,64.0,171.0,96.0,9723.93
2022-02-02,RS,Belgrade,pm25,120,16.0,154.0,85.0,8277.3
2022-02-02,CY,Nicosia,pm25,24,44.0,147.0,60.0,5814.49
2022-02-02,CY,Limassol,pm25,24,18.0,100.0,41.0,5442.59
2022-02-02,HR,Zagreb,pm25,24,34.0,133.0,77.0,7950.27
2022-02-02,HR,Rijeka,pm25,79,5.0,110.0,32.0,3541.01
2022-02-02,MK,Skopje,pm25,168,18.0,157.0,75.0,11776.9
2022-02-03,GE,Tbilisi,pm25,96,73.0,154.0,92.0,8563.01
2022-02-03,HU,Győr,pm25,47,9.0,70.0,34.0,2030.64
2022-02-03,HU,Szeged,pm25,19,21.0,72.0,30.0,2862.11
2022-02-03,HU,Pécs,pm25,72,9.0,157.0,30.0,21909.3
2022-02-03,HU,Kecskemét,pm25,48,13.0,61.0,21.0,1937.8
2022-02-03,HU,Miskolc,pm25,119,13.0,167.0,65.0,19021.9
2022-02-03,HU,Budapest,pm25,336,5.0,129.0,21.0,8265.67
2022-02-03,JP,Fukuoka,pm25,422,5.0,114.0,42.0,6492.27
2022-02-03,JP,Kanazawa,pm25,231,5.0,65.0,25.0,2085.84
2022-02-03,JP,Kumamoto,pm25,373,9.0,144.0,61.0,9246.94
2022-02-03,JP,Akita,pm25,27,13.0,68.0,46.0,1967.69
2022-02-03,JP,Kochi,pm25,47,21.0,82.0,50.0,3759.49
2022-02-03,JP,Gifu-shi,pm25,159,5.0,114.0,42.0,4287.31
2022-02-03,JP,Kyoto,pm25,552,9.0,102.0,57.0,5095.83
2022-02-03,JP,Hiroshima,pm25,312,5.0,114.0,50.0,9699.82
2022-02-03,JP,Shizuoka,pm25,241,5.0,87.0,30.0,3381.08
2022-02-03,JP,Chiba,pm25,752,5.0,151.0,55.0,4264.44
2022-02-03,JP,Sapporo,pm25,214,5.0,74.0,34.0,1582.27
2022-02-03,JP,Yokohama,pm25,507,1.0,137.0,50.0,4455.6
2022-02-03,JP,Tokyo,pm25,2450,1.0,124.0,57.0,3009.74
2022-02-03,JP,Saitama,pm25,474,5.0,91.0,50.0,3754.66
2022-02-03,JP,Naha,pm25,118,5.0,34.0,13.0,640.8
2022-02-03,JP,Nagasaki,pm25,173,5.0,114.0,30.0,3584.1
2022-02-03,JP,Toyama,pm25,158,5.0,70.0,30.0,1967.66
2022-02-03,JP,Niigata,pm25,204,5.0,50.0,21.0,736.12
2022-02-03,JP,Nara-shi,pm25,186,5.0,97.0,57.0,4424.7
2022-02-03,JP,Okayama,pm25,285,5.0,152.0,46.0,8861.37
2022-02-03,JP,Sendai,pm25,450,5.0,59.0,21.0,1214.8
2022-02-03,JP,Osaka,pm25,655,5.0,132.0,55.0,5531.44
2022-02-03,JP,Miyazaki,pm25,137,5.0,132.0,50.0,5854.54
2022-02-03,JP,Matsuyama,pm25,159,5.0,114.0,46.0,6842.8
2022-02-03,JP,Wakayama,pm25,159,21.0,95.0,59.0,4282.59
2022-02-03,JP,Takamatsu,pm25,124,5.0,109.0,30.0,5030.88
2022-02-03,JP,Nagoya,pm25,727,5.0,109.0,50.0,5229.75
2022-02-03,JP,Ōita,pm25,258,5.0,122.0,38.0,7361.9
2022-02-03,JP,Kobe,pm25,425,5.0,109.0,57.0,6007.91
2022-02-03,JP,Nagano,pm25,91,5.0,76.0,38.0,4020.5
2022-02-03,JP,Utsunomiya,pm25,404,5.0,82.0,42.0,3290.2
2022-02-03,JP,Kagoshima,pm25,96,17.0,102.0,50.0,5123.94
2022-02-03,SK,Košice,pm25,95,9.0,149.0,30.0,6064.56
2022-02-03,SK,Bratislava,pm25,86,5.0,72.0,17.0,2406.09
2022-02-03,FI,Vantaa,pm25,24,42.0,71.0,62.0,604.77
2022-02-03,FI,Turku,pm25,23,22.0,89.0,28.0,2083.91
2022-02-03,FI,Helsinki,pm25,119,36.0,74.0,55.0,299.96
2022-02-03,FI,Tampere,pm25,94,30.0,67.0,44.0,992.93
2022-02-03,ET,Addis Ababa,pm25,24,25.0,160.0,61.0,12908.6
2022-02-03,CH,Zürich,pm25,21,1.0,6.0,2.0,19.48
2022-02-03,CO,Bogotá,pm25,332,21.0,161.0,80.0,11410.8
2022-02-03,CO,Medellín,pm25,284,57.0,114.0,78.0,982.47
2022-02-03,DK,Copenhagen,pm25,24,18.0,51.0,32.0,971.14
2022-02-03,GB,Edinburgh,pm25,247,2.0,42.0,13.0,747.21
2022-02-03,GB,Norwich,pm25,16,25.0,51.0,30.0,472.0
2022-02-03,GB,Liverpool,pm25,29,13.0,31.0,19.0,256.67
2022-02-03,GB,Belfast,pm25,58,8.0,51.0,25.0,1000.84
2022-02-03,GB,Coventry,pm25,37,17.0,42.0,21.0,595.33
2022-02-03,GB,Leeds,pm25,31,21.0,53.0,42.0,544.62
2022-02-03,GB,Cardiff,pm25,92,5.0,34.0,21.0,714.38
2022-02-03,GB,Bristol,pm25,67,5.0,38.0,21.0,977.32
2022-02-03,GB,London,pm25,437,2.0,74.0,25.0,1483.11
2022-02-03,GB,Birmingham,pm25,33,17.0,35.0,24.0,196.33
2022-02-03,GB,Sheffield,pm25,63,17.0,46.0,25.0,553.32
2022-02-03,GB,Newport,pm25,42,7.0,21.0,13.0,125.34
2022-02-03,GB,Leicester,pm25,21,19.0,39.0,22.0,337.9
2022-02-03,GB,Manchester,pm25,78,15.0,43.0,24.0,543.37
2022-02-03,GB,Reading,pm25,45,9.0,42.0,17.0,630.0
2022-02-03,GB,Plymouth,pm25,24,5.0,30.0,17.0,449.55
2022-02-03,GB,Glasgow,pm25,453,5.0,55.0,17.0,596.11
2022-02-03,GB,Preston,pm25,39,13.0,36.0,24.0,440.81
2022-02-03,GB,Swansea,pm25,112,5.0,57.0,25.0,1396.25
2022-02-03,GB,Southend-on-Sea,pm25,35,8.0,55.0,29.0,1050.22
2022-02-03,ID,Jakarta,pm25,71,42.0,169.0,65.0,14709.1
2022-02-03,NP,Kathmandu,pm25,72,81.0,203.0,170.0,10437.9
2022-02-03,NP,Pokhara,pm25,33,152.0,219.0,197.0,4909.05
2022-02-03,AU,Sydney,pm25,160,1.0,60.0,19.0,1060.03
2022-02-03,AU,Newcastle,pm25,134,2.0,46.0,20.0,792.82
2022-02-03,AU,Launceston,pm25,75,5.0,21.0,5.0,77.84
2022-02-03,AU,Hobart,pm25,27,5.0,9.0,5.0,25.07
2022-02-03,AU,Darwin,pm25,57,2.0,49.0,15.0,1188.2
2022-02-03,AU,Melbourne,pm25,178,1.0,71.0,22.0,1500.37
2022-02-03,AU,Canberra,pm25,50,1.0,71.0,19.0,2348.69
2022-02-03,AU,Adelaide,pm25,89,4.0,59.0,17.0,1217.77
2022-02-03,AU,Brisbane,pm25,141,1.0,443.0,18.0,15760.8
2022-02-03,AU,Perth,pm25,92,2.0,96.0,6.0,1499.24
2022-02-03,AU,Wollongong,pm25,46,1.0,47.0,15.0,1027.77
2022-02-03,CI,Abidjan,pm25,24,117.0,170.0,152.0,1501.74
2022-02-03,GH,Accra,pm25,24,97.0,172.0,154.0,4417.23
2022-02-03,IQ,Baghdad,pm25,24,93.0,223.0,152.0,8850.65
2022-02-03,IS,Reykjavík,pm25,95,1.0,32.0,9.0,232.73
2022-02-03,KG,Bishkek,pm25,24,59.0,193.0,104.0,13401.4
2022-02-03,NL,Utrecht,pm25,48,30.0,66.0,48.0,1006.06
2022-02-03,NL,Nijmegen,pm25,47,23.0,87.0,53.0,2755.05
2022-02-03,NL,Haarlem,pm25,143,13.0,77.0,30.0,1399.9
2022-02-03,NL,Eindhoven,pm25,24,19.0,76.0,43.0,1583.48
2022-02-03,NL,Rotterdam,pm25,192,14.0,65.0,40.0,950.82
2022-02-03,NL,Amsterdam,pm25,264,1.0,67.0,30.0,1300.52
2022-02-03,NL,Dordrecht,pm25,24,40.0,68.0,54.0,608.91
2022-02-03,NL,Breda,pm25,48,12.0,71.0,46.0,2185.53
2022-02-03,NL,Groningen,pm25,48,15.0,61.0,39.0,1582.39
2022-02-03,NL,Maastricht,pm25,93,5.0,55.0,25.0,1402.29
2022-02-03,NL,The Hague,pm25,69,2.0,55.0,30.0,1610.78
2022-02-03,PT,Lisbon,pm25,48,40.0,92.0,75.0,2000.83
2022-02-03,PT,Funchal,pm25,72,17.0,87.0,57.0,2070.3
2022-02-03,CA,Hamilton,pm25,74,9.0,25.0,17.0,172.88
2022-02-03,CA,Calgary,pm25,90,3.0,55.0,29.0,1490.21
2022-02-03,CA,Winnipeg,pm25,23,25.0,114.0,28.0,3705.14
2022-02-03,CA,Halifax,pm25,36,10.0,41.0,22.0,884.66
2022-02-03,CA,Kitchener,pm25,36,5.0,46.0,13.0,1261.36
2022-02-03,CA,Edmonton,pm25,135,11.0,69.0,32.0,871.12
2022-02-03,CA,Mississauga,pm25,48,9.0,38.0,13.0,642.96
2022-02-03,CA,Québec,pm25,171,7.0,125.0,22.0,3853.95
2022-02-03,CA,Vancouver,pm25,22,8.0,40.0,12.0,632.75
2022-02-03,CA,Victoria,pm25,43,5.0,53.0,25.0,1322.29
2022-02-03,CA,Montréal,pm25,375,9.0,89.0,33.0,5060.45
2022-02-03,CA,Toronto,pm25,97,5.0,34.0,9.0,471.36
2022-02-03,CA,Ottawa,pm25,60,14.0,61.0,18.0,1997.77
2022-02-03,CA,London,pm25,35,5.0,25.0,9.0,198.45
2022-02-03,US,Oklahoma City,pm25,96,14.0,33.0,19.0,187.93
2022-02-03,US,Raleigh,pm25,69,5.0,50.0,25.0,972.84
2022-02-03,US,Memphis,pm25,70,5.0,45.0,23.0,738.47
2022-02-03,US,Jackson,pm25,72,1.0,52.0,19.0,1740.04
2022-02-03,US,Boston,pm25,143,5.0,85.0,38.0,2452.45
2022-02-03,US,Richmond,pm25,96,19.0,54.0,40.0,1112.83
2022-02-03,US,Portland,pm25,167,8.0,84.0,19.0,2243.76
2022-02-03,US,Boise,pm25,96,5.0,65.0,34.0,1379.84
2022-02-03,US,Austin,pm25,40,5.0,38.0,13.0,426.76
2022-02-03,US,Honolulu,pm25,62,5.0,25.0,13.0,323.09
2022-02-03,US,Fresno,pm25,48,53.0,123.0,84.0,2881.84
2022-02-03,US,Milwaukee,pm25,144,16.0,58.0,26.0,1060.68
2022-02-03,US,Hartford,pm25,48,13.0,76.0,41.0,2213.88
2022-02-03,US,Washington D.C.,pm25,119,5.0,63.0,33.0,1310.46
2022-02-03,US,Chicago,pm25,236,1.0,71.0,20.0,1072.31
2022-02-03,US,Houston,pm25,42,3.0,51.0,14.0,1122.47
2022-02-03,US,Indianapolis,pm25,144,1.0,50.0,20.0,738.1
2022-02-03,US,Atlanta,pm25,23,22.0,72.0,56.0,2890.87
2022-02-03,US,Charlotte,pm25,24,25.0,99.0,74.0,2416.23
2022-02-03,US,Sacramento,pm25,69,5.0,144.0,53.0,8292.48
2022-02-03,US,Oakland,pm25,114,9.0,109.0,30.0,2802.4
2022-02-03,US,Providence,pm25,32,5.0,59.0,30.0,2112.01
2022-02-03,US,Staten Island,pm25,116,11.0,66.0,34.0,2174.17
2022-02-03,US,Brooklyn,pm25,134,7.0,77.0,38.0,1738.58
2022-02-03,US,Springfield,pm25,70,12.0,52.0,27.0,588.86
2022-02-03,US,The Bronx,pm25,42,20.0,58.0,41.0,915.73
2022-02-03,US,San Jose,pm25,95,9.0,59.0,30.0,1810.42
2022-02-03,US,Los Angeles,pm25,72,13.0,99.0,48.0,3973.64
2022-02-03,US,Detroit,pm25,167,7.0,25.0,15.0,112.62
2022-02-03,US,Little Rock,pm25,23,15.0,30.0,25.0,274.07
2022-02-03,US,Baltimore,pm25,48,9.0,67.0,48.0,2932.97
2022-02-03,US,Phoenix,pm25,165,1.0,126.0,15.0,5413.48
2022-02-03,US,Omaha,pm25,46,9.0,46.0,25.0,667.21
2022-02-03,US,El Paso,pm25,123,1.0,59.0,13.0,1286.93
2022-02-03,US,Dallas,pm25,24,13.0,33.0,22.0,250.14
2022-02-03,US,Seattle,pm25,250,1.0,109.0,15.0,1951.57
2022-02-03,US,Manhattan,pm25,70,9.0,64.0,33.0,1830.63
2022-02-03,US,Miami,pm25,90,16.0,31.0,23.0,156.65
2022-02-03,US,Jacksonville,pm25,144,10.0,60.0,28.0,472.29
2022-02-03,US,San Antonio,pm25,64,3.0,38.0,15.0,683.77
2022-02-03,US,Philadelphia,pm25,94,4.0,76.0,37.0,2439.82
2022-02-03,US,San Diego,pm25,23,5.0,73.0,33.0,3694.98
2022-02-03,US,Columbus,pm25,42,3.0,59.0,13.0,936.85
2022-02-03,US,Saint Paul,pm25,140,5.0,78.0,38.0,2738.25
2022-02-03,US,Denver,pm25,161,13.0,109.0,46.0,4345.19
2022-02-03,US,Salt Lake City,pm25,216,1.0,57.0,24.0,1356.03
2022-02-03,US,Albuquerque,pm25,72,9.0,75.0,24.0,1801.94
2022-02-03,US,San Francisco,pm25,69,5.0,78.0,21.0,1662.5
2022-02-03,US,Salem,pm25,57,7.0,293.0,13.0,28832.0
2022-02-03,US,Madison,pm25,48,21.0,37.0,25.0,205.63
2022-02-03,US,Nashville,pm25,87,4.0,52.0,21.0,1877.84
2022-02-03,US,Tucson,pm25,143,5.0,114.0,25.0,3059.75
2022-02-03,US,Queens,pm25,72,8.0,48.0,30.0,1075.4
2022-02-03,US,Tallahassee,pm25,72,15.0,82.0,32.0,1004.12
2022-02-03,US,Fort Worth,pm25,18,5.0,21.0,9.0,241.05
2022-02-03,RS,Novi Sad,pm25,48,18.0,154.0,46.0,11121.2
2022-02-03,RS,Niš,pm25,48,44.0,191.0,77.0,22623.0
2022-02-03,RS,Belgrade,pm25,119,18.0,195.0,40.0,25756.4
2022-02-03,CY,Nicosia,pm25,24,45.0,105.0,84.0,2253.91
2022-02-03,CY,Limassol,pm25,24,26.0,99.0,53.0,3306.5
2022-02-03,HR,Zagreb,pm25,10,65.0,122.0,87.0,3730.67
2022-02-03,HR,Rijeka,pm25,77,7.0,133.0,25.0,4699.36
2022-02-03,MK,Skopje,pm25,168,13.0,173.0,48.0,15102.3
2022-02-04,GE,Tbilisi,pm25,96,67.0,147.0,97.0,5079.01
2022-02-04,HU,Győr,pm25,48,9.0,122.0,53.0,7409.77
2022-02-04,HU,Szeged,pm25,24,59.0,85.0,76.0,578.26
2022-02-04,HU,Pécs,pm25,72,55.0,152.0,76.0,7994.08
2022-02-04,HU,Kecskemét,pm25,48,42.0,82.0,57.0,1056.17
2022-02-04,HU,Miskolc,pm25,119,42.0,172.0,93.0,13053.6
2022-02-04,HU,Budapest,pm25,356,25.0,129.0,63.0,3997.09
2022-02-04,JP,Fukuoka,pm25,423,9.0,112.0,42.0,3201.34
2022-02-04,JP,Kanazawa,pm25,165,5.0,55.0,17.0,1380.88
2022-02-04,JP,Kumamoto,pm25,367,5.0,85.0,42.0,2199.44
2022-02-04,JP,Akita,pm25,36,5.0,68.0,30.0,2678.06
2022-02-04,JP,Kochi,pm25,47,13.0,53.0,30.0,849.77
2022-02-04,JP,Gifu-shi,pm25,119,5.0,87.0,17.0,2245.67
2022-02-04,JP,Kyoto,pm25,554,5.0,70.0,30.0,1326.2
2022-02-04,JP,Hiroshima,pm25,286,5.0,65.0,30.0,2058.75
2022-02-04,JP,Shizuoka,pm25,236,5.0,61.0,17.0,1166.25
2022-02-04,JP,Chiba,pm25,690,5.0,99.0,25.0,3572.31
2022-02-04,JP,Sapporo,pm25,208,5.0,65.0,34.0,1834.56
2022-02-04,JP,Yokohama,pm25,497,1.0,78.0,25.0,3890.83
2022-02-04,JP,Tokyo,pm25,2446,1.0,104.0,30.0,3555.65
2022-02-04,JP,Saitama,pm25,474,5.0,93.0,30.0,3422.69
2022-02-04,JP,Naha,pm25,131,5.0,21.0,9.0,254.36
2022-02-04,JP,Nagasaki,pm25,180,5.0,117.0,34.0,3029.44
2022-02-04,JP,Toyama,pm25,147,5.0,63.0,21.0,2076.69
2022-02-04,JP,Niigata,pm25,200,5.0,42.0,21.0,779.74
2022-02-04,JP,Nara-shi,pm25,181,5.0,59.0,34.0,1343.68
2022-02-04,JP,Okayama,pm25,283,9.0,85.0,34.0,1439.22
2022-02-04,JP,Sendai,pm25,445,5.0,55.0,21.0,836.6
2022-02-04,JP,Osaka,pm25,649,5.0,74.0,34.0,1648.34
2022-02-04,JP,Miyazaki,pm25,134,5.0,129.0,50.0,2862.99
2022-02-04,JP,Matsuyama,pm25,151,5.0,76.0,34.0,2201.95
2022-02-04,JP,Wakayama,pm25,173,5.0,89.0,34.0,1678.53
2022-02-04,JP,Takamatsu,pm25,223,5.0,53.0,30.0,1135.14
2022-02-04,JP,Nagoya,pm25,696,5.0,80.0,21.0,1582.55
2022-02-04,JP,Ōita,pm25,250,5.0,65.0,34.0,2006.58
2022-02-04,JP,Kobe,pm25,419,5.0,80.0,30.0,1373.87
2022-02-04,JP,Nagano,pm25,74,5.0,42.0,17.0,875.37
2022-02-04,JP,Utsunomiya,pm25,395,5.0,76.0,30.0,1703.55
2022-02-04,JP,Kagoshima,pm25,96,5.0,55.0,34.0,853.75
2022-02-04,SK,Košice,pm25,89,50.0,93.0,68.0,1141.64
2022-02-04,SK,Bratislava,pm25,96,30.0,78.0,57.0,1344.05
2022-02-04,FI,Vantaa,pm25,24,4.0,47.0,18.0,1909.49
2022-02-04,FI,Turku,pm25,24,5.0,21.0,12.0,174.76
2022-02-04,FI,Helsinki,pm25,120,5.0,58.0,25.0,1293.24
2022-02-04,FI,Tampere,pm25,96,2.0,49.0,25.0,1619.54
2022-02-04,ET,Addis Ababa,pm25,24,25.0,158.0,55.0,10498.3
2022-02-04,CH,Zürich,pm25,21,1.0,4.0,2.0,7.48
2022-02-04,CO,Bogotá,pm25,336,46.0,159.0,102.0,6944.43
2022-02-04,CO,Medellín,pm25,270,65.0,132.0,87.0,2017.71
2022-02-04,DK,Copenhagen,pm25,24,9.0,36.0,25.0,404.76
2022-02-04,GB,Edinburgh,pm25,269,2.0,30.0,14.0,371.04
2022-02-04,GB,Norwich,pm25,19,17.0,25.0,18.0,74.5
2022-02-04,GB,Liverpool,pm25,32,9.0,33.0,16.0,363.23
2022-02-04,GB,Belfast,pm25,58,7.0,152.0,21.0,3145.27
2022-02-04,GB,Coventry,pm25,70,13.0,24.0,14.0,96.69
2022-02-04,GB,Leeds,pm25,39,17.0,38.0,25.0,377.22
2022-02-04,GB,Cardiff,pm25,96,5.0,266.0,21.0,24462.3
2022-02-04,GB,Bristol,pm25,69,9.0,53.0,21.0,1109.49
2022-02-04,GB,London,pm25,422,4.0,78.0,25.0,1740.48
2022-02-04,GB,Birmingham,pm25,43,13.0,132.0,17.0,3354.55
2022-02-04,GB,Sheffield,pm25,87,13.0,38.0,19.0,326.94
2022-02-04,GB,Newport,pm25,44,5.0,27.0,17.0,359.34
2022-02-04,GB,Leicester,pm25,23,13.0,24.0,17.0,138.02
2022-02-04,GB,Manchester,pm25,70,5.0,35.0,23.0,512.36
2022-02-04,GB,Reading,pm25,45,5.0,38.0,17.0,767.73
2022-02-04,GB,Plymouth,pm25,43,5.0,43.0,17.0,992.9
2022-02-04,GB,Glasgow,pm25,476,5.0,61.0,17.0,577.94
2022-02-04,GB,Preston,pm25,47,6.0,31.0,21.0,200.35
2022-02-04,GB,Swansea,pm25,112,5.0,76.0,21.0,2266.17
2022-02-04,GB,Southend-on-Sea,pm25,41,4.0,55.0,18.0,655.39
2022-02-04,ID,Jakarta,pm25,71,14.0,127.0,63.0,5592.78
2022-02-04,NP,Kathmandu,pm25,82,28.0,164.0,64.0,9425.59
2022-02-04,NP,Pokhara,pm25,24,40.0,188.0,185.0,27155.4
2022-02-04,AU,Sydney,pm25,153,1.0,72.0,17.0,1015.03
2022-02-04,AU,Newcastle,pm25,127,1.0,54.0,18.0,1183.39
2022-02-04,AU,Launceston,pm25,48,5.0,53.0,5.0,949.34
2022-02-04,AU,Hobart,pm25,24,5.0,13.0,5.0,68.41
2022-02-04,AU,Darwin,pm25,62,2.0,30.0,8.0,312.65
2022-02-04,AU,Melbourne,pm25,180,1.0,88.0,22.0,1741.65
2022-02-04,AU,Canberra,pm25,65,1.0,65.0,16.0,2430.07
2022-02-04,AU,Adelaide,pm25,85,3.0,39.0,18.0,605.77
2022-02-04,AU,Brisbane,pm25,127,1.0,63.0,21.0,1649.75
2022-02-04,AU,Perth,pm25,87,2.0,15.0,7.0,91.15
2022-02-04,AU,Wollongong,pm25,44,1.0,39.0,14.0,795.03
2022-02-04,CI,Abidjan,pm25,24,112.0,157.0,142.0,1543.03
2022-02-04,GH,Accra,pm25,24,102.0,159.0,132.0,2835.58
2022-02-04,IQ,Baghdad,pm25,24,63.0,162.0,114.0,7980.71
2022-02-04,IS,Reykjavík,pm25,82,1.0,30.0,9.0,278.11
2022-02-04,KG,Bishkek,pm25,24,34.0,179.0,91.0,21480.8
2022-02-04,NL,Utrecht,pm25,48,8.0,71.0,28.0,2226.91
2022-02-04,NL,Nijmegen,pm25,47,4.0,75.0,30.0,3976.51
2022-02-04,NL,Haarlem,pm25,141,1.0,67.0,29.0,1966.09
2022-02-04,NL,Eindhoven,pm25,22,5.0,64.0,26.0,2483.03
2022-02-04,NL,Rotterdam,pm25,192,2.0,60.0,23.0,1328.16
2022-02-04,NL,Amsterdam,pm25,247,2.0,60.0,23.0,1093.67
2022-02-04,NL,Dordrecht,pm25,24,17.0,72.0,46.0,1705.2
2022-02-04,NL,Breda,pm25,42,3.0,68.0,27.0,2917.35
2022-02-04,NL,Groningen,pm25,46,3.0,63.0,28.0,3040.19
2022-02-04,NL,Maastricht,pm25,87,5.0,61.0,17.0,1306.47
2022-02-04,NL,The Hague,pm25,69,1.0,49.0,20.0,991.36
2022-02-04,PT,Lisbon,pm25,26,40.0,66.0,56.0,318.05
2022-02-04,PT,Funchal,pm25,58,40.0,79.0,59.0,734.65
2022-02-04,CA,Hamilton,pm25,64,9.0,65.0,17.0,1352.69
2022-02-04,CA,Calgary,pm25,80,1.0,66.0,34.0,6523.28
2022-02-04,CA,Winnipeg,pm25,24,25.0,40.0,34.0,176.5
2022-02-04,CA,Halifax,pm25,46,1.0,22.0,6.0,249.94
2022-02-04,CA,Kitchener,pm25,34,9.0,46.0,21.0,660.69
2022-02-04,CA,Edmonton,pm25,133,15.0,75.0,40.0,2259.01
2022-02-04,CA,Mississauga,pm25,54,13.0,34.0,21.0,293.73
2022-02-04,CA,Québec,pm25,126,12.0,108.0,22.0,4961.36
2022-02-04,CA,Vancouver,pm25,21,2.0,22.0,6.0,491.29
2022-02-04,CA,Victoria,pm25,41,5.0,55.0,17.0,2042.7
2022-02-04,CA,Montréal,pm25,327,9.0,70.0,24.0,1324.32
2022-02-04,CA,Toronto,pm25,109,5.0,53.0,17.0,1342.29
2022-02-04,CA,Ottawa,pm25,39,13.0,29.0,22.0,215.59
2022-02-04,CA,London,pm25,33,13.0,30.0,17.0,211.89
2022-02-04,US,Oklahoma City,pm25,95,13.0,72.0,24.0,1064.63
2022-02-04,US,Raleigh,pm25,69,5.0,42.0,22.0,590.28
2022-02-04,US,Memphis,pm25,71,16.0,85.0,35.0,1725.17
2022-02-04,US,Jackson,pm25,72,4.0,58.0,31.0,1764.69
2022-02-04,US,Boston,pm25,126,5.0,55.0,17.0,1385.51
2022-02-04,US,Richmond,pm25,96,5.0,47.0,22.0,675.18
2022-02-04,US,Portland,pm25,166,9.0,100.0,34.0,1971.16
2022-02-04,US,Boise,pm25,92,5.0,82.0,25.0,2164.32
2022-02-04,US,Austin,pm25,32,5.0,38.0,17.0,889.64
2022-02-04,US,Honolulu,pm25,63,5.0,46.0,17.0,962.14
2022-02-04,US,Fresno,pm25,48,19.0,90.0,62.0,3755.21
2022-02-04,US,Milwaukee,pm25,144,20.0,77.0,31.0,1382.96
2022-02-04,US,Hartford,pm25,48,3.0,24.0,16.0,417.16
2022-02-04,US,Washington D.C.,pm25,109,5.0,53.0,19.0,1196.97
2022-02-04,US,Chicago,pm25,230,7.0,67.0,29.0,1541.01
2022-02-04,US,Houston,pm25,48,3.0,53.0,31.0,952.7
2022-02-04,US,Indianapolis,pm25,143,7.0,59.0,25.0,961.2
2022-02-04,US,Atlanta,pm25,23,8.0,40.0,21.0,1452.61
2022-02-04,US,Charlotte,pm25,18,5.0,42.0,21.0,815.59
2022-02-04,US,Sacramento,pm25,69,46.0,149.0,84.0,6221.6
2022-02-04,US,Oakland,pm25,119,17.0,129.0,68.0,4646.93
2022-02-04,US,Providence,pm25,31,5.0,25.0,9.0,339.61
2022-02-04,US,Staten Island,pm25,112,1.0,66.0,24.0,1588.49
2022-02-04,US,Brooklyn,pm25,143,1.0,44.0,21.0,918.67
2022-02-04,US,Springfield,pm25,67,8.0,58.0,33.0,1017.04
2022-02-04,US,The Bronx,pm25,46,2.0,35.0,20.0,669.99
2022-02-04,US,San Jose,pm25,92,17.0,112.0,55.0,4104.57
2022-02-04,US,Los Angeles,pm25,71,5.0,110.0,48.0,7345.99
2022-02-04,US,Detroit,pm25,167,5.0,55.0,25.0,848.94
2022-02-04,US,Little Rock,pm25,24,12.0,39.0,28.0,431.29
2022-02-04,US,Baltimore,pm25,42,5.0,42.0,18.0,650.27
2022-02-04,US,Phoenix,pm25,171,1.0,100.0,22.0,5665.02
2022-02-04,US,Omaha,pm25,46,5.0,46.0,25.0,940.72
2022-02-04,US,El Paso,pm25,163,4.0,117.0,23.0,3551.77
2022-02-04,US,Dallas,pm25,24,19.0,52.0,24.0,653.9
2022-02-04,US,Seattle,pm25,256,3.0,59.0,18.0,1425.32
2022-02-04,US,Manhattan,pm25,69,3.0,38.0,19.0,854.08
2022-02-04,US,Miami,pm25,94,18.0,40.0,26.0,160.27
2022-02-04,US,Jacksonville,pm25,144,13.0,54.0,25.0,548.76
2022-02-04,US,San Antonio,pm25,64,1.0,45.0,12.0,1056.15
2022-02-04,US,Philadelphia,pm25,88,1.0,43.0,18.0,1014.23
2022-02-04,US,San Diego,pm25,15,27.0,72.0,55.0,1260.67
2022-02-04,US,Columbus,pm25,48,8.0,53.0,24.0,1543.93
2022-02-04,US,Saint Paul,pm25,140,5.0,95.0,53.0,2802.24
2022-02-04,US,Denver,pm25,150,5.0,85.0,21.0,2493.51
2022-02-04,US,Salt Lake City,pm25,216,10.0,93.0,47.0,2556.62
2022-02-04,US,Albuquerque,pm25,72,23.0,97.0,38.0,2546.48
2022-02-04,US,San Francisco,pm25,71,13.0,91.0,63.0,4051.13
2022-02-04,US,Salem,pm25,56,9.0,82.0,25.0,3926.44
2022-02-04,US,Madison,pm25,48,21.0,53.0,33.0,607.44
2022-02-04,US,Nashville,pm25,94,2.0,56.0,29.0,1405.12
2022-02-04,US,Tucson,pm25,154,5.0,68.0,21.0,2051.77
2022-02-04,US,Queens,pm25,79,10.0,41.0,28.0,822.14
2022-02-04,US,Tallahassee,pm25,70,1.0,39.0,18.0,756.71
2022-02-04,US,Fort Worth,pm25,22,5.0,42.0,13.0,774.89
2022-02-04,RS,Novi Sad,pm25,48,18.0,193.0,66.0,24114.7
2022-02-04,RS,Niš,pm25,48,64.0,227.0,153.0,24201.8
2022-02-04,RS,Belgrade,pm25,120,57.0,197.0,99.0,14057.3
2022-02-04,CY,Nicosia,pm25,24,34.0,122.0,56.0,4561.45
2022-02-04,CY,Limassol,pm25,24,2.0,131.0,22.0,14177.1
2022-02-04,HR,Rijeka,pm25,57,10.0,67.0,22.0,2281.81
2022-02-04,MK,Skopje,pm25,168,28.0,232.0,78.0,22597.8
2022-02-05,GE,Tbilisi,pm25,96,21.0,97.0,54.0,3641.26
2022-02-05,HU,Győr,pm25,43,9.0,109.0,65.0,6794.83
2022-02-05,HU,Szeged,pm25,22,25.0,109.0,68.0,6151.6
2022-02-05,HU,Pécs,pm25,72,13.0,142.0,76.0,19996.5
2022-02-05,HU,Kecskemét,pm25,46,13.0,109.0,55.0,16020.0
2022-02-05,HU,Miskolc,pm25,118,17.0,156.0,87.0,21278.7
2022-02-05,HU,Budapest,pm25,354,5.0,142.0,38.0,23348.6
2022-02-05,JP,Fukuoka,pm25,419,5.0,151.0,38.0,10550.8
2022-02-05,JP,Kanazawa,pm25,191,5.0,55.0,17.0,1444.92
2022-02-05,JP,Kumamoto,pm25,368,5.0,159.0,38.0,12432.5
2022-02-05,JP,Akita,pm25,38,5.0,65.0,30.0,3162.8
2022-02-05,JP,Kochi,pm25,45,5.0,76.0,25.0,3432.86
2022-02-05,JP,Gifu-shi,pm25,136,5.0,65.0,13.0,2174.74
2022-02-05,JP,Kyoto,pm25,547,5.0,63.0,34.0,2146.6
2022-02-05,JP,Hiroshima,pm25,290,5.0,74.0,25.0,1999.0
2022-02-05,JP,Shizuoka,pm25,206,5.0,57.0,13.0,1351.38
2022-02-05,JP,Chiba,pm25,672,5.0,102.0,25.0,4590.39
2022-02-05,JP,Sapporo,pm25,211,5.0,97.0,34.0,3158.8
2022-02-05,JP,Yokohama,pm25,501,1.0,89.0,25.0,3388.62
2022-02-05,JP,Tokyo,pm25,2387,1.0,122.0,21.0,4147.99
2022-02-05,JP,Saitama,pm25,464,5.0,85.0,21.0,3021.65
2022-02-05,JP,Naha,pm25,144,13.0,76.0,55.0,2706.57
2022-02-05,JP,Nagasaki,pm25,183,5.0,137.0,34.0,13099.1
2022-02-05,JP,Toyama,pm25,148,5.0,53.0,17.0,952.04
2022-02-05,JP,Niigata,pm25,191,5.0,50.0,21.0,875.43
2022-02-05,JP,Nara-shi,pm25,176,5.0,59.0,30.0,1790.4
2022-02-05,JP,Okayama,pm25,286,5.0,82.0,34.0,1920.87
2022-02-05,JP,Sendai,pm25,441,5.0,46.0,17.0,697.55
2022-02-05,JP,Osaka,pm25,664,5.0,87.0,30.0,2233.53
2022-02-05,JP,Miyazaki,pm25,135,5.0,159.0,46.0,9510.48
2022-02-05,JP,Matsuyama,pm25,122,5.0,89.0,30.0,5171.27
2022-02-05,JP,Wakayama,pm25,192,5.0,87.0,34.0,2296.49
2022-02-05,JP,Takamatsu,pm25,233,5.0,61.0,25.0,1986.64
2022-02-05,JP,Nagoya,pm25,608,1.0,55.0,13.0,1064.12
2022-02-05,JP,Ōita,pm25,245,5.0,139.0,34.0,8889.0
2022-02-05,JP,Kobe,pm25,416,5.0,65.0,34.0,1874.11
2022-02-05,JP,Nagano,pm25,73,5.0,50.0,13.0,734.15
2022-02-05,JP,Utsunomiya,pm25,338,5.0,61.0,21.0,1325.63
2022-02-05,JP,Kagoshima,pm25,96,5.0,97.0,38.0,6368.66
2022-02-05,SK,Košice,pm25,96,21.0,188.0,78.0,7749.29
2022-02-05,SK,Bratislava,pm25,75,5.0,91.0,17.0,5600.63
2022-02-05,FI,Vantaa,pm25,24,6.0,28.0,21.0,247.75
2022-02-05,FI,Turku,pm25,24,3.0,20.0,10.0,239.98
2022-02-05,FI,Helsinki,pm25,120,9.0,37.0,26.0,771.51
2022-02-05,FI,Tampere,pm25,96,5.0,31.0,12.0,163.13
2022-02-05,ET,Addis Ababa,pm25,24,25.0,155.0,53.0,7932.16
2022-02-05,CH,Zürich,pm25,16,1.0,3.0,1.0,5.33
2022-02-05,CO,Bogotá,pm25,336,17.0,154.0,85.0,6876.85
2022-02-05,CO,Medellín,pm25,323,54.0,119.0,82.0,1491.48
2022-02-05,DK,Copenhagen,pm25,24,9.0,43.0,27.0,475.63
2022-02-05,GB,Edinburgh,pm25,247,2.0,25.0,13.0,178.14
2022-02-05,GB,Norwich,pm25,24,15.0,27.0,20.0,150.43
2022-02-05,GB,Liverpool,pm25,22,21.0,34.0,25.0,186.84
2022-02-05,GB,Belfast,pm25,42,10.0,38.0,21.0,311.95
2022-02-05,GB,Coventry,pm25,72,12.0,37.0,19.0,234.64
2022-02-05,GB,Leeds,pm25,30,17.0,34.0,25.0,289.38
2022-02-05,GB,Cardiff,pm25,96,9.0,53.0,30.0,1493.74
2022-02-05,GB,Bristol,pm25,64,5.0,50.0,25.0,999.18
2022-02-05,GB,London,pm25,429,3.0,72.0,25.0,1226.94
2022-02-05,GB,Birmingham,pm25,34,14.0,34.0,21.0,229.98
2022-02-05,GB,Sheffield,pm25,61,11.0,38.0,21.0,262.9
2022-02-05,GB,Newport,pm25,47,13.0,46.0,25.0,837.83
2022-02-05,GB,Leicester,pm25,24,15.0,30.0,20.0,104.76
2022-02-05,GB,Manchester,pm25,77,15.0,38.0,25.0,300.64
2022-02-05,GB,Reading,pm25,48,5.0,25.0,13.0,344.68
2022-02-05,GB,Plymouth,pm25,39,5.0,55.0,25.0,2076.32
2022-02-05,GB,Glasgow,pm25,469,9.0,50.0,17.0,252.81
2022-02-05,GB,Preston,pm25,47,19.0,40.0,28.0,358.7
2022-02-05,GB,Swansea,pm25,116,5.0,68.0,34.0,2344.37
2022-02-05,GB,Southend-on-Sea,pm25,47,15.0,34.0,22.0,258.59
2022-02-05,ID,Jakarta,pm25,71,21.0,134.0,70.0,5503.04
2022-02-05,NP,Kathmandu,pm25,96,14.0,183.0,74.0,11892.0
2022-02-05,NP,Pokhara,pm25,25,30.0,195.0,180.0,54315.4
2022-02-05,AU,Sydney,pm25,148,1.0,62.0,14.0,907.87
2022-02-05,AU,Newcastle,pm25,130,1.0,59.0,22.0,1649.74
2022-02-05,AU,Launceston,pm25,47,5.0,9.0,5.0,23.09
2022-02-05,AU,Hobart,pm25,35,5.0,21.0,5.0,96.81
2022-02-05,AU,Darwin,pm25,62,2.0,42.0,13.0,599.16
2022-02-05,AU,Melbourne,pm25,163,1.0,78.0,20.0,2014.47
2022-02-05,AU,Canberra,pm25,59,1.0,71.0,17.0,2085.38
2022-02-05,AU,Adelaide,pm25,88,5.0,54.0,21.0,1447.93
2022-02-05,AU,Brisbane,pm25,125,2.0,66.0,31.0,1346.76
2022-02-05,AU,Perth,pm25,89,3.0,16.0,8.0,76.93
2022-02-05,AU,Wollongong,pm25,39,1.0,68.0,15.0,1655.16
2022-02-05,CI,Abidjan,pm25,24,107.0,159.0,139.0,1871.72
2022-02-05,GH,Accra,pm25,24,114.0,167.0,132.0,2535.2
2022-02-05,IQ,Baghdad,pm25,24,72.0,152.0,97.0,5924.06
2022-02-05,IS,Reykjavík,pm25,93,1.0,21.0,10.0,124.99
2022-02-05,KG,Bishkek,pm25,22,5.0,153.0,38.0,20706.9
2022-02-05,NL,Utrecht,pm25,48,5.0,52.0,32.0,1396.34
2022-02-05,NL,Nijmegen,pm25,43,5.0,79.0,34.0,2722.8
2022-02-05,NL,Haarlem,pm25,144,3.0,111.0,43.0,2213.88
2022-02-05,NL,Eindhoven,pm25,24,32.0,59.0,46.0,513.04
2022-02-05,NL,Rotterdam,pm25,190,12.0,54.0,26.0,260.36
2022-02-05,NL,Amsterdam,pm25,230,2.0,60.0,26.0,932.83
2022-02-05,NL,Dordrecht,pm25,24,22.0,99.0,47.0,2273.89
2022-02-05,NL,Breda,pm25,48,10.0,54.0,34.0,1040.49
2022-02-05,NL,Groningen,pm25,42,3.0,53.0,28.0,1540.95
2022-02-05,NL,Maastricht,pm25,95,5.0,59.0,30.0,1004.89
2022-02-05,NL,The Hague,pm25,65,2.0,52.0,26.0,1014.75
2022-02-05,PT,Funchal,pm25,19,56.0,65.0,61.0,107.02
2022-02-05,CA,Hamilton,pm25,86,5.0,55.0,21.0,1000.51
2022-02-05,CA,Calgary,pm25,80,1.0,37.0,6.0,409.85
2022-02-05,CA,Winnipeg,pm25,24,25.0,32.0,29.0,53.84
2022-02-05,CA,Halifax,pm25,46,4.0,18.0,13.0,111.38
2022-02-05,CA,Kitchener,pm25,43,9.0,50.0,21.0,1008.14
2022-02-05,CA,Edmonton,pm25,138,3.0,104.0,21.0,4536.64
2022-02-05,CA,Mississauga,pm25,61,13.0,53.0,21.0,1170.19
2022-02-05,CA,Québec,pm25,166,12.0,99.0,22.0,3040.96
2022-02-05,CA,Vancouver,pm25,22,1.0,30.0,11.0,658.7
2022-02-05,CA,Victoria,pm25,45,9.0,78.0,25.0,2093.86
2022-02-05,CA,Montréal,pm25,411,12.0,79.0,27.0,975.79
2022-02-05,CA,Toronto,pm25,140,9.0,89.0,17.0,1753.82
2022-02-05,CA,Ottawa,pm25,56,9.0,58.0,22.0,1139.22
2022-02-05,CA,London,pm25,43,13.0,34.0,21.0,259.31
2022-02-05,US,Oklahoma City,pm25,96,8.0,75.0,34.0,2835.15
2022-02-05,US,Raleigh,pm25,60,5.0,46.0,13.0,768.23
2022-02-05,US,Memphis,pm25,72,16.0,120.0,40.0,4124.87
2022-02-05,US,Jackson,pm25,72,1.0,111.0,30.0,3603.82
2022-02-05,US,Boston,pm25,126,5.0,53.0,25.0,1029.26
2022-02-05,US,Richmond,pm25,96,13.0,40.0,22.0,512.95
2022-02-05,US,Portland,pm25,167,5.0,82.0,26.0,1780.09
2022-02-05,US,Boise,pm25,96,25.0,89.0,59.0,1645.26
2022-02-05,US,Austin,pm25,38,5.0,65.0,21.0,3046.29
2022-02-05,US,Honolulu,pm25,62,5.0,78.0,17.0,1291.31
2022-02-05,US,Fresno,pm25,47,25.0,149.0,56.0,5171.22
2022-02-05,US,Milwaukee,pm25,144,23.0,72.0,48.0,1350.27
2022-02-05,US,Hartford,pm25,48,15.0,28.0,21.0,160.81
2022-02-05,US,Washington D.C.,pm25,117,5.0,57.0,26.0,1098.3
2022-02-05,US,Chicago,pm25,194,14.0,86.0,52.0,2072.0
2022-02-05,US,Houston,pm25,47,4.0,76.0,22.0,3766.94
2022-02-05,US,Indianapolis,pm25,144,28.0,88.0,59.0,1293.35
2022-02-05,US,Atlanta,pm25,24,19.0,55.0,31.0,1002.54
2022-02-05,US,Charlotte,pm25,20,5.0,53.0,17.0,1227.79
2022-02-05,US,Sacramento,pm25,72,25.0,163.0,74.0,9339.98
2022-02-05,US,Oakland,pm25,120,30.0,122.0,76.0,3373.19
2022-02-05,US,Providence,pm25,47,5.0,38.0,21.0,534.76
2022-02-05,US,Staten Island,pm25,115,3.0,54.0,25.0,871.53
2022-02-05,US,Brooklyn,pm25,141,3.0,121.0,33.0,4750.78
2022-02-05,US,Springfield,pm25,71,12.0,70.0,44.0,1534.91
2022-02-05,US,The Bronx,pm25,48,21.0,43.0,32.0,278.86
2022-02-05,US,San Jose,pm25,96,9.0,114.0,68.0,6072.96
2022-02-05,US,Los Angeles,pm25,71,2.0,102.0,40.0,5013.69
2022-02-05,US,Detroit,pm25,168,25.0,132.0,56.0,4665.19
2022-02-05,US,Little Rock,pm25,23,18.0,63.0,30.0,1022.37
2022-02-05,US,Baltimore,pm25,48,9.0,54.0,19.0,724.78
2022-02-05,US,Phoenix,pm25,178,1.0,164.0,16.0,9486.48
2022-02-05,US,Omaha,pm25,45,5.0,61.0,21.0,1342.19
2022-02-05,US,El Paso,pm25,168,3.0,164.0,30.0,7778.32
2022-02-05,US,Dallas,pm25,24,7.0,53.0,18.0,1915.63
2022-02-05,US,Seattle,pm25,253,4.0,83.0,17.0,1969.28
2022-02-05,US,Manhattan,pm25,71,1.0,44.0,33.0,1395.12
2022-02-05,US,Miami,pm25,94,16.0,48.0,27.0,264.97
2022-02-05,US,Jacksonville,pm25,144,1.0,36.0,20.0,490.59
2022-02-05,US,San Antonio,pm25,66,1.0,108.0,24.0,5609.22
2022-02-05,US,Philadelphia,pm25,90,3.0,108.0,26.0,2512.58
2022-02-05,US,San Diego,pm25,21,3.0,79.0,50.0,5565.33
2022-02-05,US,Columbus,pm25,48,34.0,102.0,60.0,2551.38
2022-02-05,US,Saint Paul,pm25,138,5.0,91.0,50.0,3057.83
2022-02-05,US,Denver,pm25,149,5.0,59.0,17.0,1762.67
2022-02-05,US,Salt Lake City,pm25,216,8.0,85.0,45.0,2798.51
2022-02-05,US,Albuquerque,pm25,72,9.0,80.0,30.0,3270.14
2022-02-05,US,San Francisco,pm25,72,13.0,95.0,57.0,2136.12
2022-02-05,US,Salem,pm25,72,8.0,66.0,21.0,1443.0
2022-02-05,US,Madison,pm25,48,45.0,56.0,52.0,126.74
2022-02-05,US,Nashville,pm25,95,5.0,57.0,33.0,1129.13
2022-02-05,US,Tucson,pm25,152,5.0,68.0,13.0,1914.91
2022-02-05,US,Queens,pm25,96,20.0,63.0,37.0,1011.5
2022-02-05,US,Tallahassee,pm25,71,1.0,57.0,21.0,1327.9
2022-02-05,US,Fort Worth,pm25,23,5.0,53.0,21.0,1656.25
2022-02-05,RS,Novi Sad,pm25,48,29.0,168.0,93.0,13607.0
2022-02-05,RS,Niš,pm25,48,143.0,273.0,176.0,6427.3
2022-02-05,RS,Belgrade,pm25,120,34.0,192.0,114.0,16351.1
2022-02-05,CY,Nicosia,pm25,24,39.0,167.0,60.0,12169.5
2022-02-05,CY,Limassol,pm25,24,16.0,115.0,37.0,6430.14
2022-02-05,HR,Rijeka,pm25,43,15.0,84.0,38.0,2871.66
2022-02-05,MK,Skopje,pm25,168,60.0,249.0,154.0,16637.7
2022-02-06,GE,Tbilisi,pm25,96,19.0,54.0,24.0,531.51
2022-02-06,HU,Győr,pm25,48,5.0,65.0,30.0,2314.02
2022-02-06,HU,Szeged,pm25,23,21.0,55.0,38.0,1307.19
2022-02-06,HU,Pécs,pm25,72,30.0,134.0,68.0,7139.42
2022-02-06,HU,Kecskemét,pm25,48,21.0,68.0,50.0,1658.94
2022-02-06,HU,Miskolc,pm25,120,21.0,165.0,42.0,9901.51
2022-02-06,HU,Budapest,pm25,353,13.0,119.0,42.0,3274.07
2022-02-06,JP,Fukuoka,pm25,417,5.0,70.0,30.0,1184.49
2022-02-06,JP,Kanazawa,pm25,189,5.0,50.0,17.0,1043.67
2022-02-06,JP,Kumamoto,pm25,355,5.0,72.0,30.0,1531.5
2022-02-06,JP,Akita,pm25,39,5.0,63.0,34.0,3146.21
2022-02-06,JP,Kochi,pm25,47,5.0,46.0,21.0,966.47
2022-02-06,JP,Gifu-shi,pm25,127,5.0,53.0,13.0,1868.53
2022-02-06,JP,Kyoto,pm25,544,5.0,55.0,30.0,1137.35
2022-02-06,JP,Hiroshima,pm25,291,5.0,72.0,21.0,1390.06
2022-02-06,JP,Shizuoka,pm25,222,5.0,63.0,9.0,1171.28
2022-02-06,JP,Chiba,pm25,695,5.0,95.0,21.0,2177.48
2022-02-06,JP,Sapporo,pm25,199,5.0,55.0,21.0,1116.2
2022-02-06,JP,Yokohama,pm25,518,1.0,93.0,21.0,1845.17
2022-02-06,JP,Tokyo,pm25,2425,1.0,95.0,21.0,1073.74
2022-02-06,JP,Saitama,pm25,478,5.0,65.0,25.0,1320.27
2022-02-06,JP,Naha,pm25,138,5.0,68.0,30.0,2067.75
2022-02-06,JP,Nagasaki,pm25,185,5.0,55.0,25.0,1222.42
2022-02-06,JP,Toyama,pm25,152,5.0,57.0,17.0,1043.5
2022-02-06,JP,Niigata,pm25,188,5.0,50.0,21.0,847.23
2022-02-06,JP,Nara-shi,pm25,182,5.0,57.0,30.0,1195.02
2022-02-06,JP,Okayama,pm25,282,9.0,68.0,30.0,1408.47
2022-02-06,JP,Sendai,pm25,407,5.0,55.0,13.0,458.5
2022-02-06,JP,Osaka,pm25,665,5.0,82.0,30.0,1337.87
2022-02-06,JP,Miyazaki,pm25,127,5.0,63.0,34.0,1758.97
2022-02-06,JP,Matsuyama,pm25,158,5.0,68.0,25.0,1250.46
2022-02-06,JP,Wakayama,pm25,190,9.0,68.0,34.0,1466.91
2022-02-06,JP,Takamatsu,pm25,226,5.0,46.0,21.0,702.18
2022-02-06,JP,Nagoya,pm25,637,1.0,63.0,13.0,775.97
2022-02-06,JP,Ōita,pm25,242,5.0,74.0,25.0,1389.71
2022-02-06,JP,Kobe,pm25,418,5.0,63.0,30.0,1076.77
2022-02-06,JP,Nagano,pm25,84,5.0,38.0,17.0,553.01
2022-02-06,JP,Utsunomiya,pm25,424,5.0,57.0,21.0,1014.98
2022-02-06,JP,Kagoshima,pm25,96,5.0,46.0,25.0,658.5
2022-02-06,SK,Košice,pm25,96,17.0,142.0,50.0,8238.32
2022-02-06,SK,Bratislava,pm25,94,5.0,78.0,46.0,3885.15
2022-02-06,FI,Vantaa,pm25,19,3.0,17.0,9.0,188.07
2022-02-06,FI,Turku,pm25,20,1.0,18.0,8.0,335.16
2022-02-06,FI,Helsinki,pm25,120,1.0,25.0,12.0,264.01
2022-02-06,FI,Tampere,pm25,91,1.0,37.0,9.0,331.45
2022-02-06,ET,Addis Ababa,pm25,23,30.0,114.0,53.0,3226.13
2022-02-06,CH,Zürich,pm25,8,1.0,2.0,1.0,2.86
2022-02-06,CO,Bogotá,pm25,334,5.0,139.0,55.0,4396.95
2022-02-06,CO,Medellín,pm25,318,46.0,102.0,70.0,1277.55
2022-02-06,DK,Copenhagen,pm25,24,7.0,30.0,18.0,476.07
2022-02-06,GB,Edinburgh,pm25,229,2.0,21.0,9.0,96.94
2022-02-06,GB,Norwich,pm25,15,15.0,21.0,17.0,49.24
2022-02-06,GB,Liverpool,pm25,24,9.0,45.0,30.0,969.57
2022-02-06,GB,Belfast,pm25,55,8.0,46.0,19.0,485.1
2022-02-06,GB,Coventry,pm25,45,7.0,36.0,16.0,605.71
2022-02-06,GB,Leeds,pm25,41,4.0,38.0,17.0,534.8
2022-02-06,GB,Cardiff,pm25,92,17.0,53.0,30.0,903.05
2022-02-06,GB,Bristol,pm25,65,13.0,78.0,21.0,1624.87
2022-02-06,GB,London,pm25,420,1.0,59.0,18.0,1111.96
2022-02-06,GB,Birmingham,pm25,35,7.0,35.0,17.0,539.88
2022-02-06,GB,Sheffield,pm25,84,3.0,38.0,17.0,544.58
2022-02-06,GB,Newport,pm25,47,5.0,34.0,17.0,575.49
2022-02-06,GB,Leicester,pm25,12,10.0,30.0,17.0,447.27
2022-02-06,GB,Manchester,pm25,75,6.0,42.0,28.0,1076.04
2022-02-06,GB,Reading,pm25,43,5.0,17.0,13.0,169.92
2022-02-06,GB,Plymouth,pm25,39,9.0,51.0,38.0,2044.99
2022-02-06,GB,Glasgow,pm25,434,5.0,30.0,13.0,146.03
2022-02-06,GB,Preston,pm25,40,10.0,43.0,28.0,628.82
2022-02-06,GB,Swansea,pm25,120,9.0,124.0,30.0,2442.01
2022-02-06,GB,Southend-on-Sea,pm25,37,6.0,27.0,17.0,329.64
2022-02-06,ID,Jakarta,pm25,71,25.0,140.0,51.0,4464.68
2022-02-06,NP,Kathmandu,pm25,96,15.0,167.0,85.0,19954.7
2022-02-06,NP,Pokhara,pm25,34,34.0,201.0,187.0,41949.4
2022-02-06,AU,Sydney,pm25,150,2.0,44.0,15.0,749.95
2022-02-06,AU,Newcastle,pm25,132,1.0,58.0,20.0,1393.72
2022-02-06,AU,Launceston,pm25,35,5.0,9.0,5.0,29.04
2022-02-06,AU,Hobart,pm25,25,5.0,13.0,5.0,54.93
2022-02-06,AU,Darwin,pm25,62,1.0,31.0,8.0,330.39
2022-02-06,AU,Melbourne,pm25,80,2.0,51.0,18.0,1200.18
2022-02-06,AU,Canberra,pm25,59,1.0,55.0,13.0,1687.36
2022-02-06,AU,Adelaide,pm25,85,1.0,39.0,17.0,718.43
2022-02-06,AU,Brisbane,pm25,136,2.0,57.0,26.0,1062.0
2022-02-06,AU,Perth,pm25,65,2.0,15.0,9.0,135.91
2022-02-06,AU,Wollongong,pm25,42,1.0,67.0,16.0,2106.25
2022-02-06,CI,Abidjan,pm25,24,68.0,162.0,114.0,7584.06
2022-02-06,GH,Accra,pm25,24,99.0,160.0,117.0,3195.63
2022-02-06,IQ,Baghdad,pm25,24,42.0,171.0,102.0,16563.0
2022-02-06,IS,Reykjavík,pm25,96,3.0,33.0,18.0,390.7
2022-02-06,KG,Bishkek,pm25,23,5.0,167.0,55.0,23209.5
2022-02-06,NL,Utrecht,pm25,48,12.0,51.0,27.0,1004.89
2022-02-06,NL,Nijmegen,pm25,46,5.0,175.0,20.0,10836.6
2022-02-06,NL,Haarlem,pm25,143,3.0,101.0,43.0,3596.45
2022-02-06,NL,Eindhoven,pm25,24,9.0,58.0,23.0,1432.97
2022-02-06,NL,Rotterdam,pm25,192,10.0,59.0,28.0,1602.3
2022-02-06,NL,Amsterdam,pm25,208,1.0,60.0,28.0,1630.74
2022-02-06,NL,Dordrecht,pm25,24,22.0,49.0,33.0,435.58
2022-02-06,NL,Breda,pm25,44,2.0,41.0,19.0,1184.84
2022-02-06,NL,Groningen,pm25,42,1.0,37.0,16.0,874.54
2022-02-06,NL,Maastricht,pm25,76,5.0,42.0,17.0,518.94
2022-02-06,NL,The Hague,pm25,71,3.0,60.0,32.0,2713.13
2022-02-06,PT,Lisbon,pm25,19,18.0,43.0,31.0,415.91
2022-02-06,PT,Funchal,pm25,72,4.0,65.0,39.0,2224.07
2022-02-06,CA,Hamilton,pm25,89,17.0,59.0,42.0,923.78
2022-02-06,CA,Calgary,pm25,91,1.0,55.0,9.0,1058.46
2022-02-06,CA,Winnipeg,pm25,24,22.0,29.0,24.0,44.57
2022-02-06,CA,Halifax,pm25,46,9.0,31.0,13.0,323.44
2022-02-06,CA,Kitchener,pm25,47,17.0,72.0,46.0,1245.77
2022-02-06,CA,Edmonton,pm25,134,1.0,34.0,10.0,363.23
2022-02-06,CA,Mississauga,pm25,67,17.0,55.0,46.0,1174.56
2022-02-06,CA,Québec,pm25,185,14.0,65.0,35.0,1702.37
2022-02-06,CA,Vancouver,pm25,22,1.0,27.0,6.0,353.7
2022-02-06,CA,Victoria,pm25,46,17.0,91.0,42.0,2334.05
2022-02-06,CA,Montréal,pm25,424,12.0,81.0,40.0,2358.37
2022-02-06,CA,Toronto,pm25,142,5.0,59.0,38.0,1891.7
2022-02-06,CA,Ottawa,pm25,67,25.0,80.0,46.0,2027.65
2022-02-06,CA,London,pm25,48,21.0,87.0,50.0,1593.03
2022-02-06,US,Oklahoma City,pm25,96,15.0,73.0,33.0,1823.57
2022-02-06,US,Raleigh,pm25,70,5.0,46.0,21.0,919.39
2022-02-06,US,Memphis,pm25,71,12.0,90.0,40.0,2438.99
2022-02-06,US,Jackson,pm25,72,1.0,119.0,45.0,5117.31
2022-02-06,US,Boston,pm25,129,5.0,61.0,30.0,1200.66
2022-02-06,US,Richmond,pm25,95,19.0,41.0,25.0,471.57
2022-02-06,US,Portland,pm25,168,15.0,102.0,40.0,3707.27
2022-02-06,US,Boise,pm25,93,9.0,91.0,53.0,5252.94
2022-02-06,US,Austin,pm25,44,5.0,80.0,38.0,2595.94
2022-02-06,US,Honolulu,pm25,62,5.0,57.0,13.0,850.54
2022-02-06,US,Fresno,pm25,48,42.0,126.0,65.0,2752.7
2022-02-06,US,Milwaukee,pm25,144,45.0,74.0,56.0,424.68
2022-02-06,US,Hartford,pm25,48,15.0,45.0,20.0,643.05
2022-02-06,US,Washington D.C.,pm25,116,5.0,68.0,28.0,2000.39
2022-02-06,US,Chicago,pm25,209,27.0,95.0,54.0,1193.28
2022-02-06,US,Houston,pm25,48,10.0,93.0,45.0,3481.26
2022-02-06,US,Indianapolis,pm25,144,29.0,101.0,61.0,1798.89
2022-02-06,US,Atlanta,pm25,24,25.0,62.0,28.0,959.55
2022-02-06,US,Charlotte,pm25,24,17.0,57.0,34.0,927.75
2022-02-06,US,Sacramento,pm25,71,42.0,137.0,68.0,3711.21
2022-02-06,US,Oakland,pm25,120,21.0,107.0,53.0,2508.75
2022-02-06,US,Providence,pm25,45,5.0,65.0,21.0,1996.31
2022-02-06,US,Staten Island,pm25,111,1.0,48.0,25.0,990.83
2022-02-06,US,Brooklyn,pm25,142,1.0,51.0,27.0,901.09
2022-02-06,US,Springfield,pm25,51,28.0,68.0,45.0,1104.4
2022-02-06,US,The Bronx,pm25,48,18.0,50.0,27.0,588.78
2022-02-06,US,San Jose,pm25,96,21.0,109.0,53.0,3849.61
2022-02-06,US,Los Angeles,pm25,72,10.0,128.0,57.0,9695.82
2022-02-06,US,Detroit,pm25,28,49.0,139.0,90.0,4504.7
2022-02-06,US,Little Rock,pm25,24,4.0,86.0,35.0,3826.79
2022-02-06,US,Baltimore,pm25,48,9.0,70.0,32.0,2454.88
2022-02-06,US,Phoenix,pm25,176,3.0,182.0,35.0,18879.8
2022-02-06,US,Omaha,pm25,40,5.0,42.0,21.0,988.2
2022-02-06,US,El Paso,pm25,149,5.0,135.0,21.0,5577.09
2022-02-06,US,Dallas,pm25,24,13.0,36.0,20.0,368.53
2022-02-06,US,Seattle,pm25,257,6.0,97.0,42.0,3498.5
2022-02-06,US,Manhattan,pm25,70,1.0,50.0,26.0,1124.23
2022-02-06,US,Miami,pm25,94,12.0,29.0,20.0,117.97
2022-02-06,US,Jacksonville,pm25,144,11.0,46.0,26.0,440.28
2022-02-06,US,San Antonio,pm25,70,3.0,97.0,30.0,4333.89
2022-02-06,US,Philadelphia,pm25,86,1.0,76.0,27.0,1802.94
2022-02-06,US,San Diego,pm25,24,5.0,75.0,51.0,5728.62
2022-02-06,US,Columbus,pm25,48,20.0,101.0,60.0,3574.43
2022-02-06,US,Saint Paul,pm25,140,5.0,70.0,42.0,2367.64
2022-02-06,US,Denver,pm25,135,5.0,55.0,13.0,694.39
2022-02-06,US,Salt Lake City,pm25,204,8.0,69.0,35.0,2391.34
2022-02-06,US,Albuquerque,pm25,72,4.0,91.0,21.0,4419.22
2022-02-06,US,San Francisco,pm25,61,13.0,152.0,38.0,3613.82
2022-02-06,US,Salem,pm25,72,24.0,81.0,52.0,1699.44
2022-02-06,US,Madison,pm25,48,33.0,56.0,51.0,230.62
2022-02-06,US,Nashville,pm25,95,9.0,151.0,35.0,3707.58
2022-02-06,US,Tucson,pm25,143,5.0,102.0,25.0,4319.69
2022-02-06,US,Queens,pm25,96,12.0,52.0,28.0,769.47
2022-02-06,US,Tallahassee,pm25,72,9.0,47.0,24.0,514.64
2022-02-06,US,Fort Worth,pm25,23,5.0,46.0,21.0,1341.46
2022-02-06,RS,Novi Sad,pm25,48,17.0,129.0,50.0,4426.7
2022-02-06,RS,Niš,pm25,48,57.0,290.0,164.0,34400.4
2022-02-06,RS,Belgrade,pm25,118,29.0,165.0,83.0,11867.1
2022-02-06,CY,Nicosia,pm25,24,48.0,157.0,58.0,17527.5
2022-02-06,CY,Limassol,pm25,24,31.0,161.0,52.0,16095.5
2022-02-06,HR,Rijeka,pm25,41,17.0,112.0,46.0,6719.74
2022-02-06,MK,Skopje,pm25,144,26.0,261.0,156.0,31160.8
2022-02-07,GE,Tbilisi,pm25,96,24.0,58.0,39.0,1029.71
2022-02-07,HU,Győr,pm25,46,5.0,72.0,30.0,3088.85
2022-02-07,HU,Szeged,pm25,24,21.0,59.0,42.0,1508.1
2022-02-07,HU,Pécs,pm25,66,9.0,50.0,13.0,1593.92
2022-02-07,HU,Kecskemét,pm25,46,5.0,61.0,21.0,4196.99
2022-02-07,HU,Miskolc,pm25,119,5.0,154.0,38.0,11598.5
2022-02-07,HU,Budapest,pm25,327,5.0,61.0,21.0,3937.37
2022-02-07,JP,Fukuoka,pm25,419,5.0,93.0,38.0,1447.77
2022-02-07,JP,Kanazawa,pm25,187,5.0,59.0,17.0,1265.17
2022-02-07,JP,Kumamoto,pm25,367,5.0,82.0,46.0,2236.4
2022-02-07,JP,Akita,pm25,43,5.0,76.0,30.0,3252.29
2022-02-07,JP,Kochi,pm25,47,5.0,50.0,25.0,1168.55
2022-02-07,JP,Gifu-shi,pm25,157,5.0,93.0,17.0,3579.82
2022-02-07,JP,Kyoto,pm25,534,5.0,57.0,25.0,1116.31
2022-02-07,JP,Hiroshima,pm25,300,5.0,76.0,30.0,2082.94
2022-02-07,JP,Shizuoka,pm25,216,5.0,65.0,17.0,1621.39
2022-02-07,JP,Chiba,pm25,670,5.0,91.0,21.0,2515.22
2022-02-07,JP,Sapporo,pm25,204,5.0,70.0,21.0,2233.83
2022-02-07,JP,Yokohama,pm25,498,1.0,82.0,21.0,2081.17
2022-02-07,JP,Tokyo,pm25,2373,1.0,97.0,21.0,1305.2
2022-02-07,JP,Saitama,pm25,445,5.0,74.0,21.0,1046.42
2022-02-07,JP,Naha,pm25,144,9.0,38.0,25.0,544.45
2022-02-07,JP,Nagasaki,pm25,182,5.0,63.0,34.0,1499.59
2022-02-07,JP,Toyama,pm25,152,5.0,63.0,21.0,1852.15
2022-02-07,JP,Niigata,pm25,188,5.0,53.0,21.0,832.02
2022-02-07,JP,Nara-shi,pm25,179,5.0,68.0,34.0,2031.68
2022-02-07,JP,Okayama,pm25,287,5.0,76.0,42.0,1503.55
2022-02-07,JP,Sendai,pm25,431,5.0,46.0,17.0,579.63
2022-02-07,JP,Osaka,pm25,662,5.0,87.0,34.0,2465.96
2022-02-07,JP,Miyazaki,pm25,128,9.0,68.0,38.0,1811.22
2022-02-07,JP,Matsuyama,pm25,145,5.0,70.0,38.0,1709.35
2022-02-07,JP,Wakayama,pm25,190,13.0,76.0,38.0,1645.92
2022-02-07,JP,Takamatsu,pm25,234,5.0,57.0,34.0,1406.32
2022-02-07,JP,Nagoya,pm25,703,5.0,59.0,25.0,1555.07
2022-02-07,JP,Ōita,pm25,231,5.0,63.0,30.0,1560.4
2022-02-07,JP,Kobe,pm25,415,5.0,87.0,42.0,3022.27
2022-02-07,JP,Nagano,pm25,77,5.0,46.0,17.0,1048.42
2022-02-07,JP,Utsunomiya,pm25,422,5.0,59.0,30.0,1098.87
2022-02-07,JP,Kagoshima,pm25,83,13.0,46.0,34.0,531.51
2022-02-07,SK,Košice,pm25,96,9.0,78.0,55.0,3921.58
2022-02-07,SK,Bratislava,pm25,65,5.0,89.0,21.0,8163.78
2022-02-07,FI,Vantaa,pm25,24,10.0,36.0,18.0,588.97
2022-02-07,FI,Turku,pm25,24,8.0,25.0,17.0,237.32
2022-02-07,FI,Helsinki,pm25,120,9.0,45.0,18.0,526.02
2022-02-07,FI,Tampere,pm25,96,10.0,33.0,15.0,121.89
2022-02-07,ET,Addis Ababa,pm25,22,55.0,139.0,68.0,3176.36
2022-02-07,CH,Zürich,pm25,15,1.0,4.0,1.0,10.67
2022-02-07,CO,Bogotá,pm25,324,21.0,152.0,65.0,5056.56
2022-02-07,CO,Medellín,pm25,280,30.0,91.0,66.0,1437.52
2022-02-07,DK,Copenhagen,pm25,24,21.0,54.0,41.0,1116.45
2022-02-07,GB,Edinburgh,pm25,267,2.0,59.0,17.0,626.44
2022-02-07,GB,Norwich,pm25,22,13.0,43.0,25.0,820.28
2022-02-07,GB,Liverpool,pm25,19,17.0,34.0,25.0,370.35
2022-02-07,GB,Belfast,pm25,50,17.0,41.0,30.0,350.78
2022-02-07,GB,Coventry,pm25,66,16.0,38.0,24.0,270.4
2022-02-07,GB,Leeds,pm25,44,10.0,57.0,25.0,1150.13
2022-02-07,GB,Cardiff,pm25,92,9.0,68.0,38.0,2229.22
2022-02-07,GB,Bristol,pm25,63,9.0,46.0,25.0,996.93
2022-02-07,GB,London,pm25,477,3.0,82.0,33.0,1853.91
2022-02-07,GB,Birmingham,pm25,39,20.0,60.0,27.0,817.83
2022-02-07,GB,Sheffield,pm25,83,15.0,70.0,25.0,967.14
2022-02-07,GB,Newport,pm25,41,5.0,50.0,28.0,1352.3
2022-02-07,GB,Leicester,pm25,23,14.0,43.0,28.0,707.67
2022-02-07,GB,Manchester,pm25,82,11.0,50.0,30.0,661.8
2022-02-07,GB,Reading,pm25,36,9.0,42.0,21.0,765.21
2022-02-07,GB,Plymouth,pm25,32,9.0,46.0,17.0,1381.25
2022-02-07,GB,Glasgow,pm25,457,5.0,50.0,21.0,692.56
2022-02-07,GB,Preston,pm25,43,12.0,53.0,30.0,652.45
2022-02-07,GB,Swansea,pm25,118,9.0,59.0,30.0,1657.48
2022-02-07,GB,Southend-on-Sea,pm25,48,16.0,41.0,27.0,333.33
2022-02-07,ID,Jakarta,pm25,71,17.0,95.0,54.0,2758.4
2022-02-07,NP,Kathmandu,pm25,75,20.0,163.0,97.0,16192.4
2022-02-07,NP,Pokhara,pm25,20,51.0,218.0,189.0,32699.9
2022-02-07,NP,Biratnagar,pm25,2,86.0,86.0,86.0,0.0
2022-02-07,AU,Sydney,pm25,149,1.0,47.0,11.0,579.85
2022-02-07,AU,Newcastle,pm25,116,1.0,56.0,18.0,1433.79
2022-02-07,AU,Launceston,pm25,33,5.0,9.0,5.0,34.85
2022-02-07,AU,Hobart,pm25,33,5.0,25.0,5.0,284.85
2022-02-07,AU,Darwin,pm25,30,1.0,36.0,10.0,706.68
2022-02-07,AU,Melbourne,pm25,133,1.0,463.0,26.0,210777.0
2022-02-07,AU,Canberra,pm25,45,1.0,49.0,10.0,1514.09
2022-02-07,AU,Adelaide,pm25,86,3.0,44.0,13.0,583.45
2022-02-07,AU,Brisbane,pm25,135,1.0,48.0,23.0,779.31
2022-02-07,AU,Perth,pm25,8,3.0,11.0,5.0,74.29
2022-02-07,AU,Wollongong,pm25,38,1.0,58.0,10.0,1378.18
2022-02-07,CI,Abidjan,pm25,24,65.0,164.0,119.0,9025.2
2022-02-07,GH,Accra,pm25,24,82.0,171.0,107.0,5454.33
2022-02-07,IQ,Baghdad,pm25,24,57.0,180.0,99.0,17707.7
2022-02-07,IS,Reykjavík,pm25,96,3.0,61.0,30.0,2020.25
2022-02-07,KG,Bishkek,pm25,24,9.0,114.0,53.0,7489.55
2022-02-07,NL,Utrecht,pm25,45,1.0,58.0,34.0,1514.82
2022-02-07,NL,Nijmegen,pm25,46,1.0,51.0,25.0,1519.71
2022-02-07,NL,Haarlem,pm25,139,4.0,117.0,41.0,2692.51
2022-02-07,NL,Eindhoven,pm25,23,19.0,61.0,37.0,1643.52
2022-02-07,NL,Rotterdam,pm25,192,10.0,58.0,30.0,602.8
2022-02-07,NL,Amsterdam,pm25,225,1.0,116.0,32.0,1984.73
2022-02-07,NL,Dordrecht,pm25,23,23.0,62.0,49.0,648.06
2022-02-07,NL,Breda,pm25,45,3.0,58.0,23.0,1902.19
2022-02-07,NL,Groningen,pm25,47,6.0,59.0,24.0,2304.24
2022-02-07,NL,Maastricht,pm25,92,5.0,53.0,25.0,1580.64
2022-02-07,NL,The Hague,pm25,71,1.0,51.0,32.0,1420.9
2022-02-07,PT,Lisbon,pm25,36,15.0,58.0,40.0,1039.59
2022-02-07,PT,Funchal,pm25,56,6.0,51.0,27.0,1124.16
2022-02-07,CA,Hamilton,pm25,94,38.0,93.0,55.0,1599.71
2022-02-07,CA,Calgary,pm25,89,1.0,82.0,12.0,2323.01
2022-02-07,CA,Winnipeg,pm25,24,25.0,44.0,38.0,470.85
2022-02-07,CA,Halifax,pm25,46,12.0,56.0,23.0,1331.32
2022-02-07,CA,Kitchener,pm25,48,42.0,97.0,61.0,2228.19
2022-02-07,CA,Edmonton,pm25,129,1.0,56.0,12.0,680.39
2022-02-07,CA,Mississauga,pm25,71,42.0,89.0,59.0,1061.97
2022-02-07,CA,Québec,pm25,185,16.0,81.0,42.0,2437.14
2022-02-07,CA,Vancouver,pm25,23,3.0,26.0,9.0,349.29
2022-02-07,CA,Victoria,pm25,44,9.0,87.0,25.0,2646.74
2022-02-07,CA,Montréal,pm25,410,24.0,91.0,59.0,1572.37
2022-02-07,CA,Toronto,pm25,141,25.0,117.0,57.0,1929.07
2022-02-07,CA,Ottawa,pm25,62,46.0,81.0,56.0,683.85
2022-02-07,CA,London,pm25,42,34.0,85.0,61.0,1320.63
2022-02-07,US,Oklahoma City,pm25,96,9.0,69.0,24.0,1555.92
2022-02-07,US,Raleigh,pm25,70,5.0,46.0,20.0,562.07
2022-02-07,US,Memphis,pm25,72,9.0,83.0,52.0,1554.36
2022-02-07,US,Jackson,pm25,72,2.0,87.0,31.0,3212.96
2022-02-07,US,Boston,pm25,136,5.0,76.0,42.0,2183.22
2022-02-07,US,Richmond,pm25,96,23.0,73.0,33.0,1284.19
2022-02-07,US,Portland,pm25,168,27.0,127.0,55.0,1941.96
2022-02-07,US,Boise,pm25,93,9.0,89.0,30.0,4181.3
2022-02-07,US,Austin,pm25,40,5.0,61.0,30.0,2641.64
2022-02-07,US,Honolulu,pm25,60,5.0,55.0,13.0,907.96
2022-02-07,US,Fresno,pm25,48,38.0,86.0,59.0,1157.02
2022-02-07,US,Milwaukee,pm25,141,18.0,89.0,54.0,1980.42
2022-02-07,US,Hartford,pm25,48,39.0,65.0,57.0,365.81
2022-02-07,US,Washington D.C.,pm25,120,17.0,73.0,44.0,1485.09
2022-02-07,US,Chicago,pm25,201,14.0,69.0,53.0,1605.52
2022-02-07,US,Houston,pm25,48,14.0,67.0,43.0,2939.5
2022-02-07,US,Indianapolis,pm25,144,17.0,85.0,56.0,1568.92
2022-02-07,US,Atlanta,pm25,23,15.0,52.0,35.0,542.57
2022-02-07,US,Charlotte,pm25,24,13.0,55.0,34.0,1074.49
2022-02-07,US,Sacramento,pm25,72,38.0,156.0,68.0,5165.33
2022-02-07,US,Oakland,pm25,114,17.0,107.0,59.0,3302.99
2022-02-07,US,Providence,pm25,45,5.0,95.0,46.0,4028.16
2022-02-07,US,Staten Island,pm25,119,17.0,72.0,51.0,1739.31
2022-02-07,US,Brooklyn,pm25,135,12.0,72.0,51.0,1722.39
2022-02-07,US,Springfield,pm25,48,29.0,61.0,53.0,706.27
2022-02-07,US,The Bronx,pm25,48,18.0,54.0,38.0,1676.15
2022-02-07,US,San Jose,pm25,93,13.0,124.0,61.0,3680.51
2022-02-07,US,Los Angeles,pm25,72,1.0,95.0,47.0,6949.15
2022-02-07,US,Little Rock,pm25,24,1.0,79.0,46.0,4034.76
2022-02-07,US,Baltimore,pm25,48,17.0,93.0,53.0,3356.52
2022-02-07,US,Phoenix,pm25,162,1.0,84.0,19.0,3889.17
2022-02-07,US,Omaha,pm25,43,5.0,38.0,21.0,751.3
2022-02-07,US,El Paso,pm25,145,5.0,127.0,17.0,4258.87
2022-02-07,US,Dallas,pm25,24,7.0,58.0,35.0,2632.45
2022-02-07,US,Seattle,pm25,263,5.0,93.0,30.0,3890.1
2022-02-07,US,Manhattan,pm25,72,17.0,57.0,44.0,798.77
2022-02-07,US,Miami,pm25,94,15.0,52.0,23.0,477.79
2022-02-07,US,Jacksonville,pm25,141,4.0,43.0,23.0,377.48
2022-02-07,US,San Antonio,pm25,63,3.0,76.0,21.0,3371.6
2022-02-07,US,Philadelphia,pm25,96,3.0,99.0,48.0,4064.17
2022-02-07,US,San Diego,pm25,24,1.0,79.0,41.0,4633.03
2022-02-07,US,Columbus,pm25,48,23.0,76.0,57.0,1858.71
2022-02-07,US,Saint Paul,pm25,137,5.0,80.0,50.0,2154.16
2022-02-07,US,Denver,pm25,150,5.0,70.0,17.0,1791.14
2022-02-07,US,Salt Lake City,pm25,204,8.0,66.0,39.0,1719.89
2022-02-07,US,Albuquerque,pm25,72,10.0,71.0,25.0,2336.27
2022-02-07,US,San Francisco,pm25,63,9.0,70.0,50.0,2373.92
2022-02-07,US,Salem,pm25,72,16.0,75.0,43.0,2079.87
2022-02-07,US,Madison,pm25,48,28.0,81.0,44.0,701.42
2022-02-07,US,Nashville,pm25,94,12.0,75.0,42.0,1752.45
2022-02-07,US,Tucson,pm25,145,5.0,63.0,17.0,1488.85
2022-02-07,US,Queens,pm25,96,9.0,56.0,38.0,1439.79
2022-02-07,US,Tallahassee,pm25,72,4.0,39.0,19.0,643.71
2022-02-07,US,Fort Worth,pm25,18,5.0,53.0,34.0,1909.28
2022-02-07,RS,Novi Sad,pm25,48,14.0,79.0,35.0,1841.17
2022-02-07,RS,Niš,pm25,48,22.0,102.0,56.0,2592.55
2022-02-07,RS,Belgrade,pm25,114,10.0,125.0,37.0,5912.09
2022-02-07,CY,Nicosia,pm25,24,56.0,128.0,69.0,3574.71
2022-02-07,CY,Limassol,pm25,24,23.0,122.0,49.0,8605.63
2022-02-07,HR,Rijeka,pm25,53,3.0,57.0,16.0,3794.39
2022-02-07,MK,Skopje,pm25,155,13.0,187.0,129.0,30150.0
2022-02-08,GE,Tbilisi,pm25,96,32.0,131.0,60.0,3132.6
2022-02-08,HU,Győr,pm25,48,5.0,68.0,25.0,2711.91
2022-02-08,HU,Szeged,pm25,23,25.0,61.0,42.0,1046.13
2022-02-08,HU,Pécs,pm25,60,9.0,57.0,25.0,2262.58
2022-02-08,HU,Kecskemét,pm25,40,21.0,34.0,25.0,156.38
2022-02-08,HU,Miskolc,pm25,117,13.0,122.0,38.0,4463.99
2022-02-08,HU,Budapest,pm25,257,13.0,55.0,25.0,524.14
2022-02-08,JP,Fukuoka,pm25,426,5.0,78.0,38.0,1504.49
2022-02-08,JP,Kanazawa,pm25,185,5.0,59.0,25.0,1299.85
2022-02-08,JP,Kumamoto,pm25,369,9.0,104.0,53.0,1938.82
2022-02-08,JP,Akita,pm25,39,5.0,76.0,30.0,3838.87
2022-02-08,JP,Kochi,pm25,48,9.0,55.0,34.0,1707.09
2022-02-08,JP,Gifu-shi,pm25,145,5.0,129.0,21.0,3146.91
2022-02-08,JP,Kyoto,pm25,539,5.0,93.0,46.0,3291.17
2022-02-08,JP,Hiroshima,pm25,294,5.0,68.0,25.0,1705.55
2022-02-08,JP,Shizuoka,pm25,246,5.0,65.0,21.0,1502.21
2022-02-08,JP,Chiba,pm25,720,5.0,104.0,42.0,2757.29
2022-02-08,JP,Sapporo,pm25,215,5.0,181.0,34.0,4749.23
2022-02-08,JP,Yokohama,pm25,523,1.0,109.0,30.0,4612.29
2022-02-08,JP,Tokyo,pm25,2453,1.0,167.0,38.0,2865.41
2022-02-08,JP,Saitama,pm25,475,5.0,95.0,42.0,2528.18
2022-02-08,JP,Naha,pm25,139,5.0,46.0,34.0,797.58
2022-02-08,JP,Nagasaki,pm25,179,5.0,70.0,30.0,1568.37
2022-02-08,JP,Toyama,pm25,158,5.0,114.0,25.0,3317.24
2022-02-08,JP,Niigata,pm25,199,5.0,57.0,30.0,1359.19
2022-02-08,JP,Nara-shi,pm25,187,13.0,72.0,50.0,1701.47
2022-02-08,JP,Okayama,pm25,260,9.0,85.0,42.0,1957.68
2022-02-08,JP,Sendai,pm25,453,5.0,68.0,21.0,787.46
2022-02-08,JP,Osaka,pm25,908,5.0,117.0,46.0,2448.03
2022-02-08,JP,Miyazaki,pm25,139,5.0,102.0,46.0,3351.14
2022-02-08,JP,Matsuyama,pm25,152,5.0,78.0,38.0,2159.62
2022-02-08,JP,Wakayama,pm25,225,5.0,80.0,42.0,1174.32
2022-02-08,JP,Takamatsu,pm25,223,9.0,72.0,38.0,1633.08
2022-02-08,JP,Nagoya,pm25,730,5.0,80.0,30.0,2189.38
2022-02-08,JP,Ōita,pm25,239,5.0,61.0,34.0,2254.95
2022-02-08,JP,Kobe,pm25,421,9.0,89.0,55.0,1998.17
2022-02-08,JP,Nagano,pm25,81,5.0,59.0,17.0,1640.13
2022-02-08,JP,Utsunomiya,pm25,441,5.0,82.0,34.0,2392.23
2022-02-08,JP,Kagoshima,pm25,79,9.0,59.0,25.0,754.84
2022-02-08,SK,Košice,pm25,96,9.0,74.0,38.0,3657.0
2022-02-08,SK,Bratislava,pm25,77,5.0,42.0,17.0,779.45
2022-02-08,FI,Vantaa,pm25,24,3.0,23.0,12.0,255.92
2022-02-08,FI,Turku,pm25,19,2.0,70.0,10.0,3793.16
2022-02-08,FI,Helsinki,pm25,120,3.0,131.0,11.0,1471.16
2022-02-08,FI,Tampere,pm25,96,1.0,44.0,8.0,362.26
2022-02-08,ET,Addis Ababa,pm25,31,55.0,91.0,65.0,621.81
2022-02-08,CH,Zürich,pm25,21,1.0,4.0,2.0,11.48
2022-02-08,CO,Bogotá,pm25,200,5.0,144.0,57.0,8450.87
2022-02-08,CO,Medellín,pm25,295,34.0,104.0,68.0,1358.02
2022-02-08,DK,Copenhagen,pm25,24,19.0,53.0,34.0,579.71
2022-02-08,GB,Edinburgh,pm25,256,1.0,42.0,21.0,647.7
2022-02-08,GB,Norwich,pm25,15,15.0,26.0,21.0,117.43
2022-02-08,GB,Liverpool,pm25,20,12.0,26.0,21.0,139.05
2022-02-08,GB,Belfast,pm25,69,3.0,40.0,21.0,459.08
2022-02-08,GB,Coventry,pm25,52,11.0,25.0,17.0,75.18
2022-02-08,GB,Leeds,pm25,30,8.0,34.0,21.0,305.75
2022-02-08,GB,Cardiff,pm25,92,5.0,42.0,25.0,815.52
2022-02-08,GB,Bristol,pm25,63,5.0,34.0,21.0,642.83
2022-02-08,GB,London,pm25,442,1.0,155.0,19.0,1451.03
2022-02-08,GB,Birmingham,pm25,34,12.0,34.0,21.0,418.19
2022-02-08,GB,Sheffield,pm25,63,6.0,34.0,21.0,477.41
2022-02-08,GB,Newport,pm25,40,12.0,25.0,19.0,88.08
2022-02-08,GB,Leicester,pm25,14,12.0,38.0,19.0,381.1
2022-02-08,GB,Manchester,pm25,80,8.0,42.0,21.0,496.56
2022-02-08,GB,Plymouth,pm25,27,5.0,30.0,17.0,526.27
2022-02-08,GB,Glasgow,pm25,540,3.0,55.0,25.0,537.23
2022-02-08,GB,Preston,pm25,40,10.0,35.0,21.0,372.59
2022-02-08,GB,Swansea,pm25,118,9.0,63.0,34.0,963.65
2022-02-08,GB,Southend-on-Sea,pm25,39,9.0,120.0,15.0,3088.8
2022-02-08,ID,Jakarta,pm25,69,50.0,162.0,102.0,10593.1
2022-02-08,NP,Kathmandu,pm25,77,24.0,163.0,93.0,19014.9
2022-02-08,NP,Pokhara,pm25,21,73.0,219.0,192.0,22274.1
2022-02-08,AU,Sydney,pm25,144,1.0,47.0,12.0,834.83
2022-02-08,AU,Newcastle,pm25,119,1.0,38.0,14.0,583.73
2022-02-08,AU,Launceston,pm25,82,5.0,53.0,5.0,521.99
2022-02-08,AU,Hobart,pm25,28,5.0,13.0,5.0,27.72
2022-02-08,AU,Darwin,pm25,36,1.0,41.0,21.0,1302.86
2022-02-08,AU,Melbourne,pm25,160,1.0,999.0,22.0,361767.0
2022-02-08,AU,Canberra,pm25,45,3.0,61.0,24.0,2960.43
2022-02-08,AU,Adelaide,pm25,88,2.0,50.0,17.0,709.97
2022-02-08,AU,Brisbane,pm25,139,3.0,55.0,30.0,1167.81
2022-02-08,AU,Wollongong,pm25,43,1.0,65.0,10.0,1567.62
2022-02-08,CI,Abidjan,pm25,24,80.0,184.0,117.0,8561.09
2022-02-08,GH,Accra,pm25,24,97.0,162.0,134.0,2583.89
2022-02-08,IQ,Baghdad,pm25,24,82.0,184.0,114.0,8048.62
2022-02-08,IS,Reykjavík,pm25,90,1.0,54.0,27.0,1350.39
2022-02-08,KG,Bishkek,pm25,24,38.0,164.0,89.0,16735.6
2022-02-08,NL,Utrecht,pm25,48,21.0,60.0,41.0,960.1
2022-02-08,NL,Nijmegen,pm25,46,9.0,77.0,42.0,2604.7
2022-02-08,NL,Haarlem,pm25,141,10.0,76.0,45.0,1367.77
2022-02-08,NL,Eindhoven,pm25,24,32.0,65.0,47.0,640.58
2022-02-08,NL,Rotterdam,pm25,190,8.0,56.0,25.0,746.77
2022-02-08,NL,Amsterdam,pm25,264,5.0,61.0,30.0,830.82
2022-02-08,NL,Dordrecht,pm25,24,26.0,60.0,39.0,854.18
2022-02-08,NL,Breda,pm25,48,1.0,62.0,31.0,2232.02
2022-02-08,NL,Groningen,pm25,48,3.0,43.0,22.0,910.1
2022-02-08,NL,Maastricht,pm25,91,5.0,46.0,21.0,762.38
2022-02-08,NL,The Hague,pm25,72,9.0,47.0,28.0,731.48
2022-02-08,PT,Lisbon,pm25,23,28.0,70.0,53.0,1437.47
2022-02-08,PT,Funchal,pm25,61,5.0,125.0,54.0,6502.18
2022-02-08,CA,Hamilton,pm25,88,9.0,91.0,30.0,5983.17
2022-02-08,CA,Calgary,pm25,89,1.0,39.0,6.0,733.76
2022-02-08,CA,Winnipeg,pm25,24,13.0,45.0,23.0,1092.88
2022-02-08,CA,Halifax,pm25,46,3.0,64.0,13.0,1693.47
2022-02-08,CA,Kitchener,pm25,45,13.0,80.0,21.0,3531.18
2022-02-08,CA,Edmonton,pm25,129,2.0,63.0,12.0,793.14
2022-02-08,CA,Mississauga,pm25,57,9.0,89.0,21.0,6379.99
2022-02-08,CA,Québec,pm25,183,12.0,67.0,29.0,1697.75
2022-02-08,CA,Vancouver,pm25,21,3.0,13.0,7.0,103.91
2022-02-08,CA,Victoria,pm25,42,9.0,46.0,17.0,857.89
2022-02-08,CA,Montréal,pm25,407,47.0,106.0,67.0,1254.04
2022-02-08,CA,Toronto,pm25,122,5.0,117.0,21.0,9877.69
2022-02-08,CA,Ottawa,pm25,72,54.0,81.0,71.0,459.43
2022-02-08,CA,London,pm25,47,13.0,61.0,34.0,2052.97
2022-02-08,US,Oklahoma City,pm25,96,8.0,57.0,16.0,1465.1
2022-02-08,US,Raleigh,pm25,71,5.0,57.0,34.0,1400.28
2022-02-08,US,Memphis,pm25,70,12.0,67.0,27.0,3093.46
2022-02-08,US,Jackson,pm25,72,12.0,118.0,43.0,5190.0
2022-02-08,US,Boston,pm25,132,5.0,57.0,25.0,1533.57
2022-02-08,US,Richmond,pm25,96,20.0,60.0,47.0,1805.15
2022-02-08,US,Portland,pm25,168,14.0,92.0,50.0,2699.86
2022-02-08,US,Boise,pm25,96,34.0,91.0,68.0,1591.42
2022-02-08,US,Austin,pm25,37,5.0,65.0,30.0,2546.89
2022-02-08,US,Honolulu,pm25,57,5.0,38.0,13.0,574.8
2022-02-08,US,Fresno,pm25,48,17.0,85.0,64.0,2171.02
2022-02-08,US,Milwaukee,pm25,142,38.0,86.0,66.0,801.59
2022-02-08,US,Hartford,pm25,48,14.0,57.0,30.0,1763.83
2022-02-08,US,Washington D.C.,pm25,118,5.0,68.0,46.0,1724.43
2022-02-08,US,Chicago,pm25,222,28.0,79.0,63.0,846.52
2022-02-08,US,Houston,pm25,47,2.0,74.0,40.0,4659.49
2022-02-08,US,Indianapolis,pm25,131,30.0,95.0,71.0,2177.15
2022-02-08,US,Atlanta,pm25,23,16.0,53.0,30.0,1591.46
2022-02-08,US,Charlotte,pm25,23,17.0,63.0,46.0,2332.02
2022-02-08,US,Sacramento,pm25,52,17.0,149.0,59.0,8372.69
2022-02-08,US,Oakland,pm25,118,25.0,102.0,59.0,2266.27
2022-02-08,US,Providence,pm25,39,5.0,59.0,17.0,1548.95
2022-02-08,US,Staten Island,pm25,116,5.0,67.0,37.0,2461.49
2022-02-08,US,Brooklyn,pm25,117,4.0,66.0,43.0,2085.07
2022-02-08,US,Springfield,pm25,60,3.0,75.0,43.0,3272.71
2022-02-08,US,The Bronx,pm25,48,12.0,54.0,28.0,1585.25
2022-02-08,US,San Jose,pm25,93,5.0,99.0,55.0,3996.6
2022-02-08,US,Los Angeles,pm25,72,9.0,74.0,42.0,3312.04
2022-02-08,US,Little Rock,pm25,24,7.0,53.0,38.0,2134.62
2022-02-08,US,Baltimore,pm25,48,34.0,124.0,63.0,6036.1
2022-02-08,US,Phoenix,pm25,177,1.0,151.0,36.0,7505.43
2022-02-08,US,Omaha,pm25,35,5.0,34.0,13.0,545.77
2022-02-08,US,El Paso,pm25,154,5.0,137.0,25.0,4285.51
2022-02-08,US,Dallas,pm25,24,9.0,62.0,23.0,2357.39
2022-02-08,US,Seattle,pm25,262,9.0,57.0,25.0,1408.24
2022-02-08,US,Manhattan,pm25,72,14.0,56.0,37.0,1376.46
2022-02-08,US,Miami,pm25,94,16.0,58.0,32.0,1166.15
2022-02-08,US,Jacksonville,pm25,144,9.0,84.0,39.0,2246.43
2022-02-08,US,San Antonio,pm25,67,2.0,78.0,25.0,3445.25
2022-02-08,US,Philadelphia,pm25,89,15.0,123.0,65.0,3995.9
2022-02-08,US,San Diego,pm25,23,7.0,58.0,28.0,2668.77
2022-02-08,US,Columbus,pm25,48,25.0,71.0,59.0,1191.38
2022-02-08,US,Saint Paul,pm25,137,5.0,78.0,50.0,4128.84
2022-02-08,US,Denver,pm25,156,5.0,65.0,17.0,1118.55
2022-02-08,US,Salt Lake City,pm25,216,13.0,89.0,54.0,2622.88
2022-02-08,US,Albuquerque,pm25,68,7.0,94.0,29.0,4229.59
2022-02-08,US,San Francisco,pm25,71,17.0,72.0,42.0,1512.83
2022-02-08,US,Salem,pm25,72,18.0,86.0,45.0,3628.42
2022-02-08,US,Madison,pm25,48,44.0,65.0,61.0,325.25
2022-02-08,US,Nashville,pm25,93,5.0,66.0,30.0,2873.37
2022-02-08,US,Tucson,pm25,147,5.0,70.0,17.0,2434.47
2022-02-08,US,Queens,pm25,96,12.0,63.0,40.0,1736.94
2022-02-08,US,Tallahassee,pm25,72,15.0,86.0,36.0,2266.45
2022-02-08,US,Fort Worth,pm25,19,5.0,38.0,17.0,627.19
2022-02-08,RS,Novi Sad,pm25,48,16.0,97.0,46.0,4706.22
2022-02-08,RS,Niš,pm25,48,35.0,163.0,54.0,8138.51
2022-02-08,RS,Belgrade,pm25,115,15.0,92.0,33.0,5070.72
2022-02-08,CY,Nicosia,pm25,24,53.0,91.0,65.0,1513.03
2022-02-08,CY,Limassol,pm25,24,29.0,156.0,46.0,13845.2
2022-02-08,HR,Rijeka,pm25,49,4.0,91.0,11.0,5668.02
2022-02-08,MK,Skopje,pm25,164,9.0,72.0,38.0,2492.49
2022-02-09,GE,Tbilisi,pm25,96,66.0,152.0,79.0,8907.44
2022-02-09,HU,Győr,pm25,44,5.0,122.0,25.0,9055.07
2022-02-09,HU,Szeged,pm25,24,13.0,53.0,25.0,1302.59
2022-02-09,HU,Pécs,pm25,72,13.0,149.0,42.0,17300.0
2022-02-09,HU,Kecskemét,pm25,28,13.0,50.0,17.0,1024.76
2022-02-09,HU,Miskolc,pm25,120,25.0,162.0,74.0,11756.3
2022-02-09,HU,Budapest,pm25,270,9.0,99.0,21.0,4683.71
2022-02-09,JP,Fukuoka,pm25,415,5.0,89.0,34.0,3003.27
2022-02-09,JP,Kanazawa,pm25,193,5.0,76.0,21.0,1793.69
2022-02-09,JP,Kumamoto,pm25,359,5.0,89.0,46.0,2912.17
2022-02-09,JP,Akita,pm25,40,5.0,82.0,34.0,3854.74
2022-02-09,JP,Kochi,pm25,46,5.0,53.0,25.0,1302.32
2022-02-09,JP,Gifu-shi,pm25,128,5.0,72.0,21.0,2485.36
2022-02-09,JP,Kyoto,pm25,557,5.0,93.0,34.0,3370.01
2022-02-09,JP,Hiroshima,pm25,269,5.0,61.0,25.0,1570.67
2022-02-09,JP,Shizuoka,pm25,246,5.0,117.0,25.0,2075.22
2022-02-09,JP,Chiba,pm25,689,5.0,144.0,38.0,4081.34
2022-02-09,JP,Sapporo,pm25,210,5.0,59.0,30.0,1426.38
2022-02-09,JP,Yokohama,pm25,506,1.0,112.0,25.0,3398.94
2022-02-09,JP,Tokyo,pm25,2365,1.0,139.0,30.0,2511.0
2022-02-09,JP,Saitama,pm25,490,5.0,89.0,34.0,2715.46
2022-02-09,JP,Naha,pm25,143,5.0,42.0,25.0,690.93
2022-02-09,JP,Nagasaki,pm25,177,5.0,65.0,38.0,2213.57
2022-02-09,JP,Toyama,pm25,156,5.0,89.0,21.0,2308.18
2022-02-09,JP,Niigata,pm25,206,5.0,65.0,38.0,1629.02
2022-02-09,JP,Nara-shi,pm25,185,5.0,74.0,34.0,2961.57
2022-02-09,JP,Okayama,pm25,278,5.0,99.0,34.0,1379.14
2022-02-09,JP,Sendai,pm25,465,5.0,55.0,25.0,1060.51
2022-02-09,JP,Osaka,pm25,1363,5.0,119.0,30.0,4021.79
2022-02-09,JP,Miyazaki,pm25,131,9.0,80.0,38.0,1728.13
2022-02-09,JP,Matsuyama,pm25,144,5.0,85.0,38.0,2350.23
2022-02-09,JP,Wakayama,pm25,283,5.0,74.0,34.0,1748.77
2022-02-09,JP,Takamatsu,pm25,230,5.0,61.0,25.0,1287.63
2022-02-09,JP,Nagoya,pm25,699,5.0,87.0,25.0,1557.57
2022-02-09,JP,Ōita,pm25,207,5.0,53.0,21.0,1117.04
2022-02-09,JP,Kobe,pm25,412,5.0,74.0,25.0,1837.6
2022-02-09,JP,Nagano,pm25,86,5.0,57.0,21.0,959.97
2022-02-09,JP,Utsunomiya,pm25,420,5.0,68.0,34.0,1539.81
2022-02-09,JP,Kagoshima,pm25,95,9.0,68.0,38.0,1757.12
2022-02-09,SK,Košice,pm25,96,42.0,117.0,72.0,2036.31
2022-02-09,SK,Bratislava,pm25,82,5.0,104.0,17.0,2952.88
2022-02-09,FI,Vantaa,pm25,24,7.0,46.0,13.0,935.87
2022-02-09,FI,Turku,pm25,21,3.0,33.0,13.0,498.62
2022-02-09,FI,Helsinki,pm25,120,3.0,35.0,13.0,560.17
2022-02-09,FI,Tampere,pm25,96,4.0,37.0,8.0,328.0
2022-02-09,ET,Addis Ababa,pm25,32,57.0,91.0,70.0,835.39
2022-02-09,CH,Zürich,pm25,24,1.0,7.0,3.0,16.5
2022-02-09,CO,Bogotá,pm25,315,5.0,157.0,65.0,7412.77
2022-02-09,CO,Medellín,pm25,323,21.0,122.0,72.0,2744.94
2022-02-09,DK,Copenhagen,pm25,24,17.0,39.0,27.0,367.37
2022-02-09,GB,Edinburgh,pm25,245,4.0,25.0,13.0,218.01
2022-02-09,GB,Norwich,pm25,18,13.0,55.0,17.0,2085.88
2022-02-09,GB,Liverpool,pm25,24,4.0,28.0,19.0,463.41
2022-02-09,GB,Belfast,pm25,50,12.0,46.0,25.0,542.03
2022-02-09,GB,Coventry,pm25,52,9.0,41.0,15.0,270.78
2022-02-09,GB,Leeds,pm25,43,5.0,42.0,19.0,663.33
2022-02-09,GB,Cardiff,pm25,96,5.0,65.0,17.0,1934.72
2022-02-09,GB,Bristol,pm25,65,5.0,50.0,17.0,1099.37
2022-02-09,GB,London,pm25,441,1.0,91.0,22.0,1816.45
2022-02-09,GB,Birmingham,pm25,38,8.0,76.0,20.0,2602.99
2022-02-09,GB,Sheffield,pm25,86,8.0,56.0,19.0,1790.87
2022-02-09,GB,Newport,pm25,47,9.0,30.0,13.0,265.05
2022-02-09,GB,Leicester,pm25,20,13.0,49.0,17.0,1024.11
2022-02-09,GB,Manchester,pm25,77,3.0,48.0,25.0,1501.14
2022-02-09,GB,Reading,pm25,17,9.0,38.0,25.0,860.07
2022-02-09,GB,Plymouth,pm25,29,5.0,25.0,17.0,303.64
2022-02-09,GB,Glasgow,pm25,528,5.0,70.0,17.0,461.96
2022-02-09,GB,Preston,pm25,45,4.0,38.0,24.0,775.74
2022-02-09,GB,Swansea,pm25,117,5.0,46.0,25.0,915.09
2022-02-09,GB,Southend-on-Sea,pm25,37,8.0,55.0,13.0,2420.26
2022-02-09,ID,Jakarta,pm25,71,25.0,178.0,64.0,26841.9
2022-02-09,NP,Kathmandu,pm25,96,17.0,171.0,88.0,21023.4
2022-02-09,NP,Pokhara,pm25,33,78.0,227.0,190.0,25382.0
2022-02-09,AU,Sydney,pm25,154,1.0,80.0,20.0,1567.03
2022-02-09,AU,Newcastle,pm25,118,3.0,84.0,24.0,3402.48
2022-02-09,AU,Launceston,pm25,80,5.0,65.0,5.0,466.81
2022-02-09,AU,Hobart,pm25,45,5.0,17.0,5.0,105.86
2022-02-09,AU,Darwin,pm25,58,2.0,37.0,12.0,803.58
2022-02-09,AU,Melbourne,pm25,160,1.0,78.0,26.0,2048.28
2022-02-09,AU,Canberra,pm25,51,2.0,60.0,22.0,3111.14
2022-02-09,AU,Adelaide,pm25,90,5.0,52.0,25.0,1168.71
2022-02-09,AU,Brisbane,pm25,119,4.0,54.0,28.0,1038.25
2022-02-09,AU,Perth,pm25,5,8.0,11.0,10.0,13.0
2022-02-09,AU,Wollongong,pm25,43,1.0,54.0,24.0,1449.49
2022-02-09,CI,Abidjan,pm25,24,82.0,165.0,114.0,6276.07
2022-02-09,GH,Accra,pm25,18,102.0,165.0,149.0,3892.42
2022-02-09,IQ,Baghdad,pm25,24,53.0,371.0,132.0,72774.5
2022-02-09,IS,Reykjavík,pm25,96,1.0,32.0,16.0,627.91
2022-02-09,NL,Utrecht,pm25,48,18.0,61.0,45.0,1245.1
2022-02-09,NL,Nijmegen,pm25,48,17.0,77.0,39.0,2292.06
2022-02-09,NL,Haarlem,pm25,144,15.0,75.0,38.0,1096.5
2022-02-09,NL,Eindhoven,pm25,24,20.0,70.0,43.0,1302.88
2022-02-09,NL,Rotterdam,pm25,192,9.0,67.0,32.0,1474.27
2022-02-09,NL,Amsterdam,pm25,248,5.0,68.0,27.0,1380.12
2022-02-09,NL,Dordrecht,pm25,24,26.0,67.0,45.0,1103.19
2022-02-09,NL,Breda,pm25,48,4.0,59.0,29.0,2638.28
2022-02-09,NL,Groningen,pm25,47,3.0,55.0,23.0,1583.83
2022-02-09,NL,Maastricht,pm25,95,13.0,85.0,30.0,2053.24
2022-02-09,NL,The Hague,pm25,69,6.0,55.0,28.0,1700.38
2022-02-09,PT,Lisbon,pm25,46,51.0,77.0,63.0,421.99
2022-02-09,PT,Funchal,pm25,72,34.0,152.0,65.0,6686.1
2022-02-09,CA,Hamilton,pm25,88,13.0,70.0,42.0,2154.49
2022-02-09,CA,Calgary,pm25,66,1.0,41.0,7.0,662.87
2022-02-09,CA,Winnipeg,pm25,24,9.0,13.0,11.0,12.17
2022-02-09,CA,Halifax,pm25,46,2.0,19.0,7.0,278.96
2022-02-09,CA,Kitchener,pm25,45,21.0,63.0,50.0,1334.53
2022-02-09,CA,Edmonton,pm25,137,3.0,53.0,18.0,1080.08
2022-02-09,CA,Mississauga,pm25,71,25.0,70.0,50.0,881.81
2022-02-09,CA,Québec,pm25,192,14.0,104.0,49.0,3807.22
2022-02-09,CA,Vancouver,pm25,23,2.0,38.0,6.0,1102.49
2022-02-09,CA,Victoria,pm25,46,13.0,61.0,34.0,1505.05
2022-02-09,CA,Montréal,pm25,432,15.0,101.0,38.0,3449.75
2022-02-09,CA,Toronto,pm25,143,13.0,74.0,42.0,2231.51
2022-02-09,CA,Ottawa,pm25,67,27.0,60.0,53.0,1156.97
2022-02-09,CA,London,pm25,47,17.0,63.0,42.0,1658.67
2022-02-09,US,Oklahoma City,pm25,96,6.0,80.0,25.0,1893.44
2022-02-09,US,Raleigh,pm25,68,5.0,61.0,34.0,1987.0
2022-02-09,US,Memphis,pm25,70,5.0,61.0,22.0,958.68
2022-02-09,US,Jackson,pm25,72,11.0,177.0,56.0,14469.9
2022-02-09,US,Boston,pm25,134,5.0,59.0,30.0,1160.53
2022-02-09,US,Richmond,pm25,96,15.0,58.0,39.0,1931.23
2022-02-09,US,Portland,pm25,168,13.0,102.0,53.0,4277.72
2022-02-09,US,Boise,pm25,96,9.0,99.0,65.0,4036.63
2022-02-09,US,Austin,pm25,38,5.0,59.0,25.0,2854.74
2022-02-09,US,Honolulu,pm25,55,5.0,46.0,17.0,950.62
2022-02-09,US,Fresno,pm25,47,42.0,106.0,70.0,1559.83
2022-02-09,US,Milwaukee,pm25,142,10.0,71.0,30.0,1828.46
2022-02-09,US,Hartford,pm25,47,19.0,60.0,48.0,1988.25
2022-02-09,US,Washington D.C.,pm25,118,5.0,85.0,42.0,2567.76
2022-02-09,US,Chicago,pm25,237,8.0,67.0,32.0,1891.43
2022-02-09,US,Houston,pm25,47,15.0,157.0,50.0,6429.06
2022-02-09,US,Indianapolis,pm25,114,4.0,49.0,26.0,815.58
2022-02-09,US,Atlanta,pm25,24,17.0,70.0,54.0,3673.46
2022-02-09,US,Charlotte,pm25,23,5.0,61.0,46.0,2337.11
2022-02-09,US,Sacramento,pm25,48,25.0,97.0,59.0,2479.98
2022-02-09,US,Oakland,pm25,120,5.0,91.0,42.0,2901.28
2022-02-09,US,Providence,pm25,47,5.0,57.0,21.0,1450.43
2022-02-09,US,Staten Island,pm25,110,10.0,75.0,45.0,2184.67
2022-02-09,US,Brooklyn,pm25,130,21.0,66.0,51.0,836.97
2022-02-09,US,Springfield,pm25,69,2.0,157.0,23.0,4713.7
2022-02-09,US,The Bronx,pm25,48,33.0,55.0,44.0,372.32
2022-02-09,US,San Jose,pm25,95,9.0,95.0,38.0,3713.8
2022-02-09,US,Los Angeles,pm25,69,4.0,119.0,48.0,8785.73
2022-02-09,US,Detroit,pm25,96,8.0,108.0,54.0,4088.42
2022-02-09,US,Little Rock,pm25,23,3.0,61.0,28.0,2513.16
2022-02-09,US,Baltimore,pm25,45,17.0,82.0,54.0,3934.83
2022-02-09,US,Phoenix,pm25,186,3.0,169.0,28.0,10924.7
2022-02-09,US,Omaha,pm25,33,5.0,59.0,9.0,998.18
2022-02-09,US,El Paso,pm25,150,5.0,158.0,25.0,7024.87
2022-02-09,US,Dallas,pm25,24,5.0,57.0,35.0,2570.42
2022-02-09,US,Seattle,pm25,262,14.0,76.0,46.0,1915.48
2022-02-09,US,Manhattan,pm25,72,20.0,77.0,45.0,1157.45
2022-02-09,US,Miami,pm25,94,10.0,38.0,22.0,391.48
2022-02-09,US,Jacksonville,pm25,139,16.0,77.0,49.0,1882.5
2022-02-09,US,San Antonio,pm25,65,1.0,75.0,28.0,3286.24
2022-02-09,US,Philadelphia,pm25,70,8.0,90.0,57.0,3648.79
2022-02-09,US,San Diego,pm25,21,1.0,61.0,40.0,2843.62
2022-02-09,US,Columbus,pm25,47,13.0,63.0,35.0,1122.36
2022-02-09,US,Saint Paul,pm25,92,5.0,25.0,9.0,328.71
2022-02-09,US,Denver,pm25,153,5.0,50.0,17.0,1165.53
2022-02-09,US,Salt Lake City,pm25,216,7.0,85.0,53.0,2440.55
2022-02-09,US,Albuquerque,pm25,71,6.0,85.0,25.0,3443.1
2022-02-09,US,San Francisco,pm25,67,5.0,70.0,34.0,2629.99
2022-02-09,US,Salem,pm25,72,31.0,101.0,60.0,2989.43
2022-02-09,US,Madison,pm25,48,14.0,50.0,20.0,678.86
2022-02-09,US,Nashville,pm25,96,5.0,65.0,25.0,1452.61
2022-02-09,US,Tucson,pm25,148,5.0,63.0,25.0,1877.56
2022-02-09,US,Queens,pm25,94,13.0,57.0,42.0,802.52
2022-02-09,US,Tallahassee,pm25,72,5.0,110.0,43.0,4453.36
2022-02-09,US,Fort Worth,pm25,20,5.0,53.0,17.0,1811.87
2022-02-09,RS,Novi Sad,pm25,48,20.0,164.0,53.0,11668.1
2022-02-09,RS,Niš,pm25,48,49.0,193.0,100.0,24048.5
2022-02-09,RS,Belgrade,pm25,95,27.0,168.0,61.0,10792.4
2022-02-09,CY,Nicosia,pm25,24,15.0,72.0,52.0,1239.4
2022-02-09,CY,Limassol,pm25,15,14.0,80.0,30.0,3194.57
2022-02-09,HR,Rijeka,pm25,50,9.0,154.0,30.0,12029.9
2022-02-09,MK,Skopje,pm25,168,24.0,159.0,56.0,5390.09
2022-02-10,GE,Tbilisi,pm25,96,36.0,116.0,67.0,2536.15
2022-02-10,HU,Győr,pm25,46,5.0,119.0,70.0,6495.39
2022-02-10,HU,Szeged,pm25,23,53.0,114.0,68.0,1771.78
2022-02-10,HU,Pécs,pm25,36,57.0,127.0,80.0,6610.5
2022-02-10,HU,Kecskemét,pm25,48,50.0,107.0,70.0,2287.38
2022-02-10,HU,Miskolc,pm25,117,50.0,151.0,95.0,3528.73
2022-02-10,HU,Budapest,pm25,360,25.0,153.0,76.0,5534.25
2022-02-10,JP,Fukuoka,pm25,423,5.0,85.0,34.0,2549.13
2022-02-10,JP,Kanazawa,pm25,217,5.0,61.0,21.0,1393.21
2022-02-10,JP,Kumamoto,pm25,370,5.0,99.0,50.0,2428.49
2022-02-10,JP,Akita,pm25,38,5.0,59.0,30.0,3011.44
2022-02-10,JP,Kochi,pm25,47,5.0,42.0,25.0,846.46
2022-02-10,JP,Gifu-shi,pm25,162,5.0,72.0,30.0,2293.52
2022-02-10,JP,Kyoto,pm25,560,5.0,59.0,34.0,1342.15
2022-02-10,JP,Hiroshima,pm25,293,5.0,68.0,34.0,2261.37
2022-02-10,JP,Shizuoka,pm25,202,5.0,74.0,25.0,2754.53
2022-02-10,JP,Chiba,pm25,726,5.0,85.0,38.0,2289.71
2022-02-10,JP,Sapporo,pm25,215,9.0,91.0,50.0,2423.91
2022-02-10,JP,Yokohama,pm25,542,1.0,63.0,30.0,1945.96
2022-02-10,JP,Tokyo,pm25,2459,1.0,119.0,46.0,1448.17
2022-02-10,JP,Saitama,pm25,499,9.0,99.0,50.0,1738.71
2022-02-10,JP,Naha,pm25,140,5.0,38.0,21.0,600.08
2022-02-10,JP,Nagasaki,pm25,173,5.0,63.0,30.0,2297.59
2022-02-10,JP,Toyama,pm25,155,5.0,119.0,34.0,3710.0
2022-02-10,JP,Niigata,pm25,210,5.0,82.0,38.0,1832.34
2022-02-10,JP,Nara-shi,pm25,187,5.0,61.0,38.0,1972.85
2022-02-10,JP,Okayama,pm25,284,5.0,102.0,42.0,3553.42
2022-02-10,JP,Sendai,pm25,355,5.0,55.0,34.0,1097.19
2022-02-10,JP,Osaka,pm25,1425,5.0,68.0,34.0,1724.87
2022-02-10,JP,Miyazaki,pm25,137,5.0,112.0,46.0,2260.4
2022-02-10,JP,Matsuyama,pm25,155,5.0,68.0,42.0,2214.33
2022-02-10,JP,Wakayama,pm25,278,9.0,63.0,34.0,1593.31
2022-02-10,JP,Takamatsu,pm25,235,5.0,72.0,21.0,2120.26
2022-02-10,JP,Nagoya,pm25,765,5.0,95.0,38.0,2180.25
2022-02-10,JP,Ōita,pm25,241,5.0,63.0,25.0,1561.52
2022-02-10,JP,Kobe,pm25,423,5.0,63.0,30.0,1286.53
2022-02-10,JP,Nagano,pm25,91,5.0,74.0,38.0,3865.33
2022-02-10,JP,Utsunomiya,pm25,446,5.0,76.0,38.0,2679.63
2022-02-10,JP,Kagoshima,pm25,94,13.0,59.0,42.0,1104.65
2022-02-10,SK,Košice,pm25,96,55.0,151.0,99.0,3493.6
2022-02-10,SK,Bratislava,pm25,96,9.0,80.0,42.0,1746.88
2022-02-10,FI,Vantaa,pm25,24,4.0,22.0,16.0,194.62
2022-02-10,FI,Turku,pm25,15,1.0,31.0,3.0,566.95
2022-02-10,FI,Helsinki,pm25,120,6.0,28.0,13.0,218.54
2022-02-10,FI,Tampere,pm25,96,5.0,38.0,9.0,212.73
2022-02-10,ET,Addis Ababa,pm25,48,55.0,167.0,76.0,4657.43
2022-02-10,CH,Zürich,pm25,21,2.0,5.0,3.0,10.9
2022-02-10,CO,Bogotá,pm25,319,17.0,161.0,68.0,7714.74
2022-02-10,CO,Medellín,pm25,328,21.0,115.0,70.0,3183.2
2022-02-10,DK,Copenhagen,pm25,24,18.0,44.0,33.0,400.58
2022-02-10,GB,Edinburgh,pm25,280,4.0,30.0,10.0,306.66
2022-02-10,GB,Norwich,pm25,16,30.0,55.0,37.0,501.17
2022-02-10,GB,Liverpool,pm25,30,9.0,31.0,23.0,327.37
2022-02-10,GB,Belfast,pm25,59,12.0,46.0,24.0,338.19
2022-02-10,GB,Coventry,pm25,67,14.0,70.0,18.0,705.83
2022-02-10,GB,Leeds,pm25,44,5.0,34.0,21.0,293.0
2022-02-10,GB,Cardiff,pm25,96,13.0,53.0,30.0,1400.68
2022-02-10,GB,Bristol,pm25,67,5.0,59.0,25.0,1434.98
2022-02-10,GB,London,pm25,431,2.0,80.0,27.0,1400.46
2022-02-10,GB,Birmingham,pm25,45,14.0,37.0,25.0,516.8
2022-02-10,GB,Sheffield,pm25,67,18.0,35.0,25.0,139.11
2022-02-10,GB,Newport,pm25,43,13.0,30.0,21.0,233.26
2022-02-10,GB,Leicester,pm25,20,25.0,49.0,25.0,536.08
2022-02-10,GB,Manchester,pm25,78,19.0,38.0,30.0,350.82
2022-02-10,GB,Reading,pm25,44,9.0,57.0,21.0,1916.96
2022-02-10,GB,Plymouth,pm25,36,5.0,59.0,17.0,1804.16
2022-02-10,GB,Glasgow,pm25,555,5.0,53.0,15.0,1037.82
2022-02-10,GB,Preston,pm25,47,20.0,40.0,26.0,293.16
2022-02-10,GB,Swansea,pm25,116,9.0,76.0,25.0,1192.56
2022-02-10,GB,Southend-on-Sea,pm25,42,17.0,56.0,23.0,525.97
2022-02-10,ID,Jakarta,pm25,71,9.0,124.0,57.0,6494.96
2022-02-10,NP,Kathmandu,pm25,96,18.0,169.0,76.0,19320.5
2022-02-10,NP,Pokhara,pm25,34,61.0,228.0,187.0,39432.9
2022-02-10,NP,Biratnagar,pm25,22,157.0,170.0,164.0,187.53
2022-02-10,AU,Sydney,pm25,158,3.0,74.0,36.0,1787.16
2022-02-10,AU,Newcastle,pm25,126,9.0,98.0,38.0,2355.59
2022-02-10,AU,Launceston,pm25,56,5.0,68.0,5.0,1233.11
2022-02-10,AU,Hobart,pm25,15,5.0,9.0,5.0,33.52
2022-02-10,AU,Darwin,pm25,44,1.0,27.0,16.0,502.6
2022-02-10,AU,Melbourne,pm25,160,2.0,56.0,24.0,1283.5
2022-02-10,AU,Canberra,pm25,67,1.0,74.0,31.0,3168.79
2022-02-10,AU,Adelaide,pm25,92,5.0,52.0,18.0,681.77
2022-02-10,AU,Brisbane,pm25,142,1.0,52.0,23.0,932.84
2022-02-10,AU,Wollongong,pm25,46,1.0,66.0,34.0,2263.92
2022-02-10,CI,Abidjan,pm25,24,95.0,158.0,151.0,5448.24
2022-02-10,GH,Accra,pm25,9,129.0,155.0,151.0,703.61
2022-02-10,IQ,Baghdad,pm25,24,70.0,161.0,102.0,11550.4
2022-02-10,IS,Reykjavík,pm25,96,5.0,37.0,15.0,221.62
2022-02-10,NL,Utrecht,pm25,48,13.0,87.0,40.0,3501.28
2022-02-10,NL,Nijmegen,pm25,44,11.0,82.0,52.0,3435.29
2022-02-10,NL,Haarlem,pm25,136,2.0,66.0,23.0,2451.74
2022-02-10,NL,Eindhoven,pm25,24,16.0,83.0,50.0,3261.09
2022-02-10,NL,Rotterdam,pm25,190,4.0,77.0,28.0,3628.33
2022-02-10,NL,Amsterdam,pm25,228,2.0,66.0,24.0,2045.7
2022-02-10,NL,Dordrecht,pm25,23,30.0,86.0,50.0,2248.14
2022-02-10,NL,Breda,pm25,45,8.0,86.0,41.0,3802.25
2022-02-10,NL,Groningen,pm25,47,7.0,53.0,27.0,1058.4
2022-02-10,NL,Maastricht,pm25,93,9.0,80.0,50.0,3795.55
2022-02-10,NL,The Hague,pm25,63,4.0,70.0,23.0,3988.67
2022-02-10,PT,Lisbon,pm25,51,60.0,88.0,72.0,483.75
2022-02-10,PT,Funchal,pm25,72,47.0,136.0,69.0,1548.29
2022-02-10,CA,Hamilton,pm25,87,13.0,55.0,34.0,1189.0
2022-02-10,CA,Calgary,pm25,84,1.0,52.0,10.0,1154.54
2022-02-10,CA,Winnipeg,pm25,24,9.0,30.0,15.0,474.78
2022-02-10,CA,Halifax,pm25,46,12.0,38.0,28.0,502.69
2022-02-10,CA,Kitchener,pm25,43,17.0,65.0,34.0,2127.01
2022-02-10,CA,Edmonton,pm25,119,1.0,30.0,9.0,258.9
2022-02-10,CA,Mississauga,pm25,62,5.0,74.0,34.0,3492.26
2022-02-10,CA,Québec,pm25,188,14.0,80.0,53.0,2364.01
2022-02-10,CA,Vancouver,pm25,23,5.0,25.0,13.0,394.43
2022-02-10,CA,Victoria,pm25,46,13.0,53.0,25.0,1044.1
2022-02-10,CA,Montréal,pm25,454,15.0,82.0,52.0,2272.28
2022-02-10,CA,Toronto,pm25,126,5.0,68.0,34.0,3251.05
2022-02-10,CA,Ottawa,pm25,68,14.0,63.0,54.0,2865.49
2022-02-10,CA,London,pm25,48,17.0,55.0,30.0,1545.89
2022-02-10,US,Oklahoma City,pm25,94,8.0,66.0,19.0,1552.31
2022-02-10,US,Raleigh,pm25,72,5.0,62.0,38.0,2164.65
2022-02-10,US,Memphis,pm25,70,2.0,62.0,25.0,1153.2
2022-02-10,US,Jackson,pm25,72,1.0,147.0,58.0,9860.49
2022-02-10,US,Boston,pm25,130,5.0,70.0,34.0,1841.99
2022-02-10,US,Richmond,pm25,93,13.0,41.0,24.0,613.75
2022-02-10,US,Portland,pm25,166,21.0,88.0,47.0,2274.59
2022-02-10,US,Boise,pm25,93,5.0,78.0,61.0,2264.24
2022-02-10,US,Austin,pm25,44,5.0,65.0,30.0,2798.24
2022-02-10,US,Honolulu,pm25,53,5.0,42.0,17.0,1030.96
2022-02-10,US,Fresno,pm25,47,38.0,96.0,66.0,1587.81
2022-02-10,US,Milwaukee,pm25,143,9.0,57.0,26.0,1040.54
2022-02-10,US,Hartford,pm25,48,16.0,77.0,49.0,4640.83
2022-02-10,US,Washington D.C.,pm25,114,5.0,70.0,24.0,1453.61
2022-02-10,US,Chicago,pm25,219,3.0,52.0,22.0,691.55
2022-02-10,US,Houston,pm25,43,13.0,90.0,43.0,4698.76
2022-02-10,US,Indianapolis,pm25,115,1.0,55.0,22.0,1746.29
2022-02-10,US,Atlanta,pm25,14,25.0,74.0,53.0,2187.31
2022-02-10,US,Charlotte,pm25,24,5.0,57.0,34.0,2033.46
2022-02-10,US,Sacramento,pm25,59,38.0,102.0,61.0,1802.1
2022-02-10,US,Oakland,pm25,118,5.0,74.0,34.0,2713.33
2022-02-10,US,Providence,pm25,46,5.0,65.0,21.0,3103.21
2022-02-10,US,Staten Island,pm25,112,3.0,70.0,35.0,2485.74
2022-02-10,US,Brooklyn,pm25,137,3.0,72.0,32.0,1817.52
2022-02-10,US,Springfield,pm25,66,2.0,36.0,19.0,399.96
2022-02-10,US,The Bronx,pm25,44,3.0,72.0,30.0,3896.49
2022-02-10,US,San Jose,pm25,94,5.0,82.0,30.0,2760.49
2022-02-10,US,Los Angeles,pm25,69,2.0,118.0,50.0,6545.09
2022-02-10,US,Detroit,pm25,168,10.0,79.0,37.0,1330.06
2022-02-10,US,Little Rock,pm25,23,7.0,72.0,48.0,3735.1
2022-02-10,US,Baltimore,pm25,44,5.0,61.0,29.0,1761.06
2022-02-10,US,Phoenix,pm25,178,1.0,121.0,22.0,6430.87
2022-02-10,US,Omaha,pm25,30,5.0,53.0,13.0,1305.1
2022-02-10,US,El Paso,pm25,162,5.0,117.0,30.0,4729.31
2022-02-10,US,Dallas,pm25,24,8.0,82.0,28.0,3699.84
2022-02-10,US,Seattle,pm25,260,9.0,70.0,30.0,2245.73
2022-02-10,US,Manhattan,pm25,71,3.0,99.0,39.0,2350.56
2022-02-10,US,Miami,pm25,92,19.0,37.0,28.0,169.41
2022-02-10,US,Jacksonville,pm25,140,3.0,86.0,45.0,3050.83
2022-02-10,US,San Antonio,pm25,72,5.0,80.0,32.0,2744.57
2022-02-10,US,Philadelphia,pm25,80,4.0,130.0,38.0,4826.33
2022-02-10,US,San Diego,pm25,21,8.0,42.0,31.0,704.48
2022-02-10,US,Columbus,pm25,47,4.0,48.0,24.0,876.06
2022-02-10,US,Saint Paul,pm25,123,5.0,34.0,17.0,592.98
2022-02-10,US,Denver,pm25,99,5.0,57.0,21.0,1386.78
2022-02-10,US,Salt Lake City,pm25,216,4.0,62.0,37.0,2513.29
2022-02-10,US,Albuquerque,pm25,72,9.0,84.0,17.0,3781.31
2022-02-10,US,San Francisco,pm25,67,5.0,70.0,25.0,2335.53
2022-02-10,US,Salem,pm25,72,43.0,89.0,59.0,1257.42
2022-02-10,US,Madison,pm25,48,14.0,42.0,24.0,458.3
2022-02-10,US,Nashville,pm25,95,5.0,148.0,30.0,4013.12
2022-02-10,US,Tucson,pm25,160,5.0,61.0,25.0,1387.65
2022-02-10,US,Queens,pm25,96,16.0,69.0,35.0,1341.79
2022-02-10,US,Tallahassee,pm25,65,18.0,129.0,52.0,4660.25
2022-02-10,US,Fort Worth,pm25,19,5.0,53.0,21.0,1383.63
2022-02-10,RS,Novi Sad,pm25,48,22.0,160.0,92.0,14189.8
2022-02-10,RS,Niš,pm25,48,119.0,212.0,156.0,6052.62
2022-02-10,RS,Belgrade,pm25,88,49.0,196.0,125.0,18865.7
2022-02-10,CY,Nicosia,pm25,24,29.0,72.0,51.0,970.15
2022-02-10,CY,Limassol,pm25,11,12.0,92.0,37.0,6258.55
2022-02-10,HR,Rijeka,pm25,51,23.0,154.0,92.0,6176.41
2022-02-10,MK,Skopje,pm25,168,26.0,205.0,99.0,18086.3
2022-02-11,GE,Tbilisi,pm25,96,19.0,45.0,28.0,556.7
2022-02-11,HU,Győr,pm25,47,5.0,93.0,68.0,7536.26
2022-02-11,HU,Szeged,pm25,22,42.0,114.0,76.0,4069.98
2022-02-11,HU,Pécs,pm25,72,13.0,144.0,57.0,9512.52
2022-02-11,HU,Kecskemét,pm25,46,17.0,122.0,95.0,14613.9
2022-02-11,HU,Miskolc,pm25,120,21.0,155.0,87.0,10861.0
2022-02-11,HU,Budapest,pm25,360,13.0,139.0,78.0,15271.0
2022-02-11,JP,Fukuoka,pm25,426,5.0,95.0,50.0,1455.53
2022-02-11,JP,Kanazawa,pm25,228,5.0,76.0,25.0,1792.26
2022-02-11,JP,Kumamoto,pm25,368,5.0,95.0,46.0,2063.97
2022-02-11,JP,Akita,pm25,39,5.0,72.0,38.0,3136.73
2022-02-11,JP,Kochi,pm25,47,5.0,59.0,21.0,996.76
2022-02-11,JP,Gifu-shi,pm25,154,5.0,85.0,21.0,2361.89
2022-02-11,JP,Kyoto,pm25,558,5.0,72.0,34.0,1962.38
2022-02-11,JP,Hiroshima,pm25,262,5.0,65.0,21.0,1406.68
2022-02-11,JP,Shizuoka,pm25,71,5.0,50.0,21.0,1760.26
2022-02-11,JP,Chiba,pm25,681,5.0,82.0,21.0,2178.34
2022-02-11,JP,Sapporo,pm25,207,9.0,89.0,50.0,1730.63
2022-02-11,JP,Yokohama,pm25,515,1.0,87.0,21.0,2086.55
2022-02-11,JP,Tokyo,pm25,2509,5.0,155.0,25.0,1710.75
2022-02-11,JP,Saitama,pm25,488,5.0,63.0,25.0,1876.92
2022-02-11,JP,Naha,pm25,143,9.0,53.0,30.0,819.85
2022-02-11,JP,Nagasaki,pm25,186,5.0,85.0,42.0,1778.61
2022-02-11,JP,Toyama,pm25,165,5.0,78.0,34.0,2332.27
2022-02-11,JP,Niigata,pm25,213,5.0,65.0,34.0,1935.37
2022-02-11,JP,Nara-shi,pm25,186,5.0,78.0,34.0,2594.84
2022-02-11,JP,Okayama,pm25,280,5.0,82.0,42.0,2413.6
2022-02-11,JP,Sendai,pm25,452,5.0,72.0,38.0,1470.1
2022-02-11,JP,Osaka,pm25,1413,5.0,80.0,30.0,2256.16
2022-02-11,JP,Miyazaki,pm25,134,5.0,70.0,46.0,1710.51
2022-02-11,JP,Matsuyama,pm25,146,5.0,74.0,25.0,2295.86
2022-02-11,JP,Wakayama,pm25,280,5.0,74.0,30.0,1774.93
2022-02-11,JP,Takamatsu,pm25,238,5.0,93.0,38.0,2057.44
2022-02-11,JP,Nagoya,pm25,750,1.0,97.0,25.0,1818.08
2022-02-11,JP,Ōita,pm25,227,5.0,53.0,21.0,1282.59
2022-02-11,JP,Kobe,pm25,410,5.0,153.0,25.0,1546.56
2022-02-11,JP,Nagano,pm25,82,5.0,53.0,21.0,1172.18
2022-02-11,JP,Utsunomiya,pm25,387,5.0,72.0,13.0,1066.24
2022-02-11,JP,Kagoshima,pm25,96,21.0,68.0,42.0,943.24
2022-02-11,SK,Košice,pm25,94,13.0,137.0,78.0,8273.98
2022-02-11,SK,Bratislava,pm25,76,5.0,78.0,46.0,4257.76
2022-02-11,FI,Vantaa,pm25,24,8.0,28.0,16.0,258.53
2022-02-11,FI,Turku,pm25,20,1.0,14.0,6.0,97.13
2022-02-11,FI,Helsinki,pm25,120,6.0,23.0,10.0,149.32
2022-02-11,FI,Tampere,pm25,96,6.0,32.0,9.0,127.3
2022-02-11,ET,Addis Ababa,pm25,48,65.0,167.0,76.0,6233.93
2022-02-11,CH,Zürich,pm25,19,1.0,3.0,1.0,5.96
2022-02-11,CO,Bogotá,pm25,334,9.0,160.0,80.0,6855.64
2022-02-11,CO,Medellín,pm25,291,30.0,107.0,68.0,1834.51
2022-02-11,DK,Copenhagen,pm25,24,14.0,47.0,36.0,916.79
2022-02-11,EC,Quito,pm25,172,1.0,103.0,38.0,5178.71
2022-02-11,GB,Edinburgh,pm25,279,6.0,53.0,19.0,654.27
2022-02-11,GB,Norwich,pm25,22,21.0,46.0,25.0,621.84
2022-02-11,GB,Liverpool,pm25,37,9.0,36.0,25.0,621.34
2022-02-11,GB,Belfast,pm25,68,17.0,50.0,30.0,410.7
2022-02-11,GB,Coventry,pm25,60,21.0,45.0,27.0,353.84
2022-02-11,GB,Leeds,pm25,42,21.0,59.0,40.0,1457.68
2022-02-11,GB,Cardiff,pm25,92,21.0,59.0,42.0,1069.01
2022-02-11,GB,Bristol,pm25,70,9.0,65.0,30.0,1319.14
2022-02-11,GB,London,pm25,454,5.0,99.0,38.0,2012.3
2022-02-11,GB,Birmingham,pm25,42,21.0,60.0,30.0,1294.66
2022-02-11,GB,Sheffield,pm25,93,13.0,80.0,37.0,1449.98
2022-02-11,GB,Newport,pm25,44,16.0,43.0,28.0,569.43
2022-02-11,GB,Leicester,pm25,24,23.0,51.0,29.0,687.81
2022-02-11,GB,Manchester,pm25,85,25.0,56.0,34.0,676.14
2022-02-11,GB,Reading,pm25,48,13.0,57.0,30.0,1238.08
2022-02-11,GB,Plymouth,pm25,31,5.0,34.0,21.0,1202.73
2022-02-11,GB,Glasgow,pm25,569,5.0,63.0,25.0,1225.52
2022-02-11,GB,Preston,pm25,40,19.0,52.0,30.0,450.97
2022-02-11,GB,Swansea,pm25,115,5.0,63.0,25.0,2082.7
2022-02-11,GB,Southend-on-Sea,pm25,47,21.0,59.0,28.0,935.74
2022-02-11,ID,Jakarta,pm25,63,53.0,155.0,93.0,9179.64
2022-02-11,NP,Kathmandu,pm25,94,17.0,175.0,76.0,18120.2
2022-02-11,NP,Pokhara,pm25,33,57.0,220.0,192.0,36935.7
2022-02-11,NP,Biratnagar,pm25,46,102.0,159.0,137.0,2839.54
2022-02-11,AU,Sydney,pm25,153,2.0,60.0,23.0,1188.05
2022-02-11,AU,Newcastle,pm25,113,1.0,53.0,22.0,979.67
2022-02-11,AU,Launceston,pm25,113,5.0,161.0,9.0,6223.56
2022-02-11,AU,Hobart,pm25,48,5.0,25.0,9.0,154.04
2022-02-11,AU,Darwin,pm25,59,1.0,44.0,12.0,1222.44
2022-02-11,AU,Melbourne,pm25,161,1.0,67.0,28.0,1787.11
2022-02-11,AU,Canberra,pm25,60,1.0,68.0,20.0,1812.7
2022-02-11,AU,Adelaide,pm25,86,4.0,50.0,17.0,675.1
2022-02-11,AU,Brisbane,pm25,143,5.0,61.0,23.0,782.97
2022-02-11,AU,Wollongong,pm25,40,1.0,53.0,19.0,1059.17
2022-02-11,CI,Abidjan,pm25,24,127.0,167.0,153.0,1131.88
2022-02-11,GH,Accra,pm25,14,134.0,159.0,153.0,752.09
2022-02-11,IQ,Baghdad,pm25,24,104.0,181.0,159.0,4305.92
2022-02-11,IS,Reykjavík,pm25,96,2.0,16.0,6.0,130.11
2022-02-11,KG,Bishkek,pm25,20,25.0,124.0,61.0,6918.84
2022-02-11,NL,Utrecht,pm25,47,20.0,77.0,38.0,2391.68
2022-02-11,NL,Nijmegen,pm25,42,2.0,90.0,33.0,4752.1
2022-02-11,NL,Haarlem,pm25,141,9.0,120.0,38.0,2997.64
2022-02-11,NL,Eindhoven,pm25,24,29.0,81.0,49.0,1563.19
2022-02-11,NL,Rotterdam,pm25,192,3.0,77.0,31.0,1487.21
2022-02-11,NL,Amsterdam,pm25,239,5.0,99.0,28.0,2380.38
2022-02-11,NL,Dordrecht,pm25,23,22.0,67.0,37.0,1414.07
2022-02-11,NL,Breda,pm25,46,6.0,83.0,24.0,3860.33
2022-02-11,NL,Groningen,pm25,46,5.0,53.0,27.0,1122.67
2022-02-11,NL,Maastricht,pm25,96,5.0,78.0,34.0,3058.53
2022-02-11,NL,The Hague,pm25,69,6.0,60.0,32.0,1602.51
2022-02-11,PT,Lisbon,pm25,43,53.0,84.0,73.0,658.26
2022-02-11,PT,Funchal,pm25,62,43.0,83.0,69.0,574.01
2022-02-11,CA,Hamilton,pm25,88,9.0,50.0,25.0,1012.93
2022-02-11,CA,Calgary,pm25,89,3.0,54.0,13.0,1339.08
2022-02-11,CA,Winnipeg,pm25,24,10.0,20.0,13.0,53.84
2022-02-11,CA,Halifax,pm25,46,16.0,48.0,29.0,608.87
2022-02-11,CA,Kitchener,pm25,44,17.0,65.0,30.0,1401.16
2022-02-11,CA,Edmonton,pm25,130,2.0,41.0,13.0,653.88
2022-02-11,CA,Mississauga,pm25,64,17.0,53.0,30.0,676.11
2022-02-11,CA,Québec,pm25,189,14.0,51.0,27.0,782.49
2022-02-11,CA,Vancouver,pm25,23,1.0,33.0,3.0,657.83
2022-02-11,CA,Victoria,pm25,43,5.0,85.0,30.0,3132.86
2022-02-11,CA,Montréal,pm25,413,12.0,67.0,30.0,564.93
2022-02-11,CA,Toronto,pm25,134,5.0,57.0,30.0,1387.99
2022-02-11,CA,Ottawa,pm25,70,14.0,44.0,25.0,660.91
2022-02-11,CA,London,pm25,43,13.0,50.0,30.0,1089.87
2022-02-11,US,Oklahoma City,pm25,94,5.0,82.0,18.0,1730.05
2022-02-11,US,Raleigh,pm25,72,9.0,70.0,42.0,2219.58
2022-02-11,US,Memphis,pm25,72,17.0,61.0,40.0,1047.67
2022-02-11,US,Jackson,pm25,72,2.0,137.0,57.0,8839.76
2022-02-11,US,Boston,pm25,80,5.0,59.0,30.0,1186.2
2022-02-11,US,Richmond,pm25,96,18.0,44.0,30.0,356.0
2022-02-11,US,Portland,pm25,165,5.0,72.0,24.0,2229.67
2022-02-11,US,Boise,pm25,86,9.0,89.0,68.0,5799.07
2022-02-11,US,Austin,pm25,45,9.0,76.0,34.0,2920.53
2022-02-11,US,Honolulu,pm25,53,5.0,30.0,13.0,503.82
2022-02-11,US,Fresno,pm25,48,38.0,96.0,65.0,2211.05
2022-02-11,US,Milwaukee,pm25,144,13.0,36.0,25.0,280.98
2022-02-11,US,Hartford,pm25,48,16.0,56.0,30.0,1300.42
2022-02-11,US,Washington D.C.,pm25,118,5.0,63.0,30.0,1428.3
2022-02-11,US,Chicago,pm25,228,3.0,54.0,24.0,796.88
2022-02-11,US,Houston,pm25,48,10.0,80.0,46.0,3588.83
2022-02-11,US,Indianapolis,pm25,120,3.0,52.0,25.0,781.34
2022-02-11,US,Atlanta,pm25,12,43.0,69.0,48.0,999.02
2022-02-11,US,Charlotte,pm25,24,21.0,85.0,42.0,2295.49
2022-02-11,US,Sacramento,pm25,72,29.0,94.0,63.0,1465.81
2022-02-11,US,Oakland,pm25,119,9.0,85.0,53.0,2268.27
2022-02-11,US,Providence,pm25,41,5.0,55.0,21.0,1597.99
2022-02-11,US,Staten Island,pm25,103,2.0,86.0,34.0,3581.34
2022-02-11,US,Brooklyn,pm25,142,10.0,77.0,32.0,1912.58
2022-02-11,US,Springfield,pm25,69,3.0,79.0,18.0,1356.89
2022-02-11,US,The Bronx,pm25,48,15.0,72.0,35.0,2416.01
2022-02-11,US,San Jose,pm25,96,5.0,112.0,46.0,2753.36
2022-02-11,US,Los Angeles,pm25,72,8.0,114.0,53.0,4639.05
2022-02-11,US,Detroit,pm25,168,13.0,69.0,40.0,1198.4
2022-02-11,US,Little Rock,pm25,24,22.0,84.0,50.0,2973.04
2022-02-11,US,Baltimore,pm25,48,13.0,65.0,32.0,2177.8
2022-02-11,US,Phoenix,pm25,190,4.0,160.0,34.0,5501.11
2022-02-11,US,Omaha,pm25,30,5.0,25.0,17.0,446.71
2022-02-11,US,El Paso,pm25,134,5.0,92.0,25.0,2988.4
2022-02-11,US,Dallas,pm25,24,18.0,65.0,39.0,1667.37
2022-02-11,US,Seattle,pm25,258,5.0,95.0,25.0,2313.78
2022-02-11,US,Manhattan,pm25,71,7.0,80.0,34.0,2761.88
2022-02-11,US,Miami,pm25,91,18.0,59.0,25.0,741.07
2022-02-11,US,Jacksonville,pm25,144,24.0,122.0,56.0,3367.34
2022-02-11,US,San Antonio,pm25,70,1.0,101.0,34.0,3799.55
2022-02-11,US,Philadelphia,pm25,90,5.0,91.0,29.0,4212.41
2022-02-11,US,San Diego,pm25,23,3.0,60.0,31.0,3118.77
2022-02-11,US,Columbus,pm25,47,1.0,54.0,32.0,1760.18
2022-02-11,US,Saint Paul,pm25,127,5.0,42.0,17.0,933.32
2022-02-11,US,Denver,pm25,148,5.0,42.0,13.0,403.5
2022-02-11,US,Salt Lake City,pm25,216,3.0,66.0,23.0,2331.58
2022-02-11,US,Albuquerque,pm25,72,5.0,96.0,14.0,3897.46
2022-02-11,US,San Francisco,pm25,71,9.0,68.0,38.0,2246.78
2022-02-11,US,Salem,pm25,72,14.0,77.0,50.0,2033.8
2022-02-11,US,Madison,pm25,48,13.0,25.0,19.0,94.45
2022-02-11,US,Nashville,pm25,96,5.0,99.0,44.0,2226.16
2022-02-11,US,Tucson,pm25,157,5.0,89.0,34.0,2835.48
2022-02-11,US,Queens,pm25,96,18.0,61.0,38.0,1187.96
2022-02-11,US,Tallahassee,pm25,72,23.0,138.0,59.0,8809.72
2022-02-11,US,Fort Worth,pm25,18,5.0,55.0,21.0,1443.69
2022-02-11,RS,Novi Sad,pm25,48,22.0,138.0,58.0,7270.0
2022-02-11,RS,Niš,pm25,48,72.0,205.0,153.0,13289.7
2022-02-11,RS,Belgrade,pm25,106,27.0,183.0,92.0,19442.1
2022-02-11,CY,Nicosia,pm25,24,48.0,132.0,58.0,4881.29
2022-02-11,CY,Limassol,pm25,24,20.0,119.0,38.0,8459.11
2022-02-11,HR,Rijeka,pm25,54,4.0,99.0,60.0,4671.52
2022-02-11,MK,Skopje,pm25,168,45.0,202.0,122.0,18638.6
2022-02-12,GE,Tbilisi,pm25,96,35.0,87.0,54.0,907.54
2022-02-12,HU,Győr,pm25,48,9.0,107.0,30.0,5139.56
2022-02-12,HU,Szeged,pm25,23,21.0,65.0,30.0,1488.62
2022-02-12,HU,Pécs,pm25,60,9.0,91.0,30.0,6978.41
2022-02-12,HU,Kecskemét,pm25,48,21.0,85.0,42.0,3502.98
2022-02-12,HU,Miskolc,pm25,120,21.0,164.0,57.0,18317.8
2022-02-12,HU,Budapest,pm25,358,9.0,91.0,34.0,3415.99
2022-02-12,JP,Fukuoka,pm25,424,5.0,91.0,46.0,1617.11
2022-02-12,JP,Kanazawa,pm25,213,5.0,57.0,21.0,1484.79
2022-02-12,JP,Kumamoto,pm25,360,5.0,134.0,57.0,5559.37
2022-02-12,JP,Akita,pm25,41,5.0,78.0,34.0,3397.52
2022-02-12,JP,Kochi,pm25,43,5.0,42.0,17.0,608.14
2022-02-12,JP,Gifu-shi,pm25,143,5.0,89.0,21.0,2848.13
2022-02-12,JP,Kyoto,pm25,544,5.0,82.0,30.0,1751.71
2022-02-12,JP,Hiroshima,pm25,263,5.0,74.0,25.0,2448.12
2022-02-12,JP,Shizuoka,pm25,68,5.0,55.0,21.0,1905.52
2022-02-12,JP,Chiba,pm25,772,5.0,112.0,38.0,2796.47
2022-02-12,JP,Sapporo,pm25,214,13.0,132.0,46.0,3447.34
2022-02-12,JP,Yokohama,pm25,535,1.0,87.0,38.0,2726.79
2022-02-12,JP,Tokyo,pm25,2539,1.0,137.0,46.0,1829.25
2022-02-12,JP,Saitama,pm25,502,5.0,85.0,42.0,2064.07
2022-02-12,JP,Naha,pm25,138,13.0,53.0,38.0,1110.86
2022-02-12,JP,Nagasaki,pm25,189,9.0,76.0,46.0,1503.59
2022-02-12,JP,Toyama,pm25,161,5.0,117.0,25.0,2708.74
2022-02-12,JP,Niigata,pm25,214,5.0,61.0,30.0,1678.13
2022-02-12,JP,Nara-shi,pm25,177,5.0,78.0,30.0,1576.52
2022-02-12,JP,Okayama,pm25,281,5.0,124.0,42.0,2007.33
2022-02-12,JP,Sendai,pm25,473,5.0,72.0,38.0,1280.8
2022-02-12,JP,Osaka,pm25,971,5.0,82.0,25.0,1620.72
2022-02-12,JP,Miyazaki,pm25,126,5.0,144.0,38.0,2804.48
2022-02-12,JP,Matsuyama,pm25,149,5.0,80.0,30.0,2831.12
2022-02-12,JP,Wakayama,pm25,270,5.0,70.0,25.0,1871.08
2022-02-12,JP,Takamatsu,pm25,232,5.0,74.0,30.0,1578.04
2022-02-12,JP,Nagoya,pm25,763,5.0,127.0,30.0,2110.93
2022-02-12,JP,Ōita,pm25,246,5.0,171.0,34.0,3577.78
2022-02-12,JP,Kobe,pm25,415,5.0,78.0,30.0,1727.19
2022-02-12,JP,Nagano,pm25,89,5.0,70.0,30.0,2197.69
2022-02-12,JP,Utsunomiya,pm25,436,5.0,85.0,42.0,2231.25
2022-02-12,JP,Kagoshima,pm25,91,21.0,61.0,38.0,837.0
2022-02-12,SK,Košice,pm25,96,9.0,164.0,38.0,8156.77
2022-02-12,SK,Bratislava,pm25,90,5.0,87.0,21.0,3444.6
2022-02-12,FI,Vantaa,pm25,23,5.0,30.0,14.0,622.65
2022-02-12,FI,Turku,pm25,17,1.0,23.0,7.0,469.93
2022-02-12,FI,Helsinki,pm25,119,1.0,30.0,9.0,424.0
2022-02-12,FI,Tampere,pm25,94,2.0,30.0,8.0,318.08
2022-02-12,ET,Addis Ababa,pm25,47,50.0,168.0,80.0,6928.45
2022-02-12,CH,Zürich,pm25,15,1.0,3.0,2.0,5.52
2022-02-12,CO,Bogotá,pm25,335,5.0,142.0,68.0,3681.58
2022-02-12,CO,Medellín,pm25,242,34.0,87.0,65.0,1057.21
2022-02-12,DK,Copenhagen,pm25,24,17.0,39.0,26.0,379.11
2022-02-12,EC,Quito,pm25,192,1.0,120.0,35.0,6283.18
2022-02-12,GB,Edinburgh,pm25,286,1.0,20.0,5.0,247.8
2022-02-12,GB,Norwich,pm25,21,30.0,38.0,34.0,62.48
2022-02-12,GB,Liverpool,pm25,20,9.0,25.0,13.0,176.42
2022-02-12,GB,Belfast,pm25,90,3.0,54.0,21.0,903.25
2022-02-12,GB,Coventry,pm25,48,21.0,31.0,25.0,67.22
2022-02-12,GB,Leeds,pm25,37,17.0,42.0,30.0,544.41
2022-02-12,GB,Cardiff,pm25,96,17.0,42.0,30.0,516.14
2022-02-12,GB,Bristol,pm25,70,9.0,78.0,25.0,1169.33
2022-02-12,GB,London,pm25,488,5.0,72.0,34.0,1683.76
2022-02-12,GB,Birmingham,pm25,37,19.0,42.0,30.0,356.79
2022-02-12,GB,Sheffield,pm25,44,25.0,46.0,34.0,384.41
2022-02-12,GB,Newport,pm25,44,13.0,30.0,24.0,222.96
2022-02-12,GB,Leicester,pm25,18,20.0,34.0,30.0,107.35
2022-02-12,GB,Manchester,pm25,86,15.0,53.0,26.0,919.6
2022-02-12,GB,Reading,pm25,48,21.0,59.0,38.0,1035.96
2022-02-12,GB,Plymouth,pm25,27,5.0,46.0,23.0,1017.21
2022-02-12,GB,Glasgow,pm25,572,4.0,63.0,13.0,569.32
2022-02-12,GB,Preston,pm25,39,6.0,37.0,19.0,717.22
2022-02-12,GB,Swansea,pm25,115,9.0,74.0,25.0,2678.13
2022-02-12,GB,Southend-on-Sea,pm25,47,27.0,51.0,36.0,395.64
2022-02-12,ID,Jakarta,pm25,48,53.0,152.0,78.0,7918.28
2022-02-12,NP,Kathmandu,pm25,89,17.0,168.0,78.0,19010.6
2022-02-12,NP,Pokhara,pm25,32,60.0,230.0,192.0,41475.0
2022-02-12,NP,Biratnagar,pm25,42,86.0,159.0,120.0,6348.85
2022-02-12,AU,Sydney,pm25,148,2.0,57.0,15.0,797.01
2022-02-12,AU,Newcastle,pm25,140,1.0,57.0,18.0,1252.69
2022-02-12,AU,Launceston,pm25,95,5.0,55.0,9.0,1002.89
2022-02-12,AU,Hobart,pm25,44,5.0,25.0,9.0,155.86
2022-02-12,AU,Darwin,pm25,58,1.0,44.0,14.0,1048.52
2022-02-12,AU,Melbourne,pm25,163,1.0,70.0,27.0,1881.78
2022-02-12,AU,Canberra,pm25,61,1.0,67.0,19.0,1820.19
2022-02-12,AU,Adelaide,pm25,96,10.0,62.0,30.0,1143.5
2022-02-12,AU,Brisbane,pm25,144,8.0,51.0,25.0,671.45
2022-02-12,AU,Wollongong,pm25,39,1.0,74.0,11.0,1959.27
2022-02-12,CI,Abidjan,pm25,24,122.0,157.0,147.0,1223.46
2022-02-12,IQ,Baghdad,pm25,24,53.0,127.0,89.0,3135.05
2022-02-12,IS,Reykjavík,pm25,96,3.0,52.0,15.0,1329.04
2022-02-12,KG,Bishkek,pm25,24,21.0,181.0,63.0,18898.1
2022-02-12,NL,Utrecht,pm25,48,34.0,80.0,57.0,1011.59
2022-02-12,NL,Nijmegen,pm25,48,3.0,84.0,56.0,2803.61
2022-02-12,NL,Haarlem,pm25,144,22.0,113.0,52.0,2114.83
2022-02-12,NL,Eindhoven,pm25,24,38.0,106.0,59.0,2849.78
2022-02-12,NL,Rotterdam,pm25,192,28.0,73.0,46.0,907.29
2022-02-12,NL,Amsterdam,pm25,239,15.0,157.0,52.0,1994.36
2022-02-12,NL,Dordrecht,pm25,24,37.0,74.0,59.0,909.49
2022-02-12,NL,Breda,pm25,48,8.0,78.0,56.0,2289.77
2022-02-12,NL,Groningen,pm25,48,20.0,66.0,37.0,1375.96
2022-02-12,NL,Maastricht,pm25,96,9.0,89.0,50.0,3025.04
2022-02-12,NL,The Hague,pm25,72,19.0,62.0,43.0,1065.56
2022-02-12,PT,Lisbon,pm25,13,52.0,76.0,68.0,668.08
2022-02-12,PT,Funchal,pm25,69,26.0,64.0,46.0,1154.86
2022-02-12,CA,Hamilton,pm25,72,5.0,55.0,17.0,2172.2
2022-02-12,CA,Calgary,pm25,89,3.0,65.0,13.0,1785.4
2022-02-12,CA,Winnipeg,pm25,24,15.0,25.0,17.0,96.5
2022-02-12,CA,Halifax,pm25,46,12.0,66.0,32.0,2037.65
2022-02-12,CA,Kitchener,pm25,36,5.0,70.0,13.0,5201.23
2022-02-12,CA,Edmonton,pm25,136,10.0,63.0,25.0,667.86
2022-02-12,CA,Mississauga,pm25,55,5.0,61.0,17.0,3252.22
2022-02-12,CA,Québec,pm25,190,7.0,100.0,25.0,1807.02
2022-02-12,CA,Vancouver,pm25,23,2.0,25.0,4.0,412.49
2022-02-12,CA,Victoria,pm25,44,9.0,97.0,25.0,6788.31
2022-02-12,CA,Montréal,pm25,410,9.0,58.0,21.0,758.09
2022-02-12,CA,Toronto,pm25,120,5.0,78.0,17.0,3199.55
2022-02-12,CA,Ottawa,pm25,59,13.0,38.0,21.0,500.04
2022-02-12,CA,London,pm25,35,5.0,46.0,13.0,1816.69
2022-02-12,US,Oklahoma City,pm25,96,6.0,58.0,16.0,1101.68
2022-02-12,US,Raleigh,pm25,72,42.0,112.0,65.0,2392.49
2022-02-12,US,Memphis,pm25,72,11.0,58.0,30.0,1298.87
2022-02-12,US,Jackson,pm25,72,3.0,149.0,47.0,17823.0
2022-02-12,US,Boston,pm25,135,5.0,61.0,30.0,1862.06
2022-02-12,US,Richmond,pm25,96,19.0,74.0,53.0,2435.21
2022-02-12,US,Portland,pm25,168,5.0,68.0,13.0,2529.13
2022-02-12,US,Boise,pm25,92,5.0,80.0,25.0,2257.42
2022-02-12,US,Austin,pm25,35,5.0,53.0,17.0,1104.12
2022-02-12,US,Honolulu,pm25,49,5.0,38.0,13.0,463.54
2022-02-12,US,Fresno,pm25,48,42.0,95.0,62.0,1458.3
2022-02-12,US,Milwaukee,pm25,144,9.0,50.0,22.0,1238.85
2022-02-12,US,Hartford,pm25,48,10.0,48.0,23.0,1427.64
2022-02-12,US,Washington D.C.,pm25,119,5.0,61.0,30.0,2598.84
2022-02-12,US,Chicago,pm25,212,1.0,38.0,17.0,370.49
2022-02-12,US,Houston,pm25,47,8.0,70.0,35.0,2926.29
2022-02-12,US,Indianapolis,pm25,120,2.0,68.0,26.0,1275.46
2022-02-12,US,Atlanta,pm25,24,25.0,75.0,64.0,1449.55
2022-02-12,US,Charlotte,pm25,24,46.0,82.0,68.0,1080.0
2022-02-12,US,Sacramento,pm25,70,25.0,152.0,57.0,6147.1
2022-02-12,US,Oakland,pm25,120,25.0,137.0,63.0,2374.72
2022-02-12,US,Providence,pm25,45,5.0,65.0,25.0,2741.74
2022-02-12,US,Staten Island,pm25,85,5.0,65.0,27.0,2384.24
2022-02-12,US,Brooklyn,pm25,142,1.0,65.0,30.0,1899.95
2022-02-12,US,Springfield,pm25,71,4.0,42.0,24.0,652.51
2022-02-12,US,The Bronx,pm25,48,15.0,61.0,29.0,2014.73
2022-02-12,US,San Jose,pm25,96,9.0,117.0,53.0,6115.49
2022-02-12,US,Los Angeles,pm25,71,1.0,97.0,52.0,6823.19
2022-02-12,US,Detroit,pm25,168,3.0,60.0,19.0,823.44
2022-02-12,US,Little Rock,pm25,24,8.0,42.0,20.0,837.37
2022-02-12,US,Baltimore,pm25,46,9.0,68.0,28.0,2605.43
2022-02-12,US,Phoenix,pm25,184,1.0,105.0,33.0,8174.62
2022-02-12,US,Omaha,pm25,42,5.0,38.0,13.0,578.01
2022-02-12,US,El Paso,pm25,120,9.0,74.0,26.0,2194.93
2022-02-12,US,Dallas,pm25,24,5.0,35.0,20.0,603.46
2022-02-12,US,Seattle,pm25,260,5.0,80.0,30.0,2628.81
2022-02-12,US,Manhattan,pm25,66,3.0,75.0,27.0,2492.33
2022-02-12,US,Miami,pm25,94,16.0,44.0,22.0,307.0
2022-02-12,US,Jacksonville,pm25,144,27.0,153.0,61.0,3511.0
2022-02-12,US,San Antonio,pm25,67,1.0,73.0,18.0,3382.58
2022-02-12,US,Philadelphia,pm25,79,5.0,83.0,32.0,4387.67
2022-02-12,US,San Diego,pm25,22,1.0,69.0,44.0,5135.15
2022-02-12,US,Columbus,pm25,48,1.0,46.0,23.0,852.91
2022-02-12,US,Saint Paul,pm25,141,5.0,53.0,21.0,807.33
2022-02-12,US,Denver,pm25,148,5.0,82.0,21.0,2604.15
2022-02-12,US,Salt Lake City,pm25,216,13.0,81.0,30.0,1596.11
2022-02-12,US,Albuquerque,pm25,72,6.0,88.0,15.0,2160.56
2022-02-12,US,San Francisco,pm25,72,21.0,80.0,55.0,1976.46
2022-02-12,US,Salem,pm25,72,12.0,83.0,23.0,3819.7
2022-02-12,US,Madison,pm25,48,10.0,23.0,18.0,79.56
2022-02-12,US,Nashville,pm25,94,5.0,75.0,27.0,2903.17
2022-02-12,US,Tucson,pm25,160,5.0,65.0,25.0,2287.63
2022-02-12,US,Queens,pm25,96,15.0,60.0,39.0,1478.31
2022-02-12,US,Tallahassee,pm25,72,43.0,176.0,67.0,7661.12
2022-02-12,US,Fort Worth,pm25,12,5.0,25.0,9.0,333.33
2022-02-12,RS,Novi Sad,pm25,48,16.0,151.0,42.0,8143.61
2022-02-12,RS,Niš,pm25,48,17.0,179.0,61.0,20700.3
2022-02-12,RS,Belgrade,pm25,120,15.0,124.0,50.0,5145.03
2022-02-12,CY,Nicosia,pm25,24,42.0,133.0,65.0,6536.23
2022-02-12,CY,Limassol,pm25,24,27.0,131.0,46.0,8381.96
2022-02-12,HR,Rijeka,pm25,55,5.0,42.0,10.0,716.75
2022-02-12,MK,Skopje,pm25,168,15.0,197.0,69.0,22650.8
2022-02-13,GE,Tbilisi,pm25,96,36.0,99.0,47.0,3550.16
2022-02-13,HU,Győr,pm25,46,5.0,95.0,57.0,4956.76
2022-02-13,HU,Szeged,pm25,21,25.0,65.0,53.0,1716.48
2022-02-13,HU,Pécs,pm25,72,30.0,154.0,53.0,14476.7
2022-02-13,HU,Kecskemét,pm25,48,61.0,119.0,74.0,1650.78
2022-02-13,HU,Miskolc,pm25,120,57.0,178.0,114.0,13261.0
2022-02-13,HU,Budapest,pm25,359,21.0,89.0,59.0,1138.14
2022-02-13,JP,Fukuoka,pm25,425,5.0,80.0,42.0,1693.35
2022-02-13,JP,Kanazawa,pm25,239,5.0,65.0,34.0,1878.07
2022-02-13,JP,Kumamoto,pm25,365,5.0,107.0,42.0,4951.28
2022-02-13,JP,Akita,pm25,45,9.0,93.0,50.0,3811.19
2022-02-13,JP,Kochi,pm25,41,5.0,42.0,21.0,1030.2
2022-02-13,JP,Gifu-shi,pm25,136,5.0,114.0,21.0,4481.7
2022-02-13,JP,Kyoto,pm25,534,5.0,65.0,34.0,1762.02
2022-02-13,JP,Hiroshima,pm25,296,5.0,63.0,30.0,1559.99
2022-02-13,JP,Shizuoka,pm25,69,5.0,42.0,17.0,626.36
2022-02-13,JP,Chiba,pm25,759,5.0,155.0,59.0,7339.63
2022-02-13,JP,Sapporo,pm25,215,9.0,80.0,46.0,2299.42
2022-02-13,JP,Yokohama,pm25,531,1.0,85.0,46.0,3264.21
2022-02-13,JP,Tokyo,pm25,2537,1.0,114.0,57.0,3542.53
2022-02-13,JP,Saitama,pm25,498,5.0,151.0,55.0,4738.63
2022-02-13,JP,Naha,pm25,142,5.0,38.0,21.0,871.31
2022-02-13,JP,Nagasaki,pm25,187,5.0,70.0,38.0,1775.2
2022-02-13,JP,Toyama,pm25,163,5.0,68.0,34.0,2240.99
2022-02-13,JP,Niigata,pm25,212,9.0,68.0,46.0,1435.38
2022-02-13,JP,Nara-shi,pm25,180,5.0,65.0,30.0,1761.17
2022-02-13,JP,Okayama,pm25,285,13.0,78.0,42.0,1350.73
2022-02-13,JP,Sendai,pm25,473,5.0,78.0,46.0,1551.84
2022-02-13,JP,Osaka,pm25,1161,5.0,157.0,30.0,2142.32
2022-02-13,JP,Miyazaki,pm25,124,5.0,91.0,21.0,3579.89
2022-02-13,JP,Matsuyama,pm25,141,5.0,72.0,30.0,3829.71
2022-02-13,JP,Wakayama,pm25,266,5.0,74.0,25.0,1879.52
2022-02-13,JP,Takamatsu,pm25,230,5.0,63.0,21.0,1354.65
2022-02-13,JP,Nagoya,pm25,780,5.0,112.0,30.0,2109.75
2022-02-13,JP,Ōita,pm25,244,5.0,68.0,30.0,2159.85
2022-02-13,JP,Kobe,pm25,425,5.0,112.0,38.0,1450.66
2022-02-13,JP,Nagano,pm25,94,5.0,63.0,34.0,1717.73
2022-02-13,JP,Utsunomiya,pm25,442,5.0,152.0,53.0,3918.64
2022-02-13,JP,Kagoshima,pm25,91,5.0,46.0,17.0,1202.7
2022-02-13,SK,Košice,pm25,96,38.0,132.0,78.0,4570.81
2022-02-13,SK,Bratislava,pm25,96,25.0,82.0,59.0,2447.78
2022-02-13,FI,Vantaa,pm25,24,7.0,25.0,21.0,249.84
2022-02-13,FI,Turku,pm25,24,8.0,20.0,11.0,163.75
2022-02-13,FI,Helsinki,pm25,120,7.0,35.0,23.0,478.01
2022-02-13,FI,Tampere,pm25,96,2.0,26.0,10.0,182.74
2022-02-13,ET,Addis Ababa,pm25,48,46.0,157.0,68.0,7089.34
2022-02-13,CH,Zürich,pm25,22,1.0,4.0,2.0,7.27
2022-02-13,CO,Bogotá,pm25,335,9.0,93.0,59.0,2507.75
2022-02-13,CO,Medellín,pm25,215,50.0,87.0,68.0,499.2
2022-02-13,DK,Copenhagen,pm25,24,15.0,40.0,29.0,330.85
2022-02-13,EC,Quito,pm25,191,1.0,133.0,33.0,5337.72
2022-02-13,GB,Edinburgh,pm25,288,2.0,42.0,17.0,784.9
2022-02-13,GB,Norwich,pm25,20,36.0,51.0,41.0,248.29
2022-02-13,GB,Liverpool,pm25,14,5.0,21.0,9.0,214.51
2022-02-13,GB,Belfast,pm25,77,8.0,48.0,25.0,683.69
2022-02-13,GB,Coventry,pm25,55,3.0,24.0,17.0,185.91
2022-02-13,GB,Leeds,pm25,33,9.0,30.0,17.0,236.55
2022-02-13,GB,Cardiff,pm25,96,5.0,38.0,25.0,723.3
2022-02-13,GB,Bristol,pm25,66,5.0,42.0,17.0,524.77
2022-02-13,GB,London,pm25,481,5.0,78.0,31.0,1657.11
2022-02-13,GB,Birmingham,pm25,35,12.0,25.0,17.0,150.08
2022-02-13,GB,Sheffield,pm25,42,13.0,38.0,21.0,451.95
2022-02-13,GB,Newport,pm25,40,9.0,30.0,15.0,389.0
2022-02-13,GB,Leicester,pm25,18,7.0,48.0,17.0,764.87
2022-02-13,GB,Manchester,pm25,75,4.0,34.0,17.0,472.85
2022-02-13,GB,Reading,pm25,46,5.0,42.0,21.0,849.61
2022-02-13,GB,Plymouth,pm25,35,5.0,55.0,34.0,3902.22
2022-02-13,GB,Glasgow,pm25,572,2.0,53.0,19.0,1762.94
2022-02-13,GB,Preston,pm25,38,7.0,44.0,17.0,819.26
2022-02-13,GB,Swansea,pm25,102,9.0,55.0,21.0,1355.41
2022-02-13,GB,Southend-on-Sea,pm25,44,22.0,58.0,43.0,642.22
2022-02-13,ID,Jakarta,pm25,48,38.0,162.0,104.0,14547.9
2022-02-13,NP,Kathmandu,pm25,71,18.0,169.0,102.0,22590.1
2022-02-13,NP,Pokhara,pm25,27,91.0,228.0,194.0,27465.4
2022-02-13,NP,Biratnagar,pm25,38,116.0,159.0,151.0,1170.64
2022-02-13,AU,Sydney,pm25,153,2.0,52.0,14.0,845.12
2022-02-13,AU,Newcastle,pm25,134,4.0,85.0,21.0,1414.06
2022-02-13,AU,Launceston,pm25,103,5.0,65.0,9.0,1317.46
2022-02-13,AU,Hobart,pm25,54,5.0,21.0,9.0,113.82
2022-02-13,AU,Darwin,pm25,60,1.0,34.0,10.0,736.88
2022-02-13,AU,Melbourne,pm25,153,1.0,61.0,24.0,1360.56
2022-02-13,AU,Canberra,pm25,54,1.0,75.0,19.0,2248.28
2022-02-13,AU,Adelaide,pm25,94,9.0,58.0,25.0,1053.91
2022-02-13,AU,Brisbane,pm25,144,3.0,52.0,31.0,1044.85
2022-02-13,AU,Wollongong,pm25,43,1.0,61.0,16.0,1746.73
2022-02-13,CI,Abidjan,pm25,24,85.0,167.0,127.0,4729.28
2022-02-13,GH,Accra,pm25,9,87.0,119.0,102.0,969.44
2022-02-13,IQ,Baghdad,pm25,24,63.0,149.0,91.0,3650.85
2022-02-13,IS,Reykjavík,pm25,96,4.0,29.0,11.0,138.51
2022-02-13,KG,Bishkek,pm25,24,61.0,159.0,107.0,8513.84
2022-02-13,NL,Utrecht,pm25,48,28.0,63.0,50.0,781.13
2022-02-13,NL,Nijmegen,pm25,48,13.0,72.0,42.0,2264.14
2022-02-13,NL,Haarlem,pm25,144,25.0,107.0,52.0,2289.12
2022-02-13,NL,Eindhoven,pm25,24,22.0,72.0,43.0,1391.52
2022-02-13,NL,Rotterdam,pm25,192,24.0,61.0,50.0,291.54
2022-02-13,NL,Amsterdam,pm25,240,23.0,68.0,48.0,892.51
2022-02-13,NL,Dordrecht,pm25,24,43.0,71.0,54.0,420.0
2022-02-13,NL,Breda,pm25,48,15.0,65.0,36.0,1661.97
2022-02-13,NL,Groningen,pm25,48,25.0,59.0,40.0,828.92
2022-02-13,NL,Maastricht,pm25,96,13.0,61.0,38.0,1009.28
2022-02-13,NL,The Hague,pm25,72,19.0,57.0,50.0,1078.43
2022-02-13,PT,Lisbon,pm25,19,22.0,39.0,27.0,228.01
2022-02-13,PT,Funchal,pm25,69,2.0,59.0,25.0,1133.71
2022-02-13,CA,Hamilton,pm25,80,9.0,57.0,21.0,1225.0
2022-02-13,CA,Calgary,pm25,90,1.0,51.0,10.0,1016.98
2022-02-13,CA,Winnipeg,pm25,24,18.0,24.0,19.0,33.75
2022-02-13,CA,Halifax,pm25,46,10.0,65.0,19.0,2469.87
2022-02-13,CA,Kitchener,pm25,37,9.0,38.0,17.0,687.15
2022-02-13,CA,Edmonton,pm25,130,1.0,47.0,11.0,716.25
2022-02-13,CA,Mississauga,pm25,56,9.0,42.0,21.0,757.44
2022-02-13,CA,Québec,pm25,142,14.0,123.0,22.0,5180.73
2022-02-13,CA,Vancouver,pm25,22,3.0,78.0,8.0,5918.27
2022-02-13,CA,Victoria,pm25,46,13.0,107.0,46.0,5312.81
2022-02-13,CA,Montréal,pm25,376,9.0,63.0,24.0,926.18
2022-02-13,CA,Toronto,pm25,131,5.0,57.0,17.0,868.03
2022-02-13,CA,Ottawa,pm25,50,13.0,44.0,25.0,635.0
2022-02-13,CA,London,pm25,29,9.0,25.0,13.0,178.52
2022-02-13,US,Oklahoma City,pm25,96,8.0,68.0,18.0,1360.37
2022-02-13,US,Raleigh,pm25,71,5.0,121.0,30.0,10026.6
2022-02-13,US,Memphis,pm25,71,9.0,72.0,35.0,1884.34
2022-02-13,US,Jackson,pm25,69,1.0,107.0,31.0,3883.87
2022-02-13,US,Boston,pm25,133,5.0,57.0,25.0,1104.38
2022-02-13,US,Richmond,pm25,96,24.0,56.0,33.0,571.21
2022-02-13,US,Portland,pm25,168,13.0,80.0,30.0,3603.75
2022-02-13,US,Boise,pm25,96,9.0,97.0,25.0,3725.96
2022-02-13,US,Austin,pm25,36,5.0,50.0,21.0,1643.3
2022-02-13,US,Honolulu,pm25,49,5.0,38.0,17.0,592.66
2022-02-13,US,Fresno,pm25,48,30.0,92.0,58.0,2212.09
2022-02-13,US,Milwaukee,pm25,144,12.0,146.0,30.0,4638.37
2022-02-13,US,Hartford,pm25,48,19.0,32.0,25.0,105.37
2022-02-13,US,Washington D.C.,pm25,120,9.0,56.0,35.0,1234.61
2022-02-13,US,Chicago,pm25,215,4.0,48.0,23.0,381.54
2022-02-13,US,Houston,pm25,48,5.0,106.0,24.0,4532.91
2022-02-13,US,Indianapolis,pm25,120,5.0,60.0,30.0,1502.41
2022-02-13,US,Atlanta,pm25,24,22.0,38.0,26.0,219.93
2022-02-13,US,Charlotte,pm25,23,13.0,78.0,34.0,4585.14
2022-02-13,US,Sacramento,pm25,72,9.0,158.0,53.0,11987.3
2022-02-13,US,Oakland,pm25,120,21.0,122.0,59.0,3841.82
2022-02-13,US,Providence,pm25,30,5.0,50.0,17.0,1242.82
2022-02-13,US,Staten Island,pm25,105,5.0,41.0,24.0,661.75
2022-02-13,US,Brooklyn,pm25,143,1.0,61.0,27.0,951.04
2022-02-13,US,Springfield,pm25,72,10.0,70.0,28.0,1176.02
2022-02-13,US,The Bronx,pm25,48,14.0,35.0,24.0,300.14
2022-02-13,US,San Jose,pm25,95,5.0,102.0,53.0,5319.0
2022-02-13,US,Los Angeles,pm25,72,7.0,123.0,35.0,9054.08
2022-02-13,US,Detroit,pm25,168,14.0,51.0,27.0,587.75
2022-02-13,US,Little Rock,pm25,24,13.0,60.0,33.0,1832.1
2022-02-13,US,Baltimore,pm25,45,17.0,55.0,31.0,830.07
2022-02-13,US,Phoenix,pm25,186,3.0,151.0,33.0,7864.96
2022-02-13,US,Omaha,pm25,45,5.0,38.0,17.0,479.01
2022-02-13,US,El Paso,pm25,118,5.0,147.0,35.0,7495.03
2022-02-13,US,Dallas,pm25,24,6.0,50.0,26.0,2264.33
2022-02-13,US,Seattle,pm25,262,19.0,99.0,58.0,2694.06
2022-02-13,US,Manhattan,pm25,72,2.0,46.0,23.0,703.26
2022-02-13,US,Miami,pm25,94,11.0,49.0,24.0,419.61
2022-02-13,US,Jacksonville,pm25,144,27.0,101.0,58.0,1325.03
2022-02-13,US,San Antonio,pm25,64,2.0,74.0,22.0,3044.99
2022-02-13,US,Philadelphia,pm25,93,5.0,59.0,29.0,1759.24
2022-02-13,US,San Diego,pm25,23,9.0,64.0,30.0,2115.42
2022-02-13,US,Columbus,pm25,48,10.0,59.0,33.0,1396.7
2022-02-13,US,Saint Paul,pm25,142,5.0,85.0,30.0,1609.07
2022-02-13,US,Denver,pm25,131,5.0,59.0,17.0,1034.82
2022-02-13,US,Salt Lake City,pm25,216,13.0,79.0,31.0,1734.66
2022-02-13,US,Albuquerque,pm25,72,9.0,89.0,23.0,3638.77
2022-02-13,US,San Francisco,pm25,72,17.0,80.0,53.0,2281.87
2022-02-13,US,Salem,pm25,72,15.0,76.0,51.0,1829.66
2022-02-13,US,Madison,pm25,48,20.0,35.0,23.0,120.92
2022-02-13,US,Nashville,pm25,95,8.0,57.0,29.0,1317.34
2022-02-13,US,Tucson,pm25,144,5.0,132.0,25.0,4455.01
2022-02-13,US,Queens,pm25,96,12.0,44.0,29.0,548.74
2022-02-13,US,Tallahassee,pm25,72,7.0,154.0,37.0,11083.0
2022-02-13,US,Fort Worth,pm25,16,5.0,46.0,9.0,1758.96
2022-02-13,RS,Novi Sad,pm25,48,47.0,102.0,68.0,1270.92
2022-02-13,RS,Niš,pm25,48,34.0,162.0,77.0,14117.3
2022-02-13,RS,Belgrade,pm25,120,23.0,130.0,74.0,2981.66
2022-02-13,CY,Nicosia,pm25,24,46.0,117.0,64.0,4067.81
2022-02-13,CY,Limassol,pm25,24,21.0,106.0,51.0,3669.28
2022-02-13,HR,Rijeka,pm25,53,20.0,81.0,34.0,1720.91
2022-02-13,MK,Skopje,pm25,157,8.0,190.0,88.0,20574.5
2022-02-14,GE,Tbilisi,pm25,96,37.0,66.0,51.0,410.79
2022-02-14,HU,Győr,pm25,47,5.0,93.0,63.0,3388.09
2022-02-14,HU,Szeged,pm25,23,46.0,74.0,63.0,894.03
2022-02-14,HU,Pécs,pm25,72,85.0,149.0,104.0,3713.5
2022-02-14,HU,Kecskemét,pm25,48,91.0,139.0,99.0,1585.51
2022-02-14,HU,Miskolc,pm25,119,70.0,167.0,134.0,10525.8
2022-02-14,HU,Budapest,pm25,359,57.0,102.0,80.0,972.82
2022-02-14,JP,Fukuoka,pm25,414,5.0,109.0,42.0,1645.01
2022-02-14,JP,Kanazawa,pm25,258,5.0,74.0,46.0,1847.73
2022-02-14,JP,Kumamoto,pm25,361,5.0,153.0,30.0,2459.92
2022-02-14,JP,Akita,pm25,41,5.0,68.0,34.0,3092.8
2022-02-14,JP,Kochi,pm25,46,5.0,61.0,30.0,1561.7
2022-02-14,JP,Gifu-shi,pm25,168,5.0,112.0,34.0,3508.29
2022-02-14,JP,Kyoto,pm25,555,5.0,78.0,53.0,1666.08
2022-02-14,JP,Hiroshima,pm25,300,5.0,80.0,34.0,2438.8
2022-02-14,JP,Shizuoka,pm25,164,5.0,70.0,38.0,2415.0
2022-02-14,JP,Chiba,pm25,716,5.0,93.0,50.0,2985.19
2022-02-14,JP,Sapporo,pm25,211,5.0,72.0,38.0,1929.73
2022-02-14,JP,Yokohama,pm25,520,1.0,87.0,50.0,3900.62
2022-02-14,JP,Tokyo,pm25,2519,1.0,154.0,55.0,2362.99
2022-02-14,JP,Saitama,pm25,501,5.0,78.0,53.0,2042.81
2022-02-14,JP,Naha,pm25,136,5.0,30.0,13.0,329.62
2022-02-14,JP,Nagasaki,pm25,184,5.0,68.0,30.0,1433.98
2022-02-14,JP,Toyama,pm25,168,25.0,82.0,50.0,1235.6
2022-02-14,JP,Niigata,pm25,206,5.0,72.0,34.0,2508.41
2022-02-14,JP,Nara-shi,pm25,171,5.0,68.0,42.0,2508.29
2022-02-14,JP,Okayama,pm25,283,5.0,72.0,46.0,1528.49
2022-02-14,JP,Sendai,pm25,469,5.0,65.0,34.0,1986.99
2022-02-14,JP,Osaka,pm25,1144,5.0,124.0,50.0,1883.73
2022-02-14,JP,Miyazaki,pm25,137,5.0,89.0,42.0,2377.5
2022-02-14,JP,Matsuyama,pm25,159,5.0,82.0,42.0,3264.99
2022-02-14,JP,Wakayama,pm25,285,5.0,76.0,46.0,2305.53
2022-02-14,JP,Takamatsu,pm25,236,5.0,72.0,38.0,1713.55
2022-02-14,JP,Nagoya,pm25,773,5.0,89.0,38.0,2683.51
2022-02-14,JP,Ōita,pm25,226,5.0,114.0,30.0,2603.91
2022-02-14,JP,Kobe,pm25,426,5.0,78.0,50.0,1127.34
2022-02-14,JP,Nagano,pm25,96,21.0,80.0,50.0,1655.72
2022-02-14,JP,Utsunomiya,pm25,451,5.0,85.0,53.0,1481.88
2022-02-14,JP,Kagoshima,pm25,96,17.0,80.0,42.0,1709.58
2022-02-14,SK,Košice,pm25,96,70.0,155.0,107.0,4300.21
2022-02-14,SK,Bratislava,pm25,96,50.0,107.0,78.0,1572.21
2022-02-14,FI,Vantaa,pm25,24,19.0,51.0,29.0,1095.65
2022-02-14,FI,Turku,pm25,24,10.0,37.0,16.0,496.52
2022-02-14,FI,Helsinki,pm25,120,17.0,162.0,43.0,4615.62
2022-02-14,FI,Tampere,pm25,96,4.0,34.0,15.0,669.08
2022-02-14,ET,Addis Ababa,pm25,46,30.0,169.0,68.0,8215.83
2022-02-14,CH,Zürich,pm25,24,1.0,5.0,3.0,14.49
2022-02-14,CO,Bogotá,pm25,329,17.0,155.0,68.0,4212.71
2022-02-14,CO,Medellín,pm25,308,46.0,97.0,70.0,902.95
2022-02-14,DK,Copenhagen,pm25,24,23.0,56.0,41.0,885.05
2022-02-14,EC,Quito,pm25,192,1.0,132.0,48.0,6642.37
2022-02-14,GB,Edinburgh,pm25,285,1.0,24.0,8.0,183.01
2022-02-14,GB,Norwich,pm25,21,15.0,38.0,25.0,511.9
2022-02-14,GB,Liverpool,pm25,28,5.0,30.0,9.0,434.11
2022-02-14,GB,Belfast,pm25,67,3.0,52.0,13.0,625.31
2022-02-14,GB,Coventry,pm25,53,5.0,17.0,9.0,153.06
2022-02-14,GB,Leeds,pm25,22,9.0,18.0,13.0,77.6
2022-02-14,GB,Cardiff,pm25,119,21.0,57.0,30.0,937.92
2022-02-14,GB,Bristol,pm25,60,9.0,57.0,17.0,749.89
2022-02-14,GB,London,pm25,480,1.0,82.0,20.0,1461.59
2022-02-14,GB,Birmingham,pm25,30,6.0,16.0,13.0,62.31
2022-02-14,GB,Sheffield,pm25,76,6.0,42.0,17.0,444.09
2022-02-14,GB,Newport,pm25,46,5.0,27.0,9.0,222.49
2022-02-14,GB,Leicester,pm25,17,9.0,25.0,13.0,276.91
2022-02-14,GB,Manchester,pm25,75,8.0,37.0,17.0,530.69
2022-02-14,GB,Reading,pm25,48,5.0,38.0,21.0,602.39
2022-02-14,GB,Plymouth,pm25,25,5.0,39.0,26.0,727.6
2022-02-14,GB,Glasgow,pm25,564,1.0,34.0,8.0,322.22
2022-02-14,GB,Preston,pm25,40,6.0,34.0,15.0,577.31
2022-02-14,GB,Swansea,pm25,106,5.0,34.0,17.0,580.03
2022-02-14,GB,Southend-on-Sea,pm25,45,4.0,38.0,13.0,698.82
2022-02-14,ID,Jakarta,pm25,26,25.0,169.0,157.0,26520.3
2022-02-14,NP,Kathmandu,pm25,35,95.0,198.0,158.0,4733.82
2022-02-14,AU,Sydney,pm25,158,1.0,53.0,20.0,986.22
2022-02-14,AU,Newcastle,pm25,141,4.0,54.0,24.0,1061.91
2022-02-14,AU,Launceston,pm25,116,5.0,63.0,9.0,377.94
2022-02-14,AU,Hobart,pm25,59,5.0,17.0,13.0,78.64
2022-02-14,AU,Darwin,pm25,66,2.0,32.0,13.0,561.81
2022-02-14,AU,Melbourne,pm25,162,3.0,94.0,36.0,2404.47
2022-02-14,AU,Canberra,pm25,64,2.0,83.0,27.0,1913.53
2022-02-14,AU,Adelaide,pm25,96,8.0,72.0,30.0,1334.37
2022-02-14,AU,Brisbane,pm25,138,1.0,48.0,23.0,777.91
2022-02-14,AU,Wollongong,pm25,45,1.0,89.0,20.0,3758.62
2022-02-14,CI,Abidjan,pm25,24,97.0,172.0,151.0,5860.71
2022-02-14,GH,Accra,pm25,24,82.0,165.0,97.0,5379.84
2022-02-14,IQ,Baghdad,pm25,24,34.0,212.0,85.0,24366.7
2022-02-14,IS,Reykjavík,pm25,94,2.0,23.0,12.0,198.56
2022-02-14,KG,Bishkek,pm25,24,61.0,209.0,152.0,11713.3
2022-02-14,NL,Utrecht,pm25,48,12.0,59.0,31.0,1145.04
2022-02-14,NL,Nijmegen,pm25,48,2.0,57.0,22.0,1519.36
2022-02-14,NL,Haarlem,pm25,139,2.0,86.0,34.0,3149.41
2022-02-14,NL,Eindhoven,pm25,24,7.0,51.0,27.0,1558.24
2022-02-14,NL,Rotterdam,pm25,191,7.0,54.0,20.0,1190.06
2022-02-14,NL,Amsterdam,pm25,243,2.0,62.0,27.0,1240.41
2022-02-14,NL,Dordrecht,pm25,24,23.0,54.0,41.0,708.7
2022-02-14,NL,Breda,pm25,48,1.0,46.0,17.0,1468.49
2022-02-14,NL,Groningen,pm25,48,5.0,53.0,21.0,1121.91
2022-02-14,NL,Maastricht,pm25,88,5.0,50.0,17.0,901.32
2022-02-14,NL,The Hague,pm25,71,5.0,48.0,20.0,1048.41
2022-02-14,PT,Lisbon,pm25,29,11.0,27.0,20.0,204.56
2022-02-14,PT,Funchal,pm25,44,1.0,38.0,11.0,975.45
2022-02-14,CA,Hamilton,pm25,87,9.0,50.0,21.0,517.37
2022-02-14,CA,Calgary,pm25,91,7.0,52.0,18.0,976.55
2022-02-14,CA,Winnipeg,pm25,24,20.0,52.0,30.0,1047.66
2022-02-14,CA,Halifax,pm25,46,11.0,18.0,14.0,23.73
2022-02-14,CA,Kitchener,pm25,39,9.0,38.0,17.0,429.23
2022-02-14,CA,Edmonton,pm25,138,5.0,53.0,20.0,1370.87
2022-02-14,CA,Mississauga,pm25,60,9.0,34.0,21.0,393.73
2022-02-14,CA,Québec,pm25,169,12.0,122.0,25.0,4114.96
2022-02-14,CA,Vancouver,pm25,23,15.0,33.0,21.0,292.02
2022-02-14,CA,Victoria,pm25,41,5.0,68.0,38.0,3401.7
2022-02-14,CA,Montréal,pm25,437,12.0,59.0,30.0,682.82
2022-02-14,CA,Toronto,pm25,129,5.0,42.0,17.0,630.59
2022-02-14,CA,Ottawa,pm25,61,17.0,49.0,25.0,666.23
2022-02-14,CA,London,pm25,45,5.0,34.0,17.0,442.86
2022-02-14,US,Oklahoma City,pm25,96,7.0,49.0,21.0,639.37
2022-02-14,US,Raleigh,pm25,68,5.0,55.0,30.0,1402.06
2022-02-14,US,Memphis,pm25,71,7.0,68.0,37.0,1762.74
2022-02-14,US,Jackson,pm25,72,1.0,138.0,55.0,5612.18
2022-02-14,US,Boston,pm25,134,5.0,76.0,25.0,1677.43
2022-02-14,US,Richmond,pm25,96,29.0,63.0,47.0,625.85
2022-02-14,US,Portland,pm25,167,5.0,64.0,13.0,1372.84
2022-02-14,US,Boise,pm25,94,5.0,63.0,34.0,1707.79
2022-02-14,US,Austin,pm25,29,5.0,61.0,34.0,2748.2
2022-02-14,US,Honolulu,pm25,55,5.0,42.0,17.0,871.19
2022-02-14,US,Fresno,pm25,48,17.0,89.0,53.0,2759.04
2022-02-14,US,Milwaukee,pm25,144,26.0,89.0,45.0,2548.24
2022-02-14,US,Hartford,pm25,48,12.0,29.0,16.0,296.58
2022-02-14,US,Washington D.C.,pm25,119,9.0,65.0,38.0,1402.6
2022-02-14,US,Chicago,pm25,215,10.0,85.0,39.0,1710.5
2022-02-14,US,Houston,pm25,48,7.0,79.0,37.0,3038.14
2022-02-14,US,Indianapolis,pm25,119,17.0,70.0,43.0,1080.46
2022-02-14,US,Atlanta,pm25,24,28.0,95.0,33.0,6879.93
2022-02-14,US,Charlotte,pm25,33,13.0,46.0,34.0,1005.85
2022-02-14,US,Sacramento,pm25,72,15.0,99.0,42.0,3610.14
2022-02-14,US,Oakland,pm25,116,5.0,72.0,34.0,3134.08
2022-02-14,US,Providence,pm25,44,5.0,42.0,17.0,811.76
2022-02-14,US,Staten Island,pm25,101,5.0,42.0,24.0,853.26
2022-02-14,US,Brooklyn,pm25,143,2.0,73.0,28.0,2436.36
2022-02-14,US,Springfield,pm25,72,10.0,70.0,44.0,1576.32
2022-02-14,US,The Bronx,pm25,48,18.0,42.0,29.0,493.62
2022-02-14,US,San Jose,pm25,83,5.0,78.0,46.0,4629.06
2022-02-14,US,Los Angeles,pm25,72,5.0,108.0,58.0,3390.14
2022-02-14,US,Detroit,pm25,167,20.0,133.0,44.0,2056.85
2022-02-14,US,Little Rock,pm25,23,13.0,69.0,54.0,3148.46
2022-02-14,US,Baltimore,pm25,48,21.0,57.0,38.0,749.93
2022-02-14,US,Phoenix,pm25,184,4.0,119.0,34.0,8045.67
2022-02-14,US,Omaha,pm25,41,5.0,42.0,25.0,903.61
2022-02-14,US,El Paso,pm25,132,5.0,169.0,42.0,10290.1
2022-02-14,US,Dallas,pm25,24,8.0,60.0,24.0,1384.33
2022-02-14,US,Seattle,pm25,256,4.0,85.0,25.0,1575.45
2022-02-14,US,Manhattan,pm25,71,2.0,43.0,23.0,882.71
2022-02-14,US,Miami,pm25,94,23.0,66.0,44.0,1120.48
2022-02-14,US,Jacksonville,pm25,142,2.0,106.0,38.0,5270.42
2022-02-14,US,San Antonio,pm25,67,1.0,70.0,26.0,3636.19
2022-02-14,US,Philadelphia,pm25,84,5.0,69.0,33.0,1946.96
2022-02-14,US,San Diego,pm25,24,8.0,70.0,38.0,1953.84
2022-02-14,US,Columbus,pm25,47,37.0,92.0,58.0,1291.52
2022-02-14,US,Saint Paul,pm25,144,13.0,72.0,38.0,1778.84
2022-02-14,US,Denver,pm25,146,9.0,93.0,34.0,3995.18
2022-02-14,US,Salt Lake City,pm25,216,5.0,76.0,22.0,2297.64
2022-02-14,US,Albuquerque,pm25,72,8.0,153.0,22.0,4821.06
2022-02-14,US,San Francisco,pm25,67,5.0,78.0,25.0,2544.33
2022-02-14,US,Salem,pm25,72,5.0,34.0,10.0,239.25
2022-02-14,US,Madison,pm25,48,21.0,83.0,51.0,3263.81
2022-02-14,US,Nashville,pm25,96,17.0,118.0,42.0,2455.05
2022-02-14,US,Tucson,pm25,146,5.0,112.0,25.0,2433.55
2022-02-14,US,Queens,pm25,95,16.0,58.0,33.0,1154.52
2022-02-14,US,Tallahassee,pm25,67,6.0,117.0,52.0,6002.22
2022-02-14,US,Fort Worth,pm25,19,5.0,70.0,17.0,3888.13
2022-02-14,RS,Novi Sad,pm25,48,31.0,157.0,80.0,7693.46
2022-02-14,RS,Niš,pm25,48,58.0,161.0,87.0,11821.3
2022-02-14,RS,Belgrade,pm25,120,6.0,147.0,82.0,3022.52
2022-02-14,CY,Nicosia,pm25,24,52.0,151.0,62.0,5274.18
2022-02-14,CY,Limassol,pm25,22,1.0,85.0,50.0,3355.69
2022-02-14,HR,Rijeka,pm25,51,20.0,136.0,35.0,7825.13
2022-02-14,MK,Skopje,pm25,160,20.0,192.0,109.0,26723.8
2022-02-15,GE,Tbilisi,pm25,96,52.0,100.0,55.0,1772.73
2022-02-15,HU,Győr,pm25,48,17.0,144.0,70.0,4906.74
2022-02-15,HU,Szeged,pm25,24,53.0,65.0,59.0,184.27
2022-02-15,HU,Pécs,pm25,72,38.0,158.0,72.0,10136.9
2022-02-15,HU,Kecskemét,pm25,48,46.0,127.0,76.0,5623.39
2022-02-15,HU,Miskolc,pm25,120,42.0,177.0,97.0,6481.33
2022-02-15,HU,Budapest,pm25,359,25.0,114.0,76.0,2201.08
2022-02-15,JP,Fukuoka,pm25,422,5.0,139.0,46.0,5214.82
2022-02-15,JP,Kanazawa,pm25,254,5.0,82.0,38.0,2218.97
2022-02-15,JP,Kumamoto,pm25,365,5.0,85.0,42.0,2670.42
2022-02-15,JP,Akita,pm25,33,5.0,61.0,34.0,3140.7
2022-02-15,JP,Kochi,pm25,48,13.0,95.0,42.0,1945.21
2022-02-15,JP,Gifu-shi,pm25,172,9.0,107.0,50.0,4550.65
2022-02-15,JP,Kyoto,pm25,564,5.0,91.0,61.0,1124.89
2022-02-15,JP,Hiroshima,pm25,306,5.0,99.0,46.0,2918.01
2022-02-15,JP,Shizuoka,pm25,264,13.0,89.0,50.0,1611.97
2022-02-15,JP,Chiba,pm25,742,5.0,124.0,53.0,3066.45
2022-02-15,JP,Sapporo,pm25,203,5.0,65.0,25.0,2124.27
2022-02-15,JP,Yokohama,pm25,542,1.0,104.0,53.0,3619.35
2022-02-15,JP,Tokyo,pm25,2505,1.0,112.0,59.0,1817.77
2022-02-15,JP,Saitama,pm25,497,13.0,102.0,59.0,1533.53
2022-02-15,JP,Naha,pm25,137,9.0,85.0,25.0,1526.88
2022-02-15,JP,Nagasaki,pm25,186,5.0,95.0,42.0,3420.57
2022-02-15,JP,Toyama,pm25,163,5.0,117.0,46.0,2667.51
2022-02-15,JP,Niigata,pm25,210,5.0,74.0,34.0,1593.55
2022-02-15,JP,Nara-shi,pm25,190,9.0,97.0,55.0,1761.64
2022-02-15,JP,Okayama,pm25,285,30.0,114.0,59.0,1497.07
2022-02-15,JP,Sendai,pm25,461,5.0,55.0,25.0,949.54
2022-02-15,JP,Osaka,pm25,1457,5.0,119.0,61.0,1996.44
2022-02-15,JP,Miyazaki,pm25,137,9.0,82.0,50.0,1729.32
2022-02-15,JP,Matsuyama,pm25,151,5.0,107.0,46.0,4463.97
2022-02-15,JP,Wakayama,pm25,279,13.0,87.0,53.0,1328.82
2022-02-15,JP,Takamatsu,pm25,235,17.0,87.0,46.0,1829.6
2022-02-15,JP,Nagoya,pm25,758,5.0,122.0,59.0,2222.7
2022-02-15,JP,Ōita,pm25,223,5.0,80.0,34.0,3563.37
2022-02-15,JP,Kobe,pm25,423,5.0,102.0,61.0,1361.97
2022-02-15,JP,Nagano,pm25,89,9.0,68.0,42.0,2492.29
2022-02-15,JP,Utsunomiya,pm25,447,13.0,104.0,50.0,1715.11
2022-02-15,JP,Kagoshima,pm25,95,17.0,74.0,46.0,1685.84
2022-02-15,SK,Košice,pm25,96,68.0,155.0,95.0,2265.34
2022-02-15,SK,Bratislava,pm25,95,46.0,104.0,78.0,1194.51
2022-02-15,FI,Vantaa,pm25,24,38.0,70.0,62.0,931.88
2022-02-15,FI,Turku,pm25,24,8.0,62.0,30.0,2771.3
2022-02-15,FI,Helsinki,pm25,120,41.0,85.0,64.0,1353.44
2022-02-15,FI,Tampere,pm25,96,9.0,72.0,30.0,2853.11
2022-02-15,ET,Addis Ababa,pm25,47,38.0,180.0,76.0,8046.21
2022-02-15,CH,Zürich,pm25,16,1.0,1.0,1.0,0.0
2022-02-15,CO,Bogotá,pm25,335,13.0,136.0,68.0,4223.84
2022-02-15,CO,Medellín,pm25,305,38.0,109.0,72.0,1390.34
2022-02-15,DK,Copenhagen,pm25,24,14.0,55.0,27.0,1272.59
2022-02-15,EC,Quito,pm25,192,2.0,139.0,58.0,7756.86
2022-02-15,GB,Edinburgh,pm25,288,2.0,41.0,13.0,341.14
2022-02-15,GB,Norwich,pm25,24,15.0,29.0,18.0,161.74
2022-02-15,GB,Liverpool,pm25,23,9.0,46.0,30.0,1073.28
2022-02-15,GB,Belfast,pm25,74,10.0,45.0,30.0,499.54
2022-02-15,GB,Coventry,pm25,63,12.0,46.0,15.0,826.29
2022-02-15,GB,Leeds,pm25,23,9.0,56.0,30.0,2154.55
2022-02-15,GB,Cardiff,pm25,114,21.0,59.0,38.0,1411.6
2022-02-15,GB,Bristol,pm25,72,5.0,57.0,21.0,1537.84
2022-02-15,GB,London,pm25,497,1.0,85.0,25.0,1783.43
2022-02-15,GB,Birmingham,pm25,28,13.0,46.0,21.0,1845.5
2022-02-15,GB,Sheffield,pm25,90,9.0,74.0,30.0,2404.17
2022-02-15,GB,Newport,pm25,47,7.0,53.0,22.0,1592.99
2022-02-15,GB,Leicester,pm25,22,17.0,53.0,21.0,1313.27
2022-02-15,GB,Manchester,pm25,80,13.0,62.0,30.0,2191.77
2022-02-15,GB,Reading,pm25,48,9.0,34.0,17.0,264.1
2022-02-15,GB,Plymouth,pm25,36,5.0,60.0,30.0,3456.28
2022-02-15,GB,Glasgow,pm25,571,2.0,47.0,15.0,339.06
2022-02-15,GB,Preston,pm25,45,15.0,55.0,43.0,1886.82
2022-02-15,GB,Swansea,pm25,118,5.0,155.0,34.0,2795.41
2022-02-15,GB,Southend-on-Sea,pm25,48,7.0,39.0,17.0,566.79
2022-02-15,ID,Jakarta,pm25,22,108.0,178.0,152.0,3805.65
2022-02-15,NP,Kathmandu,pm25,48,78.0,183.0,152.0,7886.37
2022-02-15,AU,Sydney,pm25,155,1.0,134.0,22.0,2357.04
2022-02-15,AU,Newcastle,pm25,138,4.0,48.0,24.0,879.34
2022-02-15,AU,Launceston,pm25,110,5.0,25.0,13.0,207.85
2022-02-15,AU,Hobart,pm25,42,5.0,25.0,9.0,163.25
2022-02-15,AU,Darwin,pm25,57,1.0,41.0,13.0,759.91
2022-02-15,AU,Melbourne,pm25,166,2.0,76.0,34.0,1538.4
2022-02-15,AU,Canberra,pm25,66,3.0,74.0,28.0,3366.94
2022-02-15,AU,Adelaide,pm25,91,10.0,60.0,34.0,1162.2
2022-02-15,AU,Brisbane,pm25,140,6.0,57.0,35.0,1580.05
2022-02-15,AU,Perth,pm25,31,7.0,19.0,12.0,72.49
2022-02-15,AU,Wollongong,pm25,46,6.0,57.0,19.0,1382.14
2022-02-15,CI,Abidjan,pm25,24,85.0,162.0,119.0,6052.59
2022-02-15,GH,Accra,pm25,24,74.0,127.0,91.0,2043.89
2022-02-15,IQ,Baghdad,pm25,23,82.0,231.0,129.0,20108.7
2022-02-15,IS,Reykjavík,pm25,95,1.0,35.0,12.0,485.08
2022-02-15,KG,Bishkek,pm25,24,9.0,166.0,42.0,13252.4
2022-02-15,NL,Utrecht,pm25,48,12.0,51.0,33.0,950.99
2022-02-15,NL,Nijmegen,pm25,48,10.0,106.0,28.0,3270.81
2022-02-15,NL,Haarlem,pm25,142,1.0,78.0,29.0,1963.97
2022-02-15,NL,Eindhoven,pm25,24,11.0,61.0,34.0,1977.32
2022-02-15,NL,Rotterdam,pm25,191,13.0,47.0,23.0,335.55
2022-02-15,NL,Amsterdam,pm25,261,2.0,194.0,23.0,2015.16
2022-02-15,NL,Dordrecht,pm25,24,21.0,52.0,34.0,657.1
2022-02-15,NL,Breda,pm25,43,1.0,47.0,23.0,1469.97
2022-02-15,NL,Groningen,pm25,46,1.0,55.0,17.0,1477.97
2022-02-15,NL,Maastricht,pm25,93,5.0,55.0,25.0,1238.14
2022-02-15,NL,The Hague,pm25,68,2.0,32.0,20.0,469.69
2022-02-15,PT,Lisbon,pm25,35,16.0,52.0,28.0,1070.2
2022-02-15,PT,Funchal,pm25,40,1.0,46.0,15.0,1158.15
2022-02-15,CA,Hamilton,pm25,96,9.0,78.0,46.0,2592.42
2022-02-15,CA,Calgary,pm25,92,7.0,62.0,24.0,1634.63
2022-02-15,CA,Winnipeg,pm25,24,22.0,54.0,31.0,1366.09
2022-02-15,CA,Halifax,pm25,46,10.0,22.0,14.0,72.97
2022-02-15,CA,Kitchener,pm25,47,17.0,70.0,46.0,2437.1
2022-02-15,CA,Edmonton,pm25,135,2.0,61.0,18.0,2149.96
2022-02-15,CA,Mississauga,pm25,67,9.0,70.0,34.0,3244.12
2022-02-15,CA,Québec,pm25,173,9.0,83.0,25.0,1844.5
2022-02-15,CA,Vancouver,pm25,23,7.0,20.0,10.0,111.74
2022-02-15,CA,Victoria,pm25,46,9.0,72.0,25.0,2378.56
2022-02-15,CA,Montréal,pm25,388,12.0,142.0,30.0,2686.87
2022-02-15,CA,Toronto,pm25,142,5.0,80.0,42.0,3283.28
2022-02-15,CA,Ottawa,pm25,64,17.0,83.0,25.0,3566.98
2022-02-15,CA,London,pm25,47,13.0,70.0,50.0,1697.26
2022-02-15,US,Oklahoma City,pm25,96,15.0,80.0,25.0,1466.95
2022-02-15,US,Raleigh,pm25,72,5.0,53.0,36.0,1159.78
2022-02-15,US,Memphis,pm25,71,11.0,65.0,43.0,923.12
2022-02-15,US,Jackson,pm25,72,15.0,154.0,63.0,14528.6
2022-02-15,US,Boston,pm25,127,5.0,68.0,34.0,2397.6
2022-02-15,US,Richmond,pm25,96,41.0,55.0,49.0,143.09
2022-02-15,US,Portland,pm25,167,9.0,55.0,21.0,865.78
2022-02-15,US,Boise,pm25,79,5.0,70.0,17.0,2206.63
2022-02-15,US,Austin,pm25,29,5.0,70.0,30.0,3164.24
2022-02-15,US,Honolulu,pm25,54,5.0,53.0,13.0,1521.57
2022-02-15,US,Fresno,pm25,35,3.0,30.0,13.0,542.81
2022-02-15,US,Milwaukee,pm25,144,28.0,115.0,71.0,2682.05
2022-02-15,US,Hartford,pm25,48,15.0,51.0,21.0,944.89
2022-02-15,US,Washington D.C.,pm25,118,30.0,70.0,50.0,531.69
2022-02-15,US,Chicago,pm25,214,38.0,86.0,63.0,667.95
2022-02-15,US,Houston,pm25,48,10.0,73.0,40.0,1740.63
2022-02-15,US,Indianapolis,pm25,118,33.0,86.0,59.0,1053.37
2022-02-15,US,Atlanta,pm25,24,46.0,89.0,77.0,2049.98
2022-02-15,US,Charlotte,pm25,30,17.0,57.0,38.0,1036.51
2022-02-15,US,Sacramento,pm25,62,1.0,38.0,13.0,669.34
2022-02-15,US,Oakland,pm25,94,5.0,87.0,17.0,2262.14
2022-02-15,US,Providence,pm25,46,5.0,63.0,17.0,1161.76
2022-02-15,US,Staten Island,pm25,112,2.0,62.0,30.0,2004.42
2022-02-15,US,Brooklyn,pm25,141,8.0,70.0,33.0,1819.74
2022-02-15,US,Springfield,pm25,72,16.0,171.0,54.0,4694.91
2022-02-15,US,The Bronx,pm25,48,16.0,51.0,32.0,921.7
2022-02-15,US,San Jose,pm25,74,5.0,46.0,13.0,814.77
2022-02-15,US,Los Angeles,pm25,68,5.0,57.0,38.0,1456.5
2022-02-15,US,Detroit,pm25,167,23.0,115.0,68.0,2268.33
2022-02-15,US,Little Rock,pm25,23,6.0,67.0,40.0,2886.28
2022-02-15,US,Baltimore,pm25,48,38.0,78.0,62.0,936.48
2022-02-15,US,Phoenix,pm25,190,5.0,117.0,32.0,5079.52
2022-02-15,US,Omaha,pm25,48,13.0,53.0,34.0,869.57
2022-02-15,US,El Paso,pm25,164,5.0,117.0,38.0,4487.56
2022-02-15,US,Dallas,pm25,24,5.0,35.0,23.0,594.71
2022-02-15,US,Seattle,pm25,253,5.0,117.0,30.0,2327.75
2022-02-15,US,Manhattan,pm25,71,2.0,55.0,30.0,1661.83
2022-02-15,US,Miami,pm25,94,20.0,38.0,27.0,209.39
2022-02-15,US,Jacksonville,pm25,142,14.0,124.0,59.0,1865.15
2022-02-15,US,San Antonio,pm25,63,3.0,58.0,27.0,2169.67
2022-02-15,US,Philadelphia,pm25,96,5.0,78.0,50.0,3047.68
2022-02-15,US,San Diego,pm25,24,7.0,85.0,28.0,4500.42
2022-02-15,US,Columbus,pm25,47,29.0,119.0,57.0,2312.54
2022-02-15,US,Saint Paul,pm25,144,30.0,82.0,53.0,1028.41
2022-02-15,US,Denver,pm25,160,9.0,95.0,46.0,4376.69
2022-02-15,US,Salt Lake City,pm25,216,3.0,53.0,14.0,1258.44
2022-02-15,US,Albuquerque,pm25,72,13.0,104.0,21.0,5265.76
2022-02-15,US,San Francisco,pm25,52,5.0,34.0,13.0,720.44
2022-02-15,US,Salem,pm25,72,9.0,37.0,14.0,323.44
2022-02-15,US,Madison,pm25,48,66.0,85.0,71.0,455.16
2022-02-15,US,Nashville,pm25,95,21.0,154.0,53.0,5978.45
2022-02-15,US,Tucson,pm25,164,5.0,85.0,21.0,1744.18
2022-02-15,US,Queens,pm25,96,18.0,52.0,34.0,693.89
2022-02-15,US,Tallahassee,pm25,71,29.0,150.0,72.0,6844.89
2022-02-15,US,Fort Worth,pm25,22,5.0,38.0,21.0,1046.17
2022-02-15,RS,Novi Sad,pm25,48,14.0,103.0,45.0,6744.26
2022-02-15,RS,Niš,pm25,48,57.0,168.0,90.0,6452.97
2022-02-15,RS,Belgrade,pm25,118,1.0,165.0,75.0,15397.1
2022-02-15,CY,Nicosia,pm25,24,89.0,156.0,99.0,4713.62
2022-02-15,CY,Limassol,pm25,24,62.0,118.0,71.0,1762.16
2022-02-15,HR,Rijeka,pm25,51,13.0,75.0,39.0,2029.08
2022-02-15,MK,Skopje,pm25,168,32.0,204.0,114.0,20484.3
2022-02-16,GE,Tbilisi,pm25,96,57.0,97.0,62.0,1668.47
2022-02-16,HU,Győr,pm25,48,5.0,102.0,53.0,5070.07
2022-02-16,HU,Szeged,pm25,22,50.0,76.0,61.0,725.71
2022-02-16,HU,Pécs,pm25,72,30.0,151.0,59.0,7017.45
2022-02-16,HU,Kecskemét,pm25,48,57.0,149.0,76.0,11149.7
2022-02-16,HU,Miskolc,pm25,119,85.0,165.0,109.0,3242.76
2022-02-16,HU,Budapest,pm25,270,17.0,109.0,82.0,4738.65
2022-02-16,JP,Fukuoka,pm25,404,5.0,72.0,42.0,1462.09
2022-02-16,JP,Kanazawa,pm25,211,5.0,68.0,21.0,1842.38
2022-02-16,JP,Kumamoto,pm25,365,5.0,85.0,38.0,2264.18
2022-02-16,JP,Akita,pm25,28,9.0,57.0,30.0,2031.27
2022-02-16,JP,Kochi,pm25,48,5.0,50.0,30.0,1027.64
2022-02-16,JP,Gifu-shi,pm25,160,5.0,65.0,21.0,2038.02
2022-02-16,JP,Kyoto,pm25,552,5.0,57.0,38.0,1351.64
2022-02-16,JP,Hiroshima,pm25,271,5.0,68.0,25.0,1764.33
2022-02-16,JP,Shizuoka,pm25,236,5.0,74.0,17.0,2691.42
2022-02-16,JP,Chiba,pm25,685,5.0,151.0,59.0,7961.3
2022-02-16,JP,Sapporo,pm25,198,5.0,65.0,21.0,1556.92
2022-02-16,JP,Yokohama,pm25,511,1.0,104.0,34.0,8208.86
2022-02-16,JP,Tokyo,pm25,2397,1.0,119.0,42.0,8538.55
2022-02-16,JP,Saitama,pm25,459,5.0,112.0,30.0,8106.21
2022-02-16,JP,Naha,pm25,144,17.0,59.0,50.0,1024.07
2022-02-16,JP,Nagasaki,pm25,180,9.0,63.0,38.0,1669.98
2022-02-16,JP,Toyama,pm25,144,5.0,63.0,17.0,1358.32
2022-02-16,JP,Niigata,pm25,174,5.0,53.0,13.0,890.2
2022-02-16,JP,Nara-shi,pm25,179,9.0,65.0,30.0,1493.4
2022-02-16,JP,Okayama,pm25,265,5.0,65.0,30.0,1112.97
2022-02-16,JP,Sendai,pm25,409,5.0,53.0,21.0,1133.89
2022-02-16,JP,Osaka,pm25,1399,5.0,70.0,30.0,1411.66
2022-02-16,JP,Miyazaki,pm25,134,5.0,74.0,46.0,2213.48
2022-02-16,JP,Matsuyama,pm25,137,5.0,68.0,34.0,1757.76
2022-02-16,JP,Wakayama,pm25,281,5.0,68.0,34.0,1638.68
2022-02-16,JP,Takamatsu,pm25,231,5.0,53.0,21.0,902.04
2022-02-16,JP,Nagoya,pm25,714,5.0,63.0,25.0,1385.28
2022-02-16,JP,Ōita,pm25,220,5.0,57.0,21.0,1663.06
2022-02-16,JP,Kobe,pm25,423,5.0,82.0,34.0,1220.11
2022-02-16,JP,Nagano,pm25,58,5.0,42.0,9.0,783.16
2022-02-16,JP,Utsunomiya,pm25,423,5.0,80.0,30.0,3312.36
2022-02-16,JP,Kagoshima,pm25,93,17.0,59.0,42.0,801.58
2022-02-16,SK,Košice,pm25,95,68.0,107.0,89.0,1156.98
2022-02-16,SK,Bratislava,pm25,94,9.0,61.0,34.0,1496.58
2022-02-16,FI,Vantaa,pm25,17,2.0,61.0,12.0,2822.79
2022-02-16,FI,Turku,pm25,19,3.0,34.0,8.0,537.08
2022-02-16,FI,Helsinki,pm25,120,4.0,73.0,28.0,2624.7
2022-02-16,FI,Tampere,pm25,96,4.0,47.0,18.0,745.91
2022-02-16,ET,Addis Ababa,pm25,46,50.0,194.0,80.0,11881.5
2022-02-16,CH,Zürich,pm25,12,1.0,1.0,1.0,0.0
2022-02-16,CO,Bogotá,pm25,336,25.0,152.0,70.0,2710.74
2022-02-16,CO,Medellín,pm25,275,42.0,99.0,72.0,1193.46
2022-02-16,DK,Copenhagen,pm25,23,1.0,49.0,25.0,2004.74
2022-02-16,EC,Quito,pm25,177,1.0,147.0,71.0,12276.3
2022-02-16,GB,Edinburgh,pm25,288,1.0,50.0,13.0,1289.67
2022-02-16,GB,Norwich,pm25,18,5.0,51.0,25.0,1361.83
2022-02-16,GB,Liverpool,pm25,39,13.0,59.0,30.0,1750.94
2022-02-16,GB,Belfast,pm25,79,6.0,69.0,34.0,1003.73
2022-02-16,GB,Coventry,pm25,52,17.0,51.0,21.0,1178.63
2022-02-16,GB,Leeds,pm25,21,34.0,57.0,39.0,579.48
2022-02-16,GB,Cardiff,pm25,116,17.0,85.0,42.0,3907.85
2022-02-16,GB,Bristol,pm25,59,5.0,63.0,21.0,3367.5
2022-02-16,GB,London,pm25,439,1.0,114.0,25.0,2590.35
2022-02-16,GB,Birmingham,pm25,42,3.0,54.0,26.0,1424.91
2022-02-16,GB,Sheffield,pm25,82,9.0,61.0,34.0,861.84
2022-02-16,GB,Newport,pm25,45,2.0,68.0,16.0,4936.18
2022-02-16,GB,Leicester,pm25,19,21.0,52.0,26.0,975.56
2022-02-16,GB,Manchester,pm25,72,6.0,61.0,35.0,3189.51
2022-02-16,GB,Reading,pm25,46,5.0,59.0,13.0,3009.62
2022-02-16,GB,Plymouth,pm25,38,9.0,64.0,38.0,2987.26
2022-02-16,GB,Glasgow,pm25,572,2.0,61.0,17.0,1946.86
2022-02-16,GB,Preston,pm25,47,4.0,62.0,42.0,1830.8
2022-02-16,GB,Swansea,pm25,119,17.0,85.0,38.0,3088.59
2022-02-16,GB,Southend-on-Sea,pm25,42,2.0,48.0,21.0,1543.88
2022-02-16,ID,Jakarta,pm25,22,68.0,160.0,112.0,10008.2
2022-02-16,NP,Kathmandu,pm25,48,72.0,182.0,142.0,9138.99
2022-02-16,AU,Sydney,pm25,154,2.0,118.0,18.0,2596.46
2022-02-16,AU,Newcastle,pm25,134,3.0,48.0,20.0,928.34
2022-02-16,AU,Launceston,pm25,106,5.0,17.0,9.0,106.26
2022-02-16,AU,Hobart,pm25,46,5.0,30.0,9.0,239.29
2022-02-16,AU,Darwin,pm25,67,1.0,54.0,17.0,1178.92
2022-02-16,AU,Melbourne,pm25,156,3.0,72.0,38.0,2551.64
2022-02-16,AU,Canberra,pm25,62,1.0,69.0,28.0,3479.85
2022-02-16,AU,Adelaide,pm25,83,2.0,49.0,20.0,856.57
2022-02-16,AU,Brisbane,pm25,141,1.0,52.0,28.0,1031.8
2022-02-16,AU,Perth,pm25,81,4.0,21.0,11.0,80.57
2022-02-16,AU,Wollongong,pm25,40,5.0,58.0,20.0,1660.0
2022-02-16,CI,Abidjan,pm25,24,82.0,155.0,102.0,3232.1
2022-02-16,GH,Accra,pm25,24,76.0,162.0,82.0,3746.07
2022-02-16,IQ,Baghdad,pm25,24,57.0,144.0,78.0,5959.93
2022-02-16,IS,Reykjavík,pm25,96,3.0,24.0,10.0,203.08
2022-02-16,KG,Bishkek,pm25,24,34.0,152.0,114.0,11145.6
2022-02-16,NL,Utrecht,pm25,48,5.0,59.0,33.0,1241.63
2022-02-16,NL,Nijmegen,pm25,47,2.0,46.0,17.0,1249.98
2022-02-16,NL,Haarlem,pm25,141,1.0,82.0,38.0,2693.85
2022-02-16,NL,Eindhoven,pm25,24,8.0,44.0,21.0,1310.65
2022-02-16,NL,Rotterdam,pm25,192,3.0,64.0,28.0,2025.22
2022-02-16,NL,Amsterdam,pm25,256,2.0,65.0,26.0,1673.76
2022-02-16,NL,Dordrecht,pm25,23,22.0,58.0,39.0,1339.01
2022-02-16,NL,Breda,pm25,38,2.0,47.0,19.0,1215.37
2022-02-16,NL,Groningen,pm25,45,2.0,49.0,16.0,1401.65
2022-02-16,NL,Maastricht,pm25,55,5.0,46.0,13.0,1144.48
2022-02-16,NL,The Hague,pm25,70,4.0,67.0,29.0,2889.48
2022-02-16,PT,Lisbon,pm25,37,18.0,56.0,33.0,1159.77
2022-02-16,PT,Funchal,pm25,53,1.0,29.0,11.0,388.16
2022-02-16,CA,Hamilton,pm25,96,25.0,78.0,55.0,1345.08
2022-02-16,CA,Calgary,pm25,90,1.0,76.0,19.0,3096.19
2022-02-16,CA,Winnipeg,pm25,24,12.0,52.0,19.0,1710.65
2022-02-16,CA,Halifax,pm25,45,13.0,33.0,17.0,171.89
2022-02-16,CA,Kitchener,pm25,48,42.0,80.0,63.0,1149.08
2022-02-16,CA,Edmonton,pm25,132,1.0,42.0,14.0,704.78
2022-02-16,CA,Mississauga,pm25,65,34.0,70.0,55.0,628.47
2022-02-16,CA,Québec,pm25,189,12.0,142.0,44.0,4400.25
2022-02-16,CA,Vancouver,pm25,23,5.0,28.0,11.0,492.21
2022-02-16,CA,Victoria,pm25,42,5.0,65.0,21.0,2998.93
2022-02-16,CA,Montréal,pm25,392,24.0,142.0,53.0,2033.29
2022-02-16,CA,Toronto,pm25,139,25.0,72.0,50.0,949.7
2022-02-16,CA,Ottawa,pm25,64,30.0,71.0,55.0,1508.73
2022-02-16,CA,London,pm25,48,30.0,65.0,50.0,875.03
2022-02-16,US,Oklahoma City,pm25,95,13.0,56.0,28.0,945.94
2022-02-16,US,Raleigh,pm25,68,5.0,93.0,38.0,4776.41
2022-02-16,US,Memphis,pm25,72,15.0,69.0,43.0,1929.76
2022-02-16,US,Jackson,pm25,71,5.0,92.0,46.0,4378.47
2022-02-16,US,Boston,pm25,126,5.0,76.0,34.0,2806.54
2022-02-16,US,Richmond,pm25,96,29.0,55.0,41.0,491.14
2022-02-16,US,Portland,pm25,167,9.0,54.0,19.0,819.58
2022-02-16,US,Boise,pm25,87,5.0,30.0,17.0,493.83
2022-02-16,US,Austin,pm25,46,5.0,57.0,21.0,1438.96
2022-02-16,US,Honolulu,pm25,57,5.0,34.0,13.0,563.32
2022-02-16,US,Fresno,pm25,48,5.0,57.0,17.0,1588.35
2022-02-16,US,Milwaukee,pm25,144,42.0,97.0,55.0,1762.87
2022-02-16,US,Hartford,pm25,48,21.0,78.0,36.0,2524.4
2022-02-16,US,Washington D.C.,pm25,120,17.0,68.0,43.0,931.12
2022-02-16,US,Chicago,pm25,214,28.0,164.0,52.0,2019.32
2022-02-16,US,Houston,pm25,48,11.0,62.0,35.0,1153.83
2022-02-16,US,Indianapolis,pm25,120,24.0,82.0,53.0,1712.32
2022-02-16,US,Atlanta,pm25,23,25.0,84.0,55.0,4543.0
2022-02-16,US,Charlotte,pm25,17,21.0,65.0,46.0,1437.5
2022-02-16,US,Sacramento,pm25,69,2.0,30.0,13.0,499.04
2022-02-16,US,Oakland,pm25,115,5.0,104.0,17.0,3579.45
2022-02-16,US,Providence,pm25,46,5.0,78.0,25.0,5114.55
2022-02-16,US,Staten Island,pm25,120,8.0,72.0,38.0,2830.39
2022-02-16,US,Brooklyn,pm25,144,15.0,64.0,33.0,1426.03
2022-02-16,US,Springfield,pm25,72,26.0,114.0,46.0,1688.12
2022-02-16,US,The Bronx,pm25,48,15.0,52.0,31.0,1124.82
2022-02-16,US,San Jose,pm25,85,5.0,74.0,25.0,2445.09
2022-02-16,US,Los Angeles,pm25,72,9.0,70.0,39.0,1891.24
2022-02-16,US,Detroit,pm25,168,23.0,118.0,73.0,2920.48
2022-02-16,US,Little Rock,pm25,24,21.0,55.0,35.0,830.27
2022-02-16,US,Baltimore,pm25,47,25.0,67.0,52.0,1486.89
2022-02-16,US,Phoenix,pm25,185,1.0,71.0,20.0,2262.4
2022-02-16,US,Omaha,pm25,46,9.0,70.0,46.0,1797.65
2022-02-16,US,El Paso,pm25,149,5.0,180.0,55.0,29249.0
2022-02-16,US,Dallas,pm25,24,13.0,28.0,22.0,190.42
2022-02-16,US,Seattle,pm25,257,9.0,104.0,30.0,2865.3
2022-02-16,US,Manhattan,pm25,72,18.0,60.0,37.0,1125.48
2022-02-16,US,Miami,pm25,92,18.0,48.0,33.0,497.02
2022-02-16,US,Jacksonville,pm25,144,13.0,57.0,35.0,787.41
2022-02-16,US,San Antonio,pm25,67,2.0,65.0,28.0,2281.92
2022-02-16,US,Philadelphia,pm25,92,5.0,82.0,50.0,4183.54
2022-02-16,US,San Diego,pm25,24,3.0,69.0,20.0,2607.37
2022-02-16,US,Columbus,pm25,48,21.0,62.0,40.0,1101.98
2022-02-16,US,Saint Paul,pm25,144,13.0,97.0,61.0,4350.33
2022-02-16,US,Denver,pm25,154,5.0,61.0,25.0,1514.31
2022-02-16,US,Salt Lake City,pm25,216,4.0,40.0,13.0,394.6
2022-02-16,US,Albuquerque,pm25,58,12.0,88.0,20.0,3430.61
2022-02-16,US,San Francisco,pm25,66,5.0,50.0,13.0,1066.48
2022-02-16,US,Salem,pm25,72,10.0,40.0,17.0,344.31
2022-02-16,US,Madison,pm25,48,43.0,92.0,52.0,1743.72
2022-02-16,US,Nashville,pm25,96,21.0,139.0,55.0,8748.56
2022-02-16,US,Tucson,pm25,155,5.0,61.0,17.0,1486.86
2022-02-16,US,Queens,pm25,96,15.0,68.0,26.0,2247.37
2022-02-16,US,Tallahassee,pm25,71,9.0,114.0,44.0,3737.35
2022-02-16,US,Fort Worth,pm25,20,9.0,42.0,17.0,819.47
2022-02-16,RS,Novi Sad,pm25,48,27.0,151.0,58.0,7971.7
2022-02-16,RS,Niš,pm25,48,68.0,188.0,140.0,13033.2
2022-02-16,RS,Belgrade,pm25,120,1.0,168.0,76.0,28005.0
2022-02-16,CY,Nicosia,pm25,24,74.0,157.0,93.0,6478.84
2022-02-16,CY,Limassol,pm25,24,58.0,126.0,79.0,4268.24
2022-02-16,HR,Rijeka,pm25,53,7.0,77.0,18.0,4722.08
2022-02-16,MK,Skopje,pm25,166,17.0,171.0,85.0,15826.8
2022-02-17,GE,Tbilisi,pm25,96,64.0,151.0,83.0,5826.95
2022-02-17,HU,Győr,pm25,44,5.0,63.0,34.0,2069.92
2022-02-17,HU,Szeged,pm25,24,57.0,82.0,72.0,617.23
2022-02-17,HU,Pécs,pm25,72,9.0,157.0,42.0,16255.2
2022-02-17,HU,Kecskemét,pm25,46,13.0,65.0,42.0,3195.83
2022-02-17,HU,Miskolc,pm25,116,9.0,164.0,53.0,16115.4
2022-02-17,HU,Budapest,pm25,293,9.0,80.0,34.0,3253.54
2022-02-17,JP,Fukuoka,pm25,406,5.0,87.0,38.0,1494.0
2022-02-17,JP,Kanazawa,pm25,184,5.0,61.0,17.0,1617.23
2022-02-17,JP,Kumamoto,pm25,363,5.0,78.0,38.0,1892.85
2022-02-17,JP,Akita,pm25,36,5.0,57.0,21.0,1777.14
2022-02-17,JP,Kochi,pm25,47,5.0,50.0,25.0,1216.33
2022-02-17,JP,Gifu-shi,pm25,156,5.0,91.0,17.0,2408.77
2022-02-17,JP,Kyoto,pm25,532,5.0,57.0,30.0,1486.92
2022-02-17,JP,Hiroshima,pm25,303,5.0,70.0,34.0,2018.18
2022-02-17,JP,Shizuoka,pm25,212,5.0,74.0,13.0,1793.71
2022-02-17,JP,Chiba,pm25,559,5.0,68.0,13.0,1805.73
2022-02-17,JP,Sapporo,pm25,201,5.0,72.0,21.0,1810.48
2022-02-17,JP,Yokohama,pm25,424,1.0,82.0,17.0,1493.78
2022-02-17,JP,Tokyo,pm25,2246,1.0,70.0,17.0,782.76
2022-02-17,JP,Saitama,pm25,437,5.0,59.0,17.0,809.65
2022-02-17,JP,Naha,pm25,141,5.0,46.0,30.0,1200.79
2022-02-17,JP,Nagasaki,pm25,173,5.0,61.0,34.0,1349.18
2022-02-17,JP,Toyama,pm25,140,5.0,65.0,13.0,931.0
2022-02-17,JP,Niigata,pm25,174,5.0,42.0,13.0,680.54
2022-02-17,JP,Nara-shi,pm25,180,5.0,55.0,25.0,1235.6
2022-02-17,JP,Okayama,pm25,265,5.0,82.0,34.0,1224.6
2022-02-17,JP,Sendai,pm25,394,5.0,50.0,17.0,686.72
2022-02-17,JP,Osaka,pm25,1367,5.0,76.0,25.0,1418.87
2022-02-17,JP,Miyazaki,pm25,125,5.0,95.0,38.0,2314.03
2022-02-17,JP,Matsuyama,pm25,157,5.0,70.0,34.0,1802.0
2022-02-17,JP,Wakayama,pm25,278,5.0,68.0,30.0,1752.62
2022-02-17,JP,Takamatsu,pm25,231,5.0,74.0,25.0,993.52
2022-02-17,JP,Nagoya,pm25,685,5.0,91.0,17.0,1060.37
2022-02-17,JP,Ōita,pm25,233,5.0,61.0,30.0,1578.95
2022-02-17,JP,Kobe,pm25,420,5.0,63.0,30.0,1400.82
2022-02-17,JP,Nagano,pm25,79,5.0,34.0,13.0,505.87
2022-02-17,JP,Utsunomiya,pm25,414,5.0,59.0,21.0,1191.65
2022-02-17,JP,Kagoshima,pm25,94,13.0,53.0,34.0,733.14
2022-02-17,SK,Košice,pm25,96,21.0,102.0,63.0,2096.65
2022-02-17,SK,Bratislava,pm25,82,5.0,55.0,30.0,1215.62
2022-02-17,FI,Vantaa,pm25,16,1.0,15.0,5.0,271.83
2022-02-17,FI,Turku,pm25,15,1.0,20.0,14.0,321.24
2022-02-17,FI,Helsinki,pm25,115,2.0,48.0,15.0,1289.91
2022-02-17,FI,Tampere,pm25,90,1.0,25.0,8.0,273.25
2022-02-17,ET,Addis Ababa,pm25,48,38.0,172.0,85.0,9041.06
2022-02-17,CH,Zürich,pm25,17,1.0,2.0,1.0,0.59
2022-02-17,CO,Bogotá,pm25,336,25.0,158.0,74.0,3103.48
2022-02-17,CO,Medellín,pm25,296,46.0,122.0,78.0,1517.6
2022-02-17,DK,Copenhagen,pm25,24,2.0,39.0,27.0,757.32
2022-02-17,EC,Quito,pm25,192,4.0,163.0,66.0,9479.78
2022-02-17,GB,Edinburgh,pm25,286,3.0,31.0,13.0,249.35
2022-02-17,GB,Norwich,pm25,18,17.0,52.0,21.0,767.61
2022-02-17,GB,Liverpool,pm25,36,21.0,47.0,30.0,408.25
2022-02-17,GB,Belfast,pm25,76,7.0,39.0,25.0,477.52
2022-02-17,GB,Coventry,pm25,54,17.0,36.0,22.0,269.96
2022-02-17,GB,Leeds,pm25,17,21.0,53.0,24.0,603.16
2022-02-17,GB,Cardiff,pm25,120,9.0,85.0,46.0,2617.96
2022-02-17,GB,Bristol,pm25,71,21.0,74.0,42.0,1343.68
2022-02-17,GB,London,pm25,521,4.0,102.0,38.0,2469.76
2022-02-17,GB,Birmingham,pm25,37,21.0,35.0,25.0,191.64
2022-02-17,GB,Sheffield,pm25,73,18.0,50.0,25.0,528.3
2022-02-17,GB,Newport,pm25,48,16.0,76.0,34.0,2420.74
2022-02-17,GB,Leicester,pm25,21,21.0,34.0,25.0,211.9
2022-02-17,GB,Manchester,pm25,78,17.0,51.0,30.0,503.87
2022-02-17,GB,Reading,pm25,48,13.0,72.0,34.0,2479.08
2022-02-17,GB,Plymouth,pm25,34,34.0,77.0,57.0,1343.18
2022-02-17,GB,Glasgow,pm25,572,6.0,57.0,17.0,373.93
2022-02-17,GB,Preston,pm25,42,17.0,44.0,31.0,485.6
2022-02-17,GB,Swansea,pm25,117,13.0,85.0,38.0,3000.78
2022-02-17,GB,Southend-on-Sea,pm25,42,17.0,58.0,34.0,1620.24
2022-02-17,ID,Jakarta,pm25,22,65.0,170.0,114.0,10363.5
2022-02-17,NP,Kathmandu,pm25,48,74.0,183.0,139.0,9940.41
2022-02-17,AU,Sydney,pm25,132,1.0,146.0,21.0,3527.07
2022-02-17,AU,Newcastle,pm25,139,1.0,66.0,23.0,1994.27
2022-02-17,AU,Launceston,pm25,112,5.0,21.0,9.0,121.69
2022-02-17,AU,Hobart,pm25,53,5.0,25.0,9.0,193.09
2022-02-17,AU,Darwin,pm25,64,1.0,43.0,10.0,947.08
2022-02-17,AU,Melbourne,pm25,153,1.0,86.0,29.0,2704.34
2022-02-17,AU,Canberra,pm25,62,9.0,74.0,35.0,2874.74
2022-02-17,AU,Adelaide,pm25,80,1.0,53.0,13.0,1046.06
2022-02-17,AU,Brisbane,pm25,143,2.0,60.0,27.0,1206.43
2022-02-17,AU,Perth,pm25,91,2.0,14.0,7.0,101.82
2022-02-17,AU,Wollongong,pm25,45,6.0,82.0,30.0,3465.89
2022-02-17,CI,Abidjan,pm25,24,87.0,132.0,104.0,1174.62
2022-02-17,GH,Accra,pm25,24,76.0,160.0,91.0,6714.78
2022-02-17,IQ,Baghdad,pm25,24,55.0,155.0,87.0,5728.1
2022-02-17,IS,Reykjavík,pm25,96,3.0,25.0,12.0,269.46
2022-02-17,KG,Bishkek,pm25,24,95.0,215.0,119.0,14825.8
2022-02-17,NL,Utrecht,pm25,47,15.0,55.0,38.0,1277.2
2022-02-17,NL,Nijmegen,pm25,46,3.0,58.0,24.0,1689.31
2022-02-17,NL,Haarlem,pm25,144,9.0,151.0,50.0,3610.35
2022-02-17,NL,Eindhoven,pm25,24,9.0,58.0,33.0,2149.11
2022-02-17,NL,Rotterdam,pm25,192,15.0,68.0,40.0,1146.18
2022-02-17,NL,Amsterdam,pm25,262,7.0,94.0,34.0,1996.79
2022-02-17,NL,Dordrecht,pm25,24,18.0,67.0,46.0,1688.68
2022-02-17,NL,Breda,pm25,47,4.0,58.0,27.0,2315.52
2022-02-17,NL,Groningen,pm25,48,6.0,55.0,27.0,1382.66
2022-02-17,NL,Maastricht,pm25,92,5.0,70.0,30.0,2689.03
2022-02-17,NL,The Hague,pm25,72,7.0,62.0,37.0,1452.27
2022-02-17,PT,Lisbon,pm25,22,13.0,25.0,18.0,107.12
2022-02-17,PT,Funchal,pm25,62,1.0,40.0,10.0,906.06
2022-02-17,CA,Hamilton,pm25,91,9.0,55.0,34.0,1019.17
2022-02-17,CA,Calgary,pm25,83,1.0,82.0,9.0,4148.38
2022-02-17,CA,Winnipeg,pm25,24,13.0,26.0,21.0,259.55
2022-02-17,CA,Halifax,pm25,46,33.0,52.0,43.0,231.43
2022-02-17,CA,Kitchener,pm25,48,13.0,72.0,34.0,1441.27
2022-02-17,CA,Edmonton,pm25,134,1.0,56.0,14.0,1568.91
2022-02-17,CA,Mississauga,pm25,69,9.0,70.0,38.0,1261.76
2022-02-17,CA,Québec,pm25,185,7.0,142.0,42.0,7159.5
2022-02-17,CA,Vancouver,pm25,23,16.0,58.0,25.0,1541.5
2022-02-17,CA,Victoria,pm25,42,5.0,63.0,17.0,3206.79
2022-02-17,CA,Montréal,pm25,406,9.0,68.0,47.0,1999.81
2022-02-17,CA,Toronto,pm25,138,13.0,85.0,38.0,2120.52
2022-02-17,CA,Ottawa,pm25,67,16.0,57.0,34.0,1607.71
2022-02-17,CA,London,pm25,47,13.0,63.0,34.0,1282.53
2022-02-17,US,Oklahoma City,pm25,96,16.0,95.0,27.0,2654.51
2022-02-17,US,Raleigh,pm25,71,9.0,50.0,30.0,828.21
2022-02-17,US,Memphis,pm25,70,4.0,51.0,26.0,1187.75
2022-02-17,US,Jackson,pm25,72,8.0,52.0,30.0,1459.58
2022-02-17,US,Boston,pm25,126,9.0,55.0,25.0,758.31
2022-02-17,US,Richmond,pm25,96,23.0,43.0,28.0,195.42
2022-02-17,US,Portland,pm25,165,12.0,80.0,31.0,1667.45
2022-02-17,US,Boise,pm25,90,5.0,59.0,17.0,1498.42
2022-02-17,US,Austin,pm25,39,5.0,50.0,25.0,1273.66
2022-02-17,US,Honolulu,pm25,63,5.0,34.0,13.0,649.13
2022-02-17,US,Fresno,pm25,47,24.0,74.0,46.0,1479.18
2022-02-17,US,Milwaukee,pm25,143,13.0,96.0,38.0,4052.98
2022-02-17,US,Hartford,pm25,48,19.0,44.0,29.0,293.12
2022-02-17,US,Washington D.C.,pm25,120,9.0,53.0,30.0,867.5
2022-02-17,US,Chicago,pm25,213,3.0,96.0,30.0,5765.17
2022-02-17,US,Houston,pm25,48,8.0,70.0,44.0,2177.02
2022-02-17,US,Indianapolis,pm25,120,4.0,56.0,32.0,1866.16
2022-02-17,US,Atlanta,pm25,24,18.0,59.0,39.0,1670.42
2022-02-17,US,Charlotte,pm25,21,17.0,55.0,38.0,1245.62
2022-02-17,US,Sacramento,pm25,72,5.0,77.0,34.0,3586.13
2022-02-17,US,Oakland,pm25,108,5.0,172.0,17.0,3749.04
2022-02-17,US,Providence,pm25,44,5.0,46.0,25.0,1202.3
2022-02-17,US,Staten Island,pm25,107,3.0,50.0,18.0,713.55
2022-02-17,US,Brooklyn,pm25,142,3.0,53.0,25.0,1252.09
2022-02-17,US,Springfield,pm25,69,8.0,88.0,36.0,3555.67
2022-02-17,US,The Bronx,pm25,48,14.0,44.0,25.0,790.05
2022-02-17,US,San Jose,pm25,84,5.0,76.0,25.0,2830.46
2022-02-17,US,Los Angeles,pm25,70,4.0,92.0,40.0,4259.79
2022-02-17,US,Detroit,pm25,163,4.0,92.0,37.0,3253.65
2022-02-17,US,Little Rock,pm25,24,4.0,34.0,19.0,789.11
2022-02-17,US,Baltimore,pm25,47,13.0,49.0,33.0,1018.18
2022-02-17,US,Phoenix,pm25,180,1.0,71.0,20.0,2400.95
2022-02-17,US,Omaha,pm25,45,5.0,42.0,17.0,936.16
2022-02-17,US,El Paso,pm25,150,5.0,106.0,18.0,2216.54
2022-02-17,US,Dallas,pm25,24,11.0,42.0,21.0,324.93
2022-02-17,US,Seattle,pm25,234,2.0,70.0,30.0,1973.97
2022-02-17,US,Manhattan,pm25,72,4.0,52.0,25.0,1061.41
2022-02-17,US,Miami,pm25,94,17.0,53.0,37.0,670.71
2022-02-17,US,Jacksonville,pm25,139,2.0,76.0,35.0,2048.21
2022-02-17,US,San Antonio,pm25,65,1.0,63.0,26.0,2751.4
2022-02-17,US,Philadelphia,pm25,93,3.0,72.0,26.0,1596.17
2022-02-17,US,San Diego,pm25,20,1.0,64.0,23.0,2555.37
2022-02-17,US,Columbus,pm25,48,5.0,85.0,33.0,3065.04
2022-02-17,US,Saint Paul,pm25,135,5.0,57.0,21.0,1184.87
2022-02-17,US,Denver,pm25,158,9.0,99.0,30.0,1937.03
2022-02-17,US,Salt Lake City,pm25,214,6.0,81.0,18.0,1428.12
2022-02-17,US,Albuquerque,pm25,59,5.0,55.0,17.0,1231.06
2022-02-17,US,San Francisco,pm25,53,5.0,42.0,17.0,1012.53
2022-02-17,US,Salem,pm25,72,18.0,65.0,30.0,1592.32
2022-02-17,US,Madison,pm25,48,23.0,63.0,27.0,1201.97
2022-02-17,US,Nashville,pm25,91,4.0,72.0,43.0,2805.39
2022-02-17,US,Tucson,pm25,164,5.0,42.0,21.0,696.29
2022-02-17,US,Queens,pm25,94,6.0,51.0,27.0,866.54
2022-02-17,US,Tallahassee,pm25,71,6.0,58.0,25.0,1076.21
2022-02-17,US,Fort Worth,pm25,19,5.0,38.0,17.0,963.74
2022-02-17,RS,Novi Sad,pm25,48,18.0,141.0,51.0,9300.85
2022-02-17,RS,Niš,pm25,48,33.0,191.0,100.0,24109.2
2022-02-17,RS,Belgrade,pm25,105,1.0,161.0,63.0,17352.8
2022-02-17,CY,Nicosia,pm25,24,63.0,173.0,96.0,14118.0
2022-02-17,CY,Limassol,pm25,24,65.0,126.0,74.0,2693.89
2022-02-17,HR,Rijeka,pm25,63,30.0,79.0,63.0,1379.26
2022-02-17,MK,Skopje,pm25,168,26.0,192.0,89.0,20225.7
2022-02-18,GE,Tbilisi,pm25,96,74.0,159.0,97.0,8524.19
2022-02-18,HU,Győr,pm25,47,9.0,63.0,30.0,1656.21
2022-02-18,HU,Szeged,pm25,23,34.0,76.0,50.0,1294.43
2022-02-18,HU,Pécs,pm25,69,5.0,89.0,25.0,4999.18
2022-02-18,HU,Kecskemét,pm25,20,17.0,34.0,17.0,469.9
2022-02-18,HU,Miskolc,pm25,107,13.0,144.0,21.0,7408.95
2022-02-18,HU,Budapest,pm25,314,9.0,53.0,25.0,1120.7
2022-02-18,JP,Fukuoka,pm25,414,5.0,82.0,34.0,2143.52
2022-02-18,JP,Kanazawa,pm25,164,5.0,63.0,17.0,1713.74
2022-02-18,JP,Kumamoto,pm25,366,5.0,85.0,46.0,2515.15
2022-02-18,JP,Akita,pm25,38,5.0,72.0,21.0,2852.64
2022-02-18,JP,Kochi,pm25,47,5.0,50.0,21.0,1118.15
2022-02-18,JP,Gifu-shi,pm25,144,5.0,172.0,21.0,5080.47
2022-02-18,JP,Kyoto,pm25,531,5.0,57.0,25.0,981.47
2022-02-18,JP,Hiroshima,pm25,285,5.0,68.0,25.0,2041.33
2022-02-18,JP,Shizuoka,pm25,185,5.0,78.0,13.0,1584.01
2022-02-18,JP,Chiba,pm25,608,5.0,95.0,17.0,2386.52
2022-02-18,JP,Sapporo,pm25,201,5.0,63.0,17.0,1880.7
2022-02-18,JP,Yokohama,pm25,437,1.0,72.0,17.0,1671.74
2022-02-18,JP,Tokyo,pm25,2181,1.0,72.0,13.0,1057.57
2022-02-18,JP,Saitama,pm25,396,5.0,53.0,17.0,1028.33
2022-02-18,JP,Naha,pm25,125,5.0,17.0,9.0,140.53
2022-02-18,JP,Nagasaki,pm25,167,5.0,63.0,34.0,2069.74
2022-02-18,JP,Toyama,pm25,138,5.0,80.0,17.0,1845.43
2022-02-18,JP,Niigata,pm25,183,5.0,50.0,17.0,899.58
2022-02-18,JP,Nara-shi,pm25,175,5.0,53.0,21.0,805.7
2022-02-18,JP,Okayama,pm25,274,5.0,72.0,30.0,1465.31
2022-02-18,JP,Sendai,pm25,405,5.0,50.0,17.0,707.42
2022-02-18,JP,Osaka,pm25,1358,5.0,80.0,21.0,1255.73
2022-02-18,JP,Miyazaki,pm25,123,5.0,78.0,25.0,2519.81
2022-02-18,JP,Matsuyama,pm25,142,5.0,65.0,25.0,1699.18
2022-02-18,JP,Wakayama,pm25,274,5.0,68.0,25.0,1114.41
2022-02-18,JP,Takamatsu,pm25,226,5.0,53.0,21.0,1126.07
2022-02-18,JP,Nagoya,pm25,694,5.0,78.0,21.0,1834.93
2022-02-18,JP,Ōita,pm25,227,5.0,57.0,25.0,1521.07
2022-02-18,JP,Kobe,pm25,417,5.0,85.0,30.0,1533.46
2022-02-18,JP,Nagano,pm25,70,5.0,34.0,13.0,579.51
2022-02-18,JP,Utsunomiya,pm25,357,5.0,61.0,17.0,1046.44
2022-02-18,JP,Kagoshima,pm25,95,13.0,65.0,30.0,1366.26
2022-02-18,SK,Košice,pm25,87,5.0,91.0,38.0,4990.44
2022-02-18,SK,Bratislava,pm25,84,5.0,74.0,30.0,2989.69
2022-02-18,FI,Vantaa,pm25,24,7.0,24.0,16.0,225.8
2022-02-18,FI,Turku,pm25,23,3.0,19.0,12.0,151.11
2022-02-18,FI,Helsinki,pm25,116,4.0,23.0,8.0,179.96
2022-02-18,FI,Tampere,pm25,96,5.0,22.0,9.0,142.46
2022-02-18,ET,Addis Ababa,pm25,48,61.0,161.0,85.0,3959.41
2022-02-18,CH,Zürich,pm25,19,1.0,3.0,2.0,3.68
2022-02-18,CO,Bogotá,pm25,335,25.0,156.0,80.0,4183.77
2022-02-18,CO,Medellín,pm25,296,34.0,139.0,78.0,2524.06
2022-02-18,DK,Copenhagen,pm25,22,1.0,46.0,28.0,1646.32
2022-02-18,EC,Quito,pm25,192,1.0,143.0,56.0,10243.0
2022-02-18,GB,Edinburgh,pm25,283,1.0,25.0,8.0,287.65
2022-02-18,GB,Norwich,pm25,19,19.0,47.0,25.0,533.86
2022-02-18,GB,Liverpool,pm25,42,9.0,46.0,21.0,767.92
2022-02-18,GB,Belfast,pm25,32,6.0,25.0,17.0,313.54
2022-02-18,GB,Coventry,pm25,58,17.0,43.0,21.0,473.76
2022-02-18,GB,Leeds,pm25,28,9.0,38.0,21.0,386.09
2022-02-18,GB,Cardiff,pm25,121,17.0,72.0,42.0,1292.64
2022-02-18,GB,Bristol,pm25,65,5.0,57.0,25.0,1061.62
2022-02-18,GB,London,pm25,496,1.0,90.0,30.0,2588.26
2022-02-18,GB,Birmingham,pm25,37,17.0,48.0,24.0,677.13
2022-02-18,GB,Sheffield,pm25,84,17.0,46.0,22.0,506.06
2022-02-18,GB,Newport,pm25,46,8.0,53.0,24.0,1697.16
2022-02-18,GB,Leicester,pm25,17,17.0,43.0,21.0,751.32
2022-02-18,GB,Manchester,pm25,76,3.0,45.0,23.0,1215.95
2022-02-18,GB,Reading,pm25,46,5.0,46.0,25.0,1474.96
2022-02-18,GB,Plymouth,pm25,35,21.0,68.0,50.0,2041.93
2022-02-18,GB,Glasgow,pm25,568,1.0,50.0,8.0,392.62
2022-02-18,GB,Preston,pm25,46,8.0,39.0,25.0,393.14
2022-02-18,GB,Swansea,pm25,116,5.0,72.0,30.0,3215.65
2022-02-18,GB,Southend-on-Sea,pm25,44,5.0,62.0,30.0,2973.66
2022-02-18,ID,Jakarta,pm25,22,57.0,155.0,106.0,9296.8
2022-02-18,NP,Kathmandu,pm25,48,89.0,187.0,149.0,5828.4
2022-02-18,AU,Sydney,pm25,140,2.0,171.0,31.0,2790.11
2022-02-18,AU,Newcastle,pm25,143,8.0,105.0,32.0,2259.29
2022-02-18,AU,Launceston,pm25,73,5.0,17.0,5.0,73.36
2022-02-18,AU,Hobart,pm25,36,5.0,9.0,5.0,34.92
2022-02-18,AU,Darwin,pm25,67,1.0,33.0,13.0,743.3
2022-02-18,AU,Melbourne,pm25,160,1.0,67.0,31.0,1622.42
2022-02-18,AU,Canberra,pm25,55,3.0,85.0,38.0,4741.78
2022-02-18,AU,Adelaide,pm25,91,9.0,56.0,25.0,770.33
2022-02-18,AU,Brisbane,pm25,143,4.0,65.0,27.0,1700.4
2022-02-18,AU,Perth,pm25,86,2.0,12.0,5.0,65.03
2022-02-18,AU,Wollongong,pm25,47,19.0,85.0,31.0,1714.47
2022-02-18,CI,Abidjan,pm25,24,70.0,154.0,82.0,5740.8
2022-02-18,GH,Accra,pm25,24,80.0,154.0,95.0,5248.7
2022-02-18,IQ,Baghdad,pm25,24,87.0,198.0,155.0,11626.9
2022-02-18,IS,Reykjavík,pm25,96,6.0,22.0,10.0,75.54
2022-02-18,KG,Bishkek,pm25,24,55.0,183.0,160.0,19397.3
2022-02-18,NL,Utrecht,pm25,48,16.0,63.0,38.0,1024.82
2022-02-18,NL,Nijmegen,pm25,46,7.0,61.0,32.0,1319.77
2022-02-18,NL,Haarlem,pm25,143,3.0,159.0,50.0,7961.75
2022-02-18,NL,Eindhoven,pm25,24,13.0,64.0,38.0,2056.5
2022-02-18,NL,Rotterdam,pm25,192,7.0,157.0,39.0,2694.39
2022-02-18,NL,Amsterdam,pm25,261,1.0,184.0,33.0,5997.47
2022-02-18,NL,Dordrecht,pm25,24,9.0,61.0,46.0,2654.71
2022-02-18,NL,Breda,pm25,38,2.0,66.0,24.0,1524.18
2022-02-18,NL,Groningen,pm25,46,5.0,55.0,24.0,1782.3
2022-02-18,NL,Maastricht,pm25,80,5.0,53.0,30.0,1424.35
2022-02-18,NL,The Hague,pm25,71,2.0,82.0,39.0,2606.5
2022-02-18,PT,Lisbon,pm25,26,13.0,22.0,16.0,64.0
2022-02-18,PT,Funchal,pm25,41,1.0,30.0,15.0,855.26
2022-02-18,CA,Hamilton,pm25,69,5.0,42.0,13.0,758.11
2022-02-18,CA,Calgary,pm25,91,1.0,45.0,20.0,1372.85
2022-02-18,CA,Winnipeg,pm25,24,13.0,21.0,16.0,46.3
2022-02-18,CA,Halifax,pm25,42,6.0,46.0,18.0,1376.56
2022-02-18,CA,Kitchener,pm25,37,5.0,21.0,13.0,221.74
2022-02-18,CA,Edmonton,pm25,135,1.0,42.0,15.0,608.9
2022-02-18,CA,Mississauga,pm25,38,5.0,21.0,9.0,179.35
2022-02-18,CA,Québec,pm25,152,5.0,96.0,14.0,1969.26
2022-02-18,CA,Vancouver,pm25,23,8.0,49.0,30.0,1327.71
2022-02-18,CA,Victoria,pm25,44,9.0,68.0,25.0,1705.79
2022-02-18,CA,Montréal,pm25,345,6.0,88.0,15.0,1025.11
2022-02-18,CA,Toronto,pm25,101,5.0,25.0,9.0,254.48
2022-02-18,CA,Ottawa,pm25,46,9.0,60.0,16.0,1739.66
2022-02-18,CA,London,pm25,29,5.0,21.0,9.0,267.59
2022-02-18,US,Oklahoma City,pm25,96,10.0,65.0,28.0,1777.54
2022-02-18,US,Raleigh,pm25,59,3.0,34.0,17.0,816.52
2022-02-18,US,Memphis,pm25,69,1.0,50.0,28.0,684.38
2022-02-18,US,Jackson,pm25,68,1.0,56.0,29.0,1783.77
2022-02-18,US,Boston,pm25,119,5.0,38.0,13.0,413.5
2022-02-18,US,Richmond,pm25,96,3.0,30.0,17.0,478.67
2022-02-18,US,Portland,pm25,166,5.0,93.0,39.0,3025.63
2022-02-18,US,Boise,pm25,92,5.0,74.0,38.0,3417.71
2022-02-18,US,Austin,pm25,38,5.0,46.0,21.0,1315.22
2022-02-18,US,Honolulu,pm25,70,5.0,55.0,17.0,1399.93
2022-02-18,US,Fresno,pm25,47,30.0,108.0,61.0,2305.93
2022-02-18,US,Milwaukee,pm25,144,14.0,55.0,26.0,589.75
2022-02-18,US,Hartford,pm25,48,6.0,33.0,13.0,420.6
2022-02-18,US,Washington D.C.,pm25,115,4.0,38.0,19.0,564.22
2022-02-18,US,Chicago,pm25,210,11.0,65.0,25.0,859.25
2022-02-18,US,Houston,pm25,48,1.0,52.0,19.0,1539.43
2022-02-18,US,Indianapolis,pm25,119,3.0,57.0,29.0,1477.58
2022-02-18,US,Atlanta,pm25,23,10.0,48.0,23.0,1416.28
2022-02-18,US,Charlotte,pm25,20,5.0,34.0,13.0,787.47
2022-02-18,US,Sacramento,pm25,72,34.0,99.0,59.0,2769.11
2022-02-18,US,Oakland,pm25,119,13.0,82.0,46.0,1764.7
2022-02-18,US,Providence,pm25,38,5.0,25.0,13.0,297.81
2022-02-18,US,Staten Island,pm25,104,1.0,69.0,20.0,1386.94
2022-02-18,US,Brooklyn,pm25,137,1.0,60.0,23.0,1891.4
2022-02-18,US,Springfield,pm25,67,3.0,53.0,24.0,936.64
2022-02-18,US,The Bronx,pm25,48,7.0,35.0,22.0,757.43
2022-02-18,US,San Jose,pm25,96,21.0,78.0,42.0,1966.94
2022-02-18,US,Los Angeles,pm25,72,4.0,78.0,44.0,4123.0
2022-02-18,US,Detroit,pm25,168,13.0,74.0,23.0,1587.75
2022-02-18,US,Little Rock,pm25,24,7.0,72.0,18.0,2396.45
2022-02-18,US,Baltimore,pm25,45,5.0,85.0,17.0,1452.19
2022-02-18,US,Phoenix,pm25,183,2.0,99.0,35.0,5079.56
2022-02-18,US,Omaha,pm25,36,5.0,38.0,17.0,591.52
2022-02-18,US,El Paso,pm25,136,5.0,142.0,25.0,4829.25
2022-02-18,US,Dallas,pm25,24,4.0,40.0,18.0,937.37
2022-02-18,US,Seattle,pm25,264,5.0,72.0,34.0,1948.56
2022-02-18,US,Manhattan,pm25,63,3.0,52.0,20.0,1458.67
2022-02-18,US,Miami,pm25,81,23.0,56.0,46.0,676.92
2022-02-18,US,Jacksonville,pm25,144,17.0,59.0,32.0,523.19
2022-02-18,US,San Antonio,pm25,56,2.0,39.0,13.0,769.61
2022-02-18,US,Philadelphia,pm25,80,4.0,63.0,18.0,1107.09
2022-02-18,US,San Diego,pm25,20,5.0,57.0,31.0,2496.74
2022-02-18,US,Columbus,pm25,48,13.0,48.0,25.0,699.56
2022-02-18,US,Saint Paul,pm25,136,5.0,61.0,25.0,1183.0
2022-02-18,US,Denver,pm25,156,5.0,65.0,30.0,1937.32
2022-02-18,US,Salt Lake City,pm25,216,3.0,63.0,20.0,1716.83
2022-02-18,US,Albuquerque,pm25,72,7.0,58.0,19.0,2952.29
2022-02-18,US,San Francisco,pm25,71,5.0,61.0,30.0,1955.82
2022-02-18,US,Salem,pm25,71,23.0,94.0,53.0,1976.51
2022-02-18,US,Madison,pm25,47,19.0,31.0,23.0,78.7
2022-02-18,US,Nashville,pm25,94,4.0,63.0,27.0,1334.22
2022-02-18,US,Tucson,pm25,142,5.0,70.0,25.0,1734.07
2022-02-18,US,Queens,pm25,90,1.0,46.0,25.0,1380.95
2022-02-18,US,Tallahassee,pm25,70,1.0,51.0,25.0,925.71
2022-02-18,US,Fort Worth,pm25,16,5.0,38.0,13.0,1152.29
2022-02-18,RS,Novi Sad,pm25,48,9.0,62.0,29.0,1849.08
2022-02-18,RS,Niš,pm25,48,11.0,177.0,49.0,36240.0
2022-02-18,RS,Belgrade,pm25,96,12.0,152.0,31.0,6643.22
2022-02-18,CY,Nicosia,pm25,24,76.0,164.0,83.0,6600.22
2022-02-18,CY,Limassol,pm25,24,55.0,124.0,80.0,4169.98
2022-02-18,HR,Rijeka,pm25,57,16.0,149.0,32.0,4744.56
2022-02-18,MK,Skopje,pm25,168,9.0,177.0,47.0,27343.2
2022-02-19,GE,Tbilisi,pm25,96,74.0,159.0,100.0,7674.84
2022-02-19,HU,Győr,pm25,45,9.0,53.0,21.0,1345.91
2022-02-19,HU,Szeged,pm25,22,17.0,65.0,53.0,2885.13
2022-02-19,HU,Pécs,pm25,72,25.0,74.0,42.0,1635.19
2022-02-19,HU,Miskolc,pm25,111,13.0,117.0,42.0,5390.93
2022-02-19,HU,Budapest,pm25,297,5.0,85.0,25.0,3316.68
2022-02-19,JP,Fukuoka,pm25,419,5.0,63.0,34.0,1256.97
2022-02-19,JP,Kanazawa,pm25,143,5.0,57.0,13.0,1198.59
2022-02-19,JP,Kumamoto,pm25,350,5.0,107.0,21.0,2520.11
2022-02-19,JP,Akita,pm25,42,5.0,61.0,21.0,1174.38
2022-02-19,JP,Kochi,pm25,41,5.0,42.0,13.0,809.05
2022-02-19,JP,Gifu-shi,pm25,115,5.0,99.0,17.0,2673.15
2022-02-19,JP,Kyoto,pm25,534,5.0,87.0,25.0,1907.69
2022-02-19,JP,Hiroshima,pm25,277,5.0,61.0,30.0,2007.74
2022-02-19,JP,Shizuoka,pm25,216,5.0,70.0,17.0,1709.63
2022-02-19,JP,Chiba,pm25,775,5.0,129.0,50.0,4594.79
2022-02-19,JP,Sapporo,pm25,207,5.0,59.0,21.0,1713.35
2022-02-19,JP,Yokohama,pm25,525,1.0,93.0,42.0,6787.79
2022-02-19,JP,Tokyo,pm25,2534,1.0,139.0,42.0,6299.58
2022-02-19,JP,Saitama,pm25,497,5.0,165.0,42.0,6937.04
2022-02-19,JP,Naha,pm25,128,5.0,25.0,9.0,219.17
2022-02-19,JP,Nagasaki,pm25,143,5.0,63.0,21.0,1435.91
2022-02-19,JP,Toyama,pm25,141,5.0,72.0,25.0,3245.36
2022-02-19,JP,Niigata,pm25,197,5.0,59.0,17.0,1414.22
2022-02-19,JP,Nara-shi,pm25,176,5.0,70.0,30.0,2049.37
2022-02-19,JP,Okayama,pm25,279,5.0,78.0,38.0,1818.17
2022-02-19,JP,Sendai,pm25,441,5.0,55.0,17.0,613.28
2022-02-19,JP,Osaka,pm25,1290,5.0,117.0,30.0,2052.3
2022-02-19,JP,Miyazaki,pm25,108,5.0,129.0,21.0,3824.64
2022-02-19,JP,Matsuyama,pm25,142,5.0,89.0,34.0,2907.76
2022-02-19,JP,Wakayama,pm25,271,5.0,70.0,25.0,2250.73
2022-02-19,JP,Takamatsu,pm25,230,5.0,57.0,21.0,1289.78
2022-02-19,JP,Nagoya,pm25,737,1.0,99.0,30.0,2971.15
2022-02-19,JP,Ōita,pm25,200,5.0,57.0,17.0,1027.95
2022-02-19,JP,Kobe,pm25,410,5.0,70.0,25.0,2061.97
2022-02-19,JP,Nagano,pm25,80,5.0,80.0,25.0,3038.72
2022-02-19,JP,Utsunomiya,pm25,441,5.0,107.0,34.0,2329.77
2022-02-19,JP,Kagoshima,pm25,93,5.0,87.0,21.0,979.78
2022-02-19,SK,Košice,pm25,95,13.0,137.0,42.0,4695.26
2022-02-19,SK,Bratislava,pm25,81,5.0,50.0,13.0,1227.25
2022-02-19,FI,Vantaa,pm25,21,3.0,32.0,20.0,831.48
2022-02-19,FI,Turku,pm25,23,1.0,28.0,13.0,426.76
2022-02-19,FI,Helsinki,pm25,119,3.0,32.0,15.0,423.01
2022-02-19,FI,Tampere,pm25,94,5.0,22.0,11.0,185.56
2022-02-19,ET,Addis Ababa,pm25,35,55.0,171.0,82.0,8190.22
2022-02-19,CH,Zürich,pm25,20,1.0,5.0,1.0,18.39
2022-02-19,CO,Bogotá,pm25,334,13.0,132.0,63.0,3771.78
2022-02-19,CO,Medellín,pm25,311,30.0,99.0,63.0,2102.56
2022-02-19,DK,Copenhagen,pm25,24,9.0,45.0,32.0,936.79
2022-02-19,EC,Quito,pm25,183,2.0,124.0,37.0,5203.55
2022-02-19,GB,Edinburgh,pm25,284,1.0,30.0,10.0,355.54
2022-02-19,GB,Norwich,pm25,24,12.0,30.0,19.0,173.46
2022-02-19,GB,Liverpool,pm25,29,5.0,37.0,21.0,994.21
2022-02-19,GB,Belfast,pm25,27,13.0,25.0,21.0,147.69
2022-02-19,GB,Coventry,pm25,54,17.0,48.0,17.0,200.28
2022-02-19,GB,Leeds,pm25,38,17.0,59.0,23.0,1502.03
2022-02-19,GB,Cardiff,pm25,144,25.0,158.0,46.0,3255.52
2022-02-19,GB,Bristol,pm25,68,5.0,61.0,25.0,2457.38
2022-02-19,GB,London,pm25,471,2.0,85.0,25.0,2274.02
2022-02-19,GB,Birmingham,pm25,38,17.0,28.0,20.0,80.46
2022-02-19,GB,Sheffield,pm25,79,10.0,61.0,21.0,1156.65
2022-02-19,GB,Newport,pm25,44,13.0,53.0,25.0,1567.82
2022-02-19,GB,Leicester,pm25,24,17.0,54.0,21.0,814.49
2022-02-19,GB,Manchester,pm25,76,10.0,44.0,25.0,548.95
2022-02-19,GB,Reading,pm25,44,5.0,53.0,21.0,1934.05
2022-02-19,GB,Plymouth,pm25,44,9.0,68.0,34.0,2813.55
2022-02-19,GB,Glasgow,pm25,572,3.0,55.0,12.0,559.7
2022-02-19,GB,Preston,pm25,44,13.0,37.0,25.0,289.47
2022-02-19,GB,Swansea,pm25,120,5.0,72.0,38.0,2318.65
2022-02-19,GB,Southend-on-Sea,pm25,46,10.0,48.0,21.0,441.72
2022-02-19,ID,Jakarta,pm25,23,50.0,178.0,151.0,22719.9
2022-02-19,NP,Kathmandu,pm25,48,80.0,178.0,154.0,9317.59
2022-02-19,AU,Sydney,pm25,122,4.0,85.0,22.0,1671.35
2022-02-19,AU,Newcastle,pm25,142,4.0,58.0,25.0,1074.83
2022-02-19,AU,Launceston,pm25,96,5.0,91.0,9.0,770.84
2022-02-19,AU,Hobart,pm25,35,5.0,17.0,9.0,140.64
2022-02-19,AU,Darwin,pm25,55,1.0,48.0,10.0,777.72
2022-02-19,AU,Melbourne,pm25,160,2.0,59.0,28.0,1498.86
2022-02-19,AU,Canberra,pm25,65,4.0,68.0,27.0,2132.44
2022-02-19,AU,Adelaide,pm25,96,3.0,48.0,25.0,833.83
2022-02-19,AU,Brisbane,pm25,143,1.0,58.0,26.0,1067.92
2022-02-19,AU,Perth,pm25,91,2.0,17.0,8.0,95.23
2022-02-19,AU,Wollongong,pm25,44,1.0,55.0,17.0,1866.23
2022-02-19,CI,Abidjan,pm25,24,55.0,102.0,85.0,1751.3
2022-02-19,GH,Accra,pm25,24,65.0,152.0,87.0,3900.8
2022-02-19,IQ,Baghdad,pm25,24,78.0,165.0,122.0,7229.78
2022-02-19,IS,Reykjavík,pm25,96,2.0,15.0,9.0,47.15
2022-02-19,KG,Bishkek,pm25,24,17.0,323.0,174.0,63240.8
2022-02-19,NL,Utrecht,pm25,47,10.0,57.0,29.0,1434.88
2022-02-19,NL,Nijmegen,pm25,47,3.0,47.0,26.0,1131.19
2022-02-19,NL,Haarlem,pm25,138,6.0,154.0,45.0,4960.03
2022-02-19,NL,Eindhoven,pm25,23,4.0,53.0,33.0,1670.83
2022-02-19,NL,Rotterdam,pm25,192,8.0,54.0,26.0,472.08
2022-02-19,NL,Amsterdam,pm25,255,1.0,130.0,28.0,2059.51
2022-02-19,NL,Dordrecht,pm25,24,25.0,52.0,41.0,474.78
2022-02-19,NL,Breda,pm25,24,16.0,48.0,28.0,576.45
2022-02-19,NL,Groningen,pm25,46,1.0,48.0,21.0,1154.92
2022-02-19,NL,Maastricht,pm25,87,9.0,42.0,21.0,819.97
2022-02-19,NL,The Hague,pm25,72,3.0,47.0,25.0,905.96
2022-02-19,PT,Lisbon,pm25,8,13.0,16.0,15.0,9.82
2022-02-19,PT,Funchal,pm25,47,2.0,17.0,7.0,205.61
2022-02-19,CA,Hamilton,pm25,75,5.0,46.0,17.0,757.76
2022-02-19,CA,Calgary,pm25,79,1.0,35.0,5.0,419.92
2022-02-19,CA,Winnipeg,pm25,24,9.0,25.0,12.0,315.36
2022-02-19,CA,Halifax,pm25,46,7.0,28.0,13.0,364.27
2022-02-19,CA,Kitchener,pm25,42,9.0,34.0,17.0,500.89
2022-02-19,CA,Edmonton,pm25,136,1.0,70.0,16.0,2113.62
2022-02-19,CA,Mississauga,pm25,58,9.0,38.0,17.0,536.34
2022-02-19,CA,Québec,pm25,178,12.0,61.0,22.0,1197.98
2022-02-19,CA,Vancouver,pm25,21,2.0,21.0,8.0,332.48
2022-02-19,CA,Victoria,pm25,28,5.0,82.0,9.0,5260.32
2022-02-19,CA,Montréal,pm25,414,9.0,99.0,24.0,868.02
2022-02-19,CA,Toronto,pm25,121,5.0,42.0,17.0,631.37
2022-02-19,CA,Ottawa,pm25,61,16.0,54.0,21.0,780.54
2022-02-19,CA,London,pm25,41,9.0,30.0,13.0,410.4
2022-02-19,US,Oklahoma City,pm25,96,8.0,45.0,25.0,767.71
2022-02-19,US,Raleigh,pm25,62,5.0,38.0,17.0,540.93
2022-02-19,US,Memphis,pm25,70,15.0,53.0,26.0,586.66
2022-02-19,US,Jackson,pm25,70,1.0,80.0,28.0,3887.58
2022-02-19,US,Boston,pm25,122,5.0,72.0,21.0,1083.67
2022-02-19,US,Richmond,pm25,96,15.0,40.0,21.0,483.58
2022-02-19,US,Portland,pm25,168,9.0,91.0,48.0,3333.46
2022-02-19,US,Boise,pm25,75,5.0,76.0,21.0,4137.93
2022-02-19,US,Austin,pm25,42,9.0,68.0,38.0,2122.72
2022-02-19,US,Honolulu,pm25,63,5.0,65.0,17.0,1784.01
2022-02-19,US,Fresno,pm25,48,30.0,117.0,55.0,3711.76
2022-02-19,US,Milwaukee,pm25,144,14.0,51.0,25.0,709.05
2022-02-19,US,Hartford,pm25,48,14.0,43.0,22.0,508.61
2022-02-19,US,Washington D.C.,pm25,118,5.0,55.0,23.0,851.03
2022-02-19,US,Chicago,pm25,215,4.0,41.0,24.0,370.13
2022-02-19,US,Houston,pm25,48,12.0,65.0,31.0,1602.12
2022-02-19,US,Indianapolis,pm25,119,4.0,58.0,23.0,761.6
2022-02-19,US,Atlanta,pm25,23,13.0,45.0,30.0,872.21
2022-02-19,US,Charlotte,pm25,21,5.0,50.0,17.0,1134.62
2022-02-19,US,Sacramento,pm25,72,25.0,119.0,61.0,4866.2
2022-02-19,US,Oakland,pm25,120,25.0,76.0,53.0,1185.31
2022-02-19,US,Providence,pm25,42,5.0,34.0,13.0,532.59
2022-02-19,US,Staten Island,pm25,110,5.0,95.0,25.0,2156.73
2022-02-19,US,Brooklyn,pm25,139,1.0,52.0,27.0,1114.42
2022-02-19,US,Springfield,pm25,71,5.0,61.0,23.0,1389.08
2022-02-19,US,The Bronx,pm25,48,12.0,42.0,25.0,578.71
2022-02-19,US,San Jose,pm25,89,21.0,93.0,53.0,2603.57
2022-02-19,US,Los Angeles,pm25,71,11.0,87.0,51.0,3836.17
2022-02-19,US,Detroit,pm25,166,4.0,54.0,25.0,593.69
2022-02-19,US,Little Rock,pm25,24,15.0,50.0,34.0,682.54
2022-02-19,US,Baltimore,pm25,42,5.0,43.0,25.0,789.23
2022-02-19,US,Phoenix,pm25,187,1.0,253.0,30.0,12580.3
2022-02-19,US,Omaha,pm25,46,5.0,34.0,17.0,730.36
2022-02-19,US,El Paso,pm25,166,5.0,149.0,34.0,4742.22
2022-02-19,US,Dallas,pm25,24,7.0,56.0,22.0,2319.93
2022-02-19,US,Seattle,pm25,224,3.0,65.0,17.0,2511.24
2022-02-19,US,Manhattan,pm25,70,3.0,57.0,21.0,1795.22
2022-02-19,US,Miami,pm25,70,25.0,74.0,46.0,1119.69
2022-02-19,US,Jacksonville,pm25,144,9.0,73.0,29.0,1669.72
2022-02-19,US,San Antonio,pm25,68,3.0,60.0,25.0,2316.35
2022-02-19,US,Philadelphia,pm25,78,2.0,77.0,25.0,2826.21
2022-02-19,US,San Diego,pm25,24,5.0,66.0,39.0,2884.28
2022-02-19,US,Columbus,pm25,48,19.0,72.0,27.0,1283.58
2022-02-19,US,Saint Paul,pm25,127,5.0,46.0,17.0,616.45
2022-02-19,US,Denver,pm25,150,5.0,55.0,17.0,1222.14
2022-02-19,US,Salt Lake City,pm25,216,5.0,72.0,20.0,1292.6
2022-02-19,US,Albuquerque,pm25,72,8.0,69.0,20.0,1623.07
2022-02-19,US,San Francisco,pm25,72,17.0,74.0,42.0,1501.25
2022-02-19,US,Salem,pm25,72,7.0,90.0,27.0,4662.46
2022-02-19,US,Madison,pm25,48,16.0,28.0,20.0,130.32
2022-02-19,US,Nashville,pm25,93,5.0,74.0,29.0,2030.53
2022-02-19,US,Tucson,pm25,138,5.0,70.0,17.0,1882.04
2022-02-19,US,Queens,pm25,96,3.0,63.0,26.0,1854.74
2022-02-19,US,Tallahassee,pm25,72,7.0,100.0,32.0,4772.18
2022-02-19,US,Fort Worth,pm25,21,5.0,55.0,21.0,1871.9
2022-02-19,RS,Novi Sad,pm25,48,14.0,95.0,42.0,4827.5
2022-02-19,RS,Niš,pm25,48,21.0,184.0,57.0,30061.3
2022-02-19,RS,Belgrade,pm25,96,26.0,107.0,47.0,1989.15
2022-02-19,CY,Nicosia,pm25,22,71.0,145.0,89.0,3640.0
2022-02-19,CY,Limassol,pm25,24,58.0,152.0,87.0,4905.43
2022-02-19,HR,Rijeka,pm25,57,3.0,62.0,29.0,1175.46
2022-02-19,MK,Skopje,pm25,168,18.0,190.0,74.0,19698.2
2022-02-20,GE,Tbilisi,pm25,96,72.0,115.0,77.0,790.23
2022-02-20,HU,Győr,pm25,43,5.0,65.0,38.0,2561.66
2022-02-20,HU,Szeged,pm25,23,5.0,70.0,21.0,3265.1
2022-02-20,HU,Pécs,pm25,69,9.0,78.0,34.0,4326.14
2022-02-20,HU,Miskolc,pm25,116,13.0,117.0,57.0,6917.95
2022-02-20,HU,Budapest,pm25,354,9.0,74.0,38.0,2906.62
2022-02-20,JP,Fukuoka,pm25,418,5.0,85.0,42.0,2204.34
2022-02-20,JP,Kanazawa,pm25,181,5.0,68.0,25.0,2698.13
2022-02-20,JP,Kumamoto,pm25,365,5.0,72.0,38.0,2103.34
2022-02-20,JP,Akita,pm25,43,5.0,72.0,30.0,3768.52
2022-02-20,JP,Kochi,pm25,41,5.0,46.0,21.0,1207.94
2022-02-20,JP,Gifu-shi,pm25,115,5.0,124.0,21.0,3492.91
2022-02-20,JP,Kyoto,pm25,533,5.0,59.0,25.0,1745.27
2022-02-20,JP,Hiroshima,pm25,277,5.0,68.0,30.0,2147.28
2022-02-20,JP,Shizuoka,pm25,198,5.0,63.0,13.0,1853.67
2022-02-20,JP,Chiba,pm25,635,5.0,95.0,34.0,4391.35
2022-02-20,JP,Sapporo,pm25,188,5.0,57.0,17.0,990.13
2022-02-20,JP,Yokohama,pm25,476,1.0,78.0,34.0,5532.83
2022-02-20,JP,Tokyo,pm25,2379,1.0,109.0,38.0,5229.64
2022-02-20,JP,Saitama,pm25,445,5.0,142.0,30.0,5114.78
2022-02-20,JP,Naha,pm25,141,5.0,53.0,30.0,2358.17
2022-02-20,JP,Nagasaki,pm25,160,5.0,72.0,34.0,1521.45
2022-02-20,JP,Toyama,pm25,138,5.0,78.0,21.0,3624.06
2022-02-20,JP,Niigata,pm25,194,5.0,57.0,21.0,1830.09
2022-02-20,JP,Nara-shi,pm25,182,5.0,68.0,30.0,1981.53
2022-02-20,JP,Okayama,pm25,284,5.0,97.0,34.0,2144.59
2022-02-20,JP,Sendai,pm25,385,5.0,59.0,17.0,1920.19
2022-02-20,JP,Osaka,pm25,1099,5.0,74.0,30.0,2193.11
2022-02-20,JP,Miyazaki,pm25,133,5.0,70.0,38.0,2609.15
2022-02-20,JP,Matsuyama,pm25,145,5.0,65.0,34.0,2107.81
2022-02-20,JP,Wakayama,pm25,243,5.0,72.0,34.0,2076.34
2022-02-20,JP,Takamatsu,pm25,234,5.0,59.0,25.0,1642.38
2022-02-20,JP,Nagoya,pm25,621,5.0,55.0,17.0,857.55
2022-02-20,JP,Ōita,pm25,244,5.0,68.0,30.0,2131.77
2022-02-20,JP,Kobe,pm25,417,5.0,89.0,30.0,2923.59
2022-02-20,JP,Nagano,pm25,82,5.0,50.0,21.0,1402.52
2022-02-20,JP,Utsunomiya,pm25,388,5.0,70.0,17.0,1510.49
2022-02-20,JP,Kagoshima,pm25,93,5.0,59.0,34.0,1475.7
2022-02-20,SK,Košice,pm25,96,5.0,104.0,50.0,7007.47
2022-02-20,SK,Bratislava,pm25,84,5.0,38.0,17.0,712.73
2022-02-20,FI,Vantaa,pm25,24,6.0,41.0,16.0,573.84
2022-02-20,FI,Turku,pm25,24,4.0,25.0,10.0,326.07
2022-02-20,FI,Helsinki,pm25,120,6.0,40.0,11.0,310.24
2022-02-20,FI,Tampere,pm25,96,6.0,67.0,10.0,680.4
2022-02-20,ET,Addis Ababa,pm25,43,57.0,153.0,76.0,5274.54
2022-02-20,CH,Zürich,pm25,3,1.0,1.0,1.0,0.0
2022-02-20,CO,Bogotá,pm25,334,9.0,127.0,59.0,3274.41
2022-02-20,CO,Medellín,pm25,283,42.0,91.0,63.0,804.78
2022-02-20,DK,Copenhagen,pm25,23,3.0,31.0,19.0,575.34
2022-02-20,EC,Quito,pm25,190,1.0,85.0,33.0,3805.0
2022-02-20,GB,Edinburgh,pm25,286,1.0,74.0,18.0,4649.02
2022-02-20,GB,Norwich,pm25,19,25.0,50.0,31.0,788.07
2022-02-20,GB,Liverpool,pm25,44,5.0,45.0,21.0,1045.75
2022-02-20,GB,Belfast,pm25,29,21.0,25.0,21.0,41.38
2022-02-20,GB,Coventry,pm25,46,17.0,48.0,24.0,962.88
2022-02-20,GB,Leeds,pm25,22,17.0,30.0,24.0,141.13
2022-02-20,GB,Cardiff,pm25,144,25.0,85.0,61.0,1858.45
2022-02-20,GB,Bristol,pm25,66,17.0,65.0,38.0,1775.13
2022-02-20,GB,London,pm25,475,3.0,82.0,35.0,1835.3
2022-02-20,GB,Birmingham,pm25,35,17.0,50.0,21.0,1127.34
2022-02-20,GB,Sheffield,pm25,64,6.0,55.0,25.0,738.43
2022-02-20,GB,Newport,pm25,48,13.0,66.0,34.0,3018.44
2022-02-20,GB,Leicester,pm25,19,17.0,50.0,25.0,813.39
2022-02-20,GB,Manchester,pm25,78,12.0,43.0,25.0,558.49
2022-02-20,GB,Reading,pm25,48,9.0,57.0,25.0,1856.38
2022-02-20,GB,Plymouth,pm25,45,21.0,82.0,55.0,2018.1
2022-02-20,GB,Glasgow,pm25,571,1.0,88.0,24.0,4687.06
2022-02-20,GB,Preston,pm25,45,15.0,49.0,29.0,674.01
2022-02-20,GB,Swansea,pm25,118,5.0,85.0,59.0,2744.36
2022-02-20,GB,Southend-on-Sea,pm25,44,11.0,84.0,39.0,1871.22
2022-02-20,ID,Jakarta,pm25,23,28.0,161.0,106.0,25367.7
2022-02-20,NP,Kathmandu,pm25,48,55.0,173.0,129.0,11709.3
2022-02-20,AU,Sydney,pm25,113,5.0,66.0,23.0,1447.32
2022-02-20,AU,Newcastle,pm25,135,1.0,85.0,26.0,2108.13
2022-02-20,AU,Launceston,pm25,81,5.0,9.0,5.0,39.75
2022-02-20,AU,Hobart,pm25,30,5.0,13.0,5.0,51.68
2022-02-20,AU,Darwin,pm25,40,2.0,36.0,9.0,658.23
2022-02-20,AU,Melbourne,pm25,161,1.0,67.0,31.0,2108.43
2022-02-20,AU,Canberra,pm25,58,1.0,65.0,25.0,2364.41
2022-02-20,AU,Adelaide,pm25,84,3.0,45.0,17.0,825.97
2022-02-20,AU,Brisbane,pm25,138,1.0,54.0,20.0,946.5
2022-02-20,AU,Perth,pm25,89,3.0,18.0,7.0,126.82
2022-02-20,AU,Wollongong,pm25,47,2.0,71.0,27.0,2732.36
2022-02-20,CI,Abidjan,pm25,24,59.0,151.0,87.0,5472.16
2022-02-20,GH,Accra,pm25,24,59.0,122.0,76.0,1802.88
2022-02-20,IQ,Baghdad,pm25,24,78.0,184.0,112.0,11286.4
2022-02-20,IS,Reykjavík,pm25,93,1.0,24.0,14.0,181.09
2022-02-20,KG,Bishkek,pm25,21,5.0,157.0,68.0,22378.0
2022-02-20,NL,Utrecht,pm25,48,16.0,60.0,30.0,1883.51
2022-02-20,NL,Nijmegen,pm25,47,2.0,53.0,26.0,1281.95
2022-02-20,NL,Haarlem,pm25,139,2.0,158.0,47.0,4859.59
2022-02-20,NL,Eindhoven,pm25,24,5.0,55.0,34.0,2313.26
2022-02-20,NL,Rotterdam,pm25,192,5.0,80.0,36.0,3073.95
2022-02-20,NL,Amsterdam,pm25,227,2.0,152.0,28.0,4463.03
2022-02-20,NL,Dordrecht,pm25,20,22.0,53.0,38.0,899.24
2022-02-20,NL,Breda,pm25,24,18.0,54.0,31.0,1173.03
2022-02-20,NL,Groningen,pm25,43,1.0,49.0,17.0,1261.92
2022-02-20,NL,Maastricht,pm25,93,5.0,46.0,25.0,749.55
2022-02-20,NL,The Hague,pm25,72,6.0,76.0,48.0,4395.27
2022-02-20,PT,Lisbon,pm25,16,17.0,43.0,20.0,656.96
2022-02-20,PT,Funchal,pm25,63,1.0,25.0,6.0,486.7
2022-02-20,CA,Hamilton,pm25,77,9.0,42.0,17.0,470.69
2022-02-20,CA,Calgary,pm25,91,7.0,65.0,15.0,1806.55
2022-02-20,CA,Winnipeg,pm25,24,15.0,25.0,18.0,46.07
2022-02-20,CA,Halifax,pm25,46,13.0,35.0,18.0,254.88
2022-02-20,CA,Kitchener,pm25,37,9.0,55.0,17.0,1302.03
2022-02-20,CA,Edmonton,pm25,130,3.0,68.0,27.0,1589.01
2022-02-20,CA,Mississauga,pm25,56,13.0,42.0,21.0,519.17
2022-02-20,CA,Québec,pm25,167,12.0,72.0,18.0,1175.45
2022-02-20,CA,Vancouver,pm25,16,1.0,10.0,2.0,102.96
2022-02-20,CA,Victoria,pm25,39,5.0,30.0,13.0,338.18
2022-02-20,CA,Montréal,pm25,387,12.0,71.0,21.0,520.54
2022-02-20,CA,Toronto,pm25,130,5.0,65.0,17.0,918.92
2022-02-20,CA,Ottawa,pm25,60,17.0,25.0,21.0,36.26
2022-02-20,CA,London,pm25,34,9.0,42.0,17.0,827.74
2022-02-20,US,Oklahoma City,pm25,96,20.0,49.0,30.0,506.28
2022-02-20,US,Raleigh,pm25,66,5.0,53.0,17.0,1210.5
2022-02-20,US,Memphis,pm25,71,4.0,53.0,24.0,658.85
2022-02-20,US,Jackson,pm25,72,8.0,113.0,40.0,4930.92
2022-02-20,US,Boston,pm25,135,5.0,38.0,25.0,595.85
2022-02-20,US,Richmond,pm25,96,16.0,35.0,21.0,100.7
2022-02-20,US,Portland,pm25,164,5.0,39.0,9.0,459.32
2022-02-20,US,Boise,pm25,85,5.0,74.0,21.0,4210.86
2022-02-20,US,Austin,pm25,47,5.0,59.0,30.0,1954.15
2022-02-20,US,Honolulu,pm25,59,5.0,38.0,13.0,560.35
2022-02-20,US,Fresno,pm25,48,28.0,129.0,61.0,3337.0
2022-02-20,US,Milwaukee,pm25,144,20.0,55.0,30.0,931.74
2022-02-20,US,Hartford,pm25,48,14.0,30.0,17.0,373.19
2022-02-20,US,Washington D.C.,pm25,119,5.0,63.0,21.0,1059.02
2022-02-20,US,Chicago,pm25,215,2.0,48.0,28.0,564.1
2022-02-20,US,Houston,pm25,48,16.0,66.0,40.0,1588.19
2022-02-20,US,Indianapolis,pm25,119,2.0,58.0,26.0,1105.81
2022-02-20,US,Atlanta,pm25,23,16.0,144.0,35.0,8604.51
2022-02-20,US,Charlotte,pm25,21,5.0,53.0,21.0,1489.57
2022-02-20,US,Sacramento,pm25,71,8.0,97.0,42.0,2617.3
2022-02-20,US,Oakland,pm25,119,9.0,65.0,30.0,1501.02
2022-02-20,US,Providence,pm25,42,5.0,25.0,13.0,299.65
2022-02-20,US,Staten Island,pm25,113,3.0,46.0,21.0,855.32
2022-02-20,US,Brooklyn,pm25,140,3.0,53.0,24.0,1136.92
2022-02-20,US,Springfield,pm25,68,1.0,43.0,20.0,759.54
2022-02-20,US,The Bronx,pm25,48,8.0,44.0,23.0,690.2
2022-02-20,US,San Jose,pm25,71,13.0,82.0,38.0,3035.23
2022-02-20,US,Los Angeles,pm25,71,34.0,110.0,60.0,2536.76
2022-02-20,US,Detroit,pm25,168,22.0,86.0,34.0,1178.55
2022-02-20,US,Little Rock,pm25,23,5.0,54.0,36.0,2579.53
2022-02-20,US,Baltimore,pm25,48,13.0,39.0,25.0,379.85
2022-02-20,US,Phoenix,pm25,187,1.0,126.0,31.0,6410.71
2022-02-20,US,Omaha,pm25,43,5.0,59.0,13.0,2044.29
2022-02-20,US,El Paso,pm25,122,5.0,129.0,46.0,6426.52
2022-02-20,US,Dallas,pm25,24,9.0,36.0,23.0,453.91
2022-02-20,US,Seattle,pm25,222,2.0,74.0,13.0,861.96
2022-02-20,US,Manhattan,pm25,67,1.0,41.0,22.0,828.28
2022-02-20,US,Miami,pm25,70,22.0,50.0,31.0,355.05
2022-02-20,US,Jacksonville,pm25,144,24.0,72.0,45.0,1135.2
2022-02-20,US,San Antonio,pm25,70,3.0,160.0,34.0,5359.79
2022-02-20,US,Philadelphia,pm25,80,1.0,65.0,22.0,1496.58
2022-02-20,US,San Diego,pm25,24,16.0,70.0,52.0,1734.49
2022-02-20,US,Columbus,pm25,47,3.0,74.0,23.0,2852.89
2022-02-20,US,Saint Paul,pm25,132,5.0,46.0,21.0,622.54
2022-02-20,US,Denver,pm25,150,5.0,59.0,13.0,1785.36
2022-02-20,US,Salt Lake City,pm25,216,3.0,56.0,8.0,722.83
2022-02-20,US,Albuquerque,pm25,72,8.0,98.0,20.0,3780.0
2022-02-20,US,San Francisco,pm25,71,9.0,72.0,25.0,1625.74
2022-02-20,US,Salem,pm25,71,6.0,18.0,9.0,54.14
2022-02-20,US,Madison,pm25,48,21.0,56.0,37.0,1130.05
2022-02-20,US,Nashville,pm25,95,4.0,56.0,25.0,1581.19
2022-02-20,US,Tucson,pm25,150,5.0,61.0,17.0,1469.44
2022-02-20,US,Queens,pm25,95,8.0,42.0,25.0,565.12
2022-02-20,US,Tallahassee,pm25,72,9.0,137.0,38.0,7838.49
2022-02-20,US,Fort Worth,pm25,23,5.0,55.0,25.0,1571.78
2022-02-20,RS,Novi Sad,pm25,48,7.0,152.0,33.0,20795.1
2022-02-20,RS,Niš,pm25,48,36.0,164.0,63.0,14830.6
2022-02-20,RS,Belgrade,pm25,96,9.0,152.0,58.0,14223.7
2022-02-20,CY,Nicosia,pm25,24,7.0,93.0,44.0,3174.62
2022-02-20,CY,Limassol,pm25,24,36.0,101.0,52.0,2215.65
2022-02-20,HR,Rijeka,pm25,58,1.0,73.0,13.0,4408.0
2022-02-20,MK,Skopje,pm25,168,29.0,173.0,77.0,12621.0
2022-02-21,GE,Tbilisi,pm25,96,80.0,156.0,111.0,4832.29
2022-02-21,HU,Győr,pm25,45,5.0,78.0,34.0,2115.13
2022-02-21,HU,Szeged,pm25,23,34.0,82.0,63.0,1623.91
2022-02-21,HU,Pécs,pm25,72,13.0,95.0,55.0,4854.77
2022-02-21,HU,Kecskemét,pm25,18,42.0,93.0,80.0,3398.69
2022-02-21,HU,Miskolc,pm25,120,13.0,114.0,63.0,7169.41
2022-02-21,HU,Budapest,pm25,360,17.0,80.0,55.0,2504.02
2022-02-21,JP,Fukuoka,pm25,412,5.0,80.0,30.0,1880.61
2022-02-21,JP,Kanazawa,pm25,215,5.0,61.0,25.0,1905.37
2022-02-21,JP,Kumamoto,pm25,362,5.0,153.0,38.0,2363.89
2022-02-21,JP,Akita,pm25,47,5.0,68.0,42.0,1605.46
2022-02-21,JP,Kochi,pm25,45,5.0,53.0,25.0,1357.56
2022-02-21,JP,Gifu-shi,pm25,122,5.0,70.0,25.0,2407.64
2022-02-21,JP,Kyoto,pm25,531,5.0,59.0,30.0,1401.02
2022-02-21,JP,Hiroshima,pm25,292,5.0,61.0,25.0,1485.49
2022-02-21,JP,Shizuoka,pm25,207,5.0,59.0,13.0,1849.69
2022-02-21,JP,Chiba,pm25,627,5.0,74.0,17.0,1818.07
2022-02-21,JP,Sapporo,pm25,203,5.0,50.0,17.0,858.38
2022-02-21,JP,Yokohama,pm25,456,1.0,87.0,17.0,1468.42
2022-02-21,JP,Tokyo,pm25,2396,1.0,93.0,17.0,826.84
2022-02-21,JP,Saitama,pm25,457,5.0,57.0,17.0,972.2
2022-02-21,JP,Naha,pm25,143,5.0,42.0,25.0,723.11
2022-02-21,JP,Nagasaki,pm25,156,5.0,70.0,25.0,1499.1
2022-02-21,JP,Toyama,pm25,158,5.0,59.0,25.0,1689.96
2022-02-21,JP,Niigata,pm25,211,5.0,59.0,30.0,1318.36
2022-02-21,JP,Nara-shi,pm25,182,5.0,65.0,30.0,1578.3
2022-02-21,JP,Okayama,pm25,276,5.0,76.0,34.0,1268.44
2022-02-21,JP,Sendai,pm25,458,5.0,53.0,21.0,894.21
2022-02-21,JP,Osaka,pm25,1156,5.0,91.0,25.0,1233.1
2022-02-21,JP,Miyazaki,pm25,127,5.0,68.0,34.0,2168.12
2022-02-21,JP,Matsuyama,pm25,152,5.0,74.0,34.0,1821.49
2022-02-21,JP,Wakayama,pm25,237,5.0,61.0,30.0,1232.62
2022-02-21,JP,Takamatsu,pm25,233,5.0,59.0,25.0,1054.14
2022-02-21,JP,Nagoya,pm25,728,5.0,61.0,25.0,1216.13
2022-02-21,JP,Ōita,pm25,236,5.0,55.0,25.0,1088.1
2022-02-21,JP,Kobe,pm25,414,5.0,65.0,30.0,1452.91
2022-02-21,JP,Nagano,pm25,86,5.0,42.0,17.0,692.8
2022-02-21,JP,Utsunomiya,pm25,398,5.0,46.0,17.0,741.39
2022-02-21,JP,Kagoshima,pm25,96,13.0,50.0,34.0,622.6
2022-02-21,SK,Košice,pm25,95,25.0,122.0,82.0,8373.38
2022-02-21,SK,Bratislava,pm25,84,5.0,61.0,34.0,2704.04
2022-02-21,FI,Vantaa,pm25,22,1.0,31.0,6.0,505.39
2022-02-21,FI,Turku,pm25,22,1.0,16.0,5.0,132.14
2022-02-21,FI,Helsinki,pm25,117,2.0,59.0,8.0,1140.68
2022-02-21,FI,Tampere,pm25,96,4.0,46.0,9.0,350.28
2022-02-21,ET,Addis Ababa,pm25,48,57.0,107.0,70.0,1688.19
2022-02-21,CH,Zürich,pm25,6,1.0,1.0,1.0,0.0
2022-02-21,CO,Bogotá,pm25,336,12.0,160.0,61.0,4133.24
2022-02-21,CO,Medellín,pm25,259,34.0,85.0,61.0,569.72
2022-02-21,DK,Copenhagen,pm25,23,1.0,52.0,33.0,1737.67
2022-02-21,EC,Quito,pm25,191,1.0,98.0,40.0,5736.62
2022-02-21,GB,Edinburgh,pm25,287,2.0,45.0,13.0,1113.68
2022-02-21,GB,Norwich,pm25,22,17.0,40.0,23.0,402.19
2022-02-21,GB,Liverpool,pm25,47,5.0,62.0,46.0,1721.07
2022-02-21,GB,Belfast,pm25,45,21.0,46.0,34.0,538.74
2022-02-21,GB,Coventry,pm25,48,16.0,50.0,29.0,844.53
2022-02-21,GB,Leeds,pm25,46,17.0,57.0,30.0,921.76
2022-02-21,GB,Cardiff,pm25,144,30.0,80.0,57.0,1551.95
2022-02-21,GB,Bristol,pm25,72,13.0,63.0,38.0,1256.18
2022-02-21,GB,London,pm25,487,2.0,91.0,38.0,2339.31
2022-02-21,GB,Birmingham,pm25,48,17.0,55.0,35.0,1047.38
2022-02-21,GB,Sheffield,pm25,94,17.0,57.0,34.0,1015.1
2022-02-21,GB,Newport,pm25,48,13.0,68.0,38.0,1529.89
2022-02-21,GB,Leicester,pm25,24,13.0,55.0,35.0,1309.11
2022-02-21,GB,Manchester,pm25,83,30.0,68.0,54.0,649.84
2022-02-21,GB,Reading,pm25,48,17.0,55.0,30.0,1239.08
2022-02-21,GB,Plymouth,pm25,45,17.0,119.0,59.0,2430.07
2022-02-21,GB,Glasgow,pm25,569,10.0,58.0,25.0,1322.2
2022-02-21,GB,Preston,pm25,47,30.0,78.0,56.0,737.53
2022-02-21,GB,Swansea,pm25,106,17.0,91.0,53.0,2629.15
2022-02-21,GB,Southend-on-Sea,pm25,46,15.0,55.0,30.0,826.55
2022-02-21,ID,Jakarta,pm25,23,51.0,161.0,89.0,12502.4
2022-02-21,NP,Kathmandu,pm25,48,59.0,159.0,102.0,8054.18
2022-02-21,AU,Sydney,pm25,128,1.0,68.0,29.0,2050.86
2022-02-21,AU,Newcastle,pm25,132,3.0,162.0,28.0,12182.0
2022-02-21,AU,Launceston,pm25,41,5.0,9.0,5.0,3.9
2022-02-21,AU,Hobart,pm25,29,5.0,9.0,5.0,33.1
2022-02-21,AU,Darwin,pm25,62,1.0,39.0,18.0,804.0
2022-02-21,AU,Melbourne,pm25,153,1.0,60.0,21.0,1617.68
2022-02-21,AU,Canberra,pm25,54,4.0,94.0,39.0,4328.79
2022-02-21,AU,Adelaide,pm25,90,4.0,47.0,21.0,858.3
2022-02-21,AU,Brisbane,pm25,152,1.0,53.0,22.0,956.28
2022-02-21,AU,Perth,pm25,88,2.0,12.0,7.0,57.45
2022-02-21,AU,Wollongong,pm25,44,6.0,79.0,29.0,2535.62
2022-02-21,CI,Abidjan,pm25,24,68.0,127.0,89.0,2304.06
2022-02-21,GH,Accra,pm25,24,61.0,122.0,85.0,3043.32
2022-02-21,IQ,Baghdad,pm25,24,70.0,170.0,89.0,8212.16
2022-02-21,IS,Reykjavík,pm25,96,1.0,46.0,9.0,871.47
2022-02-21,KG,Bishkek,pm25,24,21.0,97.0,53.0,5927.37
2022-02-21,NL,Utrecht,pm25,47,2.0,58.0,39.0,1563.72
2022-02-21,NL,Nijmegen,pm25,47,3.0,61.0,26.0,1712.9
2022-02-21,NL,Haarlem,pm25,137,2.0,163.0,52.0,6375.14
2022-02-21,NL,Eindhoven,pm25,24,3.0,55.0,30.0,1459.4
2022-02-21,NL,Rotterdam,pm25,192,6.0,61.0,35.0,1130.61
2022-02-21,NL,Amsterdam,pm25,241,2.0,153.0,37.0,3184.4
2022-02-21,NL,Dordrecht,pm25,24,26.0,57.0,42.0,824.28
2022-02-21,NL,Breda,pm25,24,13.0,59.0,38.0,1135.63
2022-02-21,NL,Groningen,pm25,47,5.0,58.0,27.0,1774.01
2022-02-21,NL,Maastricht,pm25,88,5.0,55.0,25.0,1130.58
2022-02-21,NL,The Hague,pm25,72,9.0,63.0,35.0,1780.56
2022-02-21,PT,Lisbon,pm25,32,21.0,43.0,31.0,310.07
2022-02-21,PT,Funchal,pm25,63,1.0,37.0,23.0,1059.42
2022-02-21,CA,Hamilton,pm25,85,17.0,53.0,34.0,969.55
2022-02-21,CA,Calgary,pm25,92,8.0,67.0,28.0,2488.48
2022-02-21,CA,Winnipeg,pm25,24,19.0,33.0,23.0,140.58
2022-02-21,CA,Halifax,pm25,46,19.0,67.0,45.0,1179.88
2022-02-21,CA,Kitchener,pm25,46,17.0,68.0,38.0,1845.55
2022-02-21,CA,Edmonton,pm25,137,4.0,56.0,23.0,1194.24
2022-02-21,CA,Mississauga,pm25,66,13.0,46.0,30.0,558.12
2022-02-21,CA,Québec,pm25,175,12.0,69.0,22.0,1952.63
2022-02-21,CA,Vancouver,pm25,23,1.0,11.0,4.0,81.7
2022-02-21,CA,Victoria,pm25,42,5.0,46.0,17.0,876.55
2022-02-21,CA,Montréal,pm25,408,12.0,61.0,27.0,782.81
2022-02-21,CA,Toronto,pm25,136,5.0,53.0,30.0,1334.05
2022-02-21,CA,Ottawa,pm25,52,16.0,30.0,20.0,163.33
2022-02-21,CA,London,pm25,42,13.0,68.0,30.0,2692.17
2022-02-21,US,Oklahoma City,pm25,96,6.0,52.0,35.0,1073.95
2022-02-21,US,Raleigh,pm25,71,5.0,70.0,42.0,1708.27
2022-02-21,US,Memphis,pm25,71,5.0,78.0,35.0,3165.46
2022-02-21,US,Jackson,pm25,68,15.0,64.0,45.0,1407.8
2022-02-21,US,Boston,pm25,126,17.0,63.0,34.0,965.88
2022-02-21,US,Richmond,pm25,95,17.0,46.0,30.0,487.15
2022-02-21,US,Portland,pm25,167,5.0,44.0,11.0,688.57
2022-02-21,US,Boise,pm25,80,5.0,38.0,13.0,693.06
2022-02-21,US,Austin,pm25,44,5.0,55.0,21.0,2483.06
2022-02-21,US,Honolulu,pm25,62,5.0,38.0,13.0,596.59
2022-02-21,US,Fresno,pm25,47,5.0,43.0,21.0,1120.35
2022-02-21,US,Milwaukee,pm25,142,14.0,75.0,32.0,2095.01
2022-02-21,US,Hartford,pm25,48,29.0,54.0,39.0,461.12
2022-02-21,US,Washington D.C.,pm25,117,9.0,57.0,27.0,1272.0
2022-02-21,US,Chicago,pm25,214,14.0,103.0,49.0,2927.65
2022-02-21,US,Houston,pm25,45,22.0,71.0,47.0,1540.18
2022-02-21,US,Indianapolis,pm25,120,5.0,59.0,31.0,1872.84
2022-02-21,US,Atlanta,pm25,23,39.0,92.0,56.0,1906.25
2022-02-21,US,Charlotte,pm25,24,25.0,72.0,55.0,1529.28
2022-02-21,US,Sacramento,pm25,65,2.0,46.0,16.0,1336.74
2022-02-21,US,Oakland,pm25,112,5.0,55.0,17.0,894.71
2022-02-21,US,Providence,pm25,48,5.0,55.0,21.0,1623.97
2022-02-21,US,Staten Island,pm25,116,7.0,75.0,35.0,2104.16
2022-02-21,US,Brooklyn,pm25,143,12.0,69.0,45.0,1454.78
2022-02-21,US,Springfield,pm25,71,7.0,65.0,35.0,2047.68
2022-02-21,US,The Bronx,pm25,48,25.0,66.0,44.0,1270.64
2022-02-21,US,San Jose,pm25,71,5.0,76.0,21.0,1643.59
2022-02-21,US,Los Angeles,pm25,73,14.0,61.0,45.0,1373.58
2022-02-21,US,Detroit,pm25,168,25.0,87.0,55.0,1820.18
2022-02-21,US,Little Rock,pm25,17,25.0,78.0,47.0,1991.91
2022-02-21,US,Baltimore,pm25,47,21.0,63.0,34.0,1357.0
2022-02-21,US,Phoenix,pm25,191,9.0,85.0,30.0,2143.21
2022-02-21,US,Omaha,pm25,45,5.0,53.0,25.0,1009.31
2022-02-21,US,El Paso,pm25,124,5.0,394.0,30.0,39044.5
2022-02-21,US,Dallas,pm25,24,4.0,36.0,18.0,709.55
2022-02-21,US,Seattle,pm25,247,3.0,50.0,17.0,821.38
2022-02-21,US,Manhattan,pm25,72,17.0,66.0,46.0,1414.65
2022-02-21,US,Miami,pm25,70,27.0,49.0,36.0,257.23
2022-02-21,US,Jacksonville,pm25,144,15.0,70.0,31.0,770.76
2022-02-21,US,San Antonio,pm25,69,3.0,69.0,32.0,2708.39
2022-02-21,US,Philadelphia,pm25,83,1.0,76.0,34.0,3498.39
2022-02-21,US,San Diego,pm25,24,17.0,50.0,35.0,698.84
2022-02-21,US,Columbus,pm25,48,3.0,62.0,29.0,2289.53
2022-02-21,US,Saint Paul,pm25,131,5.0,38.0,17.0,514.42
2022-02-21,US,Denver,pm25,154,5.0,55.0,21.0,1440.8
2022-02-21,US,Salt Lake City,pm25,216,2.0,32.0,5.0,377.16
2022-02-21,US,Albuquerque,pm25,72,8.0,64.0,14.0,1096.18
2022-02-21,US,San Francisco,pm25,69,5.0,57.0,17.0,913.13
2022-02-21,US,Salem,pm25,72,5.0,48.0,8.0,610.42
2022-02-21,US,Madison,pm25,48,22.0,75.0,39.0,1435.74
2022-02-21,US,Nashville,pm25,96,13.0,70.0,38.0,2655.0
2022-02-21,US,Tucson,pm25,158,5.0,63.0,21.0,1133.34
2022-02-21,US,Queens,pm25,96,18.0,58.0,39.0,1296.46
2022-02-21,US,Tallahassee,pm25,72,16.0,79.0,37.0,1652.11
2022-02-21,US,Fort Worth,pm25,21,9.0,38.0,21.0,473.48
2022-02-21,RS,Novi Sad,pm25,48,13.0,151.0,44.0,12764.8
2022-02-21,RS,Niš,pm25,48,40.0,161.0,85.0,14535.7
2022-02-21,RS,Belgrade,pm25,96,12.0,121.0,60.0,7232.75
2022-02-21,CY,Nicosia,pm25,24,36.0,81.0,52.0,1043.03
2022-02-21,CY,Limassol,pm25,24,3.0,65.0,37.0,2621.14
2022-02-21,HR,Rijeka,pm25,55,3.0,82.0,37.0,3838.33
2022-02-21,MK,Skopje,pm25,168,10.0,158.0,67.0,10199.1
2022-02-22,GE,Tbilisi,pm25,96,53.0,151.0,72.0,7420.52
2022-02-22,HU,Győr,pm25,44,5.0,63.0,34.0,1978.99
2022-02-22,HU,Szeged,pm25,15,21.0,53.0,34.0,1171.14
2022-02-22,HU,Pécs,pm25,72,13.0,38.0,17.0,450.35
2022-02-22,HU,Kecskemét,pm25,24,9.0,63.0,17.0,2385.8
2022-02-22,HU,Miskolc,pm25,120,17.0,142.0,59.0,7062.62
2022-02-22,HU,Budapest,pm25,315,9.0,82.0,21.0,2510.65
2022-02-22,JP,Fukuoka,pm25,416,5.0,97.0,42.0,2799.33
2022-02-22,JP,Kanazawa,pm25,199,5.0,61.0,21.0,1509.78
2022-02-22,JP,Kumamoto,pm25,358,5.0,93.0,38.0,2637.66
2022-02-22,JP,Akita,pm25,46,5.0,82.0,34.0,2396.21
2022-02-22,JP,Kochi,pm25,46,9.0,42.0,25.0,728.0
2022-02-22,JP,Gifu-shi,pm25,134,5.0,74.0,30.0,2432.17
2022-02-22,JP,Kyoto,pm25,535,5.0,65.0,34.0,1338.81
2022-02-22,JP,Hiroshima,pm25,303,5.0,70.0,25.0,1910.83
2022-02-22,JP,Shizuoka,pm25,238,5.0,61.0,17.0,1353.36
2022-02-22,JP,Chiba,pm25,707,5.0,99.0,25.0,3134.99
2022-02-22,JP,Sapporo,pm25,191,5.0,50.0,13.0,834.95
2022-02-22,JP,Yokohama,pm25,442,1.0,102.0,21.0,3794.73
2022-02-22,JP,Tokyo,pm25,2425,1.0,93.0,25.0,1949.45
2022-02-22,JP,Saitama,pm25,482,5.0,63.0,21.0,1112.96
2022-02-22,JP,Naha,pm25,144,9.0,42.0,30.0,822.09
2022-02-22,JP,Nagasaki,pm25,162,5.0,95.0,42.0,3951.76
2022-02-22,JP,Toyama,pm25,157,5.0,74.0,25.0,1513.03
2022-02-22,JP,Niigata,pm25,206,5.0,61.0,30.0,1195.07
2022-02-22,JP,Nara-shi,pm25,183,5.0,65.0,34.0,1707.4
2022-02-22,JP,Okayama,pm25,284,9.0,76.0,38.0,1254.13
2022-02-22,JP,Sendai,pm25,453,5.0,53.0,25.0,924.06
2022-02-22,JP,Osaka,pm25,1257,5.0,74.0,34.0,1836.53
2022-02-22,JP,Miyazaki,pm25,141,5.0,99.0,53.0,2772.26
2022-02-22,JP,Matsuyama,pm25,153,5.0,72.0,34.0,2531.58
2022-02-22,JP,Wakayama,pm25,281,5.0,65.0,34.0,1410.98
2022-02-22,JP,Takamatsu,pm25,237,5.0,70.0,30.0,1686.34
2022-02-22,JP,Nagoya,pm25,733,1.0,78.0,25.0,1889.39
2022-02-22,JP,Ōita,pm25,252,5.0,80.0,34.0,2749.44
2022-02-22,JP,Kobe,pm25,424,5.0,104.0,34.0,1752.38
2022-02-22,JP,Nagano,pm25,87,5.0,38.0,21.0,670.91
2022-02-22,JP,Utsunomiya,pm25,313,5.0,61.0,21.0,1022.6
2022-02-22,JP,Kagoshima,pm25,95,25.0,102.0,53.0,3919.53
2022-02-22,SK,Košice,pm25,95,13.0,139.0,55.0,5285.82
2022-02-22,SK,Bratislava,pm25,53,5.0,34.0,17.0,657.44
2022-02-22,FI,Vantaa,pm25,24,8.0,30.0,21.0,509.49
2022-02-22,FI,Turku,pm25,24,9.0,31.0,18.0,264.93
2022-02-22,FI,Helsinki,pm25,117,2.0,55.0,10.0,636.92
2022-02-22,FI,Tampere,pm25,94,4.0,41.0,12.0,835.53
2022-02-22,ET,Addis Ababa,pm25,46,38.0,164.0,72.0,6351.54
2022-02-22,CH,Zürich,pm25,11,1.0,1.0,1.0,0.0
2022-02-22,CO,Bogotá,pm25,335,34.0,158.0,80.0,4342.75
2022-02-22,CO,Medellín,pm25,315,46.0,102.0,74.0,1087.31
2022-02-22,DK,Copenhagen,pm25,24,24.0,42.0,31.0,222.01
2022-02-22,EC,Quito,pm25,192,8.0,156.0,70.0,9297.49
2022-02-22,GB,Edinburgh,pm25,288,2.0,45.0,20.0,1093.65
2022-02-22,GB,Norwich,pm25,17,16.0,57.0,41.0,984.93
2022-02-22,GB,Liverpool,pm25,41,17.0,57.0,34.0,1181.78
2022-02-22,GB,Belfast,pm25,47,30.0,46.0,38.0,197.0
2022-02-22,GB,Coventry,pm25,52,30.0,54.0,36.0,255.06
2022-02-22,GB,Leeds,pm25,18,30.0,58.0,38.0,682.12
2022-02-22,GB,Cardiff,pm25,144,9.0,74.0,55.0,2078.44
2022-02-22,GB,Bristol,pm25,70,17.0,70.0,42.0,1051.68
2022-02-22,GB,London,pm25,498,1.0,91.0,38.0,2011.29
2022-02-22,GB,Birmingham,pm25,35,30.0,55.0,42.0,496.67
2022-02-22,GB,Sheffield,pm25,64,28.0,61.0,38.0,459.42
2022-02-22,GB,Newport,pm25,46,5.0,70.0,35.0,2701.76
2022-02-22,GB,Leicester,pm25,18,33.0,52.0,38.0,481.44
2022-02-22,GB,Manchester,pm25,80,11.0,57.0,38.0,1154.12
2022-02-22,GB,Reading,pm25,48,17.0,50.0,30.0,936.58
2022-02-22,GB,Plymouth,pm25,36,17.0,71.0,55.0,2285.99
2022-02-22,GB,Glasgow,pm25,570,4.0,55.0,26.0,1057.99
2022-02-22,GB,Preston,pm25,43,14.0,59.0,42.0,1488.28
2022-02-22,GB,Swansea,pm25,96,21.0,76.0,42.0,1768.07
2022-02-22,GB,Southend-on-Sea,pm25,35,28.0,58.0,38.0,527.61
2022-02-22,ID,Jakarta,pm25,26,49.0,158.0,89.0,12326.8
2022-02-22,NP,Kathmandu,pm25,47,97.0,184.0,149.0,4020.41
2022-02-22,AU,Sydney,pm25,147,1.0,139.0,20.0,2960.07
2022-02-22,AU,Newcastle,pm25,125,3.0,70.0,23.0,1535.52
2022-02-22,AU,Launceston,pm25,110,5.0,13.0,9.0,48.32
2022-02-22,AU,Hobart,pm25,47,5.0,21.0,9.0,121.67
2022-02-22,AU,Darwin,pm25,64,1.0,30.0,11.0,341.76
2022-02-22,AU,Melbourne,pm25,152,2.0,79.0,26.0,2104.33
2022-02-22,AU,Canberra,pm25,38,2.0,71.0,16.0,3611.24
2022-02-22,AU,Adelaide,pm25,83,5.0,47.0,17.0,772.4
2022-02-22,AU,Brisbane,pm25,165,1.0,51.0,23.0,751.66
2022-02-22,AU,Perth,pm25,89,3.0,38.0,9.0,285.71
2022-02-22,AU,Wollongong,pm25,39,1.0,66.0,12.0,2312.04
2022-02-22,CI,Abidjan,pm25,24,57.0,153.0,82.0,4384.06
2022-02-22,GH,Accra,pm25,24,57.0,119.0,74.0,2137.39
2022-02-22,IQ,Baghdad,pm25,24,80.0,181.0,129.0,6769.56
2022-02-22,IS,Reykjavík,pm25,96,2.0,53.0,25.0,1653.55
2022-02-22,KG,Bishkek,pm25,24,9.0,149.0,50.0,14767.0
2022-02-22,NL,Utrecht,pm25,48,20.0,74.0,45.0,1137.51
2022-02-22,NL,Nijmegen,pm25,47,16.0,67.0,45.0,2060.37
2022-02-22,NL,Haarlem,pm25,144,3.0,92.0,50.0,2391.49
2022-02-22,NL,Eindhoven,pm25,24,26.0,65.0,46.0,1265.8
2022-02-22,NL,Rotterdam,pm25,192,16.0,66.0,47.0,1443.57
2022-02-22,NL,Amsterdam,pm25,250,6.0,134.0,40.0,1852.36
2022-02-22,NL,Dordrecht,pm25,24,36.0,71.0,55.0,1046.79
2022-02-22,NL,Breda,pm25,24,15.0,60.0,41.0,1808.41
2022-02-22,NL,Groningen,pm25,47,4.0,63.0,39.0,1302.04
2022-02-22,NL,Maastricht,pm25,96,13.0,76.0,34.0,1570.83
2022-02-22,NL,The Hague,pm25,70,1.0,65.0,43.0,2395.57
2022-02-22,PT,Lisbon,pm25,39,26.0,53.0,41.0,608.39
2022-02-22,PT,Funchal,pm25,72,2.0,55.0,26.0,1421.55
2022-02-22,CA,Hamilton,pm25,90,5.0,85.0,34.0,3687.15
2022-02-22,CA,Calgary,pm25,92,18.0,74.0,41.0,1912.63
2022-02-22,CA,Winnipeg,pm25,24,24.0,35.0,27.0,57.23
2022-02-22,CA,Halifax,pm25,46,5.0,56.0,25.0,2181.62
2022-02-22,CA,Kitchener,pm25,47,9.0,50.0,25.0,1179.98
2022-02-22,CA,Edmonton,pm25,138,3.0,58.0,25.0,1212.05
2022-02-22,CA,Mississauga,pm25,65,13.0,53.0,25.0,892.32
2022-02-22,CA,Québec,pm25,132,14.0,73.0,22.0,893.73
2022-02-22,CA,Vancouver,pm25,23,7.0,28.0,12.0,285.1
2022-02-22,CA,Victoria,pm25,44,5.0,42.0,25.0,877.27
2022-02-22,CA,Montréal,pm25,336,15.0,41.0,27.0,324.05
2022-02-22,CA,Toronto,pm25,129,5.0,82.0,25.0,2642.73
2022-02-22,CA,Ottawa,pm25,64,13.0,40.0,25.0,501.66
2022-02-22,CA,London,pm25,36,13.0,53.0,30.0,921.36
2022-02-22,US,Oklahoma City,pm25,96,12.0,58.0,32.0,798.79
2022-02-22,US,Raleigh,pm25,69,5.0,53.0,23.0,877.42
2022-02-22,US,Memphis,pm25,71,5.0,68.0,38.0,1312.09
2022-02-22,US,Jackson,pm25,72,20.0,64.0,44.0,1173.98
2022-02-22,US,Boston,pm25,139,9.0,114.0,50.0,3762.94
2022-02-22,US,Richmond,pm25,96,20.0,43.0,28.0,187.93
2022-02-22,US,Portland,pm25,150,10.0,48.0,16.0,248.48
2022-02-22,US,Boise,pm25,92,5.0,38.0,21.0,984.28
2022-02-22,US,Austin,pm25,42,5.0,76.0,50.0,4036.56
2022-02-22,US,Honolulu,pm25,62,5.0,34.0,13.0,464.62
2022-02-22,US,Fresno,pm25,42,3.0,34.0,11.0,522.05
2022-02-22,US,Milwaukee,pm25,144,13.0,56.0,30.0,814.81
2022-02-22,US,Hartford,pm25,48,10.0,71.0,55.0,2884.1
2022-02-22,US,Washington D.C.,pm25,120,5.0,63.0,28.0,1473.19
2022-02-22,US,Chicago,pm25,207,9.0,77.0,28.0,1686.62
2022-02-22,US,Houston,pm25,48,38.0,71.0,57.0,515.3
2022-02-22,US,Indianapolis,pm25,81,2.0,54.0,22.0,855.53
2022-02-22,US,Atlanta,pm25,23,33.0,55.0,50.0,671.3
2022-02-22,US,Charlotte,pm25,24,25.0,59.0,46.0,998.84
2022-02-22,US,Sacramento,pm25,63,1.0,55.0,14.0,1191.39
2022-02-22,US,Oakland,pm25,106,5.0,63.0,17.0,1179.11
2022-02-22,US,Providence,pm25,43,5.0,68.0,34.0,3280.73
2022-02-22,US,Staten Island,pm25,112,1.0,104.0,59.0,7788.45
2022-02-22,US,Brooklyn,pm25,144,11.0,79.0,52.0,3226.01
2022-02-22,US,Springfield,pm25,71,6.0,63.0,25.0,1296.93
2022-02-22,US,The Bronx,pm25,48,15.0,62.0,46.0,2436.31
2022-02-22,US,San Jose,pm25,68,5.0,34.0,17.0,585.77
2022-02-22,US,Los Angeles,pm25,67,2.0,64.0,30.0,1830.67
2022-02-22,US,Detroit,pm25,166,1.0,97.0,49.0,2314.02
2022-02-22,US,Little Rock,pm25,23,27.0,59.0,37.0,726.29
2022-02-22,US,Baltimore,pm25,47,9.0,61.0,30.0,2429.02
2022-02-22,US,Phoenix,pm25,188,3.0,60.0,22.0,1329.15
2022-02-22,US,Omaha,pm25,41,9.0,42.0,25.0,779.24
2022-02-22,US,El Paso,pm25,103,1.0,133.0,30.0,8797.94
2022-02-22,US,Dallas,pm25,24,10.0,56.0,23.0,2402.83
2022-02-22,US,Seattle,pm25,256,5.0,46.0,21.0,737.06
2022-02-22,US,Manhattan,pm25,71,4.0,79.0,53.0,3907.83
2022-02-22,US,Miami,pm25,83,18.0,56.0,38.0,965.72
2022-02-22,US,Jacksonville,pm25,143,11.0,74.0,34.0,949.2
2022-02-22,US,San Antonio,pm25,72,11.0,85.0,57.0,2547.97
2022-02-22,US,Philadelphia,pm25,86,1.0,99.0,28.0,3956.06
2022-02-22,US,San Diego,pm25,21,8.0,50.0,17.0,1973.14
2022-02-22,US,Columbus,pm25,46,6.0,57.0,32.0,2061.65
2022-02-22,US,Saint Paul,pm25,138,5.0,46.0,21.0,623.32
2022-02-22,US,Denver,pm25,131,13.0,74.0,25.0,1218.82
2022-02-22,US,Salt Lake City,pm25,216,4.0,60.0,15.0,647.72
2022-02-22,US,Albuquerque,pm25,70,13.0,149.0,16.0,4262.82
2022-02-22,US,San Francisco,pm25,67,5.0,55.0,13.0,648.05
2022-02-22,US,Salem,pm25,72,12.0,49.0,20.0,1062.86
2022-02-22,US,Madison,pm25,48,14.0,40.0,29.0,473.03
2022-02-22,US,Nashville,pm25,92,5.0,50.0,35.0,1249.0
2022-02-22,US,Tucson,pm25,152,5.0,50.0,17.0,1060.59
2022-02-22,US,Queens,pm25,90,3.0,59.0,43.0,2538.53
2022-02-22,US,Tallahassee,pm25,72,6.0,104.0,39.0,2825.0
2022-02-22,US,Fort Worth,pm25,20,5.0,50.0,21.0,1771.03
2022-02-22,RS,Novi Sad,pm25,48,20.0,63.0,41.0,1370.21
2022-02-22,RS,Niš,pm25,48,18.0,76.0,60.0,2571.77
2022-02-22,RS,Belgrade,pm25,106,21.0,73.0,41.0,1095.35
2022-02-22,CY,Nicosia,pm25,24,31.0,92.0,62.0,2048.68
2022-02-22,CY,Limassol,pm25,24,18.0,98.0,48.0,4930.42
2022-02-22,HR,Rijeka,pm25,61,4.0,38.0,9.0,699.87
2022-02-22,MK,Skopje,pm25,168,10.0,135.0,48.0,7981.88
2022-02-23,GE,Tbilisi,pm25,74,62.0,165.0,91.0,15860.9
2022-02-23,HU,Győr,pm25,45,5.0,80.0,42.0,3250.1
2022-02-23,HU,Szeged,pm25,23,30.0,292.0,53.0,57288.7
2022-02-23,HU,Pécs,pm25,72,13.0,132.0,50.0,9642.25
2022-02-23,HU,Kecskemét,pm25,48,17.0,57.0,30.0,1532.32
2022-02-23,HU,Miskolc,pm25,120,13.0,122.0,59.0,5456.08
2022-02-23,HU,Budapest,pm25,343,9.0,80.0,30.0,1838.19
2022-02-23,JP,Fukuoka,pm25,429,5.0,87.0,50.0,1408.64
2022-02-23,JP,Kanazawa,pm25,196,5.0,61.0,17.0,1522.37
2022-02-23,JP,Kumamoto,pm25,375,5.0,82.0,53.0,2437.6
2022-02-23,JP,Akita,pm25,44,5.0,57.0,34.0,1286.49
2022-02-23,JP,Kochi,pm25,48,13.0,57.0,34.0,1522.91
2022-02-23,JP,Gifu-shi,pm25,151,5.0,82.0,21.0,2004.03
2022-02-23,JP,Kyoto,pm25,529,5.0,63.0,30.0,1259.25
2022-02-23,JP,Hiroshima,pm25,301,5.0,68.0,34.0,2046.86
2022-02-23,JP,Shizuoka,pm25,221,5.0,70.0,13.0,1164.1
2022-02-23,JP,Chiba,pm25,652,5.0,97.0,21.0,2442.95
2022-02-23,JP,Sapporo,pm25,202,5.0,55.0,21.0,1007.92
2022-02-23,JP,Yokohama,pm25,322,1.0,46.0,1.0,960.62
2022-02-23,JP,Tokyo,pm25,2134,1.0,163.0,17.0,1427.86
2022-02-23,JP,Saitama,pm25,467,5.0,55.0,17.0,853.25
2022-02-23,JP,Naha,pm25,129,5.0,42.0,21.0,842.25
2022-02-23,JP,Nagasaki,pm25,182,5.0,63.0,38.0,1326.9
2022-02-23,JP,Toyama,pm25,150,5.0,65.0,21.0,1356.66
2022-02-23,JP,Niigata,pm25,206,5.0,53.0,21.0,1086.12
2022-02-23,JP,Nara-shi,pm25,182,5.0,74.0,34.0,2032.63
2022-02-23,JP,Okayama,pm25,283,5.0,85.0,42.0,2167.53
2022-02-23,JP,Sendai,pm25,427,5.0,50.0,17.0,516.8
2022-02-23,JP,Osaka,pm25,1268,5.0,72.0,34.0,2239.59
2022-02-23,JP,Miyazaki,pm25,133,5.0,63.0,38.0,1737.02
2022-02-23,JP,Matsuyama,pm25,160,5.0,72.0,42.0,2703.26
2022-02-23,JP,Wakayama,pm25,285,5.0,70.0,42.0,1685.54
2022-02-23,JP,Takamatsu,pm25,232,9.0,149.0,38.0,2495.79
2022-02-23,JP,Nagoya,pm25,737,1.0,85.0,21.0,1073.54
2022-02-23,JP,Ōita,pm25,253,5.0,63.0,38.0,2106.02
2022-02-23,JP,Kobe,pm25,419,5.0,78.0,34.0,2651.57
2022-02-23,JP,Nagano,pm25,76,5.0,38.0,13.0,1023.29
2022-02-23,JP,Utsunomiya,pm25,385,5.0,53.0,21.0,1251.93
2022-02-23,JP,Kagoshima,pm25,95,9.0,53.0,38.0,942.35
2022-02-23,SK,Košice,pm25,96,21.0,134.0,53.0,2046.88
2022-02-23,SK,Bratislava,pm25,76,5.0,46.0,17.0,873.87
2022-02-23,FI,Vantaa,pm25,24,24.0,58.0,41.0,1204.06
2022-02-23,FI,Turku,pm25,24,4.0,36.0,15.0,766.88
2022-02-23,FI,Helsinki,pm25,120,10.0,62.0,33.0,1031.9
2022-02-23,FI,Tampere,pm25,96,10.0,71.0,36.0,1485.19
2022-02-23,ET,Addis Ababa,pm25,44,55.0,182.0,119.0,12038.9
2022-02-23,CH,Zürich,pm25,15,1.0,4.0,1.0,10.67
2022-02-23,CO,Bogotá,pm25,333,57.0,153.0,91.0,2787.5
2022-02-23,CO,Medellín,pm25,329,53.0,119.0,85.0,1178.35
2022-02-23,DK,Copenhagen,pm25,24,20.0,53.0,43.0,820.71
2022-02-23,EC,Quito,pm25,192,1.0,173.0,81.0,15386.6
2022-02-23,GB,Edinburgh,pm25,280,4.0,34.0,19.0,446.07
2022-02-23,GB,Norwich,pm25,20,24.0,36.0,29.0,153.16
2022-02-23,GB,Liverpool,pm25,32,5.0,30.0,19.0,625.65
2022-02-23,GB,Belfast,pm25,25,25.0,34.0,25.0,108.6
2022-02-23,GB,Coventry,pm25,47,17.0,36.0,25.0,196.5
2022-02-23,GB,Leeds,pm25,25,17.0,30.0,25.0,132.23
2022-02-23,GB,Cardiff,pm25,144,17.0,55.0,42.0,1100.7
2022-02-23,GB,Bristol,pm25,63,5.0,42.0,25.0,969.42
2022-02-23,GB,London,pm25,470,5.0,112.0,35.0,2145.94
2022-02-23,GB,Birmingham,pm25,30,17.0,34.0,25.0,238.86
2022-02-23,GB,Sheffield,pm25,61,13.0,42.0,21.0,193.21
2022-02-23,GB,Newport,pm25,42,9.0,47.0,17.0,1587.22
2022-02-23,GB,Leicester,pm25,16,21.0,44.0,30.0,377.33
2022-02-23,GB,Manchester,pm25,79,12.0,51.0,26.0,534.16
2022-02-23,GB,Reading,pm25,46,5.0,53.0,17.0,1053.96
2022-02-23,GB,Plymouth,pm25,33,9.0,65.0,38.0,3040.64
2022-02-23,GB,Glasgow,pm25,572,8.0,52.0,23.0,638.1
2022-02-23,GB,Preston,pm25,36,11.0,37.0,25.0,440.85
2022-02-23,GB,Swansea,pm25,96,13.0,72.0,30.0,1809.22
2022-02-23,GB,Southend-on-Sea,pm25,32,28.0,44.0,34.0,179.32
2022-02-23,ID,Jakarta,pm25,55,30.0,158.0,80.0,9979.36
2022-02-23,NP,Kathmandu,pm25,48,85.0,216.0,158.0,9764.46
2022-02-23,AU,Sydney,pm25,137,1.0,84.0,10.0,1315.98
2022-02-23,AU,Newcastle,pm25,132,1.0,58.0,17.0,1397.38
2022-02-23,AU,Launceston,pm25,121,5.0,25.0,13.0,262.66
2022-02-23,AU,Hobart,pm25,53,5.0,70.0,9.0,1094.33
2022-02-23,AU,Darwin,pm25,66,1.0,39.0,10.0,661.92
2022-02-23,AU,Melbourne,pm25,157,2.0,127.0,37.0,3414.34
2022-02-23,AU,Canberra,pm25,46,1.0,67.0,18.0,3152.37
2022-02-23,AU,Adelaide,pm25,96,5.0,72.0,21.0,1500.63
2022-02-23,AU,Brisbane,pm25,159,1.0,66.0,18.0,767.72
2022-02-23,AU,Perth,pm25,81,2.0,7.0,4.0,19.48
2022-02-23,AU,Wollongong,pm25,32,2.0,75.0,14.0,3249.99
2022-02-23,CI,Abidjan,pm25,24,59.0,107.0,87.0,2260.0
2022-02-23,GH,Accra,pm25,24,59.0,89.0,72.0,886.07
2022-02-23,IQ,Baghdad,pm25,24,158.0,206.0,177.0,1628.41
2022-02-23,IS,Reykjavík,pm25,96,6.0,30.0,14.0,275.05
2022-02-23,KG,Bishkek,pm25,24,25.0,165.0,68.0,13769.8
2022-02-23,NL,Utrecht,pm25,48,31.0,64.0,48.0,573.17
2022-02-23,NL,Nijmegen,pm25,45,8.0,74.0,37.0,1979.34
2022-02-23,NL,Haarlem,pm25,143,7.0,91.0,47.0,2216.41
2022-02-23,NL,Eindhoven,pm25,24,28.0,62.0,46.0,760.27
2022-02-23,NL,Rotterdam,pm25,192,8.0,68.0,34.0,734.31
2022-02-23,NL,Amsterdam,pm25,263,1.0,96.0,35.0,1368.87
2022-02-23,NL,Dordrecht,pm25,24,27.0,67.0,46.0,971.23
2022-02-23,NL,Breda,pm25,24,13.0,69.0,28.0,2280.27
2022-02-23,NL,Groningen,pm25,48,10.0,55.0,31.0,1189.64
2022-02-23,NL,Maastricht,pm25,94,5.0,65.0,30.0,1869.11
2022-02-23,NL,The Hague,pm25,61,9.0,50.0,35.0,474.22
2022-02-23,PT,Lisbon,pm25,36,20.0,62.0,36.0,1495.71
2022-02-23,PT,Funchal,pm25,72,17.0,55.0,38.0,1565.44
2022-02-23,CA,Hamilton,pm25,88,5.0,42.0,17.0,601.12
2022-02-23,CA,Calgary,pm25,92,11.0,80.0,43.0,4091.85
2022-02-23,CA,Winnipeg,pm25,24,26.0,43.0,35.0,173.62
2022-02-23,CA,Halifax,pm25,46,3.0,35.0,20.0,592.19
2022-02-23,CA,Kitchener,pm25,41,5.0,46.0,13.0,971.78
2022-02-23,CA,Edmonton,pm25,136,14.0,92.0,49.0,1634.21
2022-02-23,CA,Mississauga,pm25,53,9.0,46.0,17.0,457.99
2022-02-23,CA,Québec,pm25,160,9.0,57.0,22.0,1282.74
2022-02-23,CA,Vancouver,pm25,23,9.0,40.0,15.0,818.93
2022-02-23,CA,Victoria,pm25,46,5.0,63.0,30.0,1296.39
2022-02-23,CA,Montréal,pm25,409,6.0,50.0,22.0,846.34
2022-02-23,CA,Toronto,pm25,132,5.0,46.0,17.0,653.66
2022-02-23,CA,Ottawa,pm25,56,13.0,47.0,21.0,666.95
2022-02-23,CA,London,pm25,44,5.0,38.0,9.0,640.57
2022-02-23,US,Oklahoma City,pm25,96,22.0,46.0,30.0,323.36
2022-02-23,US,Raleigh,pm25,68,9.0,59.0,34.0,1109.42
2022-02-23,US,Memphis,pm25,72,5.0,58.0,29.0,2312.52
2022-02-23,US,Jackson,pm25,72,6.0,63.0,33.0,2517.51
2022-02-23,US,Boston,pm25,137,5.0,61.0,30.0,1446.36
2022-02-23,US,Richmond,pm25,96,17.0,49.0,21.0,319.92
2022-02-23,US,Portland,pm25,155,5.0,74.0,15.0,2100.37
2022-02-23,US,Boise,pm25,87,5.0,25.0,13.0,408.58
2022-02-23,US,Austin,pm25,47,9.0,42.0,21.0,553.8
2022-02-23,US,Honolulu,pm25,58,5.0,85.0,17.0,1364.92
2022-02-23,US,Fresno,pm25,47,5.0,63.0,25.0,1217.08
2022-02-23,US,Milwaukee,pm25,144,10.0,67.0,22.0,1264.89
2022-02-23,US,Hartford,pm25,48,15.0,58.0,35.0,1984.14
2022-02-23,US,Washington D.C.,pm25,102,5.0,55.0,24.0,930.85
2022-02-23,US,Chicago,pm25,191,3.0,45.0,20.0,435.28
2022-02-23,US,Houston,pm25,48,11.0,84.0,51.0,2547.64
2022-02-23,US,Indianapolis,pm25,24,26.0,49.0,30.0,437.1
2022-02-23,US,Atlanta,pm25,23,16.0,55.0,36.0,1913.83
2022-02-23,US,Charlotte,pm25,24,17.0,55.0,34.0,834.76
2022-02-23,US,Sacramento,pm25,64,2.0,63.0,17.0,2573.02
2022-02-23,US,Oakland,pm25,112,5.0,65.0,17.0,1359.43
2022-02-23,US,Providence,pm25,45,5.0,156.0,25.0,5229.55
2022-02-23,US,Staten Island,pm25,103,1.0,171.0,36.0,5469.14
2022-02-23,US,Brooklyn,pm25,143,8.0,60.0,33.0,1332.55
2022-02-23,US,Springfield,pm25,71,2.0,51.0,29.0,959.52
2022-02-23,US,The Bronx,pm25,48,15.0,45.0,32.0,648.35
2022-02-23,US,San Jose,pm25,70,5.0,50.0,21.0,1269.69
2022-02-23,US,Los Angeles,pm25,66,1.0,48.0,20.0,1379.27
2022-02-23,US,Detroit,pm25,165,8.0,50.0,25.0,500.87
2022-02-23,US,Little Rock,pm25,24,8.0,35.0,23.0,418.19
2022-02-23,US,Baltimore,pm25,47,5.0,38.0,24.0,695.77
2022-02-23,US,Phoenix,pm25,165,1.0,100.0,16.0,1874.81
2022-02-23,US,Omaha,pm25,48,9.0,46.0,25.0,849.58
2022-02-23,US,El Paso,pm25,72,32.0,144.0,55.0,6928.78
2022-02-23,US,Dallas,pm25,24,13.0,30.0,23.0,297.1
2022-02-23,US,Seattle,pm25,260,5.0,124.0,29.0,3551.06
2022-02-23,US,Manhattan,pm25,71,11.0,79.0,30.0,1184.25
2022-02-23,US,Miami,pm25,91,20.0,39.0,29.0,246.42
2022-02-23,US,Jacksonville,pm25,138,16.0,63.0,36.0,894.61
2022-02-23,US,San Antonio,pm25,72,3.0,46.0,25.0,894.36
2022-02-23,US,Philadelphia,pm25,92,2.0,60.0,27.0,1581.24
2022-02-23,US,San Diego,pm25,17,3.0,86.0,11.0,5276.32
2022-02-23,US,Columbus,pm25,48,17.0,60.0,35.0,980.85
2022-02-23,US,Saint Paul,pm25,144,5.0,57.0,25.0,1297.82
2022-02-23,US,Denver,pm25,133,13.0,61.0,30.0,947.18
2022-02-23,US,Salt Lake City,pm25,216,11.0,80.0,20.0,989.63
2022-02-23,US,Albuquerque,pm25,72,25.0,128.0,44.0,5525.96
2022-02-23,US,San Francisco,pm25,60,5.0,50.0,13.0,668.57
2022-02-23,US,Salem,pm25,72,14.0,81.0,19.0,2043.31
2022-02-23,US,Madison,pm25,48,19.0,56.0,22.0,793.88
2022-02-23,US,Nashville,pm25,84,6.0,60.0,30.0,3239.95
2022-02-23,US,Tucson,pm25,148,5.0,46.0,17.0,669.95
2022-02-23,US,Queens,pm25,94,16.0,59.0,35.0,1525.15
2022-02-23,US,Tallahassee,pm25,67,15.0,135.0,45.0,6998.49
2022-02-23,US,Fort Worth,pm25,22,5.0,25.0,13.0,318.61
2022-02-23,RS,Novi Sad,pm25,48,27.0,153.0,45.0,5840.07
2022-02-23,RS,Niš,pm25,48,37.0,158.0,53.0,12357.8
2022-02-23,RS,Belgrade,pm25,118,29.0,77.0,54.0,981.47
2022-02-23,CY,Nicosia,pm25,24,52.0,95.0,63.0,1135.63
2022-02-23,CY,Limassol,pm25,24,46.0,86.0,61.0,1385.92
2022-02-23,HR,Zagreb,pm25,9,45.0,142.0,77.0,16955.3
2022-02-23,HR,Rijeka,pm25,55,6.0,76.0,16.0,3268.67
2022-02-23,MK,Skopje,pm25,168,8.0,111.0,48.0,4541.79
2022-02-24,GE,Tbilisi,pm25,89,70.0,172.0,113.0,12824.6
2022-02-24,HU,Győr,pm25,44,9.0,76.0,50.0,3398.75
2022-02-24,HU,Szeged,pm25,24,38.0,99.0,61.0,2069.28
2022-02-24,HU,Pécs,pm25,72,25.0,142.0,55.0,13052.9
2022-02-24,HU,Kecskemét,pm25,44,21.0,76.0,55.0,3115.29
2022-02-24,HU,Miskolc,pm25,120,25.0,159.0,80.0,13401.4
2022-02-24,HU,Budapest,pm25,333,17.0,97.0,59.0,3151.91
2022-02-24,JP,Fukuoka,pm25,419,5.0,89.0,38.0,1771.03
2022-02-24,JP,Kanazawa,pm25,188,5.0,55.0,17.0,1214.47
2022-02-24,JP,Kumamoto,pm25,361,5.0,87.0,46.0,2566.1
2022-02-24,JP,Akita,pm25,45,21.0,85.0,46.0,1781.13
2022-02-24,JP,Kochi,pm25,47,13.0,53.0,34.0,1139.45
2022-02-24,JP,Gifu-shi,pm25,141,5.0,93.0,21.0,3700.63
2022-02-24,JP,Kyoto,pm25,526,5.0,53.0,25.0,1079.93
2022-02-24,JP,Hiroshima,pm25,308,5.0,80.0,38.0,2345.8
2022-02-24,JP,Shizuoka,pm25,237,5.0,68.0,21.0,1602.14
2022-02-24,JP,Chiba,pm25,630,5.0,74.0,17.0,1518.17
2022-02-24,JP,Sapporo,pm25,213,5.0,61.0,30.0,1386.59
2022-02-24,JP,Yokohama,pm25,406,1.0,68.0,17.0,1820.03
2022-02-24,JP,Tokyo,pm25,2267,1.0,72.0,17.0,820.59
2022-02-24,JP,Saitama,pm25,469,5.0,55.0,17.0,761.61
2022-02-24,JP,Naha,pm25,86,5.0,34.0,9.0,443.63
2022-02-24,JP,Nagasaki,pm25,180,5.0,61.0,30.0,1414.42
2022-02-24,JP,Toyama,pm25,150,5.0,53.0,17.0,1186.32
2022-02-24,JP,Niigata,pm25,202,5.0,50.0,21.0,1014.02
2022-02-24,JP,Nara-shi,pm25,163,5.0,55.0,25.0,1277.59
2022-02-24,JP,Okayama,pm25,278,5.0,68.0,34.0,1481.12
2022-02-24,JP,Sendai,pm25,427,5.0,59.0,21.0,1280.42
2022-02-24,JP,Osaka,pm25,1204,5.0,70.0,21.0,1261.16
2022-02-24,JP,Miyazaki,pm25,138,13.0,87.0,53.0,2057.44
2022-02-24,JP,Matsuyama,pm25,144,5.0,175.0,46.0,4262.27
2022-02-24,JP,Wakayama,pm25,270,5.0,70.0,30.0,1629.28
2022-02-24,JP,Takamatsu,pm25,231,5.0,57.0,30.0,1359.99
2022-02-24,JP,Nagoya,pm25,708,5.0,80.0,21.0,1363.88
2022-02-24,JP,Ōita,pm25,249,5.0,59.0,30.0,1437.64
2022-02-24,JP,Kobe,pm25,408,5.0,70.0,21.0,1100.47
2022-02-24,JP,Nagano,pm25,80,5.0,55.0,17.0,1699.59
2022-02-24,JP,Utsunomiya,pm25,365,5.0,55.0,17.0,709.78
2022-02-24,JP,Kagoshima,pm25,94,25.0,63.0,42.0,914.42
2022-02-24,SK,Košice,pm25,96,21.0,152.0,68.0,3138.63
2022-02-24,SK,Bratislava,pm25,95,17.0,74.0,46.0,2515.95
2022-02-24,FI,Vantaa,pm25,24,3.0,38.0,19.0,1466.67
2022-02-24,FI,Turku,pm25,24,3.0,29.0,13.0,783.7
2022-02-24,FI,Helsinki,pm25,120,5.0,42.0,23.0,1016.47
2022-02-24,FI,Tampere,pm25,95,2.0,41.0,16.0,330.76
2022-02-24,ET,Addis Ababa,pm25,41,61.0,160.0,87.0,6464.95
2022-02-24,CH,Zürich,pm25,20,1.0,4.0,2.0,8.42
2022-02-24,CO,Bogotá,pm25,334,34.0,156.0,89.0,3955.01
2022-02-24,CO,Medellín,pm25,331,72.0,139.0,104.0,1678.68
2022-02-24,DK,Copenhagen,pm25,24,12.0,40.0,30.0,353.84
2022-02-24,EC,Quito,pm25,174,2.0,116.0,39.0,7671.12
2022-02-24,GB,Edinburgh,pm25,288,1.0,27.0,11.0,299.32
2022-02-24,GB,Norwich,pm25,15,14.0,29.0,21.0,180.0
2022-02-24,GB,Liverpool,pm25,31,5.0,34.0,17.0,477.79
2022-02-24,GB,Belfast,pm25,34,17.0,25.0,21.0,53.19
2022-02-24,GB,Coventry,pm25,54,4.0,24.0,13.0,247.83
2022-02-24,GB,Leeds,pm25,42,4.0,34.0,17.0,371.81
2022-02-24,GB,Cardiff,pm25,144,5.0,50.0,30.0,1010.16
2022-02-24,GB,Bristol,pm25,59,5.0,46.0,17.0,750.5
2022-02-24,GB,London,pm25,457,2.0,89.0,21.0,1897.29
2022-02-24,GB,Birmingham,pm25,44,9.0,23.0,17.0,164.1
2022-02-24,GB,Sheffield,pm25,69,2.0,42.0,17.0,456.37
2022-02-24,GB,Newport,pm25,47,4.0,31.0,16.0,578.04
2022-02-24,GB,Leicester,pm25,17,9.0,32.0,17.0,332.43
2022-02-24,GB,Manchester,pm25,77,10.0,35.0,21.0,573.79
2022-02-24,GB,Reading,pm25,48,5.0,34.0,17.0,588.01
2022-02-24,GB,Plymouth,pm25,28,5.0,41.0,25.0,1347.41
2022-02-24,GB,Glasgow,pm25,556,1.0,56.0,12.0,520.43
2022-02-24,GB,Preston,pm25,47,14.0,35.0,22.0,316.96
2022-02-24,GB,Swansea,pm25,88,5.0,42.0,21.0,859.99
2022-02-24,GB,Southend-on-Sea,pm25,43,4.0,34.0,21.0,633.72
2022-02-24,ID,Jakarta,pm25,69,17.0,108.0,50.0,3701.59
2022-02-24,NP,Kathmandu,pm25,48,95.0,190.0,155.0,8156.86
2022-02-24,AU,Sydney,pm25,128,1.0,58.0,11.0,1246.74
2022-02-24,AU,Newcastle,pm25,137,1.0,66.0,19.0,1253.24
2022-02-24,AU,Launceston,pm25,120,5.0,21.0,9.0,123.15
2022-02-24,AU,Hobart,pm25,49,5.0,30.0,13.0,337.96
2022-02-24,AU,Darwin,pm25,70,1.0,36.0,8.0,683.68
2022-02-24,AU,Melbourne,pm25,165,9.0,101.0,45.0,1851.78
2022-02-24,AU,Canberra,pm25,42,2.0,60.0,20.0,1919.05
2022-02-24,AU,Adelaide,pm25,89,5.0,51.0,25.0,1144.13
2022-02-24,AU,Brisbane,pm25,166,1.0,54.0,25.0,1581.16
2022-02-24,AU,Perth,pm25,79,2.0,12.0,5.0,58.91
2022-02-24,AU,Wollongong,pm25,38,3.0,52.0,13.0,1016.98
2022-02-24,CI,Abidjan,pm25,24,63.0,122.0,95.0,2694.71
2022-02-24,GH,Accra,pm25,24,59.0,107.0,78.0,2196.74
2022-02-24,IQ,Baghdad,pm25,24,87.0,245.0,156.0,11027.7
2022-02-24,IS,Reykjavík,pm25,96,9.0,50.0,25.0,765.37
2022-02-24,KG,Bishkek,pm25,24,55.0,165.0,78.0,10192.8
2022-02-24,NL,Utrecht,pm25,46,3.0,66.0,34.0,1926.32
2022-02-24,NL,Nijmegen,pm25,45,2.0,55.0,29.0,1943.1
2022-02-24,NL,Haarlem,pm25,132,1.0,80.0,35.0,3159.55
2022-02-24,NL,Eindhoven,pm25,22,7.0,63.0,33.0,2821.13
2022-02-24,NL,Rotterdam,pm25,192,6.0,70.0,27.0,929.02
2022-02-24,NL,Amsterdam,pm25,246,1.0,160.0,25.0,1808.44
2022-02-24,NL,Dordrecht,pm25,24,21.0,61.0,38.0,1249.28
2022-02-24,NL,Breda,pm25,24,8.0,52.0,20.0,1206.07
2022-02-24,NL,Groningen,pm25,44,3.0,51.0,23.0,1177.82
2022-02-24,NL,Maastricht,pm25,88,5.0,42.0,21.0,815.98
2022-02-24,NL,The Hague,pm25,49,6.0,34.0,25.0,667.07
2022-02-24,PT,Lisbon,pm25,47,43.0,98.0,57.0,1016.5
2022-02-24,PT,Funchal,pm25,72,1.0,40.0,30.0,1208.98
2022-02-24,CA,Hamilton,pm25,74,5.0,25.0,17.0,234.82
2022-02-24,CA,Calgary,pm25,92,3.0,56.0,11.0,850.65
2022-02-24,CA,Winnipeg,pm25,24,37.0,54.0,46.0,353.62
2022-02-24,CA,Halifax,pm25,46,13.0,24.0,19.0,96.08
2022-02-24,CA,Kitchener,pm25,35,9.0,38.0,17.0,681.46
2022-02-24,CA,Edmonton,pm25,133,1.0,63.0,22.0,2281.78
2022-02-24,CA,Mississauga,pm25,52,9.0,25.0,13.0,153.73
2022-02-24,CA,Québec,pm25,149,14.0,84.0,18.0,2549.66
2022-02-24,CA,Vancouver,pm25,23,11.0,40.0,19.0,696.76
2022-02-24,CA,Victoria,pm25,46,17.0,89.0,34.0,2722.55
2022-02-24,CA,Montréal,pm25,391,9.0,119.0,24.0,2794.58
2022-02-24,CA,Toronto,pm25,126,5.0,53.0,13.0,504.59
2022-02-24,CA,Ottawa,pm25,54,13.0,33.0,20.0,262.08
2022-02-24,CA,London,pm25,38,9.0,25.0,17.0,145.21
2022-02-24,US,Oklahoma City,pm25,96,14.0,74.0,36.0,1876.75
2022-02-24,US,Raleigh,pm25,72,5.0,57.0,30.0,1545.05
2022-02-24,US,Memphis,pm25,66,3.0,52.0,15.0,740.75
2022-02-24,US,Jackson,pm25,72,9.0,68.0,43.0,2335.42
2022-02-24,US,Boston,pm25,117,5.0,61.0,21.0,1268.52
2022-02-24,US,Richmond,pm25,96,21.0,56.0,35.0,1032.55
2022-02-24,US,Portland,pm25,166,17.0,95.0,36.0,2105.21
2022-02-24,US,Boise,pm25,94,5.0,57.0,25.0,1682.29
2022-02-24,US,Austin,pm25,36,5.0,42.0,13.0,795.68
2022-02-24,US,Honolulu,pm25,64,5.0,34.0,17.0,539.52
2022-02-24,US,Fresno,pm25,47,11.0,73.0,37.0,2644.62
2022-02-24,US,Milwaukee,pm25,144,9.0,55.0,21.0,1083.48
2022-02-24,US,Hartford,pm25,48,15.0,26.0,20.0,44.1
2022-02-24,US,Washington D.C.,pm25,96,9.0,57.0,34.0,1039.38
2022-02-24,US,Chicago,pm25,175,1.0,54.0,26.0,1323.3
2022-02-24,US,Houston,pm25,48,4.0,62.0,25.0,2110.17
2022-02-24,US,Indianapolis,pm25,24,33.0,57.0,47.0,595.05
2022-02-24,US,Atlanta,pm25,23,29.0,54.0,38.0,635.1
2022-02-24,US,Charlotte,pm25,24,38.0,65.0,53.0,605.43
2022-02-24,US,Sacramento,pm25,72,8.0,91.0,34.0,5023.47
2022-02-24,US,Oakland,pm25,111,5.0,61.0,30.0,1588.98
2022-02-24,US,Providence,pm25,47,5.0,38.0,13.0,588.07
2022-02-24,US,Staten Island,pm25,113,15.0,162.0,28.0,9316.8
2022-02-24,US,Brooklyn,pm25,144,3.0,37.0,25.0,432.26
2022-02-24,US,Springfield,pm25,70,2.0,61.0,36.0,1445.91
2022-02-24,US,The Bronx,pm25,48,12.0,30.0,24.0,308.07
2022-02-24,US,San Jose,pm25,91,5.0,57.0,21.0,1596.06
2022-02-24,US,Los Angeles,pm25,71,2.0,80.0,37.0,2499.53
2022-02-24,US,Detroit,pm25,167,7.0,64.0,30.0,1132.83
2022-02-24,US,Little Rock,pm25,24,8.0,29.0,19.0,259.06
2022-02-24,US,Baltimore,pm25,46,5.0,64.0,25.0,1918.0
2022-02-24,US,Phoenix,pm25,186,1.0,70.0,25.0,2503.9
2022-02-24,US,Omaha,pm25,48,21.0,59.0,38.0,1189.72
2022-02-24,US,El Paso,pm25,71,9.0,89.0,27.0,2051.17
2022-02-24,US,Dallas,pm25,24,9.0,27.0,16.0,248.41
2022-02-24,US,Seattle,pm25,262,5.0,79.0,38.0,2324.65
2022-02-24,US,Manhattan,pm25,71,5.0,48.0,22.0,923.2
2022-02-24,US,Miami,pm25,94,15.0,30.0,23.0,119.38
2022-02-24,US,Jacksonville,pm25,140,18.0,68.0,31.0,884.24
2022-02-24,US,San Antonio,pm25,62,4.0,37.0,14.0,534.79
2022-02-24,US,Philadelphia,pm25,91,1.0,55.0,28.0,1566.42
2022-02-24,US,San Diego,pm25,24,2.0,55.0,20.0,2202.32
2022-02-24,US,Columbus,pm25,48,17.0,60.0,41.0,1048.51
2022-02-24,US,Saint Paul,pm25,139,5.0,87.0,34.0,2494.83
2022-02-24,US,Denver,pm25,159,17.0,74.0,42.0,1111.55
2022-02-24,US,Salt Lake City,pm25,211,10.0,72.0,33.0,1404.03
2022-02-24,US,Albuquerque,pm25,70,6.0,62.0,23.0,1395.06
2022-02-24,US,San Francisco,pm25,69,5.0,82.0,21.0,2179.67
2022-02-24,US,Salem,pm25,72,19.0,89.0,36.0,3122.46
2022-02-24,US,Madison,pm25,48,14.0,47.0,26.0,728.4
2022-02-24,US,Nashville,pm25,78,5.0,62.0,25.0,2201.95
2022-02-24,US,Tucson,pm25,162,5.0,50.0,21.0,1061.98
2022-02-24,US,Queens,pm25,94,8.0,54.0,28.0,570.47
2022-02-24,US,Tallahassee,pm25,71,3.0,96.0,45.0,7123.95
2022-02-24,US,Fort Worth,pm25,20,5.0,21.0,13.0,313.26
2022-02-24,RS,Novi Sad,pm25,48,26.0,161.0,58.0,10210.6
2022-02-24,RS,Niš,pm25,48,32.0,168.0,66.0,21258.0
2022-02-24,RS,Belgrade,pm25,120,34.0,161.0,74.0,7177.94
2022-02-24,CY,Nicosia,pm25,24,52.0,103.0,66.0,2157.61
2022-02-24,CY,Limassol,pm25,24,36.0,76.0,55.0,1550.36
2022-02-24,HR,Zagreb,pm25,24,36.0,170.0,95.0,24665.9
2022-02-24,HR,Rijeka,pm25,51,11.0,72.0,18.0,2306.78
2022-02-24,MK,Skopje,pm25,168,8.0,180.0,37.0,12397.2
2022-02-25,GE,Tbilisi,pm25,96,83.0,175.0,129.0,8896.1
2022-02-25,HU,Győr,pm25,45,5.0,80.0,42.0,3722.91
2022-02-25,HU,Szeged,pm25,24,30.0,74.0,57.0,1457.23
2022-02-25,HU,Pécs,pm25,72,13.0,112.0,34.0,9089.79
2022-02-25,HU,Kecskemét,pm25,44,17.0,85.0,61.0,5432.3
2022-02-25,HU,Miskolc,pm25,120,34.0,149.0,78.0,6544.27
2022-02-25,HU,Budapest,pm25,344,13.0,80.0,46.0,4235.38
2022-02-25,JP,Fukuoka,pm25,427,9.0,109.0,59.0,2603.25
2022-02-25,JP,Kanazawa,pm25,199,5.0,68.0,25.0,1741.73
2022-02-25,JP,Kumamoto,pm25,374,5.0,102.0,53.0,2841.12
2022-02-25,JP,Akita,pm25,48,30.0,82.0,50.0,1129.78
2022-02-25,JP,Kochi,pm25,48,5.0,55.0,38.0,1472.76
2022-02-25,JP,Gifu-shi,pm25,131,5.0,157.0,30.0,5312.07
2022-02-25,JP,Kyoto,pm25,567,5.0,155.0,50.0,3104.19
2022-02-25,JP,Hiroshima,pm25,318,5.0,89.0,46.0,3081.05
2022-02-25,JP,Shizuoka,pm25,233,5.0,68.0,21.0,1489.2
2022-02-25,JP,Chiba,pm25,712,5.0,82.0,21.0,2948.87
2022-02-25,JP,Sapporo,pm25,215,5.0,70.0,42.0,1581.58
2022-02-25,JP,Yokohama,pm25,524,1.0,102.0,25.0,2657.99
2022-02-25,JP,Tokyo,pm25,2494,1.0,137.0,25.0,1881.2
2022-02-25,JP,Saitama,pm25,471,5.0,63.0,21.0,1174.55
2022-02-25,JP,Naha,pm25,33,5.0,38.0,21.0,995.02
2022-02-25,JP,Nagasaki,pm25,170,5.0,76.0,50.0,1293.14
2022-02-25,JP,Toyama,pm25,147,5.0,57.0,25.0,1820.04
2022-02-25,JP,Niigata,pm25,194,5.0,61.0,25.0,1978.48
2022-02-25,JP,Nara-shi,pm25,170,5.0,70.0,50.0,2960.83
2022-02-25,JP,Okayama,pm25,287,21.0,132.0,55.0,1509.33
2022-02-25,JP,Sendai,pm25,444,5.0,55.0,25.0,1148.37
2022-02-25,JP,Osaka,pm25,1270,5.0,95.0,50.0,3569.41
2022-02-25,JP,Miyazaki,pm25,136,5.0,82.0,46.0,2306.24
2022-02-25,JP,Matsuyama,pm25,124,13.0,87.0,50.0,2190.03
2022-02-25,JP,Wakayama,pm25,276,9.0,85.0,42.0,2526.88
2022-02-25,JP,Takamatsu,pm25,240,9.0,74.0,46.0,1467.98
2022-02-25,JP,Nagoya,pm25,772,5.0,91.0,34.0,2297.42
2022-02-25,JP,Ōita,pm25,250,5.0,85.0,42.0,4070.88
2022-02-25,JP,Kobe,pm25,419,5.0,97.0,57.0,3624.83
2022-02-25,JP,Nagano,pm25,84,5.0,65.0,21.0,2266.06
2022-02-25,JP,Utsunomiya,pm25,389,5.0,55.0,30.0,1679.97
2022-02-25,JP,Kagoshima,pm25,96,17.0,61.0,42.0,849.94
2022-02-25,SK,Košice,pm25,96,21.0,109.0,63.0,2943.08
2022-02-25,SK,Bratislava,pm25,87,5.0,70.0,25.0,4689.95
2022-02-25,FI,Vantaa,pm25,24,19.0,50.0,29.0,428.04
2022-02-25,FI,Turku,pm25,24,11.0,32.0,23.0,319.84
2022-02-25,FI,Helsinki,pm25,120,4.0,59.0,31.0,1193.04
2022-02-25,FI,Tampere,pm25,95,1.0,41.0,14.0,875.08
2022-02-25,ET,Addis Ababa,pm25,46,50.0,159.0,70.0,4969.28
2022-02-25,CH,Zürich,pm25,11,1.0,3.0,1.0,4.73
2022-02-25,CO,Bogotá,pm25,321,13.0,142.0,72.0,6494.49
2022-02-25,CO,Medellín,pm25,316,78.0,149.0,117.0,1781.95
2022-02-25,DK,Copenhagen,pm25,24,18.0,54.0,28.0,1348.1
2022-02-25,EC,Quito,pm25,187,1.0,153.0,48.0,7856.81
2022-02-25,GB,Edinburgh,pm25,288,8.0,63.0,21.0,557.2
2022-02-25,GB,Norwich,pm25,23,17.0,67.0,21.0,2624.39
2022-02-25,GB,Liverpool,pm25,45,9.0,60.0,32.0,1483.86
2022-02-25,GB,Belfast,pm25,40,17.0,30.0,21.0,189.21
2022-02-25,GB,Coventry,pm25,72,13.0,66.0,24.0,1485.13
2022-02-25,GB,Leeds,pm25,37,9.0,65.0,28.0,2429.11
2022-02-25,GB,Cardiff,pm25,144,17.0,134.0,42.0,3564.74
2022-02-25,GB,Bristol,pm25,70,13.0,72.0,30.0,2462.94
2022-02-25,GB,London,pm25,472,5.0,153.0,35.0,4692.02
2022-02-25,GB,Birmingham,pm25,48,21.0,82.0,25.0,2050.35
2022-02-25,GB,Sheffield,pm25,95,10.0,87.0,26.0,2028.25
2022-02-25,GB,Newport,pm25,47,21.0,74.0,30.0,2298.0
2022-02-25,GB,Leicester,pm25,24,19.0,61.0,27.0,1778.19
2022-02-25,GB,Manchester,pm25,82,25.0,70.0,39.0,846.05
2022-02-25,GB,Reading,pm25,48,17.0,82.0,25.0,4335.42
2022-02-25,GB,Plymouth,pm25,46,5.0,99.0,33.0,3559.0
2022-02-25,GB,Glasgow,pm25,560,11.0,57.0,25.0,582.57
2022-02-25,GB,Preston,pm25,47,21.0,74.0,36.0,1183.09
2022-02-25,GB,Swansea,pm25,94,13.0,78.0,38.0,2498.17
2022-02-25,GB,Southend-on-Sea,pm25,47,13.0,95.0,25.0,2979.77
2022-02-25,ID,Jakarta,pm25,69,21.0,132.0,51.0,3036.32
2022-02-25,NP,Kathmandu,pm25,48,55.0,178.0,132.0,11442.0
2022-02-25,AU,Sydney,pm25,152,1.0,62.0,12.0,1491.91
2022-02-25,AU,Newcastle,pm25,139,4.0,56.0,26.0,958.9
2022-02-25,AU,Launceston,pm25,60,5.0,9.0,5.0,30.51
2022-02-25,AU,Hobart,pm25,34,5.0,13.0,5.0,60.46
2022-02-25,AU,Darwin,pm25,62,2.0,18.0,8.0,206.21
2022-02-25,AU,Melbourne,pm25,149,2.0,63.0,26.0,1268.58
2022-02-25,AU,Canberra,pm25,54,1.0,48.0,13.0,1350.19
2022-02-25,AU,Adelaide,pm25,93,2.0,58.0,21.0,1088.59
2022-02-25,AU,Brisbane,pm25,159,1.0,52.0,24.0,1744.25
2022-02-25,AU,Perth,pm25,91,2.0,15.0,8.0,74.02
2022-02-25,AU,Wollongong,pm25,42,1.0,65.0,20.0,2472.8
2022-02-25,CI,Abidjan,pm25,24,72.0,134.0,97.0,3031.3
2022-02-25,GH,Accra,pm25,24,61.0,127.0,78.0,2681.09
2022-02-25,IQ,Baghdad,pm25,24,97.0,337.0,154.0,22439.7
2022-02-25,IS,Reykjavík,pm25,96,3.0,58.0,14.0,1413.76
2022-02-25,KG,Bishkek,pm25,24,50.0,170.0,80.0,8695.2
2022-02-25,NL,Utrecht,pm25,48,15.0,74.0,40.0,1472.91
2022-02-25,NL,Nijmegen,pm25,45,1.0,60.0,30.0,2241.64
2022-02-25,NL,Haarlem,pm25,143,8.0,100.0,41.0,1957.11
2022-02-25,NL,Eindhoven,pm25,24,16.0,57.0,36.0,1419.35
2022-02-25,NL,Rotterdam,pm25,192,10.0,50.0,33.0,639.53
2022-02-25,NL,Amsterdam,pm25,263,5.0,59.0,29.0,940.53
2022-02-25,NL,Dordrecht,pm25,24,21.0,56.0,38.0,1048.62
2022-02-25,NL,Breda,pm25,24,11.0,52.0,31.0,1046.01
2022-02-25,NL,Groningen,pm25,47,6.0,53.0,26.0,943.4
2022-02-25,NL,Maastricht,pm25,92,5.0,59.0,25.0,1222.7
2022-02-25,NL,The Hague,pm25,71,3.0,51.0,33.0,958.96
2022-02-25,PT,Lisbon,pm25,32,45.0,69.0,59.0,323.94
2022-02-25,PT,Funchal,pm25,51,3.0,31.0,18.0,430.41
2022-02-25,CA,Hamilton,pm25,82,9.0,46.0,17.0,509.68
2022-02-25,CA,Calgary,pm25,92,3.0,59.0,15.0,1475.26
2022-02-25,CA,Winnipeg,pm25,24,33.0,60.0,43.0,590.85
2022-02-25,CA,Halifax,pm25,46,12.0,34.0,16.0,238.41
2022-02-25,CA,Kitchener,pm25,46,5.0,50.0,13.0,517.86
2022-02-25,CA,Edmonton,pm25,134,5.0,59.0,22.0,1244.5
2022-02-25,CA,Mississauga,pm25,40,5.0,21.0,13.0,108.21
2022-02-25,CA,Québec,pm25,176,16.0,65.0,22.0,1731.69
2022-02-25,CA,Vancouver,pm25,23,9.0,48.0,15.0,1642.92
2022-02-25,CA,Victoria,pm25,46,17.0,74.0,42.0,1652.99
2022-02-25,CA,Montréal,pm25,392,12.0,105.0,35.0,1657.19
2022-02-25,CA,Toronto,pm25,120,5.0,53.0,13.0,1007.29
2022-02-25,CA,Ottawa,pm25,64,13.0,44.0,21.0,442.48
2022-02-25,CA,London,pm25,31,5.0,17.0,9.0,72.26
2022-02-25,US,Oklahoma City,pm25,96,25.0,101.0,47.0,1846.73
2022-02-25,US,Raleigh,pm25,66,5.0,58.0,25.0,2084.07
2022-02-25,US,Memphis,pm25,72,5.0,52.0,27.0,1056.71
2022-02-25,US,Jackson,pm25,71,1.0,38.0,15.0,1229.54
2022-02-25,US,Boston,pm25,119,5.0,63.0,21.0,1706.57
2022-02-25,US,Richmond,pm25,96,10.0,51.0,23.0,888.4
2022-02-25,US,Portland,pm25,167,14.0,95.0,27.0,3915.53
2022-02-25,US,Boise,pm25,96,5.0,61.0,30.0,1835.88
2022-02-25,US,Austin,pm25,48,9.0,59.0,38.0,1286.8
2022-02-25,US,Honolulu,pm25,55,5.0,50.0,21.0,845.17
2022-02-25,US,Fresno,pm25,48,15.0,79.0,50.0,2239.98
2022-02-25,US,Milwaukee,pm25,141,11.0,52.0,24.0,1203.38
2022-02-25,US,Hartford,pm25,48,17.0,30.0,23.0,112.75
2022-02-25,US,Washington D.C.,pm25,92,5.0,44.0,21.0,950.93
2022-02-25,US,Chicago,pm25,192,3.0,60.0,24.0,1071.2
2022-02-25,US,Houston,pm25,48,11.0,55.0,23.0,677.23
2022-02-25,US,Indianapolis,pm25,24,24.0,55.0,44.0,1038.84
2022-02-25,US,Atlanta,pm25,23,7.0,43.0,18.0,1608.18
2022-02-25,US,Charlotte,pm25,24,5.0,80.0,57.0,4786.07
2022-02-25,US,Sacramento,pm25,71,13.0,154.0,50.0,8251.31
2022-02-25,US,Oakland,pm25,119,5.0,76.0,38.0,1894.73
2022-02-25,US,Providence,pm25,37,5.0,42.0,13.0,966.31
2022-02-25,US,Staten Island,pm25,73,1.0,50.0,25.0,1402.57
2022-02-25,US,Brooklyn,pm25,34,1.0,37.0,24.0,1056.83
2022-02-25,US,Springfield,pm25,70,13.0,66.0,43.0,2139.11
2022-02-25,US,The Bronx,pm25,6,15.0,27.0,22.0,290.67
2022-02-25,US,San Jose,pm25,96,5.0,59.0,34.0,1700.21
2022-02-25,US,Los Angeles,pm25,66,1.0,86.0,50.0,2919.74
2022-02-25,US,Detroit,pm25,165,11.0,56.0,28.0,856.5
2022-02-25,US,Little Rock,pm25,23,18.0,36.0,26.0,322.61
2022-02-25,US,Baltimore,pm25,47,5.0,49.0,18.0,785.16
2022-02-25,US,Phoenix,pm25,192,5.0,78.0,38.0,3076.28
2022-02-25,US,Omaha,pm25,47,17.0,63.0,34.0,1026.39
2022-02-25,US,El Paso,pm25,72,17.0,75.0,38.0,1827.48
2022-02-25,US,Dallas,pm25,24,19.0,31.0,27.0,152.39
2022-02-25,US,Seattle,pm25,259,8.0,87.0,46.0,4419.38
2022-02-25,US,Manhattan,pm25,28,9.0,38.0,20.0,480.46
2022-02-25,US,Miami,pm25,92,15.0,33.0,22.0,147.16
2022-02-25,US,Jacksonville,pm25,144,13.0,121.0,35.0,2776.85
2022-02-25,US,San Antonio,pm25,70,4.0,46.0,25.0,1168.96
2022-02-25,US,Philadelphia,pm25,89,1.0,68.0,20.0,1375.51
2022-02-25,US,San Diego,pm25,23,13.0,59.0,29.0,1881.3
2022-02-25,US,Columbus,pm25,48,14.0,67.0,35.0,1548.83
2022-02-25,US,Saint Paul,pm25,140,9.0,61.0,25.0,1529.2
2022-02-25,US,Denver,pm25,161,53.0,99.0,68.0,1104.8
2022-02-25,US,Salt Lake City,pm25,209,6.0,60.0,14.0,788.27
2022-02-25,US,Albuquerque,pm25,70,15.0,69.0,25.0,1736.44
2022-02-25,US,San Francisco,pm25,70,5.0,61.0,25.0,1630.3
2022-02-25,US,Salem,pm25,72,25.0,128.0,59.0,4923.63
2022-02-25,US,Madison,pm25,48,14.0,35.0,21.0,385.25
2022-02-25,US,Nashville,pm25,92,3.0,52.0,21.0,1540.54
2022-02-25,US,Tucson,pm25,163,5.0,65.0,25.0,2327.14
2022-02-25,US,Queens,pm25,12,18.0,28.0,23.0,61.52
2022-02-25,US,Tallahassee,pm25,70,1.0,102.0,30.0,5564.92
2022-02-25,US,Fort Worth,pm25,24,13.0,53.0,38.0,1398.1
2022-02-25,RS,Novi Sad,pm25,48,23.0,150.0,58.0,6503.39
2022-02-25,RS,Niš,pm25,48,44.0,194.0,129.0,20033.1
2022-02-25,RS,Belgrade,pm25,120,30.0,114.0,71.0,2234.78
2022-02-25,CY,Nicosia,pm25,24,19.0,86.0,45.0,5188.7
2022-02-25,CY,Limassol,pm25,24,2.0,53.0,24.0,1801.67
2022-02-25,HR,Zagreb,pm25,24,26.0,161.0,55.0,17782.0
2022-02-25,HR,Rijeka,pm25,55,2.0,72.0,14.0,2951.73
2022-02-25,MK,Skopje,pm25,168,14.0,201.0,75.0,19783.5
2022-02-26,GE,Tbilisi,pm25,96,85.0,177.0,147.0,5108.31
2022-02-26,HU,Győr,pm25,47,5.0,61.0,38.0,2055.05
2022-02-26,HU,Szeged,pm25,23,17.0,50.0,34.0,808.78
2022-02-26,HU,Pécs,pm25,69,17.0,42.0,30.0,649.68
2022-02-26,HU,Kecskemét,pm25,48,21.0,57.0,38.0,1343.83
2022-02-26,HU,Miskolc,pm25,110,21.0,161.0,72.0,8983.6
2022-02-26,HU,Budapest,pm25,324,13.0,107.0,34.0,2966.66
2022-02-26,JP,Fukuoka,pm25,432,17.0,156.0,74.0,3006.26
2022-02-26,JP,Kanazawa,pm25,255,5.0,82.0,46.0,3264.74
2022-02-26,JP,Kumamoto,pm25,380,9.0,142.0,63.0,2827.92
2022-02-26,JP,Akita,pm25,48,5.0,155.0,70.0,9193.76
2022-02-26,JP,Kochi,pm25,48,13.0,55.0,38.0,1060.99
2022-02-26,JP,Gifu-shi,pm25,160,5.0,117.0,46.0,4073.88
2022-02-26,JP,Kyoto,pm25,587,9.0,112.0,68.0,1949.95
2022-02-26,JP,Hiroshima,pm25,335,5.0,119.0,68.0,3555.93
2022-02-26,JP,Shizuoka,pm25,239,5.0,85.0,34.0,4101.76
2022-02-26,JP,Chiba,pm25,746,5.0,137.0,34.0,2864.71
2022-02-26,JP,Sapporo,pm25,214,13.0,156.0,63.0,10491.9
2022-02-26,JP,Yokohama,pm25,534,1.0,107.0,30.0,2462.32
2022-02-26,JP,Tokyo,pm25,2434,1.0,147.0,38.0,1861.82
2022-02-26,JP,Saitama,pm25,502,5.0,72.0,42.0,1568.33
2022-02-26,JP,Naha,pm25,94,5.0,50.0,9.0,1887.61
2022-02-26,JP,Nagasaki,pm25,186,13.0,85.0,55.0,1841.48
2022-02-26,JP,Toyama,pm25,156,5.0,99.0,46.0,5241.97
2022-02-26,JP,Niigata,pm25,210,5.0,76.0,38.0,2745.88
2022-02-26,JP,Nara-shi,pm25,190,30.0,99.0,63.0,1233.26
2022-02-26,JP,Okayama,pm25,288,42.0,132.0,72.0,2428.92
2022-02-26,JP,Sendai,pm25,476,5.0,80.0,42.0,1906.09
2022-02-26,JP,Osaka,pm25,1212,5.0,164.0,70.0,2785.56
2022-02-26,JP,Miyazaki,pm25,133,5.0,87.0,46.0,2857.61
2022-02-26,JP,Matsuyama,pm25,142,17.0,153.0,72.0,3015.37
2022-02-26,JP,Wakayama,pm25,261,21.0,93.0,59.0,1296.75
2022-02-26,JP,Takamatsu,pm25,240,9.0,93.0,63.0,1433.72
2022-02-26,JP,Nagoya,pm25,790,9.0,107.0,57.0,1685.32
2022-02-26,JP,Ōita,pm25,262,5.0,93.0,59.0,3867.14
2022-02-26,JP,Kobe,pm25,425,9.0,114.0,72.0,1708.3
2022-02-26,JP,Nagano,pm25,96,5.0,70.0,34.0,2044.77
2022-02-26,JP,Utsunomiya,pm25,424,5.0,82.0,38.0,2317.88
2022-02-26,JP,Kagoshima,pm25,96,17.0,65.0,46.0,940.73
2022-02-26,SK,Košice,pm25,96,30.0,107.0,55.0,2310.62
2022-02-26,SK,Bratislava,pm25,92,9.0,42.0,21.0,719.01
2022-02-26,FI,Vantaa,pm25,24,13.0,45.0,27.0,490.85
2022-02-26,FI,Turku,pm25,24,11.0,37.0,17.0,438.24
2022-02-26,FI,Helsinki,pm25,120,5.0,32.0,10.0,507.9
2022-02-26,FI,Tampere,pm25,96,5.0,48.0,9.0,1102.71
2022-02-26,ET,Addis Ababa,pm25,48,38.0,142.0,63.0,3627.97
2022-02-26,CH,Zürich,pm25,14,1.0,2.0,1.0,1.32
2022-02-26,CO,Bogotá,pm25,328,23.0,139.0,68.0,2401.8
2022-02-26,CO,Medellín,pm25,310,78.0,149.0,107.0,2252.96
2022-02-26,DK,Copenhagen,pm25,24,23.0,61.0,33.0,1066.88
2022-02-26,EC,Quito,pm25,189,1.0,124.0,51.0,7573.53
2022-02-26,GB,Edinburgh,pm25,286,10.0,40.0,22.0,460.22
2022-02-26,GB,Norwich,pm25,18,48.0,59.0,52.0,104.48
2022-02-26,GB,Liverpool,pm25,34,21.0,42.0,33.0,439.69
2022-02-26,GB,Belfast,pm25,25,21.0,30.0,25.0,110.07
2022-02-26,GB,Coventry,pm25,52,34.0,54.0,41.0,226.21
2022-02-26,GB,Leeds,pm25,40,38.0,61.0,46.0,375.12
2022-02-26,GB,Cardiff,pm25,144,25.0,89.0,50.0,2720.71
2022-02-26,GB,Bristol,pm25,63,30.0,61.0,42.0,714.15
2022-02-26,GB,London,pm25,460,2.0,102.0,50.0,2579.49
2022-02-26,GB,Birmingham,pm25,30,34.0,63.0,46.0,574.02
2022-02-26,GB,Sheffield,pm25,66,34.0,70.0,48.0,594.4
2022-02-26,GB,Newport,pm25,44,25.0,68.0,34.0,1580.15
2022-02-26,GB,Leicester,pm25,15,34.0,58.0,41.0,376.0
2022-02-26,GB,Manchester,pm25,81,28.0,91.0,51.0,2064.19
2022-02-26,GB,Reading,pm25,48,21.0,93.0,57.0,3102.98
2022-02-26,GB,Plymouth,pm25,36,25.0,59.0,46.0,758.56
2022-02-26,GB,Glasgow,pm25,571,10.0,63.0,22.0,966.15
2022-02-26,GB,Preston,pm25,35,30.0,71.0,38.0,667.28
2022-02-26,GB,Swansea,pm25,96,17.0,68.0,42.0,1626.51
2022-02-26,GB,Southend-on-Sea,pm25,42,19.0,66.0,50.0,1395.24
2022-02-26,ID,Jakarta,pm25,71,21.0,104.0,57.0,2846.52
2022-02-26,NP,Kathmandu,pm25,48,59.0,172.0,87.0,11905.2
2022-02-26,AU,Sydney,pm25,154,1.0,54.0,11.0,875.36
2022-02-26,AU,Newcastle,pm25,138,1.0,40.0,11.0,529.73
2022-02-26,AU,Launceston,pm25,80,5.0,25.0,5.0,82.53
2022-02-26,AU,Hobart,pm25,35,5.0,13.0,9.0,82.82
2022-02-26,AU,Darwin,pm25,50,1.0,30.0,14.0,783.58
2022-02-26,AU,Melbourne,pm25,148,1.0,63.0,21.0,1536.67
2022-02-26,AU,Canberra,pm25,46,1.0,60.0,14.0,2507.5
2022-02-26,AU,Adelaide,pm25,94,9.0,68.0,30.0,1471.53
2022-02-26,AU,Brisbane,pm25,129,1.0,43.0,20.0,883.18
2022-02-26,AU,Perth,pm25,91,2.0,13.0,7.0,59.17
2022-02-26,AU,Wollongong,pm25,39,1.0,51.0,12.0,1239.33
2022-02-26,CI,Abidjan,pm25,24,68.0,154.0,107.0,3901.67
2022-02-26,GH,Accra,pm25,24,68.0,151.0,102.0,5006.96
2022-02-26,IQ,Baghdad,pm25,23,42.0,560.0,154.0,158313.0
2022-02-26,IS,Reykjavík,pm25,96,4.0,45.0,26.0,651.85
2022-02-26,KG,Bishkek,pm25,24,65.0,157.0,89.0,5360.85
2022-02-26,NL,Utrecht,pm25,47,28.0,88.0,59.0,1153.57
2022-02-26,NL,Nijmegen,pm25,47,24.0,92.0,56.0,3494.22
2022-02-26,NL,Haarlem,pm25,144,1.0,80.0,42.0,3479.66
2022-02-26,NL,Eindhoven,pm25,24,48.0,97.0,63.0,1735.58
2022-02-26,NL,Rotterdam,pm25,192,32.0,80.0,54.0,1035.89
2022-02-26,NL,Amsterdam,pm25,255,2.0,82.0,43.0,2247.0
2022-02-26,NL,Dordrecht,pm25,22,31.0,84.0,59.0,1241.84
2022-02-26,NL,Breda,pm25,24,32.0,81.0,58.0,1065.8
2022-02-26,NL,Groningen,pm25,48,17.0,65.0,38.0,1109.57
2022-02-26,NL,Maastricht,pm25,95,13.0,78.0,50.0,1558.0
2022-02-26,NL,The Hague,pm25,72,18.0,68.0,49.0,1713.8
2022-02-26,PT,Lisbon,pm25,22,23.0,59.0,40.0,954.91
2022-02-26,PT,Funchal,pm25,53,1.0,30.0,16.0,632.54
2022-02-26,CA,Hamilton,pm25,78,9.0,57.0,25.0,1759.76
2022-02-26,CA,Calgary,pm25,92,2.0,55.0,11.0,1754.17
2022-02-26,CA,Winnipeg,pm25,24,21.0,36.0,32.0,163.02
2022-02-26,CA,Halifax,pm25,46,10.0,38.0,16.0,330.63
2022-02-26,CA,Kitchener,pm25,41,9.0,59.0,30.0,1992.24
2022-02-26,CA,Edmonton,pm25,138,7.0,78.0,28.0,1978.77
2022-02-26,CA,Mississauga,pm25,70,9.0,57.0,25.0,1442.4
2022-02-26,CA,Québec,pm25,173,16.0,63.0,33.0,1787.54
2022-02-26,CA,Vancouver,pm25,23,3.0,21.0,8.0,144.43
2022-02-26,CA,Victoria,pm25,46,13.0,65.0,30.0,1665.94
2022-02-26,CA,Montréal,pm25,434,12.0,72.0,31.0,1602.83
2022-02-26,CA,Toronto,pm25,126,9.0,61.0,30.0,2627.84
2022-02-26,CA,Ottawa,pm25,72,16.0,57.0,33.0,2360.09
2022-02-26,CA,London,pm25,48,9.0,55.0,30.0,1926.06
2022-02-26,US,Oklahoma City,pm25,96,41.0,96.0,60.0,1277.22
2022-02-26,US,Raleigh,pm25,68,5.0,54.0,20.0,1211.66
2022-02-26,US,Memphis,pm25,72,17.0,64.0,53.0,1570.84
2022-02-26,US,Jackson,pm25,72,6.0,65.0,40.0,2420.85
2022-02-26,US,Boston,pm25,141,5.0,61.0,25.0,1613.47
2022-02-26,US,Richmond,pm25,94,20.0,65.0,47.0,1645.64
2022-02-26,US,Portland,pm25,168,18.0,97.0,32.0,2320.24
2022-02-26,US,Boise,pm25,86,5.0,38.0,17.0,801.92
2022-02-26,US,Austin,pm25,48,13.0,61.0,46.0,1349.57
2022-02-26,US,Honolulu,pm25,62,5.0,50.0,13.0,869.08
2022-02-26,US,Fresno,pm25,47,18.0,96.0,52.0,4570.68
2022-02-26,US,Milwaukee,pm25,144,28.0,88.0,49.0,1059.76
2022-02-26,US,Hartford,pm25,48,18.0,59.0,22.0,1557.66
2022-02-26,US,Washington D.C.,pm25,92,13.0,64.0,43.0,1256.88
2022-02-26,US,Chicago,pm25,191,10.0,63.0,46.0,909.58
2022-02-26,US,Houston,pm25,47,3.0,38.0,18.0,506.9
2022-02-26,US,Indianapolis,pm25,24,33.0,66.0,40.0,1184.06
2022-02-26,US,Atlanta,pm25,23,19.0,50.0,37.0,713.16
2022-02-26,US,Charlotte,pm25,23,5.0,53.0,21.0,1573.48
2022-02-26,US,Sacramento,pm25,72,25.0,147.0,51.0,3278.3
2022-02-26,US,Oakland,pm25,119,17.0,74.0,46.0,1720.05
2022-02-26,US,Providence,pm25,44,5.0,46.0,25.0,887.8
2022-02-26,US,Staten Island,pm25,98,5.0,42.0,20.0,747.02
2022-02-26,US,Brooklyn,pm25,94,3.0,73.0,25.0,2685.52
2022-02-26,US,Springfield,pm25,72,8.0,75.0,47.0,1889.15
2022-02-26,US,The Bronx,pm25,32,10.0,32.0,20.0,316.09
2022-02-26,US,San Jose,pm25,96,9.0,78.0,42.0,2109.33
2022-02-26,US,Los Angeles,pm25,70,14.0,107.0,43.0,6360.67
2022-02-26,US,Detroit,pm25,168,20.0,64.0,46.0,989.44
2022-02-26,US,Little Rock,pm25,23,20.0,56.0,35.0,974.03
2022-02-26,US,Baltimore,pm25,48,21.0,68.0,34.0,1871.05
2022-02-26,US,Phoenix,pm25,191,4.0,96.0,46.0,3727.14
2022-02-26,US,Omaha,pm25,47,5.0,59.0,38.0,1979.77
2022-02-26,US,El Paso,pm25,93,5.0,72.0,38.0,3681.38
2022-02-26,US,Dallas,pm25,24,19.0,39.0,30.0,283.75
2022-02-26,US,Seattle,pm25,263,5.0,80.0,38.0,2879.96
2022-02-26,US,Manhattan,pm25,63,3.0,44.0,22.0,665.84
2022-02-26,US,Miami,pm25,94,17.0,30.0,22.0,69.64
2022-02-26,US,Jacksonville,pm25,144,9.0,68.0,44.0,1688.49
2022-02-26,US,San Antonio,pm25,71,2.0,62.0,34.0,2552.91
2022-02-26,US,Philadelphia,pm25,95,3.0,80.0,26.0,2745.94
2022-02-26,US,San Diego,pm25,23,2.0,65.0,35.0,3427.23
2022-02-26,US,Columbus,pm25,48,32.0,68.0,52.0,787.23
2022-02-26,US,Saint Paul,pm25,143,5.0,63.0,30.0,1932.09
2022-02-26,US,Denver,pm25,161,9.0,129.0,63.0,5780.59
2022-02-26,US,Salt Lake City,pm25,216,8.0,57.0,25.0,916.59
2022-02-26,US,Albuquerque,pm25,72,8.0,175.0,14.0,5358.77
2022-02-26,US,San Francisco,pm25,72,17.0,68.0,38.0,1563.16
2022-02-26,US,Salem,pm25,72,38.0,160.0,70.0,8500.74
2022-02-26,US,Madison,pm25,48,29.0,53.0,50.0,420.69
2022-02-26,US,Nashville,pm25,96,22.0,69.0,42.0,1379.45
2022-02-26,US,Tucson,pm25,164,9.0,70.0,30.0,2220.41
2022-02-26,US,Queens,pm25,88,3.0,38.0,24.0,371.66
2022-02-26,US,Tallahassee,pm25,72,12.0,158.0,33.0,17279.4
2022-02-26,US,Fort Worth,pm25,24,25.0,57.0,46.0,759.13
2022-02-26,RS,Novi Sad,pm25,48,21.0,67.0,50.0,1694.26
2022-02-26,RS,Niš,pm25,48,41.0,166.0,74.0,10880.0
2022-02-26,RS,Belgrade,pm25,120,24.0,127.0,60.0,4033.1
2022-02-26,CY,Nicosia,pm25,24,9.0,84.0,39.0,3505.49
2022-02-26,CY,Limassol,pm25,24,7.0,86.0,32.0,4566.5
2022-02-26,HR,Zagreb,pm25,24,22.0,88.0,37.0,4272.01
2022-02-26,HR,Rijeka,pm25,54,6.0,24.0,12.0,234.58
2022-02-26,MK,Skopje,pm25,168,9.0,188.0,91.0,16723.2
2022-02-27,GE,Tbilisi,pm25,96,16.0,131.0,24.0,7980.19
2022-02-27,HU,Győr,pm25,48,5.0,68.0,46.0,2663.4
2022-02-27,HU,Szeged,pm25,24,21.0,57.0,34.0,1323.75
2022-02-27,HU,Pécs,pm25,69,34.0,61.0,50.0,561.9
2022-02-27,HU,Kecskemét,pm25,48,38.0,70.0,59.0,814.45
2022-02-27,HU,Miskolc,pm25,80,21.0,154.0,50.0,8483.1
2022-02-27,HU,Budapest,pm25,346,13.0,74.0,50.0,1429.52
2022-02-27,JP,Fukuoka,pm25,428,5.0,163.0,61.0,8372.23
2022-02-27,JP,Kanazawa,pm25,258,5.0,85.0,42.0,2379.03
2022-02-27,JP,Kumamoto,pm25,235,5.0,153.0,68.0,7073.2
2022-02-27,JP,Akita,pm25,46,9.0,142.0,55.0,8538.75
2022-02-27,JP,Kochi,pm25,48,34.0,78.0,55.0,1479.29
2022-02-27,JP,Gifu-shi,pm25,179,5.0,137.0,38.0,3622.62
2022-02-27,JP,Kyoto,pm25,588,9.0,102.0,59.0,2790.57
2022-02-27,JP,Hiroshima,pm25,330,17.0,132.0,63.0,2786.81
2022-02-27,JP,Shizuoka,pm25,258,5.0,95.0,38.0,2784.02
2022-02-27,JP,Chiba,pm25,743,5.0,262.0,46.0,5783.5
2022-02-27,JP,Sapporo,pm25,212,9.0,151.0,50.0,11237.8
2022-02-27,JP,Yokohama,pm25,538,1.0,91.0,38.0,2555.85
2022-02-27,JP,Tokyo,pm25,2426,1.0,154.0,46.0,2816.91
2022-02-27,JP,Saitama,pm25,499,5.0,107.0,46.0,3409.23
2022-02-27,JP,Naha,pm25,69,5.0,63.0,9.0,3117.43
2022-02-27,JP,Nagasaki,pm25,190,5.0,158.0,55.0,9766.47
2022-02-27,JP,Toyama,pm25,168,9.0,99.0,46.0,1993.26
2022-02-27,JP,Niigata,pm25,215,5.0,76.0,46.0,2090.96
2022-02-27,JP,Nara-shi,pm25,190,9.0,76.0,57.0,1446.17
2022-02-27,JP,Okayama,pm25,226,9.0,129.0,63.0,4713.44
2022-02-27,JP,Sendai,pm25,458,5.0,80.0,46.0,3604.71
2022-02-27,JP,Osaka,pm25,1227,5.0,142.0,59.0,3930.88
2022-02-27,JP,Miyazaki,pm25,143,9.0,107.0,59.0,2501.0
2022-02-27,JP,Matsuyama,pm25,144,5.0,117.0,65.0,4499.76
2022-02-27,JP,Wakayama,pm25,260,5.0,93.0,57.0,1455.57
2022-02-27,JP,Takamatsu,pm25,239,17.0,107.0,57.0,1685.04
2022-02-27,JP,Nagoya,pm25,790,9.0,93.0,46.0,2230.26
2022-02-27,JP,Ōita,pm25,263,5.0,134.0,59.0,4648.02
2022-02-27,JP,Kobe,pm25,431,9.0,102.0,65.0,3099.6
2022-02-27,JP,Nagano,pm25,96,5.0,91.0,38.0,2704.0
2022-02-27,JP,Utsunomiya,pm25,420,5.0,63.0,42.0,2183.23
2022-02-27,JP,Kagoshima,pm25,90,21.0,119.0,55.0,2804.55
2022-02-27,SK,Košice,pm25,95,21.0,129.0,63.0,4616.91
2022-02-27,SK,Bratislava,pm25,96,25.0,70.0,50.0,1224.12
2022-02-27,FI,Vantaa,pm25,24,6.0,65.0,18.0,3118.68
2022-02-27,FI,Turku,pm25,24,2.0,33.0,14.0,423.41
2022-02-27,FI,Helsinki,pm25,119,8.0,32.0,15.0,338.16
2022-02-27,FI,Tampere,pm25,96,5.0,45.0,13.0,331.05
2022-02-27,ET,Addis Ababa,pm25,46,53.0,151.0,72.0,4156.37
2022-02-27,CH,Zürich,pm25,10,1.0,2.0,1.0,2.33
2022-02-27,CO,Bogotá,pm25,310,5.0,127.0,61.0,4453.34
2022-02-27,CO,Medellín,pm25,352,65.0,129.0,89.0,1354.15
2022-02-27,DK,Copenhagen,pm25,24,11.0,46.0,28.0,986.01
2022-02-27,EC,Quito,pm25,191,2.0,154.0,43.0,7252.96
2022-02-27,GB,Edinburgh,pm25,288,16.0,56.0,27.0,499.9
2022-02-27,GB,Norwich,pm25,14,34.0,51.0,38.0,282.86
2022-02-27,GB,Liverpool,pm25,43,21.0,53.0,38.0,763.02
2022-02-27,GB,Belfast,pm25,71,25.0,50.0,38.0,453.74
2022-02-27,GB,Coventry,pm25,61,30.0,42.0,34.0,72.19
2022-02-27,GB,Leeds,pm25,40,38.0,61.0,46.0,318.15
2022-02-27,GB,Cardiff,pm25,144,30.0,65.0,53.0,705.82
2022-02-27,GB,Bristol,pm25,71,21.0,74.0,38.0,1460.84
2022-02-27,GB,London,pm25,443,5.0,87.0,37.0,1401.97
2022-02-27,GB,Birmingham,pm25,47,34.0,45.0,37.0,70.27
2022-02-27,GB,Sheffield,pm25,85,34.0,151.0,40.0,2256.76
2022-02-27,GB,Newport,pm25,46,30.0,53.0,38.0,409.05
2022-02-27,GB,Leicester,pm25,22,30.0,38.0,31.0,79.57
2022-02-27,GB,Manchester,pm25,75,28.0,53.0,40.0,360.13
2022-02-27,GB,Reading,pm25,48,21.0,63.0,34.0,1754.04
2022-02-27,GB,Plymouth,pm25,38,13.0,52.0,30.0,1562.45
2022-02-27,GB,Glasgow,pm25,564,20.0,64.0,37.0,339.63
2022-02-27,GB,Preston,pm25,46,30.0,50.0,39.0,248.97
2022-02-27,GB,Swansea,pm25,96,21.0,72.0,50.0,1060.61
2022-02-27,GB,Southend-on-Sea,pm25,37,23.0,129.0,38.0,2907.42
2022-02-27,ID,Jakarta,pm25,71,17.0,96.0,46.0,2211.8
2022-02-27,NP,Kathmandu,pm25,48,55.0,176.0,109.0,15412.0
2022-02-27,AU,Sydney,pm25,138,1.0,48.0,10.0,793.55
2022-02-27,AU,Newcastle,pm25,131,1.0,45.0,15.0,719.44
2022-02-27,AU,Launceston,pm25,70,5.0,21.0,5.0,59.93
2022-02-27,AU,Hobart,pm25,37,5.0,13.0,9.0,95.86
2022-02-27,AU,Darwin,pm25,34,15.0,44.0,29.0,792.87
2022-02-27,AU,Melbourne,pm25,146,1.0,56.0,17.0,1852.86
2022-02-27,AU,Canberra,pm25,46,1.0,58.0,10.0,1698.56
2022-02-27,AU,Adelaide,pm25,94,13.0,77.0,30.0,1501.5
2022-02-27,AU,Brisbane,pm25,108,2.0,51.0,7.0,805.93
2022-02-27,AU,Perth,pm25,81,2.0,11.0,5.0,51.49
2022-02-27,AU,Wollongong,pm25,40,1.0,38.0,10.0,787.38
2022-02-27,CI,Abidjan,pm25,24,70.0,109.0,93.0,556.79
2022-02-27,GH,Accra,pm25,24,93.0,144.0,112.0,1957.39
2022-02-27,IQ,Baghdad,pm25,24,30.0,132.0,80.0,8011.88
2022-02-27,IS,Reykjavík,pm25,93,1.0,20.0,9.0,161.64
2022-02-27,KG,Bishkek,pm25,24,70.0,172.0,95.0,9500.22
2022-02-27,NL,Utrecht,pm25,48,22.0,89.0,54.0,2253.83
2022-02-27,NL,Nijmegen,pm25,47,12.0,74.0,52.0,1969.98
2022-02-27,NL,Haarlem,pm25,143,10.0,92.0,51.0,3580.54
2022-02-27,NL,Eindhoven,pm25,24,32.0,84.0,52.0,1992.75
2022-02-27,NL,Rotterdam,pm25,192,18.0,85.0,40.0,3289.48
2022-02-27,NL,Amsterdam,pm25,240,10.0,85.0,45.0,2076.15
2022-02-27,NL,Dordrecht,pm25,24,31.0,99.0,50.0,3861.72
2022-02-27,NL,Breda,pm25,24,18.0,80.0,52.0,2238.1
2022-02-27,NL,Groningen,pm25,48,21.0,68.0,50.0,1433.61
2022-02-27,NL,Maastricht,pm25,93,5.0,65.0,38.0,2231.43
2022-02-27,NL,The Hague,pm25,72,19.0,78.0,39.0,2900.74
2022-02-27,PT,Lisbon,pm25,21,19.0,47.0,35.0,820.9
2022-02-27,PT,Funchal,pm25,52,1.0,27.0,14.0,467.22
2022-02-27,CA,Hamilton,pm25,93,5.0,55.0,34.0,2524.18
2022-02-27,CA,Calgary,pm25,82,1.0,30.0,5.0,394.37
2022-02-27,CA,Winnipeg,pm25,23,12.0,18.0,13.0,23.56
2022-02-27,CA,Halifax,pm25,35,16.0,39.0,20.0,434.82
2022-02-27,CA,Kitchener,pm25,45,9.0,53.0,30.0,1965.22
2022-02-27,CA,Edmonton,pm25,138,20.0,66.0,39.0,1275.8
2022-02-27,CA,Mississauga,pm25,57,9.0,59.0,38.0,3213.27
2022-02-27,CA,Québec,pm25,184,16.0,62.0,35.0,1870.33
2022-02-27,CA,Vancouver,pm25,21,1.0,19.0,5.0,216.48
2022-02-27,CA,Victoria,pm25,42,5.0,46.0,17.0,974.27
2022-02-27,CA,Montréal,pm25,450,9.0,74.0,41.0,2298.97
2022-02-27,CA,Toronto,pm25,109,5.0,61.0,34.0,3583.52
2022-02-27,CA,Ottawa,pm25,56,18.0,60.0,33.0,2047.88
2022-02-27,CA,London,pm25,46,9.0,57.0,38.0,1739.87
2022-02-27,US,Oklahoma City,pm25,96,27.0,116.0,56.0,2622.37
2022-02-27,US,Raleigh,pm25,71,9.0,61.0,34.0,1954.42
2022-02-27,US,Memphis,pm25,70,5.0,67.0,51.0,1600.04
2022-02-27,US,Jackson,pm25,72,1.0,60.0,23.0,3820.66
2022-02-27,US,Boston,pm25,128,5.0,70.0,34.0,1724.41
2022-02-27,US,Richmond,pm25,96,24.0,66.0,40.0,1373.61
2022-02-27,US,Portland,pm25,167,7.0,63.0,23.0,1598.4
2022-02-27,US,Boise,pm25,89,9.0,30.0,17.0,440.95
2022-02-27,US,Austin,pm25,47,5.0,70.0,38.0,2411.63
2022-02-27,US,Honolulu,pm25,66,5.0,57.0,21.0,1581.5
2022-02-27,US,Fresno,pm25,48,21.0,110.0,57.0,3824.26
2022-02-27,US,Milwaukee,pm25,144,16.0,103.0,47.0,1982.91
2022-02-27,US,Hartford,pm25,48,11.0,57.0,45.0,2103.24
2022-02-27,US,Washington D.C.,pm25,95,5.0,72.0,30.0,3448.86
2022-02-27,US,Chicago,pm25,191,22.0,77.0,44.0,1391.22
2022-02-27,US,Houston,pm25,44,3.0,52.0,18.0,1853.67
2022-02-27,US,Indianapolis,pm25,24,38.0,72.0,57.0,708.1
2022-02-27,US,Atlanta,pm25,24,24.0,68.0,51.0,1296.79
2022-02-27,US,Charlotte,pm25,24,5.0,55.0,34.0,2080.87
2022-02-27,US,Sacramento,pm25,59,7.0,112.0,53.0,6203.94
2022-02-27,US,Oakland,pm25,119,21.0,76.0,55.0,1218.18
2022-02-27,US,Providence,pm25,45,9.0,53.0,21.0,1237.95
2022-02-27,US,Staten Island,pm25,120,9.0,76.0,35.0,1897.8
2022-02-27,US,Brooklyn,pm25,130,1.0,55.0,36.0,1951.13
2022-02-27,US,Springfield,pm25,70,5.0,78.0,48.0,1653.23
2022-02-27,US,The Bronx,pm25,48,9.0,46.0,29.0,1044.82
2022-02-27,US,San Jose,pm25,96,17.0,99.0,53.0,2029.63
2022-02-27,US,Los Angeles,pm25,71,5.0,110.0,29.0,7510.52
2022-02-27,US,Detroit,pm25,168,17.0,77.0,51.0,1066.91
2022-02-27,US,Little Rock,pm25,23,21.0,65.0,33.0,1780.79
2022-02-27,US,Baltimore,pm25,47,13.0,78.0,42.0,4211.14
2022-02-27,US,Phoenix,pm25,166,1.0,103.0,18.0,3624.65
2022-02-27,US,Omaha,pm25,43,5.0,42.0,21.0,1251.58
2022-02-27,US,El Paso,pm25,152,5.0,105.0,28.0,2214.03
2022-02-27,US,Dallas,pm25,24,11.0,38.0,30.0,790.85
2022-02-27,US,Seattle,pm25,239,3.0,74.0,17.0,1728.66
2022-02-27,US,Manhattan,pm25,71,6.0,49.0,30.0,1080.16
2022-02-27,US,Miami,pm25,94,14.0,27.0,20.0,93.7
2022-02-27,US,Jacksonville,pm25,144,14.0,61.0,36.0,1025.66
2022-02-27,US,San Antonio,pm25,70,1.0,83.0,21.0,2830.89
2022-02-27,US,Philadelphia,pm25,96,9.0,92.0,47.0,3355.96
2022-02-27,US,San Diego,pm25,23,3.0,81.0,30.0,4209.92
2022-02-27,US,Columbus,pm25,48,17.0,62.0,44.0,1264.47
2022-02-27,US,Saint Paul,pm25,144,5.0,61.0,34.0,2075.83
2022-02-27,US,Denver,pm25,149,5.0,95.0,30.0,5557.65
2022-02-27,US,Salt Lake City,pm25,216,20.0,72.0,45.0,905.46
2022-02-27,US,Albuquerque,pm25,72,8.0,52.0,15.0,937.81
2022-02-27,US,San Francisco,pm25,72,17.0,117.0,46.0,1734.01
2022-02-27,US,Salem,pm25,72,8.0,155.0,10.0,6961.31
2022-02-27,US,Madison,pm25,48,23.0,62.0,41.0,699.13
2022-02-27,US,Nashville,pm25,95,5.0,66.0,27.0,1697.46
2022-02-27,US,Tucson,pm25,151,5.0,78.0,21.0,3367.09
2022-02-27,US,Queens,pm25,96,5.0,48.0,31.0,939.92
2022-02-27,US,Tallahassee,pm25,68,37.0,181.0,102.0,18349.6
2022-02-27,US,Fort Worth,pm25,22,5.0,63.0,38.0,2869.89
2022-02-27,RS,Novi Sad,pm25,48,38.0,90.0,59.0,1200.43
2022-02-27,RS,Niš,pm25,48,33.0,156.0,51.0,7516.58
2022-02-27,RS,Belgrade,pm25,120,31.0,91.0,55.0,1668.78
2022-02-27,CY,Nicosia,pm25,24,32.0,73.0,51.0,1302.16
2022-02-27,CY,Limassol,pm25,24,23.0,73.0,51.0,2145.14
2022-02-27,HR,Zagreb,pm25,24,37.0,72.0,62.0,769.57
2022-02-27,HR,Rijeka,pm25,54,21.0,53.0,37.0,746.22
2022-02-27,MK,Skopje,pm25,168,8.0,130.0,59.0,7910.98
2022-02-28,GE,Tbilisi,pm25,96,20.0,117.0,51.0,5227.57
2022-02-28,HU,Győr,pm25,46,9.0,89.0,53.0,2814.18
2022-02-28,HU,Szeged,pm25,23,21.0,55.0,42.0,1154.74
2022-02-28,HU,Pécs,pm25,63,25.0,61.0,50.0,964.01
2022-02-28,HU,Kecskemét,pm25,48,38.0,70.0,53.0,850.21
2022-02-28,HU,Miskolc,pm25,115,21.0,104.0,46.0,2132.66
2022-02-28,HU,Budapest,pm25,332,21.0,72.0,42.0,1276.22
2022-02-28,JP,Fukuoka,pm25,422,5.0,127.0,46.0,2543.05
2022-02-28,JP,Kanazawa,pm25,254,5.0,76.0,38.0,2192.9
2022-02-28,JP,Kumamoto,pm25,32,9.0,85.0,50.0,3134.02
2022-02-28,JP,Akita,pm25,46,17.0,93.0,42.0,1870.32
2022-02-28,JP,Kochi,pm25,48,13.0,63.0,38.0,1358.87
2022-02-28,JP,Gifu-shi,pm25,176,5.0,80.0,42.0,3049.71
2022-02-28,JP,Kyoto,pm25,591,5.0,93.0,53.0,1689.35
2022-02-28,JP,Hiroshima,pm25,309,5.0,72.0,42.0,2143.53
2022-02-28,JP,Shizuoka,pm25,248,5.0,82.0,30.0,1867.23
2022-02-28,JP,Chiba,pm25,755,5.0,124.0,34.0,2985.03
2022-02-28,JP,Sapporo,pm25,211,5.0,59.0,30.0,1265.08
2022-02-28,JP,Yokohama,pm25,528,1.0,82.0,30.0,2355.16
2022-02-28,JP,Tokyo,pm25,2466,1.0,102.0,34.0,1825.5
2022-02-28,JP,Saitama,pm25,497,5.0,109.0,34.0,1613.55
2022-02-28,JP,Naha,pm25,94,5.0,74.0,13.0,3984.54
2022-02-28,JP,Nagasaki,pm25,179,5.0,89.0,38.0,1611.1
2022-02-28,JP,Toyama,pm25,166,5.0,76.0,42.0,1983.64
2022-02-28,JP,Niigata,pm25,214,13.0,80.0,42.0,1417.55
2022-02-28,JP,Nara-shi,pm25,186,5.0,68.0,46.0,1642.58
2022-02-28,JP,Okayama,pm25,287,13.0,124.0,59.0,1828.41
2022-02-28,JP,Sendai,pm25,468,5.0,63.0,34.0,2110.17
2022-02-28,JP,Osaka,pm25,1170,5.0,107.0,50.0,2515.48
2022-02-28,JP,Miyazaki,pm25,142,5.0,104.0,59.0,2308.25
2022-02-28,JP,Matsuyama,pm25,148,9.0,87.0,55.0,2486.67
2022-02-28,JP,Wakayama,pm25,250,5.0,80.0,50.0,1426.26
2022-02-28,JP,Takamatsu,pm25,237,9.0,117.0,53.0,1910.16
2022-02-28,JP,Nagoya,pm25,791,13.0,91.0,46.0,1321.49
2022-02-28,JP,Ōita,pm25,251,5.0,70.0,42.0,2249.82
2022-02-28,JP,Kobe,pm25,426,5.0,109.0,55.0,2175.09
2022-02-28,JP,Nagano,pm25,96,5.0,74.0,42.0,2166.09
2022-02-28,JP,Utsunomiya,pm25,416,5.0,61.0,38.0,1570.03
2022-02-28,JP,Kagoshima,pm25,96,42.0,76.0,59.0,589.47
2022-02-28,SK,Košice,pm25,91,13.0,93.0,38.0,3767.49
2022-02-28,SK,Bratislava,pm25,95,25.0,72.0,53.0,1701.51
2022-02-28,FI,Vantaa,pm25,24,6.0,40.0,21.0,1131.01
2022-02-28,FI,Turku,pm25,24,5.0,29.0,13.0,367.83
2022-02-28,FI,Helsinki,pm25,120,10.0,34.0,18.0,274.28
2022-02-28,FI,Tampere,pm25,96,8.0,43.0,15.0,208.17
2022-02-28,ET,Addis Ababa,pm25,44,42.0,151.0,70.0,5092.37
2022-02-28,CH,Zürich,pm25,20,2.0,4.0,2.0,3.68
2022-02-28,CO,Bogotá,pm25,309,5.0,117.0,57.0,4312.78
2022-02-28,CO,Medellín,pm25,357,46.0,99.0,72.0,907.86
2022-02-28,DK,Copenhagen,pm25,24,7.0,49.0,37.0,1572.16
2022-02-28,EC,Quito,pm25,190,1.0,109.0,44.0,6093.84
2022-02-28,GB,Edinburgh,pm25,286,1.0,51.0,19.0,1354.69
2022-02-28,GB,Norwich,pm25,24,34.0,59.0,47.0,553.46
2022-02-28,GB,Liverpool,pm25,39,30.0,61.0,42.0,614.14
2022-02-28,GB,Belfast,pm25,51,21.0,51.0,34.0,497.32
2022-02-28,GB,Coventry,pm25,49,19.0,61.0,44.0,851.25
2022-02-28,GB,Leeds,pm25,40,30.0,70.0,53.0,572.51
2022-02-28,GB,Cardiff,pm25,144,13.0,70.0,42.0,1816.07
2022-02-28,GB,Bristol,pm25,67,9.0,59.0,30.0,1786.12
2022-02-28,GB,London,pm25,447,12.0,107.0,46.0,1642.51
2022-02-28,GB,Birmingham,pm25,39,34.0,55.0,43.0,334.83
2022-02-28,GB,Sheffield,pm25,71,38.0,65.0,48.0,518.25
2022-02-28,GB,Newport,pm25,48,4.0,51.0,21.0,1766.95
2022-02-28,GB,Leicester,pm25,22,42.0,60.0,46.0,317.66
2022-02-28,GB,Manchester,pm25,83,21.0,57.0,46.0,1150.07
2022-02-28,GB,Reading,pm25,48,25.0,61.0,38.0,983.24
2022-02-28,GB,Plymouth,pm25,33,9.0,51.0,34.0,1637.8
2022-02-28,GB,Glasgow,pm25,562,1.0,49.0,22.0,1497.45
2022-02-28,GB,Preston,pm25,41,20.0,57.0,45.0,905.8
2022-02-28,GB,Swansea,pm25,94,13.0,70.0,38.0,2257.08
2022-02-28,GB,Southend-on-Sea,pm25,48,39.0,95.0,52.0,944.96
2022-02-28,ID,Jakarta,pm25,71,17.0,190.0,55.0,5832.08
2022-02-28,NP,Kathmandu,pm25,48,68.0,185.0,124.0,10365.1
2022-02-28,AU,Sydney,pm25,149,1.0,60.0,13.0,1017.41
2022-02-28,AU,Newcastle,pm25,138,1.0,58.0,16.0,1524.44
2022-02-28,AU,Launceston,pm25,46,5.0,13.0,5.0,34.94
2022-02-28,AU,Hobart,pm25,59,5.0,21.0,9.0,153.74
2022-02-28,AU,Darwin,pm25,48,7.0,43.0,30.0,1428.79
2022-02-28,AU,Melbourne,pm25,161,1.0,83.0,25.0,2943.66
2022-02-28,AU,Canberra,pm25,58,1.0,75.0,17.0,2198.88
2022-02-28,AU,Adelaide,pm25,91,3.0,76.0,30.0,2302.32
2022-02-28,AU,Brisbane,pm25,91,2.0,28.0,6.0,419.33
2022-02-28,AU,Perth,pm25,92,4.0,16.0,8.0,62.82
2022-02-28,AU,Wollongong,pm25,39,1.0,57.0,13.0,2086.17
2022-02-28,CI,Abidjan,pm25,24,76.0,147.0,104.0,3858.68
2022-02-28,GH,Accra,pm25,24,78.0,149.0,99.0,2688.24
2022-02-28,IQ,Baghdad,pm25,24,42.0,170.0,72.0,13459.5
2022-02-28,IS,Reykjavík,pm25,88,1.0,30.0,11.0,308.84
2022-02-28,KG,Bishkek,pm25,24,59.0,165.0,91.0,11910.0
2022-02-28,NL,Utrecht,pm25,48,32.0,85.0,56.0,1268.35
2022-02-28,NL,Nijmegen,pm25,48,23.0,73.0,51.0,1315.73
2022-02-28,NL,Haarlem,pm25,142,2.0,119.0,48.0,3029.22
2022-02-28,NL,Eindhoven,pm25,24,39.0,75.0,57.0,654.77
2022-02-28,NL,Rotterdam,pm25,179,32.0,79.0,49.0,1093.92
2022-02-28,NL,Amsterdam,pm25,247,18.0,177.0,48.0,2422.11
2022-02-28,NL,Dordrecht,pm25,24,39.0,84.0,54.0,1201.45
2022-02-28,NL,Breda,pm25,24,37.0,90.0,55.0,1553.89
2022-02-28,NL,Groningen,pm25,48,34.0,68.0,52.0,568.61
2022-02-28,NL,Maastricht,pm25,94,5.0,76.0,46.0,2876.01
2022-02-28,NL,The Hague,pm25,72,24.0,84.0,50.0,1103.1
2022-02-28,PT,Lisbon,pm25,34,13.0,43.0,28.0,699.58
2022-02-28,PT,Funchal,pm25,59,1.0,23.0,15.0,438.2
2022-02-28,CA,Hamilton,pm25,75,9.0,34.0,21.0,284.86
2022-02-28,CA,Calgary,pm25,84,1.0,100.0,29.0,12847.2
2022-02-28,CA,Winnipeg,pm25,24,13.0,18.0,15.0,16.45
2022-02-28,CA,Halifax,pm25,38,15.0,36.0,22.0,243.04
2022-02-28,CA,Kitchener,pm25,41,5.0,34.0,13.0,493.26
2022-02-28,CA,Edmonton,pm25,138,28.0,107.0,70.0,3455.45
2022-02-28,CA,Mississauga,pm25,57,13.0,38.0,21.0,364.03
2022-02-28,CA,Québec,pm25,174,12.0,61.0,27.0,1358.12
2022-02-28,CA,Vancouver,pm25,19,1.0,28.0,8.0,736.9
2022-02-28,CA,Victoria,pm25,44,5.0,34.0,13.0,504.8
2022-02-28,CA,Montréal,pm25,405,6.0,81.0,30.0,1739.89
2022-02-28,CA,Toronto,pm25,114,5.0,57.0,17.0,739.63
2022-02-28,CA,Ottawa,pm25,53,16.0,33.0,22.0,215.93
2022-02-28,CA,London,pm25,38,9.0,25.0,13.0,125.29
2022-02-28,US,Oklahoma City,pm25,94,23.0,67.0,38.0,955.17
2022-02-28,US,Raleigh,pm25,71,5.0,161.0,21.0,6990.6
2022-02-28,US,Memphis,pm25,69,7.0,65.0,40.0,2040.12
2022-02-28,US,Jackson,pm25,72,2.0,71.0,33.0,3908.38
2022-02-28,US,Boston,pm25,134,5.0,74.0,25.0,1730.06
2022-02-28,US,Richmond,pm25,96,24.0,52.0,36.0,620.24
2022-02-28,US,Portland,pm25,156,5.0,43.0,7.0,284.97
2022-02-28,US,Boise,pm25,89,9.0,55.0,25.0,870.05
2022-02-28,US,Austin,pm25,47,5.0,65.0,34.0,2837.26
2022-02-28,US,Honolulu,pm25,67,5.0,53.0,17.0,841.0
2022-02-28,US,Fresno,pm25,48,24.0,68.0,48.0,969.29
2022-02-28,US,Milwaukee,pm25,144,14.0,78.0,54.0,1568.94
2022-02-28,US,Hartford,pm25,47,11.0,25.0,16.0,80.4
2022-02-28,US,Washington D.C.,pm25,111,9.0,55.0,34.0,1371.97
2022-02-28,US,Chicago,pm25,197,15.0,78.0,49.0,1564.62
2022-02-28,US,Houston,pm25,48,10.0,84.0,42.0,2247.34
2022-02-28,US,Indianapolis,pm25,24,33.0,108.0,60.0,5300.85
2022-02-28,US,Atlanta,pm25,23,19.0,36.0,25.0,248.46
2022-02-28,US,Charlotte,pm25,24,5.0,42.0,21.0,1051.29
2022-02-28,US,Sacramento,pm25,71,10.0,117.0,42.0,4714.9
2022-02-28,US,Oakland,pm25,118,9.0,74.0,38.0,2249.45
2022-02-28,US,Providence,pm25,37,5.0,25.0,9.0,254.41
2022-02-28,US,Staten Island,pm25,114,2.0,48.0,21.0,1001.11
2022-02-28,US,Brooklyn,pm25,125,1.0,55.0,23.0,1072.24
2022-02-28,US,Springfield,pm25,72,10.0,69.0,42.0,2244.19
2022-02-28,US,The Bronx,pm25,48,13.0,34.0,21.0,308.86
2022-02-28,US,San Jose,pm25,96,9.0,82.0,50.0,2683.96
2022-02-28,US,Los Angeles,pm25,71,7.0,101.0,49.0,5317.94
2022-02-28,US,Detroit,pm25,145,9.0,57.0,24.0,880.09
2022-02-28,US,Little Rock,pm25,22,8.0,63.0,45.0,2948.31
2022-02-28,US,Baltimore,pm25,47,13.0,57.0,25.0,1339.05
2022-02-28,US,Phoenix,pm25,147,1.0,123.0,30.0,5527.23
2022-02-28,US,Omaha,pm25,40,5.0,55.0,17.0,1379.59
2022-02-28,US,El Paso,pm25,164,9.0,57.0,25.0,1066.93
2022-02-28,US,Dallas,pm25,24,8.0,87.0,28.0,4426.79
2022-02-28,US,Seattle,pm25,219,1.0,46.0,13.0,802.02
2022-02-28,US,Manhattan,pm25,68,3.0,35.0,22.0,626.91
2022-02-28,US,Miami,pm25,93,13.0,53.0,28.0,918.58
2022-02-28,US,Jacksonville,pm25,144,14.0,70.0,41.0,2073.6
2022-02-28,US,San Antonio,pm25,53,3.0,135.0,30.0,5182.16
2022-02-28,US,Philadelphia,pm25,92,3.0,57.0,25.0,1340.9
2022-02-28,US,San Diego,pm25,23,1.0,61.0,36.0,3386.13
2022-02-28,US,Columbus,pm25,48,23.0,59.0,43.0,857.44
2022-02-28,US,Saint Paul,pm25,137,5.0,102.0,42.0,4769.2
2022-02-28,US,Denver,pm25,154,5.0,59.0,25.0,1602.51
2022-02-28,US,Salt Lake City,pm25,216,17.0,87.0,56.0,1680.78
2022-02-28,US,Albuquerque,pm25,70,8.0,120.0,17.0,4116.73
2022-02-28,US,San Francisco,pm25,69,9.0,55.0,30.0,1484.86
2022-02-28,US,Salem,pm25,70,6.0,11.0,7.0,10.0
2022-02-28,US,Madison,pm25,48,30.0,55.0,48.0,765.51
2022-02-28,US,Nashville,pm25,96,11.0,86.0,34.0,1763.68
2022-02-28,US,Tucson,pm25,155,5.0,59.0,25.0,1552.78
2022-02-28,US,Queens,pm25,96,8.0,57.0,26.0,1035.93
2022-02-28,US,Tallahassee,pm25,69,13.0,62.0,41.0,1018.01
2022-02-28,US,Fort Worth,pm25,22,5.0,72.0,25.0,3222.53
2022-02-28,RS,Novi Sad,pm25,37,45.0,93.0,59.0,1358.24
2022-02-28,RS,Niš,pm25,48,15.0,142.0,47.0,7685.7
2022-02-28,RS,Belgrade,pm25,120,46.0,153.0,72.0,4383.24
2022-02-28,CY,Nicosia,pm25,24,28.0,77.0,52.0,1797.81
2022-02-28,CY,Limassol,pm25,24,18.0,62.0,39.0,1931.3
2022-02-28,HR,Zagreb,pm25,23,49.0,74.0,58.0,343.56
2022-02-28,HR,Rijeka,pm25,55,29.0,64.0,53.0,1007.19
2022-02-28,MK,Skopje,pm25,167,1.0,126.0,32.0,5771.67
2022-03-01,GE,Tbilisi,pm25,96,69.0,157.0,95.0,8328.42
2022-03-01,HU,Győr,pm25,47,5.0,95.0,53.0,3812.89
2022-03-01,HU,Szeged,pm25,21,17.0,61.0,42.0,1802.9
2022-03-01,HU,Pécs,pm25,69,38.0,93.0,50.0,2096.13
2022-03-01,HU,Kecskemét,pm25,46,34.0,63.0,50.0,648.58
2022-03-01,HU,Miskolc,pm25,118,21.0,127.0,46.0,4951.92
2022-03-01,HU,Budapest,pm25,316,9.0,87.0,42.0,1891.11
2022-03-01,JP,Fukuoka,pm25,423,9.0,99.0,53.0,1515.29
2022-03-01,JP,Kanazawa,pm25,242,5.0,76.0,30.0,2612.06
2022-03-01,JP,Kumamoto,pm25,90,5.0,102.0,63.0,3384.51
2022-03-01,JP,Akita,pm25,47,5.0,89.0,38.0,2431.54
2022-03-01,JP,Kochi,pm25,48,13.0,63.0,38.0,1717.0
2022-03-01,JP,Gifu-shi,pm25,168,5.0,87.0,38.0,3712.31
2022-03-01,JP,Kyoto,pm25,569,17.0,104.0,59.0,1810.74
2022-03-01,JP,Hiroshima,pm25,313,5.0,97.0,42.0,3216.38
2022-03-01,JP,Shizuoka,pm25,243,5.0,87.0,34.0,1886.31
2022-03-01,JP,Chiba,pm25,780,5.0,163.0,53.0,4488.0
2022-03-01,JP,Sapporo,pm25,202,5.0,61.0,34.0,1800.3
2022-03-01,JP,Yokohama,pm25,542,1.0,129.0,46.0,3069.96
2022-03-01,JP,Tokyo,pm25,2587,1.0,161.0,57.0,2277.83
2022-03-01,JP,Saitama,pm25,501,17.0,93.0,55.0,1708.76
2022-03-01,JP,Naha,pm25,59,5.0,38.0,17.0,911.2
2022-03-01,JP,Nagasaki,pm25,186,13.0,91.0,50.0,1781.24
2022-03-01,JP,Toyama,pm25,165,5.0,134.0,34.0,3452.13
2022-03-01,JP,Niigata,pm25,209,5.0,70.0,42.0,2163.54
2022-03-01,JP,Nara-shi,pm25,190,13.0,91.0,55.0,1990.25
2022-03-01,JP,Okayama,pm25,286,25.0,151.0,65.0,2078.87
2022-03-01,JP,Sendai,pm25,430,5.0,89.0,42.0,2143.04
2022-03-01,JP,Osaka,pm25,825,5.0,93.0,55.0,2112.61
2022-03-01,JP,Miyazaki,pm25,143,5.0,173.0,57.0,6192.19
2022-03-01,JP,Matsuyama,pm25,158,5.0,109.0,50.0,4949.51
2022-03-01,JP,Wakayama,pm25,215,17.0,97.0,50.0,2068.12
2022-03-01,JP,Takamatsu,pm25,239,9.0,93.0,57.0,2102.04
2022-03-01,JP,Nagoya,pm25,596,17.0,153.0,57.0,2115.49
2022-03-01,JP,Ōita,pm25,253,5.0,82.0,46.0,2609.03
2022-03-01,JP,Kobe,pm25,420,9.0,182.0,61.0,2412.76
2022-03-01,JP,Nagano,pm25,94,13.0,95.0,42.0,3125.84
2022-03-01,JP,Utsunomiya,pm25,414,5.0,76.0,46.0,1434.64
2022-03-01,JP,Kagoshima,pm25,96,25.0,178.0,63.0,5277.05
2022-03-01,SK,Košice,pm25,96,13.0,99.0,50.0,3992.03
2022-03-01,SK,Bratislava,pm25,96,25.0,74.0,61.0,1426.79
2022-03-01,FI,Vantaa,pm25,24,9.0,36.0,22.0,826.88
2022-03-01,FI,Turku,pm25,24,9.0,35.0,19.0,468.62
2022-03-01,FI,Helsinki,pm25,120,9.0,40.0,22.0,466.2
2022-03-01,FI,Tampere,pm25,56,1.0,39.0,23.0,561.09
2022-03-01,ET,Addis Ababa,pm25,48,46.0,152.0,65.0,4574.88
2022-03-01,CH,Zürich,pm25,18,2.0,5.0,3.0,6.18
2022-03-01,CO,Bogotá,pm25,294,5.0,102.0,33.0,3487.16
2022-03-01,CO,Medellín,pm25,331,25.0,90.0,65.0,1129.93
2022-03-01,DK,Copenhagen,pm25,24,26.0,60.0,52.0,969.78
2022-03-01,EC,Quito,pm25,146,1.0,136.0,40.0,6110.01
2022-03-01,GB,Edinburgh,pm25,288,7.0,69.0,28.0,1084.71
2022-03-01,GB,Norwich,pm25,21,46.0,92.0,55.0,1330.48
2022-03-01,GB,Liverpool,pm25,42,17.0,43.0,25.0,396.65
2022-03-01,GB,Belfast,pm25,58,28.0,60.0,42.0,386.74
2022-03-01,GB,Coventry,pm25,63,13.0,39.0,32.0,202.86
2022-03-01,GB,Leeds,pm25,45,24.0,50.0,34.0,461.89
2022-03-01,GB,Cardiff,pm25,135,9.0,63.0,46.0,2120.85
2022-03-01,GB,Bristol,pm25,67,13.0,61.0,34.0,1437.9
2022-03-01,GB,London,pm25,384,2.0,87.0,36.0,2260.85
2022-03-01,GB,Birmingham,pm25,42,28.0,38.0,33.0,84.35
2022-03-01,GB,Sheffield,pm25,84,20.0,65.0,34.0,751.7
2022-03-01,GB,Newport,pm25,46,4.0,42.0,30.0,1118.11
2022-03-01,GB,Leicester,pm25,22,24.0,42.0,34.0,251.19
2022-03-01,GB,Manchester,pm25,76,23.0,62.0,42.0,866.87
2022-03-01,GB,Reading,pm25,47,5.0,50.0,21.0,1634.78
2022-03-01,GB,Plymouth,pm25,35,9.0,39.0,21.0,726.52
2022-03-01,GB,Glasgow,pm25,545,1.0,65.0,32.0,1050.56
2022-03-01,GB,Preston,pm25,38,19.0,58.0,35.0,657.58
2022-03-01,GB,Swansea,pm25,96,13.0,70.0,38.0,2020.63
2022-03-01,GB,Southend-on-Sea,pm25,45,24.0,100.0,55.0,1459.22
2022-03-01,ID,Jakarta,pm25,63,25.0,99.0,51.0,2978.62
2022-03-01,NP,Kathmandu,pm25,41,89.0,209.0,151.0,11622.7
2022-03-01,AU,Sydney,pm25,140,1.0,64.0,12.0,981.34
2022-03-01,AU,Newcastle,pm25,123,1.0,43.0,11.0,875.18
2022-03-01,AU,Launceston,pm25,41,5.0,9.0,5.0,30.24
2022-03-01,AU,Hobart,pm25,35,5.0,17.0,5.0,132.57
2022-03-01,AU,Darwin,pm25,72,1.0,49.0,26.0,1567.17
2022-03-01,AU,Melbourne,pm25,166,1.0,73.0,33.0,2768.91
2022-03-01,AU,Canberra,pm25,53,1.0,50.0,15.0,1853.31
2022-03-01,AU,Adelaide,pm25,94,4.0,54.0,21.0,1587.01
2022-03-01,AU,Brisbane,pm25,90,5.0,44.0,13.0,566.3
2022-03-01,AU,Perth,pm25,82,2.0,10.0,5.0,35.31
2022-03-01,AU,Wollongong,pm25,37,1.0,67.0,13.0,1767.69
2022-03-01,CI,Abidjan,pm25,24,68.0,137.0,114.0,5159.71
2022-03-01,GH,Accra,pm25,24,70.0,158.0,93.0,4942.32
2022-03-01,IQ,Baghdad,pm25,23,82.0,222.0,162.0,10379.9
2022-03-01,IS,Reykjavík,pm25,96,4.0,35.0,12.0,444.76
2022-03-01,KG,Bishkek,pm25,24,78.0,187.0,124.0,8918.24
2022-03-01,NL,Utrecht,pm25,46,66.0,102.0,80.0,801.88
2022-03-01,NL,Nijmegen,pm25,45,52.0,96.0,66.0,839.19
2022-03-01,NL,Haarlem,pm25,144,36.0,133.0,83.0,1477.39
2022-03-01,NL,Eindhoven,pm25,24,67.0,103.0,79.0,815.92
2022-03-01,NL,Rotterdam,pm25,192,64.0,91.0,79.0,314.95
2022-03-01,NL,Amsterdam,pm25,263,58.0,169.0,77.0,1589.46
2022-03-01,NL,Dordrecht,pm25,24,72.0,98.0,82.0,743.48
2022-03-01,NL,Breda,pm25,24,60.0,98.0,78.0,810.42
2022-03-01,NL,Groningen,pm25,48,56.0,90.0,70.0,689.36
2022-03-01,NL,Maastricht,pm25,96,34.0,91.0,68.0,1312.8
2022-03-01,NL,The Hague,pm25,72,65.0,96.0,81.0,373.08
2022-03-01,PT,Lisbon,pm25,31,35.0,68.0,56.0,869.7
2022-03-01,PT,Funchal,pm25,52,1.0,59.0,11.0,1253.5
2022-03-01,CA,Hamilton,pm25,94,13.0,85.0,50.0,3215.19
2022-03-01,CA,Calgary,pm25,92,3.0,151.0,80.0,7785.02
2022-03-01,CA,Winnipeg,pm25,24,12.0,25.0,20.0,199.98
2022-03-01,CA,Halifax,pm25,46,20.0,60.0,27.0,669.32
2022-03-01,CA,Kitchener,pm25,48,9.0,99.0,42.0,5998.72
2022-03-01,CA,Edmonton,pm25,133,29.0,95.0,54.0,959.67
2022-03-01,CA,Mississauga,pm25,65,13.0,80.0,38.0,3859.53
2022-03-01,CA,Québec,pm25,182,16.0,69.0,38.0,1575.44
2022-03-01,CA,Vancouver,pm25,20,2.0,37.0,19.0,1238.0
2022-03-01,CA,Victoria,pm25,43,5.0,46.0,17.0,1128.69
2022-03-01,CA,Montréal,pm25,407,30.0,90.0,50.0,739.94
2022-03-01,CA,Toronto,pm25,127,9.0,97.0,38.0,4698.55
2022-03-01,CA,Ottawa,pm25,64,27.0,52.0,35.0,599.84
2022-03-01,CA,London,pm25,47,13.0,78.0,53.0,3166.95
2022-03-01,US,Oklahoma City,pm25,95,24.0,113.0,41.0,1986.04
2022-03-01,US,Raleigh,pm25,70,5.0,55.0,28.0,1230.83
2022-03-01,US,Memphis,pm25,69,5.0,60.0,29.0,500.91
2022-03-01,US,Jackson,pm25,72,8.0,159.0,41.0,7700.0
2022-03-01,US,Boston,pm25,130,5.0,76.0,34.0,2137.48
2022-03-01,US,Richmond,pm25,96,21.0,60.0,36.0,1512.05
2022-03-01,US,Portland,pm25,156,5.0,28.0,9.0,282.3
2022-03-01,US,Boise,pm25,80,5.0,59.0,38.0,3283.89
2022-03-01,US,Austin,pm25,42,5.0,70.0,38.0,3579.29
2022-03-01,US,Honolulu,pm25,51,5.0,61.0,17.0,1063.23
2022-03-01,US,Fresno,pm25,48,34.0,73.0,53.0,835.85
2022-03-01,US,Milwaukee,pm25,137,23.0,92.0,51.0,2289.98
2022-03-01,US,Hartford,pm25,48,17.0,60.0,32.0,1379.84
2022-03-01,US,Washington D.C.,pm25,118,17.0,70.0,35.0,770.77
2022-03-01,US,Chicago,pm25,216,14.0,82.0,43.0,1231.24
2022-03-01,US,Houston,pm25,48,24.0,90.0,58.0,1716.01
2022-03-01,US,Indianapolis,pm25,24,31.0,60.0,44.0,509.27
2022-03-01,US,Atlanta,pm25,23,18.0,49.0,38.0,1108.62
2022-03-01,US,Charlotte,pm25,24,9.0,59.0,42.0,2016.74
2022-03-01,US,Sacramento,pm25,72,3.0,91.0,34.0,2349.2
2022-03-01,US,Oakland,pm25,114,5.0,72.0,30.0,1952.95
2022-03-01,US,Providence,pm25,42,5.0,59.0,17.0,2246.25
2022-03-01,US,Staten Island,pm25,106,2.0,60.0,33.0,2160.76
2022-03-01,US,Brooklyn,pm25,108,1.0,94.0,25.0,1898.32
2022-03-01,US,Springfield,pm25,72,15.0,63.0,32.0,2053.23
2022-03-01,US,The Bronx,pm25,36,14.0,50.0,26.0,748.86
2022-03-01,US,San Jose,pm25,93,5.0,61.0,30.0,1871.43
2022-03-01,US,Los Angeles,pm25,71,8.0,98.0,43.0,5498.38
2022-03-01,US,Detroit,pm25,133,24.0,102.0,59.0,1494.39
2022-03-01,US,Little Rock,pm25,23,21.0,59.0,48.0,1290.4
2022-03-01,US,Baltimore,pm25,47,9.0,63.0,38.0,1413.78
2022-03-01,US,Phoenix,pm25,160,1.0,151.0,25.0,6958.86
2022-03-01,US,Omaha,pm25,41,5.0,46.0,13.0,728.26
2022-03-01,US,El Paso,pm25,154,5.0,61.0,28.0,1440.28
2022-03-01,US,Dallas,pm25,24,16.0,57.0,28.0,1292.75
2022-03-01,US,Seattle,pm25,214,1.0,68.0,13.0,1635.54
2022-03-01,US,Manhattan,pm25,64,10.0,56.0,27.0,1026.67
2022-03-01,US,Miami,pm25,94,24.0,67.0,43.0,1128.96
2022-03-01,US,Jacksonville,pm25,143,18.0,61.0,37.0,971.78
2022-03-01,US,San Antonio,pm25,47,4.0,79.0,31.0,3453.09
2022-03-01,US,Philadelphia,pm25,94,10.0,74.0,33.0,1658.58
2022-03-01,US,San Diego,pm25,24,13.0,62.0,33.0,1975.58
2022-03-01,US,Columbus,pm25,48,11.0,52.0,38.0,939.15
2022-03-01,US,Saint Paul,pm25,144,5.0,65.0,34.0,1888.62
2022-03-01,US,Denver,pm25,147,5.0,68.0,17.0,2056.11
2022-03-01,US,Salt Lake City,pm25,216,21.0,86.0,55.0,1617.11
2022-03-01,US,Albuquerque,pm25,72,10.0,77.0,19.0,2844.13
2022-03-01,US,San Francisco,pm25,66,5.0,55.0,21.0,1442.0
2022-03-01,US,Salem,pm25,69,5.0,58.0,8.0,974.26
2022-03-01,US,Madison,pm25,48,18.0,53.0,44.0,1200.41
2022-03-01,US,Nashville,pm25,95,17.0,69.0,33.0,1697.0
2022-03-01,US,Tucson,pm25,152,5.0,97.0,21.0,1976.92
2022-03-01,US,Queens,pm25,88,1.0,55.0,25.0,1664.91
2022-03-01,US,Tallahassee,pm25,71,9.0,93.0,40.0,4189.59
2022-03-01,US,Fort Worth,pm25,24,9.0,63.0,34.0,2396.36
2022-03-01,RS,Novi Sad,pm25,24,31.0,121.0,71.0,5428.7
2022-03-01,RS,Niš,pm25,48,49.0,110.0,65.0,2846.8
2022-03-01,RS,Belgrade,pm25,119,55.0,157.0,101.0,3452.37
2022-03-01,CY,Nicosia,pm25,24,40.0,72.0,49.0,1134.62
2022-03-01,CY,Limassol,pm25,24,32.0,62.0,41.0,881.14
2022-03-01,HR,Zagreb,pm25,24,53.0,157.0,58.0,13301.1
2022-03-01,HR,Rijeka,pm25,58,26.0,87.0,34.0,889.5
2022-03-01,MK,Skopje,pm25,149,32.0,157.0,69.0,9193.8
2022-03-02,GE,Tbilisi,pm25,96,75.0,156.0,85.0,8474.93
2022-03-02,HU,Győr,pm25,48,38.0,147.0,63.0,3013.83
2022-03-02,HU,Szeged,pm25,23,21.0,76.0,42.0,2142.49
2022-03-02,HU,Pécs,pm25,72,59.0,152.0,85.0,6558.59
2022-03-02,HU,Kecskemét,pm25,46,55.0,85.0,63.0,562.36
2022-03-02,HU,Miskolc,pm25,118,25.0,124.0,68.0,5469.18
2022-03-02,HU,Budapest,pm25,354,13.0,87.0,57.0,1383.7
2022-03-02,JP,Fukuoka,pm25,416,5.0,152.0,50.0,9636.18
2022-03-02,JP,Kanazawa,pm25,261,5.0,102.0,46.0,2888.64
2022-03-02,JP,Kumamoto,pm25,369,5.0,93.0,50.0,3930.68
2022-03-02,JP,Akita,pm25,48,9.0,107.0,42.0,3323.62
2022-03-02,JP,Kochi,pm25,45,17.0,80.0,38.0,3008.45
2022-03-02,JP,Gifu-shi,pm25,169,5.0,95.0,42.0,3661.94
2022-03-02,JP,Kyoto,pm25,586,13.0,107.0,70.0,1928.93
2022-03-02,JP,Hiroshima,pm25,328,5.0,109.0,55.0,3759.17
2022-03-02,JP,Shizuoka,pm25,241,5.0,95.0,42.0,3771.77
2022-03-02,JP,Chiba,pm25,777,5.0,166.0,46.0,2891.16
2022-03-02,JP,Sapporo,pm25,189,9.0,63.0,38.0,1352.18
2022-03-02,JP,Yokohama,pm25,531,1.0,129.0,42.0,3132.56
2022-03-02,JP,Tokyo,pm25,2556,1.0,119.0,50.0,2710.07
2022-03-02,JP,Saitama,pm25,498,5.0,76.0,50.0,2527.04
2022-03-02,JP,Naha,pm25,99,5.0,80.0,13.0,4849.45
2022-03-02,JP,Nagasaki,pm25,183,9.0,122.0,38.0,7177.79
2022-03-02,JP,Toyama,pm25,168,5.0,153.0,53.0,3217.39
2022-03-02,JP,Niigata,pm25,196,5.0,68.0,34.0,1685.56
2022-03-02,JP,Nara-shi,pm25,192,21.0,109.0,65.0,2165.52
2022-03-02,JP,Okayama,pm25,288,17.0,152.0,74.0,4923.56
2022-03-02,JP,Sendai,pm25,397,5.0,65.0,38.0,1828.53
2022-03-02,JP,Osaka,pm25,1097,9.0,139.0,68.0,2701.94
2022-03-02,JP,Miyazaki,pm25,138,13.0,158.0,65.0,9118.57
2022-03-02,JP,Matsuyama,pm25,161,5.0,134.0,68.0,8870.14
2022-03-02,JP,Wakayama,pm25,235,42.0,107.0,76.0,1204.77
2022-03-02,JP,Takamatsu,pm25,240,5.0,112.0,65.0,3032.17
2022-03-02,JP,Nagoya,pm25,429,5.0,114.0,55.0,1927.54
2022-03-02,JP,Ōita,pm25,258,5.0,99.0,57.0,4670.37
2022-03-02,JP,Kobe,pm25,409,9.0,149.0,72.0,2638.36
2022-03-02,JP,Nagano,pm25,94,9.0,80.0,38.0,2114.12
2022-03-02,JP,Utsunomiya,pm25,413,5.0,70.0,46.0,1957.96
2022-03-02,JP,Kagoshima,pm25,96,13.0,117.0,61.0,5626.31
2022-03-02,SK,Košice,pm25,94,30.0,127.0,57.0,3360.05
2022-03-02,SK,Bratislava,pm25,90,50.0,93.0,70.0,806.12
2022-03-02,FI,Vantaa,pm25,24,22.0,50.0,32.0,524.35
2022-03-02,FI,Turku,pm25,24,7.0,34.0,22.0,475.92
2022-03-02,FI,Helsinki,pm25,120,23.0,63.0,39.0,780.91
2022-03-02,FI,Tampere,pm25,96,1.0,50.0,27.0,1319.15
2022-03-02,ET,Addis Ababa,pm25,41,34.0,127.0,68.0,3373.99
2022-03-02,CH,Zürich,pm25,24,3.0,8.0,4.0,11.72
2022-03-02,CO,Bogotá,pm25,309,5.0,120.0,38.0,4895.09
2022-03-02,CO,Medellín,pm25,322,17.0,104.0,59.0,1901.24
2022-03-02,DK,Copenhagen,pm25,24,22.0,64.0,47.0,1749.11
2022-03-02,EC,Quito,pm25,173,1.0,145.0,42.0,6460.84
2022-03-02,GB,Edinburgh,pm25,288,10.0,92.0,24.0,5356.0
2022-03-02,GB,Norwich,pm25,24,85.0,120.0,100.0,1021.29
2022-03-02,GB,Liverpool,pm25,43,17.0,96.0,51.0,4163.46
2022-03-02,GB,Belfast,pm25,64,24.0,53.0,38.0,351.27
2022-03-02,GB,Coventry,pm25,72,22.0,89.0,62.0,2926.94
2022-03-02,GB,Leeds,pm25,40,25.0,114.0,92.0,5595.89
2022-03-02,GB,Cardiff,pm25,120,21.0,99.0,68.0,4357.55
2022-03-02,GB,Bristol,pm25,68,13.0,89.0,70.0,4687.83
2022-03-02,GB,London,pm25,431,5.0,129.0,72.0,4247.24
2022-03-02,GB,Birmingham,pm25,47,22.0,96.0,62.0,3747.14
2022-03-02,GB,Sheffield,pm25,70,19.0,89.0,71.0,3912.14
2022-03-02,GB,Newport,pm25,48,13.0,74.0,58.0,4469.11
2022-03-02,GB,Leicester,pm25,23,32.0,75.0,65.0,1672.21
2022-03-02,GB,Manchester,pm25,83,7.0,89.0,48.0,3372.54
2022-03-02,GB,Reading,pm25,48,30.0,91.0,70.0,2031.27
2022-03-02,GB,Plymouth,pm25,36,13.0,65.0,38.0,1679.64
2022-03-02,GB,Glasgow,pm25,563,1.0,75.0,22.0,2255.03
2022-03-02,GB,Preston,pm25,44,17.0,78.0,41.0,1939.34
2022-03-02,GB,Swansea,pm25,96,5.0,97.0,61.0,7256.63
2022-03-02,GB,Southend-on-Sea,pm25,48,77.0,120.0,95.0,1170.85
2022-03-02,ID,Jakarta,pm25,71,6.0,129.0,57.0,5319.07
2022-03-02,NP,Kathmandu,pm25,24,61.0,211.0,162.0,26366.9
2022-03-02,AU,Sydney,pm25,140,1.0,44.0,10.0,763.96
2022-03-02,AU,Newcastle,pm25,129,1.0,54.0,14.0,1341.82
2022-03-02,AU,Launceston,pm25,61,5.0,13.0,5.0,70.82
2022-03-02,AU,Hobart,pm25,50,5.0,17.0,9.0,112.91
2022-03-02,AU,Darwin,pm25,72,1.0,49.0,28.0,1949.98
2022-03-02,AU,Melbourne,pm25,142,1.0,70.0,24.0,2108.29
2022-03-02,AU,Canberra,pm25,40,1.0,51.0,12.0,2066.44
2022-03-02,AU,Adelaide,pm25,95,5.0,50.0,30.0,1193.54
2022-03-02,AU,Brisbane,pm25,96,3.0,52.0,21.0,655.66
2022-03-02,AU,Perth,pm25,58,2.0,7.0,3.0,20.36
2022-03-02,AU,Wollongong,pm25,40,1.0,68.0,16.0,2288.71
2022-03-02,CI,Abidjan,pm25,24,59.0,170.0,117.0,8397.97
2022-03-02,GH,Accra,pm25,24,85.0,179.0,99.0,7005.63
2022-03-02,IQ,Baghdad,pm25,24,78.0,167.0,107.0,6161.74
2022-03-02,IS,Reykjavík,pm25,93,1.0,41.0,15.0,696.3
2022-03-02,KG,Bishkek,pm25,23,9.0,152.0,55.0,16448.2
2022-03-02,NL,Utrecht,pm25,48,40.0,109.0,82.0,3443.67
2022-03-02,NL,Nijmegen,pm25,46,36.0,120.0,80.0,2903.65
2022-03-02,NL,Haarlem,pm25,144,50.0,129.0,91.0,3571.87
2022-03-02,NL,Eindhoven,pm25,24,54.0,90.0,76.0,1306.09
2022-03-02,NL,Rotterdam,pm25,192,52.0,98.0,80.0,1016.43
2022-03-02,NL,Amsterdam,pm25,264,51.0,135.0,89.0,2266.35
2022-03-02,NL,Dordrecht,pm25,24,62.0,92.0,76.0,864.62
2022-03-02,NL,Breda,pm25,24,53.0,100.0,71.0,1233.03
2022-03-02,NL,Groningen,pm25,48,68.0,108.0,92.0,1063.29
2022-03-02,NL,Maastricht,pm25,95,50.0,102.0,70.0,1194.17
2022-03-02,NL,The Hague,pm25,72,52.0,99.0,82.0,1333.94
2022-03-02,PT,Lisbon,pm25,31,10.0,34.0,22.0,280.0
2022-03-02,PT,Funchal,pm25,40,1.0,57.0,8.0,932.59
2022-03-02,CA,Hamilton,pm25,92,9.0,61.0,25.0,2761.15
2022-03-02,CA,Calgary,pm25,84,27.0,123.0,44.0,3809.36
2022-03-02,CA,Winnipeg,pm25,24,16.0,26.0,18.0,79.13
2022-03-02,CA,Halifax,pm25,46,10.0,43.0,23.0,470.76
2022-03-02,CA,Kitchener,pm25,41,9.0,68.0,34.0,3914.1
2022-03-02,CA,Edmonton,pm25,138,13.0,51.0,28.0,538.7
2022-03-02,CA,Mississauga,pm25,56,9.0,61.0,21.0,1857.34
2022-03-02,CA,Québec,pm25,171,14.0,74.0,29.0,1658.84
2022-03-02,CA,Vancouver,pm25,23,5.0,18.0,10.0,155.1
2022-03-02,CA,Victoria,pm25,46,5.0,53.0,21.0,1248.19
2022-03-02,CA,Montréal,pm25,444,15.0,73.0,44.0,1820.56
2022-03-02,CA,Toronto,pm25,131,9.0,74.0,21.0,1974.51
2022-03-02,CA,Ottawa,pm25,68,5.0,42.0,25.0,711.89
2022-03-02,CA,London,pm25,42,17.0,63.0,34.0,1740.95
2022-03-02,US,Oklahoma City,pm25,92,23.0,93.0,39.0,3347.05
2022-03-02,US,Raleigh,pm25,71,13.0,66.0,34.0,1857.54
2022-03-02,US,Memphis,pm25,71,22.0,81.0,49.0,2055.67
2022-03-02,US,Jackson,pm25,70,14.0,122.0,58.0,7215.95
2022-03-02,US,Boston,pm25,130,13.0,59.0,34.0,1125.59
2022-03-02,US,Richmond,pm25,96,23.0,54.0,32.0,434.96
2022-03-02,US,Portland,pm25,160,5.0,38.0,13.0,424.61
2022-03-02,US,Boise,pm25,90,5.0,59.0,17.0,839.81
2022-03-02,US,Austin,pm25,46,9.0,70.0,42.0,2089.59
2022-03-02,US,Honolulu,pm25,64,5.0,46.0,17.0,1245.94
2022-03-02,US,Fresno,pm25,46,25.0,69.0,46.0,1340.71
2022-03-02,US,Milwaukee,pm25,136,13.0,86.0,61.0,3106.52
2022-03-02,US,Hartford,pm25,48,27.0,100.0,43.0,2061.27
2022-03-02,US,Washington D.C.,pm25,118,9.0,119.0,33.0,2676.91
2022-03-02,US,Chicago,pm25,216,12.0,80.0,55.0,2062.26
2022-03-02,US,Houston,pm25,48,28.0,93.0,58.0,2559.98
2022-03-02,US,Indianapolis,pm25,24,27.0,79.0,52.0,2546.07
2022-03-02,US,Atlanta,pm25,23,22.0,59.0,36.0,1759.53
2022-03-02,US,Charlotte,pm25,22,21.0,53.0,38.0,917.75
2022-03-02,US,Sacramento,pm25,70,3.0,70.0,25.0,1880.97
2022-03-02,US,Oakland,pm25,113,5.0,82.0,21.0,2534.66
2022-03-02,US,Providence,pm25,47,9.0,57.0,21.0,1574.99
2022-03-02,US,Staten Island,pm25,72,13.0,67.0,46.0,1840.63
2022-03-02,US,Brooklyn,pm25,42,1.0,91.0,28.0,4463.53
2022-03-02,US,Springfield,pm25,72,3.0,94.0,48.0,4946.92
2022-03-02,US,San Jose,pm25,89,5.0,63.0,25.0,1806.05
2022-03-02,US,Los Angeles,pm25,72,7.0,132.0,53.0,3355.19
2022-03-02,US,Detroit,pm25,155,18.0,145.0,61.0,2540.19
2022-03-02,US,Little Rock,pm25,24,25.0,92.0,62.0,2736.23
2022-03-02,US,Baltimore,pm25,48,17.0,74.0,52.0,2219.04
2022-03-02,US,Phoenix,pm25,176,1.0,87.0,34.0,4370.33
2022-03-02,US,Omaha,pm25,42,5.0,68.0,30.0,2618.51
2022-03-02,US,El Paso,pm25,161,5.0,217.0,36.0,5163.19
2022-03-02,US,Dallas,pm25,24,18.0,67.0,45.0,1758.48
2022-03-02,US,Seattle,pm25,252,5.0,68.0,25.0,1738.35
2022-03-02,US,Manhattan,pm25,48,22.0,71.0,41.0,1717.55
2022-03-02,US,Miami,pm25,94,17.0,47.0,30.0,675.91
2022-03-02,US,Jacksonville,pm25,138,32.0,102.0,59.0,1195.61
2022-03-02,US,San Antonio,pm25,46,8.0,69.0,47.0,3072.7
2022-03-02,US,Philadelphia,pm25,95,12.0,155.0,55.0,4142.91
2022-03-02,US,San Diego,pm25,17,18.0,72.0,47.0,2471.84
2022-03-02,US,Columbus,pm25,48,6.0,74.0,31.0,3459.11
2022-03-02,US,Saint Paul,pm25,144,5.0,82.0,34.0,6021.24
2022-03-02,US,Denver,pm25,148,5.0,109.0,30.0,4658.49
2022-03-02,US,Salt Lake City,pm25,216,7.0,87.0,52.0,2324.87
2022-03-02,US,Albuquerque,pm25,72,10.0,72.0,16.0,2001.45
2022-03-02,US,San Francisco,pm25,59,5.0,59.0,17.0,1763.57
2022-03-02,US,Salem,pm25,70,6.0,37.0,11.0,403.65
2022-03-02,US,Madison,pm25,48,25.0,115.0,63.0,5626.81
2022-03-02,US,Nashville,pm25,93,13.0,61.0,35.0,804.33
2022-03-02,US,Tucson,pm25,155,5.0,61.0,25.0,1538.95
2022-03-02,US,Queens,pm25,72,12.0,60.0,38.0,1090.41
2022-03-02,US,Tallahassee,pm25,72,18.0,177.0,64.0,16147.8
2022-03-02,US,Fort Worth,pm25,22,5.0,65.0,34.0,1889.46
2022-03-02,RS,Novi Sad,pm25,37,50.0,162.0,67.0,10581.4
2022-03-02,RS,Niš,pm25,48,73.0,142.0,88.0,1384.22
2022-03-02,RS,Belgrade,pm25,117,47.0,114.0,77.0,2834.39
2022-03-02,CY,Nicosia,pm25,24,11.0,98.0,50.0,3800.85
2022-03-02,CY,Limassol,pm25,22,13.0,102.0,49.0,4825.65
2022-03-02,HR,Zagreb,pm25,20,69.0,163.0,132.0,13485.7
2022-03-02,HR,Rijeka,pm25,51,21.0,101.0,38.0,2743.35
2022-03-02,MK,Skopje,pm25,168,12.0,160.0,68.0,9620.32
2022-03-03,GE,Tbilisi,pm25,96,82.0,172.0,120.0,7779.6
2022-03-03,HU,Győr,pm25,47,30.0,122.0,76.0,2933.28
2022-03-03,HU,Szeged,pm25,24,55.0,87.0,65.0,762.16
2022-03-03,HU,Pécs,pm25,72,65.0,151.0,95.0,9059.72
2022-03-03,HU,Kecskemét,pm25,18,70.0,142.0,102.0,5236.34
2022-03-03,HU,Miskolc,pm25,120,53.0,152.0,87.0,5968.0
2022-03-03,HU,Budapest,pm25,359,34.0,139.0,91.0,2866.84
2022-03-03,JP,Fukuoka,pm25,422,5.0,104.0,50.0,2247.86
2022-03-03,JP,Kanazawa,pm25,236,5.0,72.0,42.0,1915.59
2022-03-03,JP,Kumamoto,pm25,373,5.0,91.0,46.0,2915.0
2022-03-03,JP,Akita,pm25,47,5.0,74.0,42.0,2791.48
2022-03-03,JP,Kochi,pm25,47,9.0,55.0,34.0,1477.38
2022-03-03,JP,Gifu-shi,pm25,143,5.0,89.0,50.0,2356.94
2022-03-03,JP,Kyoto,pm25,578,5.0,85.0,59.0,1694.64
2022-03-03,JP,Hiroshima,pm25,319,5.0,82.0,46.0,2195.51
2022-03-03,JP,Shizuoka,pm25,256,5.0,87.0,34.0,2180.98
2022-03-03,JP,Chiba,pm25,732,5.0,142.0,50.0,3975.0
2022-03-03,JP,Sapporo,pm25,198,13.0,76.0,34.0,1620.91
2022-03-03,JP,Yokohama,pm25,525,1.0,95.0,50.0,4013.14
2022-03-03,JP,Tokyo,pm25,2516,5.0,109.0,57.0,3571.44
2022-03-03,JP,Saitama,pm25,493,5.0,144.0,57.0,4236.11
2022-03-03,JP,Naha,pm25,104,5.0,87.0,21.0,3419.16
2022-03-03,JP,Nagasaki,pm25,173,9.0,76.0,50.0,2446.86
2022-03-03,JP,Toyama,pm25,167,9.0,76.0,42.0,1790.86
2022-03-03,JP,Niigata,pm25,207,13.0,68.0,42.0,943.91
2022-03-03,JP,Nara-shi,pm25,191,5.0,72.0,55.0,1506.82
2022-03-03,JP,Okayama,pm25,285,25.0,99.0,53.0,998.61
2022-03-03,JP,Sendai,pm25,405,5.0,63.0,34.0,1313.45
2022-03-03,JP,Osaka,pm25,1442,5.0,134.0,57.0,1633.35
2022-03-03,JP,Miyazaki,pm25,133,5.0,72.0,34.0,1974.9
2022-03-03,JP,Matsuyama,pm25,165,5.0,82.0,46.0,2112.06
2022-03-03,JP,Wakayama,pm25,260,30.0,87.0,55.0,1207.29
2022-03-03,JP,Takamatsu,pm25,239,5.0,76.0,42.0,1242.75
2022-03-03,JP,Nagoya,pm25,431,1.0,85.0,55.0,1586.04
2022-03-03,JP,Ōita,pm25,248,5.0,65.0,30.0,2276.89
2022-03-03,JP,Kobe,pm25,415,9.0,87.0,57.0,1010.59
2022-03-03,JP,Nagano,pm25,90,5.0,95.0,42.0,2886.75
2022-03-03,JP,Utsunomiya,pm25,402,5.0,95.0,46.0,4152.49
2022-03-03,JP,Kagoshima,pm25,96,9.0,129.0,38.0,2670.58
2022-03-03,SK,Košice,pm25,96,55.0,142.0,76.0,3210.72
2022-03-03,SK,Bratislava,pm25,96,25.0,109.0,78.0,2714.67
2022-03-03,FI,Vantaa,pm25,23,10.0,23.0,15.0,165.73
2022-03-03,FI,Turku,pm25,24,3.0,20.0,8.0,253.75
2022-03-03,FI,Helsinki,pm25,120,3.0,41.0,14.0,668.19
2022-03-03,FI,Tampere,pm25,96,3.0,15.0,6.0,87.72
2022-03-03,ET,Addis Ababa,pm25,44,42.0,164.0,63.0,8554.22
2022-03-03,CH,Zürich,pm25,24,2.0,7.0,4.0,12.39
2022-03-03,CO,Bogotá,pm25,273,9.0,117.0,55.0,4989.23
2022-03-03,CO,Medellín,pm25,324,21.0,107.0,65.0,1988.75
2022-03-03,DK,Copenhagen,pm25,24,9.0,40.0,23.0,1013.84
2022-03-03,EC,Quito,pm25,189,1.0,124.0,46.0,5669.56
2022-03-03,GB,Edinburgh,pm25,288,6.0,104.0,57.0,9593.59
2022-03-03,GB,Norwich,pm25,22,95.0,107.0,97.0,129.2
2022-03-03,GB,Liverpool,pm25,46,57.0,124.0,93.0,1853.88
2022-03-03,GB,Belfast,pm25,73,10.0,63.0,25.0,979.54
2022-03-03,GB,Coventry,pm25,60,76.0,107.0,93.0,650.12
2022-03-03,GB,Leeds,pm25,46,87.0,159.0,132.0,3014.65
2022-03-03,GB,Cardiff,pm25,120,17.0,107.0,53.0,7951.74
2022-03-03,GB,Bristol,pm25,71,5.0,117.0,87.0,10920.8
2022-03-03,GB,London,pm25,420,10.0,152.0,80.0,8043.48
2022-03-03,GB,Birmingham,pm25,45,74.0,118.0,98.0,817.4
2022-03-03,GB,Sheffield,pm25,71,73.0,138.0,120.0,2720.26
2022-03-03,GB,Newport,pm25,46,3.0,89.0,76.0,10364.0
2022-03-03,GB,Leicester,pm25,24,85.0,112.0,103.0,622.59
2022-03-03,GB,Manchester,pm25,80,6.0,148.0,97.0,12981.8
2022-03-03,GB,Reading,pm25,48,13.0,104.0,74.0,10083.9
2022-03-03,GB,Plymouth,pm25,47,9.0,37.0,21.0,622.88
2022-03-03,GB,Glasgow,pm25,563,1.0,75.0,22.0,3351.5
2022-03-03,GB,Preston,pm25,47,19.0,125.0,85.0,5854.63
2022-03-03,GB,Swansea,pm25,96,13.0,85.0,34.0,3671.84
2022-03-03,GB,Southend-on-Sea,pm25,47,36.0,134.0,100.0,4682.5
2022-03-03,ID,Jakarta,pm25,71,17.0,89.0,53.0,2750.99
2022-03-03,NP,Kathmandu,pm25,24,70.0,180.0,139.0,9408.62
2022-03-03,AU,Sydney,pm25,151,1.0,69.0,10.0,1317.66
2022-03-03,AU,Newcastle,pm25,138,1.0,71.0,16.0,1902.3
2022-03-03,AU,Launceston,pm25,121,5.0,21.0,9.0,112.0
2022-03-03,AU,Hobart,pm25,53,9.0,25.0,13.0,130.86
2022-03-03,AU,Darwin,pm25,72,3.0,55.0,36.0,1752.68
2022-03-03,AU,Melbourne,pm25,156,1.0,86.0,31.0,2684.19
2022-03-03,AU,Canberra,pm25,59,1.0,67.0,21.0,3029.12
2022-03-03,AU,Adelaide,pm25,93,5.0,57.0,18.0,1244.64
2022-03-03,AU,Brisbane,pm25,93,5.0,41.0,25.0,500.5
2022-03-03,AU,Perth,pm25,81,2.0,9.0,4.0,26.91
2022-03-03,AU,Wollongong,pm25,44,2.0,68.0,21.0,1658.08
2022-03-03,CI,Abidjan,pm25,24,82.0,152.0,109.0,2743.7
2022-03-03,GH,Accra,pm25,24,82.0,151.0,99.0,3689.55
2022-03-03,IQ,Baghdad,pm25,22,87.0,466.0,160.0,89167.0
2022-03-03,IS,Reykjavík,pm25,96,6.0,51.0,19.0,623.58
2022-03-03,KG,Bishkek,pm25,24,13.0,152.0,38.0,14997.4
2022-03-03,NL,Utrecht,pm25,36,45.0,105.0,74.0,1348.47
2022-03-03,NL,Nijmegen,pm25,48,40.0,95.0,71.0,1444.89
2022-03-03,NL,Haarlem,pm25,144,15.0,156.0,73.0,4892.03
2022-03-03,NL,Eindhoven,pm25,24,56.0,101.0,74.0,970.71
2022-03-03,NL,Rotterdam,pm25,192,53.0,98.0,74.0,489.21
2022-03-03,NL,Amsterdam,pm25,262,35.0,161.0,68.0,2013.99
2022-03-03,NL,Dordrecht,pm25,24,59.0,99.0,77.0,1196.5
2022-03-03,NL,Breda,pm25,24,52.0,96.0,72.0,1176.07
2022-03-03,NL,Groningen,pm25,48,21.0,127.0,88.0,8799.68
2022-03-03,NL,Maastricht,pm25,95,34.0,102.0,74.0,1010.4
2022-03-03,NL,The Hague,pm25,72,19.0,98.0,73.0,1169.73
2022-03-03,PT,Lisbon,pm25,38,13.0,31.0,18.0,203.62
2022-03-03,PT,Funchal,pm25,55,1.0,28.0,15.0,570.96
2022-03-03,CA,Hamilton,pm25,67,5.0,30.0,13.0,327.67
2022-03-03,CA,Calgary,pm25,91,13.0,54.0,26.0,1268.08
2022-03-03,CA,Winnipeg,pm25,24,18.0,34.0,30.0,268.53
2022-03-03,CA,Halifax,pm25,46,13.0,32.0,22.0,200.1
2022-03-03,CA,Kitchener,pm25,41,5.0,30.0,17.0,454.52
2022-03-03,CA,Edmonton,pm25,138,5.0,33.0,18.0,360.84
2022-03-03,CA,Mississauga,pm25,44,5.0,30.0,13.0,207.08
2022-03-03,CA,Québec,pm25,154,14.0,100.0,27.0,3778.84
2022-03-03,CA,Vancouver,pm25,23,2.0,11.0,7.0,58.77
2022-03-03,CA,Victoria,pm25,38,5.0,34.0,13.0,514.32
2022-03-03,CA,Montréal,pm25,350,3.0,70.0,27.0,1882.09
2022-03-03,CA,Toronto,pm25,105,5.0,53.0,17.0,1102.42
2022-03-03,CA,Ottawa,pm25,59,5.0,47.0,16.0,835.11
2022-03-03,CA,London,pm25,33,5.0,38.0,13.0,444.55
2022-03-03,US,Oklahoma City,pm25,95,40.0,159.0,62.0,4122.6
2022-03-03,US,Raleigh,pm25,71,13.0,85.0,42.0,3628.66
2022-03-03,US,Memphis,pm25,72,33.0,86.0,63.0,770.11
2022-03-03,US,Jackson,pm25,72,43.0,106.0,60.0,2705.13
2022-03-03,US,Boston,pm25,130,5.0,74.0,30.0,2536.71
2022-03-03,US,Richmond,pm25,96,5.0,58.0,18.0,2205.67
2022-03-03,US,Portland,pm25,159,5.0,47.0,10.0,640.53
2022-03-03,US,Boise,pm25,69,5.0,53.0,25.0,1746.73
2022-03-03,US,Austin,pm25,44,9.0,65.0,34.0,2513.93
2022-03-03,US,Honolulu,pm25,56,5.0,46.0,13.0,987.82
2022-03-03,US,Fresno,pm25,48,7.0,98.0,53.0,2999.57
2022-03-03,US,Milwaukee,pm25,144,13.0,66.0,19.0,489.96
2022-03-03,US,Hartford,pm25,48,9.0,78.0,15.0,5281.06
2022-03-03,US,Washington D.C.,pm25,112,5.0,42.0,17.0,827.66
2022-03-03,US,Chicago,pm25,212,3.0,55.0,16.0,613.5
2022-03-03,US,Houston,pm25,47,16.0,101.0,46.0,2733.32
2022-03-03,US,Indianapolis,pm25,24,23.0,79.0,43.0,3787.83
2022-03-03,US,Atlanta,pm25,24,24.0,73.0,51.0,2134.71
2022-03-03,US,Charlotte,pm25,24,17.0,68.0,42.0,1445.2
2022-03-03,US,Sacramento,pm25,71,2.0,50.0,25.0,918.42
2022-03-03,US,Oakland,pm25,116,5.0,53.0,25.0,1132.33
2022-03-03,US,Providence,pm25,43,5.0,70.0,17.0,3375.34
2022-03-03,US,Staten Island,pm25,66,1.0,66.0,32.0,4247.77
2022-03-03,US,Brooklyn,pm25,48,1.0,70.0,23.0,2770.42
2022-03-03,US,Springfield,pm25,70,3.0,79.0,38.0,4211.88
2022-03-03,US,San Jose,pm25,95,9.0,59.0,30.0,1289.64
2022-03-03,US,Los Angeles,pm25,70,16.0,103.0,51.0,2379.84
2022-03-03,US,Detroit,pm25,167,3.0,57.0,21.0,934.35
2022-03-03,US,Little Rock,pm25,24,27.0,97.0,68.0,2327.75
2022-03-03,US,Baltimore,pm25,47,5.0,46.0,18.0,1067.44
2022-03-03,US,Phoenix,pm25,189,4.0,71.0,32.0,2461.9
2022-03-03,US,Omaha,pm25,47,9.0,65.0,25.0,2028.38
2022-03-03,US,El Paso,pm25,164,9.0,97.0,38.0,2937.41
2022-03-03,US,Dallas,pm25,24,17.0,69.0,35.0,2694.18
2022-03-03,US,Seattle,pm25,238,2.0,72.0,13.0,1316.21
2022-03-03,US,Manhattan,pm25,42,10.0,64.0,27.0,2446.05
2022-03-03,US,Miami,pm25,94,15.0,51.0,21.0,822.95
2022-03-03,US,Jacksonville,pm25,142,42.0,111.0,72.0,1277.32
2022-03-03,US,San Antonio,pm25,52,8.0,119.0,46.0,3553.94
2022-03-03,US,Philadelphia,pm25,93,3.0,103.0,29.0,4329.3
2022-03-03,US,San Diego,pm25,24,24.0,73.0,52.0,1860.42
2022-03-03,US,Columbus,pm25,48,17.0,59.0,29.0,1077.12
2022-03-03,US,Saint Paul,pm25,137,5.0,55.0,17.0,914.43
2022-03-03,US,Denver,pm25,151,9.0,89.0,34.0,3666.43
2022-03-03,US,Salt Lake City,pm25,216,3.0,72.0,13.0,2076.26
2022-03-03,US,Albuquerque,pm25,72,13.0,58.0,22.0,1145.77
2022-03-03,US,San Francisco,pm25,60,5.0,42.0,17.0,1129.25
2022-03-03,US,Salem,pm25,72,6.0,34.0,8.0,152.46
2022-03-03,US,Madison,pm25,46,13.0,26.0,17.0,154.85
2022-03-03,US,Nashville,pm25,96,21.0,76.0,52.0,1199.07
2022-03-03,US,Tucson,pm25,152,5.0,61.0,21.0,1284.23
2022-03-03,US,Queens,pm25,72,3.0,51.0,29.0,1158.54
2022-03-03,US,Tallahassee,pm25,72,30.0,165.0,66.0,17480.0
2022-03-03,US,Fort Worth,pm25,24,13.0,80.0,34.0,2691.01
2022-03-03,RS,Novi Sad,pm25,48,76.0,159.0,92.0,6826.22
2022-03-03,RS,Niš,pm25,48,64.0,179.0,83.0,15411.4
2022-03-03,RS,Belgrade,pm25,120,68.0,194.0,105.0,7858.12
2022-03-03,CY,Nicosia,pm25,24,11.0,55.0,43.0,1867.81
2022-03-03,CY,Limassol,pm25,24,3.0,85.0,43.0,3270.14
2022-03-03,HR,Zagreb,pm25,20,66.0,175.0,151.0,17096.4
2022-03-03,HR,Rijeka,pm25,51,28.0,153.0,63.0,8313.36
2022-03-03,MK,Skopje,pm25,168,12.0,193.0,75.0,14826.9
2022-03-04,GE,Tbilisi,pm25,96,19.0,173.0,79.0,13839.0
2022-03-04,HU,Győr,pm25,46,46.0,153.0,97.0,8362.44
2022-03-04,HU,Szeged,pm25,23,68.0,91.0,82.0,416.56
2022-03-04,HU,Pécs,pm25,72,72.0,159.0,99.0,5568.73
2022-03-04,HU,Miskolc,pm25,118,55.0,157.0,97.0,7591.25
2022-03-04,HU,Budapest,pm25,354,61.0,153.0,104.0,2723.4
2022-03-04,JP,Fukuoka,pm25,430,30.0,149.0,74.0,3737.98
2022-03-04,JP,Kanazawa,pm25,203,5.0,68.0,34.0,2432.06
2022-03-04,JP,Kumamoto,pm25,376,9.0,153.0,78.0,6403.81
2022-03-04,JP,Akita,pm25,43,5.0,65.0,34.0,1859.19
2022-03-04,JP,Kochi,pm25,48,13.0,61.0,42.0,1570.35
2022-03-04,JP,Gifu-shi,pm25,158,5.0,87.0,50.0,2237.93
2022-03-04,JP,Kyoto,pm25,583,5.0,85.0,55.0,2159.25
2022-03-04,JP,Hiroshima,pm25,332,5.0,114.0,59.0,3900.77
2022-03-04,JP,Shizuoka,pm25,253,5.0,76.0,38.0,1585.96
2022-03-04,JP,Chiba,pm25,709,5.0,104.0,34.0,2115.83
2022-03-04,JP,Sapporo,pm25,209,5.0,65.0,30.0,1844.17
2022-03-04,JP,Yokohama,pm25,542,1.0,99.0,34.0,2109.44
2022-03-04,JP,Tokyo,pm25,2562,1.0,107.0,42.0,1323.65
2022-03-04,JP,Saitama,pm25,492,5.0,72.0,42.0,1164.23
2022-03-04,JP,Naha,pm25,144,13.0,57.0,38.0,1069.51
2022-03-04,JP,Nagasaki,pm25,175,38.0,114.0,78.0,1865.93
2022-03-04,JP,Toyama,pm25,165,5.0,99.0,38.0,2023.88
2022-03-04,JP,Niigata,pm25,211,5.0,68.0,30.0,1157.76
2022-03-04,JP,Nara-shi,pm25,176,5.0,127.0,50.0,3845.06
2022-03-04,JP,Okayama,pm25,286,34.0,112.0,68.0,1409.21
2022-03-04,JP,Sendai,pm25,448,9.0,70.0,30.0,1209.57
2022-03-04,JP,Osaka,pm25,1442,5.0,109.0,55.0,2381.69
2022-03-04,JP,Miyazaki,pm25,138,9.0,107.0,53.0,2971.1
2022-03-04,JP,Matsuyama,pm25,161,5.0,95.0,59.0,3205.17
2022-03-04,JP,Wakayama,pm25,275,21.0,82.0,53.0,1139.17
2022-03-04,JP,Takamatsu,pm25,240,5.0,93.0,55.0,1394.94
2022-03-04,JP,Nagoya,pm25,427,9.0,109.0,53.0,1946.0
2022-03-04,JP,Ōita,pm25,261,5.0,104.0,61.0,5203.21
2022-03-04,JP,Kobe,pm25,425,5.0,97.0,55.0,1102.55
2022-03-04,JP,Nagano,pm25,96,17.0,61.0,42.0,1175.84
2022-03-04,JP,Utsunomiya,pm25,414,5.0,59.0,42.0,1340.95
2022-03-04,JP,Kagoshima,pm25,96,38.0,142.0,55.0,1457.5
2022-03-04,SK,Košice,pm25,96,46.0,160.0,93.0,9051.14
2022-03-04,SK,Bratislava,pm25,95,53.0,153.0,87.0,7288.86
2022-03-04,FI,Vantaa,pm25,22,7.0,38.0,14.0,612.75
2022-03-04,FI,Turku,pm25,23,3.0,22.0,10.0,339.84
2022-03-04,FI,Helsinki,pm25,120,4.0,62.0,13.0,1895.91
2022-03-04,FI,Tampere,pm25,96,3.0,64.0,10.0,2370.62
2022-03-04,ET,Addis Ababa,pm25,47,34.0,167.0,63.0,6849.61
2022-03-04,CH,Zürich,pm25,22,2.0,4.0,3.0,4.09
2022-03-04,CO,Bogotá,pm25,291,13.0,144.0,61.0,7762.45
2022-03-04,CO,Medellín,pm25,310,25.0,104.0,63.0,1815.58
2022-03-04,DK,Copenhagen,pm25,24,17.0,53.0,33.0,1337.97
2022-03-04,EC,Quito,pm25,170,3.0,108.0,46.0,6730.09
2022-03-04,GB,Edinburgh,pm25,288,3.0,54.0,12.0,873.15
2022-03-04,GB,Norwich,pm25,22,93.0,132.0,95.0,1110.76
2022-03-04,GB,Liverpool,pm25,44,6.0,74.0,30.0,4641.8
2022-03-04,GB,Belfast,pm25,74,9.0,56.0,30.0,985.52
2022-03-04,GB,Coventry,pm25,72,16.0,76.0,42.0,3558.86
2022-03-04,GB,Leeds,pm25,46,42.0,134.0,87.0,6698.5
2022-03-04,GB,Cardiff,pm25,118,9.0,55.0,34.0,1373.75
2022-03-04,GB,Bristol,pm25,69,5.0,59.0,25.0,1632.28
2022-03-04,GB,London,pm25,420,9.0,139.0,49.0,4438.86
2022-03-04,GB,Birmingham,pm25,48,9.0,80.0,42.0,4296.15
2022-03-04,GB,Sheffield,pm25,73,12.0,123.0,63.0,8443.02
2022-03-04,GB,Newport,pm25,45,3.0,23.0,13.0,234.16
2022-03-04,GB,Leicester,pm25,24,44.0,108.0,70.0,3493.91
2022-03-04,GB,Manchester,pm25,85,4.0,91.0,28.0,5707.15
2022-03-04,GB,Reading,pm25,48,9.0,68.0,21.0,2813.62
2022-03-04,GB,Plymouth,pm25,33,5.0,34.0,25.0,975.93
2022-03-04,GB,Glasgow,pm25,549,1.0,55.0,14.0,524.35
2022-03-04,GB,Preston,pm25,47,4.0,76.0,23.0,4145.14
2022-03-04,GB,Swansea,pm25,94,17.0,65.0,38.0,1047.72
2022-03-04,GB,Southend-on-Sea,pm25,48,23.0,144.0,102.0,12342.1
2022-03-04,ID,Jakarta,pm25,70,21.0,190.0,53.0,8095.7
2022-03-04,NP,Kathmandu,pm25,47,53.0,181.0,139.0,17678.4
2022-03-04,AU,Sydney,pm25,135,1.0,128.0,10.0,2150.58
2022-03-04,AU,Newcastle,pm25,129,1.0,104.0,14.0,2201.88
2022-03-04,AU,Launceston,pm25,91,5.0,21.0,13.0,111.04
2022-03-04,AU,Hobart,pm25,44,9.0,21.0,13.0,119.07
2022-03-04,AU,Darwin,pm25,63,1.0,53.0,37.0,1904.42
2022-03-04,AU,Melbourne,pm25,159,2.0,72.0,28.0,2355.99
2022-03-04,AU,Canberra,pm25,47,2.0,75.0,16.0,3736.9
2022-03-04,AU,Adelaide,pm25,87,5.0,36.0,17.0,601.65
2022-03-04,AU,Brisbane,pm25,96,3.0,47.0,23.0,531.34
2022-03-04,AU,Perth,pm25,75,2.0,9.0,4.0,32.67
2022-03-04,AU,Wollongong,pm25,42,1.0,40.0,11.0,1261.56
2022-03-04,CI,Abidjan,pm25,24,61.0,149.0,95.0,3924.57
2022-03-04,GH,Accra,pm25,24,74.0,158.0,91.0,3767.37
2022-03-04,IQ,Baghdad,pm25,19,50.0,261.0,153.0,39727.8
2022-03-04,IS,Reykjavík,pm25,96,4.0,43.0,22.0,671.79
2022-03-04,KG,Bishkek,pm25,21,5.0,144.0,61.0,11672.9
2022-03-04,NL,Utrecht,pm25,34,27.0,98.0,65.0,1900.19
2022-03-04,NL,Nijmegen,pm25,47,36.0,101.0,72.0,1698.62
2022-03-04,NL,Haarlem,pm25,144,29.0,153.0,71.0,3213.6
2022-03-04,NL,Eindhoven,pm25,24,35.0,90.0,65.0,1594.33
2022-03-04,NL,Rotterdam,pm25,191,56.0,113.0,76.0,544.78
2022-03-04,NL,Amsterdam,pm25,264,20.0,93.0,65.0,1192.52
2022-03-04,NL,Dordrecht,pm25,24,60.0,106.0,73.0,1560.8
2022-03-04,NL,Breda,pm25,24,53.0,84.0,72.0,638.97
2022-03-04,NL,Groningen,pm25,48,6.0,70.0,53.0,3272.06
2022-03-04,NL,Maastricht,pm25,96,38.0,109.0,72.0,1939.81
2022-03-04,NL,The Hague,pm25,72,43.0,96.0,76.0,1002.22
2022-03-04,PT,Lisbon,pm25,24,14.0,19.0,15.0,37.32
2022-03-04,PT,Funchal,pm25,47,1.0,24.0,9.0,449.7
2022-03-04,CA,Hamilton,pm25,89,9.0,61.0,25.0,1478.84
2022-03-04,CA,Calgary,pm25,91,13.0,61.0,30.0,1294.54
2022-03-04,CA,Winnipeg,pm25,24,20.0,57.0,36.0,843.75
2022-03-04,CA,Halifax,pm25,46,13.0,40.0,18.0,374.83
2022-03-04,CA,Kitchener,pm25,45,13.0,61.0,25.0,2359.77
2022-03-04,CA,Edmonton,pm25,137,2.0,91.0,15.0,1401.49
2022-03-04,CA,Mississauga,pm25,70,17.0,61.0,30.0,1578.07
2022-03-04,CA,Québec,pm25,181,16.0,86.0,31.0,1306.5
2022-03-04,CA,Vancouver,pm25,23,6.0,35.0,10.0,586.01
2022-03-04,CA,Victoria,pm25,42,5.0,63.0,25.0,1454.34
2022-03-04,CA,Montréal,pm25,383,15.0,142.0,33.0,2082.79
2022-03-04,CA,Toronto,pm25,140,13.0,65.0,34.0,1720.23
2022-03-04,CA,Ottawa,pm25,71,17.0,87.0,30.0,1991.09
2022-03-04,CA,London,pm25,45,9.0,42.0,21.0,708.18
2022-03-04,US,Oklahoma City,pm25,95,32.0,99.0,57.0,2503.55
2022-03-04,US,Raleigh,pm25,67,5.0,57.0,20.0,1215.2
2022-03-04,US,Memphis,pm25,70,17.0,90.0,60.0,1465.47
2022-03-04,US,Jackson,pm25,72,17.0,151.0,87.0,8767.87
2022-03-04,US,Boston,pm25,99,5.0,57.0,25.0,963.15
2022-03-04,US,Richmond,pm25,96,13.0,49.0,22.0,546.51
2022-03-04,US,Portland,pm25,162,5.0,60.0,13.0,947.63
2022-03-04,US,Boise,pm25,7,30.0,30.0,30.0,0.0
2022-03-04,US,Austin,pm25,42,9.0,59.0,34.0,1601.49
2022-03-04,US,Honolulu,pm25,50,5.0,42.0,13.0,708.82
2022-03-04,US,Fresno,pm25,47,9.0,55.0,27.0,1011.59
2022-03-04,US,Milwaukee,pm25,139,15.0,55.0,28.0,668.0
2022-03-04,US,Hartford,pm25,48,15.0,45.0,20.0,437.55
2022-03-04,US,Washington D.C.,pm25,119,5.0,59.0,25.0,1637.79
2022-03-04,US,Chicago,pm25,214,2.0,64.0,29.0,1491.11
2022-03-04,US,Houston,pm25,48,21.0,89.0,43.0,2452.7
2022-03-04,US,Indianapolis,pm25,24,23.0,47.0,35.0,433.02
2022-03-04,US,Atlanta,pm25,24,53.0,147.0,72.0,3836.07
2022-03-04,US,Charlotte,pm25,21,21.0,72.0,38.0,2236.62
2022-03-04,US,Sacramento,pm25,72,5.0,53.0,25.0,1216.42
2022-03-04,US,Oakland,pm25,116,9.0,57.0,34.0,1447.2
2022-03-04,US,Providence,pm25,36,5.0,61.0,21.0,1328.85
2022-03-04,US,Staten Island,pm25,73,2.0,46.0,21.0,848.74
2022-03-04,US,Brooklyn,pm25,108,3.0,79.0,26.0,2337.63
2022-03-04,US,Springfield,pm25,72,13.0,63.0,34.0,1278.59
2022-03-04,US,The Bronx,pm25,32,16.0,79.0,50.0,2910.81
2022-03-04,US,San Jose,pm25,94,13.0,65.0,34.0,1253.49
2022-03-04,US,Los Angeles,pm25,67,4.0,56.0,27.0,2152.91
2022-03-04,US,Detroit,pm25,163,23.0,114.0,45.0,1861.48
2022-03-04,US,Little Rock,pm25,24,40.0,125.0,66.0,6353.62
2022-03-04,US,Baltimore,pm25,48,5.0,70.0,25.0,2849.34
2022-03-04,US,Phoenix,pm25,190,2.0,98.0,15.0,1279.14
2022-03-04,US,Omaha,pm25,48,13.0,68.0,42.0,2743.55
2022-03-04,US,El Paso,pm25,166,3.0,163.0,42.0,10796.5
2022-03-04,US,Dallas,pm25,24,3.0,48.0,25.0,1275.58
2022-03-04,US,Seattle,pm25,255,5.0,76.0,21.0,830.04
2022-03-04,US,Manhattan,pm25,42,10.0,54.0,23.0,936.2
2022-03-04,US,Miami,pm25,94,13.0,62.0,17.0,524.64
2022-03-04,US,Jacksonville,pm25,144,18.0,121.0,78.0,4125.83
2022-03-04,US,San Antonio,pm25,70,2.0,60.0,27.0,2482.33
2022-03-04,US,Philadelphia,pm25,72,3.0,69.0,32.0,2779.06
2022-03-04,US,San Diego,pm25,23,3.0,42.0,16.0,1651.46
2022-03-04,US,Columbus,pm25,48,4.0,51.0,26.0,724.61
2022-03-04,US,Saint Paul,pm25,143,5.0,55.0,30.0,1002.77
2022-03-04,US,Denver,pm25,144,13.0,80.0,34.0,3592.71
2022-03-04,US,Salt Lake City,pm25,214,5.0,46.0,13.0,609.38
2022-03-04,US,Albuquerque,pm25,69,10.0,221.0,19.0,11850.5
2022-03-04,US,San Francisco,pm25,69,9.0,53.0,30.0,777.05
2022-03-04,US,Salem,pm25,72,8.0,72.0,12.0,1139.14
2022-03-04,US,Madison,pm25,48,21.0,40.0,29.0,309.25
2022-03-04,US,Nashville,pm25,96,17.0,86.0,57.0,2831.18
2022-03-04,US,Tucson,pm25,159,5.0,53.0,21.0,1008.2
2022-03-04,US,Queens,pm25,90,8.0,53.0,25.0,825.62
2022-03-04,US,Tallahassee,pm25,72,29.0,179.0,71.0,16430.6
2022-03-04,US,Fort Worth,pm25,24,17.0,55.0,38.0,1651.29
2022-03-04,RS,Novi Sad,pm25,48,71.0,159.0,118.0,7105.95
2022-03-04,RS,Niš,pm25,48,71.0,193.0,141.0,13436.4
2022-03-04,RS,Belgrade,pm25,120,70.0,173.0,137.0,8054.32
2022-03-04,CY,Nicosia,pm25,24,29.0,90.0,46.0,2333.04
2022-03-04,CY,Limassol,pm25,24,10.0,72.0,47.0,2671.52
2022-03-04,HR,Zagreb,pm25,23,72.0,151.0,104.0,5267.83
2022-03-04,HR,Rijeka,pm25,55,53.0,97.0,65.0,747.49
2022-03-04,MK,Skopje,pm25,168,30.0,182.0,93.0,17105.8
2022-03-05,GE,Tbilisi,pm25,96,11.0,38.0,26.0,719.46
2022-03-05,HU,Győr,pm25,48,38.0,99.0,68.0,1079.25
2022-03-05,HU,Szeged,pm25,23,46.0,72.0,65.0,499.01
2022-03-05,HU,Pécs,pm25,69,46.0,134.0,63.0,9404.5
2022-03-05,HU,Miskolc,pm25,118,38.0,154.0,65.0,9332.12
2022-03-05,HU,Budapest,pm25,360,21.0,147.0,63.0,5620.22
2022-03-05,JP,Fukuoka,pm25,431,9.0,122.0,65.0,4377.21
2022-03-05,JP,Kanazawa,pm25,241,5.0,97.0,59.0,3321.14
2022-03-05,JP,Kumamoto,pm25,382,5.0,152.0,63.0,6653.14
2022-03-05,JP,Akita,pm25,5,9.0,38.0,25.0,1507.0
2022-03-05,JP,Kochi,pm25,48,17.0,76.0,38.0,2268.83
2022-03-05,JP,Gifu-shi,pm25,187,5.0,102.0,53.0,3167.46
2022-03-05,JP,Kyoto,pm25,580,5.0,102.0,63.0,1594.73
2022-03-05,JP,Hiroshima,pm25,322,9.0,112.0,65.0,4401.26
2022-03-05,JP,Shizuoka,pm25,260,13.0,124.0,55.0,3262.66
2022-03-05,JP,Chiba,pm25,761,5.0,227.0,55.0,5629.87
2022-03-05,JP,Sapporo,pm25,212,5.0,65.0,30.0,1392.07
2022-03-05,JP,Yokohama,pm25,529,1.0,93.0,53.0,3602.82
2022-03-05,JP,Tokyo,pm25,2584,5.0,114.0,57.0,2935.22
2022-03-05,JP,Saitama,pm25,496,5.0,93.0,53.0,2720.21
2022-03-05,JP,Naha,pm25,144,5.0,63.0,21.0,1660.59
2022-03-05,JP,Nagasaki,pm25,184,5.0,93.0,50.0,3590.71
2022-03-05,JP,Toyama,pm25,167,9.0,119.0,57.0,4157.86
2022-03-05,JP,Niigata,pm25,213,5.0,104.0,38.0,3789.58
2022-03-05,JP,Nara-shi,pm25,174,9.0,112.0,59.0,3118.08
2022-03-05,JP,Okayama,pm25,287,9.0,153.0,74.0,5203.63
2022-03-05,JP,Sendai,pm25,459,5.0,61.0,30.0,1771.13
2022-03-05,JP,Osaka,pm25,1475,5.0,137.0,61.0,2796.83
2022-03-05,JP,Miyazaki,pm25,141,5.0,102.0,57.0,3986.02
2022-03-05,JP,Matsuyama,pm25,165,5.0,117.0,55.0,3333.95
2022-03-05,JP,Wakayama,pm25,288,13.0,91.0,53.0,2821.64
2022-03-05,JP,Takamatsu,pm25,239,13.0,93.0,55.0,2146.69
2022-03-05,JP,Nagoya,pm25,431,5.0,154.0,55.0,2199.48
2022-03-05,JP,Ōita,pm25,261,9.0,112.0,57.0,3898.41
2022-03-05,JP,Kobe,pm25,427,5.0,95.0,57.0,2128.35
2022-03-05,JP,Nagano,pm25,96,5.0,124.0,38.0,6182.67
2022-03-05,JP,Utsunomiya,pm25,403,5.0,169.0,57.0,6495.39
2022-03-05,JP,Kagoshima,pm25,94,30.0,127.0,55.0,2157.04
2022-03-05,SK,Košice,pm25,96,21.0,112.0,59.0,3495.15
2022-03-05,SK,Bratislava,pm25,96,50.0,119.0,70.0,1274.2
2022-03-05,FI,Vantaa,pm25,24,1.0,65.0,14.0,7271.23
2022-03-05,FI,Turku,pm25,23,2.0,27.0,14.0,341.5
2022-03-05,FI,Helsinki,pm25,116,1.0,73.0,21.0,2679.34
2022-03-05,FI,Tampere,pm25,96,3.0,65.0,15.0,2494.53
2022-03-05,ET,Addis Ababa,pm25,48,38.0,163.0,63.0,4900.43
2022-03-05,CH,Zürich,pm25,11,2.0,3.0,3.0,2.18
2022-03-05,CO,Bogotá,pm25,334,17.0,146.0,68.0,3865.12
2022-03-05,CO,Medellín,pm25,304,30.0,102.0,61.0,1758.0
2022-03-05,DK,Copenhagen,pm25,24,15.0,42.0,29.0,470.71
2022-03-05,EC,Quito,pm25,184,3.0,132.0,45.0,6775.0
2022-03-05,GB,Edinburgh,pm25,283,6.0,70.0,13.0,1262.66
2022-03-05,GB,Norwich,pm25,24,11.0,114.0,73.0,3834.49
2022-03-05,GB,Liverpool,pm25,25,5.0,27.0,17.0,446.9
2022-03-05,GB,Belfast,pm25,62,15.0,54.0,24.0,787.44
2022-03-05,GB,Coventry,pm25,46,17.0,41.0,24.0,312.44
2022-03-05,GB,Leeds,pm25,42,12.0,61.0,25.0,1729.73
2022-03-05,GB,Cardiff,pm25,119,5.0,53.0,30.0,969.52
2022-03-05,GB,Bristol,pm25,69,9.0,50.0,21.0,679.85
2022-03-05,GB,London,pm25,433,3.0,152.0,28.0,5936.9
2022-03-05,GB,Birmingham,pm25,29,30.0,52.0,35.0,673.3
2022-03-05,GB,Sheffield,pm25,81,10.0,42.0,22.0,574.75
2022-03-05,GB,Newport,pm25,41,8.0,21.0,13.0,99.51
2022-03-05,GB,Leicester,pm25,14,21.0,52.0,24.0,637.2
2022-03-05,GB,Manchester,pm25,75,13.0,53.0,25.0,777.05
2022-03-05,GB,Reading,pm25,47,5.0,119.0,21.0,7437.24
2022-03-05,GB,Plymouth,pm25,17,9.0,26.0,19.0,295.15
2022-03-05,GB,Glasgow,pm25,558,1.0,84.0,17.0,1410.77
2022-03-05,GB,Preston,pm25,34,10.0,45.0,22.0,953.26
2022-03-05,GB,Swansea,pm25,94,5.0,42.0,25.0,821.06
2022-03-05,GB,Southend-on-Sea,pm25,48,6.0,123.0,53.0,10864.0
2022-03-05,ID,Jakarta,pm25,70,13.0,117.0,61.0,5824.43
2022-03-05,NP,Kathmandu,pm25,48,61.0,178.0,137.0,11225.8
2022-03-05,AU,Sydney,pm25,111,3.0,68.0,18.0,1495.26
2022-03-05,AU,Newcastle,pm25,133,2.0,89.0,19.0,2546.99
2022-03-05,AU,Launceston,pm25,116,5.0,78.0,9.0,990.52
2022-03-05,AU,Hobart,pm25,43,5.0,34.0,13.0,299.28
2022-03-05,AU,Darwin,pm25,72,1.0,56.0,36.0,2363.59
2022-03-05,AU,Melbourne,pm25,159,1.0,73.0,21.0,2088.36
2022-03-05,AU,Canberra,pm25,52,2.0,61.0,17.0,2703.98
2022-03-05,AU,Adelaide,pm25,81,1.0,49.0,13.0,609.1
2022-03-05,AU,Brisbane,pm25,96,11.0,55.0,20.0,463.95
2022-03-05,AU,Perth,pm25,72,2.0,9.0,4.0,36.12
2022-03-05,AU,Wollongong,pm25,37,1.0,93.0,27.0,4310.81
2022-03-05,CI,Abidjan,pm25,15,72.0,154.0,78.0,4036.67
2022-03-05,GH,Accra,pm25,24,61.0,134.0,82.0,3522.01
2022-03-05,IQ,Baghdad,pm25,24,63.0,724.0,158.0,224052.0
2022-03-05,IS,Reykjavík,pm25,93,4.0,30.0,18.0,424.76
2022-03-05,KG,Bishkek,pm25,21,9.0,152.0,30.0,15287.9
2022-03-05,NL,Utrecht,pm25,48,52.0,110.0,85.0,1948.29
2022-03-05,NL,Nijmegen,pm25,47,60.0,123.0,80.0,2225.11
2022-03-05,NL,Haarlem,pm25,143,25.0,124.0,73.0,2856.54
2022-03-05,NL,Eindhoven,pm25,24,57.0,116.0,82.0,2923.32
2022-03-05,NL,Rotterdam,pm25,192,30.0,127.0,82.0,1837.89
2022-03-05,NL,Amsterdam,pm25,264,41.0,121.0,71.0,1610.35
2022-03-05,NL,Dordrecht,pm25,24,68.0,108.0,91.0,1273.62
2022-03-05,NL,Breda,pm25,24,56.0,106.0,90.0,1478.24
2022-03-05,NL,Groningen,pm25,48,25.0,70.0,51.0,963.08
2022-03-05,NL,Maastricht,pm25,92,59.0,129.0,80.0,1483.84
2022-03-05,NL,The Hague,pm25,72,49.0,98.0,78.0,1471.31
2022-03-05,PT,Lisbon,pm25,3,20.0,23.0,22.0,23.33
2022-03-05,PT,Funchal,pm25,57,1.0,58.0,11.0,2138.98
2022-03-05,CA,Hamilton,pm25,94,30.0,68.0,46.0,858.27
2022-03-05,CA,Calgary,pm25,92,19.0,70.0,35.0,1481.24
2022-03-05,CA,Winnipeg,pm25,24,10.0,20.0,12.0,54.71
2022-03-05,CA,Halifax,pm25,46,15.0,44.0,23.0,453.94
2022-03-05,CA,Kitchener,pm25,46,17.0,57.0,42.0,1004.47
2022-03-05,CA,Edmonton,pm25,136,11.0,71.0,42.0,1685.11
2022-03-05,CA,Mississauga,pm25,70,13.0,76.0,46.0,1291.86
2022-03-05,CA,Québec,pm25,178,16.0,92.0,33.0,2641.49
2022-03-05,CA,Vancouver,pm25,23,5.0,48.0,17.0,1571.58
2022-03-05,CA,Victoria,pm25,46,9.0,82.0,30.0,3912.87
2022-03-05,CA,Montréal,pm25,401,15.0,138.0,49.0,3774.95
2022-03-05,CA,Toronto,pm25,142,13.0,80.0,46.0,2891.32
2022-03-05,CA,Ottawa,pm25,71,17.0,62.0,38.0,1480.96
2022-03-05,CA,London,pm25,45,9.0,57.0,30.0,2171.18
2022-03-05,US,Oklahoma City,pm25,96,20.0,67.0,35.0,1361.74
2022-03-05,US,Raleigh,pm25,72,13.0,91.0,40.0,3238.82
2022-03-05,US,Memphis,pm25,71,13.0,110.0,56.0,4464.12
2022-03-05,US,Jackson,pm25,72,5.0,81.0,47.0,3703.0
2022-03-05,US,Boston,pm25,120,13.0,63.0,38.0,1175.12
2022-03-05,US,Richmond,pm25,96,22.0,55.0,31.0,715.15
2022-03-05,US,Portland,pm25,167,9.0,50.0,23.0,1123.0
2022-03-05,US,Boise,pm25,9,5.0,30.0,30.0,1215.28
2022-03-05,US,Austin,pm25,46,5.0,57.0,25.0,2431.92
2022-03-05,US,Honolulu,pm25,63,5.0,46.0,17.0,1007.56
2022-03-05,US,Fresno,pm25,45,3.0,54.0,20.0,1239.34
2022-03-05,US,Milwaukee,pm25,144,20.0,106.0,46.0,3069.97
2022-03-05,US,Hartford,pm25,48,31.0,73.0,53.0,1090.31
2022-03-05,US,Washington D.C.,pm25,117,5.0,70.0,30.0,1459.34
2022-03-05,US,Chicago,pm25,213,16.0,84.0,45.0,1894.02
2022-03-05,US,Houston,pm25,48,12.0,75.0,45.0,1340.57
2022-03-05,US,Indianapolis,pm25,24,28.0,74.0,43.0,2417.1
2022-03-05,US,Atlanta,pm25,24,57.0,87.0,73.0,666.07
2022-03-05,US,Charlotte,pm25,24,50.0,87.0,70.0,1120.8
2022-03-05,US,Sacramento,pm25,69,2.0,93.0,17.0,2680.59
2022-03-05,US,Oakland,pm25,102,5.0,63.0,17.0,2181.04
2022-03-05,US,Providence,pm25,46,9.0,72.0,34.0,2784.44
2022-03-05,US,Staten Island,pm25,48,8.0,63.0,28.0,2956.91
2022-03-05,US,Brooklyn,pm25,120,21.0,71.0,47.0,1809.5
2022-03-05,US,Springfield,pm25,67,33.0,73.0,53.0,1181.65
2022-03-05,US,The Bronx,pm25,48,21.0,66.0,40.0,1590.64
2022-03-05,US,San Jose,pm25,85,5.0,59.0,17.0,1398.96
2022-03-05,US,Los Angeles,pm25,71,5.0,68.0,34.0,1256.82
2022-03-05,US,Detroit,pm25,143,20.0,120.0,46.0,2972.57
2022-03-05,US,Little Rock,pm25,24,19.0,84.0,54.0,2834.71
2022-03-05,US,Baltimore,pm25,48,13.0,70.0,46.0,3032.32
2022-03-05,US,Phoenix,pm25,190,1.0,52.0,16.0,1007.19
2022-03-05,US,Omaha,pm25,48,17.0,74.0,50.0,2646.95
2022-03-05,US,El Paso,pm25,160,5.0,95.0,25.0,3706.16
2022-03-05,US,Dallas,pm25,24,7.0,51.0,27.0,1446.3
2022-03-05,US,Seattle,pm25,259,5.0,76.0,30.0,2852.82
2022-03-05,US,Manhattan,pm25,46,3.0,60.0,36.0,1699.21
2022-03-05,US,Miami,pm25,94,18.0,38.0,27.0,264.12
2022-03-05,US,Jacksonville,pm25,143,9.0,69.0,32.0,1648.94
2022-03-05,US,San Antonio,pm25,71,5.0,75.0,31.0,2532.24
2022-03-05,US,Philadelphia,pm25,48,30.0,95.0,54.0,3797.51
2022-03-05,US,San Diego,pm25,24,8.0,39.0,22.0,692.97
2022-03-05,US,Columbus,pm25,48,5.0,82.0,37.0,3996.15
2022-03-05,US,Saint Paul,pm25,138,5.0,72.0,46.0,2547.49
2022-03-05,US,Denver,pm25,132,5.0,63.0,30.0,2691.07
2022-03-05,US,Salt Lake City,pm25,216,3.0,53.0,17.0,921.15
2022-03-05,US,Albuquerque,pm25,55,6.0,52.0,12.0,1315.81
2022-03-05,US,San Francisco,pm25,54,5.0,55.0,13.0,1998.56
2022-03-05,US,Salem,pm25,72,11.0,68.0,21.0,1424.87
2022-03-05,US,Madison,pm25,48,23.0,87.0,50.0,2749.34
2022-03-05,US,Nashville,pm25,96,17.0,134.0,68.0,8519.26
2022-03-05,US,Tucson,pm25,133,5.0,46.0,17.0,744.85
2022-03-05,US,Queens,pm25,96,12.0,62.0,35.0,1726.79
2022-03-05,US,Tallahassee,pm25,69,1.0,113.0,65.0,6276.6
2022-03-05,US,Fort Worth,pm25,24,13.0,46.0,25.0,883.03
2022-03-05,RS,Novi Sad,pm25,48,64.0,164.0,96.0,9846.52
2022-03-05,RS,Niš,pm25,48,70.0,158.0,106.0,5438.44
2022-03-05,RS,Belgrade,pm25,120,71.0,155.0,98.0,4076.4
2022-03-05,CY,Nicosia,pm25,24,25.0,95.0,55.0,2853.62
2022-03-05,CY,Limassol,pm25,22,9.0,100.0,43.0,5148.94
2022-03-05,HR,Zagreb,pm25,24,69.0,120.0,84.0,1590.14
2022-03-05,HR,Rijeka,pm25,60,40.0,93.0,60.0,1166.81
2022-03-05,MK,Skopje,pm25,168,36.0,185.0,104.0,15463.5
2022-03-06,GE,Tbilisi,pm25,96,26.0,54.0,44.0,590.86
2022-03-06,HU,Győr,pm25,47,17.0,89.0,61.0,2644.01
2022-03-06,HU,Szeged,pm25,23,21.0,74.0,38.0,2826.05
2022-03-06,HU,Pécs,pm25,72,30.0,72.0,57.0,1698.15
2022-03-06,HU,Miskolc,pm25,117,30.0,161.0,59.0,6260.11
2022-03-06,HU,Budapest,pm25,353,9.0,78.0,53.0,1139.84
2022-03-06,JP,Fukuoka,pm25,401,5.0,70.0,25.0,1510.89
2022-03-06,JP,Kanazawa,pm25,252,5.0,78.0,30.0,1981.01
2022-03-06,JP,Kumamoto,pm25,331,5.0,137.0,25.0,2105.14
2022-03-06,JP,Kochi,pm25,47,9.0,78.0,42.0,2810.18
2022-03-06,JP,Gifu-shi,pm25,172,5.0,114.0,46.0,5282.28
2022-03-06,JP,Kyoto,pm25,578,5.0,82.0,46.0,3487.52
2022-03-06,JP,Hiroshima,pm25,307,5.0,112.0,42.0,4073.51
2022-03-06,JP,Shizuoka,pm25,234,5.0,139.0,34.0,8343.24
2022-03-06,JP,Chiba,pm25,674,5.0,85.0,30.0,3273.35
2022-03-06,JP,Sapporo,pm25,207,5.0,74.0,34.0,2253.3
2022-03-06,JP,Yokohama,pm25,492,1.0,91.0,25.0,3372.44
2022-03-06,JP,Tokyo,pm25,2492,1.0,85.0,30.0,3122.16
2022-03-06,JP,Saitama,pm25,482,5.0,91.0,25.0,3147.71
2022-03-06,JP,Naha,pm25,144,9.0,80.0,55.0,2805.16
2022-03-06,JP,Nagasaki,pm25,166,5.0,53.0,17.0,914.47
2022-03-06,JP,Toyama,pm25,161,5.0,76.0,30.0,1694.73
2022-03-06,JP,Niigata,pm25,213,5.0,80.0,38.0,2075.33
2022-03-06,JP,Nara-shi,pm25,189,5.0,89.0,50.0,4033.27
2022-03-06,JP,Okayama,pm25,285,9.0,99.0,53.0,2880.25
2022-03-06,JP,Sendai,pm25,427,5.0,57.0,17.0,1185.87
2022-03-06,JP,Osaka,pm25,1461,5.0,99.0,50.0,3833.35
2022-03-06,JP,Miyazaki,pm25,131,5.0,61.0,34.0,2153.01
2022-03-06,JP,Matsuyama,pm25,155,5.0,122.0,42.0,4855.35
2022-03-06,JP,Wakayama,pm25,288,5.0,166.0,59.0,4068.7
2022-03-06,JP,Takamatsu,pm25,236,5.0,82.0,46.0,3203.93
2022-03-06,JP,Nagoya,pm25,422,5.0,93.0,30.0,4686.56
2022-03-06,JP,Ōita,pm25,238,5.0,59.0,25.0,1452.38
2022-03-06,JP,Kobe,pm25,423,5.0,85.0,53.0,2862.97
2022-03-06,JP,Nagano,pm25,90,5.0,74.0,25.0,2369.04
2022-03-06,JP,Utsunomiya,pm25,389,5.0,63.0,21.0,1592.15
2022-03-06,JP,Kagoshima,pm25,95,9.0,63.0,30.0,783.74
2022-03-06,SK,Košice,pm25,92,17.0,104.0,46.0,3696.06
2022-03-06,SK,Bratislava,pm25,96,50.0,172.0,70.0,4645.75
2022-03-06,FI,Vantaa,pm25,24,1.0,18.0,10.0,137.97
2022-03-06,FI,Turku,pm25,24,3.0,20.0,7.0,127.75
2022-03-06,FI,Helsinki,pm25,117,2.0,17.0,9.0,56.16
2022-03-06,FI,Tampere,pm25,96,3.0,21.0,7.0,82.75
2022-03-06,ET,Addis Ababa,pm25,46,30.0,152.0,59.0,7952.08
2022-03-06,CH,Zürich,pm25,18,2.0,3.0,3.0,2.35
2022-03-06,CO,Bogotá,pm25,288,13.0,134.0,53.0,3144.14
2022-03-06,CO,Medellín,pm25,295,17.0,94.0,57.0,3127.53
2022-03-06,DK,Copenhagen,pm25,24,3.0,53.0,32.0,1019.93
2022-03-06,EC,Quito,pm25,190,1.0,104.0,39.0,6403.81
2022-03-06,GB,Edinburgh,pm25,288,10.0,56.0,26.0,1019.95
2022-03-06,GB,Norwich,pm25,22,25.0,59.0,46.0,1618.1
2022-03-06,GB,Liverpool,pm25,45,5.0,51.0,19.0,911.28
2022-03-06,GB,Belfast,pm25,89,17.0,124.0,57.0,4666.03
2022-03-06,GB,Coventry,pm25,54,21.0,45.0,32.0,432.33
2022-03-06,GB,Leeds,pm25,30,17.0,59.0,28.0,1357.06
2022-03-06,GB,Cardiff,pm25,120,13.0,63.0,42.0,1132.17
2022-03-06,GB,Bristol,pm25,72,9.0,59.0,34.0,1512.96
2022-03-06,GB,London,pm25,412,1.0,95.0,30.0,2038.09
2022-03-06,GB,Birmingham,pm25,30,23.0,68.0,30.0,943.23
2022-03-06,GB,Sheffield,pm25,75,17.0,72.0,25.0,1150.9
2022-03-06,GB,Newport,pm25,48,13.0,42.0,20.0,781.26
2022-03-06,GB,Leicester,pm25,18,23.0,44.0,30.0,419.38
2022-03-06,GB,Manchester,pm25,78,19.0,52.0,28.0,770.96
2022-03-06,GB,Reading,pm25,48,21.0,63.0,30.0,1662.27
2022-03-06,GB,Plymouth,pm25,46,9.0,60.0,25.0,1204.87
2022-03-06,GB,Glasgow,pm25,566,1.0,86.0,34.0,2168.89
2022-03-06,GB,Preston,pm25,43,15.0,60.0,22.0,1233.85
2022-03-06,GB,Swansea,pm25,96,17.0,65.0,38.0,1210.46
2022-03-06,GB,Southend-on-Sea,pm25,42,16.0,55.0,31.0,1851.25
2022-03-06,ID,Jakarta,pm25,68,5.0,129.0,46.0,10713.3
2022-03-06,NP,Kathmandu,pm25,48,93.0,191.0,147.0,5269.5
2022-03-06,AU,Sydney,pm25,78,1.0,30.0,10.0,411.56
2022-03-06,AU,Newcastle,pm25,130,2.0,57.0,16.0,1142.58
2022-03-06,AU,Launceston,pm25,89,5.0,13.0,9.0,66.35
2022-03-06,AU,Hobart,pm25,57,5.0,17.0,9.0,90.23
2022-03-06,AU,Darwin,pm25,72,10.0,50.0,25.0,1370.97
2022-03-06,AU,Melbourne,pm25,159,1.0,54.0,19.0,1712.7
2022-03-06,AU,Canberra,pm25,51,1.0,57.0,9.0,1806.9
2022-03-06,AU,Adelaide,pm25,80,4.0,47.0,21.0,1255.87
2022-03-06,AU,Brisbane,pm25,96,6.0,55.0,27.0,1023.09
2022-03-06,AU,Perth,pm25,69,2.0,8.0,4.0,25.22
2022-03-06,AU,Wollongong,pm25,27,1.0,79.0,13.0,2143.33
2022-03-06,GH,Accra,pm25,24,53.0,124.0,65.0,4323.46
2022-03-06,IQ,Baghdad,pm25,23,124.0,377.0,161.0,36924.7
2022-03-06,IS,Reykjavík,pm25,94,3.0,27.0,12.0,197.04
2022-03-06,KG,Bishkek,pm25,24,13.0,127.0,34.0,12418.5
2022-03-06,NL,Utrecht,pm25,48,29.0,88.0,52.0,2661.84
2022-03-06,NL,Nijmegen,pm25,47,18.0,93.0,60.0,2586.0
2022-03-06,NL,Haarlem,pm25,141,3.0,93.0,49.0,3367.86
2022-03-06,NL,Eindhoven,pm25,24,51.0,91.0,71.0,1762.45
2022-03-06,NL,Rotterdam,pm25,192,21.0,84.0,53.0,2613.99
2022-03-06,NL,Amsterdam,pm25,263,8.0,97.0,42.0,2916.71
2022-03-06,NL,Dordrecht,pm25,24,34.0,104.0,63.0,3484.76
2022-03-06,NL,Breda,pm25,24,12.0,100.0,67.0,4647.81
2022-03-06,NL,Groningen,pm25,48,13.0,68.0,33.0,1475.74
2022-03-06,NL,Maastricht,pm25,54,46.0,107.0,80.0,2448.08
2022-03-06,NL,The Hague,pm25,72,17.0,79.0,51.0,2485.63
2022-03-06,PT,Lisbon,pm25,25,17.0,55.0,31.0,1107.1
2022-03-06,PT,Funchal,pm25,59,1.0,58.0,11.0,704.3
2022-03-06,CA,Hamilton,pm25,94,5.0,70.0,34.0,2340.26
2022-03-06,CA,Calgary,pm25,92,5.0,112.0,13.0,2165.34
2022-03-06,CA,Winnipeg,pm25,24,8.0,10.0,9.0,2.61
2022-03-06,CA,Halifax,pm25,46,8.0,61.0,26.0,1078.05
2022-03-06,CA,Kitchener,pm25,46,5.0,72.0,34.0,2876.02
2022-03-06,CA,Edmonton,pm25,138,5.0,54.0,21.0,619.8
2022-03-06,CA,Mississauga,pm25,70,9.0,59.0,30.0,1942.77
2022-03-06,CA,Québec,pm25,188,12.0,83.0,27.0,2018.96
2022-03-06,CA,Vancouver,pm25,23,7.0,18.0,10.0,102.69
2022-03-06,CA,Victoria,pm25,45,13.0,74.0,34.0,2919.55
2022-03-06,CA,Montréal,pm25,397,9.0,108.0,44.0,5048.83
2022-03-06,CA,Toronto,pm25,139,5.0,68.0,25.0,2076.85
2022-03-06,CA,Ottawa,pm25,70,7.0,82.0,40.0,4943.69
2022-03-06,CA,London,pm25,42,17.0,61.0,34.0,1504.88
2022-03-06,US,Oklahoma City,pm25,96,18.0,64.0,39.0,1212.1
2022-03-06,US,Raleigh,pm25,69,5.0,63.0,40.0,1802.14
2022-03-06,US,Memphis,pm25,71,3.0,66.0,34.0,928.33
2022-03-06,US,Jackson,pm25,71,1.0,43.0,32.0,1460.99
2022-03-06,US,Boston,pm25,120,13.0,74.0,55.0,2571.98
2022-03-06,US,Richmond,pm25,96,31.0,78.0,52.0,1312.75
2022-03-06,US,Portland,pm25,168,14.0,89.0,34.0,2245.07
2022-03-06,US,Boise,pm25,18,5.0,25.0,9.0,593.99
2022-03-06,US,Austin,pm25,48,5.0,59.0,42.0,1004.4
2022-03-06,US,Honolulu,pm25,63,5.0,59.0,17.0,1113.43
2022-03-06,US,Fresno,pm25,48,4.0,75.0,30.0,3468.4
2022-03-06,US,Milwaukee,pm25,144,5.0,56.0,32.0,798.09
2022-03-06,US,Hartford,pm25,48,41.0,77.0,63.0,717.44
2022-03-06,US,Washington D.C.,pm25,120,9.0,78.0,50.0,2581.9
2022-03-06,US,Chicago,pm25,184,11.0,51.0,31.0,659.37
2022-03-06,US,Houston,pm25,48,20.0,57.0,42.0,860.35
2022-03-06,US,Indianapolis,pm25,24,25.0,60.0,39.0,1186.01
2022-03-06,US,Atlanta,pm25,24,32.0,71.0,52.0,1220.0
2022-03-06,US,Charlotte,pm25,24,5.0,99.0,38.0,4529.57
2022-03-06,US,Sacramento,pm25,72,16.0,152.0,40.0,8460.34
2022-03-06,US,Oakland,pm25,118,5.0,70.0,38.0,1644.77
2022-03-06,US,Providence,pm25,43,5.0,65.0,38.0,3255.64
2022-03-06,US,Staten Island,pm25,73,3.0,61.0,51.0,2611.12
2022-03-06,US,Brooklyn,pm25,129,26.0,79.0,58.0,1406.46
2022-03-06,US,Springfield,pm25,48,21.0,56.0,36.0,943.08
2022-03-06,US,The Bronx,pm25,48,26.0,66.0,53.0,1174.02
2022-03-06,US,San Jose,pm25,94,5.0,57.0,30.0,1531.49
2022-03-06,US,Los Angeles,pm25,71,5.0,81.0,35.0,2525.56
2022-03-06,US,Detroit,pm25,75,21.0,102.0,46.0,3537.58
2022-03-06,US,Little Rock,pm25,24,14.0,53.0,30.0,1490.71
2022-03-06,US,Baltimore,pm25,48,29.0,82.0,53.0,1606.38
2022-03-06,US,Phoenix,pm25,189,1.0,88.0,25.0,2725.18
2022-03-06,US,Omaha,pm25,46,9.0,61.0,30.0,1463.96
2022-03-06,US,El Paso,pm25,160,5.0,90.0,29.0,3693.08
2022-03-06,US,Dallas,pm25,24,12.0,51.0,29.0,876.94
2022-03-06,US,Seattle,pm25,264,13.0,89.0,52.0,3221.44
2022-03-06,US,Manhattan,pm25,57,17.0,72.0,54.0,1960.31
2022-03-06,US,Miami,pm25,94,29.0,52.0,38.0,430.2
2022-03-06,US,Jacksonville,pm25,143,8.0,58.0,31.0,705.05
2022-03-06,US,San Antonio,pm25,72,21.0,77.0,46.0,1730.84
2022-03-06,US,Philadelphia,pm25,66,20.0,82.0,57.0,1988.48
2022-03-06,US,San Diego,pm25,24,8.0,91.0,23.0,3259.93
2022-03-06,US,Columbus,pm25,48,36.0,72.0,52.0,767.93
2022-03-06,US,Saint Paul,pm25,137,5.0,55.0,21.0,784.43
2022-03-06,US,Denver,pm25,130,9.0,57.0,21.0,831.47
2022-03-06,US,Salt Lake City,pm25,216,4.0,49.0,13.0,588.05
2022-03-06,US,Albuquerque,pm25,72,11.0,62.0,19.0,1782.25
2022-03-06,US,San Francisco,pm25,72,5.0,117.0,30.0,3687.48
2022-03-06,US,Salem,pm25,72,20.0,103.0,39.0,3678.86
2022-03-06,US,Madison,pm25,48,14.0,39.0,23.0,326.22
2022-03-06,US,Nashville,pm25,96,18.0,75.0,40.0,1841.21
2022-03-06,US,Tucson,pm25,148,5.0,46.0,17.0,949.18
2022-03-06,US,Queens,pm25,96,15.0,63.0,53.0,1904.56
2022-03-06,US,Tallahassee,pm25,72,8.0,66.0,29.0,1810.07
2022-03-06,US,Fort Worth,pm25,22,5.0,61.0,42.0,1714.2
2022-03-06,RS,Novi Sad,pm25,48,58.0,156.0,79.0,4322.27
2022-03-06,RS,Niš,pm25,48,23.0,66.0,46.0,1272.09
2022-03-06,RS,Belgrade,pm25,120,53.0,125.0,76.0,2067.71
2022-03-06,CY,Nicosia,pm25,24,33.0,148.0,53.0,6575.49
2022-03-06,CY,Limassol,pm25,24,10.0,131.0,48.0,8924.28
2022-03-06,HR,Zagreb,pm25,24,52.0,88.0,63.0,1588.97
2022-03-06,HR,Rijeka,pm25,66,39.0,70.0,55.0,729.71
2022-03-06,MK,Skopje,pm25,167,57.0,201.0,156.0,19307.9
2022-03-07,GE,Tbilisi,pm25,96,52.0,79.0,59.0,463.16
2022-03-07,HU,Győr,pm25,46,42.0,85.0,65.0,855.48
2022-03-07,HU,Szeged,pm25,22,53.0,80.0,63.0,694.05
2022-03-07,HU,Pécs,pm25,72,74.0,93.0,80.0,272.38
2022-03-07,HU,Miskolc,pm25,84,57.0,158.0,80.0,4363.25
2022-03-07,HU,Budapest,pm25,355,17.0,132.0,85.0,1202.0
2022-03-07,JP,Fukuoka,pm25,428,9.0,89.0,55.0,1759.28
2022-03-07,JP,Kanazawa,pm25,249,5.0,68.0,30.0,1444.72
2022-03-07,JP,Kumamoto,pm25,369,5.0,114.0,61.0,4212.73
2022-03-07,JP,Akita,pm25,25,17.0,72.0,30.0,1960.0
2022-03-07,JP,Kochi,pm25,47,5.0,61.0,30.0,1435.34
2022-03-07,JP,Gifu-shi,pm25,165,5.0,74.0,30.0,2259.07
2022-03-07,JP,Kyoto,pm25,568,5.0,61.0,42.0,1089.92
2022-03-07,JP,Hiroshima,pm25,291,5.0,72.0,34.0,1735.47
2022-03-07,JP,Shizuoka,pm25,244,5.0,63.0,21.0,1534.89
2022-03-07,JP,Chiba,pm25,683,5.0,127.0,25.0,2318.55
2022-03-07,JP,Sapporo,pm25,197,5.0,50.0,17.0,895.73
2022-03-07,JP,Yokohama,pm25,485,1.0,76.0,25.0,2027.79
2022-03-07,JP,Tokyo,pm25,2491,1.0,151.0,25.0,1646.61
2022-03-07,JP,Saitama,pm25,486,5.0,68.0,25.0,1224.35
2022-03-07,JP,Naha,pm25,120,5.0,34.0,17.0,659.06
2022-03-07,JP,Nagasaki,pm25,185,5.0,85.0,53.0,2737.05
2022-03-07,JP,Toyama,pm25,166,5.0,72.0,34.0,1575.62
2022-03-07,JP,Niigata,pm25,208,5.0,57.0,25.0,1018.92
2022-03-07,JP,Nara-shi,pm25,160,9.0,59.0,38.0,1016.38
2022-03-07,JP,Okayama,pm25,278,5.0,82.0,42.0,1550.02
2022-03-07,JP,Sendai,pm25,375,5.0,50.0,13.0,582.23
2022-03-07,JP,Osaka,pm25,1443,5.0,95.0,38.0,1412.12
2022-03-07,JP,Miyazaki,pm25,135,5.0,99.0,46.0,3919.45
2022-03-07,JP,Matsuyama,pm25,156,5.0,80.0,42.0,2065.1
2022-03-07,JP,Wakayama,pm25,281,9.0,70.0,42.0,1114.59
2022-03-07,JP,Takamatsu,pm25,239,9.0,65.0,30.0,1200.77
2022-03-07,JP,Nagoya,pm25,427,1.0,87.0,25.0,1693.35
2022-03-07,JP,Ōita,pm25,258,5.0,76.0,38.0,2395.91
2022-03-07,JP,Kobe,pm25,417,9.0,82.0,38.0,1158.6
2022-03-07,JP,Nagano,pm25,94,5.0,57.0,25.0,1388.09
2022-03-07,JP,Utsunomiya,pm25,394,5.0,53.0,21.0,711.0
2022-03-07,JP,Kagoshima,pm25,94,5.0,76.0,59.0,4654.41
2022-03-07,SK,Košice,pm25,95,34.0,122.0,65.0,2887.57
2022-03-07,SK,Bratislava,pm25,96,30.0,91.0,65.0,2046.15
2022-03-07,FI,Vantaa,pm25,24,10.0,30.0,16.0,293.04
2022-03-07,FI,Turku,pm25,24,5.0,40.0,12.0,578.53
2022-03-07,FI,Helsinki,pm25,119,4.0,40.0,10.0,683.21
2022-03-07,FI,Tampere,pm25,96,2.0,26.0,5.0,246.24
2022-03-07,ET,Addis Ababa,pm25,48,38.0,157.0,63.0,3195.74
2022-03-07,CH,Zürich,pm25,18,2.0,4.0,2.0,3.79
2022-03-07,CO,Bogotá,pm25,296,5.0,151.0,38.0,3963.1
2022-03-07,CO,Medellín,pm25,298,17.0,90.0,53.0,2298.47
2022-03-07,DK,Copenhagen,pm25,24,17.0,51.0,26.0,1635.58
2022-03-07,EC,Quito,pm25,192,3.0,101.0,40.0,4767.84
2022-03-07,GB,Edinburgh,pm25,286,9.0,68.0,26.0,1249.15
2022-03-07,GB,Norwich,pm25,23,21.0,60.0,26.0,2392.41
2022-03-07,GB,Liverpool,pm25,30,17.0,64.0,38.0,1333.06
2022-03-07,GB,Belfast,pm25,92,24.0,119.0,59.0,2957.61
2022-03-07,GB,Coventry,pm25,53,17.0,71.0,25.0,2721.96
2022-03-07,GB,Leeds,pm25,40,25.0,55.0,34.0,621.53
2022-03-07,GB,Cardiff,pm25,108,9.0,78.0,25.0,3506.09
2022-03-07,GB,Bristol,pm25,68,5.0,76.0,30.0,3245.26
2022-03-07,GB,London,pm25,439,4.0,158.0,39.0,3747.79
2022-03-07,GB,Birmingham,pm25,41,21.0,73.0,25.0,2492.1
2022-03-07,GB,Sheffield,pm25,76,21.0,107.0,46.0,2485.62
2022-03-07,GB,Newport,pm25,45,13.0,68.0,19.0,3025.89
2022-03-07,GB,Leicester,pm25,22,17.0,64.0,21.0,2538.03
2022-03-07,GB,Manchester,pm25,80,28.0,73.0,39.0,778.58
2022-03-07,GB,Reading,pm25,48,13.0,72.0,30.0,3538.3
2022-03-07,GB,Plymouth,pm25,37,13.0,79.0,39.0,3372.58
2022-03-07,GB,Glasgow,pm25,555,1.0,65.0,32.0,1537.43
2022-03-07,GB,Preston,pm25,43,22.0,59.0,38.0,914.81
2022-03-07,GB,Swansea,pm25,96,17.0,82.0,30.0,3062.94
2022-03-07,GB,Southend-on-Sea,pm25,43,16.0,68.0,55.0,3769.19
2022-03-07,ID,Jakarta,pm25,71,21.0,85.0,53.0,2003.23
2022-03-07,NP,Kathmandu,pm25,48,82.0,214.0,153.0,9704.0
2022-03-07,AU,Sydney,pm25,119,1.0,71.0,13.0,1130.68
2022-03-07,AU,Newcastle,pm25,134,2.0,48.0,19.0,1065.82
2022-03-07,AU,Launceston,pm25,74,5.0,13.0,9.0,56.63
2022-03-07,AU,Hobart,pm25,48,5.0,21.0,9.0,117.38
2022-03-07,AU,Darwin,pm25,72,4.0,51.0,26.0,2160.83
2022-03-07,AU,Melbourne,pm25,151,3.0,67.0,26.0,1903.66
2022-03-07,AU,Canberra,pm25,37,1.0,47.0,9.0,1288.98
2022-03-07,AU,Adelaide,pm25,85,8.0,50.0,25.0,913.91
2022-03-07,AU,Brisbane,pm25,96,10.0,58.0,20.0,403.05
2022-03-07,AU,Perth,pm25,76,2.0,9.0,4.0,27.99
2022-03-07,AU,Wollongong,pm25,32,1.0,36.0,16.0,1066.93
2022-03-07,CI,Abidjan,pm25,12,74.0,112.0,87.0,1408.79
2022-03-07,GH,Accra,pm25,9,57.0,104.0,76.0,2654.44
2022-03-07,IQ,Baghdad,pm25,24,97.0,409.0,154.0,46133.8
2022-03-07,IS,Reykjavík,pm25,89,1.0,19.0,10.0,143.13
2022-03-07,KG,Bishkek,pm25,23,5.0,99.0,30.0,5704.47
2022-03-07,NL,Utrecht,pm25,48,38.0,170.0,56.0,3327.94
2022-03-07,NL,Nijmegen,pm25,46,38.0,85.0,53.0,1034.49
2022-03-07,NL,Haarlem,pm25,143,2.0,81.0,39.0,3616.09
2022-03-07,NL,Eindhoven,pm25,24,20.0,77.0,55.0,2128.62
2022-03-07,NL,Rotterdam,pm25,192,22.0,65.0,50.0,582.13
2022-03-07,NL,Amsterdam,pm25,249,2.0,68.0,39.0,1835.25
2022-03-07,NL,Dordrecht,pm25,22,38.0,66.0,55.0,792.55
2022-03-07,NL,Breda,pm25,24,35.0,76.0,56.0,1089.55
2022-03-07,NL,Groningen,pm25,48,9.0,56.0,28.0,1790.0
2022-03-07,NL,Maastricht,pm25,72,21.0,104.0,50.0,2621.83
2022-03-07,NL,The Hague,pm25,72,19.0,59.0,48.0,801.67
2022-03-07,PT,Lisbon,pm25,40,14.0,48.0,24.0,417.02
2022-03-07,PT,Funchal,pm25,54,1.0,25.0,10.0,439.81
2022-03-07,CA,Hamilton,pm25,81,5.0,34.0,13.0,383.3
2022-03-07,CA,Calgary,pm25,89,2.0,38.0,8.0,318.58
2022-03-07,CA,Winnipeg,pm25,24,9.0,34.0,17.0,1012.75
2022-03-07,CA,Halifax,pm25,46,13.0,79.0,39.0,4276.29
2022-03-07,CA,Kitchener,pm25,41,5.0,34.0,13.0,409.95
2022-03-07,CA,Edmonton,pm25,125,2.0,37.0,10.0,420.74
2022-03-07,CA,Mississauga,pm25,49,5.0,42.0,13.0,1337.6
2022-03-07,CA,Québec,pm25,188,5.0,53.0,22.0,1471.21
2022-03-07,CA,Vancouver,pm25,19,8.0,48.0,18.0,1257.31
2022-03-07,CA,Victoria,pm25,38,13.0,70.0,46.0,2481.85
2022-03-07,CA,Montréal,pm25,351,3.0,51.0,18.0,1129.75
2022-03-07,CA,Toronto,pm25,112,5.0,34.0,13.0,537.16
2022-03-07,CA,Ottawa,pm25,61,9.0,25.0,16.0,211.11
2022-03-07,CA,London,pm25,34,5.0,38.0,13.0,772.13
2022-03-07,US,Oklahoma City,pm25,96,20.0,53.0,30.0,473.68
2022-03-07,US,Raleigh,pm25,52,13.0,61.0,37.0,1502.37
2022-03-07,US,Memphis,pm25,70,5.0,52.0,16.0,1153.42
2022-03-07,US,Jackson,pm25,72,8.0,45.0,21.0,1185.9
2022-03-07,US,Boston,pm25,130,5.0,63.0,38.0,2205.93
2022-03-07,US,Richmond,pm25,96,15.0,50.0,38.0,578.92
2022-03-07,US,Portland,pm25,167,18.0,101.0,54.0,3245.85
2022-03-07,US,Boise,pm25,66,5.0,59.0,21.0,1299.42
2022-03-07,US,Austin,pm25,36,5.0,55.0,13.0,1517.04
2022-03-07,US,Honolulu,pm25,67,5.0,55.0,17.0,895.48
2022-03-07,US,Fresno,pm25,48,19.0,62.0,42.0,1245.94
2022-03-07,US,Milwaukee,pm25,144,10.0,62.0,26.0,1618.77
2022-03-07,US,Hartford,pm25,47,22.0,63.0,51.0,1913.76
2022-03-07,US,Washington D.C.,pm25,108,5.0,53.0,33.0,1160.59
2022-03-07,US,Chicago,pm25,198,7.0,55.0,28.0,863.16
2022-03-07,US,Houston,pm25,47,5.0,65.0,26.0,2462.85
2022-03-07,US,Indianapolis,pm25,12,14.0,50.0,18.0,1445.68
2022-03-07,US,Atlanta,pm25,24,20.0,111.0,51.0,6282.32
2022-03-07,US,Charlotte,pm25,24,21.0,68.0,34.0,1446.79
2022-03-07,US,Sacramento,pm25,70,5.0,102.0,22.0,3621.5
2022-03-07,US,Oakland,pm25,110,5.0,63.0,30.0,1669.07
2022-03-07,US,Providence,pm25,47,5.0,63.0,34.0,2490.65
2022-03-07,US,Staten Island,pm25,108,8.0,78.0,46.0,1842.64
2022-03-07,US,Brooklyn,pm25,144,1.0,86.0,49.0,1571.75
2022-03-07,US,Springfield,pm25,46,10.0,51.0,28.0,989.07
2022-03-07,US,The Bronx,pm25,48,1.0,58.0,45.0,1308.92
2022-03-07,US,San Jose,pm25,91,5.0,76.0,25.0,2246.94
2022-03-07,US,Los Angeles,pm25,71,11.0,86.0,48.0,2906.17
2022-03-07,US,Detroit,pm25,59,10.0,40.0,19.0,647.0
2022-03-07,US,Little Rock,pm25,21,1.0,38.0,20.0,790.14
2022-03-07,US,Baltimore,pm25,45,5.0,48.0,21.0,1186.65
2022-03-07,US,Phoenix,pm25,187,1.0,88.0,23.0,4147.78
2022-03-07,US,Omaha,pm25,43,5.0,42.0,17.0,1444.92
2022-03-07,US,El Paso,pm25,166,5.0,55.0,21.0,1235.54
2022-03-07,US,Dallas,pm25,24,7.0,23.0,15.0,243.41
2022-03-07,US,Seattle,pm25,263,9.0,87.0,50.0,3886.7
2022-03-07,US,Manhattan,pm25,70,5.0,72.0,49.0,2401.13
2022-03-07,US,Miami,pm25,94,31.0,54.0,47.0,335.47
2022-03-07,US,Jacksonville,pm25,138,15.0,65.0,39.0,777.49
2022-03-07,US,San Antonio,pm25,58,1.0,73.0,10.0,4469.55
2022-03-07,US,Philadelphia,pm25,95,6.0,82.0,39.0,2338.53
2022-03-07,US,San Diego,pm25,24,7.0,60.0,22.0,2911.01
2022-03-07,US,Columbus,pm25,47,5.0,39.0,22.0,763.01
2022-03-07,US,Saint Paul,pm25,128,5.0,53.0,17.0,1086.06
2022-03-07,US,Denver,pm25,148,17.0,63.0,38.0,1668.64
2022-03-07,US,Salt Lake City,pm25,216,9.0,62.0,20.0,1000.32
2022-03-07,US,Albuquerque,pm25,72,12.0,53.0,17.0,943.84
2022-03-07,US,San Francisco,pm25,66,5.0,80.0,17.0,1951.73
2022-03-07,US,Salem,pm25,72,16.0,77.0,48.0,3358.24
2022-03-07,US,Madison,pm25,48,15.0,41.0,22.0,528.83
2022-03-07,US,Nashville,pm25,93,9.0,53.0,29.0,1103.49
2022-03-07,US,Tucson,pm25,153,5.0,50.0,17.0,882.54
2022-03-07,US,Queens,pm25,93,5.0,66.0,51.0,1368.22
2022-03-07,US,Tallahassee,pm25,71,7.0,87.0,42.0,2389.02
2022-03-07,US,Fort Worth,pm25,22,3.0,36.0,21.0,758.7
2022-03-07,RS,Novi Sad,pm25,48,73.0,110.0,89.0,959.13
2022-03-07,RS,Niš,pm25,48,32.0,110.0,64.0,3875.89
2022-03-07,RS,Belgrade,pm25,120,58.0,129.0,83.0,2616.13
2022-03-07,CY,Nicosia,pm25,24,48.0,118.0,58.0,3481.29
2022-03-07,CY,Limassol,pm25,24,37.0,86.0,51.0,1514.49
2022-03-07,HR,Zagreb,pm25,24,89.0,149.0,98.0,1913.46
2022-03-07,HR,Rijeka,pm25,51,59.0,96.0,70.0,813.34
2022-03-07,MK,Skopje,pm25,168,21.0,218.0,78.0,17024.4
2022-03-08,GE,Tbilisi,pm25,96,61.0,92.0,76.0,593.85
2022-03-08,HU,Győr,pm25,48,9.0,78.0,57.0,2638.71
2022-03-08,HU,Szeged,pm25,24,34.0,82.0,61.0,2101.58
2022-03-08,HU,Pécs,pm25,69,46.0,119.0,59.0,3538.66
2022-03-08,HU,Miskolc,pm25,85,34.0,153.0,74.0,7783.7
2022-03-08,HU,Budapest,pm25,339,13.0,119.0,72.0,3730.01
2022-03-08,JP,Fukuoka,pm25,428,9.0,122.0,55.0,2360.16
2022-03-08,JP,Kanazawa,pm25,229,5.0,72.0,25.0,1530.68
2022-03-08,JP,Kumamoto,pm25,372,5.0,122.0,61.0,2376.62
2022-03-08,JP,Akita,pm25,32,9.0,57.0,34.0,1430.8
2022-03-08,JP,Kochi,pm25,48,9.0,78.0,34.0,2362.54
2022-03-08,JP,Gifu-shi,pm25,168,5.0,78.0,30.0,3122.73
2022-03-08,JP,Kyoto,pm25,570,5.0,85.0,42.0,1493.29
2022-03-08,JP,Hiroshima,pm25,310,5.0,109.0,53.0,2857.64
2022-03-08,JP,Shizuoka,pm25,255,5.0,72.0,34.0,2175.59
2022-03-08,JP,Chiba,pm25,744,5.0,70.0,30.0,1646.76
2022-03-08,JP,Sapporo,pm25,209,5.0,55.0,21.0,1400.55
2022-03-08,JP,Yokohama,pm25,532,1.0,74.0,38.0,2225.98
2022-03-08,JP,Tokyo,pm25,2541,1.0,112.0,42.0,1261.87
2022-03-08,JP,Saitama,pm25,499,9.0,78.0,38.0,1221.83
2022-03-08,JP,Naha,pm25,136,5.0,46.0,25.0,1251.28
2022-03-08,JP,Nagasaki,pm25,186,5.0,89.0,53.0,2558.16
2022-03-08,JP,Toyama,pm25,165,5.0,80.0,34.0,1594.29
2022-03-08,JP,Niigata,pm25,206,5.0,57.0,34.0,1434.18
2022-03-08,JP,Nara-shi,pm25,138,13.0,70.0,46.0,934.33
2022-03-08,JP,Okayama,pm25,281,5.0,107.0,59.0,2943.74
2022-03-08,JP,Sendai,pm25,461,5.0,65.0,30.0,1987.69
2022-03-08,JP,Osaka,pm25,1428,5.0,97.0,42.0,1827.64
2022-03-08,JP,Miyazaki,pm25,137,5.0,97.0,55.0,2766.38
2022-03-08,JP,Matsuyama,pm25,164,9.0,104.0,55.0,2927.35
2022-03-08,JP,Wakayama,pm25,277,17.0,76.0,46.0,875.28
2022-03-08,JP,Takamatsu,pm25,238,13.0,91.0,46.0,2692.45
2022-03-08,JP,Nagoya,pm25,428,5.0,117.0,34.0,2019.52
2022-03-08,JP,Ōita,pm25,259,5.0,76.0,46.0,2573.53
2022-03-08,JP,Kobe,pm25,415,9.0,93.0,50.0,1267.34
2022-03-08,JP,Nagano,pm25,95,5.0,72.0,34.0,1828.74
2022-03-08,JP,Utsunomiya,pm25,415,9.0,72.0,38.0,1422.05
2022-03-08,JP,Kagoshima,pm25,80,9.0,74.0,59.0,659.23
2022-03-08,SK,Košice,pm25,96,30.0,151.0,63.0,2517.05
2022-03-08,SK,Bratislava,pm25,96,21.0,70.0,53.0,1433.63
2022-03-08,FI,Vantaa,pm25,24,8.0,31.0,18.0,413.04
2022-03-08,FI,Turku,pm25,24,7.0,30.0,16.0,466.09
2022-03-08,FI,Helsinki,pm25,120,6.0,56.0,16.0,687.98
2022-03-08,FI,Tampere,pm25,96,12.0,45.0,22.0,435.58
2022-03-08,ET,Addis Ababa,pm25,46,30.0,157.0,61.0,4657.63
2022-03-08,CH,Zürich,pm25,17,3.0,6.0,3.0,8.82
2022-03-08,CO,Bogotá,pm25,321,9.0,158.0,57.0,6343.18
2022-03-08,CO,Medellín,pm25,306,25.0,99.0,57.0,1726.08
2022-03-08,DK,Copenhagen,pm25,23,15.0,61.0,43.0,1002.61
2022-03-08,EC,Quito,pm25,189,1.0,159.0,52.0,6246.85
2022-03-08,GB,Edinburgh,pm25,288,17.0,106.0,69.0,3424.92
2022-03-08,GB,Norwich,pm25,24,51.0,87.0,74.0,1358.19
2022-03-08,GB,Liverpool,pm25,46,34.0,82.0,70.0,1096.22
2022-03-08,GB,Belfast,pm25,103,19.0,87.0,55.0,1777.85
2022-03-08,GB,Coventry,pm25,72,57.0,86.0,70.0,445.79
2022-03-08,GB,Leeds,pm25,45,38.0,101.0,78.0,2003.25
2022-03-08,GB,Cardiff,pm25,119,46.0,169.0,74.0,1196.17
2022-03-08,GB,Bristol,pm25,70,59.0,85.0,74.0,436.71
2022-03-08,GB,London,pm25,467,31.0,142.0,72.0,3154.26
2022-03-08,GB,Birmingham,pm25,48,65.0,82.0,73.0,243.82
2022-03-08,GB,Sheffield,pm25,95,50.0,119.0,74.0,1180.91
2022-03-08,GB,Newport,pm25,48,63.0,78.0,71.0,106.37
2022-03-08,GB,Leicester,pm25,24,63.0,89.0,75.0,711.02
2022-03-08,GB,Manchester,pm25,84,42.0,88.0,74.0,590.03
2022-03-08,GB,Reading,pm25,47,53.0,99.0,72.0,1381.57
2022-03-08,GB,Plymouth,pm25,47,53.0,79.0,68.0,607.17
2022-03-08,GB,Glasgow,pm25,544,1.0,95.0,62.0,5072.16
2022-03-08,GB,Preston,pm25,47,46.0,83.0,71.0,600.35
2022-03-08,GB,Swansea,pm25,96,50.0,107.0,78.0,1493.74
2022-03-08,GB,Southend-on-Sea,pm25,48,55.0,130.0,86.0,3487.59
2022-03-08,ID,Jakarta,pm25,69,25.0,122.0,68.0,3151.1
2022-03-08,NP,Kathmandu,pm25,48,42.0,203.0,151.0,13859.8
2022-03-08,AU,Sydney,pm25,133,1.0,62.0,8.0,1201.11
2022-03-08,AU,Newcastle,pm25,116,1.0,44.0,12.0,714.02
2022-03-08,AU,Launceston,pm25,111,5.0,21.0,5.0,77.92
2022-03-08,AU,Hobart,pm25,45,5.0,13.0,9.0,68.36
2022-03-08,AU,Darwin,pm25,66,1.0,40.0,26.0,1183.89
2022-03-08,AU,Melbourne,pm25,150,1.0,52.0,21.0,1363.54
2022-03-08,AU,Canberra,pm25,47,1.0,72.0,12.0,2456.37
2022-03-08,AU,Adelaide,pm25,89,3.0,55.0,21.0,1008.68
2022-03-08,AU,Brisbane,pm25,112,11.0,215.0,26.0,4288.19
2022-03-08,AU,Perth,pm25,50,2.0,9.0,3.0,31.66
2022-03-08,AU,Wollongong,pm25,18,1.0,24.0,9.0,456.47
2022-03-08,CI,Abidjan,pm25,24,74.0,137.0,93.0,2644.35
2022-03-08,IQ,Baghdad,pm25,22,59.0,152.0,89.0,7086.34
2022-03-08,IS,Reykjavík,pm25,95,1.0,57.0,25.0,2363.17
2022-03-08,KG,Bishkek,pm25,21,5.0,175.0,30.0,18530.6
2022-03-08,NL,Utrecht,pm25,48,28.0,74.0,54.0,713.12
2022-03-08,NL,Nijmegen,pm25,46,6.0,82.0,48.0,1751.98
2022-03-08,NL,Haarlem,pm25,143,3.0,151.0,51.0,3040.76
2022-03-08,NL,Eindhoven,pm25,24,18.0,84.0,52.0,1892.39
2022-03-08,NL,Rotterdam,pm25,192,25.0,82.0,55.0,512.08
2022-03-08,NL,Amsterdam,pm25,254,25.0,69.0,50.0,735.36
2022-03-08,NL,Dordrecht,pm25,24,43.0,67.0,55.0,481.45
2022-03-08,NL,Breda,pm25,24,36.0,68.0,53.0,501.45
2022-03-08,NL,Groningen,pm25,48,2.0,83.0,44.0,4570.74
2022-03-08,NL,Maastricht,pm25,93,17.0,68.0,46.0,1094.12
2022-03-08,NL,The Hague,pm25,71,21.0,76.0,55.0,745.6
2022-03-08,PT,Lisbon,pm25,30,11.0,40.0,24.0,686.16
2022-03-08,PT,Funchal,pm25,66,1.0,51.0,14.0,858.76
2022-03-08,CA,Hamilton,pm25,75,5.0,30.0,13.0,363.07
2022-03-08,CA,Calgary,pm25,87,2.0,52.0,9.0,545.19
2022-03-08,CA,Winnipeg,pm25,24,9.0,33.0,20.0,546.07
2022-03-08,CA,Halifax,pm25,46,6.0,38.0,15.0,453.05
2022-03-08,CA,Kitchener,pm25,33,9.0,30.0,13.0,293.41
2022-03-08,CA,Edmonton,pm25,129,1.0,33.0,11.0,491.77
2022-03-08,CA,Mississauga,pm25,52,5.0,42.0,17.0,839.35
2022-03-08,CA,Québec,pm25,146,5.0,51.0,12.0,405.11
2022-03-08,CA,Montréal,pm25,319,3.0,81.0,12.0,1492.93
2022-03-08,CA,Toronto,pm25,116,5.0,42.0,13.0,594.13
2022-03-08,CA,Ottawa,pm25,58,5.0,53.0,14.0,690.33
2022-03-08,CA,London,pm25,25,5.0,21.0,13.0,209.07
2022-03-08,US,Oklahoma City,pm25,96,28.0,65.0,38.0,798.52
2022-03-08,US,Raleigh,pm25,65,5.0,59.0,18.0,961.52
2022-03-08,US,Memphis,pm25,71,2.0,51.0,32.0,1190.19
2022-03-08,US,Jackson,pm25,72,4.0,59.0,15.0,1606.52
2022-03-08,US,Boston,pm25,99,5.0,46.0,13.0,787.61
2022-03-08,US,Richmond,pm25,96,5.0,29.0,14.0,252.56
2022-03-08,US,Portland,pm25,167,8.0,64.0,30.0,1551.63
2022-03-08,US,Boise,pm25,77,5.0,68.0,30.0,2819.59
2022-03-08,US,Austin,pm25,44,5.0,53.0,21.0,1113.76
2022-03-08,US,Honolulu,pm25,63,5.0,50.0,17.0,929.91
2022-03-08,US,Fresno,pm25,48,21.0,66.0,42.0,1377.23
2022-03-08,US,Milwaukee,pm25,142,20.0,53.0,32.0,463.17
2022-03-08,US,Hartford,pm25,47,2.0,42.0,9.0,472.28
2022-03-08,US,Washington D.C.,pm25,104,5.0,61.0,21.0,1121.93
2022-03-08,US,Chicago,pm25,215,8.0,53.0,28.0,937.78
2022-03-08,US,Houston,pm25,46,3.0,41.0,14.0,778.96
2022-03-08,US,Atlanta,pm25,24,23.0,36.0,26.0,156.94
2022-03-08,US,Charlotte,pm25,23,5.0,50.0,30.0,2100.59
2022-03-08,US,Sacramento,pm25,70,4.0,63.0,34.0,1579.17
2022-03-08,US,Oakland,pm25,115,5.0,61.0,30.0,2508.81
2022-03-08,US,Providence,pm25,37,5.0,53.0,13.0,1028.69
2022-03-08,US,Staten Island,pm25,104,3.0,62.0,18.0,1076.31
2022-03-08,US,Brooklyn,pm25,141,2.0,57.0,16.0,1354.21
2022-03-08,US,Springfield,pm25,54,9.0,51.0,28.0,714.21
2022-03-08,US,The Bronx,pm25,46,4.0,19.0,12.0,144.39
2022-03-08,US,San Jose,pm25,88,5.0,59.0,30.0,2057.14
2022-03-08,US,Los Angeles,pm25,72,5.0,85.0,40.0,4220.04
2022-03-08,US,Detroit,pm25,144,10.0,79.0,33.0,3199.7
2022-03-08,US,Little Rock,pm25,24,2.0,54.0,20.0,1373.62
2022-03-08,US,Baltimore,pm25,44,5.0,45.0,15.0,915.11
2022-03-08,US,Phoenix,pm25,167,1.0,66.0,15.0,2186.98
2022-03-08,US,Omaha,pm25,45,5.0,42.0,25.0,803.62
2022-03-08,US,El Paso,pm25,148,5.0,136.0,25.0,3793.11
2022-03-08,US,Dallas,pm25,24,12.0,33.0,18.0,335.05
2022-03-08,US,Seattle,pm25,227,9.0,66.0,38.0,2142.79
2022-03-08,US,Manhattan,pm25,69,1.0,77.0,17.0,974.2
2022-03-08,US,Miami,pm25,92,28.0,54.0,38.0,244.49
2022-03-08,US,Jacksonville,pm25,142,16.0,63.0,32.0,876.75
2022-03-08,US,San Antonio,pm25,68,1.0,42.0,20.0,705.82
2022-03-08,US,Philadelphia,pm25,86,1.0,73.0,17.0,2094.29
2022-03-08,US,San Diego,pm25,19,2.0,62.0,23.0,3001.17
2022-03-08,US,Columbus,pm25,48,9.0,49.0,23.0,990.63
2022-03-08,US,Saint Paul,pm25,139,5.0,55.0,21.0,1103.13
2022-03-08,US,Denver,pm25,155,17.0,70.0,30.0,1338.62
2022-03-08,US,Salt Lake City,pm25,214,8.0,52.0,21.0,980.08
2022-03-08,US,Albuquerque,pm25,55,11.0,39.0,15.0,441.73
2022-03-08,US,San Francisco,pm25,70,5.0,55.0,25.0,1933.6
2022-03-08,US,Salem,pm25,72,15.0,52.0,26.0,813.49
2022-03-08,US,Madison,pm25,48,24.0,40.0,28.0,221.88
2022-03-08,US,Nashville,pm25,96,5.0,48.0,26.0,781.74
2022-03-08,US,Tucson,pm25,143,5.0,42.0,21.0,1052.79
2022-03-08,US,Queens,pm25,95,2.0,36.0,20.0,659.02
2022-03-08,US,Tallahassee,pm25,72,5.0,82.0,23.0,3775.26
2022-03-08,US,Fort Worth,pm25,24,13.0,42.0,21.0,1047.37
2022-03-08,RS,Novi Sad,pm25,48,51.0,144.0,88.0,5416.6
2022-03-08,RS,Niš,pm25,48,80.0,170.0,101.0,6548.23
2022-03-08,RS,Belgrade,pm25,120,58.0,126.0,95.0,2336.93
2022-03-08,CY,Nicosia,pm25,24,41.0,118.0,56.0,3886.67
2022-03-08,CY,Limassol,pm25,24,17.0,59.0,32.0,1506.67
2022-03-08,HR,Zagreb,pm25,24,52.0,109.0,69.0,2071.58
2022-03-08,HR,Rijeka,pm25,63,30.0,71.0,41.0,863.6
2022-03-08,MK,Skopje,pm25,168,23.0,126.0,71.0,6963.51
2022-03-09,GE,Tbilisi,pm25,96,30.0,79.0,58.0,1795.83
2022-03-09,HU,Győr,pm25,47,17.0,82.0,63.0,1620.27
2022-03-09,HU,Szeged,pm25,23,30.0,70.0,61.0,1419.64
2022-03-09,HU,Pécs,pm25,72,53.0,112.0,65.0,2670.63
2022-03-09,HU,Kecskemét,pm25,32,55.0,117.0,76.0,2978.99
2022-03-09,HU,Miskolc,pm25,116,13.0,161.0,78.0,6251.41
2022-03-09,HU,Budapest,pm25,358,30.0,127.0,68.0,2327.54
2022-03-09,JP,Fukuoka,pm25,431,25.0,153.0,78.0,5436.77
2022-03-09,JP,Kanazawa,pm25,227,5.0,68.0,34.0,2102.63
2022-03-09,JP,Kumamoto,pm25,379,9.0,137.0,68.0,2749.3
2022-03-09,JP,Akita,pm25,29,21.0,76.0,50.0,1845.76
2022-03-09,JP,Kochi,pm25,48,50.0,76.0,65.0,383.33
2022-03-09,JP,Gifu-shi,pm25,169,5.0,74.0,42.0,2963.9
2022-03-09,JP,Kyoto,pm25,577,5.0,99.0,59.0,4093.28
2022-03-09,JP,Hiroshima,pm25,321,5.0,153.0,65.0,2302.08
2022-03-09,JP,Shizuoka,pm25,260,5.0,78.0,46.0,1368.81
2022-03-09,JP,Chiba,pm25,752,5.0,107.0,38.0,2714.57
2022-03-09,JP,Sapporo,pm25,211,5.0,85.0,30.0,2624.82
2022-03-09,JP,Yokohama,pm25,521,1.0,76.0,42.0,2663.29
2022-03-09,JP,Tokyo,pm25,2502,1.0,155.0,46.0,1561.81
2022-03-09,JP,Saitama,pm25,502,5.0,80.0,42.0,1331.24
2022-03-09,JP,Naha,pm25,144,34.0,76.0,50.0,875.79
2022-03-09,JP,Nagasaki,pm25,183,13.0,114.0,70.0,3265.96
2022-03-09,JP,Toyama,pm25,166,5.0,72.0,38.0,1899.48
2022-03-09,JP,Niigata,pm25,210,5.0,61.0,38.0,1081.01
2022-03-09,JP,Nara-shi,pm25,164,9.0,89.0,59.0,2213.24
2022-03-09,JP,Okayama,pm25,286,21.0,151.0,82.0,5536.34
2022-03-09,JP,Sendai,pm25,451,5.0,72.0,46.0,1301.78
2022-03-09,JP,Osaka,pm25,1450,5.0,132.0,57.0,3861.43
2022-03-09,JP,Miyazaki,pm25,143,13.0,102.0,61.0,2059.63
2022-03-09,JP,Matsuyama,pm25,164,13.0,124.0,70.0,2906.74
2022-03-09,JP,Wakayama,pm25,284,9.0,91.0,57.0,2377.03
2022-03-09,JP,Takamatsu,pm25,238,21.0,132.0,76.0,3024.26
2022-03-09,JP,Nagoya,pm25,547,5.0,117.0,53.0,2202.05
2022-03-09,JP,Ōita,pm25,259,5.0,112.0,59.0,2212.58
2022-03-09,JP,Kobe,pm25,427,21.0,119.0,63.0,5269.66
2022-03-09,JP,Nagano,pm25,93,13.0,74.0,38.0,1858.75
2022-03-09,JP,Utsunomiya,pm25,422,5.0,63.0,38.0,1240.07
2022-03-09,JP,Kagoshima,pm25,95,42.0,87.0,59.0,913.72
2022-03-09,SK,Košice,pm25,95,21.0,129.0,63.0,3314.25
2022-03-09,SK,Bratislava,pm25,96,30.0,85.0,59.0,1217.89
2022-03-09,FI,Vantaa,pm25,24,15.0,45.0,25.0,595.92
2022-03-09,FI,Turku,pm25,24,12.0,25.0,18.0,173.62
2022-03-09,FI,Helsinki,pm25,120,10.0,72.0,20.0,1003.58
2022-03-09,FI,Tampere,pm25,96,7.0,31.0,18.0,240.54
2022-03-09,ET,Addis Ababa,pm25,40,46.0,161.0,65.0,5109.0
2022-03-09,CH,Zürich,pm25,24,2.0,6.0,5.0,14.76
2022-03-09,CO,Bogotá,pm25,334,5.0,183.0,70.0,8821.7
2022-03-09,CO,Medellín,pm25,300,34.0,110.0,61.0,1856.13
2022-03-09,DK,Copenhagen,pm25,24,20.0,56.0,37.0,1192.75
2022-03-09,EC,Quito,pm25,189,5.0,163.0,54.0,8347.06
2022-03-09,GB,Edinburgh,pm25,285,6.0,78.0,28.0,2777.67
2022-03-09,GB,Norwich,pm25,23,76.0,106.0,89.0,997.12
2022-03-09,GB,Liverpool,pm25,46,38.0,84.0,61.0,1231.88
2022-03-09,GB,Belfast,pm25,85,9.0,65.0,50.0,2170.27
2022-03-09,GB,Coventry,pm25,71,42.0,87.0,65.0,1093.83
2022-03-09,GB,Leeds,pm25,45,61.0,104.0,80.0,1159.37
2022-03-09,GB,Cardiff,pm25,120,21.0,63.0,46.0,799.62
2022-03-09,GB,Bristol,pm25,72,21.0,65.0,38.0,1400.4
2022-03-09,GB,London,pm25,489,10.0,119.0,49.0,3178.91
2022-03-09,GB,Birmingham,pm25,46,42.0,81.0,63.0,1036.43
2022-03-09,GB,Sheffield,pm25,94,55.0,112.0,76.0,1197.3
2022-03-09,GB,Newport,pm25,40,21.0,57.0,30.0,820.38
2022-03-09,GB,Leicester,pm25,24,50.0,92.0,72.0,1388.04
2022-03-09,GB,Manchester,pm25,88,27.0,94.0,43.0,3691.49
2022-03-09,GB,Reading,pm25,48,9.0,70.0,34.0,2529.0
2022-03-09,GB,Plymouth,pm25,43,9.0,63.0,42.0,1957.21
2022-03-09,GB,Glasgow,pm25,532,1.0,65.0,26.0,1737.06
2022-03-09,GB,Preston,pm25,47,25.0,88.0,53.0,3408.67
2022-03-09,GB,Swansea,pm25,96,30.0,76.0,50.0,1099.37
2022-03-09,GB,Southend-on-Sea,pm25,48,46.0,130.0,82.0,5873.19
2022-03-09,ID,Jakarta,pm25,48,46.0,160.0,93.0,9525.1
2022-03-09,NP,Kathmandu,pm25,48,59.0,202.0,137.0,12306.7
2022-03-09,AU,Sydney,pm25,129,1.0,69.0,11.0,1650.11
2022-03-09,AU,Newcastle,pm25,114,1.0,46.0,13.0,1007.7
2022-03-09,AU,Launceston,pm25,89,5.0,25.0,5.0,123.47
2022-03-09,AU,Hobart,pm25,51,5.0,25.0,9.0,361.54
2022-03-09,AU,Darwin,pm25,66,3.0,37.0,20.0,1139.31
2022-03-09,AU,Melbourne,pm25,176,4.0,53.0,24.0,1296.85
2022-03-09,AU,Canberra,pm25,39,1.0,51.0,13.0,2114.18
2022-03-09,AU,Adelaide,pm25,96,13.0,56.0,30.0,1011.63
2022-03-09,AU,Brisbane,pm25,128,1.0,114.0,32.0,2330.34
2022-03-09,AU,Perth,pm25,54,2.0,8.0,4.0,32.39
2022-03-09,AU,Wollongong,pm25,33,1.0,54.0,11.0,1956.72
2022-03-09,CI,Abidjan,pm25,24,55.0,142.0,85.0,4122.16
2022-03-09,IQ,Baghdad,pm25,24,91.0,288.0,154.0,21289.3
2022-03-09,IS,Reykjavík,pm25,96,5.0,31.0,16.0,367.43
2022-03-09,KG,Bishkek,pm25,24,82.0,169.0,142.0,6915.05
2022-03-09,NL,Utrecht,pm25,48,32.0,102.0,73.0,1525.32
2022-03-09,NL,Nijmegen,pm25,45,22.0,90.0,62.0,2158.0
2022-03-09,NL,Haarlem,pm25,143,31.0,112.0,78.0,2154.93
2022-03-09,NL,Eindhoven,pm25,24,45.0,107.0,68.0,2393.84
2022-03-09,NL,Rotterdam,pm25,187,48.0,119.0,78.0,2456.59
2022-03-09,NL,Amsterdam,pm25,254,24.0,155.0,74.0,2571.34
2022-03-09,NL,Dordrecht,pm25,24,64.0,101.0,75.0,1101.58
2022-03-09,NL,Breda,pm25,24,62.0,96.0,75.0,916.36
2022-03-09,NL,Groningen,pm25,48,25.0,82.0,51.0,1319.29
2022-03-09,NL,Maastricht,pm25,96,38.0,99.0,72.0,1343.89
2022-03-09,NL,The Hague,pm25,72,33.0,104.0,78.0,2322.18
2022-03-09,PT,Lisbon,pm25,42,16.0,47.0,23.0,747.55
2022-03-09,PT,Funchal,pm25,63,1.0,51.0,14.0,686.93
2022-03-09,CA,Hamilton,pm25,90,9.0,72.0,46.0,2702.17
2022-03-09,CA,Calgary,pm25,82,5.0,89.0,13.0,1807.96
2022-03-09,CA,Winnipeg,pm25,24,8.0,12.0,9.0,11.23
2022-03-09,CA,Halifax,pm25,46,12.0,34.0,18.0,404.97
2022-03-09,CA,Kitchener,pm25,40,9.0,68.0,50.0,3794.97
2022-03-09,CA,Edmonton,pm25,131,2.0,86.0,14.0,3137.66
2022-03-09,CA,Mississauga,pm25,68,9.0,63.0,46.0,1933.59
2022-03-09,CA,Québec,pm25,178,12.0,94.0,33.0,2471.58
2022-03-09,CA,Vancouver,pm25,12,6.0,23.0,9.0,212.96
2022-03-09,CA,Victoria,pm25,21,5.0,63.0,17.0,4385.48
2022-03-09,CA,Montréal,pm25,393,12.0,80.0,31.0,1298.71
2022-03-09,CA,Toronto,pm25,140,13.0,72.0,42.0,2678.63
2022-03-09,CA,Ottawa,pm25,72,17.0,56.0,31.0,978.87
2022-03-09,CA,London,pm25,46,13.0,72.0,25.0,3467.81
2022-03-09,US,Oklahoma City,pm25,96,20.0,77.0,48.0,2136.23
2022-03-09,US,Raleigh,pm25,53,4.0,57.0,18.0,1331.69
2022-03-09,US,Memphis,pm25,72,16.0,52.0,34.0,698.57
2022-03-09,US,Jackson,pm25,72,1.0,50.0,16.0,930.89
2022-03-09,US,Boston,pm25,125,5.0,53.0,25.0,1002.96
2022-03-09,US,Richmond,pm25,96,8.0,35.0,20.0,387.3
2022-03-09,US,Portland,pm25,161,7.0,30.0,13.0,321.37
2022-03-09,US,Boise,pm25,61,5.0,34.0,9.0,357.04
2022-03-09,US,Austin,pm25,47,5.0,57.0,34.0,2323.57
2022-03-09,US,Honolulu,pm25,68,5.0,53.0,21.0,1351.61
2022-03-09,US,Fresno,pm25,47,8.0,63.0,34.0,2142.29
2022-03-09,US,Milwaukee,pm25,143,16.0,60.0,37.0,942.95
2022-03-09,US,Hartford,pm25,48,23.0,48.0,38.0,304.95
2022-03-09,US,Washington D.C.,pm25,118,5.0,50.0,21.0,618.96
2022-03-09,US,Chicago,pm25,196,16.0,70.0,39.0,1058.18
2022-03-09,US,Houston,pm25,48,12.0,67.0,26.0,2050.6
2022-03-09,US,Atlanta,pm25,24,11.0,47.0,17.0,1417.1
2022-03-09,US,Charlotte,pm25,23,5.0,46.0,21.0,1251.82
2022-03-09,US,Sacramento,pm25,67,5.0,61.0,38.0,2114.31
2022-03-09,US,Oakland,pm25,119,13.0,65.0,42.0,1447.17
2022-03-09,US,Providence,pm25,43,5.0,46.0,17.0,888.69
2022-03-09,US,Staten Island,pm25,116,2.0,56.0,29.0,1346.23
2022-03-09,US,Brooklyn,pm25,141,4.0,57.0,22.0,1150.21
2022-03-09,US,Springfield,pm25,72,6.0,54.0,40.0,1218.77
2022-03-09,US,The Bronx,pm25,46,5.0,43.0,20.0,781.26
2022-03-09,US,San Jose,pm25,83,17.0,63.0,34.0,1435.57
2022-03-09,US,Los Angeles,pm25,70,18.0,69.0,43.0,1224.52
2022-03-09,US,Detroit,pm25,144,20.0,137.0,59.0,3066.18
2022-03-09,US,Little Rock,pm25,23,17.0,53.0,31.0,934.51
2022-03-09,US,Baltimore,pm25,44,5.0,65.0,28.0,2649.36
2022-03-09,US,Phoenix,pm25,160,2.0,72.0,30.0,2655.33
2022-03-09,US,Omaha,pm25,31,5.0,46.0,13.0,880.99
2022-03-09,US,El Paso,pm25,152,5.0,82.0,25.0,2831.8
2022-03-09,US,Dallas,pm25,22,3.0,53.0,21.0,2359.05
2022-03-09,US,Seattle,pm25,224,5.0,68.0,21.0,2611.61
2022-03-09,US,Manhattan,pm25,72,4.0,68.0,22.0,1088.29
2022-03-09,US,Miami,pm25,94,23.0,38.0,33.0,134.16
2022-03-09,US,Jacksonville,pm25,139,7.0,50.0,30.0,813.08
2022-03-09,US,San Antonio,pm25,74,1.0,61.0,28.0,2052.05
2022-03-09,US,Philadelphia,pm25,77,2.0,135.0,28.0,3558.21
2022-03-09,US,San Diego,pm25,15,10.0,44.0,25.0,1160.67
2022-03-09,US,Columbus,pm25,48,14.0,59.0,43.0,1288.01
2022-03-09,US,Saint Paul,pm25,132,5.0,38.0,17.0,545.0
2022-03-09,US,Denver,pm25,130,9.0,57.0,17.0,594.53
2022-03-09,US,Salt Lake City,pm25,216,1.0,62.0,10.0,1372.56
2022-03-09,US,Albuquerque,pm25,65,10.0,91.0,18.0,1543.59
2022-03-09,US,San Francisco,pm25,72,13.0,63.0,38.0,1457.73
2022-03-09,US,Salem,pm25,72,8.0,94.0,17.0,1314.93
2022-03-09,US,Madison,pm25,47,25.0,46.0,28.0,473.44
2022-03-09,US,Nashville,pm25,96,5.0,58.0,23.0,1725.1
2022-03-09,US,Tucson,pm25,137,5.0,65.0,21.0,1732.01
2022-03-09,US,Queens,pm25,92,3.0,34.0,23.0,603.75
2022-03-09,US,Tallahassee,pm25,70,1.0,41.0,22.0,876.9
2022-03-09,US,Fort Worth,pm25,23,5.0,55.0,25.0,1604.94
2022-03-09,RS,Novi Sad,pm25,48,59.0,161.0,83.0,4113.47
2022-03-09,RS,Niš,pm25,48,76.0,169.0,107.0,8749.14
2022-03-09,RS,Belgrade,pm25,120,54.0,151.0,77.0,3561.73
2022-03-09,CY,Nicosia,pm25,24,14.0,68.0,45.0,1748.68
2022-03-09,CY,Limassol,pm25,24,7.0,52.0,26.0,1286.36
2022-03-09,HR,Zagreb,pm25,23,58.0,141.0,85.0,8373.32
2022-03-09,HR,Rijeka,pm25,62,20.0,84.0,41.0,1836.64
2022-03-09,MK,Skopje,pm25,159,26.0,154.0,72.0,7110.86
2022-03-10,GE,Tbilisi,pm25,96,23.0,59.0,43.0,1074.91
2022-03-10,HU,Győr,pm25,47,17.0,80.0,59.0,1654.32
2022-03-10,HU,Szeged,pm25,24,25.0,65.0,50.0,1360.58
2022-03-10,HU,Pécs,pm25,72,42.0,68.0,53.0,558.59
2022-03-10,HU,Kecskemét,pm25,44,46.0,97.0,57.0,1871.14
2022-03-10,HU,Miskolc,pm25,117,34.0,74.0,53.0,506.52
2022-03-10,HU,Budapest,pm25,342,13.0,95.0,46.0,3202.94
2022-03-10,JP,Fukuoka,pm25,431,21.0,162.0,80.0,4286.18
2022-03-10,JP,Kanazawa,pm25,263,9.0,78.0,53.0,1425.68
2022-03-10,JP,Kumamoto,pm25,380,5.0,132.0,74.0,2875.32
2022-03-10,JP,Akita,pm25,45,9.0,76.0,46.0,1898.28
2022-03-10,JP,Kochi,pm25,48,46.0,95.0,65.0,633.19
2022-03-10,JP,Gifu-shi,pm25,181,9.0,154.0,55.0,4668.09
2022-03-10,JP,Kyoto,pm25,585,13.0,153.0,74.0,1896.53
2022-03-10,JP,Hiroshima,pm25,327,17.0,158.0,68.0,2558.94
2022-03-10,JP,Shizuoka,pm25,258,5.0,89.0,50.0,1555.16
2022-03-10,JP,Chiba,pm25,763,5.0,127.0,46.0,3097.33
2022-03-10,JP,Sapporo,pm25,212,5.0,97.0,46.0,2665.82
2022-03-10,JP,Yokohama,pm25,540,1.0,104.0,42.0,2345.76
2022-03-10,JP,Tokyo,pm25,2476,1.0,154.0,53.0,1524.51
2022-03-10,JP,Saitama,pm25,480,13.0,99.0,53.0,1113.38
2022-03-10,JP,Naha,pm25,144,30.0,65.0,50.0,663.73
2022-03-10,JP,Nagasaki,pm25,191,21.0,152.0,72.0,2046.69
2022-03-10,JP,Toyama,pm25,168,13.0,104.0,53.0,1779.04
2022-03-10,JP,Niigata,pm25,215,9.0,74.0,42.0,1370.62
2022-03-10,JP,Nara-shi,pm25,187,38.0,89.0,70.0,555.14
2022-03-10,JP,Okayama,pm25,288,61.0,152.0,89.0,2841.39
2022-03-10,JP,Sendai,pm25,415,9.0,72.0,46.0,1159.3
2022-03-10,JP,Osaka,pm25,1456,5.0,142.0,76.0,2275.29
2022-03-10,JP,Miyazaki,pm25,144,25.0,95.0,65.0,1287.53
2022-03-10,JP,Matsuyama,pm25,125,34.0,137.0,74.0,2764.66
2022-03-10,JP,Wakayama,pm25,284,46.0,122.0,70.0,898.72
2022-03-10,JP,Takamatsu,pm25,238,53.0,127.0,82.0,1831.05
2022-03-10,JP,Nagoya,pm25,788,9.0,127.0,59.0,1858.42
2022-03-10,JP,Ōita,pm25,261,17.0,127.0,74.0,2940.53
2022-03-10,JP,Kobe,pm25,427,38.0,129.0,82.0,1191.28
2022-03-10,JP,Nagano,pm25,95,21.0,112.0,57.0,2744.46
2022-03-10,JP,Utsunomiya,pm25,418,9.0,72.0,46.0,1611.79
2022-03-10,JP,Kagoshima,pm25,96,53.0,82.0,65.0,311.56
2022-03-10,SK,Košice,pm25,96,25.0,97.0,50.0,2290.07
2022-03-10,SK,Bratislava,pm25,95,21.0,74.0,53.0,1688.27
2022-03-10,FI,Vantaa,pm25,24,15.0,52.0,21.0,2125.63
2022-03-10,FI,Turku,pm25,24,10.0,17.0,13.0,36.5
2022-03-10,FI,Helsinki,pm25,120,9.0,52.0,16.0,624.2
2022-03-10,FI,Tampere,pm25,96,7.0,40.0,15.0,277.47
2022-03-10,ET,Addis Ababa,pm25,32,38.0,157.0,55.0,5048.35
2022-03-10,CH,Zürich,pm25,24,1.0,6.0,4.0,21.74
2022-03-10,CO,Bogotá,pm25,334,30.0,154.0,79.0,6207.56
2022-03-10,CO,Medellín,pm25,276,46.0,112.0,63.0,1922.43
2022-03-10,DK,Copenhagen,pm25,10,12.0,51.0,22.0,1336.11
2022-03-10,EC,Quito,pm25,112,1.0,152.0,56.0,10048.4
2022-03-10,GB,Edinburgh,pm25,287,5.0,127.0,18.0,1151.7
2022-03-10,GB,Norwich,pm25,24,70.0,94.0,83.0,554.77
2022-03-10,GB,Liverpool,pm25,39,13.0,41.0,25.0,449.65
2022-03-10,GB,Belfast,pm25,44,11.0,48.0,25.0,532.6
2022-03-10,GB,Coventry,pm25,60,23.0,53.0,30.0,749.7
2022-03-10,GB,Leeds,pm25,35,38.0,76.0,54.0,512.05
2022-03-10,GB,Cardiff,pm25,120,17.0,53.0,38.0,763.49
2022-03-10,GB,Bristol,pm25,71,9.0,38.0,25.0,483.4
2022-03-10,GB,London,pm25,492,10.0,93.0,52.0,1676.91
2022-03-10,GB,Birmingham,pm25,39,25.0,56.0,33.0,915.24
2022-03-10,GB,Sheffield,pm25,83,34.0,74.0,46.0,757.91
2022-03-10,GB,Newport,pm25,44,9.0,26.0,17.0,240.44
2022-03-10,GB,Leicester,pm25,21,30.0,60.0,39.0,593.48
2022-03-10,GB,Manchester,pm25,82,15.0,58.0,32.0,841.19
2022-03-10,GB,Reading,pm25,48,17.0,63.0,30.0,1845.32
2022-03-10,GB,Plymouth,pm25,38,13.0,46.0,30.0,957.15
2022-03-10,GB,Glasgow,pm25,560,1.0,49.0,18.0,766.78
2022-03-10,GB,Preston,pm25,42,10.0,52.0,26.0,898.29
2022-03-10,GB,Swansea,pm25,96,21.0,72.0,46.0,1487.84
2022-03-10,GB,Southend-on-Sea,pm25,46,59.0,90.0,72.0,815.41
2022-03-10,ID,Jakarta,pm25,48,57.0,159.0,97.0,10743.8
2022-03-10,NP,Kathmandu,pm25,48,93.0,187.0,127.0,7567.66
2022-03-10,AU,Sydney,pm25,155,1.0,52.0,16.0,934.27
2022-03-10,AU,Newcastle,pm25,139,1.0,55.0,21.0,1129.14
2022-03-10,AU,Launceston,pm25,81,5.0,42.0,5.0,302.86
2022-03-10,AU,Hobart,pm25,35,5.0,17.0,5.0,96.0
2022-03-10,AU,Darwin,pm25,64,1.0,57.0,17.0,1172.02
2022-03-10,AU,Melbourne,pm25,182,1.0,69.0,20.0,1877.73
2022-03-10,AU,Canberra,pm25,52,1.0,50.0,15.0,1175.79
2022-03-10,AU,Adelaide,pm25,95,5.0,74.0,23.0,1400.84
2022-03-10,AU,Brisbane,pm25,138,1.0,48.0,23.0,803.3
2022-03-10,AU,Perth,pm25,82,2.0,9.0,5.0,31.47
2022-03-10,AU,Wollongong,pm25,30,3.0,63.0,11.0,1484.61
2022-03-10,CI,Abidjan,pm25,24,55.0,119.0,93.0,3146.01
2022-03-10,IQ,Baghdad,pm25,24,82.0,490.0,163.0,54575.4
2022-03-10,IS,Reykjavík,pm25,92,1.0,23.0,11.0,245.68
2022-03-10,KG,Bishkek,pm25,24,5.0,167.0,38.0,29421.3
2022-03-10,NL,Utrecht,pm25,48,42.0,98.0,83.0,1805.67
2022-03-10,NL,Nijmegen,pm25,47,12.0,108.0,66.0,2951.67
2022-03-10,NL,Haarlem,pm25,144,33.0,197.0,86.0,4237.26
2022-03-10,NL,Eindhoven,pm25,19,33.0,98.0,79.0,3150.41
2022-03-10,NL,Rotterdam,pm25,192,48.0,135.0,90.0,2557.16
2022-03-10,NL,Amsterdam,pm25,254,51.0,126.0,79.0,1661.3
2022-03-10,NL,Dordrecht,pm25,24,52.0,110.0,87.0,3407.81
2022-03-10,NL,Breda,pm25,24,49.0,102.0,82.0,2787.23
2022-03-10,NL,Groningen,pm25,48,32.0,81.0,67.0,1014.31
2022-03-10,NL,Maastricht,pm25,96,21.0,124.0,70.0,4768.19
2022-03-10,NL,The Hague,pm25,72,52.0,119.0,90.0,2838.21
2022-03-10,PT,Lisbon,pm25,35,13.0,45.0,21.0,900.29
2022-03-10,PT,Funchal,pm25,62,1.0,32.0,11.0,562.0
2022-03-10,CA,Hamilton,pm25,86,13.0,61.0,30.0,1923.95
2022-03-10,CA,Calgary,pm25,89,4.0,91.0,15.0,1789.32
2022-03-10,CA,Winnipeg,pm25,24,9.0,21.0,13.0,169.4
2022-03-10,CA,Halifax,pm25,46,10.0,29.0,17.0,295.77
2022-03-10,CA,Kitchener,pm25,45,13.0,50.0,25.0,920.98
2022-03-10,CA,Edmonton,pm25,129,3.0,59.0,11.0,1133.45
2022-03-10,CA,Mississauga,pm25,42,5.0,63.0,21.0,1266.37
2022-03-10,CA,Québec,pm25,179,12.0,98.0,33.0,2840.32
2022-03-10,CA,Vancouver,pm25,23,5.0,26.0,12.0,416.56
2022-03-10,CA,Victoria,pm25,44,5.0,59.0,30.0,2625.73
2022-03-10,CA,Montréal,pm25,359,12.0,153.0,41.0,3294.84
2022-03-10,CA,Toronto,pm25,124,13.0,76.0,25.0,2440.94
2022-03-10,CA,Ottawa,pm25,66,9.0,55.0,27.0,1547.52
2022-03-10,CA,London,pm25,44,17.0,70.0,30.0,1753.12
2022-03-10,US,Oklahoma City,pm25,95,21.0,109.0,51.0,2130.04
2022-03-10,US,Raleigh,pm25,56,5.0,46.0,25.0,740.0
2022-03-10,US,Memphis,pm25,72,14.0,65.0,31.0,604.6
2022-03-10,US,Jackson,pm25,72,8.0,85.0,25.0,2339.78
2022-03-10,US,Boston,pm25,132,13.0,61.0,38.0,1059.61
2022-03-10,US,Richmond,pm25,96,20.0,58.0,34.0,1025.46
2022-03-10,US,Portland,pm25,168,9.0,70.0,18.0,1665.24
2022-03-10,US,Boise,pm25,77,5.0,53.0,13.0,1346.48
2022-03-10,US,Austin,pm25,48,5.0,74.0,42.0,2990.31
2022-03-10,US,Honolulu,pm25,67,5.0,57.0,25.0,1768.51
2022-03-10,US,Fresno,pm25,48,2.0,46.0,17.0,1165.51
2022-03-10,US,Milwaukee,pm25,143,13.0,52.0,22.0,693.73
2022-03-10,US,Hartford,pm25,48,29.0,62.0,52.0,691.9
2022-03-10,US,Washington D.C.,pm25,118,5.0,61.0,37.0,1643.07
2022-03-10,US,Chicago,pm25,178,9.0,60.0,23.0,734.94
2022-03-10,US,Houston,pm25,45,17.0,58.0,34.0,1110.27
2022-03-10,US,Atlanta,pm25,24,16.0,42.0,23.0,507.81
2022-03-10,US,Charlotte,pm25,24,5.0,38.0,25.0,1081.96
2022-03-10,US,Sacramento,pm25,66,1.0,68.0,13.0,2160.27
2022-03-10,US,Oakland,pm25,110,5.0,68.0,21.0,1987.43
2022-03-10,US,Providence,pm25,48,5.0,53.0,25.0,1799.41
2022-03-10,US,Staten Island,pm25,117,3.0,89.0,44.0,2325.37
2022-03-10,US,Brooklyn,pm25,144,5.0,82.0,46.0,2954.53
2022-03-10,US,Springfield,pm25,71,4.0,60.0,36.0,1399.26
2022-03-10,US,The Bronx,pm25,48,6.0,58.0,36.0,2179.56
2022-03-10,US,San Jose,pm25,81,5.0,53.0,25.0,1615.11
2022-03-10,US,Los Angeles,pm25,71,34.0,74.0,54.0,839.31
2022-03-10,US,Detroit,pm25,144,26.0,101.0,58.0,1541.65
2022-03-10,US,Little Rock,pm25,24,20.0,61.0,43.0,1478.68
2022-03-10,US,Baltimore,pm25,46,21.0,107.0,60.0,3294.16
2022-03-10,US,Phoenix,pm25,162,1.0,78.0,27.0,2541.92
2022-03-10,US,Omaha,pm25,43,5.0,55.0,17.0,1036.2
2022-03-10,US,El Paso,pm25,156,5.0,70.0,17.0,3224.47
2022-03-10,US,Dallas,pm25,24,12.0,38.0,23.0,742.45
2022-03-10,US,Seattle,pm25,262,5.0,68.0,30.0,2337.05
2022-03-10,US,Manhattan,pm25,72,10.0,69.0,38.0,2334.27
2022-03-10,US,Miami,pm25,94,23.0,50.0,37.0,353.68
2022-03-10,US,Jacksonville,pm25,144,12.0,55.0,23.0,631.32
2022-03-10,US,San Antonio,pm25,75,1.0,59.0,38.0,2371.21
2022-03-10,US,Philadelphia,pm25,65,3.0,80.0,48.0,2555.85
2022-03-10,US,San Diego,pm25,24,27.0,63.0,45.0,973.91
2022-03-10,US,Columbus,pm25,47,29.0,67.0,55.0,962.06
2022-03-10,US,Saint Paul,pm25,137,5.0,46.0,17.0,631.33
2022-03-10,US,Denver,pm25,157,9.0,70.0,42.0,2494.95
2022-03-10,US,Salt Lake City,pm25,216,5.0,43.0,13.0,417.2
2022-03-10,US,Albuquerque,pm25,72,7.0,42.0,14.0,358.21
2022-03-10,US,San Francisco,pm25,58,5.0,59.0,17.0,1989.16
2022-03-10,US,Salem,pm25,72,11.0,111.0,30.0,3368.17
2022-03-10,US,Madison,pm25,48,13.0,25.0,18.0,151.05
2022-03-10,US,Nashville,pm25,96,7.0,61.0,30.0,1455.79
2022-03-10,US,Tucson,pm25,152,5.0,61.0,21.0,1414.96
2022-03-10,US,Queens,pm25,96,2.0,55.0,32.0,1278.32
2022-03-10,US,Tallahassee,pm25,70,2.0,51.0,28.0,1348.3
2022-03-10,US,Fort Worth,pm25,24,5.0,53.0,38.0,2225.63
2022-03-10,RS,Novi Sad,pm25,48,31.0,110.0,58.0,1875.3
2022-03-10,RS,Niš,pm25,48,48.0,153.0,85.0,12446.4
2022-03-10,RS,Belgrade,pm25,120,56.0,111.0,68.0,776.41
2022-03-10,CY,Nicosia,pm25,24,26.0,55.0,39.0,641.96
2022-03-10,CY,Limassol,pm25,24,3.0,51.0,16.0,2219.93
2022-03-10,HR,Zagreb,pm25,24,71.0,154.0,92.0,7071.29
2022-03-10,HR,Rijeka,pm25,65,24.0,99.0,50.0,2577.97
2022-03-10,MK,Skopje,pm25,159,12.0,151.0,77.0,11286.8
2022-03-11,GE,Tbilisi,pm25,96,25.0,85.0,45.0,2137.86
2022-03-11,HU,Győr,pm25,48,9.0,137.0,57.0,6697.23
2022-03-11,HU,Szeged,pm25,22,30.0,57.0,46.0,528.57
2022-03-11,HU,Pécs,pm25,72,42.0,134.0,46.0,7618.52
2022-03-11,HU,Kecskemét,pm25,44,30.0,61.0,55.0,911.29
2022-03-11,HU,Miskolc,pm25,119,21.0,104.0,53.0,3203.24
2022-03-11,HU,Budapest,pm25,316,13.0,89.0,46.0,1760.97
2022-03-11,JP,Fukuoka,pm25,428,5.0,153.0,65.0,1951.1
2022-03-11,JP,Kanazawa,pm25,259,9.0,78.0,50.0,2553.86
2022-03-11,JP,Kumamoto,pm25,375,9.0,139.0,65.0,2592.91
2022-03-11,JP,Akita,pm25,46,13.0,134.0,55.0,4793.97
2022-03-11,JP,Kochi,pm25,48,50.0,80.0,65.0,509.21
2022-03-11,JP,Gifu-shi,pm25,154,9.0,163.0,53.0,4938.18
2022-03-11,JP,Kyoto,pm25,579,9.0,122.0,72.0,1926.08
2022-03-11,JP,Hiroshima,pm25,332,17.0,155.0,63.0,2225.16
2022-03-11,JP,Shizuoka,pm25,254,9.0,102.0,55.0,2465.44
2022-03-11,JP,Chiba,pm25,794,5.0,160.0,55.0,3585.32
2022-03-11,JP,Sapporo,pm25,216,17.0,76.0,55.0,1084.18
2022-03-11,JP,Yokohama,pm25,546,1.0,107.0,57.0,2500.18
2022-03-11,JP,Tokyo,pm25,2514,1.0,117.0,59.0,1498.78
2022-03-11,JP,Saitama,pm25,486,5.0,93.0,59.0,1324.51
2022-03-11,JP,Naha,pm25,144,25.0,61.0,46.0,670.84
2022-03-11,JP,Nagasaki,pm25,190,9.0,95.0,61.0,1204.9
2022-03-11,JP,Toyama,pm25,165,5.0,95.0,55.0,4213.49
2022-03-11,JP,Niigata,pm25,215,17.0,87.0,53.0,1283.42
2022-03-11,JP,Nara-shi,pm25,190,46.0,95.0,70.0,822.89
2022-03-11,JP,Okayama,pm25,287,50.0,157.0,93.0,2937.89
2022-03-11,JP,Sendai,pm25,454,9.0,72.0,53.0,1000.29
2022-03-11,JP,Osaka,pm25,1450,5.0,152.0,76.0,2335.99
2022-03-11,JP,Miyazaki,pm25,142,21.0,97.0,61.0,1075.06
2022-03-11,JP,Matsuyama,pm25,166,9.0,114.0,61.0,3303.23
2022-03-11,JP,Wakayama,pm25,285,50.0,112.0,68.0,1312.65
2022-03-11,JP,Takamatsu,pm25,240,46.0,127.0,70.0,2328.17
2022-03-11,JP,Nagoya,pm25,712,9.0,152.0,68.0,2878.94
2022-03-11,JP,Ōita,pm25,260,21.0,97.0,68.0,1521.32
2022-03-11,JP,Kobe,pm25,431,9.0,109.0,82.0,1402.79
2022-03-11,JP,Nagano,pm25,96,30.0,99.0,57.0,1179.76
2022-03-11,JP,Utsunomiya,pm25,432,9.0,112.0,57.0,1633.29
2022-03-11,JP,Kagoshima,pm25,96,53.0,129.0,63.0,766.1
2022-03-11,SK,Košice,pm25,94,17.0,97.0,53.0,2425.77
2022-03-11,SK,Bratislava,pm25,95,30.0,93.0,53.0,1579.97
2022-03-11,FI,Vantaa,pm25,24,15.0,31.0,22.0,192.88
2022-03-11,FI,Turku,pm25,24,15.0,44.0,18.0,606.3
2022-03-11,FI,Helsinki,pm25,119,15.0,44.0,21.0,422.3
2022-03-11,FI,Tampere,pm25,96,10.0,46.0,24.0,681.62
2022-03-11,ET,Addis Ababa,pm25,27,38.0,87.0,55.0,1193.33
2022-03-11,CH,Zürich,pm25,23,2.0,6.0,3.0,11.58
2022-03-11,CO,Bogotá,pm25,336,38.0,163.0,80.0,5730.67
2022-03-11,CO,Medellín,pm25,285,46.0,112.0,63.0,1502.86
2022-03-11,EC,Quito,pm25,167,4.0,146.0,50.0,6741.78
2022-03-11,GB,Edinburgh,pm25,288,7.0,108.0,50.0,3992.21
2022-03-11,GB,Norwich,pm25,21,65.0,92.0,78.0,528.48
2022-03-11,GB,Liverpool,pm25,39,17.0,63.0,38.0,1142.43
2022-03-11,GB,Belfast,pm25,47,23.0,60.0,34.0,663.72
2022-03-11,GB,Coventry,pm25,54,34.0,52.0,42.0,176.62
2022-03-11,GB,Leeds,pm25,40,50.0,93.0,67.0,1241.38
2022-03-11,GB,Cardiff,pm25,120,21.0,63.0,46.0,1336.16
2022-03-11,GB,Bristol,pm25,70,17.0,59.0,34.0,1098.98
2022-03-11,GB,London,pm25,477,3.0,104.0,46.0,2587.96
2022-03-11,GB,Birmingham,pm25,44,38.0,59.0,44.0,302.13
2022-03-11,GB,Sheffield,pm25,85,32.0,91.0,63.0,686.21
2022-03-11,GB,Newport,pm25,47,13.0,50.0,25.0,832.6
2022-03-11,GB,Leicester,pm25,20,46.0,68.0,55.0,428.0
2022-03-11,GB,Manchester,pm25,81,11.0,70.0,52.0,2243.1
2022-03-11,GB,Reading,pm25,48,9.0,57.0,34.0,1878.99
2022-03-11,GB,Plymouth,pm25,44,9.0,54.0,30.0,1851.35
2022-03-11,GB,Glasgow,pm25,569,1.0,61.0,29.0,2459.69
2022-03-11,GB,Preston,pm25,46,11.0,61.0,46.0,1222.11
2022-03-11,GB,Swansea,pm25,96,30.0,70.0,46.0,1202.93
2022-03-11,GB,Southend-on-Sea,pm25,45,10.0,82.0,63.0,3056.55
2022-03-11,ID,Jakarta,pm25,70,25.0,171.0,102.0,24015.8
2022-03-11,NP,Kathmandu,pm25,48,74.0,190.0,149.0,12109.1
2022-03-11,AU,Sydney,pm25,150,1.0,59.0,17.0,964.15
2022-03-11,AU,Newcastle,pm25,136,2.0,39.0,17.0,643.24
2022-03-11,AU,Launceston,pm25,66,5.0,34.0,5.0,179.99
2022-03-11,AU,Hobart,pm25,21,5.0,25.0,5.0,293.33
2022-03-11,AU,Darwin,pm25,66,1.0,55.0,17.0,1744.02
2022-03-11,AU,Melbourne,pm25,163,1.0,58.0,16.0,1594.16
2022-03-11,AU,Canberra,pm25,58,2.0,65.0,26.0,2477.19
2022-03-11,AU,Adelaide,pm25,88,2.0,63.0,21.0,1469.86
2022-03-11,AU,Brisbane,pm25,180,1.0,52.0,20.0,645.69
2022-03-11,AU,Perth,pm25,90,2.0,12.0,6.0,51.89
2022-03-11,AU,Wollongong,pm25,20,5.0,40.0,13.0,981.34
2022-03-11,CI,Abidjan,pm25,22,72.0,129.0,93.0,2035.52
2022-03-11,IQ,Baghdad,pm25,23,53.0,425.0,134.0,54434.5
2022-03-11,IS,Reykjavík,pm25,96,9.0,58.0,25.0,1257.62
2022-03-11,KG,Bishkek,pm25,24,42.0,161.0,85.0,12315.6
2022-03-11,NL,Utrecht,pm25,48,47.0,91.0,63.0,976.15
2022-03-11,NL,Nijmegen,pm25,48,22.0,82.0,60.0,989.77
2022-03-11,NL,Haarlem,pm25,144,23.0,114.0,62.0,2600.23
2022-03-11,NL,Eindhoven,pm25,24,48.0,80.0,61.0,759.98
2022-03-11,NL,Rotterdam,pm25,192,26.0,91.0,59.0,1265.44
2022-03-11,NL,Amsterdam,pm25,264,38.0,81.0,61.0,646.23
2022-03-11,NL,Dordrecht,pm25,24,31.0,80.0,61.0,1129.49
2022-03-11,NL,Breda,pm25,24,26.0,81.0,59.0,1204.06
2022-03-11,NL,Groningen,pm25,44,20.0,159.0,58.0,4252.28
2022-03-11,NL,Maastricht,pm25,95,17.0,93.0,53.0,1460.99
2022-03-11,NL,The Hague,pm25,72,30.0,76.0,58.0,918.94
2022-03-11,PT,Lisbon,pm25,18,14.0,22.0,18.0,49.41
2022-03-11,PT,Funchal,pm25,59,1.0,47.0,12.0,1103.89
2022-03-11,CA,Hamilton,pm25,89,17.0,59.0,38.0,1402.25
2022-03-11,CA,Calgary,pm25,91,1.0,66.0,35.0,2566.5
2022-03-11,CA,Winnipeg,pm25,24,10.0,15.0,11.0,23.46
2022-03-11,CA,Halifax,pm25,46,21.0,51.0,30.0,680.72
2022-03-11,CA,Kitchener,pm25,47,9.0,61.0,34.0,1969.67
2022-03-11,CA,Edmonton,pm25,137,5.0,61.0,25.0,1495.22
2022-03-11,CA,Mississauga,pm25,69,5.0,65.0,17.0,1942.8
2022-03-11,CA,Québec,pm25,178,9.0,94.0,33.0,2229.88
2022-03-11,CA,Vancouver,pm25,20,5.0,28.0,13.0,528.92
2022-03-11,CA,Victoria,pm25,46,9.0,46.0,21.0,1212.33
2022-03-11,CA,Montréal,pm25,417,18.0,85.0,38.0,1691.23
2022-03-11,CA,Toronto,pm25,129,13.0,89.0,25.0,2682.91
2022-03-11,CA,Ottawa,pm25,68,9.0,42.0,22.0,653.28
2022-03-11,CA,London,pm25,48,21.0,59.0,42.0,1216.15
2022-03-11,US,Oklahoma City,pm25,96,24.0,133.0,40.0,2485.21
2022-03-11,US,Raleigh,pm25,71,5.0,53.0,34.0,1535.61
2022-03-11,US,Memphis,pm25,71,12.0,70.0,44.0,2124.27
2022-03-11,US,Jackson,pm25,72,12.0,60.0,35.0,1260.89
2022-03-11,US,Boston,pm25,138,21.0,97.0,53.0,1414.16
2022-03-11,US,Richmond,pm25,96,20.0,59.0,44.0,1475.42
2022-03-11,US,Portland,pm25,160,19.0,160.0,43.0,3774.65
2022-03-11,US,Boise,pm25,87,5.0,61.0,21.0,2130.57
2022-03-11,US,Austin,pm25,45,5.0,89.0,34.0,3030.73
2022-03-11,US,Honolulu,pm25,68,5.0,50.0,21.0,914.94
2022-03-11,US,Fresno,pm25,48,6.0,66.0,35.0,2198.28
2022-03-11,US,Milwaukee,pm25,144,19.0,52.0,25.0,351.88
2022-03-11,US,Hartford,pm25,48,28.0,95.0,60.0,2274.88
2022-03-11,US,Washington D.C.,pm25,120,5.0,61.0,35.0,1964.14
2022-03-11,US,Chicago,pm25,192,8.0,57.0,25.0,801.87
2022-03-11,US,Houston,pm25,47,3.0,66.0,51.0,2187.08
2022-03-11,US,Atlanta,pm25,24,28.0,55.0,41.0,626.02
2022-03-11,US,Charlotte,pm25,22,30.0,61.0,46.0,653.27
2022-03-11,US,Sacramento,pm25,71,9.0,59.0,23.0,1436.08
2022-03-11,US,Oakland,pm25,117,9.0,63.0,25.0,1051.53
2022-03-11,US,Providence,pm25,45,5.0,70.0,38.0,2434.16
2022-03-11,US,Staten Island,pm25,109,2.0,91.0,44.0,3719.78
2022-03-11,US,Brooklyn,pm25,144,5.0,72.0,36.0,3148.87
2022-03-11,US,Springfield,pm25,72,1.0,59.0,28.0,1398.15
2022-03-11,US,The Bronx,pm25,48,9.0,72.0,29.0,3636.44
2022-03-11,US,San Jose,pm25,90,5.0,63.0,21.0,1512.46
2022-03-11,US,Los Angeles,pm25,68,5.0,98.0,43.0,4777.84
2022-03-11,US,Detroit,pm25,144,13.0,82.0,53.0,2417.85
2022-03-11,US,Little Rock,pm25,23,16.0,65.0,35.0,2010.67
2022-03-11,US,Baltimore,pm25,48,9.0,79.0,47.0,3419.57
2022-03-11,US,Phoenix,pm25,156,1.0,85.0,18.0,2760.84
2022-03-11,US,Omaha,pm25,39,5.0,50.0,13.0,2052.39
2022-03-11,US,El Paso,pm25,158,5.0,82.0,28.0,2615.14
2022-03-11,US,Dallas,pm25,24,15.0,35.0,23.0,224.62
2022-03-11,US,Seattle,pm25,260,5.0,71.0,30.0,1796.11
2022-03-11,US,Manhattan,pm25,56,2.0,64.0,41.0,3718.06
2022-03-11,US,Miami,pm25,94,25.0,52.0,36.0,315.38
2022-03-11,US,Jacksonville,pm25,144,3.0,47.0,20.0,664.38
2022-03-11,US,San Antonio,pm25,74,1.0,51.0,30.0,1444.36
2022-03-11,US,Philadelphia,pm25,53,1.0,82.0,34.0,6256.71
2022-03-11,US,San Diego,pm25,23,5.0,57.0,36.0,2088.74
2022-03-11,US,Columbus,pm25,48,17.0,82.0,52.0,2654.61
2022-03-11,US,Saint Paul,pm25,137,5.0,46.0,21.0,890.57
2022-03-11,US,Denver,pm25,159,13.0,78.0,38.0,1995.49
2022-03-11,US,Salt Lake City,pm25,214,1.0,51.0,17.0,767.12
2022-03-11,US,Albuquerque,pm25,72,6.0,24.0,14.0,251.05
2022-03-11,US,San Francisco,pm25,71,5.0,93.0,17.0,2218.11
2022-03-11,US,Salem,pm25,72,17.0,86.0,46.0,3624.63
2022-03-11,US,Madison,pm25,48,18.0,33.0,22.0,185.74
2022-03-11,US,Nashville,pm25,95,5.0,63.0,34.0,1937.85
2022-03-11,US,Tucson,pm25,146,5.0,46.0,13.0,794.93
2022-03-11,US,Queens,pm25,96,3.0,69.0,26.0,4052.38
2022-03-11,US,Tallahassee,pm25,63,1.0,50.0,24.0,1572.22
2022-03-11,US,Fort Worth,pm25,24,5.0,42.0,21.0,1381.14
2022-03-11,RS,Novi Sad,pm25,48,29.0,163.0,62.0,11016.3
2022-03-11,RS,Niš,pm25,48,58.0,181.0,80.0,14870.5
2022-03-11,RS,Belgrade,pm25,120,48.0,144.0,64.0,2853.27
2022-03-11,CY,Nicosia,pm25,24,23.0,56.0,43.0,563.03
2022-03-11,CY,Limassol,pm25,23,9.0,55.0,31.0,1368.14
2022-03-11,HR,Zagreb,pm25,24,63.0,147.0,66.0,7124.33
2022-03-11,HR,Rijeka,pm25,77,30.0,74.0,53.0,722.68
2022-03-11,MK,Skopje,pm25,168,12.0,139.0,66.0,8321.4
2022-03-12,GE,Tbilisi,pm25,96,17.0,78.0,40.0,1849.89
2022-03-12,HU,Győr,pm25,47,13.0,119.0,55.0,10626.1
2022-03-12,HU,Szeged,pm25,24,25.0,99.0,46.0,2472.1
2022-03-12,HU,Pécs,pm25,72,38.0,151.0,68.0,12675.1
2022-03-12,HU,Kecskemét,pm25,42,50.0,102.0,57.0,1128.69
2022-03-12,HU,Miskolc,pm25,120,34.0,168.0,61.0,13331.2
2022-03-12,HU,Budapest,pm25,313,21.0,159.0,53.0,3217.42
2022-03-12,JP,Fukuoka,pm25,427,5.0,109.0,61.0,1695.31
2022-03-12,JP,Kanazawa,pm25,264,21.0,99.0,57.0,996.72
2022-03-12,JP,Kumamoto,pm25,381,5.0,97.0,59.0,2204.82
2022-03-12,JP,Akita,pm25,46,9.0,112.0,55.0,3595.03
2022-03-12,JP,Kochi,pm25,48,57.0,80.0,68.0,408.29
2022-03-12,JP,Gifu-shi,pm25,142,25.0,129.0,61.0,2571.77
2022-03-12,JP,Kyoto,pm25,587,42.0,129.0,78.0,1599.54
2022-03-12,JP,Hiroshima,pm25,331,13.0,117.0,65.0,1642.07
2022-03-12,JP,Shizuoka,pm25,263,30.0,112.0,61.0,1343.93
2022-03-12,JP,Chiba,pm25,810,13.0,154.0,68.0,2417.75
2022-03-12,JP,Sapporo,pm25,215,9.0,80.0,53.0,1378.65
2022-03-12,JP,Yokohama,pm25,547,1.0,142.0,65.0,3840.07
2022-03-12,JP,Tokyo,pm25,2605,5.0,151.0,70.0,1653.41
2022-03-12,JP,Saitama,pm25,502,21.0,107.0,65.0,1154.55
2022-03-12,JP,Naha,pm25,144,13.0,65.0,25.0,1244.76
2022-03-12,JP,Nagasaki,pm25,189,5.0,95.0,55.0,1423.6
2022-03-12,JP,Toyama,pm25,168,21.0,104.0,63.0,1545.71
2022-03-12,JP,Niigata,pm25,216,30.0,91.0,65.0,1489.4
2022-03-12,JP,Nara-shi,pm25,188,57.0,109.0,76.0,766.59
2022-03-12,JP,Okayama,pm25,288,30.0,155.0,80.0,3311.74
2022-03-12,JP,Sendai,pm25,478,25.0,114.0,59.0,1006.74
2022-03-12,JP,Osaka,pm25,1482,13.0,152.0,80.0,3652.56
2022-03-12,JP,Miyazaki,pm25,138,9.0,109.0,59.0,2018.23
2022-03-12,JP,Matsuyama,pm25,165,13.0,99.0,59.0,1829.75
2022-03-12,JP,Wakayama,pm25,288,57.0,152.0,70.0,1856.84
2022-03-12,JP,Takamatsu,pm25,237,34.0,151.0,61.0,1778.63
2022-03-12,JP,Nagoya,pm25,421,42.0,159.0,68.0,2325.36
2022-03-12,JP,Ōita,pm25,264,9.0,91.0,65.0,1659.98
2022-03-12,JP,Kobe,pm25,431,38.0,149.0,85.0,2798.01
2022-03-12,JP,Nagano,pm25,96,25.0,117.0,63.0,3039.89
2022-03-12,JP,Utsunomiya,pm25,432,9.0,99.0,61.0,2057.11
2022-03-12,JP,Kagoshima,pm25,96,50.0,97.0,59.0,419.37
2022-03-12,SK,Košice,pm25,96,25.0,204.0,57.0,10095.4
2022-03-12,SK,Bratislava,pm25,95,34.0,102.0,59.0,2959.84
2022-03-12,FI,Vantaa,pm25,24,24.0,70.0,35.0,1892.17
2022-03-12,FI,Turku,pm25,24,19.0,58.0,24.0,1703.19
2022-03-12,FI,Helsinki,pm25,120,25.0,70.0,40.0,653.55
2022-03-12,FI,Tampere,pm25,96,14.0,69.0,39.0,1511.79
2022-03-12,ET,Addis Ababa,pm25,28,42.0,97.0,61.0,2108.52
2022-03-12,CH,Zürich,pm25,24,2.0,6.0,4.0,12.45
2022-03-12,CO,Bogotá,pm25,336,17.0,152.0,76.0,4985.36
2022-03-12,CO,Medellín,pm25,327,42.0,110.0,61.0,1079.98
2022-03-12,EC,Quito,pm25,192,2.0,135.0,47.0,4818.57
2022-03-12,GB,Edinburgh,pm25,284,2.0,56.0,12.0,737.16
2022-03-12,GB,Norwich,pm25,24,25.0,61.0,35.0,1355.63
2022-03-12,GB,Liverpool,pm25,42,9.0,38.0,19.0,585.46
2022-03-12,GB,Belfast,pm25,70,14.0,40.0,30.0,426.29
2022-03-12,GB,Coventry,pm25,65,13.0,34.0,21.0,390.14
2022-03-12,GB,Leeds,pm25,45,9.0,61.0,34.0,1789.73
2022-03-12,GB,Cardiff,pm25,120,5.0,53.0,30.0,1196.4
2022-03-12,GB,Bristol,pm25,69,5.0,38.0,21.0,480.68
2022-03-12,GB,London,pm25,482,1.0,63.0,28.0,1306.45
2022-03-12,GB,Birmingham,pm25,46,15.0,34.0,25.0,341.78
2022-03-12,GB,Sheffield,pm25,92,17.0,137.0,34.0,2697.61
2022-03-12,GB,Newport,pm25,47,5.0,26.0,17.0,242.22
2022-03-12,GB,Leicester,pm25,23,17.0,42.0,28.0,549.01
2022-03-12,GB,Manchester,pm25,88,5.0,50.0,26.0,1375.9
2022-03-12,GB,Reading,pm25,46,5.0,38.0,13.0,1058.32
2022-03-12,GB,Plymouth,pm25,37,13.0,99.0,30.0,2513.98
2022-03-12,GB,Glasgow,pm25,558,1.0,56.0,13.0,426.01
2022-03-12,GB,Preston,pm25,45,3.0,42.0,18.0,829.65
2022-03-12,GB,Swansea,pm25,96,21.0,192.0,46.0,8736.14
2022-03-12,GB,Southend-on-Sea,pm25,48,9.0,138.0,25.0,3210.2
2022-03-12,ID,Jakarta,pm25,70,8.0,87.0,55.0,2867.3
2022-03-12,NP,Kathmandu,pm25,48,74.0,189.0,139.0,9914.18
2022-03-12,AU,Sydney,pm25,140,1.0,123.0,16.0,2100.61
2022-03-12,AU,Newcastle,pm25,129,1.0,59.0,19.0,1122.73
2022-03-12,AU,Launceston,pm25,70,5.0,50.0,5.0,360.14
2022-03-12,AU,Hobart,pm25,25,5.0,17.0,5.0,66.67
2022-03-12,AU,Darwin,pm25,56,1.0,40.0,12.0,839.67
2022-03-12,AU,Melbourne,pm25,179,1.0,60.0,17.0,1860.68
2022-03-12,AU,Canberra,pm25,63,1.0,77.0,21.0,2048.66
2022-03-12,AU,Adelaide,pm25,90,3.0,40.0,17.0,692.37
2022-03-12,AU,Brisbane,pm25,179,1.0,40.0,18.0,529.29
2022-03-12,AU,Perth,pm25,92,2.0,16.0,10.0,88.4
2022-03-12,AU,Wollongong,pm25,30,1.0,47.0,17.0,1082.48
2022-03-12,CI,Abidjan,pm25,24,80.0,117.0,91.0,1552.59
2022-03-12,IQ,Baghdad,pm25,23,46.0,659.0,168.0,352664.0
2022-03-12,IS,Reykjavík,pm25,96,4.0,37.0,12.0,332.59
2022-03-12,KG,Bishkek,pm25,24,5.0,102.0,25.0,10249.5
2022-03-12,NL,Utrecht,pm25,48,18.0,80.0,45.0,2944.96
2022-03-12,NL,Nijmegen,pm25,48,14.0,73.0,46.0,2129.77
2022-03-12,NL,Haarlem,pm25,144,6.0,88.0,48.0,2918.68
2022-03-12,NL,Eindhoven,pm25,24,9.0,69.0,34.0,2959.71
2022-03-12,NL,Rotterdam,pm25,192,14.0,83.0,29.0,3639.59
2022-03-12,NL,Amsterdam,pm25,264,6.0,74.0,41.0,2863.19
2022-03-12,NL,Dordrecht,pm25,16,18.0,83.0,34.0,2212.62
2022-03-12,NL,Breda,pm25,24,16.0,76.0,30.0,3046.67
2022-03-12,NL,Groningen,pm25,48,17.0,65.0,52.0,1236.52
2022-03-12,NL,Maastricht,pm25,96,5.0,70.0,30.0,2544.63
2022-03-12,NL,The Hague,pm25,70,6.0,64.0,29.0,2031.99
2022-03-12,PT,Lisbon,pm25,24,19.0,56.0,35.0,1107.81
2022-03-12,PT,Funchal,pm25,69,1.0,61.0,12.0,1538.12
2022-03-12,CA,Hamilton,pm25,66,5.0,25.0,13.0,227.24
2022-03-12,CA,Calgary,pm25,74,1.0,35.0,9.0,530.05
2022-03-12,CA,Winnipeg,pm25,24,11.0,23.0,15.0,133.46
2022-03-12,CA,Halifax,pm25,46,2.0,46.0,15.0,1155.29
2022-03-12,CA,Kitchener,pm25,25,9.0,17.0,13.0,66.67
2022-03-12,CA,Edmonton,pm25,133,1.0,146.0,13.0,1905.48
2022-03-12,CA,Mississauga,pm25,54,5.0,25.0,13.0,186.27
2022-03-12,CA,Québec,pm25,184,9.0,84.0,27.0,2404.83
2022-03-12,CA,Vancouver,pm25,22,3.0,7.0,4.0,10.13
2022-03-12,CA,Victoria,pm25,46,9.0,50.0,30.0,882.36
2022-03-12,CA,Montréal,pm25,410,6.0,79.0,27.0,5679.08
2022-03-12,CA,Toronto,pm25,114,5.0,34.0,13.0,259.89
2022-03-12,CA,Ottawa,pm25,63,5.0,51.0,18.0,1860.6
2022-03-12,CA,London,pm25,36,9.0,25.0,13.0,179.3
2022-03-12,US,Oklahoma City,pm25,96,14.0,92.0,27.0,2076.18
2022-03-12,US,Raleigh,pm25,61,4.0,46.0,19.0,1447.79
2022-03-12,US,Memphis,pm25,71,1.0,46.0,18.0,590.62
2022-03-12,US,Jackson,pm25,71,2.0,35.0,11.0,567.37
2022-03-12,US,Boston,pm25,133,5.0,53.0,17.0,1413.84
2022-03-12,US,Richmond,pm25,96,7.0,46.0,22.0,995.32
2022-03-12,US,Portland,pm25,166,6.0,156.0,25.0,9700.27
2022-03-12,US,Boise,pm25,66,5.0,57.0,30.0,2652.63
2022-03-12,US,Austin,pm25,44,5.0,95.0,21.0,3580.9
2022-03-12,US,Honolulu,pm25,65,5.0,42.0,17.0,571.95
2022-03-12,US,Fresno,pm25,47,9.0,66.0,34.0,2173.78
2022-03-12,US,Milwaukee,pm25,141,14.0,24.0,19.0,55.33
2022-03-12,US,Hartford,pm25,48,5.0,56.0,16.0,2055.7
2022-03-12,US,Washington D.C.,pm25,120,5.0,55.0,25.0,1321.98
2022-03-12,US,Chicago,pm25,189,1.0,36.0,18.0,305.62
2022-03-12,US,Houston,pm25,46,3.0,152.0,18.0,7072.27
2022-03-12,US,Atlanta,pm25,24,3.0,35.0,15.0,561.67
2022-03-12,US,Charlotte,pm25,21,5.0,42.0,13.0,955.0
2022-03-12,US,Sacramento,pm25,72,7.0,65.0,30.0,1357.9
2022-03-12,US,Oakland,pm25,118,5.0,53.0,25.0,1219.42
2022-03-12,US,Providence,pm25,32,5.0,34.0,17.0,722.49
2022-03-12,US,Staten Island,pm25,99,1.0,163.0,23.0,4784.52
2022-03-12,US,Brooklyn,pm25,128,1.0,61.0,22.0,1874.01
2022-03-12,US,Springfield,pm25,64,7.0,64.0,18.0,1027.14
2022-03-12,US,The Bronx,pm25,36,1.0,47.0,15.0,1390.0
2022-03-12,US,San Jose,pm25,94,5.0,74.0,25.0,1965.2
2022-03-12,US,Los Angeles,pm25,70,4.0,79.0,40.0,4064.2
2022-03-12,US,Detroit,pm25,144,10.0,58.0,25.0,486.25
2022-03-12,US,Little Rock,pm25,24,10.0,51.0,25.0,1280.85
2022-03-12,US,Baltimore,pm25,45,4.0,60.0,22.0,1837.4
2022-03-12,US,Phoenix,pm25,153,1.0,99.0,21.0,4847.74
2022-03-12,US,Omaha,pm25,46,5.0,53.0,17.0,963.73
2022-03-12,US,El Paso,pm25,166,2.0,78.0,38.0,2753.62
2022-03-12,US,Dallas,pm25,24,4.0,33.0,20.0,998.1
2022-03-12,US,Seattle,pm25,263,5.0,95.0,30.0,2387.95
2022-03-12,US,Manhattan,pm25,38,1.0,41.0,14.0,1411.15
2022-03-12,US,Miami,pm25,94,15.0,59.0,32.0,1093.69
2022-03-12,US,Jacksonville,pm25,143,2.0,53.0,23.0,1325.19
2022-03-12,US,San Antonio,pm25,72,1.0,71.0,13.0,2492.96
2022-03-12,US,Philadelphia,pm25,60,1.0,60.0,20.0,2061.46
2022-03-12,US,San Diego,pm25,19,7.0,75.0,29.0,4624.5
2022-03-12,US,Columbus,pm25,48,18.0,54.0,28.0,670.17
2022-03-12,US,Saint Paul,pm25,124,5.0,34.0,17.0,585.57
2022-03-12,US,Denver,pm25,147,5.0,57.0,17.0,1113.59
2022-03-12,US,Salt Lake City,pm25,216,2.0,30.0,12.0,398.33
2022-03-12,US,Albuquerque,pm25,71,5.0,59.0,11.0,775.82
2022-03-12,US,San Francisco,pm25,71,5.0,97.0,17.0,2863.01
2022-03-12,US,Salem,pm25,72,6.0,68.0,18.0,3441.59
2022-03-12,US,Madison,pm25,48,15.0,21.0,18.0,51.21
2022-03-12,US,Nashville,pm25,89,5.0,40.0,19.0,620.31
2022-03-12,US,Tucson,pm25,127,5.0,50.0,17.0,1227.56
2022-03-12,US,Queens,pm25,82,1.0,52.0,15.0,2301.1
2022-03-12,US,Tallahassee,pm25,46,3.0,37.0,16.0,783.98
2022-03-12,US,Fort Worth,pm25,22,5.0,42.0,13.0,885.37
2022-03-12,RS,Novi Sad,pm25,48,42.0,160.0,81.0,10304.0
2022-03-12,RS,Niš,pm25,48,45.0,177.0,145.0,23381.7
2022-03-12,RS,Belgrade,pm25,120,59.0,202.0,97.0,14633.1
2022-03-12,CY,Nicosia,pm25,24,13.0,60.0,47.0,1039.4
2022-03-12,CY,Limassol,pm25,24,6.0,62.0,26.0,2178.24
2022-03-12,HR,Zagreb,pm25,24,60.0,162.0,104.0,17516.1
2022-03-12,HR,Rijeka,pm25,60,28.0,159.0,53.0,4336.14
2022-03-12,MK,Skopje,pm25,168,17.0,157.0,66.0,9408.62
2022-03-13,GE,Tbilisi,pm25,96,17.0,49.0,33.0,595.45
2022-03-13,HU,Győr,pm25,47,13.0,97.0,63.0,4405.42
2022-03-13,HU,Szeged,pm25,24,46.0,112.0,85.0,2442.16
2022-03-13,HU,Pécs,pm25,63,50.0,134.0,102.0,8248.66
2022-03-13,HU,Kecskemét,pm25,48,55.0,164.0,85.0,14255.3
2022-03-13,HU,Miskolc,pm25,118,30.0,184.0,119.0,21814.8
2022-03-13,HU,Budapest,pm25,360,25.0,152.0,82.0,9005.57
2022-03-13,JP,Fukuoka,pm25,423,5.0,114.0,55.0,2286.65
2022-03-13,JP,Kanazawa,pm25,261,9.0,85.0,55.0,1219.27
2022-03-13,JP,Kumamoto,pm25,378,5.0,82.0,50.0,2556.15
2022-03-13,JP,Akita,pm25,45,9.0,59.0,42.0,1696.04
2022-03-13,JP,Kochi,pm25,48,21.0,72.0,63.0,1599.57
2022-03-13,JP,Gifu-shi,pm25,142,13.0,95.0,65.0,1579.93
2022-03-13,JP,Kyoto,pm25,579,13.0,99.0,70.0,3647.79
2022-03-13,JP,Hiroshima,pm25,334,5.0,89.0,55.0,2326.61
2022-03-13,JP,Shizuoka,pm25,258,13.0,102.0,61.0,2145.69
2022-03-13,JP,Chiba,pm25,813,9.0,137.0,63.0,2907.09
2022-03-13,JP,Sapporo,pm25,214,13.0,72.0,42.0,1464.92
2022-03-13,JP,Yokohama,pm25,531,1.0,119.0,65.0,3501.25
2022-03-13,JP,Tokyo,pm25,2610,1.0,144.0,68.0,1709.45
2022-03-13,JP,Saitama,pm25,501,42.0,144.0,72.0,1184.23
2022-03-13,JP,Naha,pm25,138,9.0,55.0,25.0,1031.42
2022-03-13,JP,Nagasaki,pm25,188,5.0,76.0,46.0,2390.0
2022-03-13,JP,Toyama,pm25,166,42.0,95.0,63.0,806.08
2022-03-13,JP,Niigata,pm25,214,30.0,93.0,59.0,735.33
2022-03-13,JP,Nara-shi,pm25,192,13.0,89.0,63.0,3351.32
2022-03-13,JP,Okayama,pm25,287,34.0,162.0,74.0,1595.47
2022-03-13,JP,Sendai,pm25,478,17.0,109.0,55.0,2014.99
2022-03-13,JP,Osaka,pm25,1470,5.0,151.0,63.0,5203.4
2022-03-13,JP,Miyazaki,pm25,141,5.0,95.0,50.0,2154.52
2022-03-13,JP,Matsuyama,pm25,168,5.0,89.0,53.0,2272.11
2022-03-13,JP,Wakayama,pm25,278,5.0,97.0,59.0,4036.17
2022-03-13,JP,Takamatsu,pm25,240,34.0,97.0,63.0,1021.63
2022-03-13,JP,Nagoya,pm25,407,13.0,132.0,63.0,2521.97
2022-03-13,JP,Ōita,pm25,262,9.0,93.0,59.0,2599.79
2022-03-13,JP,Kobe,pm25,427,5.0,122.0,65.0,4478.31
2022-03-13,JP,Nagano,pm25,96,42.0,144.0,70.0,3603.62
2022-03-13,JP,Utsunomiya,pm25,432,17.0,102.0,63.0,1101.08
2022-03-13,JP,Kagoshima,pm25,95,21.0,72.0,53.0,1059.93
2022-03-13,SK,Košice,pm25,96,21.0,246.0,72.0,12785.6
2022-03-13,SK,Bratislava,pm25,96,42.0,91.0,65.0,1515.71
2022-03-13,FI,Vantaa,pm25,24,16.0,83.0,60.0,2935.63
2022-03-13,FI,Turku,pm25,24,14.0,65.0,41.0,2000.22
2022-03-13,FI,Helsinki,pm25,120,22.0,82.0,44.0,1372.85
2022-03-13,FI,Tampere,pm25,96,15.0,73.0,33.0,2401.46
2022-03-13,ET,Addis Ababa,pm25,26,53.0,137.0,61.0,2633.85
2022-03-13,CH,Zürich,pm25,23,1.0,6.0,4.0,25.85
2022-03-13,CO,Bogotá,pm25,335,15.0,104.0,61.0,2144.38
2022-03-13,CO,Medellín,pm25,313,42.0,82.0,61.0,642.37
2022-03-13,DK,Copenhagen,pm25,2,65.0,73.0,65.0,320.0
2022-03-13,EC,Quito,pm25,173,1.0,106.0,45.0,4764.96
2022-03-13,GB,Edinburgh,pm25,287,8.0,63.0,20.0,1060.09
2022-03-13,GB,Norwich,pm25,17,34.0,67.0,38.0,998.16
2022-03-13,GB,Liverpool,pm25,37,9.0,61.0,15.0,1195.77
2022-03-13,GB,Belfast,pm25,53,12.0,45.0,25.0,323.46
2022-03-13,GB,Coventry,pm25,60,17.0,30.0,21.0,120.28
2022-03-13,GB,Leeds,pm25,38,21.0,55.0,35.0,516.27
2022-03-13,GB,Cardiff,pm25,120,21.0,70.0,38.0,1084.94
2022-03-13,GB,Bristol,pm25,67,9.0,55.0,30.0,1092.43
2022-03-13,GB,London,pm25,445,1.0,95.0,26.0,1892.84
2022-03-13,GB,Birmingham,pm25,39,17.0,32.0,22.0,228.15
2022-03-13,GB,Sheffield,pm25,87,17.0,55.0,29.0,890.8
2022-03-13,GB,Newport,pm25,46,12.0,40.0,25.0,746.65
2022-03-13,GB,Leicester,pm25,24,17.0,32.0,23.0,114.78
2022-03-13,GB,Manchester,pm25,80,9.0,48.0,25.0,731.45
2022-03-13,GB,Reading,pm25,48,5.0,61.0,21.0,2152.18
2022-03-13,GB,Plymouth,pm25,36,17.0,74.0,42.0,2091.97
2022-03-13,GB,Glasgow,pm25,567,1.0,37.0,18.0,378.64
2022-03-13,GB,Preston,pm25,47,7.0,29.0,20.0,278.0
2022-03-13,GB,Swansea,pm25,96,25.0,78.0,50.0,1596.42
2022-03-13,GB,Southend-on-Sea,pm25,38,16.0,135.0,30.0,3957.04
2022-03-13,ID,Jakarta,pm25,70,21.0,153.0,72.0,11247.4
2022-03-13,NP,Kathmandu,pm25,48,72.0,195.0,149.0,11800.8
2022-03-13,AU,Sydney,pm25,147,1.0,54.0,15.0,971.13
2022-03-13,AU,Newcastle,pm25,131,1.0,54.0,13.0,1198.19
2022-03-13,AU,Launceston,pm25,61,5.0,21.0,9.0,114.54
2022-03-13,AU,Hobart,pm25,46,5.0,17.0,9.0,96.85
2022-03-13,AU,Darwin,pm25,60,2.0,29.0,10.0,404.23
2022-03-13,AU,Melbourne,pm25,182,2.0,160.0,22.0,7213.38
2022-03-13,AU,Canberra,pm25,48,1.0,55.0,19.0,2337.23
2022-03-13,AU,Adelaide,pm25,82,3.0,44.0,13.0,872.29
2022-03-13,AU,Brisbane,pm25,181,1.0,72.0,19.0,812.54
2022-03-13,AU,Perth,pm25,88,4.0,12.0,8.0,42.77
2022-03-13,AU,Wollongong,pm25,33,1.0,67.0,13.0,3118.2
2022-03-13,CI,Abidjan,pm25,24,68.0,122.0,82.0,1399.93
2022-03-13,IQ,Baghdad,pm25,24,46.0,251.0,104.0,30893.8
2022-03-13,IS,Reykjavík,pm25,94,1.0,17.0,10.0,97.0
2022-03-13,KG,Bishkek,pm25,24,9.0,104.0,38.0,4262.83
2022-03-13,NL,Utrecht,pm25,47,4.0,95.0,54.0,3396.92
2022-03-13,NL,Nijmegen,pm25,48,7.0,82.0,55.0,2139.89
2022-03-13,NL,Haarlem,pm25,142,3.0,95.0,42.0,3559.51
2022-03-13,NL,Eindhoven,pm25,24,15.0,77.0,52.0,3314.13
2022-03-13,NL,Rotterdam,pm25,192,2.0,66.0,23.0,2160.52
2022-03-13,NL,Amsterdam,pm25,264,10.0,81.0,45.0,2451.12
2022-03-13,NL,Dordrecht,pm25,17,21.0,73.0,29.0,2149.93
2022-03-13,NL,Breda,pm25,24,8.0,70.0,32.0,2389.55
2022-03-13,NL,Groningen,pm25,48,36.0,75.0,62.0,773.29
2022-03-13,NL,Maastricht,pm25,93,5.0,74.0,34.0,3634.45
2022-03-13,NL,The Hague,pm25,71,1.0,59.0,24.0,1914.55
2022-03-13,PT,Lisbon,pm25,26,5.0,23.0,20.0,303.59
2022-03-13,PT,Funchal,pm25,63,1.0,59.0,12.0,995.12
2022-03-13,CA,Hamilton,pm25,74,5.0,50.0,25.0,1481.87
2022-03-13,CA,Calgary,pm25,88,7.0,58.0,18.0,984.78
2022-03-13,CA,Winnipeg,pm25,24,14.0,21.0,17.0,44.06
2022-03-13,CA,Halifax,pm25,46,5.0,20.0,13.0,113.66
2022-03-13,CA,Kitchener,pm25,38,5.0,61.0,25.0,2662.39
2022-03-13,CA,Edmonton,pm25,132,7.0,66.0,22.0,1365.42
2022-03-13,CA,Mississauga,pm25,59,9.0,57.0,30.0,2142.01
2022-03-13,CA,Québec,pm25,161,7.0,49.0,14.0,421.89
2022-03-13,CA,Vancouver,pm25,20,3.0,19.0,6.0,243.16
2022-03-13,CA,Victoria,pm25,44,5.0,50.0,21.0,988.18
2022-03-13,CA,Montréal,pm25,348,3.0,67.0,15.0,914.13
2022-03-13,CA,Toronto,pm25,111,5.0,68.0,25.0,2806.36
2022-03-13,CA,Ottawa,pm25,59,5.0,51.0,16.0,1215.63
2022-03-13,CA,London,pm25,38,9.0,53.0,21.0,1918.35
2022-03-13,US,Oklahoma City,pm25,96,13.0,63.0,22.0,1722.13
2022-03-13,US,Raleigh,pm25,69,5.0,43.0,17.0,666.36
2022-03-13,US,Memphis,pm25,70,6.0,40.0,16.0,338.76
2022-03-13,US,Jackson,pm25,72,1.0,52.0,18.0,1212.91
2022-03-13,US,Boston,pm25,123,5.0,57.0,25.0,1003.81
2022-03-13,US,Richmond,pm25,96,13.0,36.0,19.0,138.34
2022-03-13,US,Portland,pm25,157,5.0,34.0,9.0,326.52
2022-03-13,US,Boise,pm25,77,5.0,50.0,9.0,993.41
2022-03-13,US,Austin,pm25,43,5.0,80.0,34.0,3945.86
2022-03-13,US,Honolulu,pm25,63,5.0,59.0,21.0,1289.88
2022-03-13,US,Fresno,pm25,42,4.0,34.0,13.0,457.59
2022-03-13,US,Milwaukee,pm25,142,18.0,54.0,24.0,705.96
2022-03-13,US,Hartford,pm25,48,11.0,43.0,15.0,823.08
2022-03-13,US,Washington D.C.,pm25,114,5.0,65.0,21.0,1080.74
2022-03-13,US,Chicago,pm25,184,3.0,52.0,25.0,963.51
2022-03-13,US,Houston,pm25,48,8.0,97.0,28.0,3746.79
2022-03-13,US,Atlanta,pm25,7,18.0,46.0,23.0,1569.52
2022-03-13,US,Charlotte,pm25,21,5.0,34.0,21.0,487.57
2022-03-13,US,Sacramento,pm25,72,5.0,59.0,25.0,1229.14
2022-03-13,US,Oakland,pm25,117,5.0,70.0,34.0,2095.34
2022-03-13,US,Providence,pm25,43,5.0,38.0,17.0,569.92
2022-03-13,US,Staten Island,pm25,116,2.0,57.0,28.0,1389.09
2022-03-13,US,Brooklyn,pm25,141,4.0,59.0,32.0,1730.84
2022-03-13,US,Springfield,pm25,69,2.0,67.0,20.0,1291.88
2022-03-13,US,The Bronx,pm25,48,11.0,49.0,27.0,611.05
2022-03-13,US,San Jose,pm25,96,9.0,57.0,25.0,1196.87
2022-03-13,US,Los Angeles,pm25,72,12.0,81.0,54.0,2387.65
2022-03-13,US,Detroit,pm25,132,18.0,68.0,35.0,1483.34
2022-03-13,US,Little Rock,pm25,23,15.0,43.0,24.0,576.92
2022-03-13,US,Baltimore,pm25,48,9.0,57.0,26.0,1399.93
2022-03-13,US,Phoenix,pm25,160,3.0,107.0,35.0,5002.48
2022-03-13,US,Omaha,pm25,45,5.0,50.0,25.0,926.59
2022-03-13,US,El Paso,pm25,151,5.0,74.0,30.0,3300.98
2022-03-13,US,Dallas,pm25,24,18.0,39.0,25.0,301.72
2022-03-13,US,Seattle,pm25,239,3.0,74.0,17.0,1101.29
2022-03-13,US,Manhattan,pm25,48,3.0,51.0,27.0,967.55
2022-03-13,US,Miami,pm25,93,12.0,35.0,25.0,316.7
2022-03-13,US,Jacksonville,pm25,143,9.0,50.0,19.0,382.67
2022-03-13,US,San Antonio,pm25,66,3.0,117.0,37.0,7204.1
2022-03-13,US,Philadelphia,pm25,59,2.0,55.0,24.0,1831.87
2022-03-13,US,San Diego,pm25,24,18.0,61.0,40.0,986.36
2022-03-13,US,Columbus,pm25,48,13.0,34.0,23.0,308.4
2022-03-13,US,Saint Paul,pm25,134,5.0,50.0,21.0,828.34
2022-03-13,US,Denver,pm25,133,5.0,46.0,13.0,451.76
2022-03-13,US,Salt Lake City,pm25,212,1.0,36.0,10.0,265.21
2022-03-13,US,Albuquerque,pm25,72,8.0,59.0,15.0,1690.4
2022-03-13,US,San Francisco,pm25,67,5.0,78.0,34.0,2799.19
2022-03-13,US,Salem,pm25,72,5.0,26.0,8.0,281.03
2022-03-13,US,Madison,pm25,48,18.0,32.0,22.0,170.17
2022-03-13,US,Nashville,pm25,68,8.0,57.0,17.0,717.15
2022-03-13,US,Tucson,pm25,130,5.0,55.0,17.0,1142.13
2022-03-13,US,Queens,pm25,96,13.0,57.0,28.0,923.37
2022-03-13,US,Tallahassee,pm25,72,6.0,85.0,18.0,2066.99
2022-03-13,US,Fort Worth,pm25,24,5.0,42.0,21.0,1060.71
2022-03-13,RS,Novi Sad,pm25,48,63.0,165.0,92.0,13527.2
2022-03-13,RS,Niš,pm25,48,54.0,188.0,125.0,16511.5
2022-03-13,RS,Belgrade,pm25,120,65.0,186.0,145.0,14174.1
2022-03-13,CY,Nicosia,pm25,23,30.0,80.0,52.0,2402.69
2022-03-13,CY,Limassol,pm25,24,16.0,75.0,29.0,2843.19
2022-03-13,HR,Zagreb,pm25,22,52.0,181.0,129.0,19395.8
2022-03-13,HR,Rijeka,pm25,66,22.0,152.0,51.0,4701.72
2022-03-13,MK,Skopje,pm25,168,22.0,187.0,82.0,17944.7
2022-03-14,GE,Tbilisi,pm25,96,31.0,59.0,42.0,453.47
2022-03-14,HU,Győr,pm25,48,30.0,127.0,68.0,3227.62
2022-03-14,HU,Szeged,pm25,22,53.0,99.0,74.0,3063.48
2022-03-14,HU,Pécs,pm25,69,57.0,152.0,89.0,9046.96
2022-03-14,HU,Kecskemét,pm25,48,57.0,159.0,102.0,17562.3
2022-03-14,HU,Miskolc,pm25,120,53.0,165.0,137.0,13919.2
2022-03-14,HU,Budapest,pm25,357,34.0,134.0,80.0,6015.13
2022-03-14,JP,Fukuoka,pm25,417,5.0,127.0,42.0,2772.12
2022-03-14,JP,Kanazawa,pm25,230,5.0,72.0,25.0,1928.78
2022-03-14,JP,Kumamoto,pm25,368,5.0,78.0,38.0,2239.56
2022-03-14,JP,Akita,pm25,39,5.0,99.0,25.0,4208.22
2022-03-14,JP,Kochi,pm25,48,25.0,65.0,50.0,838.51
2022-03-14,JP,Gifu-shi,pm25,126,5.0,95.0,30.0,4642.25
2022-03-14,JP,Kyoto,pm25,569,5.0,78.0,30.0,2486.64
2022-03-14,JP,Hiroshima,pm25,295,5.0,85.0,42.0,2570.81
2022-03-14,JP,Shizuoka,pm25,241,5.0,76.0,34.0,2833.05
2022-03-14,JP,Chiba,pm25,737,5.0,137.0,38.0,3132.02
2022-03-14,JP,Sapporo,pm25,216,13.0,72.0,46.0,1462.46
2022-03-14,JP,Yokohama,pm25,520,1.0,89.0,34.0,2998.56
2022-03-14,JP,Tokyo,pm25,2541,1.0,124.0,42.0,4697.8
2022-03-14,JP,Saitama,pm25,483,5.0,134.0,59.0,6131.94
2022-03-14,JP,Naha,pm25,139,5.0,57.0,21.0,1086.06
2022-03-14,JP,Nagasaki,pm25,185,5.0,72.0,34.0,1659.27
2022-03-14,JP,Toyama,pm25,167,5.0,107.0,30.0,3669.95
2022-03-14,JP,Niigata,pm25,211,5.0,70.0,30.0,3233.93
2022-03-14,JP,Nara-shi,pm25,191,5.0,53.0,30.0,1217.8
2022-03-14,JP,Okayama,pm25,273,13.0,149.0,57.0,3483.89
2022-03-14,JP,Sendai,pm25,472,5.0,89.0,53.0,3317.68
2022-03-14,JP,Osaka,pm25,1415,5.0,99.0,34.0,2377.21
2022-03-14,JP,Miyazaki,pm25,137,9.0,152.0,46.0,2821.48
2022-03-14,JP,Matsuyama,pm25,161,13.0,80.0,50.0,1897.34
2022-03-14,JP,Wakayama,pm25,283,5.0,80.0,30.0,1866.82
2022-03-14,JP,Takamatsu,pm25,233,9.0,91.0,53.0,2453.5
2022-03-14,JP,Nagoya,pm25,606,5.0,95.0,30.0,2205.8
2022-03-14,JP,Ōita,pm25,258,5.0,78.0,46.0,2397.69
2022-03-14,JP,Kobe,pm25,420,5.0,104.0,42.0,2287.08
2022-03-14,JP,Nagano,pm25,90,5.0,80.0,38.0,6500.25
2022-03-14,JP,Utsunomiya,pm25,429,5.0,109.0,65.0,4425.61
2022-03-14,JP,Kagoshima,pm25,95,21.0,57.0,42.0,702.78
2022-03-14,SK,Košice,pm25,96,55.0,172.0,80.0,10381.7
2022-03-14,SK,Bratislava,pm25,96,46.0,104.0,68.0,1833.6
2022-03-14,FI,Vantaa,pm25,24,11.0,81.0,45.0,3457.97
2022-03-14,FI,Turku,pm25,23,10.0,54.0,31.0,1624.03
2022-03-14,FI,Helsinki,pm25,115,17.0,140.0,35.0,4817.35
2022-03-14,FI,Tampere,pm25,96,10.0,113.0,29.0,3167.21
2022-03-14,ET,Addis Ababa,pm25,37,42.0,155.0,68.0,5150.44
2022-03-14,CH,Zürich,pm25,11,1.0,3.0,1.0,6.73
2022-03-14,CO,Bogotá,pm25,336,13.0,154.0,68.0,7977.23
2022-03-14,CO,Medellín,pm25,328,30.0,93.0,55.0,1094.83
2022-03-14,DK,Copenhagen,pm25,24,44.0,88.0,74.0,1181.09
2022-03-14,EC,Quito,pm25,183,1.0,156.0,53.0,9410.95
2022-03-14,GB,Edinburgh,pm25,284,1.0,42.0,16.0,530.67
2022-03-14,GB,Norwich,pm25,18,33.0,50.0,38.0,219.77
2022-03-14,GB,Liverpool,pm25,29,13.0,30.0,21.0,268.57
2022-03-14,GB,Belfast,pm25,61,10.0,64.0,25.0,692.38
2022-03-14,GB,Coventry,pm25,58,13.0,51.0,25.0,504.55
2022-03-14,GB,Leeds,pm25,38,21.0,55.0,34.0,497.25
2022-03-14,GB,Cardiff,pm25,119,17.0,68.0,50.0,1419.65
2022-03-14,GB,Bristol,pm25,72,25.0,74.0,34.0,1150.69
2022-03-14,GB,London,pm25,423,5.0,196.0,38.0,2463.49
2022-03-14,GB,Birmingham,pm25,38,20.0,86.0,30.0,1501.85
2022-03-14,GB,Sheffield,pm25,56,13.0,57.0,25.0,1032.61
2022-03-14,GB,Newport,pm25,47,17.0,43.0,32.0,614.03
2022-03-14,GB,Leicester,pm25,20,17.0,62.0,38.0,1450.53
2022-03-14,GB,Manchester,pm25,84,12.0,48.0,27.0,689.19
2022-03-14,GB,Reading,pm25,48,17.0,76.0,30.0,2132.7
2022-03-14,GB,Plymouth,pm25,35,21.0,63.0,34.0,1108.2
2022-03-14,GB,Glasgow,pm25,564,1.0,56.0,15.0,510.06
2022-03-14,GB,Preston,pm25,43,16.0,42.0,25.0,562.3
2022-03-14,GB,Swansea,pm25,92,21.0,82.0,38.0,1771.85
2022-03-14,GB,Southend-on-Sea,pm25,40,19.0,53.0,30.0,714.36
2022-03-14,ID,Jakarta,pm25,71,53.0,169.0,107.0,9308.84
2022-03-14,NP,Kathmandu,pm25,32,89.0,183.0,132.0,7167.17
2022-03-14,AU,Sydney,pm25,143,1.0,76.0,14.0,1448.23
2022-03-14,AU,Newcastle,pm25,128,1.0,47.0,14.0,1152.95
2022-03-14,AU,Launceston,pm25,89,5.0,21.0,9.0,109.05
2022-03-14,AU,Hobart,pm25,40,5.0,13.0,5.0,73.74
2022-03-14,AU,Darwin,pm25,57,1.0,33.0,9.0,482.41
2022-03-14,AU,Melbourne,pm25,190,3.0,158.0,64.0,4763.12
2022-03-14,AU,Canberra,pm25,57,2.0,54.0,15.0,952.09
2022-03-14,AU,Adelaide,pm25,95,5.0,53.0,21.0,799.87
2022-03-14,AU,Brisbane,pm25,174,1.0,41.0,18.0,469.01
2022-03-14,AU,Perth,pm25,92,3.0,16.0,10.0,77.03
2022-03-14,AU,Wollongong,pm25,42,1.0,29.0,10.0,564.85
2022-03-14,CI,Abidjan,pm25,24,72.0,158.0,85.0,6238.68
2022-03-14,IQ,Baghdad,pm25,24,61.0,164.0,89.0,15275.4
2022-03-14,IS,Reykjavík,pm25,96,5.0,60.0,20.0,1184.25
2022-03-14,KG,Bishkek,pm25,24,30.0,93.0,55.0,2889.55
2022-03-14,NL,Utrecht,pm25,48,4.0,78.0,43.0,3329.78
2022-03-14,NL,Nijmegen,pm25,44,7.0,107.0,50.0,5612.45
2022-03-14,NL,Haarlem,pm25,141,3.0,84.0,43.0,3593.24
2022-03-14,NL,Eindhoven,pm25,24,2.0,81.0,29.0,4421.14
2022-03-14,NL,Rotterdam,pm25,192,7.0,75.0,38.0,2456.62
2022-03-14,NL,Amsterdam,pm25,257,2.0,73.0,34.0,1991.18
2022-03-14,NL,Dordrecht,pm25,24,22.0,71.0,51.0,2481.29
2022-03-14,NL,Breda,pm25,24,10.0,68.0,42.0,2117.32
2022-03-14,NL,Groningen,pm25,48,9.0,73.0,41.0,1892.91
2022-03-14,NL,Maastricht,pm25,89,5.0,68.0,25.0,1935.93
2022-03-14,NL,The Hague,pm25,71,3.0,58.0,35.0,2448.25
2022-03-14,PT,Lisbon,pm25,34,14.0,38.0,22.0,203.72
2022-03-14,PT,Funchal,pm25,50,4.0,35.0,12.0,580.82
2022-03-14,CA,Hamilton,pm25,95,34.0,85.0,50.0,1321.68
2022-03-14,CA,Calgary,pm25,78,2.0,80.0,28.0,5387.98
2022-03-14,CA,Winnipeg,pm25,24,16.0,35.0,22.0,374.49
2022-03-14,CA,Halifax,pm25,46,13.0,47.0,20.0,688.87
2022-03-14,CA,Kitchener,pm25,48,38.0,82.0,55.0,955.53
2022-03-14,CA,Edmonton,pm25,130,10.0,84.0,52.0,4039.07
2022-03-14,CA,Mississauga,pm25,70,21.0,76.0,55.0,1180.49
2022-03-14,CA,Québec,pm25,185,12.0,63.0,38.0,1717.9
2022-03-14,CA,Vancouver,pm25,23,5.0,18.0,9.0,96.8
2022-03-14,CA,Victoria,pm25,38,5.0,25.0,13.0,316.81
2022-03-14,CA,Montréal,pm25,402,18.0,65.0,35.0,1274.92
2022-03-14,CA,Toronto,pm25,143,25.0,87.0,59.0,1674.36
2022-03-14,CA,Ottawa,pm25,70,17.0,61.0,38.0,1586.17
2022-03-14,CA,London,pm25,48,30.0,61.0,50.0,710.57
2022-03-14,US,Oklahoma City,pm25,96,21.0,67.0,31.0,982.21
2022-03-14,US,Raleigh,pm25,70,9.0,57.0,30.0,941.58
2022-03-14,US,Memphis,pm25,71,14.0,52.0,29.0,652.27
2022-03-14,US,Jackson,pm25,72,3.0,83.0,23.0,3923.99
2022-03-14,US,Boston,pm25,142,13.0,68.0,38.0,1062.04
2022-03-14,US,Richmond,pm25,96,16.0,33.0,22.0,169.24
2022-03-14,US,Portland,pm25,162,10.0,50.0,18.0,457.05
2022-03-14,US,Boise,pm25,57,5.0,30.0,9.0,444.89
2022-03-14,US,Austin,pm25,36,5.0,61.0,30.0,2172.66
2022-03-14,US,Honolulu,pm25,71,5.0,57.0,21.0,1200.95
2022-03-14,US,Fresno,pm25,48,13.0,50.0,30.0,757.87
2022-03-14,US,Milwaukee,pm25,143,24.0,86.0,38.0,1779.43
2022-03-14,US,Hartford,pm25,48,26.0,52.0,43.0,650.7
2022-03-14,US,Washington D.C.,pm25,117,5.0,72.0,22.0,1466.66
2022-03-14,US,Chicago,pm25,176,16.0,69.0,36.0,1113.81
2022-03-14,US,Houston,pm25,48,2.0,53.0,27.0,1336.01
2022-03-14,US,Atlanta,pm25,24,18.0,53.0,36.0,1436.23
2022-03-14,US,Charlotte,pm25,24,13.0,61.0,42.0,1519.98
2022-03-14,US,Sacramento,pm25,71,5.0,68.0,35.0,1887.21
2022-03-14,US,Oakland,pm25,116,5.0,63.0,38.0,1460.04
2022-03-14,US,Providence,pm25,47,9.0,63.0,30.0,1760.28
2022-03-14,US,Staten Island,pm25,116,1.0,58.0,34.0,1968.8
2022-03-14,US,Brooklyn,pm25,144,17.0,79.0,36.0,1277.05
2022-03-14,US,Springfield,pm25,72,3.0,56.0,30.0,1448.35
2022-03-14,US,The Bronx,pm25,48,17.0,56.0,34.0,1145.09
2022-03-14,US,San Jose,pm25,96,5.0,53.0,30.0,1198.53
2022-03-14,US,Los Angeles,pm25,71,10.0,68.0,48.0,1574.71
2022-03-14,US,Detroit,pm25,144,34.0,149.0,60.0,2271.73
2022-03-14,US,Little Rock,pm25,24,16.0,50.0,26.0,944.57
2022-03-14,US,Baltimore,pm25,46,9.0,70.0,34.0,2858.48
2022-03-14,US,Phoenix,pm25,164,3.0,107.0,33.0,3862.08
2022-03-14,US,Omaha,pm25,47,5.0,55.0,30.0,1632.16
2022-03-14,US,El Paso,pm25,128,5.0,46.0,17.0,1202.97
2022-03-14,US,Dallas,pm25,24,2.0,31.0,20.0,630.27
2022-03-14,US,Seattle,pm25,234,2.0,82.0,17.0,1611.25
2022-03-14,US,Manhattan,pm25,57,12.0,63.0,33.0,1397.98
2022-03-14,US,Miami,pm25,94,22.0,45.0,30.0,206.63
2022-03-14,US,Jacksonville,pm25,137,4.0,55.0,22.0,502.37
2022-03-14,US,San Antonio,pm25,72,1.0,67.0,23.0,2855.2
2022-03-14,US,Philadelphia,pm25,65,1.0,90.0,31.0,3017.43
2022-03-14,US,San Diego,pm25,24,21.0,73.0,32.0,1208.41
2022-03-14,US,Columbus,pm25,47,2.0,49.0,18.0,834.22
2022-03-14,US,Saint Paul,pm25,142,5.0,55.0,25.0,1302.35
2022-03-14,US,Denver,pm25,147,5.0,55.0,17.0,908.63
2022-03-14,US,Salt Lake City,pm25,210,2.0,52.0,14.0,1255.81
2022-03-14,US,Albuquerque,pm25,72,5.0,28.0,11.0,233.22
2022-03-14,US,San Francisco,pm25,70,5.0,114.0,30.0,3330.62
2022-03-14,US,Salem,pm25,72,11.0,26.0,16.0,97.53
2022-03-14,US,Madison,pm25,48,20.0,51.0,37.0,577.97
2022-03-14,US,Nashville,pm25,77,5.0,79.0,28.0,2898.77
2022-03-14,US,Tucson,pm25,158,5.0,68.0,21.0,1368.85
2022-03-14,US,Queens,pm25,96,17.0,57.0,33.0,1011.01
2022-03-14,US,Tallahassee,pm25,72,12.0,82.0,28.0,2139.65
2022-03-14,US,Fort Worth,pm25,21,5.0,50.0,25.0,2484.9
2022-03-14,RS,Novi Sad,pm25,48,28.0,154.0,71.0,9884.78
2022-03-14,RS,Niš,pm25,48,51.0,187.0,151.0,18267.5
2022-03-14,RS,Belgrade,pm25,120,36.0,165.0,97.0,12503.7
2022-03-14,CY,Nicosia,pm25,24,41.0,75.0,53.0,750.85
2022-03-14,CY,Limassol,pm25,23,4.0,62.0,41.0,2411.46
2022-03-14,HR,Zagreb,pm25,18,55.0,162.0,92.0,17007.2
2022-03-14,HR,Rijeka,pm25,76,30.0,104.0,50.0,3017.59
2022-03-14,MK,Skopje,pm25,168,14.0,186.0,83.0,21216.3
2022-03-15,GE,Tbilisi,pm25,96,28.0,62.0,46.0,731.85
2022-03-15,HU,Győr,pm25,47,9.0,114.0,68.0,5394.71
2022-03-15,HU,Szeged,pm25,24,46.0,102.0,74.0,2325.8
2022-03-15,HU,Pécs,pm25,72,53.0,144.0,87.0,3351.27
2022-03-15,HU,Kecskemét,pm25,48,61.0,152.0,80.0,11128.2
2022-03-15,HU,Miskolc,pm25,110,63.0,169.0,134.0,12477.0
2022-03-15,HU,Budapest,pm25,354,50.0,139.0,74.0,5011.23
2022-03-15,JP,Fukuoka,pm25,419,5.0,112.0,46.0,1765.5
2022-03-15,JP,Kanazawa,pm25,211,5.0,74.0,25.0,2760.7
2022-03-15,JP,Kumamoto,pm25,369,5.0,102.0,46.0,2405.05
2022-03-15,JP,Akita,pm25,42,5.0,85.0,25.0,3593.77
2022-03-15,JP,Kochi,pm25,47,9.0,112.0,61.0,2769.66
2022-03-15,JP,Gifu-shi,pm25,137,5.0,89.0,34.0,2520.47
2022-03-15,JP,Kyoto,pm25,575,5.0,76.0,46.0,1833.54
2022-03-15,JP,Hiroshima,pm25,317,5.0,87.0,46.0,1972.7
2022-03-15,JP,Shizuoka,pm25,261,9.0,76.0,42.0,1775.87
2022-03-15,JP,Chiba,pm25,761,5.0,134.0,42.0,5149.69
2022-03-15,JP,Sapporo,pm25,211,5.0,59.0,30.0,1491.44
2022-03-15,JP,Yokohama,pm25,536,1.0,124.0,42.0,5185.49
2022-03-15,JP,Tokyo,pm25,2491,1.0,137.0,34.0,2948.43
2022-03-15,JP,Saitama,pm25,465,5.0,95.0,25.0,1445.37
2022-03-15,JP,Naha,pm25,134,9.0,38.0,21.0,597.28
2022-03-15,JP,Nagasaki,pm25,190,5.0,89.0,38.0,1689.94
2022-03-15,JP,Toyama,pm25,181,5.0,102.0,34.0,2616.12
2022-03-15,JP,Niigata,pm25,205,5.0,65.0,21.0,1748.79
2022-03-15,JP,Nara-shi,pm25,186,9.0,68.0,46.0,1451.78
2022-03-15,JP,Okayama,pm25,257,13.0,107.0,50.0,1943.2
2022-03-15,JP,Sendai,pm25,372,5.0,46.0,13.0,625.09
2022-03-15,JP,Osaka,pm25,1452,5.0,95.0,46.0,2277.52
2022-03-15,JP,Miyazaki,pm25,135,5.0,99.0,55.0,2895.47
2022-03-15,JP,Matsuyama,pm25,162,5.0,80.0,50.0,2062.03
2022-03-15,JP,Wakayama,pm25,285,5.0,82.0,46.0,1430.2
2022-03-15,JP,Takamatsu,pm25,236,17.0,70.0,42.0,1475.56
2022-03-15,JP,Nagoya,pm25,780,1.0,89.0,38.0,2621.69
2022-03-15,JP,Ōita,pm25,259,5.0,82.0,50.0,1923.98
2022-03-15,JP,Kobe,pm25,424,9.0,91.0,50.0,1606.82
2022-03-15,JP,Nagano,pm25,90,5.0,61.0,25.0,2109.62
2022-03-15,JP,Utsunomiya,pm25,394,5.0,55.0,25.0,1436.78
2022-03-15,JP,Kagoshima,pm25,95,9.0,74.0,46.0,1503.11
2022-03-15,SK,Košice,pm25,96,78.0,163.0,107.0,5592.52
2022-03-15,SK,Bratislava,pm25,96,53.0,107.0,80.0,1883.5
2022-03-15,FI,Vantaa,pm25,24,47.0,91.0,61.0,1244.28
2022-03-15,FI,Turku,pm25,24,22.0,73.0,42.0,2326.09
2022-03-15,FI,Helsinki,pm25,115,9.0,148.0,62.0,7485.17
2022-03-15,FI,Tampere,pm25,96,21.0,82.0,48.0,3059.35
2022-03-15,ET,Addis Ababa,pm25,48,55.0,173.0,70.0,6459.15
2022-03-15,CH,Zürich,pm25,21,2.0,4.0,3.0,6.62
2022-03-15,CO,Bogotá,pm25,334,17.0,167.0,72.0,6553.43
2022-03-15,CO,Medellín,pm25,307,38.0,104.0,65.0,1794.99
2022-03-15,DK,Copenhagen,pm25,24,16.0,105.0,37.0,7088.68
2022-03-15,EC,Quito,pm25,183,1.0,118.0,45.0,4233.23
2022-03-15,GB,Edinburgh,pm25,286,5.0,42.0,20.0,647.31
2022-03-15,GB,Norwich,pm25,22,40.0,75.0,52.0,1036.1
2022-03-15,GB,Liverpool,pm25,40,13.0,85.0,30.0,2027.69
2022-03-15,GB,Belfast,pm25,55,13.0,53.0,31.0,866.75
2022-03-15,GB,Coventry,pm25,64,28.0,60.0,40.0,662.06
2022-03-15,GB,Leeds,pm25,46,30.0,65.0,46.0,1135.32
2022-03-15,GB,Cardiff,pm25,120,17.0,89.0,61.0,2429.88
2022-03-15,GB,Bristol,pm25,70,25.0,76.0,53.0,1746.5
2022-03-15,GB,London,pm25,464,13.0,85.0,50.0,1568.45
2022-03-15,GB,Birmingham,pm25,41,46.0,90.0,59.0,843.94
2022-03-15,GB,Sheffield,pm25,95,14.0,91.0,39.0,2149.33
2022-03-15,GB,Newport,pm25,47,25.0,64.0,46.0,1664.22
2022-03-15,GB,Leicester,pm25,19,35.0,84.0,52.0,1218.42
2022-03-15,GB,Manchester,pm25,84,22.0,72.0,41.0,1378.03
2022-03-15,GB,Reading,pm25,48,21.0,68.0,53.0,1465.32
2022-03-15,GB,Plymouth,pm25,46,17.0,64.0,53.0,1956.97
2022-03-15,GB,Glasgow,pm25,555,1.0,53.0,20.0,384.75
2022-03-15,GB,Preston,pm25,47,21.0,63.0,39.0,1525.75
2022-03-15,GB,Swansea,pm25,96,30.0,87.0,55.0,2112.98
2022-03-15,GB,Southend-on-Sea,pm25,48,34.0,135.0,55.0,2675.21
2022-03-15,ID,Jakarta,pm25,70,13.0,167.0,87.0,15172.6
2022-03-15,NP,Kathmandu,pm25,26,102.0,181.0,129.0,5231.34
2022-03-15,AU,Sydney,pm25,151,1.0,58.0,17.0,1394.18
2022-03-15,AU,Newcastle,pm25,123,1.0,55.0,15.0,1254.28
2022-03-15,AU,Launceston,pm25,45,5.0,68.0,9.0,1872.4
2022-03-15,AU,Hobart,pm25,38,5.0,17.0,5.0,111.64
2022-03-15,AU,Darwin,pm25,59,1.0,30.0,7.0,333.52
2022-03-15,AU,Melbourne,pm25,187,3.0,69.0,35.0,2269.38
2022-03-15,AU,Canberra,pm25,56,2.0,65.0,13.0,1984.4
2022-03-15,AU,Adelaide,pm25,85,5.0,53.0,13.0,930.71
2022-03-15,AU,Brisbane,pm25,181,1.0,53.0,20.0,812.37
2022-03-15,AU,Perth,pm25,81,2.0,22.0,6.0,342.72
2022-03-15,AU,Wollongong,pm25,32,1.0,63.0,16.0,2958.71
2022-03-15,CI,Abidjan,pm25,24,68.0,122.0,102.0,3117.39
2022-03-15,GH,Accra,pm25,11,61.0,85.0,74.0,476.73
2022-03-15,IQ,Baghdad,pm25,24,61.0,254.0,89.0,24627.7
2022-03-15,IS,Reykjavík,pm25,96,6.0,40.0,18.0,531.14
2022-03-15,KG,Bishkek,pm25,24,17.0,91.0,46.0,4368.41
2022-03-15,NL,Utrecht,pm25,48,7.0,96.0,64.0,3683.12
2022-03-15,NL,Nijmegen,pm25,46,6.0,85.0,60.0,2592.72
2022-03-15,NL,Haarlem,pm25,139,10.0,159.0,59.0,5502.03
2022-03-15,NL,Eindhoven,pm25,24,18.0,82.0,63.0,3855.05
2022-03-15,NL,Rotterdam,pm25,189,5.0,157.0,52.0,3361.54
2022-03-15,NL,Amsterdam,pm25,262,14.0,108.0,55.0,3090.16
2022-03-15,NL,Dordrecht,pm25,24,26.0,85.0,57.0,3581.67
2022-03-15,NL,Breda,pm25,24,23.0,86.0,64.0,3155.63
2022-03-15,NL,Groningen,pm25,48,40.0,94.0,58.0,1939.57
2022-03-15,NL,Maastricht,pm25,88,9.0,70.0,42.0,2104.47
2022-03-15,NL,The Hague,pm25,72,11.0,77.0,52.0,1999.34
2022-03-15,PT,Lisbon,pm25,70,15.0,178.0,69.0,34407.1
2022-03-15,PT,Funchal,pm25,53,2.0,35.0,17.0,646.39
2022-03-15,CA,Hamilton,pm25,96,25.0,80.0,46.0,1701.19
2022-03-15,CA,Calgary,pm25,84,1.0,40.0,7.0,592.2
2022-03-15,CA,Winnipeg,pm25,24,31.0,58.0,46.0,829.98
2022-03-15,CA,Halifax,pm25,46,11.0,50.0,30.0,1253.22
2022-03-15,CA,Kitchener,pm25,47,21.0,78.0,42.0,2870.05
2022-03-15,CA,Edmonton,pm25,131,1.0,91.0,34.0,6697.43
2022-03-15,CA,Mississauga,pm25,69,21.0,72.0,42.0,1794.37
2022-03-15,CA,Québec,pm25,173,7.0,75.0,18.0,2381.97
2022-03-15,CA,Vancouver,pm25,23,4.0,24.0,8.0,318.93
2022-03-15,CA,Victoria,pm25,43,5.0,46.0,17.0,619.39
2022-03-15,CA,Montréal,pm25,404,9.0,75.0,41.0,2516.15
2022-03-15,CA,Toronto,pm25,144,9.0,114.0,34.0,2626.99
2022-03-15,CA,Ottawa,pm25,67,17.0,65.0,31.0,1452.51
2022-03-15,CA,London,pm25,48,42.0,99.0,72.0,2287.41
2022-03-15,US,Oklahoma City,pm25,96,29.0,79.0,52.0,1023.31
2022-03-15,US,Raleigh,pm25,72,25.0,72.0,46.0,1082.96
2022-03-15,US,Memphis,pm25,71,31.0,69.0,56.0,530.41
2022-03-15,US,Jackson,pm25,72,2.0,70.0,25.0,2418.8
2022-03-15,US,Boston,pm25,141,9.0,57.0,38.0,960.79
2022-03-15,US,Richmond,pm25,94,21.0,58.0,40.0,1321.75
2022-03-15,US,Portland,pm25,165,5.0,32.0,12.0,209.38
2022-03-15,US,Boise,pm25,70,5.0,34.0,17.0,496.73
2022-03-15,US,Austin,pm25,39,5.0,59.0,25.0,1967.75
2022-03-15,US,Honolulu,pm25,70,5.0,63.0,25.0,1390.02
2022-03-15,US,Fresno,pm25,48,5.0,53.0,25.0,1438.01
2022-03-15,US,Milwaukee,pm25,134,18.0,87.0,48.0,2485.29
2022-03-15,US,Hartford,pm25,48,23.0,45.0,33.0,259.84
2022-03-15,US,Washington D.C.,pm25,115,5.0,53.0,25.0,852.23
2022-03-15,US,Chicago,pm25,189,18.0,79.0,47.0,1772.6
2022-03-15,US,Houston,pm25,48,2.0,58.0,29.0,1879.93
2022-03-15,US,Atlanta,pm25,24,28.0,65.0,52.0,1119.06
2022-03-15,US,Charlotte,pm25,24,9.0,61.0,42.0,2258.19
2022-03-15,US,Sacramento,pm25,69,1.0,34.0,17.0,752.24
2022-03-15,US,Oakland,pm25,108,5.0,42.0,17.0,620.74
2022-03-15,US,Providence,pm25,48,9.0,57.0,30.0,1704.64
2022-03-15,US,Staten Island,pm25,119,1.0,69.0,35.0,1857.15
2022-03-15,US,Brooklyn,pm25,139,1.0,64.0,38.0,1500.96
2022-03-15,US,Springfield,pm25,72,20.0,120.0,43.0,6377.46
2022-03-15,US,The Bronx,pm25,38,1.0,45.0,33.0,1170.7
2022-03-15,US,San Jose,pm25,89,5.0,68.0,21.0,957.74
2022-03-15,US,Los Angeles,pm25,70,11.0,98.0,53.0,3207.17
2022-03-15,US,Detroit,pm25,137,44.0,152.0,93.0,5731.66
2022-03-15,US,Little Rock,pm25,24,18.0,51.0,42.0,767.23
2022-03-15,US,Baltimore,pm25,46,5.0,71.0,30.0,2654.21
2022-03-15,US,Phoenix,pm25,159,2.0,107.0,33.0,4802.01
2022-03-15,US,Omaha,pm25,48,5.0,76.0,30.0,3361.91
2022-03-15,US,El Paso,pm25,153,2.0,89.0,25.0,2754.17
2022-03-15,US,Dallas,pm25,24,9.0,44.0,23.0,712.16
2022-03-15,US,Seattle,pm25,236,3.0,46.0,17.0,839.7
2022-03-15,US,Manhattan,pm25,72,6.0,61.0,40.0,1652.89
2022-03-15,US,Miami,pm25,87,14.0,30.0,23.0,157.63
2022-03-15,US,Jacksonville,pm25,141,6.0,54.0,22.0,578.33
2022-03-15,US,San Antonio,pm25,66,1.0,71.0,19.0,3003.13
2022-03-15,US,Philadelphia,pm25,82,8.0,112.0,34.0,4234.26
2022-03-15,US,San Diego,pm25,24,30.0,72.0,48.0,1117.37
2022-03-15,US,Columbus,pm25,48,4.0,59.0,30.0,1700.0
2022-03-15,US,Saint Paul,pm25,133,5.0,76.0,34.0,4036.03
2022-03-15,US,Denver,pm25,152,5.0,57.0,21.0,892.64
2022-03-15,US,Salt Lake City,pm25,216,2.0,43.0,16.0,862.83
2022-03-15,US,Albuquerque,pm25,72,5.0,70.0,17.0,1490.35
2022-03-15,US,San Francisco,pm25,60,5.0,34.0,13.0,557.29
2022-03-15,US,Salem,pm25,72,8.0,26.0,11.0,92.57
2022-03-15,US,Madison,pm25,48,26.0,85.0,61.0,2908.58
2022-03-15,US,Nashville,pm25,81,17.0,82.0,50.0,2450.99
2022-03-15,US,Tucson,pm25,156,5.0,65.0,25.0,1987.33
2022-03-15,US,Queens,pm25,96,21.0,61.0,38.0,1487.89
2022-03-15,US,Tallahassee,pm25,71,5.0,45.0,23.0,518.79
2022-03-15,US,Fort Worth,pm25,21,9.0,53.0,30.0,2655.62
2022-03-15,RS,Novi Sad,pm25,48,54.0,142.0,72.0,4544.14
2022-03-15,RS,Niš,pm25,48,51.0,185.0,148.0,17440.8
2022-03-15,RS,Belgrade,pm25,120,43.0,176.0,99.0,9467.49
2022-03-15,CY,Nicosia,pm25,21,8.0,54.0,45.0,1196.62
2022-03-15,CY,Limassol,pm25,24,2.0,92.0,35.0,4335.0
2022-03-15,HR,Zagreb,pm25,17,67.0,152.0,76.0,7743.9
2022-03-15,HR,Rijeka,pm25,75,42.0,136.0,57.0,2538.62
2022-03-15,MK,Skopje,pm25,168,26.0,193.0,100.0,18153.6
2022-03-16,GE,Tbilisi,pm25,96,24.0,45.0,31.0,455.58
2022-03-16,HU,Győr,pm25,48,21.0,119.0,68.0,4911.06
2022-03-16,HU,Szeged,pm25,21,5.0,87.0,68.0,5057.48
2022-03-16,HU,Pécs,pm25,72,53.0,85.0,61.0,938.86
2022-03-16,HU,Kecskemét,pm25,48,72.0,122.0,91.0,1722.54
2022-03-16,HU,Miskolc,pm25,120,65.0,158.0,97.0,4238.65
2022-03-16,HU,Budapest,pm25,352,50.0,139.0,70.0,1687.63
2022-03-16,JP,Fukuoka,pm25,413,5.0,151.0,46.0,2539.76
2022-03-16,JP,Kanazawa,pm25,212,5.0,61.0,21.0,1446.51
2022-03-16,JP,Kumamoto,pm25,345,5.0,159.0,34.0,3599.82
2022-03-16,JP,Akita,pm25,44,5.0,61.0,30.0,1908.47
2022-03-16,JP,Kochi,pm25,47,25.0,72.0,53.0,999.54
2022-03-16,JP,Gifu-shi,pm25,129,5.0,65.0,30.0,2918.28
2022-03-16,JP,Kyoto,pm25,573,5.0,87.0,42.0,2299.08
2022-03-16,JP,Hiroshima,pm25,321,5.0,78.0,46.0,2055.13
2022-03-16,JP,Shizuoka,pm25,252,5.0,78.0,42.0,2506.25
2022-03-16,JP,Chiba,pm25,703,5.0,89.0,30.0,2498.51
2022-03-16,JP,Sapporo,pm25,207,5.0,70.0,30.0,2212.91
2022-03-16,JP,Yokohama,pm25,523,1.0,87.0,34.0,2953.92
2022-03-16,JP,Tokyo,pm25,2460,1.0,112.0,30.0,2213.8
2022-03-16,JP,Saitama,pm25,494,5.0,80.0,30.0,1862.25
2022-03-16,JP,Naha,pm25,144,9.0,53.0,17.0,1190.81
2022-03-16,JP,Nagasaki,pm25,163,5.0,85.0,38.0,1241.29
2022-03-16,JP,Toyama,pm25,176,5.0,87.0,34.0,2181.35
2022-03-16,JP,Niigata,pm25,208,5.0,61.0,25.0,1308.69
2022-03-16,JP,Nara-shi,pm25,190,9.0,68.0,42.0,1761.13
2022-03-16,JP,Okayama,pm25,264,21.0,107.0,55.0,3295.64
2022-03-16,JP,Sendai,pm25,452,5.0,65.0,21.0,883.95
2022-03-16,JP,Osaka,pm25,1453,5.0,122.0,42.0,2685.5
2022-03-16,JP,Miyazaki,pm25,131,5.0,112.0,53.0,2525.36
2022-03-16,JP,Matsuyama,pm25,150,5.0,95.0,34.0,3739.77
2022-03-16,JP,Wakayama,pm25,287,17.0,95.0,46.0,1806.91
2022-03-16,JP,Takamatsu,pm25,239,9.0,70.0,42.0,1486.42
2022-03-16,JP,Nagoya,pm25,778,5.0,112.0,34.0,2394.1
2022-03-16,JP,Ōita,pm25,255,5.0,80.0,50.0,2633.81
2022-03-16,JP,Kobe,pm25,409,5.0,194.0,46.0,3782.64
2022-03-16,JP,Nagano,pm25,80,5.0,85.0,30.0,3475.47
2022-03-16,JP,Utsunomiya,pm25,443,5.0,57.0,34.0,1533.91
2022-03-16,JP,Kagoshima,pm25,96,25.0,74.0,50.0,1712.29
2022-03-16,SK,Košice,pm25,96,57.0,155.0,80.0,7394.67
2022-03-16,SK,Bratislava,pm25,96,38.0,134.0,74.0,4019.64
2022-03-16,FI,Vantaa,pm25,24,29.0,74.0,53.0,2354.33
2022-03-16,FI,Turku,pm25,24,21.0,70.0,45.0,2066.67
2022-03-16,FI,Helsinki,pm25,120,18.0,99.0,59.0,4690.42
2022-03-16,FI,Tampere,pm25,96,23.0,111.0,56.0,3179.84
2022-03-16,ET,Addis Ababa,pm25,48,50.0,162.0,68.0,5123.39
2022-03-16,CH,Zürich,pm25,23,2.0,5.0,3.0,7.15
2022-03-16,CO,Bogotá,pm25,312,22.0,155.0,80.0,7534.16
2022-03-16,CO,Medellín,pm25,306,46.0,107.0,78.0,1102.5
2022-03-16,DK,Copenhagen,pm25,24,4.0,93.0,49.0,5385.43
2022-03-16,EC,Quito,pm25,176,1.0,109.0,49.0,6386.75
2022-03-16,GB,Edinburgh,pm25,288,3.0,45.0,18.0,861.99
2022-03-16,GB,Norwich,pm25,23,66.0,94.0,76.0,522.21
2022-03-16,GB,Liverpool,pm25,31,11.0,82.0,50.0,4651.25
2022-03-16,GB,Belfast,pm25,69,5.0,36.0,24.0,307.71
2022-03-16,GB,Coventry,pm25,66,54.0,96.0,62.0,1462.38
2022-03-16,GB,Leeds,pm25,44,55.0,104.0,72.0,1740.73
2022-03-16,GB,Cardiff,pm25,108,5.0,107.0,68.0,9376.86
2022-03-16,GB,Bristol,pm25,71,17.0,124.0,65.0,6795.19
2022-03-16,GB,London,pm25,466,5.0,114.0,56.0,3429.57
2022-03-16,GB,Birmingham,pm25,48,59.0,89.0,68.0,602.55
2022-03-16,GB,Sheffield,pm25,93,46.0,87.0,68.0,608.03
2022-03-16,GB,Newport,pm25,47,5.0,82.0,63.0,7102.91
2022-03-16,GB,Leicester,pm25,23,50.0,117.0,65.0,3806.56
2022-03-16,GB,Manchester,pm25,87,16.0,98.0,68.0,5185.81
2022-03-16,GB,Reading,pm25,48,17.0,78.0,61.0,4475.46
2022-03-16,GB,Plymouth,pm25,47,38.0,70.0,57.0,388.01
2022-03-16,GB,Glasgow,pm25,564,1.0,177.0,15.0,1312.42
2022-03-16,GB,Preston,pm25,46,9.0,85.0,57.0,4660.85
2022-03-16,GB,Swansea,pm25,110,13.0,104.0,59.0,6907.58
2022-03-16,GB,Southend-on-Sea,pm25,48,27.0,83.0,65.0,1443.81
2022-03-16,ID,Jakarta,pm25,71,50.0,182.0,91.0,15374.3
2022-03-16,NP,Kathmandu,pm25,48,102.0,195.0,155.0,5104.96
2022-03-16,AU,Sydney,pm25,133,1.0,62.0,12.0,1378.88
2022-03-16,AU,Newcastle,pm25,135,1.0,51.0,17.0,881.45
2022-03-16,AU,Launceston,pm25,115,5.0,93.0,13.0,2991.86
2022-03-16,AU,Hobart,pm25,40,5.0,30.0,5.0,206.61
2022-03-16,AU,Darwin,pm25,57,1.0,48.0,8.0,767.12
2022-03-16,AU,Melbourne,pm25,187,1.0,69.0,28.0,1986.83
2022-03-16,AU,Canberra,pm25,57,1.0,52.0,16.0,1354.56
2022-03-16,AU,Adelaide,pm25,86,5.0,42.0,17.0,632.44
2022-03-16,AU,Brisbane,pm25,186,1.0,94.0,23.0,997.73
2022-03-16,AU,Perth,pm25,77,2.0,7.0,3.0,20.62
2022-03-16,AU,Wollongong,pm25,39,1.0,44.0,13.0,1283.25
2022-03-16,CI,Abidjan,pm25,24,76.0,124.0,95.0,2102.59
2022-03-16,GH,Accra,pm25,24,25.0,97.0,59.0,3871.23
2022-03-16,IQ,Baghdad,pm25,24,50.0,167.0,68.0,11294.5
2022-03-16,IS,Reykjavík,pm25,96,2.0,14.0,9.0,56.28
2022-03-16,KG,Bishkek,pm25,24,34.0,137.0,78.0,7436.36
2022-03-16,NL,Utrecht,pm25,48,37.0,98.0,63.0,2636.66
2022-03-16,NL,Nijmegen,pm25,46,16.0,98.0,55.0,3796.31
2022-03-16,NL,Haarlem,pm25,144,20.0,105.0,62.0,3808.81
2022-03-16,NL,Eindhoven,pm25,24,31.0,80.0,57.0,1462.61
2022-03-16,NL,Rotterdam,pm25,192,30.0,81.0,59.0,738.86
2022-03-16,NL,Amsterdam,pm25,264,25.0,98.0,57.0,2747.79
2022-03-16,NL,Dordrecht,pm25,23,49.0,99.0,70.0,1945.73
2022-03-16,NL,Breda,pm25,24,39.0,81.0,58.0,1157.39
2022-03-16,NL,Groningen,pm25,48,33.0,99.0,74.0,3016.58
2022-03-16,NL,Maastricht,pm25,82,13.0,68.0,46.0,1941.04
2022-03-16,NL,The Hague,pm25,72,33.0,78.0,59.0,597.73
2022-03-16,PT,Lisbon,pm25,38,72.0,173.0,148.0,8643.33
2022-03-16,PT,Funchal,pm25,62,1.0,32.0,15.0,572.82
2022-03-16,CA,Hamilton,pm25,93,21.0,124.0,57.0,6878.65
2022-03-16,CA,Calgary,pm25,75,1.0,17.0,5.0,175.45
2022-03-16,CA,Winnipeg,pm25,24,26.0,58.0,47.0,727.54
2022-03-16,CA,Halifax,pm25,46,13.0,38.0,22.0,615.77
2022-03-16,CA,Kitchener,pm25,47,21.0,132.0,50.0,8551.29
2022-03-16,CA,Edmonton,pm25,132,1.0,25.0,7.0,260.51
2022-03-16,CA,Mississauga,pm25,66,13.0,80.0,55.0,2869.77
2022-03-16,CA,Québec,pm25,179,14.0,66.0,38.0,1759.91
2022-03-16,CA,Vancouver,pm25,21,5.0,30.0,14.0,802.57
2022-03-16,CA,Victoria,pm25,44,9.0,53.0,21.0,1027.54
2022-03-16,CA,Montréal,pm25,442,15.0,83.0,53.0,2763.78
2022-03-16,CA,Toronto,pm25,144,9.0,104.0,57.0,3458.23
2022-03-16,CA,Ottawa,pm25,71,21.0,57.0,33.0,1164.68
2022-03-16,CA,London,pm25,47,17.0,80.0,55.0,2692.81
2022-03-16,US,Oklahoma City,pm25,96,25.0,153.0,55.0,4698.6
2022-03-16,US,Raleigh,pm25,69,5.0,88.0,50.0,6033.81
2022-03-16,US,Memphis,pm25,69,5.0,60.0,38.0,1374.85
2022-03-16,US,Jackson,pm25,71,2.0,55.0,28.0,1606.47
2022-03-16,US,Boston,pm25,142,9.0,61.0,46.0,1541.49
2022-03-16,US,Richmond,pm25,96,25.0,79.0,53.0,1996.79
2022-03-16,US,Portland,pm25,167,5.0,63.0,15.0,907.07
2022-03-16,US,Boise,pm25,76,5.0,34.0,13.0,529.35
2022-03-16,US,Austin,pm25,42,5.0,68.0,30.0,2975.03
2022-03-16,US,Honolulu,pm25,68,5.0,42.0,17.0,813.88
2022-03-16,US,Fresno,pm25,47,5.0,42.0,19.0,813.47
2022-03-16,US,Milwaukee,pm25,132,45.0,133.0,65.0,4810.3
2022-03-16,US,Hartford,pm25,48,34.0,60.0,50.0,349.63
2022-03-16,US,Washington D.C.,pm25,119,17.0,70.0,37.0,1257.53
2022-03-16,US,Chicago,pm25,215,37.0,113.0,63.0,2762.23
2022-03-16,US,Houston,pm25,48,4.0,128.0,43.0,4564.78
2022-03-16,US,Atlanta,pm25,24,15.0,53.0,24.0,1260.27
2022-03-16,US,Charlotte,pm25,24,34.0,74.0,53.0,1202.01
2022-03-16,US,Sacramento,pm25,70,3.0,50.0,20.0,1231.01
2022-03-16,US,Oakland,pm25,115,5.0,61.0,30.0,1800.5
2022-03-16,US,Providence,pm25,48,13.0,63.0,34.0,1479.68
2022-03-16,US,Staten Island,pm25,120,9.0,78.0,51.0,1588.18
2022-03-16,US,Brooklyn,pm25,144,6.0,96.0,52.0,2058.23
2022-03-16,US,Springfield,pm25,72,27.0,107.0,54.0,2459.44
2022-03-16,US,The Bronx,pm25,48,6.0,62.0,47.0,2780.43
2022-03-16,US,San Jose,pm25,93,5.0,55.0,30.0,1457.01
2022-03-16,US,Los Angeles,pm25,66,8.0,85.0,56.0,3209.33
2022-03-16,US,Detroit,pm25,142,32.0,138.0,89.0,5478.54
2022-03-16,US,Little Rock,pm25,24,20.0,45.0,33.0,609.98
2022-03-16,US,Baltimore,pm25,48,5.0,102.0,41.0,4134.18
2022-03-16,US,Phoenix,pm25,179,3.0,86.0,30.0,3548.26
2022-03-16,US,Omaha,pm25,48,5.0,91.0,42.0,5418.56
2022-03-16,US,El Paso,pm25,156,5.0,91.0,34.0,3942.25
2022-03-16,US,Dallas,pm25,24,17.0,63.0,30.0,1891.23
2022-03-16,US,Seattle,pm25,205,5.0,63.0,17.0,832.23
2022-03-16,US,Manhattan,pm25,72,7.0,71.0,49.0,1858.4
2022-03-16,US,Miami,pm25,84,12.0,53.0,30.0,469.26
2022-03-16,US,Jacksonville,pm25,139,1.0,45.0,23.0,607.3
2022-03-16,US,San Antonio,pm25,72,7.0,73.0,26.0,2540.94
2022-03-16,US,Philadelphia,pm25,90,12.0,153.0,49.0,6989.71
2022-03-16,US,San Diego,pm25,24,4.0,80.0,43.0,3464.93
2022-03-16,US,Columbus,pm25,48,15.0,68.0,44.0,2391.7
2022-03-16,US,Saint Paul,pm25,135,9.0,74.0,42.0,2099.69
2022-03-16,US,Denver,pm25,153,5.0,59.0,21.0,948.68
2022-03-16,US,Salt Lake City,pm25,215,3.0,56.0,12.0,1985.66
2022-03-16,US,Albuquerque,pm25,72,10.0,67.0,18.0,1185.16
2022-03-16,US,San Francisco,pm25,72,13.0,65.0,34.0,1333.17
2022-03-16,US,Salem,pm25,70,9.0,52.0,17.0,939.7
2022-03-16,US,Madison,pm25,48,53.0,121.0,77.0,4468.29
2022-03-16,US,Nashville,pm25,80,9.0,65.0,26.0,2023.44
2022-03-16,US,Tucson,pm25,134,5.0,61.0,30.0,1767.49
2022-03-16,US,Queens,pm25,96,18.0,65.0,50.0,1119.88
2022-03-16,US,Tallahassee,pm25,71,7.0,92.0,24.0,1879.96
2022-03-16,US,Fort Worth,pm25,23,9.0,70.0,34.0,2960.79
2022-03-16,RS,Novi Sad,pm25,48,56.0,112.0,72.0,2193.17
2022-03-16,RS,Niš,pm25,48,63.0,186.0,154.0,13842.1
2022-03-16,RS,Belgrade,pm25,120,62.0,184.0,103.0,11177.4
2022-03-16,CY,Nicosia,pm25,24,20.0,152.0,48.0,11706.9
2022-03-16,CY,Limassol,pm25,24,14.0,86.0,37.0,4537.97
2022-03-16,HR,Zagreb,pm25,15,43.0,102.0,80.0,3206.38
2022-03-16,HR,Rijeka,pm25,74,33.0,164.0,57.0,7741.39
2022-03-16,MK,Skopje,pm25,168,36.0,199.0,90.0,18615.6
2022-03-17,GE,Tbilisi,pm25,96,22.0,46.0,36.0,407.77
2022-03-17,HU,Győr,pm25,48,74.0,144.0,107.0,3176.06
2022-03-17,HU,Szeged,pm25,24,68.0,91.0,76.0,417.61
2022-03-17,HU,Pécs,pm25,72,72.0,117.0,89.0,1308.1
2022-03-17,HU,Kecskemét,pm25,48,87.0,153.0,109.0,5055.04
2022-03-17,HU,Miskolc,pm25,120,89.0,174.0,127.0,4857.39
2022-03-17,HU,Budapest,pm25,360,59.0,147.0,91.0,2382.1
2022-03-17,JP,Fukuoka,pm25,429,5.0,97.0,53.0,1821.46
2022-03-17,JP,Kanazawa,pm25,228,5.0,59.0,25.0,1579.03
2022-03-17,JP,Kumamoto,pm25,367,9.0,142.0,53.0,3758.59
2022-03-17,JP,Akita,pm25,47,9.0,61.0,25.0,1895.59
2022-03-17,JP,Kochi,pm25,45,30.0,76.0,55.0,990.53
2022-03-17,JP,Gifu-shi,pm25,154,5.0,76.0,42.0,2513.45
2022-03-17,JP,Kyoto,pm25,564,5.0,95.0,46.0,1674.69
2022-03-17,JP,Hiroshima,pm25,314,5.0,87.0,46.0,3119.81
2022-03-17,JP,Shizuoka,pm25,260,5.0,82.0,50.0,1532.44
2022-03-17,JP,Chiba,pm25,726,5.0,112.0,38.0,3060.12
2022-03-17,JP,Sapporo,pm25,198,5.0,68.0,21.0,1519.27
2022-03-17,JP,Yokohama,pm25,467,1.0,93.0,46.0,2710.23
2022-03-17,JP,Tokyo,pm25,2480,1.0,119.0,46.0,2301.39
2022-03-17,JP,Saitama,pm25,476,5.0,93.0,46.0,1726.9
2022-03-17,JP,Naha,pm25,142,5.0,38.0,21.0,621.48
2022-03-17,JP,Nagasaki,pm25,171,5.0,93.0,42.0,1701.69
2022-03-17,JP,Toyama,pm25,181,5.0,72.0,30.0,2088.7
2022-03-17,JP,Niigata,pm25,201,5.0,63.0,25.0,2127.08
2022-03-17,JP,Nara-shi,pm25,190,17.0,68.0,50.0,1016.22
2022-03-17,JP,Okayama,pm25,286,17.0,85.0,53.0,919.17
2022-03-17,JP,Sendai,pm25,452,5.0,149.0,21.0,1949.39
2022-03-17,JP,Osaka,pm25,1435,5.0,112.0,46.0,1710.41
2022-03-17,JP,Miyazaki,pm25,141,5.0,89.0,50.0,2166.38
2022-03-17,JP,Matsuyama,pm25,153,5.0,102.0,59.0,4393.95
2022-03-17,JP,Wakayama,pm25,284,17.0,78.0,50.0,1215.9
2022-03-17,JP,Takamatsu,pm25,239,9.0,82.0,46.0,1352.15
2022-03-17,JP,Nagoya,pm25,767,13.0,95.0,46.0,1245.1
2022-03-17,JP,Ōita,pm25,264,5.0,119.0,55.0,2419.06
2022-03-17,JP,Kobe,pm25,392,5.0,78.0,50.0,1257.73
2022-03-17,JP,Nagano,pm25,87,5.0,61.0,25.0,2214.65
2022-03-17,JP,Utsunomiya,pm25,318,13.0,72.0,53.0,1374.58
2022-03-17,JP,Kagoshima,pm25,94,42.0,89.0,59.0,456.79
2022-03-17,SK,Košice,pm25,96,53.0,157.0,122.0,10271.4
2022-03-17,SK,Bratislava,pm25,95,82.0,153.0,107.0,2083.4
2022-03-17,FI,Vantaa,pm25,24,33.0,63.0,56.0,689.49
2022-03-17,FI,Turku,pm25,24,13.0,59.0,29.0,1635.36
2022-03-17,FI,Helsinki,pm25,120,27.0,76.0,51.0,1074.82
2022-03-17,FI,Tampere,pm25,95,15.0,80.0,35.0,1639.76
2022-03-17,ET,Addis Ababa,pm25,48,55.0,153.0,76.0,4978.99
2022-03-17,CH,Zürich,pm25,22,2.0,4.0,3.0,5.04
2022-03-17,CO,Bogotá,pm25,286,17.0,155.0,82.0,5927.75
2022-03-17,CO,Medellín,pm25,306,57.0,104.0,76.0,1216.59
2022-03-17,DK,Copenhagen,pm25,24,15.0,96.0,53.0,6045.92
2022-03-17,EC,Quito,pm25,163,1.0,146.0,48.0,6720.3
2022-03-17,GB,Edinburgh,pm25,286,5.0,59.0,21.0,1349.26
2022-03-17,GB,Norwich,pm25,24,26.0,72.0,49.0,2160.22
2022-03-17,GB,Liverpool,pm25,42,9.0,56.0,18.0,1686.09
2022-03-17,GB,Belfast,pm25,72,12.0,74.0,34.0,1372.2
2022-03-17,GB,Coventry,pm25,71,15.0,59.0,35.0,2276.28
2022-03-17,GB,Leeds,pm25,39,14.0,63.0,46.0,2055.88
2022-03-17,GB,Cardiff,pm25,120,13.0,50.0,34.0,989.03
2022-03-17,GB,Bristol,pm25,72,13.0,61.0,34.0,2266.66
2022-03-17,GB,London,pm25,477,3.0,91.0,30.0,2363.98
2022-03-17,GB,Birmingham,pm25,46,17.0,59.0,38.0,1960.58
2022-03-17,GB,Sheffield,pm25,95,13.0,61.0,37.0,1857.93
2022-03-17,GB,Newport,pm25,47,13.0,57.0,25.0,2027.38
2022-03-17,GB,Leicester,pm25,24,17.0,61.0,38.0,2576.07
2022-03-17,GB,Manchester,pm25,84,16.0,69.0,30.0,1306.53
2022-03-17,GB,Reading,pm25,48,9.0,53.0,25.0,1391.56
2022-03-17,GB,Plymouth,pm25,42,9.0,48.0,25.0,1101.09
2022-03-17,GB,Glasgow,pm25,570,8.0,63.0,28.0,1242.95
2022-03-17,GB,Preston,pm25,47,17.0,57.0,30.0,1333.85
2022-03-17,GB,Swansea,pm25,94,5.0,76.0,42.0,2002.33
2022-03-17,GB,Southend-on-Sea,pm25,48,15.0,59.0,29.0,1898.44
2022-03-17,ID,Jakarta,pm25,71,34.0,186.0,137.0,19670.8
2022-03-17,NP,Kathmandu,pm25,48,85.0,187.0,154.0,6060.07
2022-03-17,AU,Sydney,pm25,149,1.0,142.0,17.0,2859.33
2022-03-17,AU,Newcastle,pm25,133,1.0,59.0,19.0,1595.96
2022-03-17,AU,Launceston,pm25,127,5.0,34.0,13.0,265.88
2022-03-17,AU,Hobart,pm25,54,5.0,21.0,9.0,205.06
2022-03-17,AU,Darwin,pm25,59,1.0,35.0,9.0,695.48
2022-03-17,AU,Melbourne,pm25,180,1.0,75.0,24.0,1802.28
2022-03-17,AU,Canberra,pm25,64,2.0,71.0,24.0,2571.34
2022-03-17,AU,Adelaide,pm25,85,1.0,58.0,21.0,1930.09
2022-03-17,AU,Brisbane,pm25,182,2.0,92.0,21.0,1201.51
2022-03-17,AU,Perth,pm25,82,2.0,13.0,6.0,107.23
2022-03-17,AU,Wollongong,pm25,42,4.0,50.0,20.0,877.47
2022-03-17,CI,Abidjan,pm25,24,74.0,119.0,99.0,1499.11
2022-03-17,GH,Accra,pm25,24,42.0,149.0,59.0,4423.41
2022-03-17,IQ,Baghdad,pm25,24,34.0,189.0,114.0,28269.3
2022-03-17,IS,Reykjavík,pm25,96,1.0,31.0,15.0,418.95
2022-03-17,KG,Bishkek,pm25,24,82.0,173.0,152.0,7046.94
2022-03-17,NL,Utrecht,pm25,46,2.0,73.0,33.0,3127.83
2022-03-17,NL,Nijmegen,pm25,46,10.0,76.0,42.0,3618.92
2022-03-17,NL,Haarlem,pm25,132,1.0,75.0,38.0,2867.62
2022-03-17,NL,Eindhoven,pm25,22,4.0,74.0,36.0,3703.38
2022-03-17,NL,Rotterdam,pm25,188,1.0,75.0,29.0,3201.02
2022-03-17,NL,Amsterdam,pm25,258,1.0,70.0,31.0,2456.14
2022-03-17,NL,Dordrecht,pm25,24,26.0,77.0,38.0,2272.39
2022-03-17,NL,Breda,pm25,23,6.0,71.0,35.0,3025.3
2022-03-17,NL,Groningen,pm25,48,8.0,74.0,35.0,4036.06
2022-03-17,NL,Maastricht,pm25,94,5.0,82.0,50.0,3491.25
2022-03-17,NL,The Hague,pm25,69,4.0,79.0,29.0,2788.32
2022-03-17,PT,Lisbon,pm25,42,33.0,77.0,59.0,1120.46
2022-03-17,PT,Funchal,pm25,70,1.0,34.0,17.0,1003.35
2022-03-17,CA,Hamilton,pm25,92,9.0,74.0,42.0,2805.52
2022-03-17,CA,Calgary,pm25,87,1.0,65.0,7.0,1229.37
2022-03-17,CA,Winnipeg,pm25,24,19.0,31.0,21.0,87.17
2022-03-17,CA,Halifax,pm25,46,15.0,44.0,24.0,539.58
2022-03-17,CA,Kitchener,pm25,47,30.0,85.0,53.0,1971.05
2022-03-17,CA,Edmonton,pm25,132,1.0,53.0,14.0,711.14
2022-03-17,CA,Mississauga,pm25,65,5.0,87.0,46.0,4245.47
2022-03-17,CA,Québec,pm25,190,14.0,102.0,57.0,3148.25
2022-03-17,CA,Vancouver,pm25,23,4.0,10.0,7.0,20.4
2022-03-17,CA,Victoria,pm25,45,9.0,53.0,25.0,1346.95
2022-03-17,CA,Montréal,pm25,447,35.0,121.0,65.0,1584.98
2022-03-17,CA,Toronto,pm25,143,9.0,137.0,53.0,4112.69
2022-03-17,CA,Ottawa,pm25,71,21.0,66.0,53.0,846.47
2022-03-17,CA,London,pm25,45,34.0,99.0,57.0,2061.55
2022-03-17,US,Oklahoma City,pm25,90,27.0,122.0,50.0,3536.89
2022-03-17,US,Raleigh,pm25,65,5.0,38.0,19.0,614.35
2022-03-17,US,Memphis,pm25,71,18.0,45.0,30.0,446.34
2022-03-17,US,Jackson,pm25,72,4.0,61.0,39.0,2187.42
2022-03-17,US,Boston,pm25,144,25.0,76.0,46.0,1174.68
2022-03-17,US,Richmond,pm25,96,8.0,71.0,46.0,3073.0
2022-03-17,US,Portland,pm25,168,10.0,62.0,26.0,1272.72
2022-03-17,US,Boise,pm25,68,5.0,42.0,21.0,765.15
2022-03-17,US,Austin,pm25,47,9.0,65.0,38.0,2018.07
2022-03-17,US,Honolulu,pm25,66,5.0,42.0,17.0,877.59
2022-03-17,US,Fresno,pm25,47,9.0,63.0,25.0,1679.09
2022-03-17,US,Milwaukee,pm25,144,24.0,87.0,57.0,1690.09
2022-03-17,US,Hartford,pm25,48,48.0,101.0,73.0,1795.32
2022-03-17,US,Washington D.C.,pm25,119,17.0,71.0,51.0,1856.27
2022-03-17,US,Chicago,pm25,214,38.0,132.0,62.0,1650.93
2022-03-17,US,Houston,pm25,48,18.0,58.0,35.0,923.93
2022-03-17,US,Atlanta,pm25,24,23.0,55.0,35.0,1322.59
2022-03-17,US,Charlotte,pm25,37,9.0,46.0,25.0,1001.92
2022-03-17,US,Sacramento,pm25,72,13.0,61.0,34.0,962.9
2022-03-17,US,Oakland,pm25,119,13.0,59.0,34.0,937.88
2022-03-17,US,Providence,pm25,47,5.0,68.0,30.0,2839.94
2022-03-17,US,Staten Island,pm25,120,23.0,95.0,55.0,2551.2
2022-03-17,US,Brooklyn,pm25,143,14.0,96.0,53.0,3854.24
2022-03-17,US,Springfield,pm25,72,18.0,142.0,52.0,4486.56
2022-03-17,US,The Bronx,pm25,46,20.0,74.0,46.0,2018.94
2022-03-17,US,San Jose,pm25,94,9.0,65.0,34.0,1411.12
2022-03-17,US,Los Angeles,pm25,70,19.0,101.0,55.0,3219.29
2022-03-17,US,Detroit,pm25,144,30.0,164.0,78.0,7196.49
2022-03-17,US,Little Rock,pm25,23,20.0,67.0,33.0,1374.94
2022-03-17,US,Baltimore,pm25,47,17.0,79.0,54.0,3134.88
2022-03-17,US,Phoenix,pm25,176,2.0,64.0,14.0,1924.05
2022-03-17,US,Omaha,pm25,38,5.0,30.0,13.0,660.78
2022-03-17,US,El Paso,pm25,136,5.0,96.0,21.0,2502.35
2022-03-17,US,Dallas,pm25,24,13.0,34.0,25.0,433.62
2022-03-17,US,Seattle,pm25,243,7.0,57.0,25.0,1179.41
2022-03-17,US,Manhattan,pm25,72,13.0,75.0,44.0,2122.82
2022-03-17,US,Miami,pm25,94,12.0,42.0,33.0,292.61
2022-03-17,US,Jacksonville,pm25,144,17.0,161.0,33.0,2792.09
2022-03-17,US,San Antonio,pm25,72,1.0,97.0,38.0,3485.98
2022-03-17,US,Philadelphia,pm25,81,5.0,78.0,51.0,1837.5
2022-03-17,US,San Diego,pm25,24,19.0,61.0,30.0,1389.28
2022-03-17,US,Columbus,pm25,47,11.0,73.0,45.0,2008.15
2022-03-17,US,Saint Paul,pm25,129,5.0,57.0,30.0,1119.88
2022-03-17,US,Denver,pm25,147,5.0,46.0,17.0,902.3
2022-03-17,US,Salt Lake City,pm25,213,4.0,41.0,13.0,570.41
2022-03-17,US,Albuquerque,pm25,72,8.0,68.0,16.0,749.56
2022-03-17,US,San Francisco,pm25,71,13.0,72.0,34.0,1287.59
2022-03-17,US,Salem,pm25,72,10.0,45.0,19.0,1004.13
2022-03-17,US,Madison,pm25,48,25.0,74.0,58.0,1409.63
2022-03-17,US,Nashville,pm25,75,5.0,65.0,28.0,880.94
2022-03-17,US,Tucson,pm25,130,5.0,57.0,25.0,1629.37
2022-03-17,US,Queens,pm25,96,14.0,56.0,40.0,1187.93
2022-03-17,US,Tallahassee,pm25,72,14.0,96.0,39.0,2548.72
2022-03-17,US,Fort Worth,pm25,24,9.0,50.0,25.0,867.37
2022-03-17,RS,Novi Sad,pm25,48,57.0,111.0,90.0,2282.98
2022-03-17,RS,Niš,pm25,48,25.0,178.0,61.0,14885.7
2022-03-17,RS,Belgrade,pm25,120,46.0,129.0,78.0,4408.46
2022-03-17,CY,Nicosia,pm25,24,41.0,124.0,62.0,5285.92
2022-03-17,CY,Limassol,pm25,24,16.0,67.0,37.0,1741.74
2022-03-17,HR,Zagreb,pm25,8,82.0,127.0,91.0,2357.14
2022-03-17,HR,Rijeka,pm25,73,49.0,102.0,73.0,1380.59
2022-03-17,MK,Skopje,pm25,158,44.0,158.0,86.0,4279.91
2022-03-18,GE,Tbilisi,pm25,96,38.0,54.0,47.0,154.31
2022-03-18,HU,Győr,pm25,48,38.0,152.0,99.0,6607.16
2022-03-18,HU,Szeged,pm25,24,50.0,181.0,74.0,14634.8
2022-03-18,HU,Pécs,pm25,72,57.0,119.0,78.0,2787.45
2022-03-18,HU,Kecskemét,pm25,48,74.0,163.0,95.0,9291.47
2022-03-18,HU,Miskolc,pm25,105,9.0,160.0,85.0,12502.2
2022-03-18,HU,Budapest,pm25,262,50.0,153.0,95.0,6546.75
2022-03-18,JP,Fukuoka,pm25,393,5.0,89.0,17.0,4127.08
2022-03-18,JP,Kanazawa,pm25,185,5.0,65.0,13.0,1234.53
2022-03-18,JP,Kumamoto,pm25,306,5.0,78.0,21.0,4294.55
2022-03-18,JP,Akita,pm25,44,5.0,78.0,30.0,2083.4
2022-03-18,JP,Kochi,pm25,43,5.0,74.0,46.0,4455.5
2022-03-18,JP,Gifu-shi,pm25,175,5.0,78.0,38.0,3087.19
2022-03-18,JP,Kyoto,pm25,562,5.0,63.0,34.0,2173.17
2022-03-18,JP,Hiroshima,pm25,257,5.0,72.0,25.0,2407.65
2022-03-18,JP,Shizuoka,pm25,221,5.0,80.0,17.0,2761.48
2022-03-18,JP,Chiba,pm25,621,5.0,74.0,17.0,1086.11
2022-03-18,JP,Sapporo,pm25,208,5.0,53.0,25.0,1069.12
2022-03-18,JP,Yokohama,pm25,459,1.0,53.0,21.0,1307.87
2022-03-18,JP,Tokyo,pm25,2397,1.0,82.0,21.0,963.06
2022-03-18,JP,Saitama,pm25,464,5.0,68.0,21.0,883.35
2022-03-18,JP,Naha,pm25,133,5.0,46.0,21.0,1508.72
2022-03-18,JP,Nagasaki,pm25,137,5.0,61.0,17.0,3150.28
2022-03-18,JP,Toyama,pm25,182,5.0,59.0,21.0,1365.62
2022-03-18,JP,Niigata,pm25,182,5.0,55.0,21.0,1002.7
2022-03-18,JP,Nara-shi,pm25,173,5.0,63.0,34.0,2655.07
2022-03-18,JP,Okayama,pm25,269,5.0,74.0,30.0,2089.36
2022-03-18,JP,Sendai,pm25,430,5.0,55.0,17.0,876.01
2022-03-18,JP,Osaka,pm25,1325,5.0,80.0,30.0,2338.36
2022-03-18,JP,Miyazaki,pm25,136,5.0,102.0,38.0,3778.81
2022-03-18,JP,Matsuyama,pm25,142,5.0,78.0,34.0,3631.05
2022-03-18,JP,Wakayama,pm25,273,5.0,63.0,38.0,2640.33
2022-03-18,JP,Takamatsu,pm25,221,5.0,55.0,21.0,1250.19
2022-03-18,JP,Nagoya,pm25,762,5.0,99.0,46.0,3217.33
2022-03-18,JP,Ōita,pm25,206,5.0,78.0,25.0,3750.33
2022-03-18,JP,Kobe,pm25,360,5.0,65.0,38.0,2782.88
2022-03-18,JP,Nagano,pm25,59,5.0,38.0,17.0,799.95
2022-03-18,JP,Utsunomiya,pm25,381,5.0,53.0,17.0,1077.6
2022-03-18,JP,Kagoshima,pm25,90,9.0,70.0,30.0,3146.3
2022-03-18,SK,Košice,pm25,96,50.0,162.0,72.0,3620.1
2022-03-18,SK,Bratislava,pm25,96,87.0,147.0,109.0,2019.42
2022-03-18,FI,Vantaa,pm25,24,17.0,75.0,37.0,4013.84
2022-03-18,FI,Turku,pm25,24,12.0,75.0,36.0,4671.01
2022-03-18,FI,Helsinki,pm25,120,15.0,91.0,51.0,4946.08
2022-03-18,FI,Tampere,pm25,96,18.0,84.0,51.0,5272.79
2022-03-18,ET,Addis Ababa,pm25,48,59.0,151.0,76.0,2452.55
2022-03-18,CH,Zürich,pm25,18,3.0,5.0,3.0,4.87
2022-03-18,CO,Bogotá,pm25,322,17.0,165.0,80.0,6893.16
2022-03-18,CO,Medellín,pm25,377,61.0,129.0,90.0,1993.63
2022-03-18,DK,Copenhagen,pm25,24,20.0,55.0,36.0,1232.75
2022-03-18,EC,Quito,pm25,192,3.0,153.0,67.0,8069.95
2022-03-18,GB,Edinburgh,pm25,288,17.0,131.0,35.0,1310.17
2022-03-18,GB,Norwich,pm25,24,28.0,75.0,45.0,1012.1
2022-03-18,GB,Liverpool,pm25,46,17.0,67.0,42.0,1407.0
2022-03-18,GB,Belfast,pm25,88,38.0,99.0,55.0,1120.79
2022-03-18,GB,Coventry,pm25,61,28.0,55.0,38.0,379.37
2022-03-18,GB,Leeds,pm25,29,34.0,72.0,50.0,976.38
2022-03-18,GB,Cardiff,pm25,120,13.0,57.0,42.0,1073.18
2022-03-18,GB,Bristol,pm25,72,17.0,82.0,38.0,1974.49
2022-03-18,GB,London,pm25,464,3.0,173.0,49.0,2446.7
2022-03-18,GB,Birmingham,pm25,43,32.0,77.0,53.0,1397.9
2022-03-18,GB,Sheffield,pm25,95,25.0,87.0,46.0,1372.07
2022-03-18,GB,Newport,pm25,46,17.0,59.0,28.0,1433.67
2022-03-18,GB,Leicester,pm25,23,38.0,63.0,48.0,476.32
2022-03-18,GB,Manchester,pm25,84,34.0,70.0,55.0,668.7
2022-03-18,GB,Reading,pm25,48,21.0,55.0,38.0,1115.85
2022-03-18,GB,Plymouth,pm25,42,17.0,61.0,34.0,944.63
2022-03-18,GB,Glasgow,pm25,555,18.0,71.0,40.0,929.36
2022-03-18,GB,Preston,pm25,46,34.0,101.0,49.0,1255.73
2022-03-18,GB,Swansea,pm25,98,25.0,68.0,50.0,1216.17
2022-03-18,GB,Southend-on-Sea,pm25,48,36.0,64.0,49.0,494.45
2022-03-18,ID,Jakarta,pm25,70,38.0,168.0,99.0,13088.6
2022-03-18,NP,Kathmandu,pm25,48,95.0,185.0,153.0,4161.13
2022-03-18,AU,Sydney,pm25,158,1.0,69.0,19.0,1532.65
2022-03-18,AU,Newcastle,pm25,139,1.0,51.0,18.0,1059.37
2022-03-18,AU,Launceston,pm25,122,5.0,42.0,13.0,592.93
2022-03-18,AU,Hobart,pm25,44,5.0,17.0,9.0,95.73
2022-03-18,AU,Darwin,pm25,67,1.0,34.0,11.0,452.39
2022-03-18,AU,Melbourne,pm25,189,4.0,65.0,31.0,1742.51
2022-03-18,AU,Canberra,pm25,63,3.0,63.0,37.0,2604.19
2022-03-18,AU,Adelaide,pm25,96,3.0,50.0,21.0,1019.87
2022-03-18,AU,Brisbane,pm25,182,2.0,40.0,23.0,800.18
2022-03-18,AU,Perth,pm25,90,2.0,62.0,16.0,1512.52
2022-03-18,AU,Wollongong,pm25,48,8.0,57.0,28.0,1875.16
2022-03-18,CI,Abidjan,pm25,23,80.0,149.0,119.0,4760.28
2022-03-18,GH,Accra,pm25,24,53.0,95.0,78.0,1342.16
2022-03-18,IQ,Baghdad,pm25,24,46.0,185.0,142.0,22480.4
2022-03-18,IS,Reykjavík,pm25,96,16.0,43.0,27.0,317.75
2022-03-18,KG,Bishkek,pm25,18,21.0,165.0,53.0,20492.8
2022-03-18,NL,Utrecht,pm25,48,20.0,90.0,53.0,2285.31
2022-03-18,NL,Nijmegen,pm25,45,14.0,72.0,52.0,1573.0
2022-03-18,NL,Haarlem,pm25,140,2.0,98.0,45.0,2564.31
2022-03-18,NL,Eindhoven,pm25,24,22.0,73.0,55.0,2145.92
2022-03-18,NL,Rotterdam,pm25,192,28.0,71.0,46.0,841.41
2022-03-18,NL,Amsterdam,pm25,264,19.0,96.0,50.0,1504.42
2022-03-18,NL,Dordrecht,pm25,24,35.0,73.0,51.0,1052.75
2022-03-18,NL,Breda,pm25,24,37.0,81.0,55.0,1601.58
2022-03-18,NL,Groningen,pm25,48,26.0,73.0,52.0,1290.31
2022-03-18,NL,Maastricht,pm25,96,17.0,82.0,55.0,3741.79
2022-03-18,NL,The Hague,pm25,72,21.0,75.0,44.0,1272.94
2022-03-18,PT,Lisbon,pm25,20,15.0,37.0,24.0,386.21
2022-03-18,PT,Funchal,pm25,57,1.0,42.0,21.0,1088.26
2022-03-18,CA,Hamilton,pm25,95,38.0,99.0,65.0,1289.77
2022-03-18,CA,Calgary,pm25,75,1.0,65.0,10.0,1738.8
2022-03-18,CA,Winnipeg,pm25,24,18.0,35.0,20.0,388.68
2022-03-18,CA,Halifax,pm25,46,18.0,63.0,38.0,1254.94
2022-03-18,CA,Kitchener,pm25,48,17.0,82.0,50.0,2320.39
2022-03-18,CA,Edmonton,pm25,136,3.0,47.0,11.0,1046.75
2022-03-18,CA,Mississauga,pm25,71,25.0,72.0,53.0,1155.14
2022-03-18,CA,Québec,pm25,187,7.0,106.0,57.0,7252.4
2022-03-18,CA,Vancouver,pm25,23,6.0,20.0,10.0,128.77
2022-03-18,CA,Victoria,pm25,42,5.0,46.0,25.0,1145.27
2022-03-18,CA,Montréal,pm25,425,12.0,134.0,58.0,7582.19
2022-03-18,CA,Toronto,pm25,142,21.0,87.0,53.0,2275.33
2022-03-18,CA,Ottawa,pm25,70,30.0,72.0,56.0,1465.43
2022-03-18,CA,London,pm25,47,30.0,80.0,59.0,1895.59
2022-03-18,US,Oklahoma City,pm25,79,2.0,51.0,10.0,1254.51
2022-03-18,US,Raleigh,pm25,71,9.0,57.0,38.0,1223.26
2022-03-18,US,Memphis,pm25,70,7.0,54.0,27.0,1155.19
2022-03-18,US,Jackson,pm25,72,5.0,62.0,28.0,2712.38
2022-03-18,US,Boston,pm25,144,21.0,87.0,53.0,1521.76
2022-03-18,US,Richmond,pm25,93,22.0,69.0,32.0,1392.15
2022-03-18,US,Portland,pm25,158,5.0,38.0,13.0,544.5
2022-03-18,US,Boise,pm25,85,5.0,34.0,17.0,593.45
2022-03-18,US,Austin,pm25,44,5.0,42.0,21.0,1147.71
2022-03-18,US,Honolulu,pm25,61,5.0,53.0,21.0,1051.95
2022-03-18,US,Fresno,pm25,47,9.0,61.0,34.0,1786.94
2022-03-18,US,Milwaukee,pm25,141,15.0,68.0,31.0,1405.9
2022-03-18,US,Hartford,pm25,48,36.0,77.0,51.0,1130.0
2022-03-18,US,Washington D.C.,pm25,120,9.0,69.0,31.0,1546.37
2022-03-18,US,Chicago,pm25,215,13.0,90.0,35.0,1686.81
2022-03-18,US,Houston,pm25,47,6.0,176.0,31.0,24398.6
2022-03-18,US,Atlanta,pm25,24,20.0,63.0,37.0,1736.07
2022-03-18,US,Charlotte,pm25,41,9.0,78.0,34.0,1513.4
2022-03-18,US,Sacramento,pm25,72,13.0,52.0,30.0,627.42
2022-03-18,US,Oakland,pm25,115,5.0,57.0,30.0,1311.33
2022-03-18,US,Providence,pm25,44,5.0,65.0,30.0,3034.23
2022-03-18,US,Staten Island,pm25,120,5.0,68.0,38.0,2084.59
2022-03-18,US,Brooklyn,pm25,140,3.0,157.0,54.0,5433.99
2022-03-18,US,Springfield,pm25,69,7.0,96.0,50.0,3865.48
2022-03-18,US,The Bronx,pm25,40,3.0,157.0,55.0,18416.7
2022-03-18,US,San Jose,pm25,94,5.0,68.0,30.0,1871.95
2022-03-18,US,Los Angeles,pm25,70,40.0,90.0,63.0,1428.27
2022-03-18,US,Detroit,pm25,144,21.0,151.0,56.0,7023.31
2022-03-18,US,Little Rock,pm25,24,11.0,39.0,23.0,745.05
2022-03-18,US,Baltimore,pm25,48,9.0,92.0,45.0,5100.53
2022-03-18,US,Phoenix,pm25,190,5.0,94.0,30.0,2907.39
2022-03-18,US,Omaha,pm25,45,5.0,42.0,21.0,829.36
2022-03-18,US,El Paso,pm25,158,5.0,78.0,30.0,3300.14
2022-03-18,US,Dallas,pm25,21,2.0,19.0,12.0,233.62
2022-03-18,US,Seattle,pm25,257,5.0,57.0,17.0,796.07
2022-03-18,US,Manhattan,pm25,71,13.0,74.0,44.0,2677.05
2022-03-18,US,Miami,pm25,94,13.0,68.0,30.0,1051.47
2022-03-18,US,Jacksonville,pm25,144,17.0,72.0,38.0,1148.0
2022-03-18,US,San Antonio,pm25,62,1.0,73.0,18.0,4124.4
2022-03-18,US,Philadelphia,pm25,78,12.0,76.0,44.0,2091.6
2022-03-18,US,San Diego,pm25,24,14.0,61.0,35.0,2305.8
2022-03-18,US,Columbus,pm25,48,9.0,81.0,40.0,4229.08
2022-03-18,US,Saint Paul,pm25,127,5.0,59.0,21.0,1678.92
2022-03-18,US,Denver,pm25,145,9.0,53.0,21.0,681.66
2022-03-18,US,Salt Lake City,pm25,216,6.0,56.0,23.0,1408.73
2022-03-18,US,Albuquerque,pm25,72,7.0,58.0,17.0,765.23
2022-03-18,US,San Francisco,pm25,68,13.0,93.0,25.0,2201.62
2022-03-18,US,Salem,pm25,72,7.0,18.0,10.0,76.9
2022-03-18,US,Madison,pm25,48,10.0,38.0,23.0,360.0
2022-03-18,US,Nashville,pm25,70,9.0,59.0,30.0,1535.98
2022-03-18,US,Tucson,pm25,122,5.0,65.0,21.0,1891.7
2022-03-18,US,Queens,pm25,96,15.0,71.0,43.0,2494.02
2022-03-18,US,Tallahassee,pm25,71,8.0,63.0,29.0,2155.78
2022-03-18,US,Fort Worth,pm25,15,5.0,34.0,9.0,598.38
2022-03-18,RS,Novi Sad,pm25,48,54.0,162.0,62.0,11824.8
2022-03-18,RS,Niš,pm25,48,44.0,99.0,59.0,1790.62
2022-03-18,RS,Belgrade,pm25,120,48.0,182.0,70.0,14832.7
2022-03-18,CY,Nicosia,pm25,24,33.0,85.0,60.0,1201.58
2022-03-18,CY,Limassol,pm25,24,21.0,97.0,53.0,3395.87
2022-03-18,HR,Zagreb,pm25,8,70.0,134.0,86.0,5996.43
2022-03-18,HR,Rijeka,pm25,76,46.0,93.0,63.0,1289.68
2022-03-18,MK,Skopje,pm25,168,10.0,154.0,68.0,8556.88
2022-03-19,GE,Tbilisi,pm25,96,27.0,64.0,44.0,1125.66
2022-03-19,HU,Győr,pm25,47,78.0,137.0,95.0,2072.28
2022-03-19,HU,Szeged,pm25,23,70.0,132.0,91.0,4896.28
2022-03-19,HU,Pécs,pm25,72,68.0,139.0,82.0,4535.21
2022-03-19,HU,Kecskemét,pm25,48,68.0,157.0,91.0,12316.3
2022-03-19,HU,Miskolc,pm25,116,53.0,154.0,97.0,10051.2
2022-03-19,HU,Budapest,pm25,216,42.0,155.0,87.0,11826.6
2022-03-19,JP,Fukuoka,pm25,392,5.0,97.0,17.0,3633.18
2022-03-19,JP,Kanazawa,pm25,157,5.0,55.0,13.0,1005.24
2022-03-19,JP,Kumamoto,pm25,297,5.0,85.0,21.0,3395.0
2022-03-19,JP,Akita,pm25,36,5.0,70.0,13.0,2831.71
2022-03-19,JP,Kochi,pm25,38,5.0,53.0,13.0,1252.12
2022-03-19,JP,Gifu-shi,pm25,99,5.0,68.0,17.0,1831.26
2022-03-19,JP,Kyoto,pm25,411,5.0,55.0,13.0,873.0
2022-03-19,JP,Hiroshima,pm25,196,5.0,55.0,13.0,1421.33
2022-03-19,JP,Shizuoka,pm25,177,5.0,63.0,13.0,1924.21
2022-03-19,JP,Chiba,pm25,577,5.0,117.0,17.0,2474.67
2022-03-19,JP,Sapporo,pm25,206,5.0,55.0,21.0,1150.44
2022-03-19,JP,Yokohama,pm25,413,1.0,89.0,17.0,2219.14
2022-03-19,JP,Tokyo,pm25,2233,1.0,127.0,17.0,3058.95
2022-03-19,JP,Saitama,pm25,373,5.0,63.0,13.0,1099.9
2022-03-19,JP,Naha,pm25,144,5.0,38.0,21.0,608.65
2022-03-19,JP,Nagasaki,pm25,159,5.0,93.0,21.0,3578.92
2022-03-19,JP,Toyama,pm25,140,5.0,65.0,13.0,985.34
2022-03-19,JP,Niigata,pm25,131,5.0,46.0,9.0,447.12
2022-03-19,JP,Nara-shi,pm25,137,5.0,30.0,9.0,405.94
2022-03-19,JP,Okayama,pm25,223,5.0,76.0,17.0,1680.47
2022-03-19,JP,Sendai,pm25,214,5.0,30.0,9.0,227.59
2022-03-19,JP,Osaka,pm25,872,5.0,59.0,9.0,653.21
2022-03-19,JP,Miyazaki,pm25,116,5.0,74.0,25.0,2881.48
2022-03-19,JP,Matsuyama,pm25,117,5.0,61.0,21.0,1979.11
2022-03-19,JP,Wakayama,pm25,212,5.0,46.0,13.0,725.23
2022-03-19,JP,Takamatsu,pm25,166,5.0,34.0,13.0,465.3
2022-03-19,JP,Nagoya,pm25,482,5.0,74.0,9.0,736.86
2022-03-19,JP,Ōita,pm25,196,5.0,68.0,17.0,2964.67
2022-03-19,JP,Kobe,pm25,272,5.0,53.0,13.0,607.63
2022-03-19,JP,Nagano,pm25,51,5.0,21.0,9.0,214.96
2022-03-19,JP,Utsunomiya,pm25,325,5.0,80.0,9.0,650.36
2022-03-19,JP,Kagoshima,pm25,89,5.0,59.0,25.0,2578.06
2022-03-19,SK,Košice,pm25,96,9.0,163.0,72.0,6286.84
2022-03-19,SK,Bratislava,pm25,96,85.0,152.0,117.0,1552.52
2022-03-19,FI,Vantaa,pm25,24,17.0,69.0,35.0,3040.71
2022-03-19,FI,Turku,pm25,24,4.0,39.0,22.0,931.72
2022-03-19,FI,Helsinki,pm25,120,8.0,90.0,40.0,4244.63
2022-03-19,FI,Tampere,pm25,96,5.0,57.0,19.0,2147.13
2022-03-19,ET,Addis Ababa,pm25,48,53.0,291.0,74.0,12752.9
2022-03-19,CH,Zürich,pm25,3,3.0,3.0,3.0,0.0
2022-03-19,CO,Bogotá,pm25,332,9.0,154.0,65.0,5339.77
2022-03-19,CO,Medellín,pm25,340,74.0,134.0,107.0,1696.44
2022-03-19,DK,Copenhagen,pm25,24,13.0,70.0,29.0,1661.72
2022-03-19,EC,Quito,pm25,191,1.0,114.0,52.0,6500.71
2022-03-19,GB,Edinburgh,pm25,285,12.0,86.0,40.0,1554.27
2022-03-19,GB,Norwich,pm25,22,35.0,58.0,50.0,260.28
2022-03-19,GB,Liverpool,pm25,17,46.0,62.0,50.0,221.54
2022-03-19,GB,Belfast,pm25,64,45.0,72.0,54.0,196.78
2022-03-19,GB,Coventry,pm25,53,30.0,59.0,46.0,574.36
2022-03-19,GB,Leeds,pm25,40,45.0,74.0,57.0,297.85
2022-03-19,GB,Cardiff,pm25,120,30.0,72.0,50.0,1038.26
2022-03-19,GB,Bristol,pm25,70,21.0,70.0,50.0,1379.87
2022-03-19,GB,London,pm25,456,13.0,117.0,55.0,2369.36
2022-03-19,GB,Birmingham,pm25,42,33.0,60.0,50.0,337.66
2022-03-19,GB,Sheffield,pm25,86,33.0,70.0,55.0,544.79
2022-03-19,GB,Newport,pm25,47,28.0,64.0,48.0,747.14
2022-03-19,GB,Leicester,pm25,16,38.0,61.0,45.0,426.5
2022-03-19,GB,Manchester,pm25,82,28.0,77.0,50.0,966.55
2022-03-19,GB,Reading,pm25,48,34.0,68.0,57.0,601.17
2022-03-19,GB,Plymouth,pm25,47,30.0,96.0,72.0,1852.45
2022-03-19,GB,Glasgow,pm25,548,13.0,73.0,45.0,1762.25
2022-03-19,GB,Preston,pm25,46,23.0,70.0,46.0,956.85
2022-03-19,GB,Swansea,pm25,118,9.0,74.0,59.0,1368.68
2022-03-19,GB,Southend-on-Sea,pm25,47,34.0,78.0,61.0,727.08
2022-03-19,ID,Jakarta,pm25,61,25.0,123.0,54.0,3125.3
2022-03-19,NP,Kathmandu,pm25,48,102.0,197.0,155.0,7488.47
2022-03-19,AU,Sydney,pm25,160,1.0,96.0,18.0,1567.36
2022-03-19,AU,Newcastle,pm25,140,2.0,61.0,20.0,1375.32
2022-03-19,AU,Launceston,pm25,106,5.0,21.0,9.0,109.08
2022-03-19,AU,Hobart,pm25,42,5.0,21.0,9.0,150.15
2022-03-19,AU,Darwin,pm25,57,2.0,54.0,20.0,1129.69
2022-03-19,AU,Melbourne,pm25,172,1.0,62.0,24.0,1812.33
2022-03-19,AU,Canberra,pm25,61,2.0,74.0,19.0,2275.94
2022-03-19,AU,Adelaide,pm25,88,5.0,53.0,25.0,728.84
2022-03-19,AU,Brisbane,pm25,184,1.0,71.0,22.0,895.51
2022-03-19,AU,Perth,pm25,85,2.0,10.0,4.0,30.86
2022-03-19,AU,Wollongong,pm25,47,2.0,47.0,19.0,1494.59
2022-03-19,CI,Abidjan,pm25,24,85.0,137.0,112.0,2362.01
2022-03-19,GH,Accra,pm25,24,68.0,117.0,87.0,1670.42
2022-03-19,IQ,Baghdad,pm25,24,57.0,161.0,95.0,10779.7
2022-03-19,IS,Reykjavík,pm25,96,2.0,30.0,12.0,305.78
2022-03-19,KG,Bishkek,pm25,23,13.0,147.0,76.0,9904.19
2022-03-19,NL,Utrecht,pm25,48,12.0,61.0,42.0,1593.97
2022-03-19,NL,Nijmegen,pm25,48,19.0,88.0,46.0,2727.22
2022-03-19,NL,Haarlem,pm25,143,3.0,129.0,40.0,4021.59
2022-03-19,NL,Eindhoven,pm25,24,27.0,79.0,52.0,2575.92
2022-03-19,NL,Rotterdam,pm25,192,12.0,58.0,40.0,2312.17
2022-03-19,NL,Amsterdam,pm25,264,7.0,139.0,36.0,1807.82
2022-03-19,NL,Dordrecht,pm25,24,17.0,67.0,52.0,3089.78
2022-03-19,NL,Breda,pm25,24,15.0,68.0,43.0,3363.19
2022-03-19,NL,Groningen,pm25,48,12.0,57.0,37.0,1467.3
2022-03-19,NL,Maastricht,pm25,94,13.0,70.0,38.0,2188.24
2022-03-19,NL,The Hague,pm25,71,4.0,52.0,31.0,2393.21
2022-03-19,PT,Lisbon,pm25,11,38.0,52.0,50.0,236.18
2022-03-19,PT,Funchal,pm25,56,1.0,120.0,20.0,6453.97
2022-03-19,CA,Hamilton,pm25,93,5.0,97.0,50.0,5801.55
2022-03-19,CA,Calgary,pm25,92,3.0,63.0,20.0,1681.17
2022-03-19,CA,Winnipeg,pm25,24,23.0,35.0,28.0,143.02
2022-03-19,CA,Halifax,pm25,46,16.0,37.0,22.0,306.63
2022-03-19,CA,Kitchener,pm25,47,5.0,91.0,50.0,6189.48
2022-03-19,CA,Edmonton,pm25,123,5.0,60.0,25.0,1925.1
2022-03-19,CA,Mississauga,pm25,70,9.0,109.0,30.0,3632.88
2022-03-19,CA,Québec,pm25,160,5.0,80.0,16.0,1231.82
2022-03-19,CA,Vancouver,pm25,23,6.0,15.0,10.0,55.65
2022-03-19,CA,Victoria,pm25,45,5.0,30.0,17.0,522.45
2022-03-19,CA,Montréal,pm25,379,6.0,47.0,27.0,623.81
2022-03-19,CA,Toronto,pm25,140,9.0,80.0,38.0,2984.45
2022-03-19,CA,Ottawa,pm25,69,13.0,34.0,21.0,300.09
2022-03-19,CA,London,pm25,48,9.0,80.0,50.0,4371.84
2022-03-19,US,Oklahoma City,pm25,96,9.0,58.0,17.0,1184.24
2022-03-19,US,Raleigh,pm25,71,9.0,61.0,31.0,1112.16
2022-03-19,US,Memphis,pm25,72,5.0,68.0,16.0,1753.43
2022-03-19,US,Jackson,pm25,71,2.0,133.0,13.0,4320.78
2022-03-19,US,Boston,pm25,138,5.0,78.0,38.0,2055.59
2022-03-19,US,Richmond,pm25,96,17.0,53.0,39.0,567.47
2022-03-19,US,Portland,pm25,165,5.0,38.0,10.0,387.88
2022-03-19,US,Boise,pm25,82,5.0,34.0,13.0,452.64
2022-03-19,US,Austin,pm25,43,5.0,61.0,30.0,2953.28
2022-03-19,US,Honolulu,pm25,59,5.0,55.0,13.0,1516.67
2022-03-19,US,Fresno,pm25,46,5.0,53.0,21.0,2465.76
2022-03-19,US,Milwaukee,pm25,144,5.0,42.0,18.0,871.71
2022-03-19,US,Hartford,pm25,48,23.0,65.0,45.0,1069.77
2022-03-19,US,Washington D.C.,pm25,119,9.0,53.0,30.0,1138.23
2022-03-19,US,Chicago,pm25,209,1.0,61.0,18.0,1071.12
2022-03-19,US,Houston,pm25,48,5.0,76.0,26.0,2948.01
2022-03-19,US,Atlanta,pm25,24,10.0,50.0,17.0,1181.45
2022-03-19,US,Charlotte,pm25,48,5.0,55.0,25.0,1275.1
2022-03-19,US,Sacramento,pm25,71,5.0,34.0,17.0,494.48
2022-03-19,US,Oakland,pm25,114,5.0,38.0,17.0,558.65
2022-03-19,US,Providence,pm25,36,5.0,46.0,25.0,1164.86
2022-03-19,US,Staten Island,pm25,114,3.0,59.0,34.0,2173.58
2022-03-19,US,Brooklyn,pm25,125,2.0,153.0,40.0,4748.19
2022-03-19,US,Springfield,pm25,65,4.0,46.0,15.0,848.57
2022-03-19,US,The Bronx,pm25,12,17.0,153.0,25.0,33514.2
2022-03-19,US,San Jose,pm25,91,5.0,59.0,21.0,1142.33
2022-03-19,US,Los Angeles,pm25,72,26.0,90.0,58.0,1974.49
2022-03-19,US,Detroit,pm25,142,7.0,107.0,51.0,8352.04
2022-03-19,US,Little Rock,pm25,23,8.0,87.0,17.0,6522.25
2022-03-19,US,Baltimore,pm25,48,9.0,52.0,25.0,1714.45
2022-03-19,US,Phoenix,pm25,190,4.0,98.0,34.0,4198.29
2022-03-19,US,Omaha,pm25,44,5.0,57.0,25.0,2069.02
2022-03-19,US,El Paso,pm25,162,6.0,112.0,44.0,3717.13
2022-03-19,US,Dallas,pm25,23,1.0,62.0,22.0,2879.29
2022-03-19,US,Seattle,pm25,245,3.0,46.0,17.0,922.47
2022-03-19,US,Manhattan,pm25,72,5.0,73.0,36.0,3522.62
2022-03-19,US,Miami,pm25,94,14.0,38.0,33.0,292.63
2022-03-19,US,Jacksonville,pm25,144,7.0,76.0,31.0,1492.46
2022-03-19,US,San Antonio,pm25,71,1.0,70.0,25.0,2672.05
2022-03-19,US,Philadelphia,pm25,96,13.0,62.0,31.0,1109.11
2022-03-19,US,San Diego,pm25,24,15.0,71.0,35.0,2268.68
2022-03-19,US,Columbus,pm25,47,3.0,43.0,17.0,1178.68
2022-03-19,US,Saint Paul,pm25,134,5.0,104.0,21.0,3519.55
2022-03-19,US,Denver,pm25,123,13.0,59.0,21.0,473.07
2022-03-19,US,Salt Lake City,pm25,216,8.0,74.0,21.0,623.81
2022-03-19,US,Albuquerque,pm25,72,8.0,58.0,17.0,1247.45
2022-03-19,US,San Francisco,pm25,68,5.0,112.0,17.0,3812.79
2022-03-19,US,Salem,pm25,72,5.0,18.0,10.0,72.93
2022-03-19,US,Madison,pm25,48,5.0,53.0,18.0,851.13
2022-03-19,US,Nashville,pm25,66,5.0,45.0,15.0,628.78
2022-03-19,US,Tucson,pm25,127,5.0,59.0,21.0,2040.44
2022-03-19,US,Queens,pm25,93,3.0,60.0,31.0,2592.88
2022-03-19,US,Tallahassee,pm25,71,8.0,58.0,36.0,2001.74
2022-03-19,US,Fort Worth,pm25,16,5.0,53.0,13.0,1639.83
2022-03-19,RS,Novi Sad,pm25,48,57.0,167.0,84.0,9668.51
2022-03-19,RS,Niš,pm25,48,46.0,129.0,80.0,4271.59
2022-03-19,RS,Belgrade,pm25,120,57.0,178.0,93.0,15363.3
2022-03-19,CY,Nicosia,pm25,24,33.0,105.0,46.0,1882.61
2022-03-19,CY,Limassol,pm25,24,13.0,53.0,35.0,848.91
2022-03-19,HR,Zagreb,pm25,24,86.0,161.0,112.0,7417.97
2022-03-19,HR,Rijeka,pm25,73,56.0,90.0,68.0,661.04
2022-03-19,MK,Skopje,pm25,168,14.0,153.0,64.0,7090.02
2022-03-20,GE,Tbilisi,pm25,96,35.0,69.0,51.0,973.32
2022-03-20,HU,Győr,pm25,48,21.0,104.0,63.0,3463.9
2022-03-20,HU,Szeged,pm25,24,42.0,93.0,59.0,1777.37
2022-03-20,HU,Pécs,pm25,72,42.0,93.0,57.0,1459.84
2022-03-20,HU,Kecskemét,pm25,48,57.0,114.0,70.0,2253.88
2022-03-20,HU,Miskolc,pm25,120,50.0,154.0,95.0,6062.59
2022-03-20,HU,Budapest,pm25,209,17.0,129.0,61.0,2907.66
2022-03-20,JP,Fukuoka,pm25,391,5.0,70.0,17.0,1596.86
2022-03-20,JP,Kanazawa,pm25,182,5.0,53.0,13.0,1027.4
2022-03-20,JP,Kumamoto,pm25,356,5.0,80.0,34.0,2509.56
2022-03-20,JP,Akita,pm25,45,5.0,55.0,21.0,1230.37
2022-03-20,JP,Kochi,pm25,42,5.0,42.0,17.0,1038.33
2022-03-20,JP,Gifu-shi,pm25,126,5.0,76.0,17.0,2273.99
2022-03-20,JP,Kyoto,pm25,510,5.0,50.0,17.0,705.35
2022-03-20,JP,Hiroshima,pm25,225,5.0,57.0,13.0,1319.29
2022-03-20,JP,Shizuoka,pm25,186,5.0,74.0,13.0,2295.58
2022-03-20,JP,Chiba,pm25,544,5.0,74.0,13.0,1720.41
2022-03-20,JP,Sapporo,pm25,196,5.0,50.0,17.0,819.59
2022-03-20,JP,Yokohama,pm25,493,1.0,74.0,17.0,1390.09
2022-03-20,JP,Tokyo,pm25,2123,1.0,72.0,13.0,1025.37
2022-03-20,JP,Saitama,pm25,390,5.0,59.0,9.0,763.37
2022-03-20,JP,Naha,pm25,144,17.0,61.0,34.0,1208.09
2022-03-20,JP,Nagasaki,pm25,175,5.0,72.0,38.0,2627.85
2022-03-20,JP,Toyama,pm25,160,5.0,53.0,17.0,906.86
2022-03-20,JP,Niigata,pm25,195,5.0,50.0,17.0,901.58
2022-03-20,JP,Nara-shi,pm25,165,5.0,34.0,13.0,395.73
2022-03-20,JP,Okayama,pm25,249,5.0,63.0,21.0,1287.26
2022-03-20,JP,Sendai,pm25,361,5.0,38.0,13.0,540.66
2022-03-20,JP,Osaka,pm25,1085,5.0,78.0,13.0,779.45
2022-03-20,JP,Miyazaki,pm25,57,13.0,76.0,50.0,1669.17
2022-03-20,JP,Matsuyama,pm25,125,5.0,57.0,17.0,1477.23
2022-03-20,JP,Wakayama,pm25,235,5.0,59.0,13.0,860.78
2022-03-20,JP,Takamatsu,pm25,176,5.0,61.0,13.0,832.23
2022-03-20,JP,Nagoya,pm25,630,1.0,74.0,13.0,1026.43
2022-03-20,JP,Ōita,pm25,196,5.0,55.0,17.0,921.92
2022-03-20,JP,Kobe,pm25,342,5.0,46.0,13.0,829.22
2022-03-20,JP,Nagano,pm25,56,5.0,34.0,13.0,445.13
2022-03-20,JP,Utsunomiya,pm25,347,5.0,38.0,13.0,557.36
2022-03-20,JP,Kagoshima,pm25,94,21.0,63.0,42.0,896.25
2022-03-20,SK,Košice,pm25,96,21.0,147.0,76.0,5305.46
2022-03-20,SK,Bratislava,pm25,93,46.0,137.0,65.0,2675.99
2022-03-20,FI,Vantaa,pm25,24,9.0,64.0,19.0,2175.36
2022-03-20,FI,Turku,pm25,24,11.0,59.0,15.0,1777.32
2022-03-20,FI,Helsinki,pm25,120,9.0,67.0,17.0,1117.1
2022-03-20,FI,Tampere,pm25,96,8.0,31.0,15.0,354.67
2022-03-20,ET,Addis Ababa,pm25,47,42.0,132.0,82.0,4182.61
2022-03-20,CO,Bogotá,pm25,311,21.0,186.0,67.0,4074.24
2022-03-20,CO,Medellín,pm25,355,59.0,112.0,82.0,1093.33
2022-03-20,DK,Copenhagen,pm25,24,10.0,68.0,42.0,2611.72
2022-03-20,EC,Quito,pm25,192,3.0,131.0,44.0,5774.82
2022-03-20,GB,Edinburgh,pm25,288,13.0,109.0,39.0,4829.84
2022-03-20,GB,Norwich,pm25,24,46.0,107.0,80.0,4582.54
2022-03-20,GB,Liverpool,pm25,23,39.0,108.0,52.0,4501.7
2022-03-20,GB,Belfast,pm25,55,44.0,76.0,53.0,410.84
2022-03-20,GB,Coventry,pm25,71,38.0,105.0,52.0,3082.91
2022-03-20,GB,Leeds,pm25,38,34.0,117.0,85.0,4998.07
2022-03-20,GB,Cardiff,pm25,115,25.0,97.0,46.0,2199.73
2022-03-20,GB,Bristol,pm25,69,21.0,91.0,50.0,2688.72
2022-03-20,GB,London,pm25,452,9.0,163.0,58.0,6156.7
2022-03-20,GB,Birmingham,pm25,46,41.0,118.0,51.0,4879.48
2022-03-20,GB,Sheffield,pm25,89,42.0,142.0,72.0,6812.66
2022-03-20,GB,Newport,pm25,47,25.0,75.0,36.0,2257.32
2022-03-20,GB,Leicester,pm25,24,42.0,104.0,63.0,4981.72
2022-03-20,GB,Manchester,pm25,79,42.0,121.0,57.0,5198.43
2022-03-20,GB,Reading,pm25,48,21.0,107.0,50.0,5619.25
2022-03-20,GB,Plymouth,pm25,47,38.0,76.0,61.0,938.82
2022-03-20,GB,Glasgow,pm25,548,10.0,253.0,28.0,4891.28
2022-03-20,GB,Preston,pm25,47,39.0,113.0,58.0,5012.82
2022-03-20,GB,Swansea,pm25,120,17.0,91.0,50.0,2252.13
2022-03-20,GB,Southend-on-Sea,pm25,48,28.0,158.0,79.0,11628.5
2022-03-20,ID,Jakarta,pm25,59,25.0,109.0,53.0,3019.06
2022-03-20,NP,Kathmandu,pm25,48,107.0,194.0,152.0,4918.23
2022-03-20,AU,Sydney,pm25,150,1.0,95.0,19.0,1707.94
2022-03-20,AU,Newcastle,pm25,139,1.0,41.0,19.0,725.68
2022-03-20,AU,Launceston,pm25,114,5.0,34.0,9.0,234.29
2022-03-20,AU,Hobart,pm25,35,5.0,25.0,9.0,217.28
2022-03-20,AU,Darwin,pm25,47,11.0,47.0,21.0,854.65
2022-03-20,AU,Melbourne,pm25,174,8.0,90.0,42.0,2609.12
2022-03-20,AU,Canberra,pm25,65,1.0,71.0,18.0,3612.53
2022-03-20,AU,Adelaide,pm25,82,5.0,58.0,25.0,1315.77
2022-03-20,AU,Brisbane,pm25,150,1.0,51.0,22.0,888.58
2022-03-20,AU,Perth,pm25,77,2.0,14.0,6.0,70.14
2022-03-20,AU,Wollongong,pm25,42,1.0,98.0,14.0,3708.41
2022-03-20,CI,Abidjan,pm25,24,68.0,169.0,99.0,4015.63
2022-03-20,GH,Accra,pm25,24,80.0,137.0,95.0,2141.14
2022-03-20,IQ,Baghdad,pm25,24,57.0,561.0,89.0,136081.0
2022-03-20,IS,Reykjavík,pm25,95,1.0,19.0,12.0,135.95
2022-03-20,KG,Bishkek,pm25,24,17.0,132.0,68.0,9480.22
2022-03-20,NL,Utrecht,pm25,48,26.0,128.0,78.0,7199.93
2022-03-20,NL,Nijmegen,pm25,48,17.0,151.0,79.0,9241.26
2022-03-20,NL,Haarlem,pm25,122,3.0,153.0,80.0,10414.2
2022-03-20,NL,Eindhoven,pm25,24,39.0,127.0,83.0,3246.07
2022-03-20,NL,Rotterdam,pm25,192,16.0,136.0,83.0,12034.4
2022-03-20,NL,Amsterdam,pm25,264,6.0,152.0,78.0,8724.21
2022-03-20,NL,Dordrecht,pm25,24,31.0,122.0,85.0,7621.45
2022-03-20,NL,Breda,pm25,24,21.0,132.0,84.0,7889.11
2022-03-20,NL,Groningen,pm25,48,23.0,106.0,76.0,4913.55
2022-03-20,NL,Maastricht,pm25,95,25.0,122.0,82.0,2972.34
2022-03-20,NL,The Hague,pm25,72,16.0,145.0,77.0,15128.8
2022-03-20,PT,Lisbon,pm25,25,22.0,59.0,42.0,1303.57
2022-03-20,PT,Funchal,pm25,52,1.0,39.0,13.0,479.26
2022-03-20,CA,Hamilton,pm25,56,5.0,42.0,9.0,733.97
2022-03-20,CA,Calgary,pm25,72,1.0,51.0,6.0,547.65
2022-03-20,CA,Winnipeg,pm25,24,14.0,41.0,33.0,654.62
2022-03-20,CA,Halifax,pm25,46,2.0,46.0,14.0,784.58
2022-03-20,CA,Kitchener,pm25,30,5.0,38.0,9.0,865.75
2022-03-20,CA,Edmonton,pm25,137,2.0,52.0,14.0,1502.6
2022-03-20,CA,Mississauga,pm25,43,5.0,38.0,9.0,571.4
2022-03-20,CA,Québec,pm25,173,5.0,53.0,16.0,1149.48
2022-03-20,CA,Vancouver,pm25,23,8.0,25.0,13.0,279.84
2022-03-20,CA,Victoria,pm25,44,5.0,34.0,17.0,527.1
2022-03-20,CA,Montréal,pm25,368,6.0,59.0,20.0,1380.54
2022-03-20,CA,Toronto,pm25,82,5.0,34.0,9.0,265.85
2022-03-20,CA,Ottawa,pm25,67,5.0,38.0,20.0,714.55
2022-03-20,CA,London,pm25,43,5.0,72.0,13.0,3738.44
2022-03-20,US,Oklahoma City,pm25,96,15.0,100.0,25.0,2703.81
2022-03-20,US,Raleigh,pm25,53,3.0,34.0,13.0,445.57
2022-03-20,US,Memphis,pm25,72,15.0,63.0,25.0,1454.37
2022-03-20,US,Jackson,pm25,67,3.0,171.0,40.0,17091.4
2022-03-20,US,Boston,pm25,124,5.0,53.0,17.0,899.69
2022-03-20,US,Richmond,pm25,96,2.0,38.0,6.0,640.28
2022-03-20,US,Portland,pm25,165,9.0,45.0,14.0,539.98
2022-03-20,US,Boise,pm25,66,5.0,21.0,9.0,251.71
2022-03-20,US,Austin,pm25,37,5.0,76.0,25.0,3496.47
2022-03-20,US,Honolulu,pm25,60,5.0,53.0,17.0,1345.12
2022-03-20,US,Fresno,pm25,46,3.0,53.0,17.0,1510.5
2022-03-20,US,Milwaukee,pm25,144,15.0,83.0,31.0,2387.16
2022-03-20,US,Hartford,pm25,48,2.0,64.0,15.0,3024.22
2022-03-20,US,Washington D.C.,pm25,101,3.0,30.0,9.0,438.52
2022-03-20,US,Chicago,pm25,191,10.0,92.0,26.0,1613.46
2022-03-20,US,Houston,pm25,48,1.0,68.0,36.0,3494.61
2022-03-20,US,Atlanta,pm25,24,11.0,30.0,14.0,214.33
2022-03-20,US,Charlotte,pm25,43,5.0,30.0,13.0,493.95
2022-03-20,US,Sacramento,pm25,69,2.0,46.0,13.0,925.56
2022-03-20,US,Oakland,pm25,116,5.0,63.0,25.0,1402.76
2022-03-20,US,Providence,pm25,40,5.0,42.0,21.0,1207.46
2022-03-20,US,Staten Island,pm25,109,1.0,58.0,13.0,1447.91
2022-03-20,US,Brooklyn,pm25,115,1.0,32.0,12.0,390.9
2022-03-20,US,Springfield,pm25,67,3.0,70.0,27.0,1511.7
2022-03-20,US,San Jose,pm25,96,5.0,53.0,21.0,1189.04
2022-03-20,US,Los Angeles,pm25,70,8.0,85.0,24.0,3289.56
2022-03-20,US,Detroit,pm25,118,4.0,171.0,19.0,4421.47
2022-03-20,US,Little Rock,pm25,24,17.0,72.0,48.0,3894.13
2022-03-20,US,Baltimore,pm25,36,5.0,28.0,9.0,372.09
2022-03-20,US,Phoenix,pm25,190,5.0,79.0,30.0,2754.97
2022-03-20,US,Omaha,pm25,44,5.0,55.0,21.0,1714.69
2022-03-20,US,El Paso,pm25,168,9.0,139.0,38.0,6195.81
2022-03-20,US,Dallas,pm25,24,3.0,73.0,25.0,2719.11
2022-03-20,US,Seattle,pm25,236,4.0,57.0,13.0,1039.12
2022-03-20,US,Manhattan,pm25,66,1.0,34.0,9.0,491.73
2022-03-20,US,Miami,pm25,94,20.0,47.0,33.0,322.68
2022-03-20,US,Jacksonville,pm25,144,2.0,154.0,25.0,4424.89
2022-03-20,US,San Antonio,pm25,70,1.0,61.0,28.0,2596.08
2022-03-20,US,Philadelphia,pm25,92,1.0,86.0,13.0,1445.14
2022-03-20,US,San Diego,pm25,22,5.0,61.0,16.0,2468.85
2022-03-20,US,Columbus,pm25,47,2.0,72.0,17.0,1979.94
2022-03-20,US,Saint Paul,pm25,137,5.0,251.0,34.0,7333.62
2022-03-20,US,Denver,pm25,130,13.0,46.0,21.0,468.56
2022-03-20,US,Salt Lake City,pm25,216,4.0,42.0,16.0,621.79
2022-03-20,US,Albuquerque,pm25,72,8.0,154.0,24.0,9629.95
2022-03-20,US,San Francisco,pm25,72,5.0,59.0,25.0,1741.88
2022-03-20,US,Salem,pm25,72,10.0,21.0,13.0,86.17
2022-03-20,US,Madison,pm25,48,13.0,96.0,26.0,4942.12
2022-03-20,US,Nashville,pm25,69,5.0,53.0,27.0,1243.18
2022-03-20,US,Tucson,pm25,140,5.0,63.0,25.0,1355.81
2022-03-20,US,Queens,pm25,87,2.0,38.0,13.0,739.25
2022-03-20,US,Tallahassee,pm25,70,1.0,73.0,19.0,2739.4
2022-03-20,US,Fort Worth,pm25,21,5.0,57.0,21.0,1937.9
2022-03-20,RS,Novi Sad,pm25,48,38.0,159.0,57.0,9652.83
2022-03-20,RS,Niš,pm25,48,34.0,148.0,53.0,5934.45
2022-03-20,RS,Belgrade,pm25,120,43.0,163.0,61.0,9304.03
2022-03-20,CY,Nicosia,pm25,24,16.0,105.0,35.0,3741.67
2022-03-20,CY,Limassol,pm25,24,11.0,87.0,25.0,3233.75
2022-03-20,HR,Zagreb,pm25,23,57.0,152.0,89.0,9172.73
2022-03-20,HR,Rijeka,pm25,74,43.0,90.0,59.0,1912.52
2022-03-20,MK,Skopje,pm25,168,8.0,156.0,53.0,8671.94
2022-03-21,GE,Tbilisi,pm25,96,45.0,80.0,56.0,623.93
2022-03-21,HU,Győr,pm25,47,5.0,132.0,91.0,9015.89
2022-03-21,HU,Szeged,pm25,24,57.0,91.0,68.0,547.81
2022-03-21,HU,Pécs,pm25,72,55.0,142.0,76.0,5557.96
2022-03-21,HU,Kecskemét,pm25,48,70.0,153.0,85.0,8305.51
2022-03-21,HU,Miskolc,pm25,118,53.0,162.0,102.0,10195.7
2022-03-21,HU,Budapest,pm25,216,30.0,127.0,74.0,3999.62
2022-03-21,JP,Fukuoka,pm25,399,5.0,104.0,42.0,1523.57
2022-03-21,JP,Kanazawa,pm25,199,5.0,59.0,13.0,1227.27
2022-03-21,JP,Kumamoto,pm25,357,5.0,80.0,34.0,2719.79
2022-03-21,JP,Akita,pm25,44,5.0,65.0,34.0,1745.5
2022-03-21,JP,Kochi,pm25,47,5.0,46.0,21.0,1097.17
2022-03-21,JP,Gifu-shi,pm25,119,5.0,72.0,17.0,2240.17
2022-03-21,JP,Kyoto,pm25,528,5.0,53.0,21.0,926.47
2022-03-21,JP,Hiroshima,pm25,262,5.0,65.0,21.0,1418.48
2022-03-21,JP,Shizuoka,pm25,237,5.0,76.0,21.0,1498.95
2022-03-21,JP,Chiba,pm25,668,5.0,85.0,21.0,1899.36
2022-03-21,JP,Sapporo,pm25,201,5.0,59.0,21.0,1734.9
2022-03-21,JP,Yokohama,pm25,515,1.0,93.0,21.0,1889.78
2022-03-21,JP,Tokyo,pm25,2493,1.0,89.0,21.0,1469.5
2022-03-21,JP,Saitama,pm25,474,5.0,65.0,21.0,1189.3
2022-03-21,JP,Naha,pm25,139,9.0,55.0,34.0,1011.23
2022-03-21,JP,Nagasaki,pm25,183,5.0,70.0,34.0,1503.45
2022-03-21,JP,Toyama,pm25,172,5.0,63.0,21.0,1483.46
2022-03-21,JP,Niigata,pm25,209,5.0,55.0,25.0,1617.97
2022-03-21,JP,Nara-shi,pm25,186,5.0,65.0,17.0,864.41
2022-03-21,JP,Okayama,pm25,283,5.0,76.0,25.0,2124.18
2022-03-21,JP,Sendai,pm25,440,5.0,68.0,21.0,1068.8
2022-03-21,JP,Osaka,pm25,1150,5.0,85.0,17.0,1220.5
2022-03-21,JP,Matsuyama,pm25,144,5.0,63.0,25.0,1757.62
2022-03-21,JP,Wakayama,pm25,277,5.0,57.0,17.0,1209.77
2022-03-21,JP,Takamatsu,pm25,228,5.0,53.0,21.0,1220.98
2022-03-21,JP,Nagoya,pm25,689,5.0,72.0,17.0,1009.85
2022-03-21,JP,Ōita,pm25,240,5.0,72.0,30.0,2880.73
2022-03-21,JP,Kobe,pm25,390,5.0,57.0,21.0,1130.19
2022-03-21,JP,Nagano,pm25,87,5.0,61.0,17.0,1479.72
2022-03-21,JP,Utsunomiya,pm25,430,5.0,53.0,17.0,686.38
2022-03-21,JP,Kagoshima,pm25,94,5.0,59.0,30.0,1117.19
2022-03-21,SK,Košice,pm25,96,46.0,162.0,72.0,4515.47
2022-03-21,SK,Bratislava,pm25,96,50.0,119.0,74.0,1718.94
2022-03-21,FI,Vantaa,pm25,24,17.0,60.0,35.0,1892.59
2022-03-21,FI,Turku,pm25,22,3.0,63.0,39.0,3334.98
2022-03-21,FI,Helsinki,pm25,120,2.0,94.0,33.0,4116.17
2022-03-21,FI,Tampere,pm25,96,10.0,62.0,16.0,392.77
2022-03-21,ET,Addis Ababa,pm25,48,46.0,180.0,91.0,6925.09
2022-03-21,CH,Zürich,pm25,9,2.0,3.0,2.0,1.94
2022-03-21,CO,Bogotá,pm25,312,13.0,102.0,63.0,2346.67
2022-03-21,CO,Medellín,pm25,308,59.0,89.0,76.0,310.71
2022-03-21,DK,Copenhagen,pm25,24,44.0,72.0,64.0,604.77
2022-03-21,EC,Quito,pm25,182,2.0,111.0,51.0,5749.36
2022-03-21,GB,Edinburgh,pm25,286,59.0,123.0,84.0,1039.78
2022-03-21,GB,Norwich,pm25,22,107.0,129.0,113.0,538.81
2022-03-21,GB,Liverpool,pm25,20,78.0,138.0,109.0,2657.76
2022-03-21,GB,Belfast,pm25,108,57.0,115.0,77.0,1576.47
2022-03-21,GB,Coventry,pm25,68,85.0,121.0,95.0,711.77
2022-03-21,GB,Leeds,pm25,43,82.0,154.0,117.0,3622.72
2022-03-21,GB,Cardiff,pm25,116,46.0,99.0,76.0,1836.39
2022-03-21,GB,Bristol,pm25,72,70.0,119.0,87.0,1494.21
2022-03-21,GB,London,pm25,441,25.0,182.0,91.0,7947.38
2022-03-21,GB,Birmingham,pm25,48,82.0,126.0,104.0,1156.44
2022-03-21,GB,Sheffield,pm25,78,74.0,152.0,109.0,2742.99
2022-03-21,GB,Newport,pm25,47,58.0,95.0,68.0,1559.12
2022-03-21,GB,Leicester,pm25,18,91.0,126.0,107.0,1216.47
2022-03-21,GB,Manchester,pm25,87,76.0,143.0,99.0,2721.45
2022-03-21,GB,Reading,pm25,48,57.0,124.0,87.0,4271.9
2022-03-21,GB,Plymouth,pm25,44,42.0,101.0,63.0,1701.33
2022-03-21,GB,Glasgow,pm25,548,62.0,108.0,85.0,682.72
2022-03-21,GB,Preston,pm25,45,80.0,137.0,95.0,2403.31
2022-03-21,GB,Swansea,pm25,120,42.0,107.0,78.0,2385.21
2022-03-21,GB,Southend-on-Sea,pm25,46,74.0,155.0,120.0,4642.49
2022-03-21,ID,Jakarta,pm25,58,9.0,88.0,34.0,2746.21
2022-03-21,NP,Kathmandu,pm25,48,97.0,198.0,160.0,6491.17
2022-03-21,AU,Sydney,pm25,153,1.0,58.0,15.0,936.86
2022-03-21,AU,Newcastle,pm25,131,1.0,59.0,15.0,1038.52
2022-03-21,AU,Launceston,pm25,106,5.0,25.0,5.0,103.46
2022-03-21,AU,Hobart,pm25,52,5.0,30.0,9.0,173.74
2022-03-21,AU,Darwin,pm25,48,7.0,52.0,19.0,1378.14
2022-03-21,AU,Melbourne,pm25,166,7.0,86.0,59.0,1869.77
2022-03-21,AU,Canberra,pm25,66,3.0,78.0,24.0,2501.2
2022-03-21,AU,Adelaide,pm25,83,5.0,65.0,26.0,1537.92
2022-03-21,AU,Brisbane,pm25,189,1.0,49.0,28.0,811.45
2022-03-21,AU,Perth,pm25,74,2.0,10.0,5.0,48.41
2022-03-21,AU,Wollongong,pm25,42,1.0,72.0,12.0,1666.12
2022-03-21,CI,Abidjan,pm25,10,68.0,152.0,85.0,10678.8
2022-03-21,GH,Accra,pm25,24,42.0,127.0,59.0,5199.98
2022-03-21,IQ,Baghdad,pm25,24,59.0,413.0,89.0,52280.9
2022-03-21,IS,Reykjavík,pm25,96,5.0,31.0,13.0,291.56
2022-03-21,KG,Bishkek,pm25,23,5.0,109.0,38.0,10209.6
2022-03-21,NL,Utrecht,pm25,48,36.0,143.0,83.0,7043.83
2022-03-21,NL,Nijmegen,pm25,48,56.0,140.0,80.0,4364.96
2022-03-21,NL,Haarlem,pm25,129,48.0,158.0,89.0,12025.5
2022-03-21,NL,Eindhoven,pm25,24,50.0,123.0,86.0,7236.94
2022-03-21,NL,Rotterdam,pm25,192,40.0,148.0,94.0,5732.89
2022-03-21,NL,Amsterdam,pm25,262,25.0,151.0,93.0,7440.9
2022-03-21,NL,Dordrecht,pm25,24,55.0,152.0,95.0,10029.8
2022-03-21,NL,Breda,pm25,24,54.0,151.0,89.0,10766.7
2022-03-21,NL,Groningen,pm25,48,42.0,119.0,70.0,2530.42
2022-03-21,NL,Maastricht,pm25,96,25.0,89.0,61.0,1478.0
2022-03-21,NL,The Hague,pm25,72,54.0,144.0,99.0,5974.49
2022-03-21,PT,Lisbon,pm25,27,15.0,40.0,21.0,660.26
2022-03-21,PT,Funchal,pm25,56,1.0,29.0,13.0,588.99
2022-03-21,CA,Hamilton,pm25,80,5.0,34.0,13.0,626.27
2022-03-21,CA,Calgary,pm25,81,2.0,30.0,8.0,359.75
2022-03-21,CA,Winnipeg,pm25,24,10.0,19.0,14.0,47.81
2022-03-21,CA,Halifax,pm25,45,3.0,21.0,14.0,281.64
2022-03-21,CA,Kitchener,pm25,41,5.0,53.0,21.0,1966.98
2022-03-21,CA,Edmonton,pm25,138,2.0,35.0,15.0,464.16
2022-03-21,CA,Mississauga,pm25,58,9.0,42.0,17.0,663.16
2022-03-21,CA,Québec,pm25,156,5.0,49.0,12.0,354.87
2022-03-21,CA,Vancouver,pm25,23,7.0,27.0,12.0,265.46
2022-03-21,CA,Victoria,pm25,38,5.0,42.0,13.0,752.95
2022-03-21,CA,Montréal,pm25,341,3.0,44.0,15.0,577.31
2022-03-21,CA,Toronto,pm25,124,5.0,46.0,17.0,750.15
2022-03-21,CA,Ottawa,pm25,61,9.0,22.0,16.0,183.94
2022-03-21,CA,London,pm25,46,9.0,68.0,25.0,1850.0
2022-03-21,US,Oklahoma City,pm25,96,5.0,77.0,35.0,2299.35
2022-03-21,US,Raleigh,pm25,71,5.0,59.0,21.0,1182.21
2022-03-21,US,Memphis,pm25,71,4.0,68.0,37.0,2087.13
2022-03-21,US,Jackson,pm25,72,9.0,114.0,37.0,5720.12
2022-03-21,US,Boston,pm25,107,5.0,46.0,13.0,488.69
2022-03-21,US,Richmond,pm25,96,10.0,64.0,18.0,1123.26
2022-03-21,US,Portland,pm25,166,5.0,42.0,12.0,422.11
2022-03-21,US,Boise,pm25,79,5.0,38.0,21.0,828.12
2022-03-21,US,Austin,pm25,30,5.0,50.0,17.0,1686.45
2022-03-21,US,Honolulu,pm25,65,5.0,53.0,17.0,1540.09
2022-03-21,US,Fresno,pm25,46,14.0,63.0,30.0,1202.36
2022-03-21,US,Milwaukee,pm25,144,20.0,101.0,60.0,3447.36
2022-03-21,US,Hartford,pm25,48,3.0,16.0,10.0,71.49
2022-03-21,US,Washington D.C.,pm25,109,5.0,53.0,17.0,1020.09
2022-03-21,US,Chicago,pm25,204,11.0,92.0,48.0,1949.12
2022-03-21,US,Houston,pm25,48,12.0,59.0,40.0,1650.0
2022-03-21,US,Atlanta,pm25,24,23.0,43.0,33.0,341.67
2022-03-21,US,Charlotte,pm25,47,5.0,61.0,25.0,1188.2
2022-03-21,US,Sacramento,pm25,69,2.0,68.0,21.0,1884.8
2022-03-21,US,Oakland,pm25,117,17.0,63.0,38.0,1545.49
2022-03-21,US,Providence,pm25,32,5.0,21.0,9.0,155.97
2022-03-21,US,Staten Island,pm25,102,1.0,42.0,13.0,577.76
2022-03-21,US,Brooklyn,pm25,123,1.0,61.0,15.0,1362.06
2022-03-21,US,Springfield,pm25,72,17.0,68.0,33.0,998.3
2022-03-21,US,The Bronx,pm25,14,3.0,18.0,9.0,238.24
2022-03-21,US,San Jose,pm25,95,5.0,93.0,34.0,2070.56
2022-03-21,US,Los Angeles,pm25,72,22.0,80.0,55.0,1450.84
2022-03-21,US,Detroit,pm25,144,8.0,168.0,54.0,6830.45
2022-03-21,US,Little Rock,pm25,23,10.0,45.0,34.0,1022.41
2022-03-21,US,Baltimore,pm25,45,5.0,107.0,23.0,3518.4
2022-03-21,US,Phoenix,pm25,191,5.0,113.0,28.0,2998.14
2022-03-21,US,Omaha,pm25,47,17.0,65.0,42.0,1347.68
2022-03-21,US,El Paso,pm25,154,5.0,98.0,25.0,3443.71
2022-03-21,US,Dallas,pm25,21,5.0,30.0,19.0,558.57
2022-03-21,US,Seattle,pm25,227,1.0,72.0,17.0,1149.02
2022-03-21,US,Manhattan,pm25,66,3.0,35.0,17.0,519.75
2022-03-21,US,Miami,pm25,94,19.0,43.0,26.0,289.89
2022-03-21,US,Jacksonville,pm25,143,11.0,82.0,29.0,1623.19
2022-03-21,US,San Antonio,pm25,69,1.0,122.0,34.0,3970.49
2022-03-21,US,Philadelphia,pm25,87,4.0,148.0,18.0,6218.1
2022-03-21,US,San Diego,pm25,24,14.0,57.0,42.0,2180.58
2022-03-21,US,Columbus,pm25,48,10.0,54.0,29.0,894.18
2022-03-21,US,Saint Paul,pm25,141,5.0,57.0,30.0,1681.36
2022-03-21,US,Denver,pm25,142,9.0,42.0,21.0,546.59
2022-03-21,US,Salt Lake City,pm25,216,7.0,36.0,16.0,418.62
2022-03-21,US,Albuquerque,pm25,72,4.0,42.0,20.0,866.57
2022-03-21,US,San Francisco,pm25,69,17.0,59.0,38.0,1185.29
2022-03-21,US,Salem,pm25,72,6.0,20.0,10.0,114.77
2022-03-21,US,Madison,pm25,48,39.0,64.0,53.0,529.25
2022-03-21,US,Nashville,pm25,73,9.0,93.0,33.0,3016.09
2022-03-21,US,Tucson,pm25,154,5.0,112.0,25.0,2154.54
2022-03-21,US,Queens,pm25,92,1.0,41.0,15.0,902.82
2022-03-21,US,Tallahassee,pm25,72,7.0,153.0,35.0,7081.13
2022-03-21,US,Fort Worth,pm25,22,9.0,38.0,21.0,553.07
2022-03-21,RS,Novi Sad,pm25,48,60.0,162.0,108.0,10955.5
2022-03-21,RS,Niš,pm25,48,55.0,172.0,103.0,12962.4
2022-03-21,RS,Belgrade,pm25,120,59.0,170.0,144.0,11990.3
2022-03-21,CY,Nicosia,pm25,24,38.0,125.0,53.0,5143.41
2022-03-21,CY,Limassol,pm25,24,15.0,119.0,48.0,5419.98
2022-03-21,HR,Zagreb,pm25,24,59.0,133.0,77.0,5308.53
2022-03-21,HR,Rijeka,pm25,70,46.0,119.0,58.0,877.65
2022-03-21,MK,Skopje,pm25,167,17.0,155.0,69.0,11658.1
2022-03-22,GE,Tbilisi,pm25,96,51.0,101.0,70.0,1988.13
2022-03-22,HU,Győr,pm25,44,17.0,153.0,117.0,11643.7
2022-03-22,HU,Szeged,pm25,20,46.0,109.0,72.0,3079.89
2022-03-22,HU,Pécs,pm25,72,57.0,152.0,95.0,10367.3
2022-03-22,HU,Kecskemét,pm25,48,59.0,167.0,89.0,13778.4
2022-03-22,HU,Miskolc,pm25,120,46.0,162.0,109.0,11669.7
2022-03-22,HU,Budapest,pm25,215,30.0,142.0,82.0,4543.58
2022-03-22,JP,Fukuoka,pm25,379,5.0,82.0,25.0,1703.64
2022-03-22,JP,Kanazawa,pm25,215,5.0,61.0,21.0,1689.44
2022-03-22,JP,Kumamoto,pm25,333,5.0,68.0,25.0,2131.24
2022-03-22,JP,Akita,pm25,45,5.0,68.0,38.0,1871.04
2022-03-22,JP,Kochi,pm25,44,5.0,61.0,21.0,1574.01
2022-03-22,JP,Gifu-shi,pm25,112,5.0,61.0,17.0,1489.97
2022-03-22,JP,Kyoto,pm25,529,5.0,59.0,21.0,1185.8
2022-03-22,JP,Hiroshima,pm25,239,5.0,63.0,21.0,1393.18
2022-03-22,JP,Shizuoka,pm25,218,5.0,63.0,13.0,1059.31
2022-03-22,JP,Chiba,pm25,602,5.0,351.0,13.0,4490.33
2022-03-22,JP,Sapporo,pm25,213,9.0,61.0,38.0,1548.36
2022-03-22,JP,Yokohama,pm25,469,1.0,59.0,21.0,1389.04
2022-03-22,JP,Tokyo,pm25,2420,1.0,63.0,21.0,1282.02
2022-03-22,JP,Saitama,pm25,487,5.0,107.0,25.0,2357.74
2022-03-22,JP,Naha,pm25,126,5.0,50.0,25.0,1470.62
2022-03-22,JP,Nagasaki,pm25,156,5.0,59.0,21.0,1455.09
2022-03-22,JP,Toyama,pm25,172,5.0,63.0,25.0,1850.34
2022-03-22,JP,Niigata,pm25,212,5.0,63.0,30.0,1502.04
2022-03-22,JP,Nara-shi,pm25,175,5.0,50.0,17.0,835.73
2022-03-22,JP,Okayama,pm25,273,5.0,68.0,25.0,1557.1
2022-03-22,JP,Sendai,pm25,454,5.0,65.0,30.0,1046.4
2022-03-22,JP,Osaka,pm25,1094,5.0,68.0,21.0,1006.43
2022-03-22,JP,Miyazaki,pm25,69,5.0,74.0,30.0,2111.32
2022-03-22,JP,Matsuyama,pm25,141,5.0,87.0,30.0,3109.21
2022-03-22,JP,Wakayama,pm25,271,5.0,50.0,21.0,926.29
2022-03-22,JP,Takamatsu,pm25,201,5.0,42.0,13.0,637.44
2022-03-22,JP,Nagoya,pm25,705,5.0,104.0,17.0,1101.95
2022-03-22,JP,Ōita,pm25,217,5.0,61.0,25.0,1554.71
2022-03-22,JP,Kobe,pm25,377,5.0,59.0,21.0,955.08
2022-03-22,JP,Nagano,pm25,90,5.0,76.0,25.0,2607.92
2022-03-22,JP,Utsunomiya,pm25,430,5.0,57.0,25.0,1068.88
2022-03-22,JP,Kagoshima,pm25,91,5.0,53.0,17.0,1680.1
2022-03-22,SK,Košice,pm25,93,50.0,144.0,80.0,2321.84
2022-03-22,SK,Bratislava,pm25,96,55.0,139.0,78.0,3425.79
2022-03-22,FI,Vantaa,pm25,24,45.0,72.0,62.0,510.15
2022-03-22,FI,Turku,pm25,22,43.0,70.0,55.0,512.06
2022-03-22,FI,Helsinki,pm25,120,42.0,106.0,70.0,1403.58
2022-03-22,FI,Tampere,pm25,96,18.0,75.0,62.0,1829.83
2022-03-22,ET,Addis Ababa,pm25,28,42.0,167.0,89.0,10818.8
2022-03-22,CH,Zürich,pm25,17,2.0,5.0,3.0,9.93
2022-03-22,CO,Bogotá,pm25,321,27.0,132.0,70.0,3497.38
2022-03-22,CO,Medellín,pm25,284,59.0,109.0,82.0,799.07
2022-03-22,DK,Copenhagen,pm25,24,48.0,84.0,63.0,839.11
2022-03-22,EC,Quito,pm25,177,3.0,157.0,63.0,8539.23
2022-03-22,GB,Edinburgh,pm25,288,43.0,153.0,98.0,6232.63
2022-03-22,GB,Norwich,pm25,24,108.0,145.0,128.0,820.0
2022-03-22,GB,Liverpool,pm25,18,107.0,140.0,120.0,751.24
2022-03-22,GB,Belfast,pm25,110,82.0,136.0,99.0,1002.56
2022-03-22,GB,Coventry,pm25,68,74.0,136.0,89.0,1814.9
2022-03-22,GB,Leeds,pm25,46,99.0,154.0,122.0,2285.67
2022-03-22,GB,Cardiff,pm25,144,34.0,109.0,65.0,2718.51
2022-03-22,GB,Bristol,pm25,71,53.0,122.0,72.0,3651.61
2022-03-22,GB,London,pm25,455,16.0,155.0,99.0,13108.9
2022-03-22,GB,Birmingham,pm25,47,82.0,129.0,95.0,1207.35
2022-03-22,GB,Sheffield,pm25,90,86.0,157.0,112.0,3365.94
2022-03-22,GB,Newport,pm25,48,41.0,97.0,63.0,2487.66
2022-03-22,GB,Leicester,pm25,23,76.0,133.0,89.0,3158.97
2022-03-22,GB,Manchester,pm25,83,73.0,143.0,93.0,2100.35
2022-03-22,GB,Reading,pm25,48,38.0,152.0,85.0,13027.0
2022-03-22,GB,Plymouth,pm25,42,57.0,89.0,68.0,463.97
2022-03-22,GB,Glasgow,pm25,561,35.0,139.0,87.0,3115.36
2022-03-22,GB,Preston,pm25,47,60.0,150.0,96.0,2982.16
2022-03-22,GB,Swansea,pm25,106,55.0,93.0,72.0,916.81
2022-03-22,GB,Southend-on-Sea,pm25,48,102.0,156.0,133.0,3198.94
2022-03-22,ID,Jakarta,pm25,66,30.0,152.0,63.0,6109.89
2022-03-22,NP,Kathmandu,pm25,47,72.0,190.0,154.0,7428.83
2022-03-22,AU,Sydney,pm25,150,1.0,77.0,22.0,1710.68
2022-03-22,AU,Newcastle,pm25,139,1.0,63.0,21.0,1647.69
2022-03-22,AU,Launceston,pm25,116,5.0,25.0,9.0,119.36
2022-03-22,AU,Hobart,pm25,39,5.0,30.0,5.0,259.85
2022-03-22,AU,Darwin,pm25,60,2.0,54.0,24.0,1182.19
2022-03-22,AU,Melbourne,pm25,163,5.0,81.0,43.0,2352.01
2022-03-22,AU,Canberra,pm25,61,2.0,85.0,29.0,3678.84
2022-03-22,AU,Adelaide,pm25,94,5.0,91.0,30.0,1985.09
2022-03-22,AU,Brisbane,pm25,191,3.0,52.0,28.0,998.44
2022-03-22,AU,Perth,pm25,76,2.0,16.0,4.0,66.18
2022-03-22,AU,Wollongong,pm25,44,1.0,82.0,18.0,3912.28
2022-03-22,GH,Accra,pm25,24,38.0,76.0,61.0,1157.81
2022-03-22,IQ,Baghdad,pm25,24,72.0,391.0,107.0,48655.7
2022-03-22,IS,Reykjavík,pm25,94,1.0,43.0,14.0,477.11
2022-03-22,KG,Bishkek,pm25,24,13.0,93.0,50.0,4024.33
2022-03-22,NL,Utrecht,pm25,48,25.0,116.0,89.0,3660.39
2022-03-22,NL,Nijmegen,pm25,48,53.0,104.0,71.0,1245.6
2022-03-22,NL,Haarlem,pm25,143,56.0,162.0,100.0,6159.43
2022-03-22,NL,Eindhoven,pm25,24,42.0,175.0,81.0,5804.76
2022-03-22,NL,Rotterdam,pm25,192,51.0,121.0,91.0,2404.39
2022-03-22,NL,Amsterdam,pm25,252,35.0,173.0,92.0,3976.03
2022-03-22,NL,Dordrecht,pm25,24,52.0,114.0,84.0,3428.53
2022-03-22,NL,Breda,pm25,24,59.0,110.0,81.0,2974.13
2022-03-22,NL,Groningen,pm25,48,59.0,135.0,105.0,3619.08
2022-03-22,NL,Maastricht,pm25,94,34.0,107.0,63.0,1608.24
2022-03-22,NL,The Hague,pm25,72,43.0,126.0,98.0,3278.96
2022-03-22,PT,Lisbon,pm25,25,21.0,51.0,40.0,1382.27
2022-03-22,PT,Funchal,pm25,64,1.0,33.0,11.0,826.82
2022-03-22,CA,Hamilton,pm25,83,5.0,59.0,13.0,1796.67
2022-03-22,CA,Calgary,pm25,89,1.0,56.0,11.0,1352.58
2022-03-22,CA,Winnipeg,pm25,24,10.0,22.0,15.0,74.18
2022-03-22,CA,Halifax,pm25,44,7.0,19.0,14.0,116.97
2022-03-22,CA,Kitchener,pm25,41,5.0,46.0,13.0,936.8
2022-03-22,CA,Edmonton,pm25,138,8.0,70.0,25.0,1779.55
2022-03-22,CA,Mississauga,pm25,67,9.0,34.0,17.0,341.27
2022-03-22,CA,Québec,pm25,126,7.0,18.0,12.0,114.63
2022-03-22,CA,Vancouver,pm25,20,10.0,34.0,14.0,526.84
2022-03-22,CA,Victoria,pm25,44,5.0,42.0,17.0,996.64
2022-03-22,CA,Montréal,pm25,361,3.0,58.0,18.0,1209.48
2022-03-22,CA,Toronto,pm25,130,5.0,50.0,13.0,700.13
2022-03-22,CA,Ottawa,pm25,61,9.0,53.0,17.0,1080.77
2022-03-22,CA,London,pm25,24,9.0,25.0,17.0,208.41
2022-03-22,US,Oklahoma City,pm25,96,2.0,54.0,11.0,1271.42
2022-03-22,US,Raleigh,pm25,69,9.0,72.0,37.0,1416.15
2022-03-22,US,Memphis,pm25,70,7.0,76.0,32.0,2539.8
2022-03-22,US,Jackson,pm25,68,5.0,41.0,22.0,1120.97
2022-03-22,US,Boston,pm25,86,5.0,34.0,13.0,466.36
2022-03-22,US,Richmond,pm25,96,19.0,79.0,35.0,1991.49
2022-03-22,US,Portland,pm25,155,5.0,55.0,13.0,719.88
2022-03-22,US,Boise,pm25,78,5.0,50.0,21.0,1405.8
2022-03-22,US,Austin,pm25,20,5.0,46.0,17.0,1441.55
2022-03-22,US,Honolulu,pm25,64,5.0,50.0,17.0,954.74
2022-03-22,US,Fresno,pm25,48,21.0,57.0,38.0,969.5
2022-03-22,US,Milwaukee,pm25,143,13.0,54.0,33.0,909.97
2022-03-22,US,Hartford,pm25,48,8.0,21.0,11.0,85.0
2022-03-22,US,Washington D.C.,pm25,115,5.0,69.0,29.0,2230.7
2022-03-22,US,Chicago,pm25,216,18.0,62.0,37.0,1027.74
2022-03-22,US,Houston,pm25,44,5.0,65.0,29.0,3186.72
2022-03-22,US,Atlanta,pm25,24,30.0,70.0,40.0,903.03
2022-03-22,US,Charlotte,pm25,48,9.0,78.0,53.0,2447.16
2022-03-22,US,Sacramento,pm25,68,1.0,46.0,20.0,1135.36
2022-03-22,US,Oakland,pm25,114,5.0,72.0,34.0,2700.57
2022-03-22,US,Providence,pm25,30,5.0,21.0,13.0,293.52
2022-03-22,US,Staten Island,pm25,103,1.0,47.0,18.0,953.04
2022-03-22,US,Brooklyn,pm25,136,2.0,56.0,14.0,1166.45
2022-03-22,US,Springfield,pm25,72,13.0,64.0,36.0,1211.05
2022-03-22,US,The Bronx,pm25,42,4.0,23.0,9.0,230.71
2022-03-22,US,San Jose,pm25,88,5.0,65.0,25.0,2445.01
2022-03-22,US,Los Angeles,pm25,68,26.0,102.0,56.0,2560.48
2022-03-22,US,Detroit,pm25,152,8.0,67.0,24.0,1012.07
2022-03-22,US,Little Rock,pm25,22,5.0,54.0,15.0,1079.74
2022-03-22,US,Baltimore,pm25,45,5.0,78.0,32.0,2421.09
2022-03-22,US,Phoenix,pm25,177,1.0,106.0,18.0,4178.81
2022-03-22,US,Omaha,pm25,46,5.0,76.0,21.0,3700.39
2022-03-22,US,El Paso,pm25,118,3.0,55.0,13.0,1200.41
2022-03-22,US,Dallas,pm25,20,3.0,30.0,10.0,480.95
2022-03-22,US,Seattle,pm25,181,1.0,68.0,13.0,1756.39
2022-03-22,US,Manhattan,pm25,67,1.0,27.0,14.0,543.13
2022-03-22,US,Miami,pm25,92,27.0,51.0,33.0,208.09
2022-03-22,US,Jacksonville,pm25,139,13.0,53.0,32.0,499.77
2022-03-22,US,San Antonio,pm25,64,1.0,70.0,15.0,1760.86
2022-03-22,US,Philadelphia,pm25,92,3.0,88.0,25.0,2337.16
2022-03-22,US,San Diego,pm25,20,4.0,60.0,30.0,2329.05
2022-03-22,US,Columbus,pm25,48,18.0,58.0,33.0,1288.05
2022-03-22,US,Saint Paul,pm25,130,5.0,53.0,25.0,1650.8
2022-03-22,US,Denver,pm25,145,5.0,50.0,13.0,455.0
2022-03-22,US,Salt Lake City,pm25,216,7.0,82.0,14.0,1135.24
2022-03-22,US,Albuquerque,pm25,70,4.0,32.0,16.0,444.21
2022-03-22,US,San Francisco,pm25,68,5.0,72.0,30.0,3003.3
2022-03-22,US,Salem,pm25,72,7.0,51.0,14.0,1114.63
2022-03-22,US,Madison,pm25,48,21.0,52.0,35.0,475.89
2022-03-22,US,Nashville,pm25,71,5.0,77.0,43.0,3426.16
2022-03-22,US,Tucson,pm25,161,5.0,78.0,25.0,1870.98
2022-03-22,US,Queens,pm25,92,2.0,39.0,16.0,762.96
2022-03-22,US,Tallahassee,pm25,72,17.0,80.0,35.0,1831.45
2022-03-22,US,Fort Worth,pm25,13,5.0,38.0,5.0,1526.03
2022-03-22,RS,Novi Sad,pm25,48,59.0,163.0,94.0,9848.82
2022-03-22,RS,Niš,pm25,48,67.0,174.0,105.0,9632.34
2022-03-22,RS,Belgrade,pm25,120,51.0,168.0,127.0,15415.5
2022-03-22,CY,Nicosia,pm25,24,37.0,151.0,58.0,6537.37
2022-03-22,CY,Limassol,pm25,18,13.0,155.0,37.0,11731.2
2022-03-22,HR,Zagreb,pm25,18,74.0,160.0,112.0,11799.9
2022-03-22,HR,Rijeka,pm25,26,62.0,79.0,69.0,266.66
2022-03-22,MK,Skopje,pm25,168,19.0,160.0,72.0,8321.17
2022-03-23,GE,Tbilisi,pm25,96,56.0,97.0,63.0,1573.66
2022-03-23,HU,Győr,pm25,48,30.0,155.0,102.0,11644.2
2022-03-23,HU,Szeged,pm25,24,57.0,102.0,76.0,1600.87
2022-03-23,HU,Pécs,pm25,72,50.0,142.0,78.0,5458.15
2022-03-23,HU,Kecskemét,pm25,48,55.0,114.0,76.0,4822.34
2022-03-23,HU,Miskolc,pm25,120,38.0,167.0,107.0,13828.9
2022-03-23,HU,Budapest,pm25,212,30.0,119.0,72.0,2974.78
2022-03-23,JP,Fukuoka,pm25,379,5.0,76.0,30.0,1685.34
2022-03-23,JP,Kanazawa,pm25,204,5.0,50.0,21.0,1251.72
2022-03-23,JP,Kumamoto,pm25,361,5.0,102.0,38.0,1988.79
2022-03-23,JP,Akita,pm25,46,5.0,57.0,34.0,1666.88
2022-03-23,JP,Kochi,pm25,47,5.0,42.0,17.0,654.24
2022-03-23,JP,Gifu-shi,pm25,119,5.0,61.0,21.0,1759.73
2022-03-23,JP,Kyoto,pm25,577,5.0,59.0,34.0,1375.62
2022-03-23,JP,Hiroshima,pm25,273,5.0,68.0,30.0,1676.25
2022-03-23,JP,Shizuoka,pm25,239,5.0,80.0,30.0,1804.3
2022-03-23,JP,Chiba,pm25,783,5.0,137.0,38.0,2750.19
2022-03-23,JP,Sapporo,pm25,215,5.0,72.0,42.0,1412.16
2022-03-23,JP,Yokohama,pm25,542,1.0,70.0,46.0,2308.9
2022-03-23,JP,Tokyo,pm25,2584,1.0,139.0,50.0,1640.76
2022-03-23,JP,Saitama,pm25,494,5.0,127.0,50.0,2015.02
2022-03-23,JP,Naha,pm25,106,5.0,30.0,9.0,599.39
2022-03-23,JP,Nagasaki,pm25,162,5.0,55.0,21.0,809.47
2022-03-23,JP,Toyama,pm25,180,5.0,70.0,34.0,2213.5
2022-03-23,JP,Niigata,pm25,209,9.0,61.0,30.0,1136.67
2022-03-23,JP,Nara-shi,pm25,182,5.0,53.0,30.0,895.23
2022-03-23,JP,Okayama,pm25,278,5.0,70.0,34.0,1456.73
2022-03-23,JP,Sendai,pm25,428,9.0,65.0,38.0,1306.08
2022-03-23,JP,Osaka,pm25,1158,5.0,74.0,34.0,2011.11
2022-03-23,JP,Miyazaki,pm25,125,5.0,154.0,30.0,4279.34
2022-03-23,JP,Matsuyama,pm25,147,5.0,74.0,46.0,2918.0
2022-03-23,JP,Wakayama,pm25,282,5.0,104.0,34.0,1917.12
2022-03-23,JP,Takamatsu,pm25,235,5.0,65.0,25.0,2191.38
2022-03-23,JP,Nagoya,pm25,765,5.0,82.0,38.0,2774.13
2022-03-23,JP,Ōita,pm25,245,5.0,55.0,30.0,1240.21
2022-03-23,JP,Kobe,pm25,395,5.0,74.0,34.0,1588.49
2022-03-23,JP,Nagano,pm25,93,5.0,57.0,30.0,1762.06
2022-03-23,JP,Utsunomiya,pm25,452,9.0,70.0,42.0,1280.93
2022-03-23,JP,Kagoshima,pm25,96,9.0,53.0,30.0,845.39
2022-03-23,SK,Košice,pm25,93,59.0,183.0,80.0,7022.72
2022-03-23,SK,Bratislava,pm25,95,46.0,117.0,72.0,1972.33
2022-03-23,FI,Vantaa,pm25,24,40.0,72.0,57.0,591.3
2022-03-23,FI,Turku,pm25,24,13.0,55.0,38.0,1387.37
2022-03-23,FI,Helsinki,pm25,120,40.0,130.0,65.0,3178.59
2022-03-23,FI,Tampere,pm25,96,25.0,107.0,72.0,2654.1
2022-03-23,ET,Addis Ababa,pm25,24,34.0,147.0,93.0,9477.37
2022-03-23,CH,Zürich,pm25,24,2.0,6.0,4.0,13.03
2022-03-23,CO,Bogotá,pm25,335,5.0,152.0,76.0,6297.01
2022-03-23,CO,Medellín,pm25,317,55.0,127.0,87.0,1544.95
2022-03-23,DK,Copenhagen,pm25,24,54.0,83.0,66.0,545.2
2022-03-23,EC,Quito,pm25,191,1.0,148.0,56.0,7115.26
2022-03-23,GB,Edinburgh,pm25,286,50.0,156.0,118.0,5590.99
2022-03-23,GB,Norwich,pm25,24,127.0,156.0,134.0,967.81
2022-03-23,GB,Liverpool,pm25,33,42.0,151.0,124.0,12165.6
2022-03-23,GB,Belfast,pm25,97,63.0,151.0,109.0,2842.74
2022-03-23,GB,Coventry,pm25,67,70.0,132.0,87.0,2068.25
2022-03-23,GB,Leeds,pm25,41,129.0,166.0,154.0,535.3
2022-03-23,GB,Cardiff,pm25,144,42.0,93.0,65.0,1506.71
2022-03-23,GB,Bristol,pm25,71,57.0,142.0,72.0,2526.42
2022-03-23,GB,London,pm25,471,19.0,174.0,109.0,13063.3
2022-03-23,GB,Birmingham,pm25,46,72.0,173.0,89.0,5539.99
2022-03-23,GB,Sheffield,pm25,81,117.0,161.0,142.0,1552.53
2022-03-23,GB,Newport,pm25,47,53.0,83.0,65.0,488.87
2022-03-23,GB,Leicester,pm25,22,82.0,143.0,92.0,4979.5
2022-03-23,GB,Manchester,pm25,86,70.0,155.0,116.0,4661.0
2022-03-23,GB,Reading,pm25,48,46.0,144.0,95.0,7422.91
2022-03-23,GB,Plymouth,pm25,47,34.0,79.0,61.0,795.63
2022-03-23,GB,Glasgow,pm25,572,52.0,149.0,99.0,5751.38
2022-03-23,GB,Preston,pm25,47,77.0,174.0,145.0,7442.7
2022-03-23,GB,Swansea,pm25,96,46.0,107.0,65.0,997.61
2022-03-23,GB,Southend-on-Sea,pm25,47,103.0,174.0,152.0,1511.44
2022-03-23,ID,Jakarta,pm25,54,21.0,78.0,53.0,1344.51
2022-03-23,NP,Kathmandu,pm25,48,114.0,183.0,155.0,2654.25
2022-03-23,AU,Sydney,pm25,156,4.0,77.0,26.0,1901.19
2022-03-23,AU,Newcastle,pm25,137,3.0,71.0,26.0,1999.83
2022-03-23,AU,Launceston,pm25,63,5.0,46.0,5.0,379.67
2022-03-23,AU,Hobart,pm25,45,5.0,21.0,5.0,84.53
2022-03-23,AU,Darwin,pm25,50,1.0,47.0,16.0,941.64
2022-03-23,AU,Melbourne,pm25,164,1.0,57.0,22.0,1828.15
2022-03-23,AU,Canberra,pm25,58,4.0,65.0,42.0,2690.77
2022-03-23,AU,Adelaide,pm25,71,3.0,54.0,13.0,1070.9
2022-03-23,AU,Brisbane,pm25,187,5.0,83.0,33.0,1466.86
2022-03-23,AU,Perth,pm25,88,2.0,19.0,6.0,118.31
2022-03-23,AU,Wollongong,pm25,48,5.0,64.0,29.0,2241.13
2022-03-23,GH,Accra,pm25,24,46.0,114.0,57.0,2106.3
2022-03-23,IQ,Baghdad,pm25,24,57.0,234.0,102.0,17993.6
2022-03-23,IS,Reykjavík,pm25,94,2.0,59.0,10.0,1062.65
2022-03-23,KG,Bishkek,pm25,24,21.0,152.0,68.0,11896.7
2022-03-23,NL,Utrecht,pm25,46,53.0,113.0,90.0,2130.51
2022-03-23,NL,Nijmegen,pm25,48,57.0,122.0,90.0,2233.03
2022-03-23,NL,Haarlem,pm25,144,38.0,152.0,103.0,7585.12
2022-03-23,NL,Eindhoven,pm25,24,58.0,120.0,82.0,2958.48
2022-03-23,NL,Rotterdam,pm25,192,72.0,245.0,105.0,3067.68
2022-03-23,NL,Amsterdam,pm25,262,51.0,136.0,99.0,4287.89
2022-03-23,NL,Dordrecht,pm25,24,77.0,131.0,97.0,2139.06
2022-03-23,NL,Breda,pm25,24,63.0,117.0,97.0,2641.72
2022-03-23,NL,Groningen,pm25,48,46.0,152.0,106.0,7082.51
2022-03-23,NL,Maastricht,pm25,95,55.0,114.0,74.0,1359.34
2022-03-23,NL,The Hague,pm25,72,72.0,137.0,109.0,2798.28
2022-03-23,PT,Lisbon,pm25,39,8.0,46.0,18.0,901.75
2022-03-23,PT,Funchal,pm25,64,1.0,33.0,14.0,539.88
2022-03-23,CA,Hamilton,pm25,86,5.0,57.0,25.0,1353.11
2022-03-23,CA,Calgary,pm25,90,1.0,108.0,18.0,3891.69
2022-03-23,CA,Winnipeg,pm25,23,8.0,14.0,9.0,31.66
2022-03-23,CA,Halifax,pm25,46,7.0,20.0,14.0,118.86
2022-03-23,CA,Kitchener,pm25,33,5.0,25.0,13.0,304.54
2022-03-23,CA,Edmonton,pm25,137,1.0,67.0,28.0,1673.24
2022-03-23,CA,Mississauga,pm25,44,5.0,42.0,13.0,349.4
2022-03-23,CA,Québec,pm25,167,7.0,40.0,16.0,378.63
2022-03-23,CA,Vancouver,pm25,10,7.0,15.0,9.0,101.78
2022-03-23,CA,Victoria,pm25,42,5.0,42.0,21.0,885.76
2022-03-23,CA,Montréal,pm25,374,3.0,63.0,27.0,841.88
2022-03-23,CA,Toronto,pm25,118,5.0,34.0,13.0,313.86
2022-03-23,CA,Ottawa,pm25,66,13.0,47.0,22.0,735.79
2022-03-23,CA,London,pm25,23,9.0,17.0,13.0,91.7
2022-03-23,US,Oklahoma City,pm25,93,1.0,42.0,14.0,248.16
2022-03-23,US,Raleigh,pm25,68,5.0,63.0,28.0,1152.91
2022-03-23,US,Memphis,pm25,71,3.0,32.0,16.0,363.42
2022-03-23,US,Jackson,pm25,70,1.0,44.0,17.0,736.38
2022-03-23,US,Boston,pm25,106,5.0,38.0,13.0,524.33
2022-03-23,US,Richmond,pm25,96,14.0,53.0,39.0,1158.67
2022-03-23,US,Portland,pm25,168,5.0,65.0,16.0,1456.16
2022-03-23,US,Boise,pm25,78,5.0,42.0,13.0,954.04
2022-03-23,US,Austin,pm25,30,9.0,42.0,17.0,635.13
2022-03-23,US,Honolulu,pm25,68,5.0,38.0,17.0,864.36
2022-03-23,US,Fresno,pm25,48,4.0,61.0,41.0,2110.35
2022-03-23,US,Milwaukee,pm25,144,7.0,71.0,38.0,2361.53
2022-03-23,US,Hartford,pm25,48,10.0,24.0,14.0,114.03
2022-03-23,US,Washington D.C.,pm25,117,5.0,46.0,27.0,766.52
2022-03-23,US,Chicago,pm25,225,5.0,62.0,35.0,1515.03
2022-03-23,US,Houston,pm25,45,5.0,53.0,20.0,1489.98
2022-03-23,US,Indianapolis,pm25,115,3.0,53.0,22.0,1298.99
2022-03-23,US,Atlanta,pm25,24,19.0,38.0,29.0,348.1
2022-03-23,US,Charlotte,pm25,49,17.0,59.0,33.0,1793.72
2022-03-23,US,Sacramento,pm25,72,9.0,55.0,35.0,1332.72
2022-03-23,US,Oakland,pm25,119,5.0,46.0,25.0,1075.28
2022-03-23,US,Providence,pm25,33,5.0,42.0,21.0,1077.18
2022-03-23,US,Staten Island,pm25,115,1.0,50.0,16.0,920.16
2022-03-23,US,Brooklyn,pm25,142,2.0,33.0,15.0,354.57
2022-03-23,US,Springfield,pm25,66,2.0,60.0,21.0,3616.69
2022-03-23,US,The Bronx,pm25,48,3.0,23.0,13.0,327.66
2022-03-23,US,San Jose,pm25,93,5.0,89.0,30.0,1406.23
2022-03-23,US,Los Angeles,pm25,72,6.0,100.0,50.0,4446.94
2022-03-23,US,Detroit,pm25,167,1.0,63.0,25.0,1589.77
2022-03-23,US,Little Rock,pm25,24,9.0,39.0,16.0,554.33
2022-03-23,US,Baltimore,pm25,43,5.0,42.0,21.0,752.84
2022-03-23,US,Phoenix,pm25,161,1.0,99.0,13.0,1668.48
2022-03-23,US,Omaha,pm25,42,5.0,70.0,17.0,2230.02
2022-03-23,US,El Paso,pm25,127,5.0,59.0,14.0,1192.96
2022-03-23,US,Dallas,pm25,23,5.0,26.0,15.0,318.74
2022-03-23,US,Seattle,pm25,227,4.0,91.0,20.0,1644.43
2022-03-23,US,Manhattan,pm25,69,1.0,30.0,15.0,419.92
2022-03-23,US,Miami,pm25,94,23.0,42.0,33.0,191.04
2022-03-23,US,Jacksonville,pm25,144,20.0,65.0,38.0,581.01
2022-03-23,US,San Antonio,pm25,61,1.0,46.0,19.0,1672.7
2022-03-23,US,Philadelphia,pm25,92,2.0,92.0,19.0,2100.06
2022-03-23,US,San Diego,pm25,24,12.0,50.0,25.0,702.59
2022-03-23,US,Columbus,pm25,48,5.0,59.0,33.0,1643.81
2022-03-23,US,Saint Paul,pm25,86,5.0,25.0,9.0,377.08
2022-03-23,US,Denver,pm25,144,5.0,61.0,13.0,1057.32
2022-03-23,US,Salt Lake City,pm25,216,5.0,76.0,20.0,1549.2
2022-03-23,US,Albuquerque,pm25,71,7.0,34.0,20.0,377.2
2022-03-23,US,San Francisco,pm25,69,5.0,55.0,21.0,1271.27
2022-03-23,US,Salem,pm25,72,6.0,59.0,9.0,1434.35
2022-03-23,US,Madison,pm25,48,8.0,35.0,20.0,476.95
2022-03-23,US,Nashville,pm25,75,5.0,58.0,24.0,1126.57
2022-03-23,US,Tucson,pm25,139,5.0,80.0,13.0,1726.51
2022-03-23,US,Queens,pm25,94,1.0,43.0,16.0,846.45
2022-03-23,US,Tallahassee,pm25,71,7.0,50.0,34.0,860.95
2022-03-23,US,Fort Worth,pm25,18,5.0,34.0,9.0,925.65
2022-03-23,RS,Novi Sad,pm25,48,38.0,155.0,96.0,14213.6
2022-03-23,RS,Niš,pm25,48,22.0,161.0,70.0,24086.7
2022-03-23,RS,Belgrade,pm25,120,37.0,172.0,96.0,11783.8
2022-03-23,CY,Nicosia,pm25,24,37.0,150.0,60.0,17809.4
2022-03-23,CY,Limassol,pm25,22,7.0,111.0,31.0,7740.52
2022-03-23,HR,Rijeka,pm25,33,51.0,116.0,59.0,2230.47
2022-03-23,MK,Skopje,pm25,168,6.0,155.0,51.0,8992.09
2022-03-24,GE,Tbilisi,pm25,96,56.0,121.0,66.0,4341.05
2022-03-24,HU,Győr,pm25,48,25.0,134.0,70.0,5711.27
2022-03-24,HU,Szeged,pm25,24,50.0,99.0,68.0,2909.49
2022-03-24,HU,Pécs,pm25,72,42.0,149.0,68.0,11850.4
2022-03-24,HU,Kecskemét,pm25,48,55.0,154.0,78.0,11413.5
2022-03-24,HU,Miskolc,pm25,120,50.0,167.0,99.0,17273.5
2022-03-24,HU,Budapest,pm25,216,25.0,147.0,65.0,6527.17
2022-03-24,JP,Fukuoka,pm25,404,9.0,152.0,70.0,12881.4
2022-03-24,JP,Kanazawa,pm25,218,5.0,99.0,38.0,6075.25
2022-03-24,JP,Kumamoto,pm25,358,5.0,127.0,50.0,5855.38
2022-03-24,JP,Akita,pm25,43,9.0,65.0,42.0,1637.69
2022-03-24,JP,Kochi,pm25,45,5.0,99.0,38.0,4123.86
2022-03-24,JP,Gifu-shi,pm25,143,5.0,139.0,42.0,7265.13
2022-03-24,JP,Kyoto,pm25,587,5.0,112.0,53.0,4408.17
2022-03-24,JP,Hiroshima,pm25,294,5.0,97.0,42.0,4531.37
2022-03-24,JP,Shizuoka,pm25,241,5.0,95.0,30.0,2818.81
2022-03-24,JP,Chiba,pm25,779,5.0,114.0,46.0,2862.99
2022-03-24,JP,Sapporo,pm25,215,17.0,93.0,46.0,1514.05
2022-03-24,JP,Yokohama,pm25,538,1.0,93.0,57.0,2865.66
2022-03-24,JP,Tokyo,pm25,2586,1.0,132.0,57.0,1719.72
2022-03-24,JP,Saitama,pm25,501,5.0,89.0,55.0,2076.11
2022-03-24,JP,Naha,pm25,144,9.0,63.0,30.0,1782.32
2022-03-24,JP,Nagasaki,pm25,186,5.0,124.0,57.0,6086.71
2022-03-24,JP,Toyama,pm25,186,5.0,109.0,57.0,6410.44
2022-03-24,JP,Niigata,pm25,213,5.0,97.0,34.0,5026.31
2022-03-24,JP,Nara-shi,pm25,187,9.0,70.0,46.0,2625.26
2022-03-24,JP,Okayama,pm25,287,13.0,89.0,57.0,3053.93
2022-03-24,JP,Sendai,pm25,446,9.0,70.0,38.0,1247.41
2022-03-24,JP,Osaka,pm25,1176,5.0,91.0,55.0,2668.66
2022-03-24,JP,Miyazaki,pm25,126,5.0,149.0,46.0,5533.95
2022-03-24,JP,Matsuyama,pm25,156,5.0,82.0,50.0,5278.54
2022-03-24,JP,Wakayama,pm25,283,17.0,70.0,50.0,1363.0
2022-03-24,JP,Takamatsu,pm25,239,17.0,70.0,53.0,1116.75
2022-03-24,JP,Nagoya,pm25,776,5.0,114.0,42.0,5784.1
2022-03-24,JP,Ōita,pm25,245,5.0,95.0,50.0,5156.14
2022-03-24,JP,Kobe,pm25,400,9.0,122.0,59.0,1863.14
2022-03-24,JP,Nagano,pm25,93,13.0,57.0,34.0,1335.21
2022-03-24,JP,Utsunomiya,pm25,446,5.0,76.0,42.0,1368.21
2022-03-24,JP,Kagoshima,pm25,94,5.0,63.0,42.0,2580.8
2022-03-24,SK,Košice,pm25,90,34.0,157.0,65.0,6477.56
2022-03-24,SK,Bratislava,pm25,95,55.0,99.0,78.0,922.97
2022-03-24,FI,Vantaa,pm25,24,27.0,63.0,45.0,1014.49
2022-03-24,FI,Turku,pm25,24,26.0,52.0,33.0,479.06
2022-03-24,FI,Helsinki,pm25,118,15.0,97.0,48.0,1284.27
2022-03-24,FI,Tampere,pm25,96,23.0,59.0,39.0,793.4
2022-03-24,ET,Addis Ababa,pm25,34,38.0,167.0,82.0,10342.5
2022-03-24,CH,Zürich,pm25,24,2.0,5.0,3.0,11.3
2022-03-24,CO,Bogotá,pm25,334,17.0,165.0,65.0,5490.18
2022-03-24,CO,Medellín,pm25,298,57.0,127.0,99.0,2084.54
2022-03-24,DK,Copenhagen,pm25,24,56.0,88.0,68.0,782.83
2022-03-24,EC,Quito,pm25,188,2.0,129.0,49.0,7910.51
2022-03-24,GB,Edinburgh,pm25,288,34.0,151.0,71.0,2138.53
2022-03-24,GB,Norwich,pm25,18,139.0,172.0,152.0,719.38
2022-03-24,GB,Liverpool,pm25,41,78.0,124.0,99.0,1981.12
2022-03-24,GB,Belfast,pm25,112,65.0,104.0,80.0,977.24
2022-03-24,GB,Coventry,pm25,61,78.0,153.0,91.0,3870.79
2022-03-24,GB,Leeds,pm25,43,124.0,159.0,149.0,854.92
2022-03-24,GB,Cardiff,pm25,144,57.0,313.0,80.0,10845.0
2022-03-24,GB,Bristol,pm25,72,65.0,109.0,80.0,998.68
2022-03-24,GB,London,pm25,464,18.0,177.0,112.0,15173.3
2022-03-24,GB,Birmingham,pm25,37,124.0,166.0,137.0,1535.89
2022-03-24,GB,Sheffield,pm25,93,87.0,157.0,119.0,3195.94
2022-03-24,GB,Newport,pm25,48,69.0,85.0,76.0,174.46
2022-03-24,GB,Leicester,pm25,23,104.0,152.0,111.0,3059.29
2022-03-24,GB,Manchester,pm25,83,78.0,151.0,102.0,3030.92
2022-03-24,GB,Reading,pm25,48,55.0,99.0,82.0,2008.44
2022-03-24,GB,Plymouth,pm25,34,59.0,107.0,68.0,1049.38
2022-03-24,GB,Glasgow,pm25,570,55.0,146.0,79.0,1943.02
2022-03-24,GB,Preston,pm25,47,75.0,152.0,130.0,5199.02
2022-03-24,GB,Swansea,pm25,96,53.0,152.0,97.0,5717.61
2022-03-24,GB,Southend-on-Sea,pm25,42,100.0,174.0,159.0,1961.86
2022-03-24,ID,Jakarta,pm25,48,38.0,117.0,78.0,3890.53
2022-03-24,NP,Kathmandu,pm25,48,76.0,187.0,154.0,12279.3
2022-03-24,AU,Sydney,pm25,144,1.0,83.0,15.0,1015.57
2022-03-24,AU,Newcastle,pm25,137,1.0,41.0,15.0,616.16
2022-03-24,AU,Launceston,pm25,94,5.0,21.0,5.0,159.01
2022-03-24,AU,Hobart,pm25,23,5.0,13.0,5.0,38.58
2022-03-24,AU,Darwin,pm25,54,1.0,49.0,14.0,1313.45
2022-03-24,AU,Melbourne,pm25,167,2.0,69.0,23.0,1676.78
2022-03-24,AU,Canberra,pm25,63,1.0,75.0,19.0,3101.13
2022-03-24,AU,Adelaide,pm25,68,1.0,61.0,13.0,1057.15
2022-03-24,AU,Brisbane,pm25,186,1.0,66.0,31.0,1498.84
2022-03-24,AU,Perth,pm25,85,2.0,28.0,8.0,365.11
2022-03-24,AU,Wollongong,pm25,43,1.0,50.0,11.0,1395.69
2022-03-24,GH,Accra,pm25,24,34.0,151.0,61.0,5011.52
2022-03-24,IQ,Baghdad,pm25,23,38.0,544.0,85.0,178708.0
2022-03-24,IS,Reykjavík,pm25,81,1.0,49.0,11.0,882.44
2022-03-24,KG,Bishkek,pm25,24,46.0,198.0,91.0,24678.2
2022-03-24,NL,Utrecht,pm25,48,58.0,122.0,93.0,2977.87
2022-03-24,NL,Nijmegen,pm25,48,61.0,119.0,83.0,2019.85
2022-03-24,NL,Haarlem,pm25,144,56.0,164.0,116.0,6535.43
2022-03-24,NL,Eindhoven,pm25,24,61.0,145.0,102.0,5051.29
2022-03-24,NL,Rotterdam,pm25,192,45.0,160.0,116.0,7542.33
2022-03-24,NL,Amsterdam,pm25,263,54.0,163.0,101.0,4388.53
2022-03-24,NL,Dordrecht,pm25,24,51.0,117.0,96.0,4255.2
2022-03-24,NL,Breda,pm25,24,60.0,144.0,102.0,6623.31
2022-03-24,NL,Groningen,pm25,48,85.0,153.0,128.0,4557.43
2022-03-24,NL,Maastricht,pm25,96,70.0,139.0,93.0,1987.77
2022-03-24,NL,The Hague,pm25,72,68.0,159.0,129.0,6965.6
2022-03-24,PT,Lisbon,pm25,58,7.0,149.0,18.0,8014.54
2022-03-24,PT,Funchal,pm25,61,1.0,26.0,15.0,518.57
2022-03-24,CA,Hamilton,pm25,85,9.0,68.0,25.0,2417.4
2022-03-24,CA,Calgary,pm25,66,1.0,76.0,5.0,1044.66
2022-03-24,CA,Winnipeg,pm25,24,10.0,19.0,16.0,71.72
2022-03-24,CA,Halifax,pm25,46,12.0,31.0,16.0,165.05
2022-03-24,CA,Kitchener,pm25,44,9.0,63.0,17.0,2641.58
2022-03-24,CA,Edmonton,pm25,131,2.0,36.0,11.0,466.29
2022-03-24,CA,Mississauga,pm25,66,9.0,59.0,21.0,1638.73
2022-03-24,CA,Québec,pm25,149,5.0,40.0,16.0,470.85
2022-03-24,CA,Vancouver,pm25,17,7.0,25.0,11.0,387.21
2022-03-24,CA,Victoria,pm25,44,9.0,46.0,21.0,711.35
2022-03-24,CA,Montréal,pm25,292,3.0,61.0,15.0,626.28
2022-03-24,CA,Toronto,pm25,122,5.0,50.0,21.0,1365.73
2022-03-24,CA,Ottawa,pm25,70,13.0,40.0,21.0,603.92
2022-03-24,CA,London,pm25,38,9.0,34.0,21.0,429.02
2022-03-24,US,Oklahoma City,pm25,96,8.0,59.0,16.0,711.87
2022-03-24,US,Raleigh,pm25,71,5.0,61.0,30.0,1130.45
2022-03-24,US,Memphis,pm25,71,12.0,38.0,17.0,282.51
2022-03-24,US,Jackson,pm25,70,1.0,54.0,21.0,1013.17
2022-03-24,US,Boston,pm25,104,5.0,30.0,13.0,314.15
2022-03-24,US,Richmond,pm25,96,23.0,63.0,39.0,708.6
2022-03-24,US,Portland,pm25,158,8.0,60.0,17.0,1131.31
2022-03-24,US,Boise,pm25,86,5.0,42.0,13.0,984.1
2022-03-24,US,Austin,pm25,36,5.0,42.0,17.0,1141.99
2022-03-24,US,Honolulu,pm25,64,5.0,46.0,17.0,762.74
2022-03-24,US,Fresno,pm25,33,18.0,62.0,36.0,1120.7
2022-03-24,US,Milwaukee,pm25,143,5.0,42.0,18.0,818.93
2022-03-24,US,Hartford,pm25,48,6.0,30.0,13.0,315.28
2022-03-24,US,Washington D.C.,pm25,120,5.0,63.0,29.0,2271.12
2022-03-24,US,Chicago,pm25,214,1.0,42.0,16.0,608.82
2022-03-24,US,Houston,pm25,46,3.0,62.0,30.0,2682.11
2022-03-24,US,Indianapolis,pm25,97,6.0,40.0,15.0,496.62
2022-03-24,US,Atlanta,pm25,24,13.0,49.0,18.0,1223.03
2022-03-24,US,Charlotte,pm25,72,5.0,48.0,25.0,677.71
2022-03-24,US,Sacramento,pm25,71,9.0,72.0,31.0,1509.85
2022-03-24,US,Oakland,pm25,101,5.0,65.0,25.0,1941.01
2022-03-24,US,Providence,pm25,37,5.0,38.0,13.0,838.68
2022-03-24,US,Staten Island,pm25,116,2.0,46.0,20.0,1081.96
2022-03-24,US,Brooklyn,pm25,137,1.0,49.0,15.0,1074.99
2022-03-24,US,Springfield,pm25,65,1.0,41.0,10.0,388.89
2022-03-24,US,The Bronx,pm25,48,2.0,23.0,8.0,226.65
2022-03-24,US,San Jose,pm25,92,5.0,68.0,21.0,2117.95
2022-03-24,US,Los Angeles,pm25,72,30.0,132.0,55.0,2880.25
2022-03-24,US,Detroit,pm25,153,8.0,66.0,25.0,1434.18
2022-03-24,US,Little Rock,pm25,23,8.0,39.0,25.0,875.22
2022-03-24,US,Baltimore,pm25,42,5.0,62.0,25.0,2988.57
2022-03-24,US,Phoenix,pm25,184,4.0,88.0,28.0,3280.5
2022-03-24,US,Omaha,pm25,35,5.0,30.0,13.0,387.11
2022-03-24,US,El Paso,pm25,131,5.0,74.0,21.0,3158.47
2022-03-24,US,Dallas,pm25,24,2.0,65.0,13.0,2726.88
2022-03-24,US,Seattle,pm25,251,4.0,74.0,21.0,1257.26
2022-03-24,US,Manhattan,pm25,67,1.0,34.0,9.0,623.77
2022-03-24,US,Miami,pm25,94,27.0,53.0,36.0,356.82
2022-03-24,US,Jacksonville,pm25,144,15.0,42.0,28.0,462.0
2022-03-24,US,San Antonio,pm25,66,2.0,96.0,19.0,3387.73
2022-03-24,US,Philadelphia,pm25,82,1.0,58.0,23.0,2279.2
2022-03-24,US,San Diego,pm25,24,10.0,53.0,24.0,1927.81
2022-03-24,US,Columbus,pm25,45,1.0,33.0,14.0,471.28
2022-03-24,US,Saint Paul,pm25,108,5.0,50.0,13.0,767.75
2022-03-24,US,Denver,pm25,149,5.0,59.0,17.0,1112.31
2022-03-24,US,Salt Lake City,pm25,216,3.0,57.0,20.0,1330.37
2022-03-24,US,Albuquerque,pm25,70,6.0,80.0,14.0,2634.97
2022-03-24,US,San Francisco,pm25,54,5.0,78.0,21.0,2588.68
2022-03-24,US,Salem,pm25,72,7.0,54.0,25.0,1699.78
2022-03-24,US,Madison,pm25,48,8.0,25.0,13.0,243.9
2022-03-24,US,Nashville,pm25,73,5.0,42.0,16.0,512.51
2022-03-24,US,Tucson,pm25,125,5.0,68.0,17.0,1498.16
2022-03-24,US,Queens,pm25,88,1.0,28.0,10.0,431.54
2022-03-24,US,Tallahassee,pm25,71,10.0,53.0,29.0,1010.07
2022-03-24,US,Fort Worth,pm25,18,5.0,38.0,9.0,1048.53
2022-03-24,RS,Novi Sad,pm25,48,46.0,139.0,70.0,5948.29
2022-03-24,RS,Niš,pm25,48,45.0,214.0,86.0,16216.1
2022-03-24,RS,Belgrade,pm25,120,43.0,167.0,107.0,12333.5
2022-03-24,CY,Nicosia,pm25,24,36.0,151.0,64.0,7627.37
2022-03-24,CY,Limassol,pm25,24,23.0,83.0,38.0,2770.65
2022-03-24,HR,Zagreb,pm25,23,55.0,174.0,123.0,16002.5
2022-03-24,HR,Rijeka,pm25,73,35.0,119.0,56.0,3228.42
2022-03-24,MK,Skopje,pm25,168,5.0,159.0,65.0,12973.8
2022-03-25,GE,Tbilisi,pm25,96,52.0,104.0,64.0,2047.79
2022-03-25,HU,Győr,pm25,47,13.0,109.0,72.0,6358.2
2022-03-25,HU,Szeged,pm25,24,34.0,87.0,55.0,1919.4
2022-03-25,HU,Pécs,pm25,72,38.0,104.0,61.0,3878.01
2022-03-25,HU,Kecskemét,pm25,48,55.0,91.0,65.0,708.92
2022-03-25,HU,Miskolc,pm25,120,30.0,144.0,72.0,8739.25
2022-03-25,HU,Budapest,pm25,214,17.0,112.0,59.0,2348.69
2022-03-25,JP,Fukuoka,pm25,404,13.0,149.0,68.0,4982.39
2022-03-25,JP,Kanazawa,pm25,262,13.0,107.0,72.0,1925.93
2022-03-25,JP,Kumamoto,pm25,369,5.0,132.0,57.0,3140.13
2022-03-25,JP,Akita,pm25,45,9.0,72.0,38.0,2285.37
2022-03-25,JP,Kochi,pm25,47,21.0,68.0,50.0,867.6
2022-03-25,JP,Gifu-shi,pm25,190,5.0,112.0,65.0,3210.63
2022-03-25,JP,Kyoto,pm25,584,21.0,162.0,82.0,3419.96
2022-03-25,JP,Hiroshima,pm25,336,17.0,119.0,63.0,1824.53
2022-03-25,JP,Shizuoka,pm25,254,5.0,72.0,42.0,2050.64
2022-03-25,JP,Chiba,pm25,792,5.0,139.0,53.0,4029.62
2022-03-25,JP,Sapporo,pm25,216,9.0,91.0,42.0,3255.65
2022-03-25,JP,Yokohama,pm25,546,1.0,129.0,55.0,3184.23
2022-03-25,JP,Tokyo,pm25,2585,1.0,122.0,59.0,1753.53
2022-03-25,JP,Saitama,pm25,489,25.0,97.0,57.0,1309.18
2022-03-25,JP,Naha,pm25,144,17.0,57.0,46.0,1369.39
2022-03-25,JP,Nagasaki,pm25,192,5.0,127.0,59.0,3700.63
2022-03-25,JP,Toyama,pm25,192,34.0,149.0,80.0,2775.12
2022-03-25,JP,Niigata,pm25,214,42.0,99.0,68.0,1046.22
2022-03-25,JP,Nara-shi,pm25,189,50.0,95.0,68.0,897.06
2022-03-25,JP,Okayama,pm25,285,53.0,109.0,74.0,1052.29
2022-03-25,JP,Sendai,pm25,454,9.0,68.0,50.0,1079.43
2022-03-25,JP,Osaka,pm25,1221,13.0,151.0,74.0,2844.87
2022-03-25,JP,Miyazaki,pm25,141,5.0,85.0,53.0,1564.84
2022-03-25,JP,Matsuyama,pm25,166,21.0,114.0,59.0,3253.17
2022-03-25,JP,Wakayama,pm25,282,38.0,114.0,61.0,1575.3
2022-03-25,JP,Takamatsu,pm25,240,30.0,102.0,61.0,1989.67
2022-03-25,JP,Nagoya,pm25,791,21.0,132.0,72.0,4499.83
2022-03-25,JP,Ōita,pm25,259,9.0,95.0,55.0,2113.42
2022-03-25,JP,Kobe,pm25,406,5.0,119.0,76.0,2923.34
2022-03-25,JP,Nagano,pm25,94,21.0,102.0,59.0,2481.87
2022-03-25,JP,Utsunomiya,pm25,456,13.0,78.0,57.0,653.14
2022-03-25,JP,Kagoshima,pm25,95,30.0,68.0,53.0,588.83
2022-03-25,SK,Košice,pm25,96,30.0,158.0,68.0,3832.47
2022-03-25,SK,Bratislava,pm25,96,30.0,99.0,72.0,1327.15
2022-03-25,FI,Vantaa,pm25,23,15.0,66.0,38.0,1461.58
2022-03-25,FI,Turku,pm25,20,14.0,49.0,28.0,838.32
2022-03-25,FI,Helsinki,pm25,120,2.0,88.0,44.0,1424.45
2022-03-25,FI,Tampere,pm25,92,2.0,49.0,28.0,2091.78
2022-03-25,ET,Addis Ababa,pm25,46,65.0,165.0,91.0,6062.94
2022-03-25,CH,Zürich,pm25,24,1.0,5.0,3.0,11.72
2022-03-25,CO,Bogotá,pm25,336,34.0,139.0,74.0,3933.95
2022-03-25,CO,Medellín,pm25,339,61.0,129.0,91.0,2017.18
2022-03-25,DK,Copenhagen,pm25,24,23.0,101.0,55.0,5339.11
2022-03-25,EC,Quito,pm25,192,9.0,153.0,61.0,7788.85
2022-03-25,GB,Edinburgh,pm25,285,25.0,115.0,64.0,3171.42
2022-03-25,GB,Norwich,pm25,21,142.0,159.0,153.0,202.62
2022-03-25,GB,Liverpool,pm25,42,85.0,154.0,117.0,3546.93
2022-03-25,GB,Belfast,pm25,97,72.0,127.0,89.0,1325.16
2022-03-25,GB,Coventry,pm25,52,84.0,135.0,95.0,1132.61
2022-03-25,GB,Leeds,pm25,45,82.0,134.0,99.0,2067.86
2022-03-25,GB,Cardiff,pm25,144,61.0,186.0,95.0,8168.29
2022-03-25,GB,Bristol,pm25,71,74.0,139.0,91.0,2383.13
2022-03-25,GB,London,pm25,501,25.0,173.0,117.0,18512.0
2022-03-25,GB,Birmingham,pm25,36,102.0,152.0,118.0,1979.71
2022-03-25,GB,Sheffield,pm25,83,74.0,187.0,91.0,2760.2
2022-03-25,GB,Newport,pm25,46,80.0,107.0,88.0,410.32
2022-03-25,GB,Leicester,pm25,21,93.0,142.0,105.0,2171.48
2022-03-25,GB,Manchester,pm25,77,62.0,153.0,95.0,4262.17
2022-03-25,GB,Reading,pm25,48,50.0,152.0,95.0,7289.93
2022-03-25,GB,Plymouth,pm25,46,63.0,125.0,84.0,2939.73
2022-03-25,GB,Glasgow,pm25,572,26.0,141.0,73.0,4470.74
2022-03-25,GB,Preston,pm25,46,65.0,152.0,109.0,4178.96
2022-03-25,GB,Swansea,pm25,96,74.0,162.0,99.0,6451.36
2022-03-25,GB,Southend-on-Sea,pm25,48,86.0,174.0,155.0,5399.93
2022-03-25,ID,Jakarta,pm25,71,34.0,194.0,155.0,30008.3
2022-03-25,NP,Kathmandu,pm25,38,72.0,178.0,134.0,12322.0
2022-03-25,AU,Sydney,pm25,133,1.0,47.0,17.0,941.78
2022-03-25,AU,Newcastle,pm25,134,1.0,50.0,18.0,1104.15
2022-03-25,AU,Launceston,pm25,105,5.0,30.0,5.0,207.23
2022-03-25,AU,Hobart,pm25,33,5.0,21.0,5.0,180.3
2022-03-25,AU,Darwin,pm25,67,1.0,44.0,14.0,1034.27
2022-03-25,AU,Melbourne,pm25,156,1.0,51.0,14.0,982.93
2022-03-25,AU,Canberra,pm25,62,1.0,63.0,14.0,2324.97
2022-03-25,AU,Adelaide,pm25,73,2.0,38.0,9.0,453.09
2022-03-25,AU,Brisbane,pm25,177,1.0,55.0,24.0,1368.41
2022-03-25,AU,Perth,pm25,89,2.0,44.0,6.0,376.31
2022-03-25,AU,Wollongong,pm25,43,1.0,60.0,14.0,1380.9
2022-03-25,CI,Abidjan,pm25,7,68.0,99.0,82.0,1329.52
2022-03-25,GH,Accra,pm25,24,34.0,134.0,65.0,5608.68
2022-03-25,IQ,Baghdad,pm25,24,30.0,633.0,109.0,197265.0
2022-03-25,IS,Reykjavík,pm25,94,2.0,95.0,11.0,1975.84
2022-03-25,KG,Bishkek,pm25,24,13.0,160.0,57.0,8542.54
2022-03-25,NL,Utrecht,pm25,48,59.0,152.0,94.0,7651.88
2022-03-25,NL,Nijmegen,pm25,48,55.0,152.0,98.0,7140.31
2022-03-25,NL,Haarlem,pm25,144,61.0,154.0,108.0,8446.84
2022-03-25,NL,Eindhoven,pm25,24,78.0,140.0,102.0,2418.84
2022-03-25,NL,Rotterdam,pm25,192,67.0,160.0,108.0,6801.29
2022-03-25,NL,Amsterdam,pm25,263,59.0,161.0,103.0,8997.19
2022-03-25,NL,Dordrecht,pm25,24,63.0,153.0,100.0,7905.2
2022-03-25,NL,Breda,pm25,24,64.0,139.0,102.0,4804.35
2022-03-25,NL,Groningen,pm25,48,37.0,156.0,86.0,9485.63
2022-03-25,NL,Maastricht,pm25,93,70.0,153.0,109.0,5565.85
2022-03-25,NL,The Hague,pm25,72,80.0,159.0,124.0,5338.21
2022-03-25,PT,Lisbon,pm25,51,41.0,104.0,61.0,2220.24
2022-03-25,PT,Funchal,pm25,58,1.0,27.0,18.0,340.63
2022-03-25,CA,Hamilton,pm25,79,5.0,34.0,17.0,535.32
2022-03-25,CA,Calgary,pm25,89,3.0,52.0,13.0,758.41
2022-03-25,CA,Winnipeg,pm25,16,8.0,12.0,10.0,18.29
2022-03-25,CA,Halifax,pm25,46,3.0,32.0,15.0,604.76
2022-03-25,CA,Kitchener,pm25,40,5.0,46.0,17.0,655.48
2022-03-25,CA,Edmonton,pm25,136,7.0,40.0,20.0,696.12
2022-03-25,CA,Mississauga,pm25,64,5.0,46.0,17.0,800.91
2022-03-25,CA,Québec,pm25,174,5.0,55.0,16.0,894.38
2022-03-25,CA,Vancouver,pm25,23,10.0,49.0,18.0,1055.3
2022-03-25,CA,Victoria,pm25,46,13.0,61.0,34.0,1466.14
2022-03-25,CA,Montréal,pm25,451,9.0,82.0,47.0,2179.35
2022-03-25,CA,Toronto,pm25,128,5.0,53.0,21.0,1000.66
2022-03-25,CA,Ottawa,pm25,68,13.0,59.0,31.0,1778.0
2022-03-25,CA,London,pm25,37,9.0,25.0,17.0,168.41
2022-03-25,US,Oklahoma City,pm25,96,8.0,94.0,27.0,2855.34
2022-03-25,US,Raleigh,pm25,72,9.0,53.0,21.0,716.87
2022-03-25,US,Memphis,pm25,72,10.0,40.0,19.0,270.28
2022-03-25,US,Jackson,pm25,72,3.0,160.0,24.0,13743.2
2022-03-25,US,Boston,pm25,127,5.0,59.0,13.0,1229.07
2022-03-25,US,Richmond,pm25,96,15.0,64.0,22.0,2798.38
2022-03-25,US,Portland,pm25,165,5.0,101.0,22.0,2199.45
2022-03-25,US,Boise,pm25,91,5.0,57.0,21.0,1837.42
2022-03-25,US,Austin,pm25,42,5.0,127.0,30.0,9803.32
2022-03-25,US,Honolulu,pm25,62,5.0,42.0,17.0,961.7
2022-03-25,US,Fresno,pm25,24,5.0,56.0,34.0,1416.23
2022-03-25,US,Milwaukee,pm25,144,5.0,44.0,24.0,960.92
2022-03-25,US,Hartford,pm25,48,3.0,26.0,18.0,416.27
2022-03-25,US,Washington D.C.,pm25,116,5.0,64.0,19.0,2512.09
2022-03-25,US,Chicago,pm25,214,3.0,44.0,23.0,796.33
2022-03-25,US,Houston,pm25,48,8.0,83.0,43.0,3954.82
2022-03-25,US,Indianapolis,pm25,96,8.0,35.0,21.0,495.07
2022-03-25,US,Atlanta,pm25,24,15.0,58.0,29.0,2737.32
2022-03-25,US,Charlotte,pm25,72,5.0,50.0,23.0,583.07
2022-03-25,US,Sacramento,pm25,71,2.0,55.0,21.0,938.56
2022-03-25,US,Oakland,pm25,90,5.0,46.0,17.0,1168.31
2022-03-25,US,Providence,pm25,38,5.0,50.0,13.0,1006.41
2022-03-25,US,Staten Island,pm25,107,1.0,52.0,17.0,1084.84
2022-03-25,US,Brooklyn,pm25,138,2.0,52.0,23.0,1074.54
2022-03-25,US,Springfield,pm25,68,1.0,45.0,20.0,1286.06
2022-03-25,US,The Bronx,pm25,44,8.0,38.0,18.0,698.52
2022-03-25,US,San Jose,pm25,94,5.0,38.0,21.0,481.97
2022-03-25,US,Los Angeles,pm25,67,27.0,133.0,61.0,4739.78
2022-03-25,US,Detroit,pm25,128,10.0,84.0,23.0,1506.73
2022-03-25,US,Little Rock,pm25,24,7.0,44.0,28.0,1681.74
2022-03-25,US,Baltimore,pm25,46,5.0,54.0,33.0,2357.62
2022-03-25,US,Phoenix,pm25,190,1.0,85.0,36.0,3363.88
2022-03-25,US,Omaha,pm25,38,5.0,63.0,21.0,2462.25
2022-03-25,US,El Paso,pm25,156,5.0,111.0,24.0,4225.3
2022-03-25,US,Dallas,pm25,24,5.0,66.0,16.0,3529.4
2022-03-25,US,Seattle,pm25,260,5.0,70.0,32.0,2243.73
2022-03-25,US,Manhattan,pm25,68,1.0,42.0,16.0,849.59
2022-03-25,US,Miami,pm25,92,16.0,79.0,30.0,1724.89
2022-03-25,US,Jacksonville,pm25,143,4.0,55.0,29.0,947.27
2022-03-25,US,San Antonio,pm25,69,4.0,103.0,25.0,5400.65
2022-03-25,US,Philadelphia,pm25,44,1.0,65.0,26.0,2150.92
2022-03-25,US,San Diego,pm25,24,16.0,95.0,35.0,3364.33
2022-03-25,US,Columbus,pm25,46,3.0,33.0,19.0,492.72
2022-03-25,US,Saint Paul,pm25,98,5.0,30.0,13.0,479.81
2022-03-25,US,Denver,pm25,151,9.0,70.0,30.0,1669.81
2022-03-25,US,Salt Lake City,pm25,215,11.0,48.0,28.0,607.93
2022-03-25,US,Albuquerque,pm25,72,8.0,85.0,25.0,2102.39
2022-03-25,US,San Francisco,pm25,40,5.0,46.0,17.0,1006.76
2022-03-25,US,Salem,pm25,72,9.0,50.0,15.0,1319.81
2022-03-25,US,Madison,pm25,48,5.0,33.0,23.0,979.42
2022-03-25,US,Nashville,pm25,70,5.0,52.0,21.0,807.91
2022-03-25,US,Tucson,pm25,139,5.0,53.0,17.0,1388.96
2022-03-25,US,Queens,pm25,88,1.0,68.0,20.0,2416.74
2022-03-25,US,Tallahassee,pm25,64,8.0,56.0,28.0,1120.26
2022-03-25,US,Fort Worth,pm25,20,5.0,55.0,13.0,1880.63
2022-03-25,RS,Novi Sad,pm25,48,47.0,124.0,68.0,5491.05
2022-03-25,RS,Niš,pm25,48,40.0,162.0,100.0,17875.7
2022-03-25,RS,Belgrade,pm25,120,40.0,161.0,72.0,8500.95
2022-03-25,CY,Nicosia,pm25,24,38.0,74.0,54.0,915.92
2022-03-25,CY,Limassol,pm25,24,34.0,112.0,48.0,4768.68
2022-03-25,HR,Zagreb,pm25,24,84.0,166.0,133.0,7921.14
2022-03-25,HR,Rijeka,pm25,72,54.0,115.0,69.0,1874.05
2022-03-25,MK,Skopje,pm25,159,8.0,170.0,69.0,9838.33
2022-03-26,GE,Tbilisi,pm25,96,49.0,76.0,59.0,176.82
2022-03-26,HU,Győr,pm25,48,30.0,122.0,82.0,3790.21
2022-03-26,HU,Szeged,pm25,23,34.0,93.0,65.0,3032.41
2022-03-26,HU,Pécs,pm25,69,53.0,129.0,74.0,4140.0
2022-03-26,HU,Kecskemét,pm25,48,46.0,95.0,72.0,1873.17
2022-03-26,HU,Miskolc,pm25,120,34.0,151.0,76.0,7323.46
2022-03-26,HU,Budapest,pm25,216,13.0,89.0,65.0,1573.79
2022-03-26,JP,Fukuoka,pm25,343,5.0,70.0,34.0,2496.62
2022-03-26,JP,Kanazawa,pm25,209,5.0,89.0,30.0,3868.15
2022-03-26,JP,Kumamoto,pm25,318,5.0,151.0,30.0,2887.19
2022-03-26,JP,Akita,pm25,46,5.0,72.0,46.0,2853.14
2022-03-26,JP,Kochi,pm25,45,5.0,59.0,34.0,2891.64
2022-03-26,JP,Gifu-shi,pm25,169,5.0,97.0,42.0,4108.82
2022-03-26,JP,Kyoto,pm25,576,5.0,76.0,53.0,2872.12
2022-03-26,JP,Hiroshima,pm25,296,5.0,80.0,42.0,4272.18
2022-03-26,JP,Shizuoka,pm25,245,5.0,76.0,42.0,2387.73
2022-03-26,JP,Chiba,pm25,788,5.0,85.0,38.0,1727.4
2022-03-26,JP,Sapporo,pm25,203,5.0,63.0,42.0,2136.98
2022-03-26,JP,Yokohama,pm25,453,1.0,76.0,42.0,2327.48
2022-03-26,JP,Tokyo,pm25,2478,1.0,99.0,46.0,2315.2
2022-03-26,JP,Saitama,pm25,498,5.0,142.0,53.0,4948.05
2022-03-26,JP,Naha,pm25,137,5.0,57.0,38.0,1994.2
2022-03-26,JP,Nagasaki,pm25,173,5.0,78.0,25.0,1913.81
2022-03-26,JP,Toyama,pm25,164,5.0,137.0,25.0,4360.26
2022-03-26,JP,Niigata,pm25,215,5.0,87.0,50.0,2524.99
2022-03-26,JP,Nara-shi,pm25,190,5.0,78.0,57.0,3183.74
2022-03-26,JP,Okayama,pm25,288,9.0,89.0,46.0,2191.18
2022-03-26,JP,Sendai,pm25,477,17.0,89.0,53.0,1304.62
2022-03-26,JP,Osaka,pm25,1320,5.0,149.0,53.0,2918.66
2022-03-26,JP,Miyazaki,pm25,135,5.0,107.0,34.0,4060.82
2022-03-26,JP,Matsuyama,pm25,156,5.0,80.0,34.0,3412.45
2022-03-26,JP,Wakayama,pm25,258,5.0,70.0,42.0,3385.16
2022-03-26,JP,Takamatsu,pm25,236,5.0,70.0,34.0,2274.41
2022-03-26,JP,Nagoya,pm25,743,5.0,91.0,42.0,2756.14
2022-03-26,JP,Ōita,pm25,219,5.0,59.0,21.0,1800.01
2022-03-26,JP,Kobe,pm25,397,5.0,102.0,50.0,3552.73
2022-03-26,JP,Nagano,pm25,82,5.0,70.0,30.0,2587.96
2022-03-26,JP,Utsunomiya,pm25,445,9.0,87.0,55.0,2243.54
2022-03-26,JP,Kagoshima,pm25,94,9.0,68.0,34.0,1815.04
2022-03-26,SK,Košice,pm25,96,46.0,127.0,65.0,1496.12
2022-03-26,SK,Bratislava,pm25,96,38.0,162.0,72.0,3488.25
2022-03-26,FI,Vantaa,pm25,20,2.0,36.0,18.0,1069.97
2022-03-26,FI,Turku,pm25,24,4.0,34.0,13.0,686.36
2022-03-26,FI,Helsinki,pm25,115,5.0,38.0,14.0,562.08
2022-03-26,FI,Tampere,pm25,96,1.0,35.0,11.0,527.42
2022-03-26,ET,Addis Ababa,pm25,48,59.0,162.0,76.0,6926.02
2022-03-26,CH,Zürich,pm25,22,3.0,8.0,4.0,18.03
2022-03-26,CO,Bogotá,pm25,333,25.0,153.0,76.0,3603.31
2022-03-26,CO,Medellín,pm25,352,61.0,139.0,99.0,2654.36
2022-03-26,DK,Copenhagen,pm25,22,8.0,66.0,32.0,2553.79
2022-03-26,EC,Quito,pm25,190,1.0,149.0,52.0,6129.6
2022-03-26,GB,Edinburgh,pm25,288,18.0,114.0,56.0,2161.93
2022-03-26,GB,Norwich,pm25,24,107.0,157.0,124.0,2955.65
2022-03-26,GB,Liverpool,pm25,40,89.0,154.0,122.0,4663.53
2022-03-26,GB,Belfast,pm25,99,85.0,135.0,104.0,1468.05
2022-03-26,GB,Coventry,pm25,67,72.0,104.0,82.0,545.42
2022-03-26,GB,Leeds,pm25,42,80.0,122.0,85.0,708.41
2022-03-26,GB,Cardiff,pm25,144,25.0,171.0,78.0,7986.85
2022-03-26,GB,Bristol,pm25,72,50.0,104.0,82.0,1566.48
2022-03-26,GB,London,pm25,498,21.0,154.0,78.0,6981.44
2022-03-26,GB,Birmingham,pm25,41,78.0,108.0,92.0,616.61
2022-03-26,GB,Sheffield,pm25,90,65.0,152.0,82.0,2431.24
2022-03-26,GB,Newport,pm25,47,50.0,89.0,76.0,1877.28
2022-03-26,GB,Leicester,pm25,21,80.0,110.0,99.0,1091.48
2022-03-26,GB,Manchester,pm25,85,60.0,152.0,84.0,3313.49
2022-03-26,GB,Reading,pm25,48,53.0,112.0,78.0,2538.71
2022-03-26,GB,Plymouth,pm25,46,72.0,129.0,89.0,1799.58
2022-03-26,GB,Glasgow,pm25,571,18.0,153.0,63.0,3040.97
2022-03-26,GB,Preston,pm25,45,64.0,139.0,93.0,3604.82
2022-03-26,GB,Swansea,pm25,96,38.0,157.0,85.0,10275.8
2022-03-26,GB,Southend-on-Sea,pm25,47,63.0,153.0,124.0,4836.95
2022-03-26,ID,Jakarta,pm25,71,55.0,167.0,124.0,10259.4
2022-03-26,NP,Kathmandu,pm25,24,82.0,181.0,154.0,10729.8
2022-03-26,AU,Sydney,pm25,125,1.0,31.0,11.0,388.65
2022-03-26,AU,Newcastle,pm25,129,1.0,46.0,13.0,788.76
2022-03-26,AU,Launceston,pm25,92,5.0,53.0,9.0,752.85
2022-03-26,AU,Hobart,pm25,48,5.0,17.0,9.0,103.19
2022-03-26,AU,Darwin,pm25,68,1.0,42.0,14.0,709.42
2022-03-26,AU,Melbourne,pm25,157,1.0,76.0,28.0,3244.16
2022-03-26,AU,Canberra,pm25,61,1.0,71.0,18.0,2136.17
2022-03-26,AU,Adelaide,pm25,90,1.0,66.0,26.0,1779.55
2022-03-26,AU,Brisbane,pm25,152,2.0,38.0,13.0,627.5
2022-03-26,AU,Perth,pm25,86,2.0,15.0,6.0,106.98
2022-03-26,AU,Wollongong,pm25,38,1.0,71.0,15.0,2239.97
2022-03-26,CI,Abidjan,pm25,24,42.0,151.0,82.0,8335.36
2022-03-26,GH,Accra,pm25,24,61.0,163.0,134.0,11934.5
2022-03-26,IQ,Baghdad,pm25,24,57.0,160.0,85.0,13536.5
2022-03-26,IS,Reykjavík,pm25,96,2.0,44.0,15.0,1001.03
2022-03-26,KG,Bishkek,pm25,24,9.0,109.0,78.0,6958.1
2022-03-26,NL,Utrecht,pm25,48,21.0,127.0,85.0,6411.76
2022-03-26,NL,Nijmegen,pm25,46,25.0,116.0,64.0,5026.21
2022-03-26,NL,Haarlem,pm25,142,7.0,168.0,110.0,24754.7
2022-03-26,NL,Eindhoven,pm25,24,36.0,100.0,70.0,3277.39
2022-03-26,NL,Rotterdam,pm25,192,23.0,139.0,90.0,6863.77
2022-03-26,NL,Amsterdam,pm25,260,1.0,165.0,98.0,22284.8
2022-03-26,NL,Dordrecht,pm25,24,30.0,106.0,80.0,4409.55
2022-03-26,NL,Breda,pm25,24,51.0,99.0,72.0,1589.49
2022-03-26,NL,Groningen,pm25,48,9.0,166.0,70.0,41294.3
2022-03-26,NL,Maastricht,pm25,96,25.0,151.0,102.0,8415.77
2022-03-26,NL,The Hague,pm25,72,30.0,157.0,99.0,10902.5
2022-03-26,PT,Lisbon,pm25,18,39.0,81.0,45.0,2318.99
2022-03-26,PT,Funchal,pm25,69,1.0,27.0,14.0,673.95
2022-03-26,CA,Hamilton,pm25,85,5.0,38.0,17.0,680.62
2022-03-26,CA,Calgary,pm25,86,1.0,35.0,16.0,625.19
2022-03-26,CA,Winnipeg,pm25,24,8.0,15.0,11.0,34.71
2022-03-26,CA,Halifax,pm25,46,8.0,53.0,24.0,1732.1
2022-03-26,CA,Kitchener,pm25,45,5.0,38.0,13.0,1017.04
2022-03-26,CA,Edmonton,pm25,132,5.0,36.0,14.0,402.73
2022-03-26,CA,Mississauga,pm25,53,5.0,50.0,17.0,1207.92
2022-03-26,CA,Québec,pm25,187,7.0,61.0,29.0,1430.89
2022-03-26,CA,Vancouver,pm25,23,10.0,22.0,14.0,122.69
2022-03-26,CA,Victoria,pm25,45,13.0,53.0,25.0,846.8
2022-03-26,CA,Montréal,pm25,437,3.0,44.0,24.0,732.78
2022-03-26,CA,Toronto,pm25,130,5.0,65.0,17.0,2868.47
2022-03-26,CA,Ottawa,pm25,59,13.0,31.0,20.0,199.42
2022-03-26,CA,London,pm25,38,9.0,42.0,13.0,604.28
2022-03-26,US,Oklahoma City,pm25,96,13.0,73.0,39.0,2225.68
2022-03-26,US,Raleigh,pm25,64,5.0,34.0,14.0,430.16
2022-03-26,US,Memphis,pm25,70,8.0,48.0,15.0,754.09
2022-03-26,US,Jackson,pm25,72,2.0,101.0,30.0,4359.24
2022-03-26,US,Boston,pm25,122,5.0,53.0,17.0,1050.09
2022-03-26,US,Richmond,pm25,96,5.0,19.0,9.0,208.62
2022-03-26,US,Portland,pm25,167,5.0,89.0,19.0,2280.99
2022-03-26,US,Boise,pm25,96,5.0,78.0,38.0,2557.43
2022-03-26,US,Austin,pm25,42,9.0,65.0,34.0,2874.12
2022-03-26,US,Honolulu,pm25,70,5.0,50.0,21.0,912.43
2022-03-26,US,Fresno,pm25,24,13.0,64.0,36.0,2270.42
2022-03-26,US,Milwaukee,pm25,142,5.0,20.0,13.0,104.56
2022-03-26,US,Hartford,pm25,48,13.0,33.0,18.0,157.34
2022-03-26,US,Washington D.C.,pm25,96,5.0,38.0,9.0,538.04
2022-03-26,US,Chicago,pm25,214,4.0,36.0,14.0,370.29
2022-03-26,US,Houston,pm25,48,30.0,71.0,49.0,913.17
2022-03-26,US,Indianapolis,pm25,93,6.0,28.0,14.0,248.58
2022-03-26,US,Atlanta,pm25,24,10.0,30.0,14.0,446.01
2022-03-26,US,Charlotte,pm25,65,5.0,55.0,17.0,642.47
2022-03-26,US,Sacramento,pm25,68,3.0,42.0,21.0,823.43
2022-03-26,US,Oakland,pm25,90,5.0,102.0,21.0,1634.08
2022-03-26,US,Providence,pm25,42,5.0,30.0,17.0,499.42
2022-03-26,US,Staten Island,pm25,114,2.0,50.0,19.0,549.15
2022-03-26,US,Brooklyn,pm25,143,4.0,34.0,20.0,441.87
2022-03-26,US,Springfield,pm25,70,1.0,52.0,12.0,494.17
2022-03-26,US,The Bronx,pm25,48,4.0,26.0,16.0,240.69
2022-03-26,US,San Jose,pm25,85,5.0,65.0,21.0,1921.2
2022-03-26,US,Los Angeles,pm25,72,26.0,151.0,65.0,6241.62
2022-03-26,US,Detroit,pm25,120,4.0,27.0,16.0,215.04
2022-03-26,US,Little Rock,pm25,24,1.0,55.0,24.0,1772.16
2022-03-26,US,Baltimore,pm25,33,5.0,28.0,13.0,417.46
2022-03-26,US,Phoenix,pm25,190,3.0,119.0,38.0,3974.66
2022-03-26,US,Omaha,pm25,26,5.0,25.0,9.0,297.35
2022-03-26,US,El Paso,pm25,158,3.0,127.0,30.0,5114.31
2022-03-26,US,Dallas,pm25,24,8.0,69.0,27.0,2604.28
2022-03-26,US,Seattle,pm25,255,5.0,70.0,40.0,2723.39
2022-03-26,US,Manhattan,pm25,68,1.0,33.0,15.0,496.85
2022-03-26,US,Miami,pm25,94,16.0,91.0,29.0,1985.29
2022-03-26,US,Jacksonville,pm25,144,7.0,63.0,34.0,1457.11
2022-03-26,US,San Antonio,pm25,72,13.0,75.0,34.0,2997.68
2022-03-26,US,Philadelphia,pm25,75,1.0,83.0,20.0,3475.5
2022-03-26,US,San Diego,pm25,24,26.0,76.0,51.0,1354.62
2022-03-26,US,Columbus,pm25,48,2.0,27.0,13.0,351.21
2022-03-26,US,Saint Paul,pm25,104,5.0,30.0,13.0,331.1
2022-03-26,US,Denver,pm25,150,9.0,63.0,25.0,1827.06
2022-03-26,US,Salt Lake City,pm25,215,9.0,55.0,23.0,642.68
2022-03-26,US,Albuquerque,pm25,72,13.0,72.0,29.0,1850.98
2022-03-26,US,San Francisco,pm25,44,5.0,50.0,21.0,1032.15
2022-03-26,US,Salem,pm25,72,8.0,48.0,15.0,1154.65
2022-03-26,US,Madison,pm25,48,9.0,22.0,13.0,76.44
2022-03-26,US,Nashville,pm25,67,5.0,58.0,15.0,989.79
2022-03-26,US,Tucson,pm25,148,5.0,61.0,21.0,1675.8
2022-03-26,US,Queens,pm25,96,1.0,31.0,15.0,335.54
2022-03-26,US,Tallahassee,pm25,48,8.0,57.0,33.0,1795.46
2022-03-26,US,Fort Worth,pm25,24,13.0,78.0,38.0,2903.75
2022-03-26,RS,Novi Sad,pm25,48,29.0,153.0,60.0,12896.7
2022-03-26,RS,Niš,pm25,48,21.0,160.0,86.0,14493.6
2022-03-26,RS,Belgrade,pm25,120,34.0,166.0,115.0,15110.1
2022-03-26,CY,Nicosia,pm25,24,43.0,88.0,69.0,718.84
2022-03-26,CY,Limassol,pm25,24,46.0,100.0,55.0,1890.42
2022-03-26,HR,Zagreb,pm25,24,69.0,162.0,150.0,12859.5
2022-03-26,HR,Rijeka,pm25,73,48.0,115.0,74.0,2736.05
2022-03-26,MK,Skopje,pm25,168,6.0,163.0,63.0,15271.4
2022-03-27,GE,Tbilisi,pm25,92,55.0,67.0,61.0,71.33
2022-03-27,HU,Győr,pm25,45,5.0,99.0,59.0,7581.92
2022-03-27,HU,Szeged,pm25,22,17.0,80.0,63.0,3558.81
2022-03-27,HU,Pécs,pm25,63,38.0,132.0,70.0,7527.0
2022-03-27,HU,Kecskemét,pm25,40,59.0,89.0,65.0,1128.21
2022-03-27,HU,Miskolc,pm25,113,9.0,93.0,55.0,4547.85
2022-03-27,HU,Budapest,pm25,192,13.0,78.0,61.0,1455.49
2022-03-27,JP,Fukuoka,pm25,345,5.0,117.0,30.0,1955.19
2022-03-27,JP,Kanazawa,pm25,181,5.0,53.0,17.0,1166.54
2022-03-27,JP,Kumamoto,pm25,302,5.0,78.0,30.0,1991.99
2022-03-27,JP,Akita,pm25,39,5.0,53.0,30.0,1855.52
2022-03-27,JP,Kochi,pm25,36,5.0,42.0,21.0,1041.02
2022-03-27,JP,Gifu-shi,pm25,115,5.0,68.0,17.0,2412.51
2022-03-27,JP,Kyoto,pm25,443,5.0,59.0,21.0,1359.89
2022-03-27,JP,Hiroshima,pm25,261,5.0,76.0,21.0,1853.97
2022-03-27,JP,Shizuoka,pm25,217,5.0,59.0,21.0,1920.92
2022-03-27,JP,Chiba,pm25,619,5.0,87.0,21.0,2675.29
2022-03-27,JP,Sapporo,pm25,179,5.0,65.0,30.0,1999.77
2022-03-27,JP,Yokohama,pm25,446,1.0,80.0,21.0,2463.25
2022-03-27,JP,Tokyo,pm25,2263,1.0,78.0,21.0,2501.39
2022-03-27,JP,Saitama,pm25,435,1.0,65.0,21.0,3119.69
2022-03-27,JP,Naha,pm25,113,5.0,55.0,30.0,3003.89
2022-03-27,JP,Nagasaki,pm25,154,5.0,55.0,25.0,1041.49
2022-03-27,JP,Toyama,pm25,147,5.0,53.0,17.0,1016.92
2022-03-27,JP,Niigata,pm25,172,5.0,70.0,17.0,940.79
2022-03-27,JP,Nara-shi,pm25,143,5.0,55.0,17.0,1116.19
2022-03-27,JP,Okayama,pm25,236,5.0,82.0,25.0,2216.58
2022-03-27,JP,Sendai,pm25,384,5.0,68.0,17.0,2037.41
2022-03-27,JP,Osaka,pm25,918,5.0,61.0,17.0,1308.04
2022-03-27,JP,Miyazaki,pm25,111,5.0,76.0,42.0,1996.7
2022-03-27,JP,Matsuyama,pm25,131,5.0,68.0,30.0,2380.78
2022-03-27,JP,Wakayama,pm25,212,5.0,53.0,17.0,1216.26
2022-03-27,JP,Takamatsu,pm25,191,5.0,50.0,17.0,967.81
2022-03-27,JP,Nagoya,pm25,570,1.0,70.0,13.0,1186.12
2022-03-27,JP,Ōita,pm25,196,5.0,57.0,25.0,1589.37
2022-03-27,JP,Kobe,pm25,336,5.0,80.0,21.0,1710.35
2022-03-27,JP,Nagano,pm25,48,5.0,34.0,13.0,446.45
2022-03-27,JP,Utsunomiya,pm25,339,5.0,53.0,13.0,726.59
2022-03-27,JP,Kagoshima,pm25,79,17.0,50.0,34.0,509.28
2022-03-27,SK,Košice,pm25,85,5.0,99.0,42.0,4331.79
2022-03-27,SK,Bratislava,pm25,92,17.0,70.0,38.0,2379.55
2022-03-27,FI,Vantaa,pm25,15,1.0,19.0,11.0,375.52
2022-03-27,FI,Turku,pm25,10,4.0,11.0,7.0,64.0
2022-03-27,FI,Helsinki,pm25,100,1.0,59.0,12.0,1384.91
2022-03-27,FI,Tampere,pm25,80,2.0,33.0,10.0,496.15
2022-03-27,ET,Addis Ababa,pm25,46,55.0,149.0,74.0,3253.76
2022-03-27,CH,Zürich,pm25,23,2.0,6.0,3.0,9.88
2022-03-27,CO,Bogotá,pm25,299,5.0,105.0,53.0,4338.76
2022-03-27,CO,Medellín,pm25,364,46.0,117.0,72.0,1454.09
2022-03-27,DK,Copenhagen,pm25,23,4.0,80.0,26.0,2803.16
2022-03-27,EC,Quito,pm25,183,5.0,144.0,62.0,5510.84
2022-03-27,GB,Edinburgh,pm25,274,36.0,97.0,65.0,1046.29
2022-03-27,GB,Norwich,pm25,23,21.0,95.0,47.0,4828.62
2022-03-27,GB,Liverpool,pm25,45,34.0,112.0,72.0,2601.46
2022-03-27,GB,Belfast,pm25,102,32.0,130.0,99.0,3646.37
2022-03-27,GB,Coventry,pm25,65,37.0,82.0,63.0,980.62
2022-03-27,GB,Leeds,pm25,45,57.0,89.0,72.0,578.86
2022-03-27,GB,Cardiff,pm25,138,13.0,85.0,53.0,2314.43
2022-03-27,GB,Bristol,pm25,66,38.0,82.0,63.0,897.45
2022-03-27,GB,London,pm25,483,7.0,80.0,48.0,3100.64
2022-03-27,GB,Birmingham,pm25,46,45.0,81.0,68.0,698.05
2022-03-27,GB,Sheffield,pm25,69,40.0,104.0,74.0,1324.21
2022-03-27,GB,Newport,pm25,46,21.0,72.0,55.0,2009.33
2022-03-27,GB,Leicester,pm25,23,16.0,86.0,68.0,2111.46
2022-03-27,GB,Manchester,pm25,86,21.0,94.0,51.0,3741.86
2022-03-27,GB,Reading,pm25,46,34.0,80.0,50.0,1905.66
2022-03-27,GB,Plymouth,pm25,44,53.0,93.0,76.0,828.47
2022-03-27,GB,Glasgow,pm25,549,46.0,144.0,70.0,1924.74
2022-03-27,GB,Preston,pm25,44,23.0,87.0,61.0,3709.05
2022-03-27,GB,Swansea,pm25,92,21.0,89.0,70.0,1931.1
2022-03-27,GB,Southend-on-Sea,pm25,46,9.0,93.0,38.0,5289.32
2022-03-27,ID,Jakarta,pm25,68,30.0,190.0,123.0,16439.8
2022-03-27,NP,Kathmandu,pm25,23,134.0,185.0,161.0,1909.88
2022-03-27,AU,Sydney,pm25,115,1.0,48.0,11.0,489.11
2022-03-27,AU,Newcastle,pm25,116,1.0,55.0,12.0,768.72
2022-03-27,AU,Launceston,pm25,42,5.0,17.0,5.0,93.29
2022-03-27,AU,Hobart,pm25,43,5.0,30.0,9.0,269.02
2022-03-27,AU,Darwin,pm25,50,1.0,41.0,10.0,619.25
2022-03-27,AU,Melbourne,pm25,159,3.0,67.0,32.0,2224.67
2022-03-27,AU,Canberra,pm25,50,1.0,56.0,16.0,2457.83
2022-03-27,AU,Adelaide,pm25,91,3.0,60.0,25.0,1368.82
2022-03-27,AU,Brisbane,pm25,124,1.0,35.0,11.0,562.08
2022-03-27,AU,Perth,pm25,65,2.0,10.0,4.0,52.85
2022-03-27,AU,Wollongong,pm25,29,2.0,94.0,7.0,3010.2
2022-03-27,CI,Abidjan,pm25,23,68.0,142.0,91.0,2114.31
2022-03-27,GH,Accra,pm25,23,85.0,153.0,109.0,4029.76
2022-03-27,IQ,Baghdad,pm25,23,50.0,172.0,91.0,11422.4
2022-03-27,IS,Reykjavík,pm25,92,4.0,27.0,11.0,289.42
2022-03-27,KG,Bishkek,pm25,22,5.0,124.0,21.0,12252.3
2022-03-27,NL,Utrecht,pm25,46,9.0,61.0,39.0,1320.77
2022-03-27,NL,Nijmegen,pm25,45,18.0,73.0,51.0,1455.07
2022-03-27,NL,Haarlem,pm25,134,2.0,84.0,28.0,2885.71
2022-03-27,NL,Eindhoven,pm25,23,30.0,77.0,54.0,1412.57
2022-03-27,NL,Rotterdam,pm25,184,9.0,65.0,29.0,947.43
2022-03-27,NL,Amsterdam,pm25,250,1.0,80.0,30.0,1771.93
2022-03-27,NL,Dordrecht,pm25,23,26.0,59.0,39.0,1058.85
2022-03-27,NL,Breda,pm25,23,19.0,113.0,52.0,3634.51
2022-03-27,NL,Groningen,pm25,45,6.0,67.0,29.0,2363.77
2022-03-27,NL,Maastricht,pm25,92,25.0,156.0,76.0,9356.01
2022-03-27,NL,The Hague,pm25,69,11.0,60.0,32.0,1742.28
2022-03-27,PT,Lisbon,pm25,42,38.0,76.0,57.0,984.84
2022-03-27,PT,Funchal,pm25,55,1.0,28.0,11.0,422.61
2022-03-27,CA,Hamilton,pm25,68,5.0,25.0,9.0,272.38
2022-03-27,CA,Calgary,pm25,92,4.0,70.0,23.0,2565.7
2022-03-27,CA,Winnipeg,pm25,23,13.0,27.0,23.0,184.54
2022-03-27,CA,Halifax,pm25,44,5.0,55.0,24.0,1700.18
2022-03-27,CA,Kitchener,pm25,39,5.0,25.0,13.0,193.68
2022-03-27,CA,Edmonton,pm25,138,2.0,49.0,19.0,1007.55
2022-03-27,CA,Mississauga,pm25,38,5.0,25.0,9.0,351.86
2022-03-27,CA,Québec,pm25,167,7.0,61.0,22.0,1126.0
2022-03-27,CA,Vancouver,pm25,20,5.0,12.0,7.0,26.82
2022-03-27,CA,Victoria,pm25,40,5.0,42.0,21.0,909.69
2022-03-27,CA,Montréal,pm25,399,3.0,41.0,24.0,657.26
2022-03-27,CA,Toronto,pm25,95,5.0,134.0,9.0,2479.93
2022-03-27,CA,Ottawa,pm25,61,5.0,29.0,18.0,442.66
2022-03-27,CA,London,pm25,28,5.0,13.0,9.0,66.67
2022-03-27,US,Oklahoma City,pm25,92,27.0,123.0,52.0,2862.54
2022-03-27,US,Raleigh,pm25,54,5.0,34.0,14.0,339.6
2022-03-27,US,Memphis,pm25,69,13.0,44.0,17.0,304.02
2022-03-27,US,Jackson,pm25,69,15.0,76.0,42.0,2096.65
2022-03-27,US,Boston,pm25,92,5.0,38.0,13.0,657.36
2022-03-27,US,Richmond,pm25,92,7.0,15.0,12.0,47.16
2022-03-27,US,Portland,pm25,161,19.0,66.0,34.0,1325.31
2022-03-27,US,Boise,pm25,89,5.0,63.0,30.0,2268.58
2022-03-27,US,Austin,pm25,34,5.0,55.0,25.0,1715.27
2022-03-27,US,Honolulu,pm25,65,5.0,53.0,17.0,1237.22
2022-03-27,US,Fresno,pm25,23,2.0,32.0,12.0,845.34
2022-03-27,US,Milwaukee,pm25,112,9.0,26.0,14.0,84.12
2022-03-27,US,Hartford,pm25,46,2.0,25.0,8.0,259.75
2022-03-27,US,Washington D.C.,pm25,96,5.0,34.0,11.0,557.61
2022-03-27,US,Chicago,pm25,216,3.0,46.0,15.0,393.27
2022-03-27,US,Houston,pm25,46,13.0,53.0,31.0,1012.1
2022-03-27,US,Indianapolis,pm25,91,9.0,35.0,17.0,269.82
2022-03-27,US,Atlanta,pm25,23,10.0,28.0,14.0,134.82
2022-03-27,US,Charlotte,pm25,65,5.0,38.0,15.0,544.86
2022-03-27,US,Sacramento,pm25,63,1.0,34.0,17.0,902.78
2022-03-27,US,Oakland,pm25,77,5.0,30.0,13.0,391.17
2022-03-27,US,Providence,pm25,23,5.0,25.0,13.0,508.46
2022-03-27,US,Staten Island,pm25,100,1.0,34.0,12.0,412.09
2022-03-27,US,Brooklyn,pm25,133,1.0,48.0,13.0,735.93
2022-03-27,US,Springfield,pm25,66,5.0,38.0,15.0,351.49
2022-03-27,US,The Bronx,pm25,46,3.0,20.0,11.0,212.71
2022-03-27,US,San Jose,pm25,87,5.0,50.0,17.0,662.1
2022-03-27,US,Los Angeles,pm25,69,26.0,70.0,46.0,938.57
2022-03-27,US,Detroit,pm25,115,6.0,29.0,15.0,177.33
2022-03-27,US,Little Rock,pm25,23,8.0,60.0,26.0,2025.42
2022-03-27,US,Baltimore,pm25,37,5.0,17.0,13.0,109.08
2022-03-27,US,Phoenix,pm25,180,1.0,116.0,27.0,4319.81
2022-03-27,US,Omaha,pm25,37,5.0,30.0,9.0,503.59
2022-03-27,US,El Paso,pm25,135,5.0,86.0,34.0,5605.21
2022-03-27,US,Dallas,pm25,23,10.0,57.0,39.0,1717.71
2022-03-27,US,Seattle,pm25,249,9.0,91.0,30.0,1378.09
2022-03-27,US,Manhattan,pm25,63,1.0,23.0,12.0,320.17
2022-03-27,US,Miami,pm25,91,22.0,65.0,29.0,948.37
2022-03-27,US,Jacksonville,pm25,138,8.0,92.0,30.0,1809.96
2022-03-27,US,San Antonio,pm25,67,4.0,68.0,24.0,3265.97
2022-03-27,US,Philadelphia,pm25,82,1.0,85.0,13.0,3172.46
2022-03-27,US,San Diego,pm25,23,25.0,72.0,53.0,1941.5
2022-03-27,US,Columbus,pm25,46,2.0,35.0,14.0,441.36
2022-03-27,US,Saint Paul,pm25,115,5.0,30.0,13.0,357.43
2022-03-27,US,Denver,pm25,151,21.0,91.0,46.0,2621.12
2022-03-27,US,Salt Lake City,pm25,207,7.0,51.0,17.0,728.77
2022-03-27,US,Albuquerque,pm25,69,15.0,68.0,19.0,1221.65
2022-03-27,US,San Francisco,pm25,46,5.0,61.0,17.0,3561.36
2022-03-27,US,Salem,pm25,69,10.0,63.0,34.0,2001.59
2022-03-27,US,Madison,pm25,45,12.0,21.0,14.0,56.5
2022-03-27,US,Nashville,pm25,66,5.0,43.0,15.0,785.3
2022-03-27,US,Tucson,pm25,141,5.0,65.0,21.0,2220.52
2022-03-27,US,Queens,pm25,89,1.0,31.0,13.0,470.11
2022-03-27,US,Tallahassee,pm25,53,7.0,77.0,44.0,2850.67
2022-03-27,US,Fort Worth,pm25,22,5.0,68.0,34.0,3174.46
2022-03-27,RS,Novi Sad,pm25,46,27.0,89.0,65.0,3319.83
2022-03-27,RS,Niš,pm25,46,44.0,164.0,86.0,10894.8
2022-03-27,RS,Belgrade,pm25,115,21.0,154.0,72.0,10596.0
2022-03-27,CY,Nicosia,pm25,23,50.0,73.0,60.0,378.62
2022-03-27,CY,Limassol,pm25,23,31.0,81.0,59.0,1918.77
2022-03-27,HR,Zagreb,pm25,22,60.0,169.0,100.0,16468.1
2022-03-27,HR,Rijeka,pm25,75,74.0,122.0,85.0,803.31
2022-03-27,MK,Skopje,pm25,158,18.0,172.0,77.0,13790.0
2022-03-28,GE,Tbilisi,pm25,96,42.0,65.0,57.0,238.74
2022-03-28,HU,Győr,pm25,47,9.0,109.0,63.0,4846.8
2022-03-28,HU,Szeged,pm25,24,17.0,63.0,42.0,1976.45
2022-03-28,HU,Pécs,pm25,69,34.0,153.0,53.0,6419.54
2022-03-28,HU,Kecskemét,pm25,48,38.0,78.0,55.0,741.28
2022-03-28,HU,Miskolc,pm25,120,34.0,149.0,74.0,5882.55
2022-03-28,HU,Budapest,pm25,216,13.0,89.0,61.0,1778.82
2022-03-28,JP,Fukuoka,pm25,375,5.0,89.0,46.0,2387.96
2022-03-28,JP,Kanazawa,pm25,239,5.0,61.0,25.0,1847.37
2022-03-28,JP,Kumamoto,pm25,379,9.0,93.0,53.0,2763.74
2022-03-28,JP,Akita,pm25,46,17.0,72.0,38.0,1241.28
2022-03-28,JP,Kochi,pm25,48,5.0,65.0,50.0,2299.75
2022-03-28,JP,Gifu-shi,pm25,163,5.0,85.0,30.0,2833.41
2022-03-28,JP,Kyoto,pm25,573,5.0,70.0,34.0,1421.71
2022-03-28,JP,Hiroshima,pm25,312,5.0,80.0,38.0,2156.27
2022-03-28,JP,Shizuoka,pm25,247,5.0,82.0,38.0,2752.12
2022-03-28,JP,Chiba,pm25,714,5.0,74.0,25.0,2029.42
2022-03-28,JP,Sapporo,pm25,211,5.0,55.0,25.0,1048.94
2022-03-28,JP,Yokohama,pm25,521,1.0,80.0,25.0,2051.73
2022-03-28,JP,Tokyo,pm25,2503,5.0,107.0,25.0,1648.12
2022-03-28,JP,Saitama,pm25,469,5.0,61.0,25.0,1177.8
2022-03-28,JP,Naha,pm25,139,5.0,53.0,21.0,1319.4
2022-03-28,JP,Nagasaki,pm25,175,5.0,89.0,55.0,2093.47
2022-03-28,JP,Toyama,pm25,187,5.0,95.0,34.0,2284.16
2022-03-28,JP,Niigata,pm25,208,5.0,61.0,30.0,1320.62
2022-03-28,JP,Nara-shi,pm25,188,9.0,57.0,30.0,974.16
2022-03-28,JP,Okayama,pm25,287,5.0,80.0,38.0,1525.93
2022-03-28,JP,Sendai,pm25,453,5.0,57.0,30.0,1273.13
2022-03-28,JP,Osaka,pm25,1145,5.0,80.0,34.0,1321.97
2022-03-28,JP,Miyazaki,pm25,134,5.0,102.0,50.0,2933.93
2022-03-28,JP,Matsuyama,pm25,164,5.0,78.0,53.0,2189.72
2022-03-28,JP,Wakayama,pm25,283,9.0,68.0,34.0,1447.95
2022-03-28,JP,Takamatsu,pm25,236,5.0,59.0,30.0,1157.84
2022-03-28,JP,Nagoya,pm25,784,5.0,80.0,30.0,1446.86
2022-03-28,JP,Ōita,pm25,262,5.0,72.0,42.0,2065.8
2022-03-28,JP,Kobe,pm25,402,5.0,78.0,34.0,1014.74
2022-03-28,JP,Nagano,pm25,91,5.0,55.0,25.0,1482.46
2022-03-28,JP,Utsunomiya,pm25,394,5.0,57.0,21.0,1290.71
2022-03-28,JP,Kagoshima,pm25,96,38.0,99.0,63.0,1433.61
2022-03-28,SK,Košice,pm25,96,21.0,154.0,59.0,6010.62
2022-03-28,SK,Bratislava,pm25,92,5.0,119.0,59.0,5104.36
2022-03-28,FI,Vantaa,pm25,16,2.0,23.0,7.0,427.83
2022-03-28,FI,Turku,pm25,20,2.0,20.0,8.0,245.13
2022-03-28,FI,Helsinki,pm25,114,1.0,26.0,10.0,284.17
2022-03-28,FI,Tampere,pm25,92,2.0,19.0,7.0,173.93
2022-03-28,ET,Addis Ababa,pm25,48,59.0,158.0,72.0,6088.07
2022-03-28,CH,Zürich,pm25,21,2.0,5.0,3.0,7.14
2022-03-28,CO,Bogotá,pm25,328,5.0,132.0,57.0,4255.87
2022-03-28,CO,Medellín,pm25,355,38.0,102.0,74.0,1147.27
2022-03-28,DK,Copenhagen,pm25,24,10.0,55.0,32.0,1862.16
2022-03-28,EC,Quito,pm25,181,1.0,154.0,62.0,9056.78
2022-03-28,GB,Edinburgh,pm25,287,20.0,235.0,62.0,2794.49
2022-03-28,GB,Norwich,pm25,23,13.0,37.0,26.0,590.79
2022-03-28,GB,Liverpool,pm25,43,34.0,84.0,55.0,1996.93
2022-03-28,GB,Belfast,pm25,92,46.0,84.0,70.0,521.17
2022-03-28,GB,Coventry,pm25,72,34.0,72.0,51.0,779.7
2022-03-28,GB,Leeds,pm25,45,53.0,91.0,77.0,1007.53
2022-03-28,GB,Cardiff,pm25,144,25.0,82.0,61.0,1394.02
2022-03-28,GB,Bristol,pm25,70,38.0,124.0,72.0,1874.11
2022-03-28,GB,London,pm25,487,15.0,117.0,68.0,3163.98
2022-03-28,GB,Birmingham,pm25,48,46.0,89.0,59.0,537.71
2022-03-28,GB,Sheffield,pm25,80,25.0,95.0,55.0,1958.61
2022-03-28,GB,Newport,pm25,48,48.0,72.0,58.0,349.68
2022-03-28,GB,Leicester,pm25,24,17.0,79.0,53.0,1918.19
2022-03-28,GB,Manchester,pm25,87,28.0,97.0,62.0,1895.77
2022-03-28,GB,Reading,pm25,48,61.0,95.0,72.0,902.39
2022-03-28,GB,Plymouth,pm25,46,64.0,119.0,85.0,1551.25
2022-03-28,GB,Glasgow,pm25,568,34.0,99.0,65.0,1340.0
2022-03-28,GB,Preston,pm25,46,20.0,105.0,63.0,2325.67
2022-03-28,GB,Swansea,pm25,96,53.0,119.0,78.0,1912.59
2022-03-28,GB,Southend-on-Sea,pm25,48,28.0,105.0,60.0,3182.66
2022-03-28,ID,Jakarta,pm25,71,34.0,122.0,67.0,3650.55
2022-03-28,NP,Kathmandu,pm25,35,164.0,221.0,177.0,1496.67
2022-03-28,AU,Sydney,pm25,137,1.0,50.0,13.0,731.03
2022-03-28,AU,Newcastle,pm25,127,1.0,37.0,13.0,682.16
2022-03-28,AU,Launceston,pm25,123,5.0,50.0,17.0,887.18
2022-03-28,AU,Hobart,pm25,55,5.0,34.0,17.0,794.21
2022-03-28,AU,Darwin,pm25,53,3.0,50.0,12.0,1193.69
2022-03-28,AU,Melbourne,pm25,166,8.0,172.0,42.0,14353.6
2022-03-28,AU,Canberra,pm25,56,1.0,57.0,18.0,1644.33
2022-03-28,AU,Adelaide,pm25,95,3.0,74.0,21.0,1515.66
2022-03-28,AU,Brisbane,pm25,141,1.0,51.0,11.0,667.78
2022-03-28,AU,Perth,pm25,74,2.0,20.0,5.0,79.91
2022-03-28,AU,Wollongong,pm25,37,1.0,59.0,16.0,2002.7
2022-03-28,CI,Abidjan,pm25,24,63.0,246.0,91.0,11926.1
2022-03-28,GH,Accra,pm25,24,68.0,147.0,85.0,3795.92
2022-03-28,IQ,Baghdad,pm25,24,76.0,613.0,112.0,243817.0
2022-03-28,IS,Reykjavík,pm25,96,6.0,38.0,10.0,373.22
2022-03-28,KG,Bishkek,pm25,24,25.0,80.0,53.0,1995.49
2022-03-28,NL,Utrecht,pm25,48,30.0,81.0,52.0,1201.68
2022-03-28,NL,Nijmegen,pm25,45,19.0,90.0,60.0,2212.45
2022-03-28,NL,Haarlem,pm25,140,2.0,122.0,37.0,5432.44
2022-03-28,NL,Eindhoven,pm25,24,48.0,89.0,60.0,1136.74
2022-03-28,NL,Rotterdam,pm25,192,17.0,83.0,57.0,1871.21
2022-03-28,NL,Amsterdam,pm25,261,2.0,92.0,38.0,1849.84
2022-03-28,NL,Dordrecht,pm25,24,30.0,85.0,59.0,2785.14
2022-03-28,NL,Breda,pm25,24,30.0,81.0,61.0,1405.05
2022-03-28,NL,Groningen,pm25,48,9.0,62.0,36.0,2334.46
2022-03-28,NL,Maastricht,pm25,96,34.0,117.0,76.0,2513.1
2022-03-28,NL,The Hague,pm25,72,22.0,87.0,55.0,2060.65
2022-03-28,PT,Lisbon,pm25,48,53.0,86.0,65.0,591.7
2022-03-28,PT,Funchal,pm25,50,1.0,23.0,6.0,515.63
2022-03-28,CA,Hamilton,pm25,55,5.0,17.0,13.0,102.9
2022-03-28,CA,Calgary,pm25,92,4.0,63.0,34.0,3015.74
2022-03-28,CA,Winnipeg,pm25,24,20.0,30.0,24.0,63.32
2022-03-28,CA,Halifax,pm25,46,7.0,42.0,27.0,943.41
2022-03-28,CA,Kitchener,pm25,34,5.0,34.0,13.0,331.99
2022-03-28,CA,Edmonton,pm25,138,9.0,70.0,32.0,1731.3
2022-03-28,CA,Mississauga,pm25,40,9.0,30.0,13.0,299.43
2022-03-28,CA,Québec,pm25,130,12.0,27.0,20.0,92.91
2022-03-28,CA,Vancouver,pm25,23,5.0,26.0,9.0,449.76
2022-03-28,CA,Victoria,pm25,42,5.0,57.0,21.0,1908.41
2022-03-28,CA,Montréal,pm25,305,6.0,68.0,18.0,678.09
2022-03-28,CA,Toronto,pm25,75,5.0,53.0,13.0,770.12
2022-03-28,CA,Ottawa,pm25,42,5.0,20.0,16.0,209.24
2022-03-28,CA,London,pm25,7,5.0,13.0,9.0,76.19
2022-03-28,US,Oklahoma City,pm25,96,18.0,83.0,45.0,2261.75
2022-03-28,US,Raleigh,pm25,61,5.0,42.0,18.0,594.51
2022-03-28,US,Memphis,pm25,72,5.0,69.0,25.0,1822.1
2022-03-28,US,Jackson,pm25,71,5.0,93.0,38.0,2907.37
2022-03-28,US,Boston,pm25,90,5.0,38.0,13.0,405.64
2022-03-28,US,Richmond,pm25,96,11.0,23.0,17.0,77.89
2022-03-28,US,Portland,pm25,165,7.0,42.0,15.0,461.97
2022-03-28,US,Boise,pm25,83,5.0,65.0,30.0,4284.58
2022-03-28,US,Austin,pm25,38,5.0,55.0,21.0,2674.46
2022-03-28,US,Honolulu,pm25,66,5.0,53.0,17.0,1339.77
2022-03-28,US,Fresno,pm25,19,5.0,38.0,18.0,854.33
2022-03-28,US,Milwaukee,pm25,134,14.0,43.0,19.0,310.88
2022-03-28,US,Hartford,pm25,48,9.0,15.0,12.0,29.63
2022-03-28,US,Washington D.C.,pm25,117,5.0,46.0,17.0,661.71
2022-03-28,US,Chicago,pm25,239,2.0,38.0,17.0,344.62
2022-03-28,US,Houston,pm25,48,4.0,56.0,29.0,1840.1
2022-03-28,US,Indianapolis,pm25,96,15.0,65.0,24.0,1063.56
2022-03-28,US,Atlanta,pm25,24,17.0,38.0,20.0,456.45
2022-03-28,US,Charlotte,pm25,66,5.0,46.0,17.0,513.67
2022-03-28,US,Sacramento,pm25,69,5.0,63.0,17.0,1209.21
2022-03-28,US,Oakland,pm25,99,5.0,42.0,17.0,770.19
2022-03-28,US,Providence,pm25,31,5.0,21.0,9.0,229.85
2022-03-28,US,Staten Island,pm25,113,2.0,31.0,13.0,485.91
2022-03-28,US,Brooklyn,pm25,136,2.0,98.0,15.0,4025.08
2022-03-28,US,Springfield,pm25,69,2.0,45.0,23.0,581.43
2022-03-28,US,The Bronx,pm25,48,5.0,27.0,11.0,418.71
2022-03-28,US,San Jose,pm25,84,5.0,38.0,13.0,492.44
2022-03-28,US,Los Angeles,pm25,72,3.0,72.0,37.0,2469.85
2022-03-28,US,Detroit,pm25,131,13.0,66.0,22.0,771.09
2022-03-28,US,Little Rock,pm25,24,16.0,95.0,29.0,3192.39
2022-03-28,US,Baltimore,pm25,44,5.0,34.0,17.0,461.92
2022-03-28,US,Phoenix,pm25,180,1.0,62.0,23.0,1976.03
2022-03-28,US,Omaha,pm25,45,5.0,57.0,25.0,1639.37
2022-03-28,US,El Paso,pm25,154,5.0,99.0,25.0,3988.67
2022-03-28,US,Dallas,pm25,24,2.0,34.0,18.0,682.01
2022-03-28,US,Seattle,pm25,253,5.0,53.0,24.0,1295.3
2022-03-28,US,Manhattan,pm25,61,1.0,33.0,13.0,628.24
2022-03-28,US,Miami,pm25,91,30.0,70.0,43.0,609.69
2022-03-28,US,Jacksonville,pm25,142,22.0,69.0,45.0,919.53
2022-03-28,US,San Antonio,pm25,69,1.0,62.0,27.0,2221.66
2022-03-28,US,Philadelphia,pm25,82,1.0,143.0,14.0,7646.02
2022-03-28,US,San Diego,pm25,24,5.0,57.0,21.0,2143.19
2022-03-28,US,Columbus,pm25,47,5.0,31.0,16.0,335.26
2022-03-28,US,Saint Paul,pm25,133,5.0,46.0,17.0,663.73
2022-03-28,US,Denver,pm25,152,9.0,70.0,25.0,2196.33
2022-03-28,US,Salt Lake City,pm25,208,5.0,52.0,14.0,436.12
2022-03-28,US,Albuquerque,pm25,72,9.0,83.0,18.0,2107.31
2022-03-28,US,San Francisco,pm25,58,5.0,68.0,21.0,1360.79
2022-03-28,US,Salem,pm25,72,8.0,29.0,13.0,196.59
2022-03-28,US,Madison,pm25,48,15.0,36.0,18.0,215.85
2022-03-28,US,Nashville,pm25,81,5.0,48.0,21.0,780.78
2022-03-28,US,Tucson,pm25,143,5.0,59.0,25.0,1518.14
2022-03-28,US,Queens,pm25,94,1.0,51.0,14.0,1071.07
2022-03-28,US,Tallahassee,pm25,71,16.0,159.0,53.0,7753.14
2022-03-28,US,Fort Worth,pm25,22,5.0,53.0,21.0,2560.37
2022-03-28,RS,Novi Sad,pm25,48,21.0,121.0,43.0,6211.49
2022-03-28,RS,Niš,pm25,48,43.0,175.0,84.0,15974.9
2022-03-28,RS,Belgrade,pm25,120,23.0,176.0,66.0,12844.4
2022-03-28,CY,Nicosia,pm25,24,48.0,115.0,62.0,2364.57
2022-03-28,CY,Limassol,pm25,24,30.0,99.0,51.0,2696.74
2022-03-28,HR,Zagreb,pm25,24,67.0,152.0,110.0,9008.24
2022-03-28,HR,Rijeka,pm25,76,63.0,155.0,84.0,1986.74
2022-03-28,MK,Skopje,pm25,168,24.0,167.0,98.0,14879.5
2022-03-29,GE,Tbilisi,pm25,96,40.0,78.0,51.0,483.15
2022-03-29,HU,Győr,pm25,40,13.0,91.0,61.0,1908.31
2022-03-29,HU,Szeged,pm25,24,50.0,107.0,70.0,1957.1
2022-03-29,HU,Pécs,pm25,69,57.0,107.0,78.0,2208.8
2022-03-29,HU,Kecskemét,pm25,48,59.0,107.0,70.0,2052.75
2022-03-29,HU,Miskolc,pm25,120,50.0,157.0,74.0,7160.29
2022-03-29,HU,Budapest,pm25,212,25.0,107.0,72.0,1830.62
2022-03-29,JP,Fukuoka,pm25,377,5.0,132.0,55.0,3186.53
2022-03-29,JP,Kanazawa,pm25,235,5.0,80.0,34.0,1801.23
2022-03-29,JP,Kumamoto,pm25,373,5.0,157.0,57.0,2435.61
2022-03-29,JP,Akita,pm25,40,5.0,59.0,34.0,1573.1
2022-03-29,JP,Kochi,pm25,48,34.0,87.0,53.0,940.7
2022-03-29,JP,Gifu-shi,pm25,131,5.0,74.0,42.0,2638.48
2022-03-29,JP,Kyoto,pm25,581,5.0,95.0,46.0,1536.26
2022-03-29,JP,Hiroshima,pm25,318,5.0,82.0,38.0,2686.44
2022-03-29,JP,Shizuoka,pm25,247,5.0,70.0,38.0,1299.08
2022-03-29,JP,Chiba,pm25,786,5.0,76.0,38.0,2094.83
2022-03-29,JP,Sapporo,pm25,213,5.0,78.0,30.0,1877.02
2022-03-29,JP,Yokohama,pm25,541,1.0,70.0,42.0,2010.44
2022-03-29,JP,Tokyo,pm25,2558,1.0,112.0,42.0,1440.5
2022-03-29,JP,Saitama,pm25,497,13.0,95.0,42.0,1298.87
2022-03-29,JP,Naha,pm25,136,5.0,21.0,13.0,132.46
2022-03-29,JP,Nagasaki,pm25,169,5.0,76.0,50.0,1755.33
2022-03-29,JP,Toyama,pm25,192,5.0,76.0,38.0,1604.89
2022-03-29,JP,Niigata,pm25,212,5.0,63.0,34.0,1013.41
2022-03-29,JP,Nara-shi,pm25,185,13.0,82.0,42.0,2029.54
2022-03-29,JP,Okayama,pm25,278,5.0,68.0,42.0,1393.56
2022-03-29,JP,Sendai,pm25,469,5.0,57.0,34.0,928.34
2022-03-29,JP,Osaka,pm25,1180,5.0,104.0,42.0,3993.37
2022-03-29,JP,Miyazaki,pm25,139,5.0,93.0,55.0,1792.3
2022-03-29,JP,Matsuyama,pm25,152,5.0,85.0,53.0,1718.94
2022-03-29,JP,Wakayama,pm25,285,5.0,74.0,42.0,1651.09
2022-03-29,JP,Takamatsu,pm25,239,5.0,63.0,30.0,1233.17
2022-03-29,JP,Nagoya,pm25,783,5.0,91.0,50.0,2336.53
2022-03-29,JP,Ōita,pm25,260,5.0,68.0,46.0,1909.48
2022-03-29,JP,Kobe,pm25,411,9.0,93.0,46.0,1809.09
2022-03-29,JP,Nagano,pm25,96,5.0,61.0,30.0,1801.81
2022-03-29,JP,Utsunomiya,pm25,427,9.0,65.0,38.0,887.29
2022-03-29,JP,Kagoshima,pm25,90,25.0,70.0,57.0,662.74
2022-03-29,SK,Košice,pm25,96,59.0,127.0,78.0,2560.0
2022-03-29,SK,Bratislava,pm25,96,50.0,91.0,63.0,840.63
2022-03-29,FI,Vantaa,pm25,24,11.0,27.0,17.0,178.24
2022-03-29,FI,Turku,pm25,24,6.0,16.0,11.0,105.05
2022-03-29,FI,Helsinki,pm25,120,7.0,75.0,20.0,2900.22
2022-03-29,FI,Tampere,pm25,95,5.0,69.0,16.0,2679.96
2022-03-29,ET,Addis Ababa,pm25,48,53.0,156.0,80.0,6338.71
2022-03-29,CH,Zürich,pm25,20,2.0,6.0,3.0,10.82
2022-03-29,CO,Bogotá,pm25,309,13.0,127.0,53.0,3499.14
2022-03-29,CO,Medellín,pm25,336,34.0,98.0,63.0,1308.31
2022-03-29,DK,Copenhagen,pm25,24,8.0,49.0,22.0,1223.46
2022-03-29,EC,Quito,pm25,172,1.0,136.0,47.0,5966.77
2022-03-29,GB,Edinburgh,pm25,285,3.0,93.0,62.0,6078.44
2022-03-29,GB,Norwich,pm25,24,9.0,76.0,70.0,4188.62
2022-03-29,GB,Liverpool,pm25,45,61.0,112.0,89.0,1266.31
2022-03-29,GB,Belfast,pm25,63,57.0,90.0,70.0,562.22
2022-03-29,GB,Coventry,pm25,62,55.0,74.0,59.0,257.85
2022-03-29,GB,Leeds,pm25,45,59.0,89.0,70.0,537.37
2022-03-29,GB,Cardiff,pm25,142,63.0,139.0,76.0,1292.16
2022-03-29,GB,Bristol,pm25,72,55.0,102.0,76.0,892.94
2022-03-29,GB,London,pm25,490,18.0,124.0,78.0,3839.55
2022-03-29,GB,Birmingham,pm25,39,63.0,86.0,70.0,425.18
2022-03-29,GB,Sheffield,pm25,91,46.0,152.0,89.0,4640.27
2022-03-29,GB,Newport,pm25,47,63.0,79.0,70.0,238.46
2022-03-29,GB,Leicester,pm25,24,34.0,69.0,53.0,906.88
2022-03-29,GB,Manchester,pm25,85,65.0,135.0,89.0,2050.45
2022-03-29,GB,Reading,pm25,48,42.0,89.0,74.0,1879.98
2022-03-29,GB,Plymouth,pm25,38,82.0,156.0,97.0,2250.73
2022-03-29,GB,Glasgow,pm25,569,4.0,99.0,72.0,5735.09
2022-03-29,GB,Preston,pm25,41,61.0,110.0,78.0,1951.78
2022-03-29,GB,Swansea,pm25,96,68.0,236.0,91.0,12289.8
2022-03-29,GB,Southend-on-Sea,pm25,48,65.0,128.0,84.0,2513.17
2022-03-29,ID,Jakarta,pm25,70,73.0,159.0,98.0,4946.43
2022-03-29,NP,Kathmandu,pm25,48,160.0,207.0,172.0,1240.42
2022-03-29,AU,Sydney,pm25,154,1.0,63.0,10.0,794.08
2022-03-29,AU,Newcastle,pm25,135,1.0,46.0,12.0,819.62
2022-03-29,AU,Launceston,pm25,130,5.0,42.0,13.0,456.82
2022-03-29,AU,Hobart,pm25,40,5.0,21.0,9.0,157.44
2022-03-29,AU,Darwin,pm25,49,3.0,46.0,13.0,731.17
2022-03-29,AU,Melbourne,pm25,159,1.0,53.0,23.0,1631.12
2022-03-29,AU,Canberra,pm25,63,2.0,59.0,20.0,3034.98
2022-03-29,AU,Adelaide,pm25,86,3.0,43.0,17.0,774.36
2022-03-29,AU,Brisbane,pm25,88,1.0,34.0,11.0,478.26
2022-03-29,AU,Perth,pm25,85,2.0,13.0,6.0,72.93
2022-03-29,AU,Wollongong,pm25,32,1.0,37.0,11.0,741.93
2022-03-29,CI,Abidjan,pm25,24,50.0,97.0,74.0,1945.22
2022-03-29,IQ,Baghdad,pm25,24,59.0,168.0,97.0,11392.6
2022-03-29,IS,Reykjavík,pm25,96,3.0,114.0,16.0,5444.98
2022-03-29,KG,Bishkek,pm25,24,17.0,95.0,46.0,4454.13
2022-03-29,NL,Utrecht,pm25,48,45.0,96.0,69.0,874.36
2022-03-29,NL,Nijmegen,pm25,48,59.0,94.0,72.0,565.94
2022-03-29,NL,Haarlem,pm25,143,30.0,94.0,62.0,1087.86
2022-03-29,NL,Eindhoven,pm25,24,55.0,137.0,75.0,5055.0
2022-03-29,NL,Rotterdam,pm25,192,51.0,96.0,80.0,545.21
2022-03-29,NL,Amsterdam,pm25,264,43.0,85.0,65.0,578.78
2022-03-29,NL,Dordrecht,pm25,24,66.0,94.0,79.0,467.83
2022-03-29,NL,Breda,pm25,24,53.0,107.0,82.0,1575.87
2022-03-29,NL,Groningen,pm25,48,23.0,77.0,53.0,1312.34
2022-03-29,NL,Maastricht,pm25,96,65.0,156.0,85.0,5490.95
2022-03-29,NL,The Hague,pm25,72,55.0,95.0,78.0,1014.91
2022-03-29,PT,Lisbon,pm25,26,25.0,56.0,43.0,956.06
2022-03-29,PT,Funchal,pm25,54,1.0,33.0,13.0,967.28
2022-03-29,CA,Hamilton,pm25,86,5.0,57.0,13.0,1809.59
2022-03-29,CA,Calgary,pm25,92,3.0,30.0,10.0,455.93
2022-03-29,CA,Winnipeg,pm25,24,17.0,56.0,28.0,1437.32
2022-03-29,CA,Halifax,pm25,44,11.0,23.0,17.0,107.16
2022-03-29,CA,Kitchener,pm25,38,9.0,42.0,17.0,772.64
2022-03-29,CA,Edmonton,pm25,138,5.0,70.0,30.0,1717.95
2022-03-29,CA,Mississauga,pm25,63,9.0,53.0,17.0,881.9
2022-03-29,CA,Québec,pm25,145,7.0,104.0,14.0,939.34
2022-03-29,CA,Vancouver,pm25,23,6.0,55.0,14.0,1554.31
2022-03-29,CA,Victoria,pm25,40,5.0,50.0,17.0,1531.02
2022-03-29,CA,Montréal,pm25,333,3.0,50.0,18.0,1003.73
2022-03-29,CA,Toronto,pm25,111,5.0,46.0,13.0,751.01
2022-03-29,CA,Ottawa,pm25,68,9.0,34.0,16.0,286.15
2022-03-29,CA,London,pm25,37,13.0,46.0,21.0,560.78
2022-03-29,US,Oklahoma City,pm25,96,18.0,91.0,40.0,2568.21
2022-03-29,US,Raleigh,pm25,58,5.0,53.0,21.0,1473.35
2022-03-29,US,Memphis,pm25,72,24.0,67.0,38.0,675.63
2022-03-29,US,Jackson,pm25,71,8.0,52.0,36.0,1103.71
2022-03-29,US,Boston,pm25,108,5.0,42.0,13.0,571.02
2022-03-29,US,Richmond,pm25,96,14.0,30.0,17.0,161.89
2022-03-29,US,Portland,pm25,168,8.0,46.0,17.0,512.93
2022-03-29,US,Boise,pm25,81,5.0,34.0,13.0,492.45
2022-03-29,US,Austin,pm25,48,13.0,68.0,38.0,2297.44
2022-03-29,US,Honolulu,pm25,68,5.0,53.0,21.0,822.84
2022-03-29,US,Fresno,pm25,35,1.0,45.0,23.0,997.85
2022-03-29,US,Milwaukee,pm25,144,15.0,59.0,23.0,754.16
2022-03-29,US,Hartford,pm25,48,11.0,23.0,14.0,34.88
2022-03-29,US,Washington D.C.,pm25,107,5.0,57.0,21.0,1041.88
2022-03-29,US,Chicago,pm25,232,1.0,82.0,24.0,1285.93
2022-03-29,US,Houston,pm25,48,25.0,73.0,51.0,1431.47
2022-03-29,US,Indianapolis,pm25,96,18.0,39.0,29.0,213.24
2022-03-29,US,Atlanta,pm25,24,28.0,120.0,43.0,7823.31
2022-03-29,US,Charlotte,pm25,72,5.0,51.0,25.0,1045.77
2022-03-29,US,Sacramento,pm25,70,5.0,63.0,24.0,2165.34
2022-03-29,US,Oakland,pm25,108,5.0,42.0,21.0,647.05
2022-03-29,US,Providence,pm25,39,5.0,25.0,13.0,287.83
2022-03-29,US,Staten Island,pm25,115,2.0,35.0,17.0,382.45
2022-03-29,US,Brooklyn,pm25,142,1.0,101.0,19.0,2843.3
2022-03-29,US,Springfield,pm25,71,5.0,52.0,28.0,1044.49
2022-03-29,US,The Bronx,pm25,48,11.0,25.0,17.0,174.45
2022-03-29,US,San Jose,pm25,91,5.0,42.0,21.0,585.83
2022-03-29,US,Los Angeles,pm25,72,7.0,75.0,38.0,2579.01
2022-03-29,US,Detroit,pm25,144,5.0,82.0,28.0,1187.23
2022-03-29,US,Little Rock,pm25,24,31.0,79.0,55.0,1094.18
2022-03-29,US,Baltimore,pm25,45,5.0,60.0,17.0,1608.18
2022-03-29,US,Phoenix,pm25,183,2.0,54.0,19.0,1574.34
2022-03-29,US,Omaha,pm25,48,9.0,85.0,30.0,2725.31
2022-03-29,US,El Paso,pm25,144,5.0,170.0,36.0,14913.9
2022-03-29,US,Dallas,pm25,24,6.0,50.0,23.0,1360.22
2022-03-29,US,Seattle,pm25,250,5.0,70.0,25.0,1614.93
2022-03-29,US,Manhattan,pm25,68,2.0,34.0,15.0,549.44
2022-03-29,US,Miami,pm25,92,22.0,58.0,35.0,387.55
2022-03-29,US,Jacksonville,pm25,137,1.0,64.0,46.0,1258.22
2022-03-29,US,San Antonio,pm25,72,13.0,74.0,51.0,1860.47
2022-03-29,US,Philadelphia,pm25,92,1.0,86.0,20.0,2659.88
2022-03-29,US,San Diego,pm25,17,4.0,43.0,18.0,1149.34
2022-03-29,US,Columbus,pm25,48,7.0,42.0,25.0,373.29
2022-03-29,US,Saint Paul,pm25,137,5.0,53.0,25.0,743.99
2022-03-29,US,Denver,pm25,150,5.0,65.0,21.0,2120.24
2022-03-29,US,Salt Lake City,pm25,196,4.0,59.0,24.0,2403.04
2022-03-29,US,Albuquerque,pm25,71,4.0,63.0,13.0,935.31
2022-03-29,US,San Francisco,pm25,71,5.0,78.0,21.0,1248.96
2022-03-29,US,Salem,pm25,72,8.0,28.0,13.0,235.4
2022-03-29,US,Madison,pm25,47,15.0,41.0,23.0,525.39
2022-03-29,US,Nashville,pm25,81,5.0,67.0,42.0,2042.55
2022-03-29,US,Tucson,pm25,146,5.0,68.0,13.0,1026.96
2022-03-29,US,Queens,pm25,96,4.0,33.0,17.0,465.9
2022-03-29,US,Tallahassee,pm25,72,4.0,180.0,40.0,26513.8
2022-03-29,US,Fort Worth,pm25,23,9.0,61.0,38.0,2601.3
2022-03-29,RS,Novi Sad,pm25,48,43.0,152.0,92.0,7150.95
2022-03-29,RS,Niš,pm25,48,63.0,160.0,126.0,10879.5
2022-03-29,RS,Belgrade,pm25,120,67.0,172.0,129.0,8215.49
2022-03-29,CY,Nicosia,pm25,24,55.0,119.0,80.0,3515.92
2022-03-29,CY,Limassol,pm25,24,36.0,105.0,57.0,3097.23
2022-03-29,HR,Zagreb,pm25,18,64.0,114.0,76.0,2409.58
2022-03-29,HR,Rijeka,pm25,80,41.0,107.0,56.0,2728.33
2022-03-29,MK,Skopje,pm25,168,17.0,164.0,75.0,9927.83
2022-03-30,GE,Tbilisi,pm25,96,55.0,140.0,71.0,6415.51
2022-03-30,HU,Győr,pm25,41,38.0,119.0,68.0,2148.99
2022-03-30,HU,Szeged,pm25,10,76.0,93.0,89.0,394.33
2022-03-30,HU,Pécs,pm25,63,59.0,107.0,65.0,2006.13
2022-03-30,HU,Kecskemét,pm25,40,72.0,87.0,78.0,191.26
2022-03-30,HU,Miskolc,pm25,103,68.0,102.0,82.0,637.67
2022-03-30,HU,Budapest,pm25,179,38.0,129.0,72.0,1699.11
2022-03-30,JP,Fukuoka,pm25,374,5.0,129.0,55.0,2436.37
2022-03-30,JP,Kanazawa,pm25,243,5.0,76.0,34.0,1992.38
2022-03-30,JP,Kumamoto,pm25,366,5.0,147.0,46.0,2951.39
2022-03-30,JP,Akita,pm25,46,9.0,72.0,50.0,2383.64
2022-03-30,JP,Kochi,pm25,48,9.0,65.0,46.0,1994.88
2022-03-30,JP,Gifu-shi,pm25,149,9.0,102.0,53.0,2481.07
2022-03-30,JP,Kyoto,pm25,576,5.0,80.0,50.0,1266.16
2022-03-30,JP,Hiroshima,pm25,331,5.0,97.0,53.0,1994.14
2022-03-30,JP,Shizuoka,pm25,257,5.0,74.0,34.0,1967.95
2022-03-30,JP,Chiba,pm25,775,5.0,153.0,50.0,5664.67
2022-03-30,JP,Sapporo,pm25,210,5.0,91.0,34.0,1390.69
2022-03-30,JP,Yokohama,pm25,512,1.0,87.0,46.0,4444.78
2022-03-30,JP,Tokyo,pm25,2520,1.0,152.0,53.0,4970.81
2022-03-30,JP,Saitama,pm25,500,5.0,89.0,50.0,4405.42
2022-03-30,JP,Naha,pm25,120,5.0,21.0,13.0,190.92
2022-03-30,JP,Nagasaki,pm25,187,5.0,107.0,34.0,2271.05
2022-03-30,JP,Toyama,pm25,190,5.0,76.0,42.0,2517.81
2022-03-30,JP,Niigata,pm25,208,9.0,72.0,46.0,1860.53
2022-03-30,JP,Nara-shi,pm25,191,17.0,72.0,53.0,1046.85
2022-03-30,JP,Okayama,pm25,285,17.0,154.0,57.0,3434.18
2022-03-30,JP,Sendai,pm25,472,5.0,85.0,42.0,2118.39
2022-03-30,JP,Osaka,pm25,913,5.0,104.0,50.0,3194.66
2022-03-30,JP,Miyazaki,pm25,134,5.0,76.0,42.0,1986.19
2022-03-30,JP,Matsuyama,pm25,143,9.0,95.0,57.0,3010.69
2022-03-30,JP,Wakayama,pm25,280,9.0,93.0,42.0,1998.39
2022-03-30,JP,Takamatsu,pm25,240,13.0,89.0,46.0,2106.24
2022-03-30,JP,Nagoya,pm25,786,9.0,97.0,50.0,2067.14
2022-03-30,JP,Ōita,pm25,255,5.0,68.0,46.0,2006.2
2022-03-30,JP,Kobe,pm25,425,13.0,97.0,50.0,1866.12
2022-03-30,JP,Nagano,pm25,95,9.0,70.0,38.0,1335.17
2022-03-30,JP,Utsunomiya,pm25,427,5.0,87.0,50.0,1746.2
2022-03-30,JP,Kagoshima,pm25,93,25.0,57.0,38.0,675.9
2022-03-30,SK,Košice,pm25,96,57.0,137.0,80.0,1227.91
2022-03-30,SK,Bratislava,pm25,96,50.0,99.0,70.0,838.31
2022-03-30,FI,Vantaa,pm25,24,9.0,36.0,18.0,548.97
2022-03-30,FI,Turku,pm25,24,6.0,29.0,11.0,362.59
2022-03-30,FI,Helsinki,pm25,119,8.0,104.0,17.0,2381.51
2022-03-30,FI,Tampere,pm25,96,7.0,79.0,20.0,4558.59
2022-03-30,ET,Addis Ababa,pm25,48,80.0,163.0,97.0,5249.96
2022-03-30,CH,Zürich,pm25,22,2.0,3.0,2.0,1.56
2022-03-30,CO,Bogotá,pm25,322,5.0,161.0,61.0,3895.03
2022-03-30,CO,Medellín,pm25,331,34.0,89.0,55.0,1714.78
2022-03-30,DK,Copenhagen,pm25,24,10.0,34.0,24.0,377.97
2022-03-30,EC,Quito,pm25,190,6.0,160.0,54.0,10070.4
2022-03-30,GB,Edinburgh,pm25,281,4.0,68.0,11.0,414.39
2022-03-30,GB,Norwich,pm25,19,9.0,75.0,68.0,1963.98
2022-03-30,GB,Liverpool,pm25,46,17.0,109.0,80.0,2872.91
2022-03-30,GB,Belfast,pm25,95,12.0,89.0,57.0,3677.15
2022-03-30,GB,Coventry,pm25,72,13.0,84.0,68.0,1728.61
2022-03-30,GB,Leeds,pm25,45,9.0,65.0,55.0,1553.59
2022-03-30,GB,Cardiff,pm25,144,30.0,139.0,76.0,5578.47
2022-03-30,GB,Bristol,pm25,72,9.0,97.0,68.0,3476.83
2022-03-30,GB,London,pm25,484,4.0,132.0,82.0,7076.0
2022-03-30,GB,Birmingham,pm25,48,18.0,83.0,75.0,1741.45
2022-03-30,GB,Sheffield,pm25,75,20.0,99.0,72.0,2591.72
2022-03-30,GB,Newport,pm25,48,8.0,82.0,68.0,3206.74
2022-03-30,GB,Leicester,pm25,24,13.0,84.0,63.0,1947.37
2022-03-30,GB,Manchester,pm25,87,7.0,151.0,78.0,15358.9
2022-03-30,GB,Reading,pm25,48,5.0,102.0,82.0,7906.1
2022-03-30,GB,Plymouth,pm25,40,78.0,101.0,85.0,189.85
2022-03-30,GB,Glasgow,pm25,570,5.0,44.0,11.0,242.04
2022-03-30,GB,Preston,pm25,46,4.0,126.0,59.0,14197.1
2022-03-30,GB,Swansea,pm25,96,30.0,195.0,114.0,13119.2
2022-03-30,GB,Southend-on-Sea,pm25,47,5.0,115.0,86.0,6129.06
2022-03-30,ID,Jakarta,pm25,49,102.0,177.0,137.0,5189.21
2022-03-30,NP,Kathmandu,pm25,48,161.0,194.0,167.0,651.8
2022-03-30,AU,Sydney,pm25,149,1.0,73.0,12.0,929.61
2022-03-30,AU,Newcastle,pm25,137,1.0,57.0,17.0,928.38
2022-03-30,AU,Launceston,pm25,111,5.0,34.0,9.0,518.93
2022-03-30,AU,Hobart,pm25,41,5.0,13.0,5.0,63.02
2022-03-30,AU,Darwin,pm25,58,3.0,43.0,13.0,690.93
2022-03-30,AU,Melbourne,pm25,154,1.0,54.0,17.0,1307.77
2022-03-30,AU,Canberra,pm25,64,3.0,71.0,22.0,2920.31
2022-03-30,AU,Adelaide,pm25,80,1.0,65.0,13.0,1592.6
2022-03-30,AU,Brisbane,pm25,76,3.0,43.0,12.0,312.69
2022-03-30,AU,Perth,pm25,82,2.0,9.0,5.0,30.88
2022-03-30,AU,Wollongong,pm25,40,1.0,40.0,11.0,1108.46
2022-03-30,CI,Abidjan,pm25,24,34.0,95.0,65.0,2697.23
2022-03-30,IQ,Baghdad,pm25,22,80.0,199.0,134.0,9782.62
2022-03-30,IS,Reykjavík,pm25,96,6.0,73.0,16.0,1251.47
2022-03-30,KG,Bishkek,pm25,22,9.0,134.0,42.0,12367.6
2022-03-30,NL,Utrecht,pm25,48,11.0,79.0,55.0,4259.5
2022-03-30,NL,Nijmegen,pm25,48,2.0,82.0,53.0,3709.89
2022-03-30,NL,Haarlem,pm25,128,1.0,91.0,35.0,4612.97
2022-03-30,NL,Eindhoven,pm25,24,20.0,83.0,62.0,2923.46
2022-03-30,NL,Rotterdam,pm25,192,7.0,75.0,59.0,3636.38
2022-03-30,NL,Amsterdam,pm25,261,1.0,78.0,26.0,4361.31
2022-03-30,NL,Dordrecht,pm25,22,26.0,78.0,56.0,2877.08
2022-03-30,NL,Breda,pm25,24,29.0,82.0,60.0,2115.36
2022-03-30,NL,Groningen,pm25,45,1.0,61.0,11.0,3136.89
2022-03-30,NL,Maastricht,pm25,96,25.0,102.0,72.0,3682.42
2022-03-30,NL,The Hague,pm25,72,7.0,75.0,51.0,4634.55
2022-03-30,PT,Lisbon,pm25,24,32.0,57.0,45.0,618.84
2022-03-30,PT,Funchal,pm25,49,12.0,72.0,48.0,2419.37
2022-03-30,CA,Hamilton,pm25,88,13.0,55.0,34.0,1002.96
2022-03-30,CA,Calgary,pm25,89,4.0,78.0,17.0,2224.08
2022-03-30,CA,Winnipeg,pm25,24,8.0,30.0,11.0,527.54
2022-03-30,CA,Halifax,pm25,46,12.0,22.0,17.0,57.2
2022-03-30,CA,Kitchener,pm25,43,13.0,65.0,25.0,1466.59
2022-03-30,CA,Edmonton,pm25,135,8.0,83.0,35.0,4491.16
2022-03-30,CA,Mississauga,pm25,61,9.0,59.0,25.0,1129.57
2022-03-30,CA,Québec,pm25,165,7.0,122.0,14.0,2301.88
2022-03-30,CA,Vancouver,pm25,22,3.0,20.0,7.0,206.58
2022-03-30,CA,Victoria,pm25,43,5.0,30.0,17.0,343.49
2022-03-30,CA,Montréal,pm25,353,3.0,55.0,24.0,856.74
2022-03-30,CA,Toronto,pm25,132,9.0,50.0,21.0,830.19
2022-03-30,CA,Ottawa,pm25,64,9.0,52.0,22.0,1071.02
2022-03-30,CA,London,pm25,35,13.0,50.0,21.0,1107.06
2022-03-30,US,Oklahoma City,pm25,96,19.0,68.0,29.0,2112.84
2022-03-30,US,Raleigh,pm25,58,17.0,65.0,46.0,1150.92
2022-03-30,US,Memphis,pm25,69,10.0,57.0,41.0,1397.2
2022-03-30,US,Jackson,pm25,72,10.0,53.0,41.0,1395.16
2022-03-30,US,Boston,pm25,101,5.0,42.0,13.0,471.0
2022-03-30,US,Richmond,pm25,96,22.0,59.0,32.0,712.31
2022-03-30,US,Portland,pm25,163,8.0,30.0,12.0,158.22
2022-03-30,US,Boise,pm25,85,5.0,50.0,17.0,1065.99
2022-03-30,US,Austin,pm25,40,5.0,99.0,42.0,8022.15
2022-03-30,US,Honolulu,pm25,67,5.0,63.0,21.0,1468.92
2022-03-30,US,Fresno,pm25,48,17.0,70.0,38.0,1967.22
2022-03-30,US,Milwaukee,pm25,141,20.0,80.0,43.0,2149.06
2022-03-30,US,Hartford,pm25,48,13.0,27.0,16.0,144.14
2022-03-30,US,Washington D.C.,pm25,116,5.0,57.0,30.0,1368.61
2022-03-30,US,Chicago,pm25,239,8.0,64.0,34.0,1541.18
2022-03-30,US,Houston,pm25,43,22.0,69.0,45.0,1152.33
2022-03-30,US,Indianapolis,pm25,95,21.0,61.0,35.0,1226.09
2022-03-30,US,Atlanta,pm25,24,49.0,112.0,59.0,3555.92
2022-03-30,US,Charlotte,pm25,70,21.0,80.0,46.0,1679.31
2022-03-30,US,Sacramento,pm25,71,2.0,50.0,25.0,1135.82
2022-03-30,US,Oakland,pm25,111,5.0,59.0,25.0,1110.94
2022-03-30,US,Providence,pm25,36,5.0,34.0,13.0,716.21
2022-03-30,US,Staten Island,pm25,117,4.0,46.0,21.0,882.92
2022-03-30,US,Brooklyn,pm25,141,3.0,77.0,25.0,1754.37
2022-03-30,US,Springfield,pm25,71,4.0,66.0,38.0,3203.85
2022-03-30,US,The Bronx,pm25,48,7.0,37.0,19.0,642.27
2022-03-30,US,San Jose,pm25,90,5.0,61.0,17.0,1377.37
2022-03-30,US,Los Angeles,pm25,72,13.0,81.0,51.0,1638.96
2022-03-30,US,Detroit,pm25,136,18.0,72.0,43.0,2291.19
2022-03-30,US,Little Rock,pm25,23,10.0,51.0,36.0,1597.55
2022-03-30,US,Baltimore,pm25,48,5.0,74.0,45.0,2068.36
2022-03-30,US,Phoenix,pm25,182,5.0,57.0,25.0,1608.0
2022-03-30,US,Omaha,pm25,47,9.0,63.0,25.0,2133.62
2022-03-30,US,El Paso,pm25,138,5.0,132.0,25.0,4121.82
2022-03-30,US,Dallas,pm25,24,3.0,72.0,27.0,4265.63
2022-03-30,US,Seattle,pm25,250,3.0,50.0,14.0,670.03
2022-03-30,US,Manhattan,pm25,69,1.0,50.0,18.0,1118.02
2022-03-30,US,Miami,pm25,94,33.0,63.0,46.0,586.25
2022-03-30,US,Jacksonville,pm25,143,17.0,71.0,51.0,917.15
2022-03-30,US,San Antonio,pm25,65,1.0,61.0,33.0,2837.8
2022-03-30,US,Philadelphia,pm25,93,16.0,59.0,34.0,914.33
2022-03-30,US,San Diego,pm25,23,13.0,51.0,29.0,958.62
2022-03-30,US,Columbus,pm25,48,15.0,52.0,27.0,1059.46
2022-03-30,US,Saint Paul,pm25,141,5.0,50.0,21.0,1148.01
2022-03-30,US,Denver,pm25,146,9.0,38.0,17.0,551.55
2022-03-30,US,Salt Lake City,pm25,216,7.0,36.0,14.0,386.6
2022-03-30,US,Albuquerque,pm25,72,4.0,60.0,17.0,2516.66
2022-03-30,US,San Francisco,pm25,70,5.0,53.0,21.0,1100.16
2022-03-30,US,Salem,pm25,72,8.0,26.0,13.0,106.6
2022-03-30,US,Madison,pm25,48,22.0,52.0,35.0,561.68
2022-03-30,US,Nashville,pm25,73,13.0,77.0,40.0,2296.26
2022-03-30,US,Tucson,pm25,159,5.0,42.0,17.0,881.23
2022-03-30,US,Queens,pm25,92,2.0,70.0,22.0,2128.63
2022-03-30,US,Tallahassee,pm25,72,14.0,162.0,53.0,6080.33
2022-03-30,US,Fort Worth,pm25,23,5.0,104.0,38.0,11997.2
2022-03-30,RS,Novi Sad,pm25,48,54.0,97.0,67.0,1119.46
2022-03-30,RS,Niš,pm25,48,39.0,156.0,73.0,9176.06
2022-03-30,RS,Belgrade,pm25,120,50.0,163.0,81.0,9363.32
2022-03-30,CY,Nicosia,pm25,24,62.0,122.0,73.0,2033.46
2022-03-30,CY,Limassol,pm25,24,49.0,89.0,60.0,1181.45
2022-03-30,HR,Zagreb,pm25,24,63.0,123.0,71.0,2343.19
2022-03-30,HR,Rijeka,pm25,74,39.0,88.0,54.0,1226.76
2022-03-30,MK,Skopje,pm25,153,16.0,153.0,78.0,7802.78
2022-03-31,GE,Tbilisi,pm25,96,61.0,151.0,71.0,7823.45
2022-03-31,HU,Győr,pm25,48,34.0,97.0,63.0,1713.17
2022-03-31,HU,Szeged,pm25,22,46.0,72.0,57.0,724.44
2022-03-31,HU,Pécs,pm25,69,25.0,91.0,57.0,2228.21
2022-03-31,HU,Kecskemét,pm25,46,65.0,107.0,95.0,1423.5
2022-03-31,HU,Miskolc,pm25,115,55.0,89.0,68.0,751.82
2022-03-31,HU,Budapest,pm25,211,34.0,117.0,70.0,1870.31
2022-03-31,JP,Fukuoka,pm25,376,5.0,76.0,46.0,2005.21
2022-03-31,JP,Kanazawa,pm25,235,5.0,70.0,30.0,1725.73
2022-03-31,JP,Kumamoto,pm25,359,5.0,78.0,38.0,1956.82
2022-03-31,JP,Akita,pm25,45,5.0,72.0,38.0,3220.83
2022-03-31,JP,Kochi,pm25,47,9.0,57.0,38.0,1666.73
2022-03-31,JP,Gifu-shi,pm25,172,5.0,72.0,38.0,3289.54
2022-03-31,JP,Kyoto,pm25,582,5.0,76.0,38.0,2223.57
2022-03-31,JP,Hiroshima,pm25,295,5.0,72.0,34.0,2352.01
2022-03-31,JP,Shizuoka,pm25,253,5.0,76.0,38.0,2601.52
2022-03-31,JP,Chiba,pm25,756,5.0,114.0,34.0,3371.49
2022-03-31,JP,Sapporo,pm25,213,5.0,57.0,25.0,1516.57
2022-03-31,JP,Yokohama,pm25,517,1.0,95.0,38.0,3457.25
2022-03-31,JP,Tokyo,pm25,2492,5.0,180.0,46.0,2089.96
2022-03-31,JP,Saitama,pm25,501,13.0,78.0,42.0,1677.07
2022-03-31,JP,Naha,pm25,133,5.0,46.0,21.0,1100.63
2022-03-31,JP,Nagasaki,pm25,180,5.0,76.0,30.0,2259.28
2022-03-31,JP,Toyama,pm25,186,5.0,91.0,38.0,2282.91
2022-03-31,JP,Niigata,pm25,210,5.0,70.0,34.0,2184.0
2022-03-31,JP,Nara-shi,pm25,189,9.0,65.0,38.0,2153.43
2022-03-31,JP,Okayama,pm25,281,5.0,124.0,50.0,8425.59
2022-03-31,JP,Sendai,pm25,460,5.0,78.0,38.0,3528.32
2022-03-31,JP,Osaka,pm25,818,5.0,99.0,30.0,2078.19
2022-03-31,JP,Miyazaki,pm25,134,5.0,80.0,38.0,3093.14
2022-03-31,JP,Matsuyama,pm25,130,5.0,93.0,38.0,3445.65
2022-03-31,JP,Wakayama,pm25,236,5.0,70.0,34.0,1817.69
2022-03-31,JP,Takamatsu,pm25,238,5.0,99.0,46.0,4866.23
2022-03-31,JP,Nagoya,pm25,778,5.0,99.0,38.0,2741.35
2022-03-31,JP,Ōita,pm25,237,5.0,61.0,38.0,1878.6
2022-03-31,JP,Kobe,pm25,413,5.0,76.0,30.0,2255.1
2022-03-31,JP,Nagano,pm25,79,5.0,74.0,25.0,4127.27
2022-03-31,JP,Utsunomiya,pm25,428,5.0,80.0,42.0,3323.71
2022-03-31,JP,Kagoshima,pm25,96,17.0,57.0,34.0,525.97
2022-03-31,SK,Košice,pm25,94,17.0,134.0,61.0,2971.37
2022-03-31,SK,Bratislava,pm25,96,17.0,87.0,57.0,1924.05
2022-03-31,FI,Vantaa,pm25,24,13.0,48.0,19.0,802.16
2022-03-31,FI,Turku,pm25,23,8.0,50.0,15.0,1210.2
2022-03-31,FI,Helsinki,pm25,120,2.0,91.0,23.0,3453.66
2022-03-31,FI,Tampere,pm25,96,10.0,76.0,26.0,2958.91
2022-03-31,ET,Addis Ababa,pm25,48,80.0,155.0,102.0,3498.58
2022-03-31,CH,Zürich,pm25,19,1.0,2.0,1.0,2.63
2022-03-31,CO,Bogotá,pm25,331,28.0,119.0,61.0,2081.31
2022-03-31,CO,Medellín,pm25,343,30.0,93.0,72.0,1650.77
2022-03-31,DK,Copenhagen,pm25,24,14.0,68.0,30.0,1580.85
2022-03-31,EC,Quito,pm25,177,5.0,153.0,67.0,10043.6
2022-03-31,GB,Edinburgh,pm25,278,4.0,223.0,10.0,1956.68
2022-03-31,GB,Norwich,pm25,23,10.0,46.0,18.0,1236.76
2022-03-31,GB,Liverpool,pm25,31,5.0,50.0,13.0,1551.46
2022-03-31,GB,Belfast,pm25,60,12.0,30.0,15.0,167.9
2022-03-31,GB,Coventry,pm25,60,13.0,55.0,22.0,1702.61
2022-03-31,GB,Leeds,pm25,22,9.0,21.0,10.0,95.87
2022-03-31,GB,Cardiff,pm25,139,5.0,34.0,17.0,496.77
2022-03-31,GB,Bristol,pm25,66,9.0,59.0,30.0,1740.27
2022-03-31,GB,London,pm25,474,1.0,74.0,22.0,2236.12
2022-03-31,GB,Birmingham,pm25,43,15.0,53.0,22.0,1480.44
2022-03-31,GB,Sheffield,pm25,34,12.0,34.0,17.0,379.08
2022-03-31,GB,Newport,pm25,44,8.0,22.0,13.0,181.31
2022-03-31,GB,Leicester,pm25,21,13.0,42.0,17.0,993.9
2022-03-31,GB,Manchester,pm25,67,6.0,34.0,13.0,280.29
2022-03-31,GB,Reading,pm25,48,9.0,34.0,13.0,386.36
2022-03-31,GB,Plymouth,pm25,45,21.0,80.0,59.0,2730.64
2022-03-31,GB,Glasgow,pm25,570,5.0,63.0,12.0,449.18
2022-03-31,GB,Preston,pm25,40,6.0,38.0,11.0,501.38
2022-03-31,GB,Swansea,pm25,82,5.0,85.0,30.0,3994.75
2022-03-31,GB,Southend-on-Sea,pm25,48,6.0,72.0,17.0,3777.16
2022-03-31,ID,Jakarta,pm25,55,61.0,183.0,127.0,15242.5
2022-03-31,NP,Kathmandu,pm25,48,153.0,177.0,160.0,448.65
2022-03-31,NP,Pokhara,pm25,9,104.0,142.0,126.0,1377.5
2022-03-31,NP,Biratnagar,pm25,15,64.0,160.0,153.0,18209.5
2022-03-31,AU,Sydney,pm25,164,1.0,60.0,22.0,1232.69
2022-03-31,AU,Newcastle,pm25,140,1.0,73.0,26.0,2202.73
2022-03-31,AU,Launceston,pm25,53,5.0,93.0,5.0,1466.71
2022-03-31,AU,Hobart,pm25,25,5.0,25.0,5.0,266.67
2022-03-31,AU,Darwin,pm25,69,1.0,45.0,17.0,1008.33
2022-03-31,AU,Melbourne,pm25,157,2.0,69.0,24.0,2579.55
2022-03-31,AU,Canberra,pm25,64,1.0,64.0,19.0,2453.73
2022-03-31,AU,Adelaide,pm25,93,1.0,57.0,23.0,1295.04
2022-03-31,AU,Brisbane,pm25,136,1.0,28.0,13.0,259.38
2022-03-31,AU,Perth,pm25,88,2.0,10.0,5.0,44.42
2022-03-31,AU,Wollongong,pm25,45,1.0,78.0,19.0,2757.95
2022-03-31,CI,Abidjan,pm25,24,53.0,99.0,80.0,1649.11
2022-03-31,IQ,Baghdad,pm25,24,57.0,183.0,112.0,16989.3
2022-03-31,IS,Reykjavík,pm25,96,3.0,68.0,18.0,1162.17
2022-03-31,KG,Bishkek,pm25,23,9.0,154.0,61.0,20012.5
2022-03-31,NL,Utrecht,pm25,48,5.0,54.0,25.0,1449.72
2022-03-31,NL,Nijmegen,pm25,47,5.0,60.0,27.0,1972.58
2022-03-31,NL,Haarlem,pm25,127,1.0,66.0,20.0,1386.03
2022-03-31,NL,Eindhoven,pm25,24,20.0,51.0,30.0,848.41
2022-03-31,NL,Rotterdam,pm25,191,4.0,37.0,17.0,336.54
2022-03-31,NL,Amsterdam,pm25,252,1.0,82.0,17.0,1162.19
2022-03-31,NL,Dordrecht,pm25,24,14.0,46.0,25.0,675.58
2022-03-31,NL,Breda,pm25,24,8.0,41.0,24.0,583.7
2022-03-31,NL,Groningen,pm25,45,5.0,57.0,22.0,1652.98
2022-03-31,NL,Maastricht,pm25,94,9.0,85.0,53.0,4510.43
2022-03-31,NL,The Hague,pm25,68,2.0,40.0,15.0,608.07
2022-03-31,PT,Lisbon,pm25,38,9.0,30.0,15.0,208.11
2022-03-31,CA,Hamilton,pm25,92,9.0,78.0,30.0,3540.76
2022-03-31,CA,Calgary,pm25,73,1.0,17.0,3.0,113.75
2022-03-31,CA,Winnipeg,pm25,24,8.0,33.0,11.0,824.93
2022-03-31,CA,Halifax,pm25,44,5.0,24.0,15.0,129.77
2022-03-31,CA,Kitchener,pm25,43,5.0,65.0,34.0,3471.59
2022-03-31,CA,Edmonton,pm25,119,2.0,50.0,8.0,616.74
2022-03-31,CA,Mississauga,pm25,67,9.0,70.0,34.0,3259.92
2022-03-31,CA,Québec,pm25,175,7.0,60.0,25.0,1112.46
2022-03-31,CA,Vancouver,pm25,23,6.0,17.0,10.0,82.09
2022-03-31,CA,Victoria,pm25,30,5.0,30.0,17.0,388.75
2022-03-31,CA,Montréal,pm25,442,15.0,82.0,47.0,2808.12
2022-03-31,CA,Toronto,pm25,138,5.0,65.0,25.0,2298.8
2022-03-31,CA,Ottawa,pm25,72,14.0,61.0,38.0,1866.76
2022-03-31,CA,London,pm25,43,13.0,55.0,34.0,1195.63
2022-03-31,US,Oklahoma City,pm25,96,10.0,55.0,23.0,521.21
2022-03-31,US,Raleigh,pm25,72,21.0,72.0,48.0,972.16
2022-03-31,US,Memphis,pm25,72,5.0,50.0,23.0,439.88
2022-03-31,US,Jackson,pm25,72,5.0,54.0,23.0,1219.69
2022-03-31,US,Boston,pm25,132,5.0,68.0,46.0,2998.09
2022-03-31,US,Richmond,pm25,96,19.0,53.0,48.0,569.0
2022-03-31,US,Portland,pm25,165,5.0,55.0,14.0,602.47
2022-03-31,US,Boise,pm25,77,5.0,21.0,9.0,284.18
2022-03-31,US,Austin,pm25,45,5.0,57.0,30.0,2637.0
2022-03-31,US,Honolulu,pm25,60,5.0,38.0,13.0,642.99
2022-03-31,US,Fresno,pm25,48,13.0,68.0,43.0,2246.17
2022-03-31,US,Milwaukee,pm25,144,4.0,51.0,13.0,344.33
2022-03-31,US,Hartford,pm25,48,23.0,77.0,50.0,2648.61
2022-03-31,US,Washington D.C.,pm25,118,9.0,57.0,38.0,1166.05
2022-03-31,US,Chicago,pm25,239,3.0,58.0,16.0,891.95
2022-03-31,US,Houston,pm25,48,15.0,57.0,31.0,1101.68
2022-03-31,US,Indianapolis,pm25,96,4.0,51.0,17.0,995.03
2022-03-31,US,Atlanta,pm25,24,20.0,52.0,40.0,665.15
2022-03-31,US,Charlotte,pm25,70,9.0,70.0,42.0,1816.23
2022-03-31,US,Sacramento,pm25,71,6.0,53.0,25.0,1492.31
2022-03-31,US,Oakland,pm25,117,5.0,68.0,38.0,1855.17
2022-03-31,US,Providence,pm25,48,5.0,65.0,38.0,3218.65
2022-03-31,US,Staten Island,pm25,106,10.0,79.0,46.0,2540.21
2022-03-31,US,Brooklyn,pm25,118,3.0,97.0,53.0,3556.52
2022-03-31,US,Springfield,pm25,71,1.0,53.0,18.0,984.63
2022-03-31,US,The Bronx,pm25,36,18.0,83.0,55.0,4480.29
2022-03-31,US,San Jose,pm25,95,5.0,55.0,30.0,1365.18
2022-03-31,US,Los Angeles,pm25,72,10.0,83.0,52.0,2050.7
2022-03-31,US,Detroit,pm25,137,4.0,77.0,20.0,2213.2
2022-03-31,US,Little Rock,pm25,24,10.0,35.0,24.0,432.01
2022-03-31,US,Baltimore,pm25,47,9.0,58.0,34.0,2319.23
2022-03-31,US,Phoenix,pm25,183,2.0,59.0,23.0,1413.57
2022-03-31,US,Omaha,pm25,47,5.0,34.0,17.0,682.14
2022-03-31,US,El Paso,pm25,144,5.0,161.0,21.0,5453.85
2022-03-31,US,Dallas,pm25,24,8.0,55.0,18.0,1563.89
2022-03-31,US,Seattle,pm25,240,2.0,46.0,17.0,781.59
2022-03-31,US,Manhattan,pm25,66,14.0,114.0,52.0,5135.99
2022-03-31,US,Miami,pm25,93,40.0,68.0,50.0,201.17
2022-03-31,US,Jacksonville,pm25,142,9.0,64.0,52.0,2974.45
2022-03-31,US,San Antonio,pm25,53,3.0,55.0,25.0,2179.94
2022-03-31,US,Philadelphia,pm25,91,3.0,120.0,45.0,2565.79
2022-03-31,US,San Diego,pm25,24,13.0,48.0,25.0,898.84
2022-03-31,US,Columbus,pm25,48,16.0,64.0,26.0,1656.66
2022-03-31,US,Saint Paul,pm25,116,5.0,59.0,13.0,714.5
2022-03-31,US,Denver,pm25,115,9.0,46.0,17.0,458.31
2022-03-31,US,Salt Lake City,pm25,216,5.0,40.0,16.0,448.34
2022-03-31,US,Albuquerque,pm25,72,13.0,57.0,21.0,923.52
2022-03-31,US,San Francisco,pm25,72,9.0,65.0,34.0,1860.84
2022-03-31,US,Salem,pm25,72,9.0,38.0,15.0,327.86
2022-03-31,US,Madison,pm25,48,8.0,21.0,15.0,110.64
2022-03-31,US,Nashville,pm25,69,5.0,44.0,19.0,941.46
2022-03-31,US,Tucson,pm25,151,5.0,50.0,17.0,1010.2
2022-03-31,US,Queens,pm25,90,6.0,68.0,51.0,2691.23
2022-03-31,US,Tallahassee,pm25,66,16.0,80.0,40.0,1789.43
2022-03-31,US,Fort Worth,pm25,17,5.0,38.0,17.0,682.35
2022-03-31,RS,Novi Sad,pm25,48,16.0,74.0,51.0,2434.4
2022-03-31,RS,Niš,pm25,48,44.0,136.0,77.0,4285.63
2022-03-31,RS,Belgrade,pm25,120,51.0,144.0,71.0,2304.0
2022-03-31,CY,Nicosia,pm25,24,61.0,112.0,78.0,2109.11
2022-03-31,CY,Limassol,pm25,24,51.0,113.0,66.0,2533.62
2022-03-31,HR,Zagreb,pm25,23,27.0,137.0,62.0,8894.39
2022-03-31,HR,Rijeka,pm25,79,2.0,83.0,34.0,4885.09
2022-03-31,MK,Skopje,pm25,168,9.0,156.0,83.0,12077.1
2022-04-01,GE,Tbilisi,pm25,96,63.0,120.0,79.0,2448.17
2022-04-01,HU,Győr,pm25,47,17.0,74.0,46.0,2291.41
2022-04-01,HU,Szeged,pm25,22,21.0,55.0,42.0,695.0
2022-04-01,HU,Pécs,pm25,72,9.0,63.0,46.0,2287.61
2022-04-01,HU,Kecskemét,pm25,48,34.0,97.0,70.0,2753.17
2022-04-01,HU,Miskolc,pm25,90,21.0,50.0,34.0,749.67
2022-04-01,HU,Budapest,pm25,211,13.0,91.0,63.0,4171.34
2022-04-01,JP,Fukuoka,pm25,376,5.0,93.0,30.0,1291.35
2022-04-01,JP,Kanazawa,pm25,212,5.0,68.0,25.0,1863.91
2022-04-01,JP,Kumamoto,pm25,357,5.0,70.0,30.0,1725.44
2022-04-01,JP,Akita,pm25,42,5.0,72.0,34.0,2900.28
2022-04-01,JP,Kochi,pm25,47,5.0,50.0,25.0,1033.89
2022-04-01,JP,Gifu-shi,pm25,137,5.0,78.0,30.0,2809.08
2022-04-01,JP,Kyoto,pm25,566,5.0,72.0,30.0,1688.48
2022-04-01,JP,Hiroshima,pm25,286,5.0,93.0,25.0,1682.13
2022-04-01,JP,Shizuoka,pm25,213,5.0,59.0,17.0,1961.4
2022-04-01,JP,Chiba,pm25,648,5.0,72.0,21.0,1862.45
2022-04-01,JP,Sapporo,pm25,212,5.0,57.0,21.0,1177.95
2022-04-01,JP,Yokohama,pm25,492,1.0,68.0,21.0,1527.7
2022-04-01,JP,Tokyo,pm25,2435,1.0,70.0,21.0,1355.33
2022-04-01,JP,Saitama,pm25,478,5.0,68.0,21.0,1500.02
2022-04-01,JP,Naha,pm25,144,5.0,59.0,42.0,1564.75
2022-04-01,JP,Nagasaki,pm25,186,5.0,59.0,25.0,1183.08
2022-04-01,JP,Toyama,pm25,181,5.0,63.0,25.0,1917.59
2022-04-01,JP,Niigata,pm25,211,5.0,61.0,25.0,1337.38
2022-04-01,JP,Nara-shi,pm25,189,5.0,53.0,25.0,1193.12
2022-04-01,JP,Okayama,pm25,283,5.0,63.0,30.0,1139.33
2022-04-01,JP,Sendai,pm25,464,5.0,59.0,30.0,1525.85
2022-04-01,JP,Osaka,pm25,1367,5.0,95.0,25.0,1515.85
2022-04-01,JP,Miyazaki,pm25,133,5.0,78.0,38.0,1867.42
2022-04-01,JP,Matsuyama,pm25,134,5.0,99.0,30.0,2523.88
2022-04-01,JP,Wakayama,pm25,277,5.0,68.0,25.0,1430.07
2022-04-01,JP,Takamatsu,pm25,230,5.0,57.0,21.0,1112.9
2022-04-01,JP,Nagoya,pm25,667,5.0,68.0,21.0,1786.64
2022-04-01,JP,Ōita,pm25,235,5.0,61.0,25.0,1156.71
2022-04-01,JP,Kobe,pm25,399,5.0,74.0,30.0,1374.87
2022-04-01,JP,Nagano,pm25,73,5.0,50.0,21.0,1513.61
2022-04-01,JP,Utsunomiya,pm25,398,5.0,63.0,21.0,1436.26
2022-04-01,JP,Kagoshima,pm25,96,17.0,76.0,42.0,1453.22
2022-04-01,SK,Košice,pm25,77,5.0,137.0,13.0,4587.62
2022-04-01,SK,Bratislava,pm25,96,17.0,70.0,50.0,1102.52
2022-04-01,FI,Vantaa,pm25,24,12.0,45.0,30.0,826.67
2022-04-01,FI,Turku,pm25,24,9.0,56.0,20.0,2046.94
2022-04-01,FI,Helsinki,pm25,120,10.0,106.0,30.0,3753.78
2022-04-01,FI,Tampere,pm25,96,12.0,104.0,28.0,2920.91
2022-04-01,ET,Addis Ababa,pm25,45,74.0,149.0,91.0,1527.68
2022-04-01,CH,Zürich,pm25,17,1.0,3.0,2.0,5.66
2022-04-01,CO,Bogotá,pm25,237,13.0,117.0,68.0,4038.25
2022-04-01,CO,Medellín,pm25,369,30.0,92.0,61.0,1587.6
2022-04-01,DK,Copenhagen,pm25,24,10.0,44.0,30.0,756.5
2022-04-01,EC,Quito,pm25,192,4.0,153.0,52.0,7212.22
2022-04-01,GB,Edinburgh,pm25,142,4.0,50.0,12.0,470.22
2022-04-01,GB,Norwich,pm25,19,12.0,27.0,17.0,137.6
2022-04-01,GB,Liverpool,pm25,22,5.0,17.0,13.0,120.28
2022-04-01,GB,Belfast,pm25,60,9.0,24.0,16.0,119.78
2022-04-01,GB,Coventry,pm25,57,13.0,37.0,17.0,333.4
2022-04-01,GB,Leeds,pm25,39,5.0,61.0,16.0,1750.99
2022-04-01,GB,Cardiff,pm25,106,5.0,38.0,17.0,586.2
2022-04-01,GB,Bristol,pm25,50,5.0,42.0,17.0,934.79
2022-04-01,GB,London,pm25,441,2.0,78.0,20.0,1145.92
2022-04-01,GB,Birmingham,pm25,37,15.0,26.0,17.0,77.66
2022-04-01,GB,Sheffield,pm25,59,13.0,57.0,17.0,727.67
2022-04-01,GB,Newport,pm25,31,8.0,17.0,13.0,58.28
2022-04-01,GB,Leicester,pm25,17,17.0,39.0,24.0,470.0
2022-04-01,GB,Manchester,pm25,53,12.0,46.0,20.0,528.32
2022-04-01,GB,Reading,pm25,47,13.0,42.0,25.0,753.9
2022-04-01,GB,Plymouth,pm25,24,5.0,17.0,13.0,148.68
2022-04-01,GB,Glasgow,pm25,566,4.0,65.0,15.0,765.2
2022-04-01,GB,Preston,pm25,45,9.0,53.0,12.0,850.13
2022-04-01,GB,Swansea,pm25,53,5.0,25.0,9.0,318.37
2022-04-01,GB,Southend-on-Sea,pm25,41,13.0,23.0,15.0,67.98
2022-04-01,ID,Jakarta,pm25,64,61.0,166.0,112.0,7995.02
2022-04-01,NP,Kathmandu,pm25,48,154.0,182.0,161.0,516.58
2022-04-01,NP,Pokhara,pm25,19,107.0,171.0,122.0,2729.82
2022-04-01,NP,Biratnagar,pm25,39,47.0,172.0,146.0,20558.2
2022-04-01,AU,Sydney,pm25,160,1.0,30.0,13.0,411.35
2022-04-01,AU,Newcastle,pm25,124,1.0,39.0,12.0,720.87
2022-04-01,AU,Launceston,pm25,24,5.0,9.0,5.0,31.3
2022-04-01,AU,Hobart,pm25,18,5.0,9.0,5.0,23.53
2022-04-01,AU,Darwin,pm25,69,5.0,53.0,18.0,1110.75
2022-04-01,AU,Melbourne,pm25,160,1.0,48.0,20.0,845.06
2022-04-01,AU,Canberra,pm25,60,1.0,67.0,14.0,1921.05
2022-04-01,AU,Adelaide,pm25,93,2.0,64.0,21.0,1220.63
2022-04-01,AU,Brisbane,pm25,144,1.0,52.0,22.0,907.38
2022-04-01,AU,Perth,pm25,81,2.0,9.0,5.0,38.0
2022-04-01,AU,Wollongong,pm25,34,2.0,34.0,13.0,810.84
2022-04-01,CI,Abidjan,pm25,24,57.0,97.0,80.0,1523.48
2022-04-01,GH,Accra,pm25,10,59.0,82.0,70.0,571.56
2022-04-01,IQ,Baghdad,pm25,24,117.0,291.0,154.0,13938.2
2022-04-01,IS,Reykjavík,pm25,93,1.0,51.0,19.0,844.48
2022-04-01,KG,Bishkek,pm25,24,25.0,139.0,55.0,9140.22
2022-04-01,NL,Utrecht,pm25,48,14.0,51.0,27.0,696.38
2022-04-01,NL,Nijmegen,pm25,38,5.0,74.0,26.0,2042.62
2022-04-01,NL,Haarlem,pm25,128,1.0,67.0,15.0,1722.97
2022-04-01,NL,Eindhoven,pm25,22,2.0,52.0,36.0,1824.09
2022-04-01,NL,Rotterdam,pm25,192,5.0,42.0,15.0,313.26
2022-04-01,NL,Amsterdam,pm25,250,1.0,111.0,20.0,937.28
2022-04-01,NL,Dordrecht,pm25,24,25.0,50.0,30.0,486.88
2022-04-01,NL,Breda,pm25,24,13.0,49.0,22.0,853.84
2022-04-01,NL,Groningen,pm25,42,2.0,40.0,14.0,755.68
2022-04-01,NL,Maastricht,pm25,96,13.0,74.0,46.0,2393.41
2022-04-01,NL,The Hague,pm25,66,2.0,51.0,14.0,545.22
2022-04-01,PT,Lisbon,pm25,31,9.0,22.0,13.0,155.4
2022-04-01,CA,Hamilton,pm25,43,5.0,17.0,9.0,103.3
2022-04-01,CA,Calgary,pm25,89,1.0,58.0,10.0,1422.89
2022-04-01,CA,Winnipeg,pm25,24,14.0,38.0,28.0,443.9
2022-04-01,CA,Halifax,pm25,39,9.0,50.0,19.0,1374.1
2022-04-01,CA,Kitchener,pm25,17,5.0,13.0,5.0,58.82
2022-04-01,CA,Edmonton,pm25,137,1.0,66.0,12.0,1829.05
2022-04-01,CA,Mississauga,pm25,33,5.0,13.0,9.0,60.3
2022-04-01,CA,Québec,pm25,189,5.0,62.0,29.0,2483.93
2022-04-01,CA,Vancouver,pm25,20,7.0,15.0,11.0,66.42
2022-04-01,CA,Victoria,pm25,23,5.0,34.0,17.0,579.01
2022-04-01,CA,Montréal,pm25,365,3.0,74.0,15.0,1884.21
2022-04-01,CA,Toronto,pm25,107,5.0,25.0,9.0,291.62
2022-04-01,CA,Ottawa,pm25,62,5.0,20.0,12.0,163.53
2022-04-01,CA,London,pm25,25,5.0,17.0,9.0,142.4
2022-04-01,US,Oklahoma City,pm25,96,18.0,47.0,28.0,506.74
2022-04-01,US,Raleigh,pm25,65,5.0,59.0,21.0,1284.04
2022-04-01,US,Memphis,pm25,71,3.0,51.0,26.0,940.5
2022-04-01,US,Jackson,pm25,72,10.0,86.0,21.0,1778.4
2022-04-01,US,Boston,pm25,127,5.0,53.0,21.0,1009.97
2022-04-01,US,Richmond,pm25,96,6.0,39.0,13.0,998.18
2022-04-01,US,Portland,pm25,167,9.0,42.0,18.0,498.88
2022-04-01,US,Boise,pm25,78,5.0,50.0,13.0,1665.11
2022-04-01,US,Austin,pm25,41,5.0,65.0,25.0,2876.61
2022-04-01,US,Honolulu,pm25,24,5.0,30.0,17.0,388.24
2022-04-01,US,Fresno,pm25,48,19.0,82.0,50.0,2569.36
2022-04-01,US,Milwaukee,pm25,144,9.0,35.0,17.0,395.34
2022-04-01,US,Hartford,pm25,48,5.0,38.0,13.0,741.24
2022-04-01,US,Washington D.C.,pm25,101,5.0,46.0,17.0,895.68
2022-04-01,US,Chicago,pm25,239,5.0,69.0,19.0,1219.81
2022-04-01,US,Houston,pm25,48,26.0,64.0,43.0,983.39
2022-04-01,US,Indianapolis,pm25,96,10.0,104.0,20.0,1916.79
2022-04-01,US,Atlanta,pm25,24,15.0,39.0,26.0,724.06
2022-04-01,US,Charlotte,pm25,71,5.0,43.0,20.0,751.83
2022-04-01,US,Sacramento,pm25,70,9.0,57.0,34.0,1187.5
2022-04-01,US,Oakland,pm25,120,13.0,78.0,50.0,1742.91
2022-04-01,US,Providence,pm25,41,5.0,50.0,17.0,1009.1
2022-04-01,US,Staten Island,pm25,63,5.0,65.0,24.0,2199.62
2022-04-01,US,Brooklyn,pm25,43,3.0,37.0,14.0,643.38
2022-04-01,US,Springfield,pm25,70,3.0,62.0,24.0,862.46
2022-04-01,US,San Jose,pm25,95,9.0,72.0,42.0,2255.09
2022-04-01,US,Los Angeles,pm25,72,29.0,104.0,58.0,2623.87
2022-04-01,US,Detroit,pm25,143,5.0,35.0,19.0,266.12
2022-04-01,US,Little Rock,pm25,24,13.0,39.0,26.0,637.97
2022-04-01,US,Baltimore,pm25,43,5.0,45.0,13.0,1060.93
2022-04-01,US,Phoenix,pm25,188,1.0,66.0,28.0,1900.1
2022-04-01,US,Omaha,pm25,48,9.0,53.0,30.0,916.17
2022-04-01,US,El Paso,pm25,160,5.0,76.0,24.0,2410.8
2022-04-01,US,Dallas,pm25,24,10.0,35.0,23.0,586.5
2022-04-01,US,Seattle,pm25,242,5.0,42.0,17.0,611.51
2022-04-01,US,Manhattan,pm25,44,1.0,39.0,14.0,909.77
2022-04-01,US,Miami,pm25,94,25.0,55.0,47.0,482.53
2022-04-01,US,Jacksonville,pm25,144,13.0,61.0,35.0,915.2
2022-04-01,US,San Antonio,pm25,44,7.0,60.0,28.0,2589.02
2022-04-01,US,Philadelphia,pm25,90,5.0,143.0,23.0,4937.35
2022-04-01,US,San Diego,pm25,24,12.0,59.0,34.0,1046.94
2022-04-01,US,Columbus,pm25,48,7.0,43.0,18.0,494.4
2022-04-01,US,Saint Paul,pm25,134,5.0,59.0,21.0,1221.6
2022-04-01,US,Denver,pm25,146,9.0,42.0,21.0,409.6
2022-04-01,US,Salt Lake City,pm25,214,5.0,51.0,18.0,725.54
2022-04-01,US,Albuquerque,pm25,72,11.0,63.0,15.0,577.6
2022-04-01,US,San Francisco,pm25,62,5.0,72.0,50.0,3847.14
2022-04-01,US,Salem,pm25,72,10.0,50.0,19.0,728.07
2022-04-01,US,Madison,pm25,48,9.0,25.0,15.0,130.32
2022-04-01,US,Nashville,pm25,70,5.0,59.0,21.0,927.12
2022-04-01,US,Tucson,pm25,145,5.0,70.0,21.0,2378.84
2022-04-01,US,Queens,pm25,63,4.0,56.0,15.0,1853.04
2022-04-01,US,Tallahassee,pm25,72,13.0,72.0,29.0,1952.8
2022-04-01,US,Fort Worth,pm25,23,9.0,61.0,25.0,1764.07
2022-04-01,RS,Novi Sad,pm25,48,13.0,68.0,33.0,2302.11
2022-04-01,RS,Niš,pm25,48,22.0,123.0,55.0,5096.48
2022-04-01,RS,Belgrade,pm25,120,11.0,88.0,47.0,2428.85
2022-04-01,CY,Nicosia,pm25,24,73.0,132.0,90.0,2194.76
2022-04-01,CY,Limassol,pm25,24,64.0,131.0,80.0,2478.53
2022-04-01,HR,Zagreb,pm25,22,28.0,72.0,48.0,2015.95
2022-04-01,HR,Rijeka,pm25,79,4.0,63.0,18.0,2169.68
2022-04-01,MK,Skopje,pm25,155,8.0,151.0,73.0,9920.43
2022-04-02,GE,Tbilisi,pm25,96,78.0,138.0,84.0,4466.94
2022-04-02,HU,Győr,pm25,48,25.0,78.0,57.0,1227.07
2022-04-02,HU,Szeged,pm25,23,50.0,78.0,63.0,563.4
2022-04-02,HU,Pécs,pm25,72,46.0,65.0,59.0,239.15
2022-04-02,HU,Kecskemét,pm25,48,74.0,107.0,95.0,731.84
2022-04-02,HU,Miskolc,pm25,118,21.0,68.0,46.0,1295.08
2022-04-02,HU,Budapest,pm25,210,38.0,89.0,72.0,1321.75
2022-04-02,JP,Fukuoka,pm25,394,5.0,82.0,34.0,1444.6
2022-04-02,JP,Kanazawa,pm25,223,5.0,57.0,25.0,1366.25
2022-04-02,JP,Kumamoto,pm25,360,5.0,107.0,34.0,2518.27
2022-04-02,JP,Akita,pm25,45,5.0,63.0,25.0,1556.01
2022-04-02,JP,Kochi,pm25,47,5.0,46.0,30.0,925.74
2022-04-02,JP,Gifu-shi,pm25,174,5.0,93.0,34.0,2967.68
2022-04-02,JP,Kyoto,pm25,572,5.0,72.0,42.0,1192.02
2022-04-02,JP,Hiroshima,pm25,281,5.0,68.0,30.0,1749.81
2022-04-02,JP,Shizuoka,pm25,246,5.0,93.0,34.0,2031.3
2022-04-02,JP,Chiba,pm25,746,5.0,89.0,30.0,1912.67
2022-04-02,JP,Sapporo,pm25,205,5.0,63.0,30.0,2075.35
2022-04-02,JP,Yokohama,pm25,542,1.0,95.0,34.0,2012.35
2022-04-02,JP,Tokyo,pm25,2563,1.0,91.0,38.0,1123.63
2022-04-02,JP,Saitama,pm25,494,5.0,91.0,38.0,1325.44
2022-04-02,JP,Naha,pm25,144,5.0,59.0,25.0,2353.4
2022-04-02,JP,Nagasaki,pm25,180,5.0,68.0,25.0,1198.83
2022-04-02,JP,Toyama,pm25,188,5.0,63.0,34.0,1615.56
2022-04-02,JP,Niigata,pm25,211,5.0,70.0,25.0,1248.32
2022-04-02,JP,Nara-shi,pm25,191,9.0,63.0,38.0,841.64
2022-04-02,JP,Okayama,pm25,287,9.0,80.0,42.0,1674.38
2022-04-02,JP,Sendai,pm25,454,5.0,61.0,25.0,825.3
2022-04-02,JP,Osaka,pm25,1456,5.0,70.0,38.0,1400.02
2022-04-02,JP,Miyazaki,pm25,135,5.0,68.0,38.0,1825.93
2022-04-02,JP,Matsuyama,pm25,154,9.0,72.0,38.0,1850.3
2022-04-02,JP,Wakayama,pm25,281,13.0,68.0,38.0,975.96
2022-04-02,JP,Takamatsu,pm25,238,5.0,63.0,30.0,1109.81
2022-04-02,JP,Nagoya,pm25,774,5.0,89.0,42.0,1895.64
2022-04-02,JP,Ōita,pm25,243,5.0,59.0,30.0,1655.09
2022-04-02,JP,Kobe,pm25,416,9.0,87.0,38.0,1122.12
2022-04-02,JP,Nagano,pm25,70,5.0,57.0,34.0,1733.13
2022-04-02,JP,Utsunomiya,pm25,428,9.0,59.0,34.0,1019.11
2022-04-02,JP,Kagoshima,pm25,94,17.0,55.0,42.0,944.51
2022-04-02,SK,Košice,pm25,92,5.0,76.0,34.0,3030.61
2022-04-02,SK,Bratislava,pm25,92,34.0,61.0,50.0,425.65
2022-04-02,FI,Vantaa,pm25,24,12.0,80.0,33.0,2624.28
2022-04-02,FI,Turku,pm25,24,4.0,45.0,16.0,1428.7
2022-04-02,FI,Helsinki,pm25,120,17.0,146.0,37.0,4361.46
2022-04-02,FI,Tampere,pm25,96,8.0,121.0,27.0,5513.15
2022-04-02,ET,Addis Ababa,pm25,48,34.0,151.0,72.0,3260.0
2022-04-02,CH,Zürich,pm25,23,1.0,3.0,2.0,4.82
2022-04-02,CO,Bogotá,pm25,317,13.0,117.0,65.0,2202.23
2022-04-02,CO,Medellín,pm25,334,30.0,93.0,65.0,1310.76
2022-04-02,DK,Copenhagen,pm25,24,10.0,47.0,24.0,641.72
2022-04-02,EC,Quito,pm25,192,2.0,150.0,51.0,5079.42
2022-04-02,GB,Edinburgh,pm25,139,7.0,232.0,15.0,6083.15
2022-04-02,GB,Norwich,pm25,10,11.0,41.0,13.0,1156.56
2022-04-02,GB,Liverpool,pm25,39,9.0,57.0,21.0,1229.8
2022-04-02,GB,Belfast,pm25,58,6.0,53.0,17.0,899.68
2022-04-02,GB,Coventry,pm25,50,25.0,58.0,37.0,881.8
2022-04-02,GB,Leeds,pm25,28,17.0,57.0,30.0,1290.41
2022-04-02,GB,Cardiff,pm25,94,13.0,68.0,25.0,2073.52
2022-04-02,GB,Bristol,pm25,63,5.0,72.0,34.0,2645.76
2022-04-02,GB,London,pm25,480,5.0,95.0,30.0,2275.45
2022-04-02,GB,Birmingham,pm25,39,22.0,64.0,32.0,1054.01
2022-04-02,GB,Sheffield,pm25,82,17.0,81.0,34.0,1212.52
2022-04-02,GB,Newport,pm25,38,12.0,48.0,14.0,1331.41
2022-04-02,GB,Leicester,pm25,18,30.0,60.0,40.0,960.16
2022-04-02,GB,Manchester,pm25,41,16.0,64.0,47.0,2003.0
2022-04-02,GB,Reading,pm25,48,13.0,65.0,34.0,2990.57
2022-04-02,GB,Plymouth,pm25,26,5.0,52.0,16.0,1275.82
2022-04-02,GB,Glasgow,pm25,570,5.0,64.0,21.0,1344.28
2022-04-02,GB,Preston,pm25,38,12.0,68.0,30.0,2504.3
2022-04-02,GB,Swansea,pm25,88,5.0,154.0,25.0,8321.43
2022-04-02,GB,Southend-on-Sea,pm25,42,11.0,37.0,17.0,270.85
2022-04-02,ID,Jakarta,pm25,70,38.0,161.0,74.0,7546.46
2022-04-02,NP,Kathmandu,pm25,48,152.0,472.0,161.0,20503.1
2022-04-02,NP,Pokhara,pm25,24,92.0,153.0,124.0,2205.92
2022-04-02,NP,Biratnagar,pm25,48,39.0,161.0,65.0,21226.8
2022-04-02,AU,Sydney,pm25,127,1.0,68.0,8.0,900.05
2022-04-02,AU,Newcastle,pm25,126,1.0,51.0,11.0,998.63
2022-04-02,AU,Launceston,pm25,35,5.0,13.0,5.0,26.08
2022-04-02,AU,Hobart,pm25,22,5.0,5.0,5.0,0.0
2022-04-02,AU,Darwin,pm25,71,1.0,52.0,24.0,1235.99
2022-04-02,AU,Melbourne,pm25,158,1.0,38.0,14.0,876.67
2022-04-02,AU,Canberra,pm25,61,1.0,58.0,21.0,1785.57
2022-04-02,AU,Adelaide,pm25,90,3.0,58.0,20.0,1167.75
2022-04-02,AU,Brisbane,pm25,155,4.0,46.0,23.0,586.54
2022-04-02,AU,Perth,pm25,69,2.0,20.0,5.0,84.24
2022-04-02,AU,Wollongong,pm25,30,1.0,39.0,9.0,668.23
2022-04-02,CI,Abidjan,pm25,24,46.0,142.0,80.0,5647.54
2022-04-02,GH,Accra,pm25,24,59.0,117.0,74.0,2108.24
2022-04-02,IQ,Baghdad,pm25,24,95.0,169.0,139.0,4400.8
2022-04-02,IS,Reykjavík,pm25,96,4.0,25.0,13.0,338.46
2022-04-02,KG,Bishkek,pm25,24,17.0,159.0,46.0,11647.2
2022-04-02,NL,Utrecht,pm25,47,2.0,54.0,18.0,1794.55
2022-04-02,NL,Nijmegen,pm25,46,4.0,71.0,29.0,1652.55
2022-04-02,NL,Haarlem,pm25,137,1.0,60.0,21.0,1839.5
2022-04-02,NL,Eindhoven,pm25,24,22.0,55.0,35.0,599.35
2022-04-02,NL,Rotterdam,pm25,192,2.0,52.0,17.0,352.9
2022-04-02,NL,Amsterdam,pm25,254,1.0,75.0,20.0,1313.91
2022-04-02,NL,Dordrecht,pm25,24,14.0,55.0,27.0,1207.81
2022-04-02,NL,Breda,pm25,24,11.0,40.0,24.0,624.33
2022-04-02,NL,Groningen,pm25,46,3.0,37.0,19.0,675.85
2022-04-02,NL,Maastricht,pm25,96,5.0,55.0,30.0,1070.21
2022-04-02,NL,The Hague,pm25,61,3.0,46.0,17.0,487.73
2022-04-02,PT,Lisbon,pm25,7,13.0,27.0,21.0,386.67
2022-04-02,CA,Hamilton,pm25,78,5.0,61.0,13.0,2549.21
2022-04-02,CA,Calgary,pm25,91,1.0,62.0,10.0,1865.85
2022-04-02,CA,Winnipeg,pm25,21,8.0,24.0,10.0,119.29
2022-04-02,CA,Halifax,pm25,37,3.0,18.0,11.0,230.35
2022-04-02,CA,Kitchener,pm25,29,9.0,50.0,21.0,1627.66
2022-04-02,CA,Edmonton,pm25,137,2.0,92.0,14.0,1311.43
2022-04-02,CA,Mississauga,pm25,56,9.0,63.0,17.0,1796.52
2022-04-02,CA,Québec,pm25,162,5.0,52.0,14.0,736.99
2022-04-02,CA,Vancouver,pm25,23,9.0,30.0,14.0,437.04
2022-04-02,CA,Victoria,pm25,23,5.0,34.0,17.0,470.79
2022-04-02,CA,Montréal,pm25,280,3.0,53.0,12.0,1104.32
2022-04-02,CA,Toronto,pm25,124,5.0,57.0,17.0,1260.16
2022-04-02,CA,Ottawa,pm25,55,9.0,52.0,14.0,1494.03
2022-04-02,CA,London,pm25,42,9.0,38.0,17.0,768.78
2022-04-02,US,Oklahoma City,pm25,96,18.0,65.0,27.0,602.28
2022-04-02,US,Raleigh,pm25,64,5.0,61.0,21.0,1695.23
2022-04-02,US,Memphis,pm25,71,15.0,70.0,32.0,976.55
2022-04-02,US,Jackson,pm25,72,12.0,163.0,35.0,6273.22
2022-04-02,US,Boston,pm25,112,5.0,87.0,13.0,1606.71
2022-04-02,US,Richmond,pm25,96,8.0,28.0,19.0,191.5
2022-04-02,US,Portland,pm25,166,5.0,83.0,15.0,1912.72
2022-04-02,US,Boise,pm25,77,5.0,42.0,17.0,922.7
2022-04-02,US,Austin,pm25,40,5.0,72.0,34.0,3107.15
2022-04-02,US,Honolulu,pm25,34,5.0,38.0,21.0,972.81
2022-04-02,US,Fresno,pm25,48,12.0,97.0,38.0,3404.68
2022-04-02,US,Milwaukee,pm25,136,25.0,69.0,45.0,1407.16
2022-04-02,US,Hartford,pm25,48,5.0,62.0,10.0,1336.66
2022-04-02,US,Washington D.C.,pm25,114,5.0,53.0,17.0,821.15
2022-04-02,US,Chicago,pm25,239,15.0,71.0,37.0,1409.35
2022-04-02,US,Houston,pm25,48,21.0,76.0,54.0,1276.58
2022-04-02,US,Indianapolis,pm25,97,18.0,84.0,43.0,1295.98
2022-04-02,US,Atlanta,pm25,24,30.0,55.0,43.0,702.45
2022-04-02,US,Charlotte,pm25,70,5.0,72.0,23.0,1686.2
2022-04-02,US,Sacramento,pm25,70,10.0,82.0,31.0,1728.91
2022-04-02,US,Oakland,pm25,120,17.0,68.0,46.0,1434.08
2022-04-02,US,Providence,pm25,33,5.0,46.0,13.0,898.43
2022-04-02,US,Staten Island,pm25,61,4.0,40.0,16.0,943.16
2022-04-02,US,Brooklyn,pm25,43,3.0,40.0,14.0,995.43
2022-04-02,US,Springfield,pm25,71,10.0,55.0,27.0,1430.39
2022-04-02,US,San Jose,pm25,94,13.0,76.0,38.0,1964.28
2022-04-02,US,Los Angeles,pm25,72,33.0,101.0,57.0,2105.35
2022-04-02,US,Detroit,pm25,144,15.0,91.0,40.0,1883.34
2022-04-02,US,Little Rock,pm25,24,15.0,90.0,30.0,4013.84
2022-04-02,US,Baltimore,pm25,45,5.0,58.0,20.0,1831.49
2022-04-02,US,Phoenix,pm25,191,2.0,79.0,28.0,2170.1
2022-04-02,US,Omaha,pm25,41,5.0,61.0,30.0,2837.8
2022-04-02,US,El Paso,pm25,162,5.0,115.0,25.0,4355.0
2022-04-02,US,Dallas,pm25,24,25.0,60.0,35.0,928.62
2022-04-02,US,Seattle,pm25,237,4.0,53.0,17.0,733.54
2022-04-02,US,Manhattan,pm25,40,1.0,36.0,13.0,472.3
2022-04-02,US,Miami,pm25,88,18.0,57.0,36.0,760.15
2022-04-02,US,Jacksonville,pm25,144,19.0,94.0,43.0,1247.22
2022-04-02,US,San Antonio,pm25,45,3.0,60.0,35.0,3156.16
2022-04-02,US,Philadelphia,pm25,83,3.0,117.0,19.0,3441.74
2022-04-02,US,San Diego,pm25,24,23.0,60.0,39.0,1080.87
2022-04-02,US,Columbus,pm25,47,5.0,45.0,28.0,1100.05
2022-04-02,US,Saint Paul,pm25,126,5.0,57.0,17.0,1641.52
2022-04-02,US,Denver,pm25,148,13.0,61.0,30.0,1071.2
2022-04-02,US,Salt Lake City,pm25,216,8.0,45.0,19.0,583.17
2022-04-02,US,Albuquerque,pm25,72,14.0,71.0,18.0,856.27
2022-04-02,US,San Francisco,pm25,64,5.0,70.0,34.0,3614.8
2022-04-02,US,Salem,pm25,72,8.0,63.0,13.0,1813.36
2022-04-02,US,Madison,pm25,48,23.0,55.0,42.0,907.19
2022-04-02,US,Nashville,pm25,72,5.0,57.0,30.0,1313.28
2022-04-02,US,Tucson,pm25,146,5.0,95.0,21.0,2121.14
2022-04-02,US,Queens,pm25,63,1.0,34.0,13.0,439.41
2022-04-02,US,Tallahassee,pm25,71,9.0,93.0,46.0,2920.97
2022-04-02,US,Fort Worth,pm25,24,5.0,53.0,30.0,1462.61
2022-04-02,RS,Novi Sad,pm25,48,28.0,89.0,70.0,2005.53
2022-04-02,RS,Niš,pm25,48,6.0,64.0,21.0,1829.2
2022-04-02,RS,Belgrade,pm25,120,16.0,110.0,67.0,4114.9
2022-04-02,CY,Nicosia,pm25,24,81.0,154.0,95.0,3361.58
2022-04-02,CY,Limassol,pm25,24,62.0,100.0,83.0,925.43
2022-04-02,HR,Zagreb,pm25,12,58.0,73.0,68.0,189.7
2022-04-02,HR,Rijeka,pm25,79,5.0,77.0,16.0,1367.12
2022-04-02,MK,Skopje,pm25,160,1.0,75.0,20.0,4325.28
2022-04-03,GE,Tbilisi,pm25,96,80.0,132.0,89.0,3192.0
2022-04-03,HU,Győr,pm25,48,13.0,78.0,50.0,2302.55
2022-04-03,HU,Szeged,pm25,17,34.0,59.0,55.0,883.9
2022-04-03,HU,Pécs,pm25,72,25.0,59.0,50.0,1296.74
2022-04-03,HU,Kecskemét,pm25,46,53.0,89.0,72.0,1007.92
2022-04-03,HU,Miskolc,pm25,116,34.0,65.0,53.0,246.61
2022-04-03,HU,Budapest,pm25,214,30.0,85.0,59.0,1496.77
2022-04-03,JP,Fukuoka,pm25,386,5.0,97.0,30.0,1866.9
2022-04-03,JP,Kanazawa,pm25,223,5.0,65.0,30.0,1490.44
2022-04-03,JP,Kumamoto,pm25,353,5.0,132.0,34.0,3170.96
2022-04-03,JP,Akita,pm25,44,9.0,57.0,30.0,1446.7
2022-04-03,JP,Kochi,pm25,44,5.0,57.0,21.0,1116.96
2022-04-03,JP,Gifu-shi,pm25,172,5.0,65.0,30.0,2713.19
2022-04-03,JP,Kyoto,pm25,574,5.0,57.0,30.0,1293.54
2022-04-03,JP,Hiroshima,pm25,298,5.0,72.0,34.0,2388.1
2022-04-03,JP,Shizuoka,pm25,203,5.0,65.0,13.0,1664.54
2022-04-03,JP,Chiba,pm25,770,5.0,65.0,34.0,1688.35
2022-04-03,JP,Sapporo,pm25,214,13.0,70.0,38.0,1195.68
2022-04-03,JP,Yokohama,pm25,539,1.0,59.0,30.0,1867.08
2022-04-03,JP,Tokyo,pm25,2562,1.0,91.0,38.0,1616.32
2022-04-03,JP,Saitama,pm25,476,5.0,72.0,38.0,1901.42
2022-04-03,JP,Naha,pm25,134,25.0,57.0,42.0,628.03
2022-04-03,JP,Nagasaki,pm25,176,5.0,61.0,25.0,1027.13
2022-04-03,JP,Toyama,pm25,189,9.0,68.0,34.0,1268.88
2022-04-03,JP,Niigata,pm25,213,5.0,59.0,30.0,1235.53
2022-04-03,JP,Nara-shi,pm25,184,5.0,53.0,25.0,693.28
2022-04-03,JP,Okayama,pm25,283,5.0,65.0,38.0,1443.29
2022-04-03,JP,Sendai,pm25,460,5.0,53.0,25.0,846.98
2022-04-03,JP,Osaka,pm25,1442,5.0,70.0,25.0,1332.27
2022-04-03,JP,Miyazaki,pm25,136,5.0,89.0,38.0,1998.5
2022-04-03,JP,Matsuyama,pm25,163,5.0,74.0,38.0,2635.26
2022-04-03,JP,Wakayama,pm25,282,9.0,68.0,30.0,1431.25
2022-04-03,JP,Takamatsu,pm25,236,5.0,63.0,30.0,1663.4
2022-04-03,JP,Nagoya,pm25,768,1.0,68.0,30.0,1639.02
2022-04-03,JP,Ōita,pm25,234,5.0,65.0,34.0,2033.0
2022-04-03,JP,Kobe,pm25,422,5.0,63.0,25.0,1536.87
2022-04-03,JP,Nagano,pm25,61,5.0,72.0,30.0,2773.24
2022-04-03,JP,Utsunomiya,pm25,428,5.0,61.0,34.0,1366.03
2022-04-03,JP,Kagoshima,pm25,95,30.0,80.0,46.0,1380.19
2022-04-03,SK,Košice,pm25,94,13.0,87.0,50.0,1284.72
2022-04-03,SK,Bratislava,pm25,96,13.0,55.0,34.0,982.74
2022-04-03,FI,Vantaa,pm25,21,8.0,76.0,16.0,3027.62
2022-04-03,FI,Turku,pm25,24,1.0,26.0,9.0,316.94
2022-04-03,FI,Helsinki,pm25,120,4.0,124.0,16.0,3766.21
2022-04-03,FI,Tampere,pm25,88,2.0,30.0,10.0,107.63
2022-04-03,ET,Addis Ababa,pm25,48,46.0,97.0,65.0,1104.46
2022-04-03,CH,Zürich,pm25,12,1.0,2.0,1.0,2.73
2022-04-03,CO,Bogotá,pm25,312,25.0,134.0,70.0,3172.73
2022-04-03,CO,Medellín,pm25,274,34.0,87.0,68.0,859.79
2022-04-03,DK,Copenhagen,pm25,24,2.0,68.0,24.0,1387.81
2022-04-03,EC,Quito,pm25,192,1.0,118.0,49.0,5648.88
2022-04-03,GB,Edinburgh,pm25,136,4.0,161.0,10.0,2112.04
2022-04-03,GB,Norwich,pm25,18,19.0,64.0,35.0,1485.36
2022-04-03,GB,Liverpool,pm25,31,25.0,93.0,46.0,1909.91
2022-04-03,GB,Belfast,pm25,88,10.0,70.0,38.0,2231.26
2022-04-03,GB,Coventry,pm25,57,17.0,75.0,50.0,1420.23
2022-04-03,GB,Leeds,pm25,34,13.0,65.0,30.0,1291.1
2022-04-03,GB,Cardiff,pm25,96,30.0,61.0,50.0,561.05
2022-04-03,GB,Bristol,pm25,68,21.0,76.0,50.0,1842.91
2022-04-03,GB,London,pm25,470,3.0,154.0,38.0,3064.28
2022-04-03,GB,Birmingham,pm25,35,21.0,64.0,54.0,909.38
2022-04-03,GB,Sheffield,pm25,65,17.0,68.0,34.0,779.97
2022-04-03,GB,Newport,pm25,48,24.0,59.0,45.0,751.47
2022-04-03,GB,Leicester,pm25,21,23.0,69.0,56.0,985.33
2022-04-03,GB,Manchester,pm25,30,15.0,88.0,53.0,3982.07
2022-04-03,GB,Reading,pm25,48,17.0,63.0,46.0,1704.61
2022-04-03,GB,Plymouth,pm25,38,13.0,61.0,30.0,1695.43
2022-04-03,GB,Glasgow,pm25,572,4.0,98.0,13.0,1483.16
2022-04-03,GB,Preston,pm25,39,13.0,110.0,41.0,3278.35
2022-04-03,GB,Swansea,pm25,93,5.0,68.0,38.0,2398.84
2022-04-03,GB,Southend-on-Sea,pm25,43,14.0,59.0,26.0,1294.39
2022-04-03,ID,Jakarta,pm25,71,9.0,112.0,42.0,3559.46
2022-04-03,NP,Kathmandu,pm25,48,74.0,178.0,149.0,6672.61
2022-04-03,NP,Pokhara,pm25,22,90.0,152.0,108.0,3287.55
2022-04-03,NP,Biratnagar,pm25,36,30.0,174.0,137.0,26407.3
2022-04-03,AU,Sydney,pm25,150,1.0,67.0,12.0,873.66
2022-04-03,AU,Newcastle,pm25,120,1.0,58.0,23.0,1688.73
2022-04-03,AU,Launceston,pm25,63,5.0,13.0,5.0,43.58
2022-04-03,AU,Hobart,pm25,42,5.0,17.0,9.0,185.92
2022-04-03,AU,Darwin,pm25,70,10.0,62.0,28.0,1197.65
2022-04-03,AU,Melbourne,pm25,140,2.0,40.0,15.0,695.43
2022-04-03,AU,Canberra,pm25,53,1.0,58.0,12.0,2013.4
2022-04-03,AU,Adelaide,pm25,88,3.0,63.0,13.0,1100.17
2022-04-03,AU,Brisbane,pm25,166,1.0,51.0,23.0,788.9
2022-04-03,AU,Perth,pm25,67,3.0,16.0,7.0,74.5
2022-04-03,AU,Wollongong,pm25,38,1.0,84.0,16.0,2251.24
2022-04-03,CI,Abidjan,pm25,24,57.0,127.0,72.0,1950.71
2022-04-03,GH,Accra,pm25,24,59.0,91.0,76.0,733.84
2022-04-03,IQ,Baghdad,pm25,24,99.0,229.0,170.0,10261.7
2022-04-03,IS,Reykjavík,pm25,95,1.0,33.0,12.0,419.27
2022-04-03,KG,Bishkek,pm25,24,25.0,139.0,59.0,9749.11
2022-04-03,NL,Utrecht,pm25,45,4.0,71.0,36.0,2501.09
2022-04-03,NL,Nijmegen,pm25,46,8.0,61.0,33.0,1921.6
2022-04-03,NL,Haarlem,pm25,129,1.0,64.0,23.0,1830.28
2022-04-03,NL,Eindhoven,pm25,24,24.0,64.0,42.0,997.97
2022-04-03,NL,Rotterdam,pm25,192,1.0,59.0,18.0,1268.21
2022-04-03,NL,Amsterdam,pm25,251,1.0,63.0,20.0,1789.1
2022-04-03,NL,Dordrecht,pm25,24,5.0,59.0,29.0,2480.71
2022-04-03,NL,Breda,pm25,24,17.0,67.0,31.0,1315.87
2022-04-03,NL,Groningen,pm25,46,1.0,42.0,19.0,912.87
2022-04-03,NL,Maastricht,pm25,91,13.0,72.0,34.0,1216.29
2022-04-03,NL,The Hague,pm25,64,1.0,27.0,10.0,352.22
2022-04-03,PT,Lisbon,pm25,19,10.0,23.0,15.0,146.55
2022-04-03,CA,Hamilton,pm25,92,9.0,74.0,34.0,2019.12
2022-04-03,CA,Calgary,pm25,92,5.0,51.0,15.0,1036.23
2022-04-03,CA,Winnipeg,pm25,24,16.0,37.0,28.0,376.23
2022-04-03,CA,Halifax,pm25,46,8.0,48.0,13.0,900.87
2022-04-03,CA,Kitchener,pm25,48,13.0,99.0,25.0,3591.27
2022-04-03,CA,Edmonton,pm25,135,2.0,71.0,15.0,1204.73
2022-04-03,CA,Mississauga,pm25,63,13.0,91.0,21.0,1337.47
2022-04-03,CA,Québec,pm25,151,12.0,56.0,20.0,791.46
2022-04-03,CA,Vancouver,pm25,23,6.0,23.0,13.0,202.69
2022-04-03,CA,Victoria,pm25,22,5.0,34.0,17.0,656.47
2022-04-03,CA,Montréal,pm25,388,6.0,69.0,27.0,1275.73
2022-04-03,CA,Toronto,pm25,126,9.0,59.0,25.0,660.6
2022-04-03,CA,Ottawa,pm25,65,12.0,57.0,21.0,1692.49
2022-04-03,CA,London,pm25,42,9.0,46.0,21.0,745.0
2022-04-03,US,Oklahoma City,pm25,96,28.0,74.0,41.0,824.84
2022-04-03,US,Raleigh,pm25,68,5.0,70.0,25.0,2752.02
2022-04-03,US,Memphis,pm25,71,7.0,83.0,19.0,2013.31
2022-04-03,US,Jackson,pm25,72,13.0,109.0,36.0,3299.28
2022-04-03,US,Boston,pm25,133,5.0,78.0,25.0,1769.49
2022-04-03,US,Richmond,pm25,96,12.0,33.0,21.0,279.14
2022-04-03,US,Portland,pm25,168,10.0,87.0,20.0,2303.95
2022-04-03,US,Boise,pm25,76,5.0,70.0,17.0,1945.19
2022-04-03,US,Austin,pm25,45,5.0,80.0,34.0,3779.8
2022-04-03,US,Honolulu,pm25,68,5.0,42.0,17.0,799.67
2022-04-03,US,Fresno,pm25,47,12.0,54.0,25.0,1223.85
2022-04-03,US,Milwaukee,pm25,120,18.0,79.0,43.0,1202.62
2022-04-03,US,Hartford,pm25,48,23.0,86.0,43.0,1049.22
2022-04-03,US,Washington D.C.,pm25,116,5.0,50.0,21.0,900.37
2022-04-03,US,Chicago,pm25,238,21.0,86.0,46.0,1160.39
2022-04-03,US,Houston,pm25,48,15.0,61.0,33.0,1652.91
2022-04-03,US,Indianapolis,pm25,83,3.0,140.0,39.0,4403.3
2022-04-03,US,Atlanta,pm25,24,15.0,57.0,25.0,2123.19
2022-04-03,US,Charlotte,pm25,69,9.0,70.0,30.0,2772.84
2022-04-03,US,Sacramento,pm25,72,10.0,61.0,31.0,1472.11
2022-04-03,US,Oakland,pm25,120,17.0,78.0,50.0,1636.8
2022-04-03,US,Providence,pm25,46,9.0,59.0,25.0,2153.59
2022-04-03,US,Staten Island,pm25,71,9.0,59.0,34.0,1171.17
2022-04-03,US,Brooklyn,pm25,47,1.0,52.0,27.0,1386.8
2022-04-03,US,Springfield,pm25,67,2.0,64.0,27.0,1863.2
2022-04-03,US,San Jose,pm25,94,9.0,63.0,38.0,1320.47
2022-04-03,US,Los Angeles,pm25,71,22.0,73.0,49.0,1181.36
2022-04-03,US,Detroit,pm25,42,18.0,74.0,51.0,1242.35
2022-04-03,US,Little Rock,pm25,24,7.0,88.0,25.0,4529.55
2022-04-03,US,Baltimore,pm25,48,9.0,53.0,27.0,1761.17
2022-04-03,US,Phoenix,pm25,187,6.0,56.0,25.0,1013.98
2022-04-03,US,Omaha,pm25,48,5.0,72.0,30.0,4088.93
2022-04-03,US,El Paso,pm25,150,5.0,122.0,25.0,5492.13
2022-04-03,US,Dallas,pm25,24,15.0,52.0,39.0,1250.85
2022-04-03,US,Seattle,pm25,247,2.0,63.0,25.0,1807.51
2022-04-03,US,Manhattan,pm25,48,5.0,57.0,25.0,1679.04
2022-04-03,US,Miami,pm25,88,17.0,85.0,26.0,1108.95
2022-04-03,US,Jacksonville,pm25,144,13.0,109.0,41.0,2082.87
2022-04-03,US,San Antonio,pm25,48,9.0,75.0,44.0,2739.13
2022-04-03,US,Philadelphia,pm25,91,2.0,95.0,34.0,1769.53
2022-04-03,US,San Diego,pm25,23,9.0,48.0,29.0,986.24
2022-04-03,US,Columbus,pm25,48,10.0,47.0,25.0,973.17
2022-04-03,US,Saint Paul,pm25,123,5.0,53.0,13.0,626.79
2022-04-03,US,Denver,pm25,135,17.0,50.0,25.0,396.51
2022-04-03,US,Salt Lake City,pm25,216,13.0,50.0,22.0,367.21
2022-04-03,US,Albuquerque,pm25,72,12.0,161.0,17.0,6389.95
2022-04-03,US,San Francisco,pm25,58,5.0,72.0,42.0,3255.6
2022-04-03,US,Salem,pm25,72,10.0,56.0,16.0,1415.46
2022-04-03,US,Madison,pm25,48,17.0,53.0,23.0,984.78
2022-04-03,US,Nashville,pm25,70,5.0,70.0,18.0,2809.74
2022-04-03,US,Tucson,pm25,153,5.0,61.0,17.0,1408.82
2022-04-03,US,Queens,pm25,68,1.0,41.0,23.0,832.85
2022-04-03,US,Tallahassee,pm25,72,15.0,101.0,50.0,4712.36
2022-04-03,US,Fort Worth,pm25,24,9.0,57.0,30.0,2556.94
2022-04-03,RS,Novi Sad,pm25,48,37.0,93.0,63.0,1724.24
2022-04-03,RS,Niš,pm25,48,31.0,91.0,65.0,2968.72
2022-04-03,RS,Belgrade,pm25,120,35.0,87.0,65.0,1302.48
2022-04-03,CY,Nicosia,pm25,24,85.0,172.0,149.0,13028.2
2022-04-03,CY,Limassol,pm25,24,57.0,153.0,92.0,10139.3
2022-04-03,HR,Zagreb,pm25,24,49.0,107.0,64.0,1757.61
2022-04-03,HR,Rijeka,pm25,81,4.0,116.0,29.0,3879.65
2022-04-03,MK,Skopje,pm25,163,1.0,62.0,16.0,1627.7
2022-04-04,GE,Tbilisi,pm25,96,75.0,111.0,93.0,787.51
2022-04-04,HU,Győr,pm25,47,13.0,68.0,38.0,1830.05
2022-04-04,HU,Szeged,pm25,24,30.0,80.0,57.0,1526.5
2022-04-04,HU,Pécs,pm25,66,46.0,87.0,65.0,2096.81
2022-04-04,HU,Kecskemét,pm25,48,53.0,78.0,63.0,448.35
2022-04-04,HU,Miskolc,pm25,120,30.0,80.0,57.0,933.17
2022-04-04,HU,Budapest,pm25,273,13.0,95.0,57.0,1314.41
2022-04-04,JP,Fukuoka,pm25,390,5.0,99.0,34.0,2025.42
2022-04-04,JP,Kanazawa,pm25,226,5.0,61.0,30.0,1574.36
2022-04-04,JP,Kumamoto,pm25,351,5.0,87.0,34.0,2619.36
2022-04-04,JP,Akita,pm25,41,5.0,63.0,25.0,1643.22
2022-04-04,JP,Kochi,pm25,47,9.0,59.0,30.0,1063.35
2022-04-04,JP,Gifu-shi,pm25,137,5.0,142.0,25.0,4349.48
2022-04-04,JP,Kyoto,pm25,553,5.0,70.0,38.0,1306.45
2022-04-04,JP,Hiroshima,pm25,264,5.0,159.0,25.0,2231.82
2022-04-04,JP,Shizuoka,pm25,140,5.0,57.0,9.0,1258.51
2022-04-04,JP,Chiba,pm25,678,5.0,61.0,17.0,1568.35
2022-04-04,JP,Sapporo,pm25,199,9.0,68.0,34.0,1475.29
2022-04-04,JP,Yokohama,pm25,413,1.0,78.0,9.0,672.15
2022-04-04,JP,Tokyo,pm25,2190,1.0,57.0,13.0,427.13
2022-04-04,JP,Saitama,pm25,409,5.0,46.0,13.0,465.54
2022-04-04,JP,Naha,pm25,144,13.0,55.0,34.0,766.32
2022-04-04,JP,Nagasaki,pm25,186,5.0,72.0,30.0,1423.62
2022-04-04,JP,Toyama,pm25,178,5.0,63.0,30.0,2014.82
2022-04-04,JP,Niigata,pm25,196,5.0,59.0,17.0,847.12
2022-04-04,JP,Nara-shi,pm25,189,9.0,53.0,30.0,809.52
2022-04-04,JP,Okayama,pm25,283,5.0,91.0,42.0,2011.01
2022-04-04,JP,Sendai,pm25,457,5.0,46.0,21.0,702.33
2022-04-04,JP,Osaka,pm25,1421,5.0,85.0,30.0,1207.33
2022-04-04,JP,Miyazaki,pm25,136,5.0,68.0,38.0,2123.59
2022-04-04,JP,Matsuyama,pm25,161,5.0,82.0,38.0,2618.35
2022-04-04,JP,Wakayama,pm25,275,9.0,61.0,30.0,1346.4
2022-04-04,JP,Takamatsu,pm25,238,5.0,61.0,30.0,1429.41
2022-04-04,JP,Nagoya,pm25,708,5.0,72.0,21.0,1585.57
2022-04-04,JP,Ōita,pm25,231,5.0,59.0,25.0,1343.99
2022-04-04,JP,Kobe,pm25,409,5.0,109.0,34.0,1598.42
2022-04-04,JP,Nagano,pm25,37,5.0,34.0,9.0,768.92
2022-04-04,JP,Utsunomiya,pm25,332,5.0,53.0,13.0,803.39
2022-04-04,JP,Kagoshima,pm25,95,25.0,57.0,46.0,530.0
2022-04-04,SK,Košice,pm25,94,34.0,70.0,53.0,476.98
2022-04-04,SK,Bratislava,pm25,92,21.0,59.0,42.0,759.1
2022-04-04,FI,Vantaa,pm25,22,2.0,25.0,10.0,350.39
2022-04-04,FI,Turku,pm25,18,1.0,9.0,3.0,26.05
2022-04-04,FI,Helsinki,pm25,116,1.0,83.0,14.0,1788.45
2022-04-04,FI,Tampere,pm25,93,1.0,27.0,6.0,167.08
2022-04-04,ET,Addis Ababa,pm25,48,57.0,184.0,72.0,6426.27
2022-04-04,CH,Zürich,pm25,20,1.0,7.0,2.0,20.11
2022-04-04,CO,Bogotá,pm25,301,9.0,137.0,63.0,4343.38
2022-04-04,CO,Medellín,pm25,325,34.0,82.0,59.0,858.21
2022-04-04,DK,Copenhagen,pm25,24,2.0,46.0,17.0,1683.89
2022-04-04,EC,Quito,pm25,192,6.0,152.0,60.0,6770.13
2022-04-04,GB,Edinburgh,pm25,121,1.0,164.0,4.0,2200.57
2022-04-04,GB,Norwich,pm25,14,12.0,41.0,30.0,645.71
2022-04-04,GB,Liverpool,pm25,34,5.0,30.0,22.0,520.22
2022-04-04,GB,Belfast,pm25,84,2.0,38.0,13.0,681.84
2022-04-04,GB,Coventry,pm25,59,6.0,46.0,25.0,1293.45
2022-04-04,GB,Leeds,pm25,35,9.0,27.0,13.0,353.82
2022-04-04,GB,Cardiff,pm25,115,13.0,68.0,30.0,1353.68
2022-04-04,GB,Bristol,pm25,72,17.0,57.0,30.0,1016.6
2022-04-04,GB,London,pm25,447,5.0,70.0,27.0,1719.9
2022-04-04,GB,Birmingham,pm25,47,8.0,42.0,20.0,803.4
2022-04-04,GB,Sheffield,pm25,58,8.0,34.0,21.0,497.7
2022-04-04,GB,Newport,pm25,44,4.0,25.0,9.0,384.93
2022-04-04,GB,Leicester,pm25,22,15.0,46.0,25.0,1192.75
2022-04-04,GB,Manchester,pm25,31,11.0,46.0,22.0,1051.83
2022-04-04,GB,Reading,pm25,45,5.0,50.0,21.0,1423.1
2022-04-04,GB,Plymouth,pm25,25,9.0,63.0,21.0,1393.9
2022-04-04,GB,Glasgow,pm25,569,1.0,26.0,4.0,175.05
2022-04-04,GB,Preston,pm25,39,11.0,46.0,21.0,417.46
2022-04-04,GB,Swansea,pm25,90,5.0,30.0,17.0,551.14
2022-04-04,GB,Southend-on-Sea,pm25,37,8.0,56.0,25.0,1946.76
2022-04-04,ID,Jakarta,pm25,71,38.0,145.0,80.0,4635.47
2022-04-04,NP,Kathmandu,pm25,48,134.0,172.0,155.0,968.9
2022-04-04,NP,Pokhara,pm25,27,71.0,146.0,94.0,3359.26
2022-04-04,NP,Biratnagar,pm25,24,123.0,160.0,149.0,1617.81
2022-04-04,AU,Sydney,pm25,164,1.0,73.0,17.0,1360.92
2022-04-04,AU,Newcastle,pm25,135,1.0,56.0,23.0,1491.63
2022-04-04,AU,Launceston,pm25,48,5.0,21.0,5.0,94.68
2022-04-04,AU,Hobart,pm25,59,5.0,30.0,9.0,333.12
2022-04-04,AU,Darwin,pm25,72,12.0,64.0,27.0,1255.37
2022-04-04,AU,Melbourne,pm25,151,1.0,46.0,16.0,971.79
2022-04-04,AU,Canberra,pm25,55,2.0,60.0,23.0,2530.76
2022-04-04,AU,Adelaide,pm25,83,2.0,72.0,17.0,1261.8
2022-04-04,AU,Brisbane,pm25,143,1.0,37.0,22.0,787.23
2022-04-04,AU,Perth,pm25,68,2.0,9.0,3.0,36.83
2022-04-04,AU,Wollongong,pm25,45,1.0,43.0,25.0,1192.0
2022-04-04,CI,Abidjan,pm25,24,38.0,95.0,74.0,2601.96
2022-04-04,GH,Accra,pm25,24,53.0,122.0,68.0,3659.55
2022-04-04,IQ,Baghdad,pm25,24,99.0,242.0,156.0,7686.88
2022-04-04,IS,Reykjavík,pm25,96,1.0,12.0,7.0,64.23
2022-04-04,KG,Bishkek,pm25,24,17.0,134.0,59.0,10123.0
2022-04-04,NL,Utrecht,pm25,48,19.0,58.0,36.0,1344.24
2022-04-04,NL,Nijmegen,pm25,45,9.0,73.0,44.0,3622.37
2022-04-04,NL,Haarlem,pm25,141,6.0,74.0,39.0,2048.07
2022-04-04,NL,Eindhoven,pm25,24,21.0,71.0,43.0,1945.8
2022-04-04,NL,Rotterdam,pm25,192,4.0,59.0,36.0,1715.03
2022-04-04,NL,Amsterdam,pm25,250,5.0,60.0,28.0,899.78
2022-04-04,NL,Dordrecht,pm25,24,18.0,63.0,42.0,1393.62
2022-04-04,NL,Breda,pm25,22,20.0,63.0,40.0,1714.2
2022-04-04,NL,Groningen,pm25,48,4.0,63.0,26.0,1778.71
2022-04-04,NL,Maastricht,pm25,96,9.0,61.0,38.0,1345.58
2022-04-04,NL,The Hague,pm25,72,7.0,57.0,31.0,1505.3
2022-04-04,PT,Lisbon,pm25,32,10.0,25.0,15.0,170.61
2022-04-04,PT,Funchal,pm25,7,16.0,24.0,22.0,72.86
2022-04-04,CA,Hamilton,pm25,95,9.0,72.0,30.0,1426.61
2022-04-04,CA,Calgary,pm25,88,1.0,55.0,8.0,572.16
2022-04-04,CA,Winnipeg,pm25,24,23.0,43.0,32.0,329.49
2022-04-04,CA,Halifax,pm25,38,2.0,90.0,23.0,7541.99
2022-04-04,CA,Kitchener,pm25,47,17.0,50.0,30.0,563.78
2022-04-04,CA,Edmonton,pm25,131,1.0,155.0,18.0,3379.53
2022-04-04,CA,Mississauga,pm25,64,13.0,53.0,30.0,1074.56
2022-04-04,CA,Québec,pm25,155,7.0,56.0,18.0,1375.5
2022-04-04,CA,Vancouver,pm25,23,4.0,17.0,8.0,94.19
2022-04-04,CA,Victoria,pm25,23,9.0,46.0,25.0,731.78
2022-04-04,CA,Montréal,pm25,335,6.0,52.0,24.0,973.19
2022-04-04,CA,Toronto,pm25,137,5.0,61.0,30.0,1531.11
2022-04-04,CA,Ottawa,pm25,52,9.0,54.0,18.0,1218.38
2022-04-04,CA,London,pm25,39,9.0,34.0,21.0,449.33
2022-04-04,US,Oklahoma City,pm25,96,32.0,77.0,56.0,932.76
2022-04-04,US,Raleigh,pm25,66,9.0,59.0,25.0,1522.95
2022-04-04,US,Memphis,pm25,71,19.0,56.0,40.0,1218.53
2022-04-04,US,Jackson,pm25,72,17.0,77.0,48.0,2167.98
2022-04-04,US,Boston,pm25,114,5.0,59.0,17.0,792.37
2022-04-04,US,Richmond,pm25,96,18.0,100.0,26.0,2415.09
2022-04-04,US,Portland,pm25,150,5.0,166.0,13.0,3394.73
2022-04-04,US,Boise,pm25,93,5.0,155.0,17.0,9403.93
2022-04-04,US,Austin,pm25,45,21.0,91.0,55.0,3678.86
2022-04-04,US,Honolulu,pm25,68,5.0,46.0,17.0,1153.18
2022-04-04,US,Fresno,pm25,47,9.0,55.0,25.0,1078.54
2022-04-04,US,Milwaukee,pm25,135,13.0,72.0,40.0,1730.45
2022-04-04,US,Hartford,pm25,48,13.0,29.0,16.0,155.46
2022-04-04,US,Washington D.C.,pm25,114,5.0,100.0,25.0,4641.0
2022-04-04,US,Chicago,pm25,236,15.0,71.0,36.0,990.93
2022-04-04,US,Houston,pm25,48,20.0,60.0,49.0,1024.4
2022-04-04,US,Indianapolis,pm25,98,13.0,76.0,40.0,1245.75
2022-04-04,US,Atlanta,pm25,24,25.0,60.0,28.0,968.97
2022-04-04,US,Charlotte,pm25,70,13.0,68.0,25.0,1290.61
2022-04-04,US,Sacramento,pm25,71,5.0,57.0,22.0,1481.12
2022-04-04,US,Oakland,pm25,114,5.0,57.0,25.0,1342.33
2022-04-04,US,Providence,pm25,25,5.0,30.0,13.0,515.6
2022-04-04,US,Staten Island,pm25,66,2.0,35.0,17.0,483.66
2022-04-04,US,Brooklyn,pm25,39,1.0,38.0,13.0,607.45
2022-04-04,US,Springfield,pm25,69,10.0,51.0,25.0,870.16
2022-04-04,US,San Jose,pm25,89,9.0,55.0,30.0,1107.32
2022-04-04,US,Los Angeles,pm25,72,24.0,86.0,61.0,1375.65
2022-04-04,US,Little Rock,pm25,24,28.0,63.0,41.0,681.72
2022-04-04,US,Baltimore,pm25,45,5.0,53.0,25.0,1387.4
2022-04-04,US,Phoenix,pm25,191,3.0,75.0,25.0,1578.26
2022-04-04,US,Omaha,pm25,35,5.0,78.0,21.0,2854.92
2022-04-04,US,El Paso,pm25,152,3.0,69.0,23.0,3329.69
2022-04-04,US,Dallas,pm25,23,20.0,60.0,33.0,1607.87
2022-04-04,US,Seattle,pm25,218,3.0,50.0,23.0,1168.02
2022-04-04,US,Manhattan,pm25,47,3.0,45.0,13.0,651.63
2022-04-04,US,Miami,pm25,84,21.0,44.0,27.0,184.69
2022-04-04,US,Jacksonville,pm25,141,24.0,98.0,39.0,1102.09
2022-04-04,US,San Antonio,pm25,63,13.0,84.0,61.0,2169.71
2022-04-04,US,Philadelphia,pm25,63,5.0,160.0,30.0,4776.87
2022-04-04,US,San Diego,pm25,24,21.0,57.0,39.0,841.72
2022-04-04,US,Columbus,pm25,47,8.0,64.0,34.0,1124.18
2022-04-04,US,Saint Paul,pm25,118,5.0,46.0,13.0,599.07
2022-04-04,US,Denver,pm25,152,13.0,55.0,21.0,865.63
2022-04-04,US,Salt Lake City,pm25,216,10.0,51.0,23.0,739.22
2022-04-04,US,Albuquerque,pm25,72,18.0,72.0,24.0,805.02
2022-04-04,US,San Francisco,pm25,67,5.0,53.0,25.0,1274.95
2022-04-04,US,Salem,pm25,72,5.0,28.0,13.0,174.65
2022-04-04,US,Madison,pm25,48,16.0,61.0,37.0,2417.02
2022-04-04,US,Nashville,pm25,72,5.0,110.0,33.0,3749.25
2022-04-04,US,Tucson,pm25,161,5.0,55.0,25.0,1045.87
2022-04-04,US,Queens,pm25,71,1.0,55.0,17.0,1088.56
2022-04-04,US,Tallahassee,pm25,72,23.0,159.0,52.0,11294.2
2022-04-04,US,Fort Worth,pm25,23,9.0,57.0,38.0,2367.04
2022-04-04,RS,Novi Sad,pm25,48,50.0,98.0,66.0,1861.59
2022-04-04,RS,Niš,pm25,48,61.0,165.0,77.0,12545.0
2022-04-04,RS,Belgrade,pm25,120,53.0,148.0,84.0,2967.35
2022-04-04,CY,Nicosia,pm25,24,149.0,158.0,155.0,63.32
2022-04-04,CY,Limassol,pm25,24,110.0,155.0,131.0,2467.37
2022-04-04,HR,Zagreb,pm25,24,48.0,123.0,72.0,3053.03
2022-04-04,HR,Rijeka,pm25,67,23.0,78.0,35.0,1488.43
2022-04-04,MK,Skopje,pm25,167,6.0,108.0,62.0,6567.06
2022-04-05,GE,Tbilisi,pm25,96,42.0,88.0,58.0,1130.93
2022-04-05,HU,Győr,pm25,36,9.0,217.0,46.0,14259.1
2022-04-05,HU,Szeged,pm25,23,25.0,85.0,53.0,2051.5
2022-04-05,HU,Pécs,pm25,69,34.0,114.0,61.0,5293.89
2022-04-05,HU,Kecskemét,pm25,48,13.0,95.0,63.0,8196.31
2022-04-05,HU,Miskolc,pm25,116,21.0,80.0,50.0,2688.09
2022-04-05,HU,Budapest,pm25,342,13.0,78.0,50.0,3729.82
2022-04-05,JP,Fukuoka,pm25,394,5.0,147.0,46.0,3146.83
2022-04-05,JP,Kanazawa,pm25,210,5.0,53.0,21.0,1172.18
2022-04-05,JP,Kumamoto,pm25,355,5.0,127.0,38.0,2970.57
2022-04-05,JP,Akita,pm25,42,5.0,78.0,21.0,2281.12
2022-04-05,JP,Kochi,pm25,48,5.0,68.0,30.0,1727.38
2022-04-05,JP,Gifu-shi,pm25,171,5.0,65.0,25.0,2322.43
2022-04-05,JP,Kyoto,pm25,545,5.0,80.0,42.0,2386.57
2022-04-05,JP,Hiroshima,pm25,277,5.0,74.0,25.0,1922.21
2022-04-05,JP,Shizuoka,pm25,226,5.0,70.0,21.0,2208.98
2022-04-05,JP,Chiba,pm25,625,5.0,76.0,17.0,2239.66
2022-04-05,JP,Sapporo,pm25,178,5.0,65.0,25.0,1488.53
2022-04-05,JP,Yokohama,pm25,449,1.0,102.0,17.0,1954.61
2022-04-05,JP,Tokyo,pm25,2174,1.0,76.0,17.0,2252.85
2022-04-05,JP,Saitama,pm25,450,5.0,59.0,17.0,1331.11
2022-04-05,JP,Naha,pm25,143,25.0,80.0,46.0,2334.43
2022-04-05,JP,Nagasaki,pm25,191,5.0,65.0,42.0,1369.64
2022-04-05,JP,Toyama,pm25,186,5.0,124.0,25.0,2715.25
2022-04-05,JP,Niigata,pm25,209,5.0,57.0,21.0,876.5
2022-04-05,JP,Nara-shi,pm25,187,5.0,68.0,38.0,1879.16
2022-04-05,JP,Okayama,pm25,286,9.0,152.0,42.0,4295.38
2022-04-05,JP,Sendai,pm25,446,5.0,59.0,17.0,978.76
2022-04-05,JP,Osaka,pm25,1426,5.0,166.0,34.0,2286.67
2022-04-05,JP,Miyazaki,pm25,138,5.0,74.0,46.0,1783.51
2022-04-05,JP,Matsuyama,pm25,154,5.0,78.0,34.0,2241.21
2022-04-05,JP,Wakayama,pm25,281,5.0,129.0,30.0,1469.59
2022-04-05,JP,Takamatsu,pm25,239,5.0,80.0,34.0,1978.47
2022-04-05,JP,Nagoya,pm25,764,1.0,87.0,30.0,1649.48
2022-04-05,JP,Ōita,pm25,239,5.0,74.0,30.0,2704.76
2022-04-05,JP,Kobe,pm25,412,5.0,72.0,34.0,1365.56
2022-04-05,JP,Nagano,pm25,59,5.0,65.0,17.0,1981.43
2022-04-05,JP,Utsunomiya,pm25,341,5.0,42.0,13.0,510.41
2022-04-05,JP,Kagoshima,pm25,96,30.0,74.0,42.0,964.63
2022-04-05,SK,Košice,pm25,94,5.0,80.0,53.0,2764.88
2022-04-05,SK,Bratislava,pm25,94,5.0,57.0,21.0,1941.23
2022-04-05,FI,Vantaa,pm25,16,3.0,30.0,15.0,857.17
2022-04-05,FI,Turku,pm25,12,5.0,35.0,19.0,751.82
2022-04-05,FI,Helsinki,pm25,108,1.0,69.0,10.0,1495.81
2022-04-05,FI,Tampere,pm25,86,1.0,25.0,6.0,296.86
2022-04-05,ET,Addis Ababa,pm25,48,46.0,163.0,65.0,5100.95
2022-04-05,CH,Zürich,pm25,16,1.0,3.0,2.0,4.29
2022-04-05,CO,Bogotá,pm25,294,5.0,117.0,46.0,5388.86
2022-04-05,CO,Medellín,pm25,288,21.0,80.0,55.0,1329.58
2022-04-05,DK,Copenhagen,pm25,24,17.0,38.0,30.0,222.32
2022-04-05,EC,Quito,pm25,189,1.0,125.0,53.0,5591.15
2022-04-05,GB,Edinburgh,pm25,128,1.0,198.0,5.0,7014.45
2022-04-05,GB,Norwich,pm25,23,13.0,26.0,15.0,145.42
2022-04-05,GB,Liverpool,pm25,34,5.0,47.0,25.0,1378.75
2022-04-05,GB,Belfast,pm25,43,6.0,37.0,13.0,739.03
2022-04-05,GB,Coventry,pm25,51,6.0,26.0,13.0,325.75
2022-04-05,GB,Leeds,pm25,41,5.0,27.0,13.0,393.95
2022-04-05,GB,Cardiff,pm25,84,25.0,42.0,30.0,320.76
2022-04-05,GB,Bristol,pm25,67,5.0,55.0,30.0,1299.56
2022-04-05,GB,London,pm25,460,3.0,70.0,22.0,1483.74
2022-04-05,GB,Birmingham,pm25,36,8.0,38.0,17.0,589.23
2022-04-05,GB,Sheffield,pm25,74,9.0,42.0,17.0,617.85
2022-04-05,GB,Newport,pm25,48,5.0,35.0,21.0,902.87
2022-04-05,GB,Leicester,pm25,18,13.0,24.0,14.0,199.77
2022-04-05,GB,Manchester,pm25,29,15.0,48.0,29.0,853.28
2022-04-05,GB,Reading,pm25,44,5.0,34.0,17.0,585.05
2022-04-05,GB,Plymouth,pm25,33,5.0,35.0,13.0,939.66
2022-04-05,GB,Glasgow,pm25,571,2.0,26.0,8.0,238.68
2022-04-05,GB,Preston,pm25,41,14.0,48.0,25.0,936.12
2022-04-05,GB,Swansea,pm25,91,5.0,57.0,30.0,1376.14
2022-04-05,GB,Southend-on-Sea,pm25,47,8.0,40.0,19.0,649.31
2022-04-05,ID,Jakarta,pm25,71,25.0,171.0,99.0,12356.7
2022-04-05,NP,Kathmandu,pm25,48,95.0,181.0,153.0,3555.53
2022-04-05,NP,Pokhara,pm25,29,72.0,123.0,99.0,1572.39
2022-04-05,NP,Biratnagar,pm25,24,106.0,169.0,146.0,3079.13
2022-04-05,AU,Sydney,pm25,158,2.0,62.0,26.0,1603.4
2022-04-05,AU,Newcastle,pm25,141,1.0,58.0,31.0,1386.73
2022-04-05,AU,Launceston,pm25,96,5.0,17.0,9.0,95.14
2022-04-05,AU,Hobart,pm25,44,5.0,21.0,9.0,120.68
2022-04-05,AU,Darwin,pm25,71,2.0,71.0,32.0,1541.96
2022-04-05,AU,Melbourne,pm25,160,1.0,51.0,18.0,1202.21
2022-04-05,AU,Canberra,pm25,66,2.0,64.0,34.0,2578.48
2022-04-05,AU,Adelaide,pm25,92,3.0,57.0,17.0,1478.01
2022-04-05,AU,Brisbane,pm25,111,3.0,50.0,21.0,1280.63
2022-04-05,AU,Perth,pm25,79,2.0,35.0,4.0,399.97
2022-04-05,AU,Wollongong,pm25,40,5.0,47.0,18.0,1286.77
2022-04-05,CI,Abidjan,pm25,24,46.0,85.0,65.0,851.23
2022-04-05,GH,Accra,pm25,24,55.0,93.0,68.0,1169.55
2022-04-05,IQ,Baghdad,pm25,24,102.0,214.0,160.0,7531.29
2022-04-05,IS,Reykjavík,pm25,96,3.0,25.0,6.0,305.87
2022-04-05,KG,Bishkek,pm25,17,21.0,85.0,42.0,3194.71
2022-04-05,NL,Utrecht,pm25,48,6.0,55.0,25.0,1432.77
2022-04-05,NL,Nijmegen,pm25,48,3.0,46.0,23.0,1004.24
2022-04-05,NL,Haarlem,pm25,137,2.0,68.0,31.0,2294.96
2022-04-05,NL,Eindhoven,pm25,24,18.0,57.0,33.0,891.23
2022-04-05,NL,Rotterdam,pm25,192,13.0,63.0,33.0,985.08
2022-04-05,NL,Amsterdam,pm25,258,1.0,59.0,20.0,1407.25
2022-04-05,NL,Dordrecht,pm25,24,17.0,65.0,34.0,1098.19
2022-04-05,NL,Breda,pm25,24,3.0,49.0,31.0,992.59
2022-04-05,NL,Groningen,pm25,45,2.0,40.0,11.0,653.59
2022-04-05,NL,Maastricht,pm25,79,5.0,46.0,25.0,1045.83
2022-04-05,NL,The Hague,pm25,71,2.0,58.0,29.0,1668.4
2022-04-05,PT,Lisbon,pm25,26,10.0,18.0,15.0,60.62
2022-04-05,PT,Funchal,pm25,43,1.0,40.0,16.0,1265.86
2022-04-05,CA,Hamilton,pm25,96,13.0,72.0,42.0,2066.54
2022-04-05,CA,Calgary,pm25,71,1.0,33.0,4.0,661.14
2022-04-05,CA,Winnipeg,pm25,23,10.0,23.0,13.0,94.82
2022-04-05,CA,Halifax,pm25,43,8.0,28.0,13.0,153.61
2022-04-05,CA,Kitchener,pm25,47,21.0,65.0,42.0,1303.4
2022-04-05,CA,Edmonton,pm25,124,1.0,29.0,15.0,346.39
2022-04-05,CA,Mississauga,pm25,67,13.0,152.0,30.0,3691.02
2022-04-05,CA,Québec,pm25,160,7.0,49.0,18.0,667.66
2022-04-05,CA,Vancouver,pm25,23,4.0,18.0,8.0,129.64
2022-04-05,CA,Victoria,pm25,39,5.0,53.0,25.0,1177.54
2022-04-05,CA,Montréal,pm25,409,12.0,80.0,41.0,2605.0
2022-04-05,CA,Toronto,pm25,134,5.0,46.0,30.0,914.56
2022-04-05,CA,Ottawa,pm25,61,17.0,55.0,35.0,1697.96
2022-04-05,CA,London,pm25,35,17.0,72.0,50.0,2937.98
2022-04-05,US,Oklahoma City,pm25,96,20.0,79.0,38.0,1759.47
2022-04-05,US,Raleigh,pm25,68,5.0,65.0,40.0,1793.51
2022-04-05,US,Memphis,pm25,71,27.0,66.0,41.0,1018.44
2022-04-05,US,Jackson,pm25,72,9.0,53.0,33.0,1632.25
2022-04-05,US,Boston,pm25,129,5.0,50.0,21.0,749.3
2022-04-05,US,Richmond,pm25,96,21.0,62.0,41.0,845.19
2022-04-05,US,Portland,pm25,151,10.0,48.0,15.0,319.43
2022-04-05,US,Boise,pm25,62,5.0,46.0,13.0,960.57
2022-04-05,US,Austin,pm25,47,17.0,97.0,61.0,3985.05
2022-04-05,US,Honolulu,pm25,48,5.0,38.0,13.0,829.77
2022-04-05,US,Fresno,pm25,48,5.0,30.0,15.0,416.34
2022-04-05,US,Milwaukee,pm25,144,23.0,83.0,50.0,2006.47
2022-04-05,US,Hartford,pm25,48,15.0,60.0,27.0,721.06
2022-04-05,US,Washington D.C.,pm25,120,17.0,62.0,38.0,1410.58
2022-04-05,US,Chicago,pm25,239,9.0,104.0,57.0,2495.04
2022-04-05,US,Houston,pm25,48,14.0,100.0,78.0,5790.0
2022-04-05,US,Indianapolis,pm25,89,4.0,83.0,57.0,1637.71
2022-04-05,US,Atlanta,pm25,24,16.0,78.0,53.0,5303.03
2022-04-05,US,Charlotte,pm25,72,9.0,65.0,42.0,2652.36
2022-04-05,US,Sacramento,pm25,66,5.0,50.0,17.0,897.27
2022-04-05,US,Oakland,pm25,115,5.0,70.0,30.0,2761.18
2022-04-05,US,Providence,pm25,18,5.0,34.0,13.0,475.59
2022-04-05,US,Staten Island,pm25,72,17.0,66.0,42.0,1265.02
2022-04-05,US,Brooklyn,pm25,48,2.0,58.0,28.0,2183.24
2022-04-05,US,Springfield,pm25,72,10.0,62.0,32.0,1374.07
2022-04-05,US,San Jose,pm25,93,5.0,63.0,25.0,2173.82
2022-04-05,US,Los Angeles,pm25,72,46.0,83.0,60.0,796.05
2022-04-05,US,Detroit,pm25,90,21.0,111.0,79.0,3285.15
2022-04-05,US,Little Rock,pm25,24,28.0,58.0,38.0,796.5
2022-04-05,US,Baltimore,pm25,47,13.0,66.0,43.0,2589.08
2022-04-05,US,Phoenix,pm25,183,8.0,64.0,34.0,1431.96
2022-04-05,US,Omaha,pm25,29,5.0,68.0,25.0,2846.38
2022-04-05,US,El Paso,pm25,161,4.0,91.0,34.0,3526.53
2022-04-05,US,Dallas,pm25,18,8.0,63.0,28.0,3564.71
2022-04-05,US,Seattle,pm25,250,8.0,58.0,25.0,1090.92
2022-04-05,US,Manhattan,pm25,48,3.0,58.0,26.0,1307.62
2022-04-05,US,Miami,pm25,70,23.0,36.0,28.0,110.02
2022-04-05,US,Jacksonville,pm25,138,4.0,63.0,36.0,1187.84
2022-04-05,US,San Antonio,pm25,72,5.0,87.0,63.0,4320.19
2022-04-05,US,Philadelphia,pm25,89,13.0,77.0,39.0,1469.3
2022-04-05,US,San Diego,pm25,23,24.0,83.0,56.0,2654.74
2022-04-05,US,Columbus,pm25,48,10.0,64.0,34.0,1953.6
2022-04-05,US,Saint Paul,pm25,135,5.0,53.0,17.0,934.08
2022-04-05,US,Denver,pm25,145,5.0,102.0,17.0,1524.41
2022-04-05,US,Salt Lake City,pm25,216,6.0,57.0,16.0,644.36
2022-04-05,US,Albuquerque,pm25,69,17.0,59.0,25.0,849.07
2022-04-05,US,San Francisco,pm25,70,9.0,65.0,34.0,2359.43
2022-04-05,US,Salem,pm25,72,11.0,26.0,14.0,94.93
2022-04-05,US,Madison,pm25,48,26.0,71.0,56.0,2369.36
2022-04-05,US,Nashville,pm25,72,13.0,74.0,43.0,1860.06
2022-04-05,US,Tucson,pm25,163,5.0,59.0,25.0,1427.16
2022-04-05,US,Queens,pm25,72,8.0,70.0,23.0,1909.84
2022-04-05,US,Tallahassee,pm25,70,1.0,163.0,42.0,13698.7
2022-04-05,US,Fort Worth,pm25,22,13.0,59.0,25.0,1764.44
2022-04-05,RS,Novi Sad,pm25,48,17.0,98.0,49.0,5690.85
2022-04-05,RS,Niš,pm25,48,16.0,158.0,92.0,20171.5
2022-04-05,RS,Belgrade,pm25,118,18.0,163.0,73.0,15448.5
2022-04-05,CY,Nicosia,pm25,24,113.0,154.0,141.0,1109.98
2022-04-05,CY,Limassol,pm25,24,96.0,148.0,130.0,3083.41
2022-04-05,HR,Zagreb,pm25,24,50.0,87.0,58.0,823.46
2022-04-05,HR,Rijeka,pm25,82,23.0,90.0,45.0,2105.14
2022-04-05,MK,Skopje,pm25,168,8.0,147.0,58.0,8672.09
2022-04-06,GE,Tbilisi,pm25,96,46.0,77.0,56.0,586.79
2022-04-06,HU,Győr,pm25,48,13.0,91.0,25.0,4079.72
2022-04-06,HU,Szeged,pm25,24,30.0,82.0,55.0,1918.24
2022-04-06,HU,Pécs,pm25,72,21.0,137.0,55.0,9364.21
2022-04-06,HU,Kecskemét,pm25,48,21.0,55.0,34.0,1128.51
2022-04-06,HU,Miskolc,pm25,120,9.0,147.0,50.0,7701.97
2022-04-06,HU,Budapest,pm25,358,9.0,74.0,46.0,1690.39
2022-04-06,JP,Fukuoka,pm25,397,5.0,124.0,46.0,1954.38
2022-04-06,JP,Kanazawa,pm25,232,5.0,82.0,38.0,2546.71
2022-04-06,JP,Kumamoto,pm25,366,5.0,107.0,50.0,1845.26
2022-04-06,JP,Akita,pm25,43,5.0,89.0,34.0,5235.98
2022-04-06,JP,Kochi,pm25,47,17.0,65.0,46.0,1305.74
2022-04-06,JP,Gifu-shi,pm25,167,9.0,95.0,42.0,2342.34
2022-04-06,JP,Kyoto,pm25,557,13.0,91.0,55.0,1462.26
2022-04-06,JP,Hiroshima,pm25,321,5.0,76.0,46.0,2159.87
2022-04-06,JP,Shizuoka,pm25,243,5.0,102.0,38.0,2887.54
2022-04-06,JP,Chiba,pm25,714,5.0,85.0,38.0,2397.18
2022-04-06,JP,Sapporo,pm25,190,5.0,76.0,21.0,1158.91
2022-04-06,JP,Yokohama,pm25,531,1.0,95.0,34.0,2337.1
2022-04-06,JP,Tokyo,pm25,2528,1.0,137.0,50.0,1930.64
2022-04-06,JP,Saitama,pm25,500,13.0,91.0,50.0,1017.01
2022-04-06,JP,Naha,pm25,139,21.0,59.0,38.0,1091.61
2022-04-06,JP,Nagasaki,pm25,188,5.0,65.0,38.0,1330.12
2022-04-06,JP,Toyama,pm25,188,5.0,87.0,46.0,2699.89
2022-04-06,JP,Niigata,pm25,213,5.0,93.0,38.0,4012.56
2022-04-06,JP,Nara-shi,pm25,189,21.0,82.0,53.0,1066.36
2022-04-06,JP,Okayama,pm25,287,21.0,97.0,57.0,2065.57
2022-04-06,JP,Sendai,pm25,467,5.0,82.0,38.0,3357.68
2022-04-06,JP,Osaka,pm25,1445,5.0,91.0,53.0,1811.94
2022-04-06,JP,Miyazaki,pm25,139,5.0,109.0,50.0,3140.44
2022-04-06,JP,Matsuyama,pm25,160,5.0,76.0,38.0,2676.63
2022-04-06,JP,Wakayama,pm25,285,17.0,95.0,42.0,1551.61
2022-04-06,JP,Takamatsu,pm25,240,13.0,70.0,42.0,1220.29
2022-04-06,JP,Nagoya,pm25,779,5.0,89.0,42.0,1775.12
2022-04-06,JP,Ōita,pm25,254,5.0,78.0,46.0,2080.61
2022-04-06,JP,Kobe,pm25,422,5.0,91.0,53.0,1983.44
2022-04-06,JP,Nagano,pm25,70,5.0,91.0,42.0,3425.14
2022-04-06,JP,Utsunomiya,pm25,431,9.0,85.0,46.0,1592.73
2022-04-06,JP,Kagoshima,pm25,94,34.0,57.0,46.0,301.06
2022-04-06,SK,Košice,pm25,96,13.0,152.0,50.0,4415.72
2022-04-06,SK,Bratislava,pm25,74,5.0,74.0,25.0,2328.08
2022-04-06,FI,Vantaa,pm25,24,8.0,32.0,16.0,237.97
2022-04-06,FI,Turku,pm25,24,6.0,15.0,10.0,60.85
2022-04-06,FI,Helsinki,pm25,120,5.0,37.0,9.0,303.93
2022-04-06,FI,Tampere,pm25,90,6.0,28.0,9.0,99.88
2022-04-06,ET,Addis Ababa,pm25,46,53.0,161.0,68.0,4231.27
2022-04-06,CH,Zürich,pm25,19,1.0,2.0,2.0,1.75
2022-04-06,CO,Bogotá,pm25,296,5.0,117.0,42.0,4557.02
2022-04-06,CO,Medellín,pm25,291,21.0,91.0,59.0,2011.46
2022-04-06,DK,Copenhagen,pm25,24,5.0,44.0,26.0,1048.97
2022-04-06,EC,Quito,pm25,184,9.0,155.0,60.0,6884.4
2022-04-06,GB,Edinburgh,pm25,147,3.0,181.0,9.0,4029.89
2022-04-06,GB,Norwich,pm25,17,13.0,23.0,17.0,122.79
2022-04-06,GB,Liverpool,pm25,33,5.0,28.0,13.0,406.1
2022-04-06,GB,Belfast,pm25,50,7.0,29.0,17.0,184.53
2022-04-06,GB,Coventry,pm25,58,9.0,24.0,15.0,149.13
2022-04-06,GB,Leeds,pm25,31,9.0,25.0,13.0,235.14
2022-04-06,GB,Cardiff,pm25,97,13.0,61.0,34.0,1076.12
2022-04-06,GB,Bristol,pm25,65,5.0,46.0,25.0,1486.4
2022-04-06,GB,London,pm25,442,1.0,87.0,18.0,1131.87
2022-04-06,GB,Birmingham,pm25,39,13.0,26.0,17.0,126.41
2022-04-06,GB,Sheffield,pm25,59,8.0,21.0,14.0,134.97
2022-04-06,GB,Newport,pm25,45,7.0,47.0,22.0,925.25
2022-04-06,GB,Leicester,pm25,18,13.0,23.0,17.0,99.87
2022-04-06,GB,Manchester,pm25,29,9.0,34.0,18.0,529.36
2022-04-06,GB,Reading,pm25,31,5.0,21.0,13.0,247.4
2022-04-06,GB,Plymouth,pm25,33,5.0,57.0,30.0,2396.72
2022-04-06,GB,Glasgow,pm25,572,4.0,45.0,14.0,395.11
2022-04-06,GB,Preston,pm25,34,10.0,30.0,21.0,413.65
2022-04-06,GB,Swansea,pm25,92,5.0,63.0,34.0,2555.23
2022-04-06,GB,Southend-on-Sea,pm25,46,6.0,32.0,19.0,339.71
2022-04-06,ID,Jakarta,pm25,71,34.0,305.0,74.0,14194.7
2022-04-06,NP,Kathmandu,pm25,48,112.0,182.0,153.0,2043.39
2022-04-06,NP,Pokhara,pm25,28,84.0,154.0,102.0,2457.2
2022-04-06,NP,Biratnagar,pm25,24,115.0,156.0,150.0,1961.29
2022-04-06,AU,Sydney,pm25,141,1.0,71.0,9.0,787.52
2022-04-06,AU,Newcastle,pm25,135,1.0,66.0,21.0,1311.91
2022-04-06,AU,Launceston,pm25,111,5.0,89.0,9.0,1617.99
2022-04-06,AU,Hobart,pm25,57,5.0,25.0,9.0,200.4
2022-04-06,AU,Darwin,pm25,66,2.0,48.0,17.0,1084.1
2022-04-06,AU,Melbourne,pm25,158,1.0,55.0,23.0,1408.64
2022-04-06,AU,Canberra,pm25,55,1.0,60.0,14.0,1960.73
2022-04-06,AU,Adelaide,pm25,94,5.0,62.0,25.0,1668.94
2022-04-06,AU,Brisbane,pm25,190,2.0,52.0,24.0,901.19
2022-04-06,AU,Perth,pm25,54,2.0,14.0,5.0,59.12
2022-04-06,AU,Wollongong,pm25,41,1.0,32.0,10.0,541.56
2022-04-06,CI,Abidjan,pm25,22,30.0,76.0,63.0,1478.46
2022-04-06,GH,Accra,pm25,24,42.0,124.0,70.0,5558.24
2022-04-06,IQ,Baghdad,pm25,24,127.0,269.0,151.0,8143.9
2022-04-06,IS,Reykjavík,pm25,96,9.0,27.0,16.0,186.63
2022-04-06,NL,Utrecht,pm25,48,12.0,59.0,31.0,1465.09
2022-04-06,NL,Nijmegen,pm25,48,1.0,66.0,25.0,1979.04
2022-04-06,NL,Haarlem,pm25,144,4.0,98.0,38.0,1911.01
2022-04-06,NL,Eindhoven,pm25,23,7.0,62.0,32.0,2060.43
2022-04-06,NL,Rotterdam,pm25,191,8.0,60.0,26.0,1764.8
2022-04-06,NL,Amsterdam,pm25,261,1.0,59.0,27.0,1282.32
2022-04-06,NL,Dordrecht,pm25,24,22.0,56.0,37.0,876.94
2022-04-06,NL,Breda,pm25,24,9.0,52.0,27.0,1237.37
2022-04-06,NL,Groningen,pm25,47,1.0,51.0,19.0,801.95
2022-04-06,NL,Maastricht,pm25,66,5.0,46.0,21.0,1083.15
2022-04-06,NL,The Hague,pm25,72,6.0,59.0,26.0,1832.44
2022-04-06,PT,Lisbon,pm25,43,11.0,44.0,18.0,707.74
2022-04-06,PT,Funchal,pm25,53,1.0,39.0,16.0,1727.83
2022-04-06,CA,Hamilton,pm25,94,13.0,85.0,38.0,2672.3
2022-04-06,CA,Calgary,pm25,89,1.0,61.0,7.0,1243.51
2022-04-06,CA,Winnipeg,pm25,19,8.0,10.0,8.0,4.85
2022-04-06,CA,Halifax,pm25,46,6.0,89.0,16.0,2011.1
2022-04-06,CA,Kitchener,pm25,46,13.0,68.0,30.0,2812.87
2022-04-06,CA,Edmonton,pm25,135,1.0,122.0,11.0,2983.16
2022-04-06,CA,Mississauga,pm25,69,9.0,82.0,30.0,1678.02
2022-04-06,CA,Québec,pm25,167,9.0,49.0,20.0,624.06
2022-04-06,CA,Vancouver,pm25,16,8.0,26.0,10.0,348.67
2022-04-06,CA,Victoria,pm25,34,9.0,42.0,21.0,668.95
2022-04-06,CA,Montréal,pm25,415,12.0,65.0,35.0,1342.1
2022-04-06,CA,Toronto,pm25,132,5.0,53.0,21.0,1295.24
2022-04-06,CA,Ottawa,pm25,63,13.0,38.0,25.0,379.59
2022-04-06,CA,London,pm25,48,21.0,57.0,34.0,1004.78
2022-04-06,US,Oklahoma City,pm25,79,10.0,70.0,18.0,2346.25
2022-04-06,US,Raleigh,pm25,70,9.0,55.0,28.0,1157.19
2022-04-06,US,Memphis,pm25,71,6.0,65.0,17.0,3262.19
2022-04-06,US,Jackson,pm25,72,14.0,75.0,49.0,3670.97
2022-04-06,US,Boston,pm25,130,9.0,55.0,30.0,661.57
2022-04-06,US,Richmond,pm25,96,3.0,31.0,16.0,602.53
2022-04-06,US,Portland,pm25,168,5.0,59.0,17.0,966.83
2022-04-06,US,Boise,pm25,85,5.0,42.0,21.0,924.43
2022-04-06,US,Austin,pm25,42,5.0,50.0,21.0,1002.54
2022-04-06,US,Honolulu,pm25,44,5.0,38.0,13.0,955.79
2022-04-06,US,Fresno,pm25,47,1.0,63.0,38.0,2456.94
2022-04-06,US,Milwaukee,pm25,142,6.0,77.0,18.0,3920.7
2022-04-06,US,Hartford,pm25,48,11.0,51.0,31.0,1189.89
2022-04-06,US,Washington D.C.,pm25,107,3.0,38.0,17.0,723.98
2022-04-06,US,Chicago,pm25,239,5.0,67.0,20.0,2913.38
2022-04-06,US,Houston,pm25,46,4.0,95.0,65.0,7584.55
2022-04-06,US,Indianapolis,pm25,96,10.0,73.0,27.0,5312.56
2022-04-06,US,Atlanta,pm25,24,26.0,47.0,37.0,447.54
2022-04-06,US,Charlotte,pm25,66,9.0,65.0,30.0,1285.81
2022-04-06,US,Sacramento,pm25,68,1.0,56.0,17.0,1476.27
2022-04-06,US,Oakland,pm25,118,5.0,70.0,38.0,2018.28
2022-04-06,US,Providence,pm25,18,5.0,17.0,9.0,192.42
2022-04-06,US,Staten Island,pm25,108,1.0,117.0,23.0,2276.14
2022-04-06,US,Brooklyn,pm25,117,2.0,162.0,21.0,18620.8
2022-04-06,US,Springfield,pm25,68,4.0,59.0,16.0,1509.98
2022-04-06,US,The Bronx,pm25,38,8.0,23.0,16.0,244.38
2022-04-06,US,San Jose,pm25,90,5.0,65.0,34.0,2095.16
2022-04-06,US,Los Angeles,pm25,72,21.0,103.0,65.0,2624.38
2022-04-06,US,Detroit,pm25,142,9.0,94.0,57.0,4751.09
2022-04-06,US,Little Rock,pm25,21,3.0,69.0,21.0,4345.48
2022-04-06,US,Baltimore,pm25,41,5.0,55.0,21.0,2292.9
2022-04-06,US,Phoenix,pm25,188,3.0,87.0,27.0,2012.75
2022-04-06,US,Omaha,pm25,29,5.0,42.0,17.0,1005.47
2022-04-06,US,El Paso,pm25,166,5.0,134.0,30.0,4301.14
2022-04-06,US,Dallas,pm25,24,4.0,59.0,21.0,3056.23
2022-04-06,US,Seattle,pm25,242,4.0,55.0,25.0,1435.69
2022-04-06,US,Manhattan,pm25,66,2.0,47.0,14.0,778.25
2022-04-06,US,Miami,pm25,86,22.0,58.0,42.0,885.93
2022-04-06,US,Jacksonville,pm25,144,7.0,66.0,40.0,1911.95
2022-04-06,US,San Antonio,pm25,74,1.0,73.0,22.0,2945.47
2022-04-06,US,Philadelphia,pm25,92,4.0,72.0,18.0,2654.15
2022-04-06,US,San Diego,pm25,24,26.0,92.0,61.0,3647.66
2022-04-06,US,Columbus,pm25,48,8.0,62.0,27.0,1953.6
2022-04-06,US,Saint Paul,pm25,74,5.0,34.0,9.0,251.85
2022-04-06,US,Denver,pm25,101,5.0,59.0,9.0,381.39
2022-04-06,US,Salt Lake City,pm25,216,3.0,51.0,10.0,794.8
2022-04-06,US,Albuquerque,pm25,72,16.0,70.0,26.0,1901.55
2022-04-06,US,San Francisco,pm25,72,5.0,65.0,38.0,2023.03
2022-04-06,US,Salem,pm25,72,16.0,65.0,22.0,916.27
2022-04-06,US,Madison,pm25,46,5.0,66.0,15.0,3143.96
2022-04-06,US,Nashville,pm25,68,5.0,69.0,35.0,2791.62
2022-04-06,US,Tucson,pm25,160,5.0,59.0,21.0,1330.34
2022-04-06,US,Queens,pm25,83,1.0,45.0,16.0,1111.34
2022-04-06,US,Tallahassee,pm25,72,7.0,56.0,38.0,1193.64
2022-04-06,US,Fort Worth,pm25,19,5.0,57.0,13.0,2660.23
2022-04-06,RS,Novi Sad,pm25,48,13.0,157.0,31.0,13220.0
2022-04-06,RS,Niš,pm25,47,26.0,155.0,64.0,8960.38
2022-04-06,RS,Belgrade,pm25,120,11.0,163.0,50.0,18659.5
2022-04-06,CY,Nicosia,pm25,24,109.0,147.0,129.0,838.68
2022-04-06,CY,Limassol,pm25,17,91.0,146.0,123.0,2680.66
2022-04-06,HR,Zagreb,pm25,23,25.0,100.0,55.0,4799.68
2022-04-06,HR,Rijeka,pm25,86,23.0,78.0,44.0,1321.29
2022-04-06,MK,Skopje,pm25,167,6.0,129.0,55.0,7646.41
2022-04-07,GE,Tbilisi,pm25,96,57.0,114.0,71.0,2058.68
2022-04-07,HU,Győr,pm25,42,21.0,97.0,38.0,5195.03
2022-04-07,HU,Szeged,pm25,23,21.0,70.0,38.0,1895.14
2022-04-07,HU,Pécs,pm25,66,30.0,46.0,34.0,181.59
2022-04-07,HU,Kecskemét,pm25,48,46.0,97.0,68.0,1861.28
2022-04-07,HU,Miskolc,pm25,120,17.0,114.0,72.0,5661.62
2022-04-07,HU,Budapest,pm25,356,9.0,93.0,57.0,2080.88
2022-04-07,JP,Fukuoka,pm25,401,9.0,124.0,55.0,2919.54
2022-04-07,JP,Kanazawa,pm25,238,5.0,80.0,55.0,1311.28
2022-04-07,JP,Kumamoto,pm25,370,5.0,104.0,53.0,2463.81
2022-04-07,JP,Akita,pm25,45,9.0,63.0,34.0,1807.55
2022-04-07,JP,Kochi,pm25,48,25.0,70.0,46.0,1341.12
2022-04-07,JP,Gifu-shi,pm25,186,5.0,104.0,57.0,2562.62
2022-04-07,JP,Kyoto,pm25,564,9.0,93.0,61.0,1075.73
2022-04-07,JP,Hiroshima,pm25,328,5.0,87.0,53.0,3064.98
2022-04-07,JP,Shizuoka,pm25,254,9.0,95.0,59.0,2364.48
2022-04-07,JP,Chiba,pm25,783,5.0,97.0,50.0,1806.17
2022-04-07,JP,Sapporo,pm25,209,5.0,70.0,30.0,1518.28
2022-04-07,JP,Yokohama,pm25,544,1.0,97.0,57.0,2335.41
2022-04-07,JP,Tokyo,pm25,2545,5.0,95.0,57.0,878.9
2022-04-07,JP,Saitama,pm25,480,17.0,85.0,55.0,715.16
2022-04-07,JP,Naha,pm25,144,21.0,78.0,59.0,2031.6
2022-04-07,JP,Nagasaki,pm25,178,5.0,68.0,46.0,1390.62
2022-04-07,JP,Toyama,pm25,192,9.0,119.0,57.0,1474.18
2022-04-07,JP,Niigata,pm25,211,5.0,82.0,38.0,2402.18
2022-04-07,JP,Nara-shi,pm25,187,38.0,82.0,59.0,481.86
2022-04-07,JP,Okayama,pm25,287,42.0,124.0,68.0,1407.49
2022-04-07,JP,Sendai,pm25,461,5.0,70.0,30.0,1545.66
2022-04-07,JP,Osaka,pm25,1473,5.0,114.0,59.0,1258.16
2022-04-07,JP,Miyazaki,pm25,139,5.0,104.0,55.0,3102.5
2022-04-07,JP,Matsuyama,pm25,160,9.0,87.0,53.0,2805.87
2022-04-07,JP,Wakayama,pm25,287,25.0,85.0,55.0,1030.34
2022-04-07,JP,Takamatsu,pm25,240,25.0,93.0,55.0,1537.08
2022-04-07,JP,Nagoya,pm25,788,21.0,144.0,61.0,1007.61
2022-04-07,JP,Ōita,pm25,257,5.0,93.0,55.0,3038.51
2022-04-07,JP,Kobe,pm25,429,5.0,91.0,59.0,916.65
2022-04-07,JP,Nagano,pm25,72,34.0,93.0,57.0,1039.81
2022-04-07,JP,Utsunomiya,pm25,431,21.0,74.0,53.0,756.05
2022-04-07,JP,Kagoshima,pm25,92,30.0,61.0,46.0,485.77
2022-04-07,SK,Košice,pm25,96,38.0,99.0,59.0,1912.24
2022-04-07,SK,Bratislava,pm25,89,5.0,85.0,21.0,3068.21
2022-04-07,FI,Vantaa,pm25,24,6.0,25.0,16.0,195.36
2022-04-07,FI,Turku,pm25,24,2.0,12.0,8.0,81.09
2022-04-07,FI,Helsinki,pm25,120,8.0,34.0,12.0,305.76
2022-04-07,FI,Tampere,pm25,96,5.0,45.0,10.0,385.83
2022-04-07,ET,Addis Ababa,pm25,48,57.0,173.0,76.0,4685.63
2022-04-07,CH,Zürich,pm25,14,1.0,2.0,1.0,0.71
2022-04-07,CO,Bogotá,pm25,305,5.0,151.0,44.0,6028.18
2022-04-07,CO,Medellín,pm25,282,21.0,85.0,55.0,1213.89
2022-04-07,DK,Copenhagen,pm25,24,12.0,26.0,19.0,215.92
2022-04-07,EC,Quito,pm25,126,11.0,108.0,61.0,4024.85
2022-04-07,GB,Edinburgh,pm25,228,1.0,25.0,10.0,200.31
2022-04-07,GB,Norwich,pm25,19,13.0,23.0,15.0,97.31
2022-04-07,GB,Liverpool,pm25,32,5.0,30.0,17.0,692.01
2022-04-07,GB,Belfast,pm25,53,10.0,23.0,13.0,99.94
2022-04-07,GB,Coventry,pm25,48,13.0,24.0,17.0,69.79
2022-04-07,GB,Leeds,pm25,34,5.0,34.0,13.0,389.56
2022-04-07,GB,Cardiff,pm25,101,5.0,57.0,34.0,1054.81
2022-04-07,GB,Bristol,pm25,67,9.0,50.0,30.0,958.23
2022-04-07,GB,London,pm25,433,3.0,99.0,21.0,1412.13
2022-04-07,GB,Birmingham,pm25,44,13.0,33.0,17.0,229.87
2022-04-07,GB,Sheffield,pm25,72,6.0,38.0,13.0,399.72
2022-04-07,GB,Newport,pm25,47,9.0,42.0,21.0,590.62
2022-04-07,GB,Leicester,pm25,17,13.0,28.0,17.0,170.07
2022-04-07,GB,Manchester,pm25,44,8.0,41.0,22.0,637.84
2022-04-07,GB,Reading,pm25,19,5.0,13.0,9.0,61.75
2022-04-07,GB,Plymouth,pm25,38,9.0,43.0,21.0,1187.4
2022-04-07,GB,Glasgow,pm25,557,1.0,28.0,9.0,240.53
2022-04-07,GB,Preston,pm25,36,9.0,37.0,21.0,494.35
2022-04-07,GB,Swansea,pm25,92,5.0,65.0,25.0,1273.39
2022-04-07,GB,Southend-on-Sea,pm25,42,6.0,45.0,17.0,786.46
2022-04-07,ID,Jakarta,pm25,71,46.0,154.0,89.0,7037.62
2022-04-07,NP,Kathmandu,pm25,48,142.0,173.0,155.0,471.05
2022-04-07,NP,Pokhara,pm25,28,83.0,154.0,101.0,3077.08
2022-04-07,NP,Biratnagar,pm25,24,98.0,160.0,126.0,4502.16
2022-04-07,AU,Sydney,pm25,149,1.0,42.0,11.0,721.27
2022-04-07,AU,Newcastle,pm25,131,2.0,54.0,14.0,777.83
2022-04-07,AU,Launceston,pm25,146,5.0,82.0,13.0,1607.48
2022-04-07,AU,Hobart,pm25,52,5.0,17.0,9.0,150.83
2022-04-07,AU,Darwin,pm25,55,1.0,51.0,25.0,1888.37
2022-04-07,AU,Melbourne,pm25,159,4.0,53.0,24.0,1453.9
2022-04-07,AU,Canberra,pm25,55,1.0,54.0,15.0,1453.29
2022-04-07,AU,Adelaide,pm25,93,1.0,53.0,25.0,1227.59
2022-04-07,AU,Brisbane,pm25,192,1.0,86.0,25.0,1240.03
2022-04-07,AU,Perth,pm25,53,2.0,11.0,6.0,56.44
2022-04-07,AU,Wollongong,pm25,40,1.0,37.0,20.0,761.0
2022-04-07,CI,Abidjan,pm25,24,17.0,104.0,59.0,4530.27
2022-04-07,GH,Accra,pm25,24,21.0,134.0,72.0,13446.1
2022-04-07,IQ,Baghdad,pm25,24,117.0,329.0,177.0,20889.1
2022-04-07,IS,Reykjavík,pm25,96,7.0,32.0,12.0,275.7
2022-04-07,NL,Utrecht,pm25,48,5.0,43.0,25.0,668.93
2022-04-07,NL,Nijmegen,pm25,45,1.0,39.0,19.0,988.45
2022-04-07,NL,Haarlem,pm25,137,1.0,128.0,41.0,4233.71
2022-04-07,NL,Eindhoven,pm25,24,5.0,36.0,21.0,673.75
2022-04-07,NL,Rotterdam,pm25,188,7.0,66.0,25.0,998.5
2022-04-07,NL,Amsterdam,pm25,259,1.0,151.0,26.0,2249.31
2022-04-07,NL,Dordrecht,pm25,24,13.0,62.0,30.0,1527.17
2022-04-07,NL,Breda,pm25,24,10.0,49.0,25.0,1235.65
2022-04-07,NL,Groningen,pm25,47,1.0,33.0,17.0,650.09
2022-04-07,NL,Maastricht,pm25,58,5.0,61.0,17.0,1605.9
2022-04-07,NL,The Hague,pm25,70,6.0,60.0,28.0,1425.85
2022-04-07,PT,Lisbon,pm25,25,11.0,20.0,15.0,60.83
2022-04-07,PT,Funchal,pm25,53,1.0,30.0,13.0,764.39
2022-04-07,CA,Hamilton,pm25,89,9.0,85.0,21.0,2822.04
2022-04-07,CA,Calgary,pm25,92,6.0,61.0,28.0,2327.95
2022-04-07,CA,Winnipeg,pm25,18,8.0,10.0,9.0,4.48
2022-04-07,CA,Halifax,pm25,46,5.0,30.0,12.0,283.54
2022-04-07,CA,Kitchener,pm25,46,9.0,34.0,17.0,385.7
2022-04-07,CA,Edmonton,pm25,138,2.0,119.0,20.0,2422.8
2022-04-07,CA,Mississauga,pm25,67,13.0,74.0,25.0,1538.28
2022-04-07,CA,Québec,pm25,167,7.0,33.0,16.0,312.69
2022-04-07,CA,Vancouver,pm25,23,8.0,51.0,25.0,2465.14
2022-04-07,CA,Victoria,pm25,46,5.0,46.0,21.0,753.74
2022-04-07,CA,Montréal,pm25,363,9.0,55.0,24.0,748.23
2022-04-07,CA,Toronto,pm25,137,5.0,91.0,25.0,2684.4
2022-04-07,CA,Ottawa,pm25,50,9.0,25.0,17.0,128.75
2022-04-07,CA,London,pm25,45,9.0,25.0,17.0,203.31
2022-04-07,US,Oklahoma City,pm25,96,12.0,74.0,24.0,1733.31
2022-04-07,US,Raleigh,pm25,63,5.0,57.0,30.0,1330.7
2022-04-07,US,Memphis,pm25,70,9.0,44.0,17.0,258.11
2022-04-07,US,Jackson,pm25,72,4.0,42.0,18.0,811.78
2022-04-07,US,Boston,pm25,130,13.0,53.0,30.0,875.62
2022-04-07,US,Richmond,pm25,96,5.0,56.0,20.0,1941.78
2022-04-07,US,Portland,pm25,167,10.0,61.0,16.0,1166.36
2022-04-07,US,Boise,pm25,85,5.0,59.0,21.0,1313.5
2022-04-07,US,Austin,pm25,38,5.0,68.0,25.0,3115.4
2022-04-07,US,Honolulu,pm25,47,9.0,57.0,30.0,1559.87
2022-04-07,US,Fresno,pm25,48,28.0,99.0,55.0,1843.67
2022-04-07,US,Milwaukee,pm25,144,5.0,23.0,11.0,152.51
2022-04-07,US,Hartford,pm25,48,10.0,38.0,25.0,269.32
2022-04-07,US,Washington D.C.,pm25,112,5.0,38.0,17.0,670.83
2022-04-07,US,Chicago,pm25,237,1.0,36.0,13.0,442.09
2022-04-07,US,Houston,pm25,47,3.0,45.0,23.0,1269.94
2022-04-07,US,Indianapolis,pm25,94,10.0,40.0,18.0,303.33
2022-04-07,US,Atlanta,pm25,24,15.0,43.0,20.0,496.45
2022-04-07,US,Charlotte,pm25,68,5.0,46.0,21.0,718.55
2022-04-07,US,Sacramento,pm25,71,21.0,88.0,42.0,1895.04
2022-04-07,US,Oakland,pm25,120,5.0,76.0,46.0,1553.31
2022-04-07,US,Providence,pm25,35,5.0,34.0,17.0,649.58
2022-04-07,US,Staten Island,pm25,98,1.0,43.0,18.0,1131.97
2022-04-07,US,Brooklyn,pm25,117,1.0,58.0,25.0,1841.06
2022-04-07,US,Springfield,pm25,69,4.0,28.0,13.0,227.91
2022-04-07,US,The Bronx,pm25,46,4.0,43.0,13.0,818.32
2022-04-07,US,San Jose,pm25,94,13.0,63.0,38.0,1595.41
2022-04-07,US,Los Angeles,pm25,68,26.0,95.0,55.0,2843.13
2022-04-07,US,Detroit,pm25,144,8.0,81.0,28.0,1951.06
2022-04-07,US,Little Rock,pm25,23,9.0,35.0,24.0,879.01
2022-04-07,US,Baltimore,pm25,40,5.0,36.0,13.0,615.77
2022-04-07,US,Phoenix,pm25,181,1.0,88.0,13.0,1803.0
2022-04-07,US,Omaha,pm25,39,5.0,68.0,17.0,2492.96
2022-04-07,US,El Paso,pm25,168,5.0,95.0,41.0,3832.38
2022-04-07,US,Dallas,pm25,22,6.0,57.0,37.0,2254.22
2022-04-07,US,Seattle,pm25,259,10.0,81.0,34.0,1846.31
2022-04-07,US,Manhattan,pm25,60,1.0,102.0,17.0,4547.34
2022-04-07,US,Miami,pm25,94,28.0,56.0,38.0,428.1
2022-04-07,US,Jacksonville,pm25,144,10.0,72.0,42.0,1669.24
2022-04-07,US,San Antonio,pm25,90,3.0,59.0,24.0,2120.58
2022-04-07,US,Philadelphia,pm25,74,2.0,61.0,16.0,1304.1
2022-04-07,US,San Diego,pm25,24,12.0,78.0,38.0,3503.41
2022-04-07,US,Columbus,pm25,47,8.0,42.0,20.0,871.63
2022-04-07,US,Saint Paul,pm25,77,5.0,25.0,9.0,293.75
2022-04-07,US,Denver,pm25,135,5.0,46.0,17.0,453.51
2022-04-07,US,Salt Lake City,pm25,216,8.0,53.0,23.0,966.29
2022-04-07,US,Albuquerque,pm25,69,6.0,55.0,15.0,642.19
2022-04-07,US,San Francisco,pm25,72,21.0,76.0,42.0,1391.64
2022-04-07,US,Salem,pm25,72,11.0,61.0,30.0,1457.45
2022-04-07,US,Madison,pm25,40,4.0,10.0,5.0,15.49
2022-04-07,US,Nashville,pm25,69,5.0,35.0,18.0,344.77
2022-04-07,US,Tucson,pm25,129,5.0,55.0,17.0,1477.18
2022-04-07,US,Queens,pm25,87,2.0,60.0,16.0,1931.14
2022-04-07,US,Tallahassee,pm25,71,2.0,71.0,29.0,2773.42
2022-04-07,US,Fort Worth,pm25,21,5.0,53.0,38.0,2525.14
2022-04-07,RS,Novi Sad,pm25,48,18.0,56.0,34.0,866.37
2022-04-07,RS,Niš,pm25,48,37.0,155.0,82.0,11155.1
2022-04-07,RS,Belgrade,pm25,120,18.0,177.0,53.0,3810.39
2022-04-07,CY,Nicosia,pm25,24,81.0,151.0,119.0,3117.32
2022-04-07,CY,Limassol,pm25,24,80.0,137.0,108.0,3248.62
2022-04-07,HR,Zagreb,pm25,22,17.0,55.0,40.0,1020.28
2022-04-07,HR,Rijeka,pm25,84,20.0,83.0,37.0,1903.01
2022-04-07,MK,Skopje,pm25,168,6.0,143.0,58.0,8317.96
2022-04-08,GE,Tbilisi,pm25,96,60.0,135.0,70.0,6104.0
2022-04-08,HU,Győr,pm25,48,13.0,72.0,25.0,2495.25
2022-04-08,HU,Szeged,pm25,24,25.0,107.0,46.0,4219.71
2022-04-08,HU,Pécs,pm25,72,21.0,46.0,34.0,490.97
2022-04-08,HU,Kecskemét,pm25,48,13.0,89.0,46.0,4900.35
2022-04-08,HU,Miskolc,pm25,116,9.0,91.0,30.0,6162.15
2022-04-08,HU,Budapest,pm25,300,9.0,74.0,34.0,2948.05
2022-04-08,JP,Fukuoka,pm25,394,5.0,147.0,59.0,3646.51
2022-04-08,JP,Kanazawa,pm25,235,5.0,68.0,38.0,2035.23
2022-04-08,JP,Kumamoto,pm25,375,5.0,124.0,57.0,3532.05
2022-04-08,JP,Akita,pm25,41,5.0,74.0,42.0,2841.26
2022-04-08,JP,Kochi,pm25,48,55.0,93.0,72.0,906.38
2022-04-08,JP,Gifu-shi,pm25,181,5.0,93.0,46.0,2475.6
2022-04-08,JP,Kyoto,pm25,557,17.0,189.0,57.0,2210.32
2022-04-08,JP,Hiroshima,pm25,333,17.0,95.0,59.0,1912.37
2022-04-08,JP,Shizuoka,pm25,258,5.0,87.0,55.0,1762.37
2022-04-08,JP,Chiba,pm25,749,5.0,119.0,42.0,2195.87
2022-04-08,JP,Sapporo,pm25,211,5.0,68.0,38.0,1198.12
2022-04-08,JP,Yokohama,pm25,539,1.0,109.0,46.0,2636.55
2022-04-08,JP,Tokyo,pm25,2562,1.0,142.0,50.0,1844.96
2022-04-08,JP,Saitama,pm25,489,5.0,76.0,46.0,1358.59
2022-04-08,JP,Naha,pm25,144,13.0,85.0,59.0,3777.43
2022-04-08,JP,Nagasaki,pm25,191,9.0,72.0,53.0,1613.98
2022-04-08,JP,Toyama,pm25,188,9.0,82.0,42.0,1776.58
2022-04-08,JP,Niigata,pm25,205,5.0,72.0,21.0,2698.73
2022-04-08,JP,Nara-shi,pm25,191,30.0,80.0,63.0,680.29
2022-04-08,JP,Okayama,pm25,288,46.0,107.0,72.0,1139.6
2022-04-08,JP,Sendai,pm25,428,5.0,57.0,17.0,1015.98
2022-04-08,JP,Osaka,pm25,1482,5.0,104.0,59.0,1201.67
2022-04-08,JP,Miyazaki,pm25,142,13.0,93.0,57.0,1812.5
2022-04-08,JP,Matsuyama,pm25,165,9.0,109.0,65.0,3286.73
2022-04-08,JP,Wakayama,pm25,288,25.0,112.0,59.0,787.86
2022-04-08,JP,Takamatsu,pm25,240,17.0,99.0,61.0,1198.71
2022-04-08,JP,Nagoya,pm25,783,9.0,85.0,53.0,1402.77
2022-04-08,JP,Ōita,pm25,254,5.0,203.0,57.0,3173.86
2022-04-08,JP,Kobe,pm25,425,9.0,85.0,61.0,579.07
2022-04-08,JP,Nagano,pm25,71,9.0,57.0,34.0,1367.57
2022-04-08,JP,Utsunomiya,pm25,425,5.0,87.0,42.0,2497.53
2022-04-08,JP,Kagoshima,pm25,96,46.0,76.0,61.0,324.26
2022-04-08,SK,Košice,pm25,94,13.0,89.0,50.0,3750.89
2022-04-08,SK,Bratislava,pm25,81,5.0,107.0,17.0,1894.36
2022-04-08,FI,Vantaa,pm25,24,3.0,27.0,12.0,418.19
2022-04-08,FI,Turku,pm25,19,6.0,15.0,11.0,54.97
2022-04-08,FI,Helsinki,pm25,120,3.0,28.0,15.0,341.85
2022-04-08,FI,Tampere,pm25,91,2.0,22.0,9.0,212.06
2022-04-08,ET,Addis Ababa,pm25,47,38.0,139.0,65.0,2249.81
2022-04-08,CH,Zürich,pm25,14,1.0,1.0,1.0,0.0
2022-04-08,CO,Bogotá,pm25,330,5.0,167.0,46.0,7497.07
2022-04-08,CO,Medellín,pm25,325,17.0,87.0,61.0,1284.77
2022-04-08,DK,Copenhagen,pm25,18,23.0,39.0,30.0,204.71
2022-04-08,EC,Quito,pm25,172,3.0,168.0,61.0,8661.18
2022-04-08,GB,Edinburgh,pm25,280,4.0,36.0,12.0,278.96
2022-04-08,GB,Norwich,pm25,24,13.0,44.0,17.0,951.72
2022-04-08,GB,Liverpool,pm25,22,5.0,24.0,17.0,465.13
2022-04-08,GB,Belfast,pm25,73,15.0,32.0,23.0,140.59
2022-04-08,GB,Coventry,pm25,65,11.0,30.0,17.0,177.43
2022-04-08,GB,Leeds,pm25,37,5.0,34.0,17.0,428.36
2022-04-08,GB,Cardiff,pm25,142,5.0,42.0,25.0,1020.82
2022-04-08,GB,Bristol,pm25,68,13.0,57.0,25.0,853.42
2022-04-08,GB,London,pm25,451,1.0,89.0,30.0,1856.41
2022-04-08,GB,Birmingham,pm25,39,14.0,51.0,21.0,648.22
2022-04-08,GB,Sheffield,pm25,70,10.0,53.0,20.0,802.94
2022-04-08,GB,Newport,pm25,45,8.0,23.0,17.0,134.31
2022-04-08,GB,Leicester,pm25,18,17.0,61.0,25.0,1550.59
2022-04-08,GB,Manchester,pm25,84,11.0,48.0,25.0,532.13
2022-04-08,GB,Reading,pm25,25,13.0,50.0,21.0,1119.23
2022-04-08,GB,Plymouth,pm25,28,5.0,28.0,17.0,563.21
2022-04-08,GB,Glasgow,pm25,523,4.0,48.0,14.0,346.86
2022-04-08,GB,Preston,pm25,43,9.0,48.0,17.0,754.56
2022-04-08,GB,Swansea,pm25,83,5.0,65.0,17.0,1335.59
2022-04-08,GB,Southend-on-Sea,pm25,48,12.0,60.0,25.0,1101.21
2022-04-08,ID,Jakarta,pm25,71,21.0,127.0,61.0,4868.42
2022-04-08,NP,Kathmandu,pm25,48,134.0,183.0,156.0,1062.39
2022-04-08,NP,Pokhara,pm25,26,79.0,139.0,106.0,2160.2
2022-04-08,NP,Biratnagar,pm25,24,121.0,166.0,146.0,1801.29
2022-04-08,AU,Sydney,pm25,150,1.0,44.0,12.0,684.77
2022-04-08,AU,Newcastle,pm25,131,1.0,40.0,15.0,758.35
2022-04-08,AU,Launceston,pm25,145,5.0,171.0,13.0,15283.2
2022-04-08,AU,Hobart,pm25,44,5.0,17.0,9.0,145.03
2022-04-08,AU,Darwin,pm25,54,5.0,52.0,26.0,1314.02
2022-04-08,AU,Melbourne,pm25,158,2.0,59.0,27.0,2130.46
2022-04-08,AU,Canberra,pm25,46,2.0,57.0,10.0,1931.48
2022-04-08,AU,Adelaide,pm25,96,5.0,61.0,34.0,1569.65
2022-04-08,AU,Brisbane,pm25,187,1.0,40.0,20.0,1013.97
2022-04-08,AU,Perth,pm25,85,2.0,19.0,6.0,116.04
2022-04-08,AU,Wollongong,pm25,43,1.0,26.0,14.0,430.23
2022-04-08,CI,Abidjan,pm25,24,13.0,102.0,50.0,4734.33
2022-04-08,GH,Accra,pm25,24,30.0,142.0,61.0,3829.98
2022-04-08,IQ,Baghdad,pm25,24,137.0,195.0,172.0,2856.94
2022-04-08,IS,Reykjavík,pm25,96,3.0,37.0,11.0,502.63
2022-04-08,NL,Utrecht,pm25,48,9.0,52.0,24.0,1020.43
2022-04-08,NL,Nijmegen,pm25,46,3.0,46.0,24.0,1276.91
2022-04-08,NL,Haarlem,pm25,137,1.0,80.0,29.0,2776.21
2022-04-08,NL,Eindhoven,pm25,24,19.0,57.0,41.0,1351.29
2022-04-08,NL,Rotterdam,pm25,192,4.0,38.0,21.0,309.6
2022-04-08,NL,Amsterdam,pm25,263,2.0,71.0,22.0,1030.91
2022-04-08,NL,Dordrecht,pm25,24,17.0,54.0,29.0,989.28
2022-04-08,NL,Breda,pm25,24,19.0,48.0,25.0,481.29
2022-04-08,NL,Groningen,pm25,48,1.0,31.0,13.0,554.03
2022-04-08,NL,Maastricht,pm25,80,5.0,38.0,21.0,652.26
2022-04-08,NL,The Hague,pm25,71,3.0,38.0,20.0,532.09
2022-04-08,PT,Lisbon,pm25,34,11.0,15.0,13.0,17.65
2022-04-08,PT,Funchal,pm25,46,2.0,72.0,14.0,1888.76
2022-04-08,CA,Hamilton,pm25,86,5.0,57.0,17.0,1797.6
2022-04-08,CA,Calgary,pm25,82,4.0,73.0,27.0,2174.02
2022-04-08,CA,Winnipeg,pm25,24,8.0,42.0,11.0,704.77
2022-04-08,CA,Halifax,pm25,46,8.0,43.0,22.0,1007.21
2022-04-08,CA,Kitchener,pm25,38,9.0,30.0,13.0,269.34
2022-04-08,CA,Edmonton,pm25,127,7.0,66.0,20.0,1647.99
2022-04-08,CA,Mississauga,pm25,69,9.0,147.0,21.0,3967.86
2022-04-08,CA,Québec,pm25,158,5.0,49.0,16.0,889.1
2022-04-08,CA,Vancouver,pm25,23,4.0,14.0,5.0,52.09
2022-04-08,CA,Victoria,pm25,39,5.0,74.0,13.0,1307.3
2022-04-08,CA,Montréal,pm25,386,3.0,106.0,25.0,3612.22
2022-04-08,CA,Toronto,pm25,132,5.0,70.0,25.0,1554.11
2022-04-08,CA,Ottawa,pm25,71,5.0,44.0,22.0,1225.41
2022-04-08,CA,London,pm25,41,9.0,38.0,21.0,690.22
2022-04-08,US,Oklahoma City,pm25,94,15.0,50.0,21.0,640.08
2022-04-08,US,Raleigh,pm25,54,5.0,53.0,19.0,616.88
2022-04-08,US,Memphis,pm25,72,5.0,23.0,14.0,240.21
2022-04-08,US,Jackson,pm25,72,14.0,52.0,21.0,852.38
2022-04-08,US,Boston,pm25,121,5.0,50.0,17.0,1409.37
2022-04-08,US,Richmond,pm25,95,14.0,29.0,21.0,139.21
2022-04-08,US,Portland,pm25,164,5.0,53.0,11.0,584.31
2022-04-08,US,Boise,pm25,95,5.0,38.0,21.0,938.03
2022-04-08,US,Austin,pm25,42,5.0,65.0,25.0,3169.3
2022-04-08,US,Honolulu,pm25,45,17.0,50.0,38.0,857.0
2022-04-08,US,Fresno,pm25,47,9.0,77.0,53.0,3145.15
2022-04-08,US,Milwaukee,pm25,143,3.0,37.0,15.0,518.99
2022-04-08,US,Hartford,pm25,48,3.0,30.0,8.0,630.85
2022-04-08,US,Washington D.C.,pm25,111,5.0,50.0,19.0,631.8
2022-04-08,US,Chicago,pm25,234,4.0,48.0,15.0,627.16
2022-04-08,US,Houston,pm25,48,13.0,83.0,43.0,2668.07
2022-04-08,US,Indianapolis,pm25,96,7.0,38.0,17.0,333.86
2022-04-08,US,Atlanta,pm25,24,9.0,36.0,21.0,518.97
2022-04-08,US,Charlotte,pm25,72,5.0,42.0,21.0,605.87
2022-04-08,US,Sacramento,pm25,72,26.0,68.0,51.0,840.19
2022-04-08,US,Oakland,pm25,103,5.0,117.0,53.0,1936.04
2022-04-08,US,Providence,pm25,36,5.0,38.0,17.0,882.16
2022-04-08,US,Staten Island,pm25,87,1.0,43.0,17.0,1269.8
2022-04-08,US,Brooklyn,pm25,133,1.0,53.0,18.0,1428.9
2022-04-08,US,Springfield,pm25,68,1.0,61.0,12.0,657.58
2022-04-08,US,The Bronx,pm25,40,2.0,48.0,9.0,901.82
2022-04-08,US,San Jose,pm25,96,25.0,72.0,53.0,1054.0
2022-04-08,US,Los Angeles,pm25,72,22.0,91.0,54.0,2682.94
2022-04-08,US,Detroit,pm25,141,9.0,95.0,28.0,1827.34
2022-04-08,US,Little Rock,pm25,24,7.0,55.0,19.0,1506.5
2022-04-08,US,Baltimore,pm25,43,5.0,56.0,21.0,1556.67
2022-04-08,US,Phoenix,pm25,167,1.0,91.0,17.0,3390.15
2022-04-08,US,Omaha,pm25,30,5.0,25.0,13.0,345.93
2022-04-08,US,El Paso,pm25,166,9.0,119.0,46.0,4141.4
2022-04-08,US,Dallas,pm25,24,12.0,83.0,29.0,6552.01
2022-04-08,US,Seattle,pm25,233,3.0,50.0,17.0,695.57
2022-04-08,US,Manhattan,pm25,59,2.0,44.0,14.0,1251.69
2022-04-08,US,Miami,pm25,93,19.0,61.0,35.0,768.11
2022-04-08,US,Jacksonville,pm25,140,9.0,45.0,25.0,678.6
2022-04-08,US,San Antonio,pm25,93,7.0,99.0,47.0,3108.07
2022-04-08,US,Philadelphia,pm25,86,2.0,152.0,23.0,3484.41
2022-04-08,US,San Diego,pm25,22,8.0,64.0,30.0,2367.79
2022-04-08,US,Columbus,pm25,47,3.0,60.0,21.0,2113.69
2022-04-08,US,Saint Paul,pm25,84,5.0,34.0,9.0,517.38
2022-04-08,US,Denver,pm25,146,9.0,59.0,21.0,848.69
2022-04-08,US,Salt Lake City,pm25,216,11.0,59.0,26.0,1227.86
2022-04-08,US,Albuquerque,pm25,72,12.0,54.0,21.0,834.88
2022-04-08,US,San Francisco,pm25,72,34.0,74.0,53.0,831.08
2022-04-08,US,Salem,pm25,72,8.0,15.0,10.0,29.95
2022-04-08,US,Madison,pm25,48,5.0,16.0,10.0,89.34
2022-04-08,US,Nashville,pm25,68,5.0,30.0,17.0,526.01
2022-04-08,US,Tucson,pm25,139,5.0,61.0,21.0,1653.88
2022-04-08,US,Queens,pm25,90,1.0,51.0,16.0,1504.15
2022-04-08,US,Tallahassee,pm25,72,6.0,86.0,29.0,1814.99
2022-04-08,US,Fort Worth,pm25,19,9.0,91.0,30.0,8436.72
2022-04-08,RS,Novi Sad,pm25,48,20.0,58.0,34.0,1008.51
2022-04-08,RS,Niš,pm25,48,14.0,119.0,39.0,11972.1
2022-04-08,RS,Belgrade,pm25,120,31.0,92.0,56.0,1256.08
2022-04-08,CY,Nicosia,pm25,24,55.0,151.0,84.0,5766.96
2022-04-08,CY,Limassol,pm25,24,55.0,153.0,86.0,9586.01
2022-04-08,HR,Zagreb,pm25,23,23.0,55.0,32.0,995.89
2022-04-08,HR,Rijeka,pm25,82,31.0,64.0,48.0,729.34
2022-04-08,MK,Skopje,pm25,155,1.0,155.0,55.0,16168.6
2022-04-09,GE,Tbilisi,pm25,96,44.0,114.0,60.0,2678.74
2022-04-09,HU,Győr,pm25,44,13.0,68.0,25.0,2218.29
2022-04-09,HU,Szeged,pm25,22,17.0,42.0,25.0,502.19
2022-04-09,HU,Pécs,pm25,72,9.0,42.0,30.0,671.2
2022-04-09,HU,Kecskemét,pm25,44,5.0,57.0,17.0,2060.04
2022-04-09,HU,Miskolc,pm25,83,9.0,68.0,30.0,3035.88
2022-04-09,HU,Budapest,pm25,345,5.0,55.0,17.0,1648.29
2022-04-09,JP,Fukuoka,pm25,394,5.0,152.0,46.0,3441.77
2022-04-09,JP,Kanazawa,pm25,231,5.0,78.0,34.0,2157.6
2022-04-09,JP,Kumamoto,pm25,371,5.0,122.0,57.0,3495.59
2022-04-09,JP,Akita,pm25,36,5.0,70.0,55.0,3538.0
2022-04-09,JP,Kochi,pm25,48,53.0,93.0,70.0,442.65
2022-04-09,JP,Gifu-shi,pm25,178,5.0,93.0,55.0,3103.29
2022-04-09,JP,Kyoto,pm25,564,17.0,104.0,59.0,1699.93
2022-04-09,JP,Hiroshima,pm25,331,5.0,82.0,53.0,2247.12
2022-04-09,JP,Shizuoka,pm25,257,5.0,104.0,57.0,1651.57
2022-04-09,JP,Chiba,pm25,792,5.0,127.0,53.0,2961.25
2022-04-09,JP,Sapporo,pm25,215,9.0,80.0,42.0,2108.29
2022-04-09,JP,Yokohama,pm25,547,1.0,112.0,55.0,2453.16
2022-04-09,JP,Tokyo,pm25,2574,1.0,124.0,55.0,1498.8
2022-04-09,JP,Saitama,pm25,501,9.0,82.0,55.0,1442.4
2022-04-09,JP,Naha,pm25,144,25.0,76.0,68.0,2432.1
2022-04-09,JP,Nagasaki,pm25,187,5.0,85.0,50.0,1437.23
2022-04-09,JP,Toyama,pm25,189,5.0,72.0,42.0,1676.86
2022-04-09,JP,Niigata,pm25,215,5.0,65.0,42.0,1608.02
2022-04-09,JP,Nara-shi,pm25,190,17.0,82.0,61.0,848.67
2022-04-09,JP,Okayama,pm25,288,50.0,142.0,70.0,1830.98
2022-04-09,JP,Sendai,pm25,456,5.0,95.0,38.0,5359.43
2022-04-09,JP,Osaka,pm25,1470,5.0,119.0,59.0,1609.04
2022-04-09,JP,Miyazaki,pm25,140,5.0,124.0,55.0,2581.49
2022-04-09,JP,Matsuyama,pm25,160,5.0,89.0,50.0,2443.79
2022-04-09,JP,Wakayama,pm25,286,38.0,102.0,59.0,726.64
2022-04-09,JP,Takamatsu,pm25,240,38.0,95.0,59.0,888.38
2022-04-09,JP,Nagoya,pm25,784,13.0,119.0,57.0,1525.47
2022-04-09,JP,Ōita,pm25,263,5.0,99.0,57.0,2441.61
2022-04-09,JP,Kobe,pm25,427,9.0,87.0,63.0,742.46
2022-04-09,JP,Nagano,pm25,72,13.0,70.0,42.0,1658.47
2022-04-09,JP,Utsunomiya,pm25,432,5.0,78.0,50.0,3086.59
2022-04-09,JP,Kagoshima,pm25,92,50.0,72.0,59.0,235.93
2022-04-09,SK,Košice,pm25,92,5.0,68.0,25.0,2010.11
2022-04-09,SK,Bratislava,pm25,73,5.0,50.0,17.0,1083.09
2022-04-09,FI,Vantaa,pm25,24,6.0,29.0,12.0,427.17
2022-04-09,FI,Turku,pm25,24,3.0,20.0,12.0,218.1
2022-04-09,FI,Helsinki,pm25,120,4.0,26.0,10.0,257.1
2022-04-09,FI,Tampere,pm25,93,3.0,18.0,7.0,91.16
2022-04-09,ET,Addis Ababa,pm25,45,55.0,163.0,72.0,4059.27
2022-04-09,CH,Zürich,pm25,18,1.0,2.0,1.0,1.05
2022-04-09,CO,Bogotá,pm25,329,5.0,114.0,57.0,3502.26
2022-04-09,CO,Medellín,pm25,261,17.0,82.0,61.0,1443.23
2022-04-09,EC,Quito,pm25,192,6.0,110.0,52.0,4366.33
2022-04-09,GB,Edinburgh,pm25,286,5.0,30.0,14.0,227.65
2022-04-09,GB,Norwich,pm25,9,21.0,45.0,27.0,695.0
2022-04-09,GB,Liverpool,pm25,28,5.0,34.0,19.0,492.21
2022-04-09,GB,Belfast,pm25,61,12.0,37.0,21.0,223.89
2022-04-09,GB,Coventry,pm25,67,10.0,43.0,17.0,424.8
2022-04-09,GB,Leeds,pm25,41,13.0,55.0,19.0,734.2
2022-04-09,GB,Cardiff,pm25,139,5.0,61.0,25.0,1570.28
2022-04-09,GB,Bristol,pm25,71,13.0,50.0,25.0,863.39
2022-04-09,GB,London,pm25,429,2.0,82.0,29.0,1539.62
2022-04-09,GB,Birmingham,pm25,42,13.0,35.0,20.0,217.33
2022-04-09,GB,Sheffield,pm25,74,10.0,38.0,19.0,320.81
2022-04-09,GB,Newport,pm25,45,9.0,62.0,17.0,1400.73
2022-04-09,GB,Leicester,pm25,24,17.0,31.0,21.0,160.58
2022-04-09,GB,Manchester,pm25,81,13.0,49.0,30.0,882.0
2022-04-09,GB,Reading,pm25,48,5.0,63.0,21.0,1826.31
2022-04-09,GB,Plymouth,pm25,41,5.0,31.0,17.0,587.52
2022-04-09,GB,Glasgow,pm25,540,8.0,52.0,18.0,249.89
2022-04-09,GB,Preston,pm25,40,10.0,59.0,21.0,1051.18
2022-04-09,GB,Swansea,pm25,82,5.0,38.0,17.0,923.47
2022-04-09,GB,Southend-on-Sea,pm25,45,15.0,49.0,30.0,677.55
2022-04-09,ID,Jakarta,pm25,71,55.0,179.0,85.0,12272.5
2022-04-09,NP,Kathmandu,pm25,48,149.0,189.0,159.0,913.83
2022-04-09,NP,Pokhara,pm25,23,80.0,128.0,95.0,1472.69
2022-04-09,NP,Biratnagar,pm25,24,95.0,166.0,135.0,2915.65
2022-04-09,AU,Sydney,pm25,125,1.0,44.0,11.0,684.42
2022-04-09,AU,Newcastle,pm25,130,1.0,63.0,15.0,1350.23
2022-04-09,AU,Launceston,pm25,114,5.0,160.0,17.0,12530.9
2022-04-09,AU,Hobart,pm25,65,5.0,70.0,13.0,3112.15
2022-04-09,AU,Darwin,pm25,66,3.0,56.0,27.0,1366.46
2022-04-09,AU,Melbourne,pm25,150,1.0,59.0,19.0,1240.46
2022-04-09,AU,Canberra,pm25,53,1.0,56.0,10.0,1541.84
2022-04-09,AU,Adelaide,pm25,80,3.0,82.0,17.0,2670.73
2022-04-09,AU,Brisbane,pm25,166,1.0,32.0,19.0,740.93
2022-04-09,AU,Perth,pm25,77,2.0,7.0,4.0,17.46
2022-04-09,AU,Wollongong,pm25,38,1.0,52.0,14.0,1155.65
2022-04-09,CI,Abidjan,pm25,24,30.0,112.0,53.0,5217.23
2022-04-09,GH,Accra,pm25,24,25.0,112.0,57.0,5105.49
2022-04-09,IQ,Baghdad,pm25,23,147.0,466.0,202.0,121052.0
2022-04-09,IS,Reykjavík,pm25,96,6.0,134.0,15.0,5906.87
2022-04-09,NL,Utrecht,pm25,48,13.0,49.0,26.0,532.06
2022-04-09,NL,Nijmegen,pm25,48,4.0,62.0,28.0,1754.25
2022-04-09,NL,Haarlem,pm25,137,3.0,64.0,33.0,1321.36
2022-04-09,NL,Eindhoven,pm25,24,16.0,57.0,36.0,1608.1
2022-04-09,NL,Rotterdam,pm25,192,8.0,46.0,23.0,429.42
2022-04-09,NL,Amsterdam,pm25,255,4.0,52.0,23.0,698.72
2022-04-09,NL,Dordrecht,pm25,24,13.0,56.0,33.0,1145.2
2022-04-09,NL,Breda,pm25,24,9.0,58.0,21.0,1019.55
2022-04-09,NL,Groningen,pm25,43,1.0,37.0,17.0,740.27
2022-04-09,NL,Maastricht,pm25,93,5.0,61.0,30.0,1079.42
2022-04-09,NL,The Hague,pm25,72,1.0,40.0,22.0,821.31
2022-04-09,PT,Lisbon,pm25,8,14.0,15.0,15.0,1.25
2022-04-09,PT,Funchal,pm25,39,1.0,35.0,13.0,666.82
2022-04-09,CA,Hamilton,pm25,86,5.0,50.0,17.0,1219.65
2022-04-09,CA,Calgary,pm25,78,1.0,23.0,3.0,129.26
2022-04-09,CA,Winnipeg,pm25,24,14.0,30.0,17.0,160.58
2022-04-09,CA,Halifax,pm25,46,2.0,36.0,13.0,715.94
2022-04-09,CA,Kitchener,pm25,36,5.0,25.0,9.0,406.73
2022-04-09,CA,Edmonton,pm25,138,1.0,61.0,12.0,493.46
2022-04-09,CA,Mississauga,pm25,52,5.0,50.0,25.0,2053.74
2022-04-09,CA,Québec,pm25,182,7.0,70.0,40.0,2355.83
2022-04-09,CA,Vancouver,pm25,23,2.0,8.0,4.0,13.91
2022-04-09,CA,Victoria,pm25,44,5.0,38.0,13.0,503.61
2022-04-09,CA,Montréal,pm25,397,21.0,110.0,55.0,2112.48
2022-04-09,CA,Toronto,pm25,119,5.0,68.0,17.0,3893.86
2022-04-09,CA,Ottawa,pm25,70,13.0,47.0,30.0,1177.09
2022-04-09,CA,London,pm25,40,5.0,21.0,9.0,137.85
2022-04-09,US,Oklahoma City,pm25,96,16.0,66.0,30.0,706.74
2022-04-09,US,Raleigh,pm25,38,5.0,28.0,12.0,282.5
2022-04-09,US,Memphis,pm25,71,4.0,53.0,20.0,955.5
2022-04-09,US,Jackson,pm25,72,5.0,73.0,31.0,2231.48
2022-04-09,US,Boston,pm25,134,5.0,65.0,30.0,1463.27
2022-04-09,US,Richmond,pm25,96,5.0,20.0,8.0,91.22
2022-04-09,US,Portland,pm25,166,5.0,25.0,11.0,147.98
2022-04-09,US,Boise,pm25,47,5.0,21.0,9.0,136.61
2022-04-09,US,Austin,pm25,40,5.0,63.0,30.0,2639.08
2022-04-09,US,Honolulu,pm25,46,5.0,42.0,25.0,797.65
2022-04-09,US,Fresno,pm25,48,11.0,50.0,31.0,877.55
2022-04-09,US,Milwaukee,pm25,144,5.0,59.0,10.0,748.53
2022-04-09,US,Hartford,pm25,48,6.0,41.0,29.0,1078.93
2022-04-09,US,Washington D.C.,pm25,110,5.0,30.0,11.0,356.28
2022-04-09,US,Chicago,pm25,238,3.0,63.0,13.0,1283.9
2022-04-09,US,Houston,pm25,48,12.0,85.0,39.0,1958.44
2022-04-09,US,Indianapolis,pm25,96,5.0,100.0,13.0,2790.8
2022-04-09,US,Atlanta,pm25,24,8.0,32.0,13.0,276.5
2022-04-09,US,Charlotte,pm25,65,5.0,30.0,12.0,276.8
2022-04-09,US,Sacramento,pm25,71,8.0,61.0,25.0,1327.52
2022-04-09,US,Oakland,pm25,96,25.0,68.0,53.0,1096.6
2022-04-09,US,Providence,pm25,44,5.0,34.0,13.0,515.07
2022-04-09,US,Staten Island,pm25,114,2.0,46.0,20.0,1130.67
2022-04-09,US,Brooklyn,pm25,133,3.0,52.0,18.0,653.51
2022-04-09,US,Springfield,pm25,67,4.0,106.0,14.0,3299.74
2022-04-09,US,The Bronx,pm25,30,5.0,52.0,15.0,1347.13
2022-04-09,US,San Jose,pm25,96,9.0,78.0,53.0,2075.26
2022-04-09,US,Los Angeles,pm25,73,21.0,95.0,73.0,1658.89
2022-04-09,US,Detroit,pm25,144,8.0,36.0,18.0,344.34
2022-04-09,US,Little Rock,pm25,24,6.0,73.0,43.0,3536.5
2022-04-09,US,Baltimore,pm25,33,5.0,29.0,15.0,585.3
2022-04-09,US,Phoenix,pm25,166,2.0,272.0,25.0,8256.19
2022-04-09,US,Omaha,pm25,15,5.0,68.0,25.0,4009.52
2022-04-09,US,El Paso,pm25,168,13.0,119.0,38.0,2938.19
2022-04-09,US,Dallas,pm25,24,24.0,54.0,34.0,664.35
2022-04-09,US,Seattle,pm25,207,3.0,34.0,17.0,505.07
2022-04-09,US,Manhattan,pm25,70,1.0,37.0,15.0,611.41
2022-04-09,US,Miami,pm25,94,18.0,69.0,33.0,1145.35
2022-04-09,US,Jacksonville,pm25,144,8.0,71.0,33.0,3119.72
2022-04-09,US,San Antonio,pm25,94,7.0,78.0,34.0,2663.37
2022-04-09,US,Philadelphia,pm25,85,1.0,93.0,21.0,2098.48
2022-04-09,US,San Diego,pm25,24,15.0,81.0,65.0,5129.4
2022-04-09,US,Columbus,pm25,46,2.0,28.0,11.0,371.66
2022-04-09,US,Saint Paul,pm25,101,5.0,65.0,17.0,2150.32
2022-04-09,US,Denver,pm25,121,9.0,59.0,21.0,1017.06
2022-04-09,US,Salt Lake City,pm25,216,7.0,65.0,22.0,1797.63
2022-04-09,US,Albuquerque,pm25,72,18.0,74.0,23.0,1371.05
2022-04-09,US,San Francisco,pm25,72,25.0,72.0,55.0,1244.07
2022-04-09,US,Salem,pm25,72,8.0,30.0,11.0,156.74
2022-04-09,US,Madison,pm25,48,7.0,61.0,10.0,2329.64
2022-04-09,US,Nashville,pm25,69,5.0,48.0,15.0,674.89
2022-04-09,US,Tucson,pm25,156,5.0,59.0,21.0,1412.01
2022-04-09,US,Queens,pm25,95,1.0,55.0,20.0,947.97
2022-04-09,US,Tallahassee,pm25,69,5.0,163.0,18.0,4625.65
2022-04-09,US,Fort Worth,pm25,22,5.0,53.0,17.0,1474.74
2022-04-09,RS,Novi Sad,pm25,48,17.0,88.0,33.0,2552.76
2022-04-09,RS,Niš,pm25,48,20.0,71.0,42.0,2608.05
2022-04-09,RS,Belgrade,pm25,120,17.0,68.0,34.0,1366.6
2022-04-09,CY,Nicosia,pm25,24,32.0,86.0,62.0,1624.06
2022-04-09,CY,Limassol,pm25,24,34.0,74.0,50.0,804.28
2022-04-09,HR,Zagreb,pm25,24,8.0,47.0,30.0,1354.76
2022-04-09,HR,Rijeka,pm25,79,2.0,53.0,37.0,3067.29
2022-04-09,MK,Skopje,pm25,164,5.0,147.0,43.0,10746.6
2022-04-10,GE,Tbilisi,pm25,96,43.0,87.0,54.0,878.31
2022-04-10,HU,Győr,pm25,40,17.0,42.0,21.0,851.56
2022-04-10,HU,Szeged,pm25,24,25.0,53.0,34.0,638.1
2022-04-10,HU,Pécs,pm25,72,17.0,25.0,21.0,57.46
2022-04-10,HU,Kecskemét,pm25,42,17.0,57.0,34.0,1316.38
2022-04-10,HU,Miskolc,pm25,116,13.0,61.0,38.0,1999.13
2022-04-10,HU,Budapest,pm25,298,9.0,46.0,25.0,501.06
2022-04-10,JP,Fukuoka,pm25,405,13.0,154.0,61.0,3101.74
2022-04-10,JP,Kanazawa,pm25,236,9.0,91.0,53.0,1872.3
2022-04-10,JP,Kumamoto,pm25,379,13.0,167.0,65.0,2486.79
2022-04-10,JP,Akita,pm25,45,9.0,76.0,53.0,1687.68
2022-04-10,JP,Kochi,pm25,48,50.0,80.0,63.0,478.79
2022-04-10,JP,Gifu-shi,pm25,191,9.0,85.0,61.0,2175.39
2022-04-10,JP,Kyoto,pm25,556,21.0,109.0,70.0,1212.26
2022-04-10,JP,Hiroshima,pm25,334,5.0,95.0,57.0,2405.52
2022-04-10,JP,Shizuoka,pm25,257,5.0,122.0,63.0,1848.59
2022-04-10,JP,Chiba,pm25,805,5.0,152.0,63.0,2091.49
2022-04-10,JP,Sapporo,pm25,215,30.0,102.0,59.0,1351.29
2022-04-10,JP,Yokohama,pm25,547,1.0,154.0,61.0,3128.12
2022-04-10,JP,Tokyo,pm25,2591,5.0,161.0,65.0,1340.65
2022-04-10,JP,Saitama,pm25,501,9.0,109.0,63.0,818.04
2022-04-10,JP,Naha,pm25,129,5.0,38.0,17.0,927.69
2022-04-10,JP,Nagasaki,pm25,190,13.0,89.0,57.0,1060.31
2022-04-10,JP,Toyama,pm25,192,17.0,107.0,57.0,1347.8
2022-04-10,JP,Niigata,pm25,216,21.0,76.0,55.0,815.13
2022-04-10,JP,Nara-shi,pm25,190,46.0,147.0,70.0,825.83
2022-04-10,JP,Okayama,pm25,287,61.0,151.0,78.0,2517.4
2022-04-10,JP,Sendai,pm25,480,17.0,89.0,59.0,1303.16
2022-04-10,JP,Osaka,pm25,1478,5.0,127.0,68.0,1656.3
2022-04-10,JP,Miyazaki,pm25,144,5.0,99.0,63.0,2113.55
2022-04-10,JP,Matsuyama,pm25,167,21.0,87.0,59.0,1588.55
2022-04-10,JP,Wakayama,pm25,280,38.0,89.0,61.0,684.99
2022-04-10,JP,Takamatsu,pm25,237,30.0,107.0,68.0,878.1
2022-04-10,JP,Nagoya,pm25,791,38.0,137.0,63.0,781.5
2022-04-10,JP,Ōita,pm25,263,9.0,102.0,63.0,1686.62
2022-04-10,JP,Kobe,pm25,429,21.0,129.0,68.0,1423.71
2022-04-10,JP,Nagano,pm25,72,30.0,95.0,55.0,2304.41
2022-04-10,JP,Utsunomiya,pm25,432,30.0,159.0,59.0,920.99
2022-04-10,JP,Kagoshima,pm25,96,50.0,78.0,63.0,208.46
2022-04-10,SK,Košice,pm25,96,13.0,70.0,42.0,1787.92
2022-04-10,SK,Bratislava,pm25,86,5.0,30.0,13.0,372.12
2022-04-10,FI,Vantaa,pm25,24,6.0,30.0,16.0,416.36
2022-04-10,FI,Turku,pm25,24,5.0,18.0,13.0,122.54
2022-04-10,FI,Helsinki,pm25,120,4.0,43.0,11.0,405.19
2022-04-10,FI,Tampere,pm25,95,2.0,19.0,5.0,137.87
2022-04-10,ET,Addis Ababa,pm25,47,50.0,142.0,65.0,2722.45
2022-04-10,CH,Zürich,pm25,16,1.0,2.0,1.0,2.0
2022-04-10,CO,Bogotá,pm25,336,34.0,119.0,72.0,1945.83
2022-04-10,CO,Medellín,pm25,234,21.0,80.0,57.0,926.83
2022-04-10,DK,Copenhagen,pm25,4,29.0,32.0,29.0,22.5
2022-04-10,EC,Quito,pm25,190,1.0,152.0,40.0,6818.6
2022-04-10,GB,Edinburgh,pm25,286,7.0,57.0,15.0,241.44
2022-04-10,GB,Norwich,pm25,21,19.0,51.0,41.0,615.62
2022-04-10,GB,Liverpool,pm25,33,5.0,39.0,21.0,932.52
2022-04-10,GB,Belfast,pm25,66,17.0,65.0,30.0,872.58
2022-04-10,GB,Coventry,pm25,64,16.0,37.0,25.0,245.04
2022-04-10,GB,Leeds,pm25,39,17.0,59.0,30.0,1210.38
2022-04-10,GB,Cardiff,pm25,144,5.0,61.0,34.0,2456.88
2022-04-10,GB,Bristol,pm25,71,17.0,70.0,34.0,934.25
2022-04-10,GB,London,pm25,444,5.0,74.0,34.0,1633.74
2022-04-10,GB,Birmingham,pm25,37,21.0,55.0,30.0,733.14
2022-04-10,GB,Sheffield,pm25,87,17.0,70.0,26.0,1399.84
2022-04-10,GB,Newport,pm25,42,13.0,30.0,20.0,182.19
2022-04-10,GB,Leicester,pm25,15,23.0,51.0,38.0,756.0
2022-04-10,GB,Manchester,pm25,84,21.0,72.0,38.0,1049.76
2022-04-10,GB,Reading,pm25,46,5.0,57.0,30.0,2863.96
2022-04-10,GB,Plymouth,pm25,37,9.0,31.0,21.0,499.92
2022-04-10,GB,Glasgow,pm25,544,7.0,53.0,17.0,284.93
2022-04-10,GB,Preston,pm25,40,19.0,53.0,32.0,1071.63
2022-04-10,GB,Swansea,pm25,87,5.0,50.0,21.0,1218.05
2022-04-10,GB,Southend-on-Sea,pm25,40,16.0,61.0,39.0,1482.67
2022-04-10,ID,Jakarta,pm25,70,57.0,166.0,110.0,8631.49
2022-04-10,NP,Kathmandu,pm25,48,127.0,187.0,154.0,1947.66
2022-04-10,NP,Pokhara,pm25,24,71.0,118.0,84.0,1353.91
2022-04-10,NP,Biratnagar,pm25,24,83.0,153.0,99.0,3735.63
2022-04-10,AU,Sydney,pm25,131,1.0,32.0,12.0,422.7
2022-04-10,AU,Newcastle,pm25,133,1.0,51.0,19.0,1406.08
2022-04-10,AU,Launceston,pm25,54,5.0,30.0,9.0,162.17
2022-04-10,AU,Hobart,pm25,40,5.0,9.0,5.0,36.0
2022-04-10,AU,Darwin,pm25,69,13.0,54.0,27.0,815.55
2022-04-10,AU,Melbourne,pm25,155,1.0,66.0,20.0,1456.43
2022-04-10,AU,Canberra,pm25,56,1.0,62.0,15.0,3085.44
2022-04-10,AU,Adelaide,pm25,85,4.0,51.0,17.0,1074.04
2022-04-10,AU,Brisbane,pm25,164,1.0,53.0,20.0,739.47
2022-04-10,AU,Perth,pm25,71,2.0,8.0,4.0,29.4
2022-04-10,AU,Wollongong,pm25,40,3.0,41.0,15.0,887.17
2022-04-10,CI,Abidjan,pm25,24,17.0,57.0,30.0,836.36
2022-04-10,IQ,Baghdad,pm25,24,102.0,183.0,144.0,5001.67
2022-04-10,IS,Reykjavík,pm25,96,8.0,63.0,22.0,3066.76
2022-04-10,KG,Bishkek,pm25,14,5.0,139.0,63.0,12521.8
2022-04-10,NL,Utrecht,pm25,45,2.0,61.0,27.0,1893.46
2022-04-10,NL,Nijmegen,pm25,44,4.0,66.0,31.0,1868.31
2022-04-10,NL,Haarlem,pm25,142,3.0,61.0,28.0,1306.69
2022-04-10,NL,Eindhoven,pm25,24,38.0,73.0,56.0,635.0
2022-04-10,NL,Rotterdam,pm25,192,12.0,53.0,21.0,676.4
2022-04-10,NL,Amsterdam,pm25,226,1.0,57.0,20.0,1095.95
2022-04-10,NL,Dordrecht,pm25,24,15.0,60.0,30.0,1636.36
2022-04-10,NL,Breda,pm25,24,21.0,48.0,34.0,791.02
2022-04-10,NL,Groningen,pm25,46,4.0,42.0,18.0,566.76
2022-04-10,NL,Maastricht,pm25,95,17.0,72.0,38.0,1418.51
2022-04-10,NL,The Hague,pm25,62,1.0,38.0,19.0,576.42
2022-04-10,PT,Lisbon,pm25,8,23.0,35.0,30.0,165.0
2022-04-10,PT,Funchal,pm25,45,1.0,35.0,11.0,492.09
2022-04-10,CA,Hamilton,pm25,65,5.0,34.0,9.0,460.45
2022-04-10,CA,Calgary,pm25,85,1.0,15.0,5.0,133.61
2022-04-10,CA,Winnipeg,pm25,24,12.0,26.0,14.0,120.8
2022-04-10,CA,Halifax,pm25,46,1.0,23.0,14.0,282.38
2022-04-10,CA,Kitchener,pm25,34,5.0,25.0,13.0,290.34
2022-04-10,CA,Edmonton,pm25,131,1.0,19.0,8.0,146.63
2022-04-10,CA,Mississauga,pm25,52,5.0,42.0,9.0,699.8
2022-04-10,CA,Québec,pm25,180,5.0,57.0,25.0,2137.19
2022-04-10,CA,Vancouver,pm25,22,4.0,17.0,6.0,144.52
2022-04-10,CA,Victoria,pm25,32,5.0,21.0,13.0,176.61
2022-04-10,CA,Montréal,pm25,347,3.0,70.0,14.0,2390.34
2022-04-10,CA,Toronto,pm25,51,5.0,21.0,5.0,168.28
2022-04-10,CA,Ottawa,pm25,46,5.0,13.0,9.0,58.67
2022-04-10,CA,London,pm25,22,9.0,38.0,13.0,682.62
2022-04-10,US,Oklahoma City,pm25,96,22.0,109.0,40.0,1324.31
2022-04-10,US,Raleigh,pm25,44,5.0,100.0,11.0,2022.79
2022-04-10,US,Memphis,pm25,72,5.0,63.0,30.0,641.73
2022-04-10,US,Jackson,pm25,71,12.0,58.0,29.0,1063.89
2022-04-10,US,Boston,pm25,108,5.0,38.0,13.0,480.94
2022-04-10,US,Richmond,pm25,96,5.0,70.0,9.0,1349.73
2022-04-10,US,Portland,pm25,165,5.0,25.0,10.0,110.53
2022-04-10,US,Boise,pm25,53,5.0,25.0,9.0,502.52
2022-04-10,US,Austin,pm25,46,5.0,74.0,38.0,3362.65
2022-04-10,US,Honolulu,pm25,48,17.0,53.0,38.0,886.7
2022-04-10,US,Fresno,pm25,45,3.0,30.0,13.0,397.0
2022-04-10,US,Milwaukee,pm25,144,15.0,63.0,23.0,1502.5
2022-04-10,US,Hartford,pm25,48,4.0,32.0,14.0,486.36
2022-04-10,US,Washington D.C.,pm25,110,5.0,42.0,10.0,681.64
2022-04-10,US,Chicago,pm25,235,8.0,69.0,25.0,1698.72
2022-04-10,US,Houston,pm25,44,16.0,69.0,39.0,1645.64
2022-04-10,US,Indianapolis,pm25,96,15.0,105.0,24.0,4839.51
2022-04-10,US,Atlanta,pm25,23,20.0,52.0,37.0,678.06
2022-04-10,US,Charlotte,pm25,68,5.0,46.0,17.0,742.76
2022-04-10,US,Sacramento,pm25,63,2.0,78.0,21.0,2574.03
2022-04-10,US,Oakland,pm25,117,5.0,68.0,34.0,1287.87
2022-04-10,US,Providence,pm25,17,5.0,17.0,9.0,184.71
2022-04-10,US,Staten Island,pm25,108,1.0,38.0,13.0,519.08
2022-04-10,US,Brooklyn,pm25,136,1.0,63.0,13.0,861.62
2022-04-10,US,Springfield,pm25,71,8.0,83.0,26.0,2008.27
2022-04-10,US,The Bronx,pm25,38,2.0,20.0,12.0,273.91
2022-04-10,US,San Jose,pm25,91,5.0,63.0,25.0,2250.57
2022-04-10,US,Los Angeles,pm25,72,50.0,92.0,70.0,831.53
2022-04-10,US,Detroit,pm25,144,7.0,92.0,20.0,1083.78
2022-04-10,US,Little Rock,pm25,24,9.0,88.0,44.0,4731.88
2022-04-10,US,Baltimore,pm25,43,5.0,30.0,15.0,347.72
2022-04-10,US,Phoenix,pm25,168,6.0,64.0,28.0,1239.13
2022-04-10,US,Omaha,pm25,45,5.0,61.0,25.0,2708.62
2022-04-10,US,El Paso,pm25,166,9.0,88.0,38.0,2709.61
2022-04-10,US,Dallas,pm25,24,27.0,59.0,37.0,818.19
2022-04-10,US,Seattle,pm25,201,2.0,38.0,10.0,415.04
2022-04-10,US,Manhattan,pm25,67,3.0,32.0,13.0,469.05
2022-04-10,US,Miami,pm25,94,18.0,49.0,25.0,601.2
2022-04-10,US,Jacksonville,pm25,144,16.0,82.0,30.0,2242.16
2022-04-10,US,San Antonio,pm25,92,5.0,93.0,47.0,3063.82
2022-04-10,US,Philadelphia,pm25,93,1.0,46.0,13.0,575.62
2022-04-10,US,San Diego,pm25,24,53.0,73.0,63.0,277.32
2022-04-10,US,Columbus,pm25,46,1.0,26.0,17.0,434.67
2022-04-10,US,Saint Paul,pm25,116,5.0,63.0,25.0,1526.26
2022-04-10,US,Denver,pm25,107,13.0,38.0,21.0,215.37
2022-04-10,US,Salt Lake City,pm25,216,5.0,40.0,11.0,278.78
2022-04-10,US,Albuquerque,pm25,72,17.0,45.0,29.0,474.07
2022-04-10,US,San Francisco,pm25,72,9.0,82.0,38.0,2023.66
2022-04-10,US,Salem,pm25,72,6.0,12.0,9.0,23.91
2022-04-10,US,Madison,pm25,48,18.0,63.0,25.0,1978.61
2022-04-10,US,Nashville,pm25,72,5.0,104.0,30.0,2589.76
2022-04-10,US,Tucson,pm25,167,5.0,112.0,30.0,3383.59
2022-04-10,US,Queens,pm25,94,1.0,29.0,14.0,419.96
2022-04-10,US,Tallahassee,pm25,72,14.0,69.0,33.0,1261.69
2022-04-10,US,Fort Worth,pm25,23,5.0,55.0,34.0,2518.38
2022-04-10,RS,Novi Sad,pm25,48,26.0,60.0,44.0,654.88
2022-04-10,RS,Niš,pm25,48,5.0,102.0,63.0,6462.51
2022-04-10,RS,Belgrade,pm25,120,16.0,62.0,48.0,835.49
2022-04-10,CY,Nicosia,pm25,24,24.0,72.0,57.0,1434.49
2022-04-10,CY,Limassol,pm25,24,49.0,78.0,55.0,434.49
2022-04-10,HR,Zagreb,pm25,24,18.0,92.0,36.0,4499.13
2022-04-10,HR,Rijeka,pm25,68,6.0,58.0,10.0,831.02
2022-04-10,MK,Skopje,pm25,168,1.0,79.0,29.0,2847.88
2022-04-11,GE,Tbilisi,pm25,96,53.0,107.0,64.0,3218.84
2022-04-11,HU,Győr,pm25,48,17.0,46.0,30.0,835.73
2022-04-11,HU,Szeged,pm25,24,9.0,53.0,21.0,1875.2
2022-04-11,HU,Pécs,pm25,72,17.0,63.0,21.0,2169.01
2022-04-11,HU,Kecskemét,pm25,42,25.0,46.0,34.0,497.05
2022-04-11,HU,Miskolc,pm25,120,13.0,119.0,34.0,5961.06
2022-04-11,HU,Budapest,pm25,297,9.0,57.0,25.0,686.15
2022-04-11,JP,Fukuoka,pm25,401,5.0,134.0,59.0,2404.17
2022-04-11,JP,Kanazawa,pm25,239,9.0,87.0,61.0,1140.06
2022-04-11,JP,Kumamoto,pm25,363,5.0,142.0,61.0,3119.64
2022-04-11,JP,Akita,pm25,46,17.0,109.0,61.0,2623.44
2022-04-11,JP,Kochi,pm25,48,42.0,78.0,61.0,528.51
2022-04-11,JP,Gifu-shi,pm25,190,5.0,91.0,61.0,2365.57
2022-04-11,JP,Kyoto,pm25,557,30.0,91.0,63.0,832.32
2022-04-11,JP,Hiroshima,pm25,324,5.0,104.0,59.0,1561.19
2022-04-11,JP,Shizuoka,pm25,261,25.0,104.0,61.0,1268.02
2022-04-11,JP,Chiba,pm25,805,5.0,107.0,59.0,2080.7
2022-04-11,JP,Sapporo,pm25,216,42.0,104.0,65.0,964.13
2022-04-11,JP,Yokohama,pm25,538,1.0,122.0,61.0,2634.37
2022-04-11,JP,Tokyo,pm25,2542,1.0,129.0,65.0,1555.68
2022-04-11,JP,Saitama,pm25,494,30.0,153.0,65.0,1566.34
2022-04-11,JP,Naha,pm25,144,9.0,50.0,25.0,821.54
2022-04-11,JP,Nagasaki,pm25,192,5.0,82.0,53.0,2226.54
2022-04-11,JP,Toyama,pm25,191,34.0,137.0,65.0,1809.73
2022-04-11,JP,Niigata,pm25,206,5.0,89.0,63.0,1349.62
2022-04-11,JP,Nara-shi,pm25,192,50.0,93.0,70.0,613.01
2022-04-11,JP,Okayama,pm25,284,53.0,124.0,74.0,858.82
2022-04-11,JP,Sendai,pm25,480,25.0,112.0,70.0,1108.04
2022-04-11,JP,Osaka,pm25,1476,5.0,132.0,61.0,1689.81
2022-04-11,JP,Miyazaki,pm25,139,9.0,182.0,55.0,4430.42
2022-04-11,JP,Matsuyama,pm25,167,9.0,99.0,63.0,2259.34
2022-04-11,JP,Wakayama,pm25,284,38.0,80.0,57.0,644.55
2022-04-11,JP,Takamatsu,pm25,239,46.0,95.0,68.0,812.64
2022-04-11,JP,Nagoya,pm25,770,25.0,127.0,61.0,819.43
2022-04-11,JP,Ōita,pm25,254,5.0,82.0,53.0,3119.96
2022-04-11,JP,Kobe,pm25,430,21.0,80.0,59.0,693.3
2022-04-11,JP,Nagano,pm25,69,50.0,91.0,68.0,998.94
2022-04-11,JP,Utsunomiya,pm25,430,42.0,114.0,65.0,948.09
2022-04-11,JP,Kagoshima,pm25,96,9.0,70.0,53.0,4052.84
2022-04-11,SK,Košice,pm25,93,9.0,72.0,42.0,2149.77
2022-04-11,SK,Bratislava,pm25,93,9.0,63.0,21.0,1104.64
2022-04-11,FI,Vantaa,pm25,24,13.0,47.0,22.0,589.55
2022-04-11,FI,Turku,pm25,24,9.0,43.0,16.0,718.68
2022-04-11,FI,Helsinki,pm25,120,8.0,110.0,17.0,4616.02
2022-04-11,FI,Tampere,pm25,94,3.0,22.0,10.0,288.75
2022-04-11,ET,Addis Ababa,pm25,48,46.0,139.0,76.0,3807.23
2022-04-11,CH,Zürich,pm25,24,1.0,4.0,2.0,6.96
2022-04-11,CO,Bogotá,pm25,330,13.0,112.0,64.0,3192.32
2022-04-11,CO,Medellín,pm25,288,34.0,97.0,59.0,737.83
2022-04-11,DK,Copenhagen,pm25,24,23.0,48.0,33.0,320.85
2022-04-11,EC,Quito,pm25,174,4.0,103.0,49.0,4917.1
2022-04-11,GB,Edinburgh,pm25,286,14.0,71.0,42.0,1706.15
2022-04-11,GB,Norwich,pm25,23,34.0,62.0,53.0,1121.19
2022-04-11,GB,Liverpool,pm25,44,13.0,62.0,30.0,1856.08
2022-04-11,GB,Belfast,pm25,72,24.0,54.0,35.0,630.99
2022-04-11,GB,Coventry,pm25,68,15.0,56.0,35.0,1630.76
2022-04-11,GB,Leeds,pm25,45,34.0,76.0,46.0,1405.64
2022-04-11,GB,Cardiff,pm25,137,13.0,70.0,42.0,1402.42
2022-04-11,GB,Bristol,pm25,68,21.0,63.0,42.0,1262.96
2022-04-11,GB,London,pm25,488,5.0,91.0,50.0,2271.23
2022-04-11,GB,Birmingham,pm25,25,23.0,60.0,40.0,1640.0
2022-04-11,GB,Sheffield,pm25,76,25.0,76.0,45.0,1443.75
2022-04-11,GB,Newport,pm25,48,17.0,46.0,30.0,585.39
2022-04-11,GB,Leicester,pm25,22,18.0,59.0,47.0,1740.17
2022-04-11,GB,Manchester,pm25,80,17.0,66.0,41.0,1291.52
2022-04-11,GB,Reading,pm25,47,5.0,61.0,34.0,2580.38
2022-04-11,GB,Plymouth,pm25,45,9.0,53.0,30.0,1917.8
2022-04-11,GB,Glasgow,pm25,542,15.0,61.0,37.0,1305.09
2022-04-11,GB,Preston,pm25,45,15.0,63.0,35.0,870.53
2022-04-11,GB,Swansea,pm25,89,5.0,63.0,30.0,2021.86
2022-04-11,GB,Southend-on-Sea,pm25,48,34.0,75.0,55.0,875.39
2022-04-11,ID,Jakarta,pm25,69,59.0,153.0,99.0,5918.2
2022-04-11,NP,Kathmandu,pm25,45,97.0,169.0,147.0,5333.13
2022-04-11,NP,Pokhara,pm25,26,70.0,109.0,81.0,814.05
2022-04-11,NP,Biratnagar,pm25,24,76.0,111.0,83.0,1405.63
2022-04-11,AU,Sydney,pm25,142,2.0,68.0,20.0,1273.36
2022-04-11,AU,Newcastle,pm25,135,1.0,78.0,20.0,2330.94
2022-04-11,AU,Launceston,pm25,79,5.0,46.0,5.0,739.79
2022-04-11,AU,Hobart,pm25,46,5.0,17.0,5.0,60.99
2022-04-11,AU,Darwin,pm25,70,6.0,60.0,26.0,1235.99
2022-04-11,AU,Melbourne,pm25,166,1.0,56.0,24.0,1465.54
2022-04-11,AU,Canberra,pm25,67,3.0,73.0,30.0,2910.85
2022-04-11,AU,Adelaide,pm25,96,9.0,48.0,25.0,991.6
2022-04-11,AU,Brisbane,pm25,165,1.0,43.0,21.0,765.78
2022-04-11,AU,Perth,pm25,71,2.0,21.0,4.0,79.8
2022-04-11,AU,Wollongong,pm25,44,1.0,75.0,20.0,1982.89
2022-04-11,CI,Abidjan,pm25,23,9.0,80.0,34.0,3342.25
2022-04-11,GH,Accra,pm25,11,9.0,50.0,30.0,1312.55
2022-04-11,IQ,Baghdad,pm25,24,109.0,490.0,158.0,78780.6
2022-04-11,IS,Reykjavík,pm25,96,7.0,27.0,13.0,184.73
2022-04-11,KG,Bishkek,pm25,24,53.0,109.0,70.0,1338.68
2022-04-11,NL,Utrecht,pm25,48,23.0,81.0,51.0,1275.16
2022-04-11,NL,Nijmegen,pm25,48,26.0,69.0,44.0,1402.96
2022-04-11,NL,Haarlem,pm25,130,20.0,94.0,53.0,2830.39
2022-04-11,NL,Eindhoven,pm25,24,35.0,85.0,59.0,1606.79
2022-04-11,NL,Rotterdam,pm25,192,21.0,77.0,52.0,826.9
2022-04-11,NL,Amsterdam,pm25,251,3.0,152.0,48.0,2433.04
2022-04-11,NL,Dordrecht,pm25,24,35.0,78.0,55.0,1394.49
2022-04-11,NL,Breda,pm25,24,22.0,78.0,51.0,3220.27
2022-04-11,NL,Groningen,pm25,47,1.0,50.0,28.0,1480.32
2022-04-11,NL,Maastricht,pm25,96,5.0,70.0,38.0,2635.33
2022-04-11,NL,The Hague,pm25,72,14.0,70.0,51.0,1614.58
2022-04-11,PT,Lisbon,pm25,23,13.0,26.0,15.0,162.41
2022-04-11,PT,Funchal,pm25,44,4.0,27.0,10.0,273.72
2022-04-11,CA,Hamilton,pm25,90,5.0,95.0,30.0,4413.85
2022-04-11,CA,Calgary,pm25,92,2.0,43.0,8.0,684.85
2022-04-11,CA,Winnipeg,pm25,24,11.0,28.0,19.0,114.76
2022-04-11,CA,Halifax,pm25,46,1.0,15.0,8.0,182.16
2022-04-11,CA,Kitchener,pm25,45,9.0,74.0,25.0,4259.09
2022-04-11,CA,Edmonton,pm25,132,2.0,25.0,11.0,211.93
2022-04-11,CA,Mississauga,pm25,68,9.0,80.0,21.0,1926.15
2022-04-11,CA,Québec,pm25,150,5.0,38.0,12.0,475.34
2022-04-11,CA,Vancouver,pm25,20,5.0,14.0,11.0,82.61
2022-04-11,CA,Victoria,pm25,34,5.0,34.0,13.0,506.95
2022-04-11,CA,Montréal,pm25,297,3.0,44.0,15.0,639.53
2022-04-11,CA,Toronto,pm25,138,5.0,53.0,17.0,1350.25
2022-04-11,CA,Ottawa,pm25,70,7.0,30.0,17.0,434.64
2022-04-11,CA,London,pm25,34,9.0,57.0,21.0,3273.3
2022-04-11,US,Oklahoma City,pm25,96,22.0,194.0,53.0,4965.5
2022-04-11,US,Raleigh,pm25,48,21.0,134.0,50.0,3628.72
2022-04-11,US,Memphis,pm25,71,5.0,53.0,28.0,613.35
2022-04-11,US,Jackson,pm25,72,6.0,40.0,26.0,569.51
2022-04-11,US,Boston,pm25,97,5.0,53.0,13.0,631.93
2022-04-11,US,Richmond,pm25,93,13.0,63.0,24.0,1576.75
2022-04-11,US,Portland,pm25,165,5.0,34.0,10.0,305.69
2022-04-11,US,Boise,pm25,56,5.0,17.0,5.0,212.31
2022-04-11,US,Austin,pm25,47,25.0,87.0,53.0,1850.4
2022-04-11,US,Honolulu,pm25,44,5.0,55.0,25.0,1556.55
2022-04-11,US,Fresno,pm25,44,5.0,53.0,21.0,963.82
2022-04-11,US,Milwaukee,pm25,144,14.0,57.0,26.0,1078.27
2022-04-11,US,Hartford,pm25,48,6.0,28.0,10.0,297.38
2022-04-11,US,Washington D.C.,pm25,112,5.0,53.0,21.0,1243.03
2022-04-11,US,Chicago,pm25,238,14.0,75.0,31.0,1517.19
2022-04-11,US,Houston,pm25,47,16.0,79.0,58.0,1472.59
2022-04-11,US,Indianapolis,pm25,98,18.0,68.0,38.0,1313.1
2022-04-11,US,Atlanta,pm25,24,19.0,51.0,37.0,1177.97
2022-04-11,US,Charlotte,pm25,72,13.0,59.0,42.0,1020.4
2022-04-11,US,Sacramento,pm25,67,4.0,57.0,17.0,1214.77
2022-04-11,US,Oakland,pm25,112,5.0,80.0,21.0,1299.81
2022-04-11,US,Providence,pm25,17,5.0,17.0,9.0,190.59
2022-04-11,US,Staten Island,pm25,94,2.0,52.0,14.0,1280.75
2022-04-11,US,Brooklyn,pm25,136,1.0,77.0,19.0,2202.81
2022-04-11,US,Springfield,pm25,68,8.0,75.0,43.0,2759.1
2022-04-11,US,The Bronx,pm25,40,1.0,58.0,15.0,2660.38
2022-04-11,US,San Jose,pm25,91,5.0,42.0,21.0,710.74
2022-04-11,US,Los Angeles,pm25,68,1.0,83.0,64.0,2676.39
2022-04-11,US,Detroit,pm25,143,11.0,76.0,35.0,2304.58
2022-04-11,US,Little Rock,pm25,24,16.0,122.0,40.0,4288.04
2022-04-11,US,Baltimore,pm25,44,5.0,55.0,21.0,1025.81
2022-04-11,US,Phoenix,pm25,178,7.0,157.0,34.0,2122.83
2022-04-11,US,Omaha,pm25,37,5.0,78.0,17.0,3729.37
2022-04-11,US,El Paso,pm25,166,5.0,82.0,37.0,2917.21
2022-04-11,US,Dallas,pm25,24,25.0,68.0,54.0,1426.94
2022-04-11,US,Seattle,pm25,224,4.0,68.0,13.0,721.26
2022-04-11,US,Manhattan,pm25,64,1.0,34.0,16.0,743.56
2022-04-11,US,Miami,pm25,94,17.0,36.0,21.0,109.24
2022-04-11,US,Jacksonville,pm25,144,19.0,96.0,29.0,1787.79
2022-04-11,US,San Antonio,pm25,94,25.0,82.0,61.0,894.72
2022-04-11,US,Philadelphia,pm25,85,1.0,147.0,18.0,4081.04
2022-04-11,US,San Diego,pm25,22,13.0,108.0,60.0,3196.56
2022-04-11,US,Columbus,pm25,48,7.0,53.0,24.0,1648.15
2022-04-11,US,Saint Paul,pm25,102,5.0,46.0,17.0,929.45
2022-04-11,US,Denver,pm25,126,13.0,53.0,34.0,705.97
2022-04-11,US,Salt Lake City,pm25,214,4.0,78.0,19.0,1874.88
2022-04-11,US,Albuquerque,pm25,72,18.0,69.0,28.0,1254.8
2022-04-11,US,San Francisco,pm25,68,5.0,78.0,25.0,1772.95
2022-04-11,US,Salem,pm25,72,4.0,18.0,8.0,121.09
2022-04-11,US,Madison,pm25,48,9.0,37.0,22.0,601.7
2022-04-11,US,Nashville,pm25,73,5.0,53.0,25.0,745.37
2022-04-11,US,Tucson,pm25,151,5.0,59.0,30.0,1539.54
2022-04-11,US,Queens,pm25,95,3.0,39.0,17.0,754.99
2022-04-11,US,Tallahassee,pm25,72,16.0,88.0,38.0,2441.95
2022-04-11,US,Fort Worth,pm25,24,21.0,63.0,42.0,1062.83
2022-04-11,RS,Novi Sad,pm25,48,15.0,80.0,35.0,2128.92
2022-04-11,RS,Niš,pm25,47,29.0,151.0,53.0,9077.6
2022-04-11,RS,Belgrade,pm25,120,14.0,153.0,44.0,6165.8
2022-04-11,CY,Nicosia,pm25,24,36.0,85.0,55.0,1201.96
2022-04-11,CY,Limassol,pm25,24,21.0,64.0,50.0,1111.23
2022-04-11,HR,Zagreb,pm25,24,17.0,113.0,66.0,11205.2
2022-04-11,HR,Rijeka,pm25,56,8.0,67.0,14.0,1670.93
2022-04-11,MK,Skopje,pm25,158,3.0,143.0,31.0,8136.93
2022-04-12,GE,Tbilisi,pm25,96,59.0,140.0,71.0,5646.34
2022-04-12,HU,Győr,pm25,46,13.0,70.0,46.0,2018.43
2022-04-12,HU,Szeged,pm25,24,25.0,74.0,57.0,2682.88
2022-04-12,HU,Pécs,pm25,66,25.0,74.0,53.0,2395.3
2022-04-12,HU,Kecskemét,pm25,44,38.0,80.0,50.0,999.68
2022-04-12,HU,Miskolc,pm25,120,25.0,107.0,57.0,3521.13
2022-04-12,HU,Budapest,pm25,348,13.0,76.0,50.0,1412.49
2022-04-12,JP,Fukuoka,pm25,378,5.0,154.0,34.0,3478.98
2022-04-12,JP,Kanazawa,pm25,235,5.0,76.0,46.0,2120.84
2022-04-12,JP,Kumamoto,pm25,348,5.0,93.0,34.0,2793.21
2022-04-12,JP,Akita,pm25,48,21.0,112.0,70.0,2300.0
2022-04-12,JP,Kochi,pm25,48,17.0,80.0,46.0,2180.27
2022-04-12,JP,Gifu-shi,pm25,187,9.0,107.0,57.0,2749.92
2022-04-12,JP,Kyoto,pm25,550,5.0,89.0,53.0,2302.38
2022-04-12,JP,Hiroshima,pm25,321,5.0,97.0,57.0,2624.53
2022-04-12,JP,Shizuoka,pm25,253,9.0,95.0,55.0,1563.06
2022-04-12,JP,Chiba,pm25,783,5.0,117.0,53.0,2110.54
2022-04-12,JP,Sapporo,pm25,203,38.0,117.0,68.0,1197.94
2022-04-12,JP,Yokohama,pm25,540,1.0,109.0,53.0,2496.78
2022-04-12,JP,Tokyo,pm25,2530,1.0,139.0,59.0,1052.59
2022-04-12,JP,Saitama,pm25,502,42.0,91.0,63.0,676.92
2022-04-12,JP,Naha,pm25,144,9.0,53.0,21.0,953.93
2022-04-12,JP,Nagasaki,pm25,177,5.0,57.0,21.0,1859.24
2022-04-12,JP,Toyama,pm25,190,5.0,93.0,57.0,1996.08
2022-04-12,JP,Niigata,pm25,206,9.0,89.0,65.0,994.12
2022-04-12,JP,Nara-shi,pm25,190,9.0,78.0,57.0,2168.78
2022-04-12,JP,Okayama,pm25,287,25.0,129.0,59.0,1109.97
2022-04-12,JP,Sendai,pm25,479,46.0,95.0,70.0,677.39
2022-04-12,JP,Osaka,pm25,1440,5.0,114.0,50.0,2595.25
2022-04-12,JP,Miyazaki,pm25,131,5.0,99.0,25.0,2743.39
2022-04-12,JP,Matsuyama,pm25,167,17.0,124.0,68.0,4805.98
2022-04-12,JP,Wakayama,pm25,277,5.0,87.0,46.0,2482.68
2022-04-12,JP,Takamatsu,pm25,239,13.0,80.0,53.0,1732.76
2022-04-12,JP,Nagoya,pm25,767,9.0,102.0,57.0,1623.02
2022-04-12,JP,Ōita,pm25,241,5.0,68.0,30.0,1943.78
2022-04-12,JP,Kobe,pm25,422,5.0,93.0,46.0,2314.97
2022-04-12,JP,Nagano,pm25,72,46.0,85.0,61.0,661.31
2022-04-12,JP,Utsunomiya,pm25,398,21.0,91.0,63.0,764.79
2022-04-12,JP,Kagoshima,pm25,94,9.0,50.0,25.0,1145.21
2022-04-12,SK,Košice,pm25,93,13.0,82.0,50.0,2267.14
2022-04-12,SK,Bratislava,pm25,96,25.0,76.0,53.0,865.83
2022-04-12,FI,Vantaa,pm25,24,15.0,56.0,40.0,1070.27
2022-04-12,FI,Turku,pm25,24,7.0,39.0,15.0,833.62
2022-04-12,FI,Helsinki,pm25,120,13.0,86.0,25.0,2440.5
2022-04-12,FI,Tampere,pm25,96,9.0,63.0,14.0,727.79
2022-04-12,ET,Addis Ababa,pm25,48,57.0,174.0,80.0,7360.31
2022-04-12,CH,Zürich,pm25,23,2.0,5.0,3.0,9.09
2022-04-12,CO,Bogotá,pm25,327,17.0,93.0,55.0,2214.91
2022-04-12,CO,Medellín,pm25,281,38.0,97.0,61.0,1225.04
2022-04-12,DK,Copenhagen,pm25,24,22.0,66.0,32.0,1712.16
2022-04-12,EC,Quito,pm25,191,10.0,127.0,54.0,4435.51
2022-04-12,GB,Edinburgh,pm25,288,18.0,74.0,56.0,1733.12
2022-04-12,GB,Norwich,pm25,22,35.0,65.0,57.0,320.0
2022-04-12,GB,Liverpool,pm25,46,30.0,98.0,74.0,1891.44
2022-04-12,GB,Belfast,pm25,104,21.0,86.0,61.0,1586.2
2022-04-12,GB,Coventry,pm25,61,29.0,73.0,59.0,743.71
2022-04-12,GB,Leeds,pm25,45,55.0,112.0,80.0,2218.45
2022-04-12,GB,Cardiff,pm25,140,21.0,70.0,61.0,1844.53
2022-04-12,GB,Bristol,pm25,64,30.0,68.0,55.0,506.88
2022-04-12,GB,London,pm25,492,5.0,139.0,55.0,2626.5
2022-04-12,GB,Birmingham,pm25,30,48.0,76.0,61.0,469.24
2022-04-12,GB,Sheffield,pm25,87,50.0,153.0,91.0,2971.16
2022-04-12,GB,Newport,pm25,48,34.0,68.0,46.0,560.27
2022-04-12,GB,Leicester,pm25,23,45.0,68.0,61.0,220.87
2022-04-12,GB,Manchester,pm25,77,34.0,103.0,75.0,2385.45
2022-04-12,GB,Reading,pm25,48,9.0,70.0,30.0,3332.48
2022-04-12,GB,Plymouth,pm25,40,13.0,68.0,42.0,1390.97
2022-04-12,GB,Glasgow,pm25,559,5.0,82.0,53.0,3097.33
2022-04-12,GB,Preston,pm25,46,37.0,92.0,75.0,1239.21
2022-04-12,GB,Swansea,pm25,95,25.0,65.0,46.0,1170.61
2022-04-12,GB,Southend-on-Sea,pm25,46,28.0,92.0,57.0,2942.83
2022-04-12,ID,Jakarta,pm25,70,87.0,164.0,149.0,5222.0
2022-04-12,NP,Kathmandu,pm25,48,93.0,168.0,139.0,3097.38
2022-04-12,NP,Pokhara,pm25,25,69.0,120.0,82.0,2972.5
2022-04-12,NP,Biratnagar,pm25,24,76.0,157.0,110.0,6300.8
2022-04-12,AU,Sydney,pm25,161,1.0,40.0,17.0,526.06
2022-04-12,AU,Newcastle,pm25,142,1.0,45.0,20.0,895.93
2022-04-12,AU,Launceston,pm25,100,5.0,68.0,9.0,2098.8
2022-04-12,AU,Hobart,pm25,24,5.0,9.0,5.0,23.19
2022-04-12,AU,Darwin,pm25,69,4.0,62.0,25.0,1774.55
2022-04-12,AU,Melbourne,pm25,137,1.0,51.0,17.0,1115.15
2022-04-12,AU,Canberra,pm25,43,1.0,45.0,20.0,1102.3
2022-04-12,AU,Adelaide,pm25,96,9.0,65.0,30.0,1017.81
2022-04-12,AU,Brisbane,pm25,172,1.0,50.0,25.0,875.62
2022-04-12,AU,Perth,pm25,36,3.0,10.0,6.0,35.13
2022-04-12,AU,Wollongong,pm25,44,1.0,89.0,16.0,2691.9
2022-04-12,CI,Abidjan,pm25,24,9.0,122.0,68.0,9362.59
2022-04-12,GH,Accra,pm25,24,17.0,97.0,50.0,4039.06
2022-04-12,IQ,Baghdad,pm25,17,124.0,637.0,152.0,325314.0
2022-04-12,IS,Reykjavík,pm25,96,4.0,57.0,17.0,1443.98
2022-04-12,KG,Bishkek,pm25,24,38.0,91.0,74.0,2052.97
2022-04-12,NL,Utrecht,pm25,48,30.0,64.0,46.0,606.17
2022-04-12,NL,Nijmegen,pm25,48,9.0,77.0,34.0,2253.9
2022-04-12,NL,Haarlem,pm25,119,23.0,83.0,52.0,2036.43
2022-04-12,NL,Eindhoven,pm25,22,18.0,79.0,52.0,2339.5
2022-04-12,NL,Rotterdam,pm25,192,23.0,72.0,48.0,646.73
2022-04-12,NL,Amsterdam,pm25,260,24.0,121.0,51.0,1003.58
2022-04-12,NL,Dordrecht,pm25,24,22.0,180.0,45.0,8980.58
2022-04-12,NL,Breda,pm25,24,16.0,53.0,38.0,904.28
2022-04-12,NL,Groningen,pm25,46,12.0,63.0,36.0,1977.72
2022-04-12,NL,Maastricht,pm25,94,5.0,61.0,30.0,1748.01
2022-04-12,NL,The Hague,pm25,72,18.0,64.0,51.0,939.43
2022-04-12,PT,Lisbon,pm25,33,13.0,31.0,14.0,297.18
2022-04-12,PT,Funchal,pm25,55,2.0,29.0,20.0,342.76
2022-04-12,CA,Hamilton,pm25,93,9.0,70.0,34.0,3382.48
2022-04-12,CA,Calgary,pm25,87,3.0,33.0,15.0,547.1
2022-04-12,CA,Winnipeg,pm25,24,10.0,18.0,15.0,55.36
2022-04-12,CA,Halifax,pm25,46,11.0,53.0,18.0,528.27
2022-04-12,CA,Kitchener,pm25,46,13.0,63.0,30.0,2056.21
2022-04-12,CA,Edmonton,pm25,131,2.0,22.0,11.0,166.46
2022-04-12,CA,Mississauga,pm25,65,9.0,63.0,25.0,1742.77
2022-04-12,CA,Québec,pm25,184,9.0,57.0,25.0,1140.47
2022-04-12,CA,Vancouver,pm25,22,8.0,25.0,12.0,169.98
2022-04-12,CA,Victoria,pm25,44,5.0,34.0,17.0,673.72
2022-04-12,CA,Montréal,pm25,351,9.0,67.0,22.0,1579.39
2022-04-12,CA,Toronto,pm25,133,9.0,93.0,25.0,2691.63
2022-04-12,CA,Ottawa,pm25,66,9.0,38.0,20.0,421.17
2022-04-12,CA,London,pm25,48,21.0,55.0,34.0,848.35
2022-04-12,US,Oklahoma City,pm25,72,24.0,70.0,60.0,650.12
2022-04-12,US,Raleigh,pm25,48,25.0,74.0,46.0,1436.15
2022-04-12,US,Memphis,pm25,72,15.0,59.0,39.0,843.94
2022-04-12,US,Jackson,pm25,72,8.0,53.0,40.0,1207.87
2022-04-12,US,Boston,pm25,119,5.0,57.0,21.0,1186.23
2022-04-12,US,Richmond,pm25,94,7.0,62.0,34.0,2334.19
2022-04-12,US,Portland,pm25,167,8.0,50.0,13.0,420.6
2022-04-12,US,Boise,pm25,68,5.0,21.0,9.0,178.79
2022-04-12,US,Austin,pm25,47,30.0,102.0,65.0,2051.24
2022-04-12,US,Honolulu,pm25,45,5.0,50.0,17.0,1239.46
2022-04-12,US,Fresno,pm25,32,1.0,30.0,13.0,417.09
2022-04-12,US,Milwaukee,pm25,144,23.0,104.0,49.0,2113.33
2022-04-12,US,Hartford,pm25,48,16.0,47.0,24.0,418.08
2022-04-12,US,Washington D.C.,pm25,110,5.0,42.0,21.0,784.24
2022-04-12,US,Chicago,pm25,232,18.0,152.0,41.0,2355.22
2022-04-12,US,Houston,pm25,48,52.0,81.0,62.0,481.91
2022-04-12,US,Indianapolis,pm25,96,20.0,78.0,40.0,2501.71
2022-04-12,US,Atlanta,pm25,24,12.0,90.0,48.0,3545.14
2022-04-12,US,Charlotte,pm25,72,17.0,152.0,46.0,12354.9
2022-04-12,US,Sacramento,pm25,70,5.0,42.0,21.0,624.17
2022-04-12,US,Oakland,pm25,116,5.0,46.0,25.0,793.8
2022-04-12,US,Providence,pm25,32,5.0,114.0,17.0,3339.19
2022-04-12,US,Staten Island,pm25,106,1.0,91.0,22.0,2209.01
2022-04-12,US,Brooklyn,pm25,143,1.0,71.0,24.0,2098.89
2022-04-12,US,Springfield,pm25,71,14.0,86.0,42.0,1856.51
2022-04-12,US,The Bronx,pm25,46,3.0,71.0,20.0,2765.1
2022-04-12,US,San Jose,pm25,91,5.0,50.0,21.0,900.22
2022-04-12,US,Los Angeles,pm25,70,10.0,77.0,31.0,3003.37
2022-04-12,US,Detroit,pm25,144,24.0,158.0,38.0,6048.51
2022-04-12,US,Little Rock,pm25,23,25.0,59.0,40.0,1300.55
2022-04-12,US,Baltimore,pm25,39,5.0,61.0,22.0,2009.23
2022-04-12,US,Phoenix,pm25,190,5.0,73.0,41.0,2787.15
2022-04-12,US,Omaha,pm25,47,5.0,97.0,38.0,4522.16
2022-04-12,US,El Paso,pm25,168,9.0,210.0,64.0,22276.2
2022-04-12,US,Dallas,pm25,24,11.0,61.0,54.0,2504.93
2022-04-12,US,Seattle,pm25,234,5.0,50.0,19.0,909.61
2022-04-12,US,Manhattan,pm25,68,5.0,61.0,24.0,1355.74
2022-04-12,US,Miami,pm25,94,18.0,35.0,25.0,208.69
2022-04-12,US,Jacksonville,pm25,140,12.0,55.0,22.0,468.05
2022-04-12,US,San Antonio,pm25,90,53.0,106.0,72.0,1666.92
2022-04-12,US,Philadelphia,pm25,75,5.0,88.0,25.0,3447.48
2022-04-12,US,San Diego,pm25,24,18.0,53.0,27.0,1032.1
2022-04-12,US,Columbus,pm25,46,5.0,49.0,23.0,637.16
2022-04-12,US,Saint Paul,pm25,125,5.0,65.0,21.0,1068.97
2022-04-12,US,Denver,pm25,122,5.0,97.0,21.0,3786.46
2022-04-12,US,Salt Lake City,pm25,216,3.0,57.0,9.0,688.45
2022-04-12,US,Albuquerque,pm25,72,20.0,80.0,31.0,1657.89
2022-04-12,US,San Francisco,pm25,70,9.0,97.0,30.0,1828.98
2022-04-12,US,Salem,pm25,72,7.0,15.0,10.0,35.49
2022-04-12,US,Madison,pm25,48,26.0,58.0,43.0,599.78
2022-04-12,US,Nashville,pm25,70,5.0,53.0,36.0,790.87
2022-04-12,US,Tucson,pm25,143,13.0,63.0,34.0,1422.41
2022-04-12,US,Queens,pm25,94,5.0,58.0,26.0,2067.38
2022-04-12,US,Tallahassee,pm25,72,18.0,69.0,44.0,1784.93
2022-04-12,US,Fort Worth,pm25,20,9.0,74.0,59.0,3069.97
2022-04-12,RS,Novi Sad,pm25,48,16.0,102.0,38.0,4659.96
2022-04-12,RS,Niš,pm25,48,19.0,160.0,71.0,16646.7
2022-04-12,RS,Belgrade,pm25,120,27.0,173.0,56.0,9658.15
2022-04-12,CY,Nicosia,pm25,24,13.0,61.0,47.0,1304.57
2022-04-12,CY,Limassol,pm25,24,22.0,54.0,36.0,795.58
2022-04-12,HR,Zagreb,pm25,22,19.0,72.0,37.0,4108.22
2022-04-12,HR,Rijeka,pm25,67,9.0,82.0,18.0,2827.49
2022-04-12,MK,Skopje,pm25,168,5.0,155.0,55.0,14168.5
2022-04-13,GE,Tbilisi,pm25,96,9.0,99.0,39.0,4286.73
2022-04-13,HU,Győr,pm25,46,13.0,68.0,42.0,1533.02
2022-04-13,HU,Szeged,pm25,10,21.0,76.0,25.0,3844.56
2022-04-13,HU,Pécs,pm25,66,30.0,122.0,42.0,5038.76
2022-04-13,HU,Kecskemét,pm25,48,50.0,78.0,59.0,295.25
2022-04-13,HU,Miskolc,pm25,116,34.0,104.0,63.0,2637.59
2022-04-13,HU,Budapest,pm25,319,17.0,76.0,55.0,783.72
2022-04-13,JP,Fukuoka,pm25,392,5.0,95.0,46.0,2433.74
2022-04-13,JP,Kanazawa,pm25,233,5.0,65.0,38.0,2012.81
2022-04-13,JP,Kumamoto,pm25,361,5.0,89.0,42.0,3357.31
2022-04-13,JP,Akita,pm25,47,9.0,82.0,42.0,3169.41
2022-04-13,JP,Kochi,pm25,48,17.0,68.0,38.0,1394.82
2022-04-13,JP,Gifu-shi,pm25,179,5.0,85.0,46.0,2848.71
2022-04-13,JP,Kyoto,pm25,532,9.0,102.0,38.0,2484.38
2022-04-13,JP,Hiroshima,pm25,324,5.0,114.0,50.0,3058.23
2022-04-13,JP,Shizuoka,pm25,255,9.0,85.0,42.0,2256.19
2022-04-13,JP,Chiba,pm25,749,5.0,151.0,42.0,5412.12
2022-04-13,JP,Sapporo,pm25,154,5.0,38.0,13.0,625.85
2022-04-13,JP,Yokohama,pm25,513,1.0,112.0,38.0,4458.1
2022-04-13,JP,Tokyo,pm25,2500,1.0,152.0,57.0,4212.48
2022-04-13,JP,Saitama,pm25,498,9.0,95.0,63.0,3030.42
2022-04-13,JP,Naha,pm25,137,5.0,46.0,21.0,803.96
2022-04-13,JP,Nagasaki,pm25,178,5.0,78.0,38.0,2867.64
2022-04-13,JP,Toyama,pm25,191,17.0,91.0,50.0,1561.15
2022-04-13,JP,Niigata,pm25,214,9.0,74.0,55.0,2902.61
2022-04-13,JP,Nara-shi,pm25,189,17.0,70.0,50.0,1110.37
2022-04-13,JP,Okayama,pm25,286,13.0,129.0,53.0,3057.75
2022-04-13,JP,Sendai,pm25,479,13.0,142.0,59.0,2026.83
2022-04-13,JP,Osaka,pm25,1433,5.0,109.0,38.0,2658.71
2022-04-13,JP,Miyazaki,pm25,138,9.0,107.0,50.0,3987.41
2022-04-13,JP,Matsuyama,pm25,156,5.0,89.0,55.0,2313.18
2022-04-13,JP,Wakayama,pm25,279,5.0,78.0,38.0,2328.24
2022-04-13,JP,Takamatsu,pm25,238,9.0,102.0,50.0,2500.44
2022-04-13,JP,Nagoya,pm25,787,5.0,107.0,50.0,1711.58
2022-04-13,JP,Ōita,pm25,255,5.0,178.0,42.0,4246.57
2022-04-13,JP,Kobe,pm25,421,5.0,80.0,42.0,2819.51
2022-04-13,JP,Nagano,pm25,69,13.0,80.0,57.0,2880.03
2022-04-13,JP,Utsunomiya,pm25,430,17.0,85.0,63.0,1219.39
2022-04-13,JP,Kagoshima,pm25,93,13.0,72.0,50.0,1542.5
2022-04-13,SK,Košice,pm25,96,38.0,180.0,63.0,5570.8
2022-04-13,SK,Bratislava,pm25,96,38.0,76.0,59.0,493.84
2022-04-13,FI,Vantaa,pm25,24,8.0,58.0,23.0,1728.62
2022-04-13,FI,Turku,pm25,24,5.0,43.0,14.0,996.36
2022-04-13,FI,Helsinki,pm25,120,6.0,86.0,22.0,2717.83
2022-04-13,FI,Tampere,pm25,96,5.0,80.0,19.0,2029.75
2022-04-13,ET,Addis Ababa,pm25,47,46.0,142.0,63.0,3430.7
2022-04-13,CH,Zürich,pm25,24,1.0,3.0,3.0,3.46
2022-04-13,CO,Bogotá,pm25,326,25.0,149.0,70.0,2589.76
2022-04-13,CO,Medellín,pm25,333,42.0,104.0,65.0,1054.63
2022-04-13,DK,Copenhagen,pm25,24,19.0,64.0,53.0,1787.37
2022-04-13,EC,Quito,pm25,8,13.0,93.0,54.0,5556.96
2022-04-13,GB,Edinburgh,pm25,287,6.0,63.0,28.0,1306.87
2022-04-13,GB,Norwich,pm25,24,24.0,53.0,42.0,634.13
2022-04-13,GB,Liverpool,pm25,46,5.0,76.0,53.0,2003.94
2022-04-13,GB,Belfast,pm25,100,20.0,69.0,57.0,1268.15
2022-04-13,GB,Coventry,pm25,70,18.0,55.0,34.0,1287.72
2022-04-13,GB,Leeds,pm25,40,50.0,80.0,70.0,932.76
2022-04-13,GB,Cardiff,pm25,137,5.0,76.0,30.0,3042.78
2022-04-13,GB,Bristol,pm25,54,17.0,63.0,42.0,1359.14
2022-04-13,GB,London,pm25,483,4.0,85.0,38.0,1656.24
2022-04-13,GB,Birmingham,pm25,47,25.0,63.0,46.0,1241.3
2022-04-13,GB,Sheffield,pm25,93,25.0,97.0,59.0,3925.85
2022-04-13,GB,Newport,pm25,45,9.0,58.0,26.0,1310.68
2022-04-13,GB,Leicester,pm25,15,42.0,57.0,50.0,291.71
2022-04-13,GB,Manchester,pm25,89,22.0,85.0,48.0,2947.22
2022-04-13,GB,Reading,pm25,47,9.0,46.0,25.0,1089.94
2022-04-13,GB,Plymouth,pm25,42,21.0,55.0,38.0,934.54
2022-04-13,GB,Glasgow,pm25,570,5.0,56.0,21.0,1351.16
2022-04-13,GB,Preston,pm25,44,19.0,80.0,65.0,2387.21
2022-04-13,GB,Swansea,pm25,92,9.0,93.0,25.0,4741.38
2022-04-13,GB,Southend-on-Sea,pm25,42,10.0,57.0,34.0,2017.47
2022-04-13,ID,Jakarta,pm25,71,87.0,183.0,149.0,5015.8
2022-04-13,NP,Kathmandu,pm25,46,119.0,173.0,152.0,2045.53
2022-04-13,NP,Pokhara,pm25,27,67.0,120.0,86.0,1078.06
2022-04-13,NP,Biratnagar,pm25,24,104.0,165.0,128.0,2531.01
2022-04-13,AU,Sydney,pm25,151,1.0,33.0,14.0,531.58
2022-04-13,AU,Newcastle,pm25,121,1.0,49.0,11.0,839.17
2022-04-13,AU,Launceston,pm25,119,5.0,68.0,13.0,2621.26
2022-04-13,AU,Hobart,pm25,26,5.0,9.0,5.0,32.74
2022-04-13,AU,Darwin,pm25,63,1.0,55.0,16.0,2279.56
2022-04-13,AU,Melbourne,pm25,158,1.0,56.0,19.0,1565.97
2022-04-13,AU,Canberra,pm25,60,1.0,60.0,20.0,1635.21
2022-04-13,AU,Adelaide,pm25,95,5.0,59.0,25.0,1205.59
2022-04-13,AU,Brisbane,pm25,166,1.0,56.0,18.0,915.23
2022-04-13,AU,Wollongong,pm25,39,1.0,59.0,8.0,1125.36
2022-04-13,CI,Abidjan,pm25,24,42.0,151.0,70.0,6801.29
2022-04-13,GH,Accra,pm25,24,34.0,99.0,68.0,3045.2
2022-04-13,IQ,Baghdad,pm25,24,137.0,413.0,237.0,62731.7
2022-04-13,IS,Reykjavík,pm25,96,6.0,121.0,19.0,2978.32
2022-04-13,KG,Bishkek,pm25,23,17.0,74.0,42.0,2572.41
2022-04-13,NL,Utrecht,pm25,48,28.0,68.0,50.0,1045.09
2022-04-13,NL,Nijmegen,pm25,48,13.0,87.0,48.0,2639.56
2022-04-13,NL,Haarlem,pm25,132,1.0,76.0,47.0,1663.81
2022-04-13,NL,Eindhoven,pm25,24,44.0,102.0,73.0,2557.39
2022-04-13,NL,Rotterdam,pm25,192,20.0,74.0,50.0,986.01
2022-04-13,NL,Amsterdam,pm25,264,3.0,81.0,39.0,2218.1
2022-04-13,NL,Dordrecht,pm25,24,34.0,80.0,55.0,1259.71
2022-04-13,NL,Breda,pm25,24,29.0,104.0,58.0,5046.36
2022-04-13,NL,Groningen,pm25,48,3.0,66.0,45.0,2738.71
2022-04-13,NL,Maastricht,pm25,96,13.0,87.0,50.0,1609.7
2022-04-13,NL,The Hague,pm25,72,8.0,65.0,40.0,2449.01
2022-04-13,PT,Lisbon,pm25,19,12.0,24.0,18.0,108.13
2022-04-13,PT,Funchal,pm25,36,2.0,23.0,11.0,358.57
2022-04-13,CA,Hamilton,pm25,94,9.0,95.0,50.0,4501.25
2022-04-13,CA,Calgary,pm25,92,6.0,37.0,11.0,429.51
2022-04-13,CA,Winnipeg,pm25,17,8.0,10.0,9.0,6.91
2022-04-13,CA,Halifax,pm25,33,10.0,21.0,16.0,91.89
2022-04-13,CA,Kitchener,pm25,47,9.0,91.0,38.0,5083.91
2022-04-13,CA,Edmonton,pm25,133,2.0,52.0,12.0,400.11
2022-04-13,CA,Mississauga,pm25,65,13.0,87.0,34.0,3158.47
2022-04-13,CA,Québec,pm25,171,12.0,70.0,27.0,1308.95
2022-04-13,CA,Vancouver,pm25,23,6.0,59.0,13.0,1204.31
2022-04-13,CA,Victoria,pm25,39,5.0,38.0,13.0,654.82
2022-04-13,CA,Montréal,pm25,394,15.0,77.0,33.0,1784.32
2022-04-13,CA,Toronto,pm25,141,9.0,74.0,30.0,2291.06
2022-04-13,CA,Ottawa,pm25,72,13.0,62.0,22.0,1678.58
2022-04-13,CA,London,pm25,47,21.0,65.0,38.0,2338.61
2022-04-13,US,Oklahoma City,pm25,72,14.0,87.0,22.0,2562.32
2022-04-13,US,Raleigh,pm25,46,9.0,70.0,50.0,2111.0
2022-04-13,US,Memphis,pm25,71,7.0,51.0,22.0,1401.42
2022-04-13,US,Jackson,pm25,71,9.0,53.0,36.0,1527.42
2022-04-13,US,Boston,pm25,133,5.0,63.0,25.0,946.7
2022-04-13,US,Richmond,pm25,93,23.0,62.0,48.0,806.63
2022-04-13,US,Portland,pm25,165,5.0,35.0,10.0,173.39
2022-04-13,US,Boise,pm25,55,5.0,25.0,5.0,251.37
2022-04-13,US,Austin,pm25,41,5.0,97.0,57.0,7027.89
2022-04-13,US,Honolulu,pm25,48,9.0,46.0,30.0,860.35
2022-04-13,US,Fresno,pm25,23,5.0,30.0,17.0,449.84
2022-04-13,US,Milwaukee,pm25,144,4.0,65.0,37.0,1841.96
2022-04-13,US,Hartford,pm25,48,15.0,51.0,26.0,1098.14
2022-04-13,US,Washington D.C.,pm25,120,17.0,68.0,38.0,1043.78
2022-04-13,US,Chicago,pm25,239,5.0,62.0,35.0,1377.92
2022-04-13,US,Houston,pm25,48,41.0,77.0,60.0,777.09
2022-04-13,US,Indianapolis,pm25,93,13.0,45.0,31.0,964.86
2022-04-13,US,Atlanta,pm25,24,34.0,84.0,60.0,3001.72
2022-04-13,US,Charlotte,pm25,70,17.0,147.0,38.0,5207.62
2022-04-13,US,Sacramento,pm25,71,4.0,38.0,19.0,470.99
2022-04-13,US,Oakland,pm25,115,5.0,34.0,21.0,415.19
2022-04-13,US,Providence,pm25,60,5.0,53.0,17.0,1179.72
2022-04-13,US,Staten Island,pm25,120,15.0,85.0,52.0,2409.83
2022-04-13,US,Brooklyn,pm25,143,10.0,81.0,53.0,2780.82
2022-04-13,US,Springfield,pm25,72,4.0,62.0,26.0,1294.43
2022-04-13,US,The Bronx,pm25,46,18.0,81.0,53.0,3802.86
2022-04-13,US,San Jose,pm25,92,5.0,50.0,21.0,809.99
2022-04-13,US,Los Angeles,pm25,70,5.0,74.0,41.0,2396.57
2022-04-13,US,Detroit,pm25,143,20.0,83.0,46.0,1439.61
2022-04-13,US,Little Rock,pm25,20,3.0,54.0,19.0,1710.39
2022-04-13,US,Baltimore,pm25,48,9.0,61.0,38.0,1953.47
2022-04-13,US,Phoenix,pm25,183,2.0,158.0,20.0,2959.4
2022-04-13,US,Omaha,pm25,41,5.0,34.0,13.0,551.06
2022-04-13,US,El Paso,pm25,166,5.0,127.0,30.0,3531.27
2022-04-13,US,Dallas,pm25,24,18.0,66.0,32.0,2200.42
2022-04-13,US,Seattle,pm25,231,3.0,50.0,21.0,1047.06
2022-04-13,US,Manhattan,pm25,72,2.0,78.0,48.0,3329.15
2022-04-13,US,Miami,pm25,93,25.0,52.0,33.0,399.12
2022-04-13,US,Jacksonville,pm25,137,14.0,48.0,30.0,381.26
2022-04-13,US,San Antonio,pm25,94,1.0,106.0,68.0,7981.07
2022-04-13,US,Philadelphia,pm25,77,25.0,92.0,52.0,1849.83
2022-04-13,US,San Diego,pm25,24,8.0,44.0,26.0,968.24
2022-04-13,US,Columbus,pm25,48,20.0,55.0,32.0,1076.27
2022-04-13,US,Saint Paul,pm25,110,5.0,46.0,17.0,909.09
2022-04-13,US,Denver,pm25,133,5.0,53.0,13.0,1265.22
2022-04-13,US,Salt Lake City,pm25,215,4.0,56.0,11.0,463.89
2022-04-13,US,Albuquerque,pm25,72,11.0,43.0,23.0,531.2
2022-04-13,US,San Francisco,pm25,66,5.0,38.0,21.0,622.66
2022-04-13,US,Salem,pm25,72,6.0,20.0,8.0,88.82
2022-04-13,US,Madison,pm25,48,9.0,53.0,25.0,1060.53
2022-04-13,US,Nashville,pm25,71,5.0,59.0,36.0,1500.44
2022-04-13,US,Tucson,pm25,138,5.0,68.0,25.0,1410.78
2022-04-13,US,Queens,pm25,95,9.0,69.0,50.0,1990.4
2022-04-13,US,Tallahassee,pm25,71,11.0,73.0,43.0,2008.56
2022-04-13,US,Fort Worth,pm25,22,5.0,70.0,25.0,5807.53
2022-04-13,RS,Novi Sad,pm25,48,22.0,112.0,44.0,4943.08
2022-04-13,RS,Niš,pm25,48,25.0,142.0,69.0,9696.7
2022-04-13,RS,Belgrade,pm25,120,21.0,145.0,56.0,6466.05
2022-04-13,CY,Nicosia,pm25,24,19.0,92.0,54.0,2981.74
2022-04-13,CY,Limassol,pm25,14,3.0,45.0,26.0,1195.38
2022-04-13,HR,Zagreb,pm25,24,32.0,102.0,71.0,4532.59
2022-04-13,HR,Rijeka,pm25,73,14.0,98.0,27.0,2851.85
2022-04-13,MK,Skopje,pm25,168,6.0,149.0,55.0,7788.9
2022-04-14,GE,Tbilisi,pm25,96,10.0,52.0,32.0,1231.58
2022-04-14,HU,Győr,pm25,48,17.0,59.0,38.0,2365.09
2022-04-14,HU,Szeged,pm25,24,17.0,72.0,46.0,2680.58
2022-04-14,HU,Pécs,pm25,72,21.0,93.0,53.0,4205.84
2022-04-14,HU,Kecskemét,pm25,48,25.0,91.0,55.0,5927.07
2022-04-14,HU,Miskolc,pm25,120,30.0,119.0,70.0,4828.47
2022-04-14,HU,Budapest,pm25,339,13.0,95.0,57.0,4954.52
2022-04-14,JP,Fukuoka,pm25,392,5.0,72.0,30.0,1984.35
2022-04-14,JP,Kanazawa,pm25,191,5.0,68.0,21.0,1658.24
2022-04-14,JP,Kumamoto,pm25,370,5.0,78.0,50.0,3150.65
2022-04-14,JP,Akita,pm25,44,5.0,53.0,21.0,1285.55
2022-04-14,JP,Kochi,pm25,47,5.0,109.0,38.0,4611.49
2022-04-14,JP,Gifu-shi,pm25,183,5.0,87.0,53.0,2833.44
2022-04-14,JP,Kyoto,pm25,556,5.0,82.0,42.0,2963.14
2022-04-14,JP,Hiroshima,pm25,300,5.0,78.0,30.0,1812.74
2022-04-14,JP,Shizuoka,pm25,254,5.0,74.0,34.0,2964.15
2022-04-14,JP,Chiba,pm25,702,5.0,117.0,25.0,2314.26
2022-04-14,JP,Sapporo,pm25,168,5.0,53.0,13.0,1178.94
2022-04-14,JP,Yokohama,pm25,524,1.0,80.0,30.0,2778.42
2022-04-14,JP,Tokyo,pm25,2454,1.0,76.0,34.0,1578.28
2022-04-14,JP,Saitama,pm25,491,5.0,80.0,30.0,1861.62
2022-04-14,JP,Naha,pm25,144,5.0,50.0,21.0,1072.4
2022-04-14,JP,Nagasaki,pm25,165,5.0,76.0,17.0,3168.23
2022-04-14,JP,Toyama,pm25,186,5.0,63.0,30.0,1837.79
2022-04-14,JP,Niigata,pm25,205,5.0,55.0,21.0,1264.57
2022-04-14,JP,Nara-shi,pm25,191,5.0,74.0,46.0,2569.74
2022-04-14,JP,Okayama,pm25,285,5.0,80.0,38.0,2126.94
2022-04-14,JP,Sendai,pm25,451,5.0,50.0,21.0,674.05
2022-04-14,JP,Osaka,pm25,1431,5.0,95.0,42.0,2586.68
2022-04-14,JP,Miyazaki,pm25,137,5.0,93.0,42.0,3348.1
2022-04-14,JP,Matsuyama,pm25,155,5.0,76.0,50.0,2699.52
2022-04-14,JP,Wakayama,pm25,284,13.0,68.0,46.0,1249.6
2022-04-14,JP,Takamatsu,pm25,240,13.0,82.0,46.0,1501.86
2022-04-14,JP,Nagoya,pm25,781,5.0,117.0,53.0,2356.17
2022-04-14,JP,Ōita,pm25,225,5.0,63.0,30.0,2490.47
2022-04-14,JP,Kobe,pm25,425,5.0,76.0,42.0,2104.03
2022-04-14,JP,Nagano,pm25,59,5.0,72.0,21.0,2831.4
2022-04-14,JP,Utsunomiya,pm25,388,5.0,76.0,21.0,3840.08
2022-04-14,JP,Kagoshima,pm25,93,9.0,59.0,25.0,850.2
2022-04-14,SK,Košice,pm25,96,55.0,174.0,65.0,3124.66
2022-04-14,SK,Bratislava,pm25,94,30.0,91.0,63.0,2256.23
2022-04-14,FI,Vantaa,pm25,24,9.0,57.0,26.0,2258.68
2022-04-14,FI,Turku,pm25,24,6.0,30.0,11.0,346.09
2022-04-14,FI,Helsinki,pm25,120,8.0,94.0,20.0,3564.79
2022-04-14,FI,Tampere,pm25,94,5.0,21.0,10.0,99.26
2022-04-14,ET,Addis Ababa,pm25,48,42.0,142.0,65.0,5712.75
2022-04-14,CH,Zürich,pm25,24,2.0,4.0,2.0,4.33
2022-04-14,CO,Bogotá,pm25,331,24.0,149.0,68.0,5002.34
2022-04-14,CO,Medellín,pm25,291,57.0,112.0,78.0,1323.99
2022-04-14,DK,Copenhagen,pm25,24,21.0,60.0,32.0,1170.27
2022-04-14,GB,Edinburgh,pm25,287,6.0,64.0,27.0,1117.94
2022-04-14,GB,Norwich,pm25,23,30.0,88.0,48.0,3100.28
2022-04-14,GB,Liverpool,pm25,34,34.0,65.0,42.0,689.81
2022-04-14,GB,Belfast,pm25,63,21.0,61.0,46.0,769.59
2022-04-14,GB,Coventry,pm25,52,17.0,41.0,25.0,522.91
2022-04-14,GB,Leeds,pm25,40,42.0,74.0,47.0,643.58
2022-04-14,GB,Cardiff,pm25,140,5.0,76.0,38.0,3432.42
2022-04-14,GB,Bristol,pm25,56,17.0,87.0,42.0,2415.53
2022-04-14,GB,London,pm25,493,5.0,99.0,34.0,1562.55
2022-04-14,GB,Birmingham,pm25,32,21.0,66.0,34.0,1301.25
2022-04-14,GB,Sheffield,pm25,69,14.0,74.0,35.0,1531.73
2022-04-14,GB,Newport,pm25,48,9.0,63.0,34.0,2827.93
2022-04-14,GB,Leicester,pm25,13,45.0,70.0,50.0,664.74
2022-04-14,GB,Manchester,pm25,80,23.0,70.0,57.0,2203.27
2022-04-14,GB,Reading,pm25,44,5.0,50.0,25.0,1427.25
2022-04-14,GB,Plymouth,pm25,29,17.0,51.0,34.0,773.15
2022-04-14,GB,Glasgow,pm25,564,6.0,57.0,20.0,879.71
2022-04-14,GB,Preston,pm25,45,16.0,85.0,53.0,2569.04
2022-04-14,GB,Swansea,pm25,94,9.0,93.0,42.0,4123.61
2022-04-14,GB,Southend-on-Sea,pm25,47,24.0,49.0,34.0,367.7
2022-04-14,ID,Jakarta,pm25,71,61.0,156.0,81.0,4796.91
2022-04-14,NP,Kathmandu,pm25,48,68.0,162.0,117.0,8464.52
2022-04-14,NP,Pokhara,pm25,28,50.0,116.0,60.0,1422.75
2022-04-14,NP,Biratnagar,pm25,24,87.0,152.0,116.0,3691.58
2022-04-14,AU,Sydney,pm25,152,1.0,46.0,12.0,736.21
2022-04-14,AU,Newcastle,pm25,124,1.0,61.0,13.0,1502.77
2022-04-14,AU,Launceston,pm25,117,5.0,61.0,9.0,888.13
2022-04-14,AU,Hobart,pm25,42,5.0,25.0,9.0,257.56
2022-04-14,AU,Darwin,pm25,55,1.0,51.0,9.0,990.54
2022-04-14,AU,Melbourne,pm25,165,2.0,61.0,30.0,1791.97
2022-04-14,AU,Canberra,pm25,55,1.0,75.0,27.0,3959.89
2022-04-14,AU,Adelaide,pm25,96,5.0,50.0,21.0,1094.51
2022-04-14,AU,Brisbane,pm25,161,1.0,28.0,14.0,407.51
2022-04-14,AU,Wollongong,pm25,39,1.0,66.0,18.0,2954.63
2022-04-14,CI,Abidjan,pm25,24,25.0,61.0,50.0,1174.71
2022-04-14,GH,Accra,pm25,24,9.0,91.0,53.0,5068.97
2022-04-14,IQ,Baghdad,pm25,24,72.0,154.0,112.0,7588.41
2022-04-14,IS,Reykjavík,pm25,85,1.0,36.0,12.0,521.43
2022-04-14,KG,Bishkek,pm25,21,5.0,65.0,34.0,3598.62
2022-04-14,NL,Utrecht,pm25,47,6.0,88.0,61.0,5663.8
2022-04-14,NL,Nijmegen,pm25,48,15.0,112.0,55.0,7345.11
2022-04-14,NL,Haarlem,pm25,143,17.0,85.0,54.0,1630.28
2022-04-14,NL,Eindhoven,pm25,24,40.0,91.0,57.0,2550.85
2022-04-14,NL,Rotterdam,pm25,192,16.0,98.0,57.0,2023.33
2022-04-14,NL,Amsterdam,pm25,262,7.0,86.0,48.0,2341.82
2022-04-14,NL,Dordrecht,pm25,24,30.0,77.0,62.0,2183.03
2022-04-14,NL,Breda,pm25,24,22.0,94.0,56.0,3738.68
2022-04-14,NL,Groningen,pm25,47,1.0,82.0,34.0,4641.01
2022-04-14,NL,Maastricht,pm25,88,5.0,82.0,42.0,3392.84
2022-04-14,NL,The Hague,pm25,72,3.0,92.0,60.0,3327.69
2022-04-14,PT,Lisbon,pm25,27,11.0,20.0,18.0,94.99
2022-04-14,PT,Funchal,pm25,45,1.0,40.0,16.0,747.09
2022-04-14,CA,Hamilton,pm25,76,5.0,160.0,13.0,11020.8
2022-04-14,CA,Calgary,pm25,92,12.0,55.0,25.0,1113.83
2022-04-14,CA,Winnipeg,pm25,9,8.0,8.0,8.0,0.0
2022-04-14,CA,Halifax,pm25,44,14.0,33.0,20.0,215.11
2022-04-14,CA,Kitchener,pm25,36,5.0,55.0,13.0,2691.14
2022-04-14,CA,Edmonton,pm25,131,4.0,43.0,19.0,641.29
2022-04-14,CA,Mississauga,pm25,56,5.0,70.0,38.0,5644.68
2022-04-14,CA,Québec,pm25,175,7.0,52.0,18.0,1030.94
2022-04-14,CA,Vancouver,pm25,22,6.0,19.0,10.0,99.76
2022-04-14,CA,Victoria,pm25,45,5.0,38.0,17.0,564.01
2022-04-14,CA,Montréal,pm25,390,6.0,64.0,33.0,1704.87
2022-04-14,CA,Toronto,pm25,116,5.0,72.0,21.0,3900.61
2022-04-14,CA,Ottawa,pm25,69,13.0,47.0,21.0,808.06
2022-04-14,CA,London,pm25,44,5.0,57.0,17.0,2185.3
2022-04-14,US,Oklahoma City,pm25,70,20.0,180.0,29.0,8702.81
2022-04-14,US,Raleigh,pm25,57,5.0,56.0,34.0,1977.77
2022-04-14,US,Memphis,pm25,71,1.0,42.0,19.0,479.69
2022-04-14,US,Jackson,pm25,65,4.0,57.0,22.0,659.4
2022-04-14,US,Boston,pm25,143,5.0,55.0,30.0,901.92
2022-04-14,US,Richmond,pm25,96,10.0,57.0,43.0,1923.47
2022-04-14,US,Portland,pm25,167,5.0,53.0,15.0,1147.2
2022-04-14,US,Boise,pm25,53,5.0,21.0,9.0,218.4
2022-04-14,US,Austin,pm25,47,5.0,57.0,25.0,1884.29
2022-04-14,US,Honolulu,pm25,22,5.0,42.0,25.0,966.43
2022-04-14,US,Fresno,pm25,28,3.0,30.0,17.0,538.77
2022-04-14,US,Milwaukee,pm25,144,11.0,34.0,18.0,271.35
2022-04-14,US,Hartford,pm25,48,15.0,60.0,45.0,1701.02
2022-04-14,US,Washington D.C.,pm25,115,5.0,59.0,38.0,2053.6
2022-04-14,US,Chicago,pm25,223,3.0,53.0,21.0,746.96
2022-04-14,US,Houston,pm25,48,10.0,64.0,33.0,1394.43
2022-04-14,US,Indianapolis,pm25,93,3.0,39.0,22.0,762.97
2022-04-14,US,Atlanta,pm25,23,14.0,64.0,31.0,2086.05
2022-04-14,US,Charlotte,pm25,71,9.0,55.0,34.0,960.68
2022-04-14,US,Sacramento,pm25,69,3.0,46.0,17.0,573.3
2022-04-14,US,Oakland,pm25,107,5.0,50.0,17.0,699.65
2022-04-14,US,Providence,pm25,61,9.0,59.0,25.0,1069.85
2022-04-14,US,Staten Island,pm25,114,2.0,86.0,52.0,3801.92
2022-04-14,US,Brooklyn,pm25,136,1.0,84.0,55.0,4014.4
2022-04-14,US,Springfield,pm25,67,3.0,52.0,23.0,916.92
2022-04-14,US,The Bronx,pm25,40,9.0,74.0,58.0,2768.72
2022-04-14,US,San Jose,pm25,93,5.0,59.0,21.0,907.97
2022-04-14,US,Los Angeles,pm25,70,19.0,76.0,51.0,1453.16
2022-04-14,US,Detroit,pm25,143,5.0,75.0,26.0,3009.21
2022-04-14,US,Little Rock,pm25,23,9.0,67.0,18.0,1310.83
2022-04-14,US,Baltimore,pm25,42,5.0,54.0,34.0,2277.54
2022-04-14,US,Phoenix,pm25,187,1.0,79.0,31.0,2758.43
2022-04-14,US,Omaha,pm25,27,5.0,25.0,13.0,394.3
2022-04-14,US,El Paso,pm25,160,5.0,114.0,34.0,6743.29
2022-04-14,US,Dallas,pm25,24,14.0,38.0,23.0,408.97
2022-04-14,US,Seattle,pm25,257,5.0,78.0,30.0,2667.09
2022-04-14,US,Manhattan,pm25,70,4.0,89.0,57.0,4883.18
2022-04-14,US,Miami,pm25,93,31.0,54.0,42.0,363.44
2022-04-14,US,Jacksonville,pm25,144,17.0,63.0,41.0,1039.63
2022-04-14,US,San Antonio,pm25,94,9.0,61.0,37.0,1658.11
2022-04-14,US,Philadelphia,pm25,82,3.0,90.0,48.0,3081.73
2022-04-14,US,San Diego,pm25,24,17.0,49.0,30.0,865.05
2022-04-14,US,Columbus,pm25,48,2.0,28.0,15.0,254.82
2022-04-14,US,Saint Paul,pm25,97,5.0,34.0,13.0,477.85
2022-04-14,US,Denver,pm25,140,9.0,53.0,21.0,561.57
2022-04-14,US,Salt Lake City,pm25,213,6.0,80.0,18.0,2166.69
2022-04-14,US,Albuquerque,pm25,72,15.0,68.0,23.0,1190.7
2022-04-14,US,San Francisco,pm25,67,5.0,63.0,17.0,1844.96
2022-04-14,US,Salem,pm25,72,5.0,33.0,11.0,394.93
2022-04-14,US,Madison,pm25,48,10.0,34.0,18.0,320.74
2022-04-14,US,Nashville,pm25,63,2.0,55.0,20.0,844.84
2022-04-14,US,Tucson,pm25,142,5.0,61.0,25.0,1861.38
2022-04-14,US,Queens,pm25,91,1.0,77.0,58.0,4465.54
2022-04-14,US,Tallahassee,pm25,67,16.0,93.0,38.0,2703.11
2022-04-14,US,Fort Worth,pm25,22,5.0,46.0,21.0,1516.19
2022-04-14,RS,Novi Sad,pm25,48,18.0,126.0,45.0,5943.9
2022-04-14,RS,Niš,pm25,48,15.0,145.0,68.0,10819.7
2022-04-14,RS,Belgrade,pm25,120,23.0,159.0,61.0,10803.5
2022-04-14,CY,Nicosia,pm25,24,2.0,77.0,56.0,2512.16
2022-04-14,CY,Limassol,pm25,24,20.0,60.0,31.0,1416.94
2022-04-14,HR,Zagreb,pm25,24,31.0,96.0,53.0,2713.89
2022-04-14,HR,Rijeka,pm25,76,23.0,72.0,38.0,1083.04
2022-04-14,MK,Skopje,pm25,168,9.0,167.0,55.0,10667.6
2022-04-15,GE,Tbilisi,pm25,96,23.0,43.0,36.0,345.22
2022-04-15,HU,Győr,pm25,46,9.0,78.0,53.0,2283.25
2022-04-15,HU,Szeged,pm25,24,38.0,85.0,59.0,1678.26
2022-04-15,HU,Pécs,pm25,66,17.0,59.0,38.0,1675.89
2022-04-15,HU,Kecskemét,pm25,48,50.0,93.0,78.0,1913.17
2022-04-15,HU,Miskolc,pm25,120,42.0,127.0,65.0,4368.55
2022-04-15,HU,Budapest,pm25,330,34.0,114.0,57.0,1439.11
2022-04-15,JP,Fukuoka,pm25,378,5.0,68.0,21.0,1152.18
2022-04-15,JP,Kanazawa,pm25,141,5.0,55.0,9.0,789.52
2022-04-15,JP,Kumamoto,pm25,327,5.0,59.0,21.0,1551.48
2022-04-15,JP,Akita,pm25,34,5.0,46.0,13.0,818.18
2022-04-15,JP,Kochi,pm25,35,5.0,55.0,13.0,1983.14
2022-04-15,JP,Gifu-shi,pm25,155,5.0,70.0,17.0,2058.99
2022-04-15,JP,Kyoto,pm25,482,5.0,46.0,13.0,690.39
2022-04-15,JP,Hiroshima,pm25,198,5.0,55.0,13.0,1220.66
2022-04-15,JP,Shizuoka,pm25,215,5.0,61.0,13.0,1003.48
2022-04-15,JP,Chiba,pm25,576,5.0,99.0,13.0,1365.01
2022-04-15,JP,Sapporo,pm25,189,5.0,55.0,21.0,1192.77
2022-04-15,JP,Yokohama,pm25,481,1.0,57.0,13.0,844.05
2022-04-15,JP,Tokyo,pm25,2416,1.0,68.0,17.0,693.63
2022-04-15,JP,Saitama,pm25,468,5.0,55.0,13.0,879.71
2022-04-15,JP,Naha,pm25,140,5.0,42.0,21.0,933.42
2022-04-15,JP,Nagasaki,pm25,147,5.0,61.0,13.0,1113.32
2022-04-15,JP,Toyama,pm25,149,5.0,57.0,13.0,1505.64
2022-04-15,JP,Niigata,pm25,167,5.0,34.0,9.0,405.53
2022-04-15,JP,Nara-shi,pm25,170,5.0,38.0,13.0,365.66
2022-04-15,JP,Okayama,pm25,245,5.0,80.0,13.0,1196.85
2022-04-15,JP,Sendai,pm25,352,5.0,46.0,9.0,308.27
2022-04-15,JP,Osaka,pm25,1117,5.0,59.0,9.0,491.45
2022-04-15,JP,Miyazaki,pm25,132,5.0,156.0,42.0,3429.44
2022-04-15,JP,Matsuyama,pm25,131,5.0,68.0,21.0,3911.18
2022-04-15,JP,Wakayama,pm25,264,5.0,57.0,17.0,1194.72
2022-04-15,JP,Takamatsu,pm25,178,5.0,68.0,13.0,693.81
2022-04-15,JP,Nagoya,pm25,718,5.0,132.0,21.0,1970.35
2022-04-15,JP,Ōita,pm25,220,5.0,55.0,17.0,1243.96
2022-04-15,JP,Kobe,pm25,342,5.0,38.0,9.0,439.34
2022-04-15,JP,Nagano,pm25,32,5.0,34.0,9.0,600.28
2022-04-15,JP,Utsunomiya,pm25,295,5.0,30.0,13.0,328.73
2022-04-15,JP,Kagoshima,pm25,92,5.0,76.0,30.0,1671.48
2022-04-15,SK,Košice,pm25,94,30.0,157.0,65.0,3374.6
2022-04-15,SK,Bratislava,pm25,96,25.0,112.0,50.0,2735.97
2022-04-15,FI,Vantaa,pm25,24,7.0,38.0,16.0,690.15
2022-04-15,FI,Turku,pm25,24,8.0,24.0,12.0,190.42
2022-04-15,FI,Helsinki,pm25,120,6.0,53.0,13.0,873.38
2022-04-15,FI,Tampere,pm25,96,5.0,40.0,10.0,506.46
2022-04-15,ET,Addis Ababa,pm25,33,38.0,168.0,65.0,8915.8
2022-04-15,CH,Zürich,pm25,16,1.0,3.0,2.0,3.29
2022-04-15,CO,Bogotá,pm25,202,21.0,104.0,63.0,3008.96
2022-04-15,CO,Medellín,pm25,314,50.0,95.0,68.0,637.09
2022-04-15,DK,Copenhagen,pm25,24,18.0,43.0,30.0,505.43
2022-04-15,GB,Edinburgh,pm25,285,8.0,82.0,30.0,3491.33
2022-04-15,GB,Norwich,pm25,23,48.0,110.0,80.0,2087.04
2022-04-15,GB,Liverpool,pm25,31,38.0,63.0,50.0,435.59
2022-04-15,GB,Belfast,pm25,69,20.0,45.0,34.0,219.02
2022-04-15,GB,Coventry,pm25,52,21.0,73.0,27.0,982.45
2022-04-15,GB,Leeds,pm25,39,50.0,90.0,61.0,1474.99
2022-04-15,GB,Cardiff,pm25,142,9.0,63.0,42.0,2338.47
2022-04-15,GB,Bristol,pm25,70,30.0,55.0,42.0,537.82
2022-04-15,GB,London,pm25,518,13.0,97.0,49.0,2558.25
2022-04-15,GB,Birmingham,pm25,32,25.0,73.0,42.0,1586.36
2022-04-15,GB,Sheffield,pm25,76,15.0,87.0,34.0,3104.92
2022-04-15,GB,Newport,pm25,48,9.0,46.0,32.0,892.75
2022-04-15,GB,Leicester,pm25,18,34.0,67.0,42.0,914.12
2022-04-15,GB,Manchester,pm25,75,24.0,69.0,40.0,1143.06
2022-04-15,GB,Reading,pm25,46,5.0,61.0,38.0,4119.33
2022-04-15,GB,Plymouth,pm25,26,5.0,55.0,30.0,1168.0
2022-04-15,GB,Glasgow,pm25,571,4.0,45.0,15.0,515.52
2022-04-15,GB,Preston,pm25,41,22.0,58.0,42.0,947.48
2022-04-15,GB,Swansea,pm25,93,9.0,82.0,25.0,2026.69
2022-04-15,GB,Southend-on-Sea,pm25,48,35.0,88.0,60.0,1715.85
2022-04-15,ID,Jakarta,pm25,71,59.0,171.0,117.0,7716.38
2022-04-15,NP,Kathmandu,pm25,48,68.0,182.0,107.0,11304.9
2022-04-15,NP,Pokhara,pm25,14,55.0,137.0,66.0,4604.89
2022-04-15,NP,Biratnagar,pm25,24,71.0,158.0,120.0,7121.72
2022-04-15,AU,Sydney,pm25,157,1.0,52.0,17.0,1303.07
2022-04-15,AU,Newcastle,pm25,128,1.0,51.0,17.0,1374.6
2022-04-15,AU,Launceston,pm25,128,5.0,87.0,17.0,1738.62
2022-04-15,AU,Hobart,pm25,51,5.0,21.0,9.0,213.58
2022-04-15,AU,Darwin,pm25,47,1.0,49.0,14.0,995.74
2022-04-15,AU,Melbourne,pm25,166,2.0,71.0,39.0,2270.86
2022-04-15,AU,Canberra,pm25,61,3.0,77.0,30.0,4609.97
2022-04-15,AU,Adelaide,pm25,90,1.0,52.0,21.0,1000.35
2022-04-15,AU,Brisbane,pm25,165,1.0,35.0,15.0,378.09
2022-04-15,AU,Wollongong,pm25,30,1.0,71.0,16.0,3329.48
2022-04-15,CI,Abidjan,pm25,22,13.0,144.0,42.0,12762.9
2022-04-15,GH,Accra,pm25,24,5.0,80.0,42.0,4167.54
2022-04-15,IQ,Baghdad,pm25,24,38.0,165.0,78.0,13380.4
2022-04-15,IS,Reykjavík,pm25,96,2.0,49.0,24.0,685.4
2022-04-15,KG,Bishkek,pm25,24,9.0,74.0,30.0,2503.48
2022-04-15,NL,Utrecht,pm25,48,18.0,69.0,36.0,1513.12
2022-04-15,NL,Nijmegen,pm25,44,14.0,88.0,46.0,2819.3
2022-04-15,NL,Haarlem,pm25,144,5.0,66.0,35.0,1652.69
2022-04-15,NL,Eindhoven,pm25,24,35.0,78.0,59.0,1179.98
2022-04-15,NL,Rotterdam,pm25,192,22.0,96.0,48.0,3529.63
2022-04-15,NL,Amsterdam,pm25,246,1.0,77.0,33.0,1902.06
2022-04-15,NL,Dordrecht,pm25,24,26.0,92.0,50.0,3642.32
2022-04-15,NL,Breda,pm25,24,30.0,100.0,50.0,3655.63
2022-04-15,NL,Groningen,pm25,48,8.0,59.0,38.0,1702.54
2022-04-15,NL,Maastricht,pm25,96,21.0,104.0,59.0,2599.34
2022-04-15,NL,The Hague,pm25,72,18.0,92.0,53.0,4225.06
2022-04-15,PT,Lisbon,pm25,6,18.0,30.0,23.0,157.67
2022-04-15,PT,Funchal,pm25,51,1.0,30.0,15.0,619.94
2022-04-15,CA,Hamilton,pm25,67,5.0,34.0,13.0,795.33
2022-04-15,CA,Calgary,pm25,92,12.0,55.0,22.0,965.11
2022-04-15,CA,Winnipeg,pm25,21,8.0,10.0,8.0,7.14
2022-04-15,CA,Halifax,pm25,46,2.0,22.0,14.0,292.19
2022-04-15,CA,Kitchener,pm25,29,5.0,42.0,21.0,1130.96
2022-04-15,CA,Edmonton,pm25,137,1.0,45.0,20.0,547.99
2022-04-15,CA,Mississauga,pm25,51,5.0,57.0,13.0,1208.43
2022-04-15,CA,Québec,pm25,161,9.0,49.0,20.0,863.89
2022-04-15,CA,Montréal,pm25,355,9.0,68.0,20.0,857.69
2022-04-15,CA,Toronto,pm25,104,5.0,46.0,17.0,1124.53
2022-04-15,CA,Ottawa,pm25,58,9.0,38.0,18.0,351.87
2022-04-15,CA,London,pm25,27,9.0,21.0,17.0,164.56
2022-04-15,US,Oklahoma City,pm25,72,27.0,180.0,41.0,7032.36
2022-04-15,US,Raleigh,pm25,61,5.0,38.0,16.0,459.28
2022-04-15,US,Memphis,pm25,72,18.0,55.0,25.0,506.01
2022-04-15,US,Jackson,pm25,72,11.0,52.0,28.0,475.54
2022-04-15,US,Boston,pm25,123,5.0,46.0,21.0,733.26
2022-04-15,US,Richmond,pm25,94,12.0,23.0,15.0,121.3
2022-04-15,US,Portland,pm25,161,5.0,51.0,17.0,1147.76
2022-04-15,US,Boise,pm25,81,5.0,38.0,13.0,479.86
2022-04-15,US,Austin,pm25,48,9.0,65.0,46.0,2180.57
2022-04-15,US,Fresno,pm25,42,3.0,50.0,13.0,697.68
2022-04-15,US,Milwaukee,pm25,144,10.0,35.0,17.0,385.11
2022-04-15,US,Hartford,pm25,48,13.0,24.0,16.0,81.27
2022-04-15,US,Washington D.C.,pm25,104,5.0,53.0,14.0,683.09
2022-04-15,US,Chicago,pm25,221,1.0,48.0,18.0,655.57
2022-04-15,US,Houston,pm25,48,21.0,56.0,40.0,1053.17
2022-04-15,US,Indianapolis,pm25,96,14.0,69.0,22.0,882.03
2022-04-15,US,Atlanta,pm25,24,17.0,67.0,23.0,3388.68
2022-04-15,US,Charlotte,pm25,70,5.0,117.0,19.0,2634.0
2022-04-15,US,Sacramento,pm25,67,5.0,38.0,16.0,541.24
2022-04-15,US,Oakland,pm25,103,5.0,50.0,17.0,713.92
2022-04-15,US,Providence,pm25,67,5.0,25.0,13.0,334.04
2022-04-15,US,Staten Island,pm25,99,1.0,42.0,16.0,933.14
2022-04-15,US,Brooklyn,pm25,122,1.0,50.0,14.0,908.06
2022-04-15,US,Springfield,pm25,71,13.0,55.0,21.0,736.35
2022-04-15,US,The Bronx,pm25,24,2.0,41.0,8.0,1612.39
2022-04-15,US,San Jose,pm25,86,5.0,34.0,17.0,647.95
2022-04-15,US,Los Angeles,pm25,72,1.0,83.0,50.0,2003.05
2022-04-15,US,Detroit,pm25,144,14.0,55.0,29.0,1174.39
2022-04-15,US,Little Rock,pm25,24,10.0,71.0,40.0,2361.45
2022-04-15,US,Baltimore,pm25,41,5.0,47.0,20.0,1147.45
2022-04-15,US,Phoenix,pm25,190,1.0,89.0,34.0,3911.38
2022-04-15,US,Omaha,pm25,28,5.0,159.0,17.0,9255.13
2022-04-15,US,El Paso,pm25,150,5.0,97.0,30.0,3947.91
2022-04-15,US,Dallas,pm25,24,18.0,52.0,34.0,774.77
2022-04-15,US,Seattle,pm25,253,5.0,50.0,18.0,972.76
2022-04-15,US,Manhattan,pm25,59,2.0,45.0,15.0,809.48
2022-04-15,US,Miami,pm25,94,12.0,48.0,27.0,618.27
2022-04-15,US,Jacksonville,pm25,144,31.0,71.0,51.0,638.16
2022-04-15,US,San Antonio,pm25,82,12.0,82.0,52.0,2388.02
2022-04-15,US,Philadelphia,pm25,83,2.0,110.0,18.0,3809.34
2022-04-15,US,San Diego,pm25,24,21.0,60.0,35.0,1035.65
2022-04-15,US,Columbus,pm25,46,5.0,24.0,15.0,154.55
2022-04-15,US,Saint Paul,pm25,106,5.0,34.0,13.0,485.14
2022-04-15,US,Denver,pm25,142,13.0,53.0,25.0,817.15
2022-04-15,US,Salt Lake City,pm25,216,5.0,65.0,16.0,2127.04
2022-04-15,US,Albuquerque,pm25,72,13.0,61.0,18.0,645.32
2022-04-15,US,San Francisco,pm25,37,5.0,25.0,17.0,332.49
2022-04-15,US,Salem,pm25,72,7.0,59.0,14.0,951.27
2022-04-15,US,Madison,pm25,47,10.0,20.0,15.0,56.36
2022-04-15,US,Nashville,pm25,70,5.0,71.0,25.0,1413.09
2022-04-15,US,Tucson,pm25,140,5.0,59.0,25.0,1995.94
2022-04-15,US,Queens,pm25,86,1.0,43.0,15.0,1279.75
2022-04-15,US,Tallahassee,pm25,72,13.0,115.0,41.0,3782.16
2022-04-15,US,Fort Worth,pm25,24,17.0,59.0,38.0,1597.1
2022-04-15,RS,Novi Sad,pm25,48,20.0,107.0,50.0,5191.91
2022-04-15,RS,Niš,pm25,48,12.0,124.0,70.0,9557.85
2022-04-15,RS,Belgrade,pm25,120,23.0,164.0,63.0,9339.17
2022-04-15,CY,Nicosia,pm25,22,15.0,65.0,51.0,1831.43
2022-04-15,CY,Limassol,pm25,24,24.0,73.0,42.0,1745.63
2022-04-15,HR,Zagreb,pm25,24,30.0,157.0,75.0,13120.8
2022-04-15,HR,Rijeka,pm25,73,22.0,91.0,39.0,2115.09
2022-04-15,MK,Skopje,pm25,167,5.0,178.0,55.0,7867.01
2022-04-16,GE,Tbilisi,pm25,96,22.0,90.0,40.0,1599.6
2022-04-16,HU,Győr,pm25,44,17.0,63.0,25.0,1856.68
2022-04-16,HU,Szeged,pm25,21,17.0,65.0,38.0,2981.62
2022-04-16,HU,Pécs,pm25,72,17.0,57.0,30.0,1424.72
2022-04-16,HU,Kecskemét,pm25,48,17.0,78.0,38.0,3179.29
2022-04-16,HU,Miskolc,pm25,118,5.0,97.0,30.0,5517.23
2022-04-16,HU,Budapest,pm25,344,9.0,57.0,30.0,1510.95
2022-04-16,JP,Fukuoka,pm25,384,5.0,78.0,38.0,2054.78
2022-04-16,JP,Kanazawa,pm25,207,5.0,61.0,30.0,2286.99
2022-04-16,JP,Kumamoto,pm25,357,5.0,78.0,34.0,2554.03
2022-04-16,JP,Akita,pm25,36,5.0,76.0,25.0,3415.13
2022-04-16,JP,Kochi,pm25,45,5.0,53.0,25.0,1682.8
2022-04-16,JP,Gifu-shi,pm25,134,5.0,80.0,30.0,3059.49
2022-04-16,JP,Kyoto,pm25,523,5.0,65.0,30.0,2846.67
2022-04-16,JP,Hiroshima,pm25,295,5.0,72.0,30.0,2142.27
2022-04-16,JP,Shizuoka,pm25,202,5.0,57.0,13.0,1105.99
2022-04-16,JP,Chiba,pm25,599,5.0,91.0,17.0,2762.43
2022-04-16,JP,Sapporo,pm25,206,5.0,57.0,21.0,1095.14
2022-04-16,JP,Yokohama,pm25,457,1.0,74.0,17.0,1873.75
2022-04-16,JP,Tokyo,pm25,2191,1.0,82.0,17.0,2384.53
2022-04-16,JP,Saitama,pm25,410,5.0,63.0,13.0,1579.97
2022-04-16,JP,Naha,pm25,143,17.0,57.0,38.0,863.3
2022-04-16,JP,Nagasaki,pm25,180,5.0,59.0,25.0,1536.81
2022-04-16,JP,Toyama,pm25,173,5.0,65.0,34.0,2929.2
2022-04-16,JP,Niigata,pm25,183,5.0,70.0,30.0,3651.28
2022-04-16,JP,Nara-shi,pm25,182,5.0,59.0,21.0,2098.97
2022-04-16,JP,Okayama,pm25,274,5.0,68.0,30.0,2222.35
2022-04-16,JP,Sendai,pm25,315,5.0,59.0,21.0,2295.44
2022-04-16,JP,Osaka,pm25,1342,5.0,72.0,25.0,1988.72
2022-04-16,JP,Miyazaki,pm25,133,5.0,74.0,38.0,2304.07
2022-04-16,JP,Matsuyama,pm25,138,5.0,76.0,30.0,2356.94
2022-04-16,JP,Wakayama,pm25,259,5.0,65.0,30.0,2024.67
2022-04-16,JP,Takamatsu,pm25,209,5.0,59.0,21.0,1717.4
2022-04-16,JP,Nagoya,pm25,619,5.0,78.0,21.0,2576.26
2022-04-16,JP,Ōita,pm25,232,5.0,57.0,25.0,1840.21
2022-04-16,JP,Kobe,pm25,407,5.0,70.0,30.0,2352.81
2022-04-16,JP,Nagano,pm25,43,5.0,61.0,38.0,3594.21
2022-04-16,JP,Utsunomiya,pm25,318,5.0,61.0,13.0,1088.22
2022-04-16,JP,Kagoshima,pm25,90,9.0,61.0,42.0,1500.1
2022-04-16,SK,Košice,pm25,96,5.0,117.0,30.0,5055.6
2022-04-16,SK,Bratislava,pm25,88,5.0,55.0,17.0,825.97
2022-04-16,FI,Vantaa,pm25,24,6.0,71.0,25.0,2346.5
2022-04-16,FI,Turku,pm25,24,4.0,40.0,14.0,689.28
2022-04-16,FI,Helsinki,pm25,120,8.0,76.0,19.0,1424.14
2022-04-16,FI,Tampere,pm25,96,5.0,91.0,14.0,2173.66
2022-04-16,ET,Addis Ababa,pm25,24,50.0,144.0,76.0,6189.4
2022-04-16,CH,Zürich,pm25,12,1.0,2.0,1.0,2.05
2022-04-16,CO,Bogotá,pm25,297,5.0,97.0,50.0,4225.77
2022-04-16,CO,Medellín,pm25,233,38.0,72.0,61.0,331.18
2022-04-16,DK,Copenhagen,pm25,24,10.0,36.0,30.0,498.53
2022-04-16,GB,Edinburgh,pm25,288,7.0,73.0,24.0,3180.81
2022-04-16,GB,Norwich,pm25,24,55.0,81.0,68.0,578.53
2022-04-16,GB,Liverpool,pm25,17,42.0,69.0,54.0,543.09
2022-04-16,GB,Belfast,pm25,79,19.0,61.0,34.0,430.43
2022-04-16,GB,Coventry,pm25,72,34.0,76.0,55.0,1197.27
2022-04-16,GB,Leeds,pm25,41,61.0,114.0,76.0,1780.9
2022-04-16,GB,Cardiff,pm25,96,38.0,89.0,63.0,1745.15
2022-04-16,GB,Bristol,pm25,72,25.0,127.0,59.0,3977.53
2022-04-16,GB,London,pm25,519,3.0,154.0,74.0,6757.22
2022-04-16,GB,Birmingham,pm25,48,38.0,85.0,56.0,532.18
2022-04-16,GB,Sheffield,pm25,91,46.0,93.0,66.0,852.02
2022-04-16,GB,Newport,pm25,48,34.0,81.0,46.0,1315.46
2022-04-16,GB,Leicester,pm25,24,52.0,77.0,70.0,284.57
2022-04-16,GB,Manchester,pm25,78,31.0,82.0,57.0,1112.08
2022-04-16,GB,Reading,pm25,48,17.0,104.0,42.0,4690.78
2022-04-16,GB,Plymouth,pm25,45,9.0,73.0,32.0,3725.28
2022-04-16,GB,Glasgow,pm25,572,5.0,68.0,11.0,346.6
2022-04-16,GB,Preston,pm25,39,26.0,92.0,52.0,2865.51
2022-04-16,GB,Swansea,pm25,95,13.0,72.0,46.0,2119.89
2022-04-16,GB,Southend-on-Sea,pm25,47,65.0,124.0,85.0,2010.53
2022-04-16,ID,Jakarta,pm25,71,68.0,168.0,114.0,7705.36
2022-04-16,NP,Kathmandu,pm25,47,59.0,171.0,137.0,12999.1
2022-04-16,NP,Pokhara,pm25,12,61.0,152.0,77.0,7033.33
2022-04-16,NP,Biratnagar,pm25,21,106.0,156.0,152.0,2327.29
2022-04-16,AU,Sydney,pm25,165,3.0,58.0,21.0,1198.76
2022-04-16,AU,Newcastle,pm25,130,2.0,61.0,20.0,1612.44
2022-04-16,AU,Launceston,pm25,115,5.0,68.0,9.0,868.45
2022-04-16,AU,Hobart,pm25,46,9.0,42.0,17.0,328.97
2022-04-16,AU,Melbourne,pm25,168,6.0,95.0,39.0,2175.18
2022-04-16,AU,Canberra,pm25,66,1.0,81.0,41.0,4669.02
2022-04-16,AU,Adelaide,pm25,94,3.0,51.0,17.0,1270.3
2022-04-16,AU,Brisbane,pm25,161,2.0,23.0,14.0,239.25
2022-04-16,AU,Wollongong,pm25,43,4.0,62.0,30.0,2809.79
2022-04-16,CI,Abidjan,pm25,24,34.0,114.0,63.0,6395.36
2022-04-16,GH,Accra,pm25,23,13.0,87.0,50.0,3798.02
2022-04-16,IQ,Baghdad,pm25,24,76.0,159.0,127.0,6233.75
2022-04-16,IS,Reykjavík,pm25,91,1.0,29.0,11.0,286.63
2022-04-16,KG,Bishkek,pm25,24,13.0,102.0,25.0,4223.03
2022-04-16,NL,Utrecht,pm25,48,10.0,76.0,45.0,2823.93
2022-04-16,NL,Nijmegen,pm25,47,11.0,76.0,49.0,3099.56
2022-04-16,NL,Haarlem,pm25,140,3.0,107.0,51.0,4155.5
2022-04-16,NL,Eindhoven,pm25,24,45.0,78.0,64.0,770.27
2022-04-16,NL,Rotterdam,pm25,192,11.0,74.0,52.0,1867.75
2022-04-16,NL,Amsterdam,pm25,251,8.0,86.0,44.0,2638.95
2022-04-16,NL,Dordrecht,pm25,24,23.0,78.0,54.0,2348.68
2022-04-16,NL,Breda,pm25,24,26.0,76.0,50.0,2797.23
2022-04-16,NL,Groningen,pm25,48,1.0,102.0,39.0,5226.7
2022-04-16,NL,Maastricht,pm25,96,13.0,95.0,53.0,3514.68
2022-04-16,NL,The Hague,pm25,72,13.0,71.0,49.0,2128.7
2022-04-16,PT,Lisbon,pm25,14,14.0,50.0,29.0,1931.87
2022-04-16,PT,Funchal,pm25,58,1.0,41.0,14.0,692.17
2022-04-16,CA,Hamilton,pm25,86,5.0,38.0,17.0,404.38
2022-04-16,CA,Calgary,pm25,92,6.0,54.0,20.0,1138.37
2022-04-16,CA,Winnipeg,pm25,24,8.0,19.0,10.0,87.37
2022-04-16,CA,Halifax,pm25,46,13.0,42.0,25.0,607.42
2022-04-16,CA,Kitchener,pm25,40,5.0,38.0,17.0,873.33
2022-04-16,CA,Edmonton,pm25,138,7.0,59.0,18.0,602.85
2022-04-16,CA,Mississauga,pm25,44,5.0,55.0,13.0,1117.61
2022-04-16,CA,Québec,pm25,149,7.0,22.0,14.0,132.05
2022-04-16,CA,Vancouver,pm25,19,5.0,29.0,11.0,299.53
2022-04-16,CA,Victoria,pm25,35,5.0,38.0,21.0,800.45
2022-04-16,CA,Montréal,pm25,296,3.0,35.0,14.0,402.71
2022-04-16,CA,Toronto,pm25,120,5.0,50.0,13.0,1433.69
2022-04-16,CA,Ottawa,pm25,47,5.0,21.0,9.0,126.72
2022-04-16,CA,London,pm25,41,9.0,25.0,13.0,296.98
2022-04-16,US,Oklahoma City,pm25,72,32.0,153.0,47.0,6305.84
2022-04-16,US,Raleigh,pm25,72,9.0,61.0,30.0,1292.74
2022-04-16,US,Memphis,pm25,72,18.0,55.0,34.0,574.36
2022-04-16,US,Jackson,pm25,72,5.0,47.0,30.0,1569.7
2022-04-16,US,Boston,pm25,115,5.0,55.0,25.0,1022.47
2022-04-16,US,Richmond,pm25,96,15.0,41.0,24.0,438.07
2022-04-16,US,Portland,pm25,165,7.0,30.0,14.0,272.05
2022-04-16,US,Boise,pm25,70,5.0,30.0,9.0,420.72
2022-04-16,US,Austin,pm25,47,17.0,68.0,46.0,1506.26
2022-04-16,US,Fresno,pm25,45,1.0,30.0,14.0,469.22
2022-04-16,US,Milwaukee,pm25,144,10.0,37.0,18.0,213.39
2022-04-16,US,Hartford,pm25,48,2.0,33.0,23.0,529.89
2022-04-16,US,Washington D.C.,pm25,120,9.0,53.0,21.0,953.24
2022-04-16,US,Chicago,pm25,239,4.0,51.0,20.0,554.94
2022-04-16,US,Houston,pm25,48,25.0,64.0,52.0,786.79
2022-04-16,US,Indianapolis,pm25,96,10.0,47.0,26.0,685.67
2022-04-16,US,Atlanta,pm25,24,20.0,65.0,46.0,2044.28
2022-04-16,US,Charlotte,pm25,71,9.0,50.0,26.0,680.53
2022-04-16,US,Sacramento,pm25,68,2.0,34.0,13.0,396.3
2022-04-16,US,Oakland,pm25,111,5.0,42.0,17.0,658.32
2022-04-16,US,Providence,pm25,69,5.0,38.0,17.0,481.73
2022-04-16,US,Staten Island,pm25,111,1.0,61.0,19.0,1726.47
2022-04-16,US,Brooklyn,pm25,138,2.0,106.0,17.0,2877.69
2022-04-16,US,Springfield,pm25,70,4.0,61.0,18.0,944.55
2022-04-16,US,The Bronx,pm25,42,2.0,106.0,15.0,10315.0
2022-04-16,US,San Jose,pm25,89,5.0,82.0,17.0,1301.26
2022-04-16,US,Los Angeles,pm25,73,2.0,61.0,34.0,1862.1
2022-04-16,US,Detroit,pm25,144,11.0,47.0,24.0,390.73
2022-04-16,US,Little Rock,pm25,22,5.0,53.0,30.0,1846.84
2022-04-16,US,Baltimore,pm25,47,5.0,37.0,22.0,671.91
2022-04-16,US,Phoenix,pm25,190,2.0,89.0,32.0,4085.22
2022-04-16,US,Omaha,pm25,16,5.0,21.0,13.0,250.0
2022-04-16,US,El Paso,pm25,136,5.0,79.0,25.0,3087.14
2022-04-16,US,Dallas,pm25,24,27.0,62.0,51.0,922.32
2022-04-16,US,Seattle,pm25,247,3.0,59.0,17.0,969.48
2022-04-16,US,Manhattan,pm25,69,1.0,61.0,16.0,1363.5
2022-04-16,US,Miami,pm25,70,15.0,33.0,26.0,200.91
2022-04-16,US,Jacksonville,pm25,144,9.0,56.0,23.0,855.65
2022-04-16,US,San Antonio,pm25,70,18.0,96.0,58.0,3019.85
2022-04-16,US,Philadelphia,pm25,87,1.0,62.0,21.0,1157.88
2022-04-16,US,San Diego,pm25,24,5.0,50.0,30.0,1807.83
2022-04-16,US,Columbus,pm25,48,11.0,51.0,22.0,899.89
2022-04-16,US,Saint Paul,pm25,119,5.0,42.0,13.0,607.92
2022-04-16,US,Denver,pm25,151,17.0,72.0,38.0,1660.72
2022-04-16,US,Salt Lake City,pm25,216,6.0,67.0,25.0,1210.57
2022-04-16,US,Albuquerque,pm25,72,14.0,49.0,17.0,421.11
2022-04-16,US,San Francisco,pm25,30,9.0,42.0,17.0,751.45
2022-04-16,US,Salem,pm25,72,6.0,22.0,10.0,173.4
2022-04-16,US,Madison,pm25,48,10.0,34.0,19.0,355.74
2022-04-16,US,Nashville,pm25,73,13.0,73.0,34.0,1422.74
2022-04-16,US,Tucson,pm25,129,5.0,55.0,21.0,1392.45
2022-04-16,US,Queens,pm25,95,2.0,45.0,20.0,1240.48
2022-04-16,US,Tallahassee,pm25,72,2.0,84.0,48.0,1719.53
2022-04-16,US,Fort Worth,pm25,24,17.0,76.0,46.0,3136.94
2022-04-16,RS,Novi Sad,pm25,48,14.0,63.0,45.0,1938.87
2022-04-16,RS,Niš,pm25,48,43.0,92.0,66.0,1200.92
2022-04-16,RS,Belgrade,pm25,120,24.0,73.0,57.0,1735.92
2022-04-16,CY,Nicosia,pm25,24,34.0,82.0,51.0,1250.14
2022-04-16,CY,Limassol,pm25,24,28.0,69.0,46.0,1329.11
2022-04-16,HR,Zagreb,pm25,23,12.0,89.0,19.0,2946.28
2022-04-16,HR,Rijeka,pm25,72,6.0,45.0,20.0,1010.3
2022-04-16,MK,Skopje,pm25,163,6.0,177.0,60.0,6408.33
2022-04-17,GE,Tbilisi,pm25,90,50.0,130.0,58.0,7735.69
2022-04-17,HU,Győr,pm25,46,13.0,50.0,30.0,1463.11
2022-04-17,HU,Szeged,pm25,24,17.0,55.0,25.0,1268.68
2022-04-17,HU,Pécs,pm25,51,13.0,55.0,21.0,1192.87
2022-04-17,HU,Kecskemét,pm25,40,17.0,30.0,21.0,151.9
2022-04-17,HU,Miskolc,pm25,107,9.0,74.0,21.0,2236.46
2022-04-17,HU,Budapest,pm25,249,9.0,57.0,17.0,913.31
2022-04-17,JP,Fukuoka,pm25,395,5.0,129.0,50.0,2661.73
2022-04-17,JP,Kanazawa,pm25,224,5.0,78.0,30.0,1622.88
2022-04-17,JP,Kumamoto,pm25,365,5.0,97.0,46.0,2476.33
2022-04-17,JP,Akita,pm25,41,9.0,63.0,38.0,2448.9
2022-04-17,JP,Kochi,pm25,48,13.0,55.0,34.0,928.61
2022-04-17,JP,Gifu-shi,pm25,171,5.0,74.0,30.0,2425.93
2022-04-17,JP,Kyoto,pm25,541,5.0,147.0,38.0,1960.61
2022-04-17,JP,Hiroshima,pm25,312,5.0,68.0,38.0,1828.36
2022-04-17,JP,Shizuoka,pm25,253,5.0,72.0,34.0,1664.16
2022-04-17,JP,Chiba,pm25,776,5.0,99.0,34.0,1918.71
2022-04-17,JP,Sapporo,pm25,213,5.0,78.0,50.0,2521.24
2022-04-17,JP,Yokohama,pm25,546,1.0,82.0,38.0,1861.21
2022-04-17,JP,Tokyo,pm25,2564,1.0,99.0,42.0,1007.53
2022-04-17,JP,Saitama,pm25,498,13.0,76.0,42.0,1046.15
2022-04-17,JP,Naha,pm25,144,17.0,53.0,38.0,819.0
2022-04-17,JP,Nagasaki,pm25,183,5.0,72.0,42.0,1611.24
2022-04-17,JP,Toyama,pm25,189,5.0,74.0,38.0,2121.7
2022-04-17,JP,Niigata,pm25,213,21.0,68.0,50.0,867.88
2022-04-17,JP,Nara-shi,pm25,188,5.0,57.0,34.0,1372.0
2022-04-17,JP,Okayama,pm25,286,21.0,109.0,50.0,2641.04
2022-04-17,JP,Sendai,pm25,472,5.0,74.0,38.0,1294.31
2022-04-17,JP,Osaka,pm25,1431,5.0,112.0,34.0,1863.46
2022-04-17,JP,Miyazaki,pm25,134,5.0,78.0,46.0,2189.05
2022-04-17,JP,Matsuyama,pm25,159,5.0,85.0,42.0,2633.48
2022-04-17,JP,Wakayama,pm25,284,13.0,82.0,42.0,1248.13
2022-04-17,JP,Takamatsu,pm25,239,5.0,68.0,38.0,1395.38
2022-04-17,JP,Nagoya,pm25,786,1.0,82.0,34.0,1403.76
2022-04-17,JP,Ōita,pm25,255,5.0,74.0,42.0,2129.73
2022-04-17,JP,Kobe,pm25,426,5.0,72.0,42.0,1629.24
2022-04-17,JP,Nagano,pm25,72,17.0,72.0,46.0,1404.21
2022-04-17,JP,Utsunomiya,pm25,425,9.0,68.0,46.0,1287.15
2022-04-17,JP,Kagoshima,pm25,94,30.0,65.0,46.0,515.63
2022-04-17,SK,Košice,pm25,91,13.0,137.0,25.0,6109.75
2022-04-17,SK,Bratislava,pm25,94,9.0,57.0,30.0,1268.08
2022-04-17,FI,Vantaa,pm25,24,12.0,59.0,39.0,2766.94
2022-04-17,FI,Turku,pm25,24,10.0,34.0,15.0,364.06
2022-04-17,FI,Helsinki,pm25,120,12.0,66.0,28.0,1866.88
2022-04-17,FI,Tampere,pm25,96,12.0,67.0,20.0,1957.2
2022-04-17,ET,Addis Ababa,pm25,24,57.0,161.0,74.0,6599.13
2022-04-17,CH,Zürich,pm25,11,1.0,2.0,1.0,0.91
2022-04-17,CO,Bogotá,pm25,303,5.0,182.0,38.0,4021.39
2022-04-17,CO,Medellín,pm25,330,21.0,76.0,50.0,1573.83
2022-04-17,DK,Copenhagen,pm25,24,19.0,42.0,27.0,436.94
2022-04-17,GB,Edinburgh,pm25,284,10.0,94.0,32.0,3375.02
2022-04-17,GB,Norwich,pm25,24,59.0,71.0,68.0,189.55
2022-04-17,GB,Liverpool,pm25,23,8.0,75.0,64.0,1828.46
2022-04-17,GB,Belfast,pm25,100,15.0,78.0,33.0,1280.25
2022-04-17,GB,Coventry,pm25,72,24.0,103.0,68.0,2384.63
2022-04-17,GB,Leeds,pm25,41,61.0,91.0,72.0,503.78
2022-04-17,GB,Cardiff,pm25,96,17.0,91.0,65.0,3608.82
2022-04-17,GB,Bristol,pm25,71,13.0,76.0,61.0,2355.21
2022-04-17,GB,London,pm25,536,3.0,156.0,60.0,13110.9
2022-04-17,GB,Birmingham,pm25,46,41.0,98.0,68.0,1464.14
2022-04-17,GB,Sheffield,pm25,86,20.0,91.0,61.0,1148.51
2022-04-17,GB,Newport,pm25,48,12.0,72.0,53.0,3090.57
2022-04-17,GB,Leicester,pm25,24,34.0,93.0,68.0,2011.72
2022-04-17,GB,Manchester,pm25,83,21.0,78.0,57.0,2177.15
2022-04-17,GB,Reading,pm25,45,5.0,124.0,70.0,16702.7
2022-04-17,GB,Plymouth,pm25,45,55.0,102.0,84.0,1114.09
2022-04-17,GB,Glasgow,pm25,572,5.0,85.0,29.0,2668.07
2022-04-17,GB,Preston,pm25,44,26.0,81.0,57.0,1035.5
2022-04-17,GB,Swansea,pm25,93,5.0,97.0,61.0,5121.88
2022-04-17,GB,Southend-on-Sea,pm25,48,23.0,117.0,80.0,4818.65
2022-04-17,ID,Jakarta,pm25,62,72.0,193.0,132.0,11910.6
2022-04-17,NP,Kathmandu,pm25,48,68.0,184.0,152.0,12149.3
2022-04-17,NP,Pokhara,pm25,12,62.0,116.0,68.0,3289.92
2022-04-17,NP,Biratnagar,pm25,16,104.0,151.0,127.0,1696.29
2022-04-17,AU,Sydney,pm25,162,2.0,67.0,26.0,2942.2
2022-04-17,AU,Newcastle,pm25,130,1.0,79.0,21.0,2495.29
2022-04-17,AU,Launceston,pm25,137,5.0,53.0,21.0,1644.56
2022-04-17,AU,Hobart,pm25,67,5.0,34.0,17.0,372.73
2022-04-17,AU,Melbourne,pm25,166,3.0,73.0,35.0,2657.81
2022-04-17,AU,Canberra,pm25,70,5.0,98.0,29.0,5233.79
2022-04-17,AU,Adelaide,pm25,90,5.0,56.0,17.0,1095.93
2022-04-17,AU,Brisbane,pm25,93,1.0,23.0,9.0,137.48
2022-04-17,AU,Wollongong,pm25,38,2.0,47.0,23.0,1416.62
2022-04-17,CI,Abidjan,pm25,24,13.0,57.0,38.0,1492.97
2022-04-17,GH,Accra,pm25,23,5.0,132.0,34.0,7352.25
2022-04-17,IQ,Baghdad,pm25,24,74.0,177.0,119.0,11587.5
2022-04-17,IS,Reykjavík,pm25,93,1.0,38.0,12.0,403.18
2022-04-17,KG,Bishkek,pm25,23,5.0,122.0,17.0,7288.02
2022-04-17,NL,Utrecht,pm25,47,4.0,85.0,52.0,2728.26
2022-04-17,NL,Nijmegen,pm25,47,1.0,104.0,55.0,7719.75
2022-04-17,NL,Haarlem,pm25,143,3.0,109.0,51.0,3513.03
2022-04-17,NL,Eindhoven,pm25,24,17.0,81.0,53.0,3424.57
2022-04-17,NL,Rotterdam,pm25,188,15.0,71.0,42.0,1127.53
2022-04-17,NL,Amsterdam,pm25,263,8.0,87.0,43.0,2390.01
2022-04-17,NL,Dordrecht,pm25,24,9.0,80.0,39.0,4481.67
2022-04-17,NL,Breda,pm25,24,14.0,76.0,44.0,4539.11
2022-04-17,NL,Groningen,pm25,48,9.0,194.0,68.0,26645.1
2022-04-17,NL,Maastricht,pm25,90,5.0,59.0,25.0,1746.99
2022-04-17,NL,The Hague,pm25,69,15.0,70.0,41.0,1422.02
2022-04-17,PT,Lisbon,pm25,26,15.0,53.0,29.0,987.82
2022-04-17,PT,Funchal,pm25,72,8.0,66.0,43.0,3260.44
2022-04-17,CA,Hamilton,pm25,59,5.0,21.0,9.0,270.44
2022-04-17,CA,Calgary,pm25,92,6.0,52.0,26.0,1267.17
2022-04-17,CA,Winnipeg,pm25,24,12.0,37.0,21.0,601.67
2022-04-17,CA,Halifax,pm25,46,3.0,50.0,13.0,1921.55
2022-04-17,CA,Kitchener,pm25,41,5.0,50.0,13.0,872.61
2022-04-17,CA,Edmonton,pm25,138,15.0,61.0,31.0,980.48
2022-04-17,CA,Mississauga,pm25,45,5.0,30.0,9.0,383.82
2022-04-17,CA,Québec,pm25,144,5.0,18.0,9.0,115.38
2022-04-17,CA,Vancouver,pm25,20,10.0,38.0,21.0,445.37
2022-04-17,CA,Victoria,pm25,39,5.0,42.0,17.0,615.24
2022-04-17,CA,Montréal,pm25,285,3.0,47.0,12.0,514.38
2022-04-17,CA,Toronto,pm25,68,5.0,30.0,9.0,674.72
2022-04-17,CA,Ottawa,pm25,50,7.0,17.0,9.0,64.72
2022-04-17,CA,London,pm25,22,5.0,25.0,9.0,339.74
2022-04-17,US,Oklahoma City,pm25,72,26.0,62.0,40.0,585.23
2022-04-17,US,Raleigh,pm25,72,5.0,55.0,30.0,714.79
2022-04-17,US,Memphis,pm25,72,8.0,35.0,21.0,399.52
2022-04-17,US,Jackson,pm25,65,14.0,158.0,30.0,3455.62
2022-04-17,US,Boston,pm25,118,5.0,38.0,13.0,512.76
2022-04-17,US,Richmond,pm25,96,10.0,34.0,18.0,229.49
2022-04-17,US,Portland,pm25,163,8.0,46.0,14.0,391.59
2022-04-17,US,Boise,pm25,63,5.0,25.0,13.0,319.35
2022-04-17,US,Austin,pm25,47,21.0,89.0,65.0,2302.82
2022-04-17,US,Fresno,pm25,48,5.0,46.0,22.0,689.34
2022-04-17,US,Milwaukee,pm25,144,7.0,45.0,13.0,767.64
2022-04-17,US,Hartford,pm25,48,3.0,21.0,7.0,312.91
2022-04-17,US,Washington D.C.,pm25,113,5.0,50.0,18.0,630.3
2022-04-17,US,Chicago,pm25,235,1.0,42.0,18.0,841.02
2022-04-17,US,Houston,pm25,48,32.0,65.0,49.0,899.85
2022-04-17,US,Indianapolis,pm25,96,13.0,54.0,20.0,847.29
2022-04-17,US,Atlanta,pm25,24,38.0,64.0,56.0,569.98
2022-04-17,US,Charlotte,pm25,72,13.0,57.0,38.0,745.9
2022-04-17,US,Sacramento,pm25,71,2.0,42.0,19.0,754.91
2022-04-17,US,Oakland,pm25,109,5.0,42.0,21.0,709.91
2022-04-17,US,Providence,pm25,55,5.0,30.0,13.0,287.72
2022-04-17,US,Staten Island,pm25,114,1.0,35.0,11.0,644.03
2022-04-17,US,Brooklyn,pm25,125,2.0,134.0,12.0,1743.23
2022-04-17,US,Springfield,pm25,51,15.0,46.0,23.0,556.03
2022-04-17,US,The Bronx,pm25,26,8.0,134.0,20.0,10711.0
2022-04-17,US,San Jose,pm25,93,5.0,46.0,21.0,987.81
2022-04-17,US,Los Angeles,pm25,72,8.0,62.0,38.0,1475.58
2022-04-17,US,Detroit,pm25,143,9.0,151.0,16.0,2140.26
2022-04-17,US,Little Rock,pm25,23,5.0,30.0,15.0,395.73
2022-04-17,US,Baltimore,pm25,46,5.0,26.0,13.0,287.32
2022-04-17,US,Phoenix,pm25,192,2.0,95.0,37.0,3352.18
2022-04-17,US,Omaha,pm25,42,5.0,42.0,21.0,859.98
2022-04-17,US,El Paso,pm25,142,5.0,124.0,30.0,4702.17
2022-04-17,US,Dallas,pm25,24,25.0,52.0,37.0,613.46
2022-04-17,US,Seattle,pm25,233,2.0,42.0,13.0,651.51
2022-04-17,US,Manhattan,pm25,65,1.0,25.0,10.0,415.41
2022-04-17,US,Miami,pm25,70,15.0,33.0,21.0,154.71
2022-04-17,US,Jacksonville,pm25,144,10.0,58.0,26.0,723.0
2022-04-17,US,San Antonio,pm25,70,29.0,124.0,64.0,4927.43
2022-04-17,US,Philadelphia,pm25,90,2.0,38.0,17.0,801.35
2022-04-17,US,San Diego,pm25,23,5.0,34.0,22.0,629.29
2022-04-17,US,Columbus,pm25,47,2.0,21.0,13.0,231.25
2022-04-17,US,Saint Paul,pm25,133,5.0,55.0,21.0,1345.18
2022-04-17,US,Denver,pm25,146,9.0,59.0,21.0,1568.1
2022-04-17,US,Salt Lake City,pm25,216,4.0,48.0,18.0,443.87
2022-04-17,US,Albuquerque,pm25,72,15.0,60.0,27.0,849.22
2022-04-17,US,San Francisco,pm25,70,5.0,55.0,17.0,1866.81
2022-04-17,US,Salem,pm25,72,8.0,41.0,13.0,451.39
2022-04-17,US,Madison,pm25,48,13.0,34.0,18.0,369.89
2022-04-17,US,Nashville,pm25,70,5.0,49.0,33.0,1642.77
2022-04-17,US,Tucson,pm25,139,5.0,63.0,25.0,1332.0
2022-04-17,US,Queens,pm25,83,3.0,25.0,11.0,314.38
2022-04-17,US,Tallahassee,pm25,70,2.0,64.0,33.0,2103.35
2022-04-17,US,Fort Worth,pm25,22,17.0,59.0,34.0,1210.39
2022-04-17,RS,Novi Sad,pm25,48,16.0,48.0,24.0,665.1
2022-04-17,RS,Niš,pm25,48,16.0,70.0,55.0,1733.58
2022-04-17,RS,Belgrade,pm25,120,19.0,84.0,36.0,2686.88
2022-04-17,CY,Nicosia,pm25,24,31.0,75.0,57.0,1118.19
2022-04-17,CY,Limassol,pm25,24,35.0,62.0,52.0,581.29
2022-04-17,HR,Zagreb,pm25,23,34.0,54.0,39.0,417.71
2022-04-17,HR,Rijeka,pm25,74,19.0,54.0,29.0,489.5
2022-04-17,MK,Skopje,pm25,168,5.0,72.0,33.0,3034.04
2022-04-18,GE,Tbilisi,pm25,72,56.0,117.0,66.0,5407.61
2022-04-18,HU,Győr,pm25,38,13.0,57.0,34.0,1448.99
2022-04-18,HU,Szeged,pm25,21,13.0,38.0,21.0,650.9
2022-04-18,HU,Pécs,pm25,60,13.0,68.0,30.0,2392.14
2022-04-18,HU,Kecskemét,pm25,42,21.0,50.0,34.0,519.49
2022-04-18,HU,Miskolc,pm25,112,17.0,61.0,34.0,1457.03
2022-04-18,HU,Budapest,pm25,322,9.0,53.0,25.0,605.76
2022-04-18,JP,Fukuoka,pm25,392,9.0,124.0,53.0,1956.49
2022-04-18,JP,Kanazawa,pm25,223,5.0,63.0,30.0,1345.16
2022-04-18,JP,Kumamoto,pm25,372,5.0,127.0,55.0,2400.33
2022-04-18,JP,Akita,pm25,44,5.0,114.0,42.0,4492.45
2022-04-18,JP,Kochi,pm25,47,17.0,59.0,42.0,916.03
2022-04-18,JP,Gifu-shi,pm25,164,5.0,63.0,25.0,2131.76
2022-04-18,JP,Kyoto,pm25,544,5.0,65.0,30.0,1439.74
2022-04-18,JP,Hiroshima,pm25,314,5.0,462.0,46.0,7759.47
2022-04-18,JP,Shizuoka,pm25,216,5.0,70.0,17.0,1481.62
2022-04-18,JP,Chiba,pm25,725,5.0,95.0,34.0,2856.93
2022-04-18,JP,Sapporo,pm25,198,13.0,104.0,61.0,1601.12
2022-04-18,JP,Yokohama,pm25,520,1.0,97.0,46.0,3300.37
2022-04-18,JP,Tokyo,pm25,2506,1.0,151.0,50.0,2797.08
2022-04-18,JP,Saitama,pm25,500,5.0,93.0,53.0,2281.23
2022-04-18,JP,Naha,pm25,144,17.0,61.0,42.0,1090.62
2022-04-18,JP,Nagasaki,pm25,184,9.0,72.0,53.0,1077.38
2022-04-18,JP,Toyama,pm25,191,9.0,87.0,38.0,1808.44
2022-04-18,JP,Niigata,pm25,215,9.0,65.0,46.0,1095.31
2022-04-18,JP,Nara-shi,pm25,187,5.0,57.0,30.0,1417.83
2022-04-18,JP,Okayama,pm25,288,21.0,127.0,59.0,2316.48
2022-04-18,JP,Sendai,pm25,441,5.0,68.0,38.0,1399.97
2022-04-18,JP,Osaka,pm25,1426,5.0,76.0,30.0,1636.53
2022-04-18,JP,Miyazaki,pm25,144,5.0,89.0,50.0,1857.96
2022-04-18,JP,Matsuyama,pm25,161,5.0,87.0,46.0,2763.39
2022-04-18,JP,Wakayama,pm25,283,9.0,76.0,34.0,1221.03
2022-04-18,JP,Takamatsu,pm25,238,13.0,76.0,46.0,1341.7
2022-04-18,JP,Nagoya,pm25,743,5.0,61.0,25.0,1878.53
2022-04-18,JP,Ōita,pm25,262,5.0,93.0,50.0,2769.32
2022-04-18,JP,Kobe,pm25,415,5.0,65.0,38.0,1571.76
2022-04-18,JP,Nagano,pm25,71,5.0,59.0,38.0,1660.42
2022-04-18,JP,Utsunomiya,pm25,416,5.0,80.0,42.0,3196.06
2022-04-18,JP,Kagoshima,pm25,95,34.0,65.0,53.0,482.36
2022-04-18,SK,Košice,pm25,95,9.0,63.0,34.0,1251.08
2022-04-18,SK,Bratislava,pm25,95,13.0,99.0,42.0,1826.54
2022-04-18,FI,Vantaa,pm25,24,9.0,61.0,23.0,2474.71
2022-04-18,FI,Turku,pm25,24,10.0,32.0,20.0,371.88
2022-04-18,FI,Helsinki,pm25,118,11.0,132.0,23.0,4904.37
2022-04-18,FI,Tampere,pm25,95,9.0,105.0,28.0,4061.7
2022-04-18,ET,Addis Ababa,pm25,24,53.0,89.0,63.0,797.23
2022-04-18,CH,Zürich,pm25,15,1.0,2.0,1.0,2.38
2022-04-18,CO,Bogotá,pm25,296,5.0,109.0,46.0,4679.51
2022-04-18,CO,Medellín,pm25,306,30.0,85.0,57.0,1257.69
2022-04-18,DK,Copenhagen,pm25,24,15.0,41.0,28.0,440.22
2022-04-18,GB,Edinburgh,pm25,287,4.0,38.0,11.0,151.04
2022-04-18,GB,Norwich,pm25,19,61.0,112.0,67.0,2987.02
2022-04-18,GB,Liverpool,pm25,24,9.0,59.0,30.0,2187.66
2022-04-18,GB,Belfast,pm25,82,8.0,42.0,21.0,946.37
2022-04-18,GB,Coventry,pm25,69,15.0,59.0,26.0,1963.71
2022-04-18,GB,Leeds,pm25,40,21.0,59.0,42.0,2083.36
2022-04-18,GB,Cardiff,pm25,91,9.0,46.0,25.0,923.11
2022-04-18,GB,Bristol,pm25,68,17.0,57.0,30.0,1134.04
2022-04-18,GB,London,pm25,517,5.0,91.0,44.0,3202.98
2022-04-18,GB,Birmingham,pm25,45,21.0,59.0,30.0,1951.74
2022-04-18,GB,Sheffield,pm25,90,13.0,55.0,30.0,1475.71
2022-04-18,GB,Newport,pm25,46,9.0,27.0,20.0,231.05
2022-04-18,GB,Leicester,pm25,20,25.0,59.0,34.0,1639.24
2022-04-18,GB,Manchester,pm25,83,12.0,46.0,21.0,611.09
2022-04-18,GB,Reading,pm25,47,5.0,63.0,25.0,3680.48
2022-04-18,GB,Plymouth,pm25,41,5.0,70.0,38.0,4318.3
2022-04-18,GB,Glasgow,pm25,572,5.0,42.0,13.0,188.87
2022-04-18,GB,Preston,pm25,45,7.0,57.0,25.0,2022.8
2022-04-18,GB,Swansea,pm25,88,5.0,38.0,17.0,675.8
2022-04-18,GB,Southend-on-Sea,pm25,45,21.0,93.0,61.0,2077.09
2022-04-18,ID,Jakarta,pm25,58,25.0,166.0,82.0,14499.6
2022-04-18,NP,Kathmandu,pm25,48,149.0,203.0,171.0,2303.39
2022-04-18,NP,Pokhara,pm25,12,70.0,136.0,96.0,5295.38
2022-04-18,NP,Biratnagar,pm25,23,103.0,154.0,137.0,2898.85
2022-04-18,AU,Sydney,pm25,158,1.0,48.0,20.0,1167.21
2022-04-18,AU,Newcastle,pm25,129,2.0,52.0,19.0,1453.22
2022-04-18,AU,Launceston,pm25,109,5.0,57.0,9.0,404.11
2022-04-18,AU,Hobart,pm25,43,5.0,21.0,9.0,201.11
2022-04-18,AU,Darwin,pm25,24,6.0,39.0,17.0,474.33
2022-04-18,AU,Melbourne,pm25,152,4.0,54.0,23.0,1394.0
2022-04-18,AU,Canberra,pm25,67,3.0,147.0,43.0,7989.37
2022-04-18,AU,Adelaide,pm25,84,4.0,39.0,13.0,682.21
2022-04-18,AU,Wollongong,pm25,45,2.0,65.0,21.0,2263.45
2022-04-18,CI,Abidjan,pm25,23,9.0,55.0,34.0,1315.22
2022-04-18,GH,Accra,pm25,23,13.0,80.0,50.0,4371.3
2022-04-18,IQ,Baghdad,pm25,24,57.0,182.0,114.0,12333.0
2022-04-18,IS,Reykjavík,pm25,96,1.0,33.0,11.0,456.6
2022-04-18,KG,Bishkek,pm25,23,5.0,74.0,42.0,3463.64
2022-04-18,NL,Utrecht,pm25,48,20.0,109.0,58.0,5751.17
2022-04-18,NL,Nijmegen,pm25,48,9.0,133.0,38.0,8912.32
2022-04-18,NL,Haarlem,pm25,144,7.0,95.0,52.0,3617.76
2022-04-18,NL,Eindhoven,pm25,24,7.0,74.0,53.0,2597.1
2022-04-18,NL,Rotterdam,pm25,171,13.0,83.0,34.0,1618.66
2022-04-18,NL,Amsterdam,pm25,257,14.0,101.0,48.0,4151.27
2022-04-18,NL,Dordrecht,pm25,24,18.0,167.0,38.0,7775.2
2022-04-18,NL,Breda,pm25,24,17.0,61.0,40.0,1569.28
2022-04-18,NL,Groningen,pm25,48,17.0,97.0,61.0,6279.93
2022-04-18,NL,Maastricht,pm25,90,5.0,53.0,30.0,955.11
2022-04-18,NL,The Hague,pm25,66,11.0,72.0,37.0,2196.58
2022-04-18,PT,Lisbon,pm25,12,13.0,35.0,20.0,529.92
2022-04-18,PT,Funchal,pm25,61,1.0,69.0,39.0,4878.27
2022-04-18,CA,Hamilton,pm25,89,5.0,68.0,17.0,1095.4
2022-04-18,CA,Calgary,pm25,92,4.0,41.0,15.0,1010.52
2022-04-18,CA,Winnipeg,pm25,24,9.0,16.0,12.0,54.76
2022-04-18,CA,Halifax,pm25,46,7.0,30.0,13.0,318.49
2022-04-18,CA,Kitchener,pm25,42,9.0,42.0,13.0,798.93
2022-04-18,CA,Edmonton,pm25,136,2.0,68.0,28.0,2745.2
2022-04-18,CA,Mississauga,pm25,71,5.0,80.0,13.0,1043.32
2022-04-18,CA,Québec,pm25,147,5.0,38.0,12.0,292.44
2022-04-18,CA,Vancouver,pm25,23,7.0,32.0,15.0,338.93
2022-04-18,CA,Victoria,pm25,27,5.0,30.0,13.0,495.41
2022-04-18,CA,Montréal,pm25,287,3.0,47.0,15.0,512.93
2022-04-18,CA,Toronto,pm25,115,5.0,53.0,17.0,712.99
2022-04-18,CA,Ottawa,pm25,52,9.0,25.0,14.0,168.02
2022-04-18,CA,London,pm25,33,9.0,21.0,13.0,102.73
2022-04-18,US,Oklahoma City,pm25,72,22.0,75.0,35.0,1194.37
2022-04-18,US,Raleigh,pm25,63,3.0,38.0,17.0,738.48
2022-04-18,US,Memphis,pm25,72,14.0,44.0,25.0,403.38
2022-04-18,US,Jackson,pm25,48,14.0,34.0,21.0,133.58
2022-04-18,US,Boston,pm25,111,5.0,50.0,17.0,732.63
2022-04-18,US,Richmond,pm25,73,5.0,18.0,13.0,159.19
2022-04-18,US,Portland,pm25,163,5.0,35.0,14.0,355.7
2022-04-18,US,Boise,pm25,79,5.0,42.0,13.0,811.95
2022-04-18,US,Austin,pm25,47,13.0,59.0,42.0,1352.1
2022-04-18,US,Fresno,pm25,46,11.0,46.0,25.0,576.77
2022-04-18,US,Milwaukee,pm25,142,10.0,51.0,25.0,761.93
2022-04-18,US,Hartford,pm25,48,6.0,40.0,12.0,345.51
2022-04-18,US,Washington D.C.,pm25,68,5.0,38.0,17.0,671.42
2022-04-18,US,Chicago,pm25,239,6.0,53.0,24.0,1070.49
2022-04-18,US,Houston,pm25,48,19.0,65.0,38.0,1597.41
2022-04-18,US,Indianapolis,pm25,98,13.0,73.0,28.0,1337.4
2022-04-18,US,Atlanta,pm25,24,18.0,55.0,25.0,871.14
2022-04-18,US,Charlotte,pm25,70,5.0,50.0,21.0,1104.61
2022-04-18,US,Sacramento,pm25,69,2.0,38.0,17.0,589.71
2022-04-18,US,Oakland,pm25,107,5.0,38.0,21.0,537.47
2022-04-18,US,Providence,pm25,49,5.0,34.0,13.0,434.92
2022-04-18,US,Staten Island,pm25,101,1.0,38.0,13.0,666.71
2022-04-18,US,Brooklyn,pm25,112,1.0,162.0,12.0,2700.44
2022-04-18,US,Springfield,pm25,52,12.0,66.0,23.0,1189.15
2022-04-18,US,The Bronx,pm25,18,2.0,162.0,15.0,23934.4
2022-04-18,US,San Jose,pm25,93,5.0,95.0,17.0,2035.88
2022-04-18,US,Los Angeles,pm25,72,16.0,72.0,52.0,1450.23
2022-04-18,US,Detroit,pm25,144,10.0,62.0,24.0,2055.21
2022-04-18,US,Little Rock,pm25,23,5.0,45.0,18.0,944.98
2022-04-18,US,Baltimore,pm25,37,5.0,30.0,16.0,432.75
2022-04-18,US,Phoenix,pm25,187,9.0,95.0,50.0,2999.77
2022-04-18,US,Omaha,pm25,48,5.0,53.0,17.0,1160.69
2022-04-18,US,El Paso,pm25,155,9.0,114.0,50.0,4815.97
2022-04-18,US,Dallas,pm25,24,8.0,33.0,23.0,533.62
2022-04-18,US,Seattle,pm25,256,2.0,55.0,19.0,1474.29
2022-04-18,US,Manhattan,pm25,52,1.0,124.0,10.0,2762.56
2022-04-18,US,Miami,pm25,84,13.0,28.0,18.0,125.61
2022-04-18,US,Jacksonville,pm25,143,4.0,46.0,23.0,714.12
2022-04-18,US,San Antonio,pm25,56,22.0,62.0,40.0,1529.13
2022-04-18,US,Philadelphia,pm25,82,2.0,51.0,15.0,914.72
2022-04-18,US,San Diego,pm25,24,7.0,63.0,36.0,1528.1
2022-04-18,US,Columbus,pm25,47,5.0,43.0,19.0,1026.57
2022-04-18,US,Saint Paul,pm25,113,5.0,38.0,17.0,458.39
2022-04-18,US,Denver,pm25,146,9.0,65.0,30.0,1881.07
2022-04-18,US,Salt Lake City,pm25,216,18.0,64.0,36.0,961.22
2022-04-18,US,Albuquerque,pm25,72,30.0,84.0,47.0,1427.39
2022-04-18,US,San Francisco,pm25,65,5.0,70.0,17.0,1846.48
2022-04-18,US,Salem,pm25,71,5.0,24.0,15.0,345.48
2022-04-18,US,Madison,pm25,48,8.0,40.0,20.0,565.8
2022-04-18,US,Nashville,pm25,72,5.0,45.0,20.0,885.63
2022-04-18,US,Tucson,pm25,153,9.0,87.0,38.0,1641.0
2022-04-18,US,Queens,pm25,78,2.0,29.0,10.0,470.52
2022-04-18,US,Tallahassee,pm25,72,3.0,61.0,27.0,1925.34
2022-04-18,US,Fort Worth,pm25,24,9.0,38.0,21.0,637.39
2022-04-18,RS,Novi Sad,pm25,48,14.0,78.0,29.0,2405.09
2022-04-18,RS,Niš,pm25,48,9.0,68.0,33.0,2673.26
2022-04-18,RS,Belgrade,pm25,120,20.0,79.0,37.0,2312.1
2022-04-18,CY,Nicosia,pm25,24,24.0,141.0,82.0,8683.48
2022-04-18,CY,Limassol,pm25,24,20.0,103.0,76.0,5893.46
2022-04-18,HR,Zagreb,pm25,23,28.0,66.0,53.0,1651.5
2022-04-18,HR,Rijeka,pm25,76,12.0,46.0,26.0,568.54
2022-04-18,MK,Skopje,pm25,162,1.0,76.0,17.0,2725.71
2022-04-19,GE,Tbilisi,pm25,50,64.0,158.0,83.0,12602.9
2022-04-19,HU,Győr,pm25,46,50.0,68.0,57.0,192.73
2022-04-19,HU,Szeged,pm25,24,17.0,57.0,34.0,1336.74
2022-04-19,HU,Pécs,pm25,69,42.0,95.0,59.0,1528.89
2022-04-19,HU,Kecskemét,pm25,48,50.0,89.0,61.0,1081.97
2022-04-19,HU,Miskolc,pm25,118,25.0,89.0,46.0,1943.57
2022-04-19,HU,Budapest,pm25,344,13.0,70.0,53.0,745.29
2022-04-19,JP,Fukuoka,pm25,356,13.0,144.0,53.0,2495.96
2022-04-19,JP,Kanazawa,pm25,230,5.0,91.0,55.0,2873.55
2022-04-19,JP,Kumamoto,pm25,377,5.0,97.0,57.0,1557.61
2022-04-19,JP,Akita,pm25,45,17.0,87.0,57.0,2846.77
2022-04-19,JP,Kochi,pm25,47,21.0,72.0,46.0,1188.53
2022-04-19,JP,Gifu-shi,pm25,181,5.0,85.0,53.0,2954.62
2022-04-19,JP,Kyoto,pm25,557,5.0,112.0,63.0,4200.9
2022-04-19,JP,Hiroshima,pm25,320,5.0,152.0,46.0,2876.65
2022-04-19,JP,Shizuoka,pm25,230,5.0,68.0,21.0,2381.61
2022-04-19,JP,Chiba,pm25,739,5.0,95.0,38.0,3566.91
2022-04-19,JP,Sapporo,pm25,183,9.0,134.0,57.0,3636.96
2022-04-19,JP,Yokohama,pm25,477,1.0,104.0,34.0,3274.17
2022-04-19,JP,Tokyo,pm25,2425,5.0,104.0,38.0,2791.1
2022-04-19,JP,Saitama,pm25,498,5.0,74.0,42.0,2459.65
2022-04-19,JP,Naha,pm25,144,9.0,46.0,30.0,795.82
2022-04-19,JP,Nagasaki,pm25,186,5.0,72.0,42.0,1583.54
2022-04-19,JP,Toyama,pm25,188,5.0,89.0,57.0,2356.53
2022-04-19,JP,Niigata,pm25,200,17.0,95.0,53.0,2120.98
2022-04-19,JP,Nara-shi,pm25,188,21.0,95.0,57.0,3504.27
2022-04-19,JP,Okayama,pm25,273,5.0,124.0,59.0,2493.94
2022-04-19,JP,Sendai,pm25,349,5.0,85.0,55.0,3391.45
2022-04-19,JP,Osaka,pm25,1424,5.0,107.0,57.0,3558.92
2022-04-19,JP,Miyazaki,pm25,140,5.0,74.0,50.0,1601.94
2022-04-19,JP,Matsuyama,pm25,153,9.0,85.0,50.0,2505.65
2022-04-19,JP,Wakayama,pm25,284,17.0,93.0,55.0,2212.4
2022-04-19,JP,Takamatsu,pm25,236,9.0,76.0,53.0,1052.25
2022-04-19,JP,Nagoya,pm25,786,5.0,97.0,57.0,3116.07
2022-04-19,JP,Ōita,pm25,261,5.0,219.0,50.0,3743.65
2022-04-19,JP,Kobe,pm25,348,5.0,91.0,53.0,2152.13
2022-04-19,JP,Nagano,pm25,71,9.0,74.0,53.0,2927.78
2022-04-19,JP,Utsunomiya,pm25,415,5.0,76.0,38.0,3264.17
2022-04-19,JP,Kagoshima,pm25,94,30.0,766.0,53.0,54940.0
2022-04-19,SK,Košice,pm25,96,30.0,85.0,50.0,1016.52
2022-04-19,SK,Bratislava,pm25,95,34.0,68.0,46.0,513.08
2022-04-19,FI,Vantaa,pm25,24,19.0,63.0,39.0,2227.75
2022-04-19,FI,Turku,pm25,24,13.0,62.0,35.0,2109.11
2022-04-19,FI,Helsinki,pm25,120,6.0,137.0,40.0,7188.54
2022-04-19,FI,Tampere,pm25,96,13.0,149.0,54.0,8493.66
2022-04-19,ET,Addis Ababa,pm25,24,50.0,104.0,65.0,1084.06
2022-04-19,CH,Zürich,pm25,17,1.0,3.0,2.0,5.59
2022-04-19,CO,Bogotá,pm25,297,5.0,119.0,46.0,5467.1
2022-04-19,CO,Medellín,pm25,325,21.0,87.0,53.0,2590.23
2022-04-19,DK,Copenhagen,pm25,18,12.0,50.0,33.0,876.63
2022-04-19,GB,Edinburgh,pm25,286,9.0,44.0,16.0,480.84
2022-04-19,GB,Norwich,pm25,19,57.0,79.0,68.0,708.13
2022-04-19,GB,Liverpool,pm25,18,17.0,34.0,21.0,256.47
2022-04-19,GB,Belfast,pm25,58,13.0,50.0,21.0,449.15
2022-04-19,GB,Coventry,pm25,70,20.0,39.0,28.0,172.95
2022-04-19,GB,Leeds,pm25,37,16.0,38.0,21.0,463.53
2022-04-19,GB,Cardiff,pm25,96,21.0,46.0,38.0,577.22
2022-04-19,GB,Bristol,pm25,60,13.0,46.0,25.0,716.37
2022-04-19,GB,London,pm25,518,3.0,86.0,34.0,1632.74
2022-04-19,GB,Birmingham,pm25,48,17.0,50.0,27.0,851.27
2022-04-19,GB,Sheffield,pm25,91,17.0,65.0,25.0,1012.24
2022-04-19,GB,Newport,pm25,46,9.0,34.0,17.0,488.66
2022-04-19,GB,Leicester,pm25,23,21.0,37.0,29.0,193.64
2022-04-19,GB,Manchester,pm25,77,24.0,58.0,31.0,421.12
2022-04-19,GB,Reading,pm25,47,5.0,57.0,25.0,1766.36
2022-04-19,GB,Plymouth,pm25,39,5.0,31.0,13.0,466.21
2022-04-19,GB,Glasgow,pm25,567,7.0,52.0,17.0,569.86
2022-04-19,GB,Preston,pm25,39,17.0,51.0,26.0,380.61
2022-04-19,GB,Swansea,pm25,88,5.0,38.0,17.0,823.69
2022-04-19,GB,Southend-on-Sea,pm25,44,28.0,79.0,57.0,1181.8
2022-04-19,ID,Jakarta,pm25,69,53.0,151.0,102.0,6862.32
2022-04-19,NP,Kathmandu,pm25,48,80.0,208.0,180.0,6745.89
2022-04-19,NP,Pokhara,pm25,9,119.0,167.0,133.0,2676.94
2022-04-19,NP,Biratnagar,pm25,24,102.0,164.0,143.0,3477.37
2022-04-19,AU,Sydney,pm25,158,1.0,68.0,19.0,1489.46
2022-04-19,AU,Newcastle,pm25,139,1.0,49.0,20.0,1121.58
2022-04-19,AU,Launceston,pm25,102,5.0,91.0,9.0,1366.29
2022-04-19,AU,Hobart,pm25,60,5.0,25.0,9.0,179.48
2022-04-19,AU,Darwin,pm25,68,4.0,47.0,21.0,951.47
2022-04-19,AU,Melbourne,pm25,162,1.0,53.0,21.0,1382.76
2022-04-19,AU,Canberra,pm25,56,3.0,68.0,28.0,2936.18
2022-04-19,AU,Adelaide,pm25,87,5.0,38.0,13.0,428.24
2022-04-19,AU,Brisbane,pm25,96,1.0,40.0,18.0,387.15
2022-04-19,AU,Perth,pm25,48,10.0,53.0,22.0,1424.78
2022-04-19,AU,Wollongong,pm25,45,1.0,53.0,23.0,1421.34
2022-04-19,CI,Abidjan,pm25,24,21.0,87.0,38.0,3809.49
2022-04-19,GH,Accra,pm25,5,68.0,165.0,132.0,15567.0
2022-04-19,IQ,Baghdad,pm25,24,114.0,185.0,160.0,3634.33
2022-04-19,IS,Reykjavík,pm25,93,1.0,22.0,11.0,304.27
2022-04-19,KG,Bishkek,pm25,24,13.0,68.0,34.0,1808.1
2022-04-19,NL,Utrecht,pm25,48,13.0,74.0,40.0,3323.58
2022-04-19,NL,Nijmegen,pm25,48,5.0,93.0,36.0,5644.32
2022-04-19,NL,Haarlem,pm25,131,8.0,151.0,59.0,7505.66
2022-04-19,NL,Eindhoven,pm25,22,12.0,83.0,60.0,4156.36
2022-04-19,NL,Rotterdam,pm25,187,12.0,86.0,52.0,3251.5
2022-04-19,NL,Amsterdam,pm25,258,10.0,99.0,55.0,4537.97
2022-04-19,NL,Dordrecht,pm25,24,17.0,80.0,49.0,4093.46
2022-04-19,NL,Breda,pm25,24,14.0,92.0,34.0,5081.58
2022-04-19,NL,Groningen,pm25,47,4.0,68.0,38.0,2788.25
2022-04-19,NL,Maastricht,pm25,96,9.0,70.0,38.0,1738.08
2022-04-19,NL,The Hague,pm25,72,13.0,83.0,54.0,3643.47
2022-04-19,PT,Lisbon,pm25,40,15.0,31.0,19.0,113.79
2022-04-19,PT,Funchal,pm25,51,1.0,40.0,20.0,837.7
2022-04-19,CA,Hamilton,pm25,63,5.0,30.0,9.0,371.2
2022-04-19,CA,Calgary,pm25,92,1.0,48.0,16.0,1040.42
2022-04-19,CA,Winnipeg,pm25,24,13.0,18.0,16.0,35.2
2022-04-19,CA,Halifax,pm25,46,22.0,66.0,33.0,1599.43
2022-04-19,CA,Kitchener,pm25,31,5.0,21.0,13.0,177.89
2022-04-19,CA,Edmonton,pm25,135,4.0,44.0,21.0,790.7
2022-04-19,CA,Mississauga,pm25,44,5.0,42.0,13.0,1090.8
2022-04-19,CA,Québec,pm25,172,5.0,22.0,12.0,165.01
2022-04-19,CA,Vancouver,pm25,23,6.0,22.0,10.0,139.29
2022-04-19,CA,Victoria,pm25,17,5.0,25.0,13.0,420.0
2022-04-19,CA,Montréal,pm25,356,3.0,35.0,12.0,431.41
2022-04-19,CA,Toronto,pm25,92,5.0,78.0,13.0,2225.16
2022-04-19,CA,Ottawa,pm25,58,5.0,38.0,9.0,503.11
2022-04-19,CA,London,pm25,40,9.0,34.0,17.0,245.89
2022-04-19,US,Oklahoma City,pm25,85,24.0,59.0,33.0,791.26
2022-04-19,US,Raleigh,pm25,61,5.0,30.0,16.0,323.87
2022-04-19,US,Memphis,pm25,71,1.0,56.0,21.0,753.98
2022-04-19,US,Jackson,pm25,62,16.0,55.0,25.0,738.75
2022-04-19,US,Boston,pm25,126,5.0,59.0,21.0,1396.26
2022-04-19,US,Richmond,pm25,89,6.0,23.0,13.0,105.28
2022-04-19,US,Portland,pm25,163,5.0,31.0,9.0,192.1
2022-04-19,US,Boise,pm25,69,5.0,38.0,9.0,1175.17
2022-04-19,US,Austin,pm25,48,5.0,59.0,34.0,1945.11
2022-04-19,US,Honolulu,pm25,25,5.0,50.0,25.0,1266.93
2022-04-19,US,Fresno,pm25,43,5.0,42.0,13.0,795.36
2022-04-19,US,Milwaukee,pm25,140,8.0,33.0,15.0,300.92
2022-04-19,US,Hartford,pm25,47,3.0,18.0,9.0,261.79
2022-04-19,US,Washington D.C.,pm25,101,5.0,42.0,15.0,679.08
2022-04-19,US,Chicago,pm25,236,4.0,65.0,19.0,1114.95
2022-04-19,US,Houston,pm25,48,16.0,87.0,40.0,2222.96
2022-04-19,US,Indianapolis,pm25,97,11.0,151.0,22.0,3992.29
2022-04-19,US,Atlanta,pm25,24,16.0,33.0,21.0,144.76
2022-04-19,US,Charlotte,pm25,70,5.0,50.0,21.0,639.29
2022-04-19,US,Sacramento,pm25,60,1.0,25.0,13.0,340.82
2022-04-19,US,Oakland,pm25,107,5.0,46.0,13.0,588.97
2022-04-19,US,Providence,pm25,38,5.0,34.0,13.0,639.15
2022-04-19,US,Staten Island,pm25,103,1.0,40.0,13.0,756.88
2022-04-19,US,Brooklyn,pm25,107,1.0,64.0,15.0,924.64
2022-04-19,US,Springfield,pm25,67,7.0,47.0,20.0,441.12
2022-04-19,US,San Jose,pm25,70,5.0,34.0,13.0,439.11
2022-04-19,US,Los Angeles,pm25,72,16.0,75.0,44.0,1702.69
2022-04-19,US,Detroit,pm25,144,7.0,57.0,22.0,1155.1
2022-04-19,US,Little Rock,pm25,24,9.0,49.0,20.0,749.78
2022-04-19,US,Baltimore,pm25,39,5.0,40.0,17.0,783.48
2022-04-19,US,Phoenix,pm25,182,2.0,96.0,40.0,3730.31
2022-04-19,US,Omaha,pm25,27,5.0,34.0,17.0,598.23
2022-04-19,US,El Paso,pm25,164,5.0,93.0,50.0,4388.06
2022-04-19,US,Dallas,pm25,24,9.0,50.0,21.0,1105.8
2022-04-19,US,Seattle,pm25,237,3.0,38.0,13.0,591.04
2022-04-19,US,Manhattan,pm25,58,1.0,26.0,13.0,382.48
2022-04-19,US,Miami,pm25,88,17.0,53.0,33.0,725.63
2022-04-19,US,Jacksonville,pm25,137,6.0,86.0,28.0,1440.0
2022-04-19,US,San Antonio,pm25,57,1.0,57.0,35.0,1803.91
2022-04-19,US,Philadelphia,pm25,85,1.0,79.0,19.0,2358.89
2022-04-19,US,San Diego,pm25,24,26.0,61.0,37.0,800.22
2022-04-19,US,Columbus,pm25,48,3.0,50.0,18.0,1083.47
2022-04-19,US,Saint Paul,pm25,124,5.0,59.0,17.0,859.51
2022-04-19,US,Denver,pm25,145,13.0,72.0,30.0,2535.41
2022-04-19,US,Salt Lake City,pm25,216,6.0,148.0,38.0,9481.51
2022-04-19,US,Albuquerque,pm25,67,11.0,78.0,39.0,4145.83
2022-04-19,US,San Francisco,pm25,63,5.0,57.0,17.0,927.88
2022-04-19,US,Salem,pm25,72,6.0,39.0,8.0,280.49
2022-04-19,US,Madison,pm25,41,8.0,59.0,14.0,1161.78
2022-04-19,US,Nashville,pm25,69,5.0,44.0,20.0,701.96
2022-04-19,US,Tucson,pm25,150,5.0,74.0,30.0,3322.15
2022-04-19,US,Queens,pm25,59,8.0,38.0,18.0,694.96
2022-04-19,US,Tallahassee,pm25,69,9.0,70.0,28.0,2640.45
2022-04-19,US,Fort Worth,pm25,24,9.0,50.0,30.0,1185.63
2022-04-19,RS,Novi Sad,pm25,48,26.0,73.0,55.0,1856.06
2022-04-19,RS,Niš,pm25,48,26.0,151.0,46.0,10874.0
2022-04-19,RS,Belgrade,pm25,120,29.0,101.0,54.0,3924.57
2022-04-19,CY,Nicosia,pm25,24,28.0,91.0,56.0,2146.94
2022-04-19,CY,Limassol,pm25,24,21.0,75.0,56.0,1920.85
2022-04-19,HR,Zagreb,pm25,24,25.0,64.0,40.0,1527.81
2022-04-19,HR,Rijeka,pm25,73,18.0,140.0,27.0,2992.88
2022-04-19,MK,Skopje,pm25,168,3.0,126.0,51.0,6115.25
2022-04-20,GE,Tbilisi,pm25,67,69.0,164.0,101.0,8848.4
2022-04-20,HU,Győr,pm25,48,13.0,76.0,53.0,1601.63
2022-04-20,HU,Szeged,pm25,24,38.0,72.0,57.0,657.32
2022-04-20,HU,Pécs,pm25,72,46.0,102.0,65.0,2325.19
2022-04-20,HU,Kecskemét,pm25,48,46.0,97.0,61.0,2704.1
2022-04-20,HU,Miskolc,pm25,113,25.0,109.0,63.0,3612.78
2022-04-20,HU,Budapest,pm25,352,13.0,82.0,61.0,980.93
2022-04-20,JP,Fukuoka,pm25,382,9.0,169.0,55.0,2918.97
2022-04-20,JP,Kanazawa,pm25,238,9.0,80.0,57.0,1417.82
2022-04-20,JP,Kumamoto,pm25,376,9.0,153.0,57.0,3235.81
2022-04-20,JP,Akita,pm25,47,13.0,104.0,46.0,3782.46
2022-04-20,JP,Kochi,pm25,48,21.0,68.0,57.0,554.03
2022-04-20,JP,Gifu-shi,pm25,176,9.0,89.0,59.0,1860.27
2022-04-20,JP,Kyoto,pm25,556,34.0,129.0,74.0,1343.72
2022-04-20,JP,Hiroshima,pm25,329,5.0,89.0,55.0,2203.93
2022-04-20,JP,Shizuoka,pm25,252,5.0,91.0,42.0,2185.37
2022-04-20,JP,Chiba,pm25,775,5.0,85.0,57.0,1145.89
2022-04-20,JP,Sapporo,pm25,199,25.0,95.0,53.0,1216.69
2022-04-20,JP,Yokohama,pm25,501,1.0,87.0,59.0,2154.79
2022-04-20,JP,Tokyo,pm25,2299,1.0,112.0,61.0,783.61
2022-04-20,JP,Saitama,pm25,499,30.0,85.0,61.0,404.12
2022-04-20,JP,Naha,pm25,144,17.0,55.0,34.0,1070.16
2022-04-20,JP,Nagasaki,pm25,188,5.0,89.0,53.0,1372.11
2022-04-20,JP,Toyama,pm25,191,21.0,190.0,61.0,2842.19
2022-04-20,JP,Niigata,pm25,204,34.0,95.0,61.0,898.87
2022-04-20,JP,Nara-shi,pm25,192,55.0,97.0,72.0,727.64
2022-04-20,JP,Okayama,pm25,278,5.0,137.0,70.0,2263.59
2022-04-20,JP,Sendai,pm25,342,13.0,80.0,59.0,1079.29
2022-04-20,JP,Osaka,pm25,1401,5.0,137.0,72.0,1806.22
2022-04-20,JP,Miyazaki,pm25,140,5.0,95.0,50.0,2010.21
2022-04-20,JP,Matsuyama,pm25,164,17.0,87.0,55.0,1978.57
2022-04-20,JP,Wakayama,pm25,286,38.0,114.0,68.0,1798.03
2022-04-20,JP,Takamatsu,pm25,238,34.0,122.0,61.0,1338.2
2022-04-20,JP,Nagoya,pm25,790,13.0,114.0,63.0,1217.04
2022-04-20,JP,Ōita,pm25,257,5.0,154.0,53.0,3001.2
2022-04-20,JP,Kobe,pm25,278,30.0,109.0,70.0,2418.42
2022-04-20,JP,Nagano,pm25,71,13.0,87.0,53.0,2112.47
2022-04-20,JP,Utsunomiya,pm25,411,30.0,82.0,59.0,394.46
2022-04-20,JP,Kagoshima,pm25,96,42.0,72.0,59.0,319.36
2022-04-20,SK,Košice,pm25,90,38.0,95.0,57.0,1112.71
2022-04-20,SK,Bratislava,pm25,96,25.0,91.0,59.0,2193.86
2022-04-20,FI,Vantaa,pm25,24,14.0,51.0,26.0,810.42
2022-04-20,FI,Turku,pm25,24,13.0,56.0,21.0,1119.11
2022-04-20,FI,Helsinki,pm25,120,10.0,170.0,28.0,3860.84
2022-04-20,FI,Tampere,pm25,96,10.0,123.0,50.0,7388.74
2022-04-20,ET,Addis Ababa,pm25,24,55.0,117.0,65.0,2306.67
2022-04-20,CH,Zürich,pm25,11,1.0,2.0,1.0,2.73
2022-04-20,CO,Bogotá,pm25,305,5.0,162.0,42.0,5109.02
2022-04-20,CO,Medellín,pm25,314,17.0,76.0,42.0,1916.89
2022-04-20,DK,Copenhagen,pm25,13,27.0,49.0,36.0,384.23
2022-04-20,GB,Edinburgh,pm25,286,8.0,53.0,23.0,1145.45
2022-04-20,GB,Norwich,pm25,19,30.0,57.0,46.0,521.64
2022-04-20,GB,Liverpool,pm25,24,21.0,57.0,34.0,1268.04
2022-04-20,GB,Belfast,pm25,61,24.0,61.0,34.0,809.45
2022-04-20,GB,Coventry,pm25,54,24.0,73.0,46.0,1870.44
2022-04-20,GB,Leeds,pm25,44,21.0,70.0,38.0,1123.07
2022-04-20,GB,Cardiff,pm25,96,30.0,82.0,59.0,1257.45
2022-04-20,GB,Bristol,pm25,61,30.0,76.0,53.0,870.21
2022-04-20,GB,London,pm25,505,1.0,87.0,46.0,3078.87
2022-04-20,GB,Birmingham,pm25,40,34.0,71.0,50.0,1366.26
2022-04-20,GB,Sheffield,pm25,92,9.0,72.0,38.0,1056.44
2022-04-20,GB,Newport,pm25,48,30.0,63.0,42.0,969.25
2022-04-20,GB,Leicester,pm25,15,30.0,72.0,46.0,1477.81
2022-04-20,GB,Manchester,pm25,81,21.0,55.0,40.0,936.79
2022-04-20,GB,Reading,pm25,48,9.0,68.0,30.0,3621.26
2022-04-20,GB,Plymouth,pm25,45,5.0,91.0,52.0,6082.49
2022-04-20,GB,Glasgow,pm25,563,10.0,55.0,23.0,831.88
2022-04-20,GB,Preston,pm25,46,21.0,62.0,35.0,1055.69
2022-04-20,GB,Swansea,pm25,119,21.0,93.0,42.0,4065.74
2022-04-20,GB,Southend-on-Sea,pm25,38,42.0,83.0,58.0,981.48
2022-04-20,ID,Jakarta,pm25,71,43.0,158.0,76.0,8547.9
2022-04-20,NP,Kathmandu,pm25,48,61.0,168.0,153.0,7048.92
2022-04-20,NP,Pokhara,pm25,8,93.0,147.0,97.0,4220.0
2022-04-20,NP,Biratnagar,pm25,24,73.0,158.0,92.0,5553.32
2022-04-20,AU,Sydney,pm25,141,1.0,39.0,12.0,533.52
2022-04-20,AU,Newcastle,pm25,130,1.0,67.0,12.0,1124.88
2022-04-20,AU,Launceston,pm25,119,5.0,142.0,9.0,1831.09
2022-04-20,AU,Hobart,pm25,25,5.0,34.0,5.0,340.93
2022-04-20,AU,Darwin,pm25,43,1.0,51.0,22.0,1750.28
2022-04-20,AU,Melbourne,pm25,139,1.0,63.0,20.0,1309.47
2022-04-20,AU,Canberra,pm25,44,2.0,92.0,17.0,3883.62
2022-04-20,AU,Adelaide,pm25,79,2.0,61.0,17.0,1272.52
2022-04-20,AU,Brisbane,pm25,156,2.0,69.0,24.0,1696.98
2022-04-20,AU,Perth,pm25,84,5.0,62.0,14.0,1434.26
2022-04-20,AU,Wollongong,pm25,27,2.0,69.0,15.0,2459.17
2022-04-20,CI,Abidjan,pm25,23,5.0,132.0,38.0,8058.93
2022-04-20,GH,Accra,pm25,24,57.0,159.0,87.0,5819.84
2022-04-20,IQ,Baghdad,pm25,19,82.0,765.0,401.0,530105.0
2022-04-20,IS,Reykjavík,pm25,94,1.0,61.0,13.0,970.9
2022-04-20,KG,Bishkek,pm25,24,42.0,149.0,104.0,10508.2
2022-04-20,NL,Utrecht,pm25,48,15.0,59.0,32.0,1289.15
2022-04-20,NL,Nijmegen,pm25,48,2.0,62.0,31.0,2091.98
2022-04-20,NL,Haarlem,pm25,116,3.0,81.0,32.0,3266.4
2022-04-20,NL,Eindhoven,pm25,23,13.0,76.0,51.0,1726.21
2022-04-20,NL,Rotterdam,pm25,191,13.0,56.0,36.0,1148.43
2022-04-20,NL,Amsterdam,pm25,252,10.0,78.0,33.0,1283.01
2022-04-20,NL,Dordrecht,pm25,24,17.0,60.0,38.0,1713.26
2022-04-20,NL,Breda,pm25,24,13.0,52.0,34.0,941.45
2022-04-20,NL,Groningen,pm25,46,2.0,48.0,26.0,1130.96
2022-04-20,NL,Maastricht,pm25,93,5.0,53.0,34.0,817.72
2022-04-20,NL,The Hague,pm25,72,7.0,58.0,37.0,1505.19
2022-04-20,PT,Lisbon,pm25,43,14.0,34.0,21.0,243.46
2022-04-20,PT,Funchal,pm25,62,3.0,35.0,21.0,871.51
2022-04-20,CA,Hamilton,pm25,57,5.0,38.0,13.0,738.48
2022-04-20,CA,Calgary,pm25,81,2.0,56.0,18.0,1379.75
2022-04-20,CA,Winnipeg,pm25,24,9.0,40.0,21.0,1105.2
2022-04-20,CA,Halifax,pm25,46,6.0,51.0,24.0,1948.97
2022-04-20,CA,Kitchener,pm25,34,13.0,63.0,21.0,1566.63
2022-04-20,CA,Edmonton,pm25,138,8.0,61.0,23.0,877.49
2022-04-20,CA,Mississauga,pm25,51,5.0,152.0,17.0,7148.74
2022-04-20,CA,Québec,pm25,164,5.0,47.0,14.0,487.61
2022-04-20,CA,Vancouver,pm25,22,7.0,23.0,10.0,206.34
2022-04-20,CA,Victoria,pm25,19,5.0,42.0,17.0,1080.23
2022-04-20,CA,Montréal,pm25,277,3.0,64.0,15.0,1825.4
2022-04-20,CA,Toronto,pm25,97,5.0,55.0,13.0,1377.63
2022-04-20,CA,Ottawa,pm25,58,7.0,53.0,14.0,970.02
2022-04-20,CA,London,pm25,42,9.0,34.0,17.0,678.94
2022-04-20,US,Oklahoma City,pm25,94,21.0,62.0,48.0,1201.67
2022-04-20,US,Raleigh,pm25,69,5.0,50.0,29.0,1011.86
2022-04-20,US,Memphis,pm25,72,20.0,58.0,30.0,870.58
2022-04-20,US,Jackson,pm25,72,22.0,74.0,36.0,1810.04
2022-04-20,US,Boston,pm25,115,5.0,34.0,13.0,552.1
2022-04-20,US,Richmond,pm25,96,14.0,33.0,20.0,165.05
2022-04-20,US,Portland,pm25,164,5.0,26.0,10.0,134.82
2022-04-20,US,Boise,pm25,52,5.0,17.0,9.0,140.63
2022-04-20,US,Austin,pm25,47,5.0,87.0,38.0,2317.6
2022-04-20,US,Honolulu,pm25,41,5.0,42.0,17.0,867.8
2022-04-20,US,Fresno,pm25,45,3.0,34.0,15.0,602.56
2022-04-20,US,Milwaukee,pm25,144,20.0,56.0,35.0,590.93
2022-04-20,US,Hartford,pm25,48,5.0,25.0,10.0,152.44
2022-04-20,US,Washington D.C.,pm25,113,5.0,42.0,17.0,582.23
2022-04-20,US,Chicago,pm25,238,9.0,65.0,33.0,707.22
2022-04-20,US,Houston,pm25,48,30.0,69.0,49.0,976.31
2022-04-20,US,Indianapolis,pm25,96,20.0,61.0,27.0,1036.82
2022-04-20,US,Atlanta,pm25,24,23.0,49.0,33.0,505.22
2022-04-20,US,Charlotte,pm25,65,9.0,61.0,30.0,1065.22
2022-04-20,US,Sacramento,pm25,58,4.0,38.0,13.0,591.24
2022-04-20,US,Oakland,pm25,108,5.0,42.0,17.0,694.89
2022-04-20,US,Providence,pm25,32,5.0,25.0,13.0,451.61
2022-04-20,US,Staten Island,pm25,111,1.0,65.0,18.0,1775.87
2022-04-20,US,Brooklyn,pm25,108,5.0,66.0,17.0,2159.49
2022-04-20,US,Springfield,pm25,72,11.0,44.0,23.0,465.48
2022-04-20,US,San Jose,pm25,68,5.0,137.0,17.0,4795.27
2022-04-20,US,Los Angeles,pm25,71,8.0,67.0,36.0,1830.12
2022-04-20,US,Detroit,pm25,143,11.0,152.0,32.0,3502.16
2022-04-20,US,Little Rock,pm25,24,20.0,56.0,29.0,1199.98
2022-04-20,US,Baltimore,pm25,44,5.0,32.0,17.0,532.09
2022-04-20,US,Phoenix,pm25,192,2.0,94.0,38.0,2734.92
2022-04-20,US,Omaha,pm25,22,5.0,53.0,25.0,1896.13
2022-04-20,US,El Paso,pm25,158,5.0,78.0,30.0,2760.36
2022-04-20,US,Dallas,pm25,21,23.0,51.0,37.0,547.62
2022-04-20,US,Seattle,pm25,242,3.0,97.0,20.0,1716.18
2022-04-20,US,Manhattan,pm25,69,1.0,40.0,15.0,998.35
2022-04-20,US,Miami,pm25,94,24.0,41.0,31.0,198.41
2022-04-20,US,Jacksonville,pm25,136,17.0,82.0,35.0,1189.11
2022-04-20,US,San Antonio,pm25,62,1.0,62.0,43.0,1399.85
2022-04-20,US,Philadelphia,pm25,89,2.0,94.0,22.0,4428.36
2022-04-20,US,San Diego,pm25,24,6.0,42.0,22.0,949.55
2022-04-20,US,Columbus,pm25,48,3.0,47.0,21.0,741.8
2022-04-20,US,Saint Paul,pm25,138,5.0,61.0,25.0,1473.51
2022-04-20,US,Denver,pm25,150,17.0,72.0,30.0,1035.67
2022-04-20,US,Salt Lake City,pm25,215,5.0,69.0,19.0,911.47
2022-04-20,US,Albuquerque,pm25,68,10.0,48.0,27.0,550.89
2022-04-20,US,San Francisco,pm25,68,5.0,46.0,17.0,760.63
2022-04-20,US,Salem,pm25,72,6.0,36.0,10.0,474.37
2022-04-20,US,Madison,pm25,35,18.0,40.0,28.0,344.0
2022-04-20,US,Nashville,pm25,72,5.0,61.0,26.0,1415.33
2022-04-20,US,Tucson,pm25,159,5.0,85.0,25.0,2369.97
2022-04-20,US,Queens,pm25,72,6.0,41.0,20.0,827.45
2022-04-20,US,Tallahassee,pm25,61,13.0,91.0,51.0,1869.23
2022-04-20,US,Fort Worth,pm25,24,17.0,55.0,38.0,1375.49
2022-04-20,RS,Novi Sad,pm25,48,35.0,100.0,64.0,2182.23
2022-04-20,RS,Niš,pm25,48,49.0,159.0,72.0,8789.96
2022-04-20,RS,Belgrade,pm25,120,19.0,153.0,69.0,8734.3
2022-04-20,CY,Nicosia,pm25,24,35.0,69.0,44.0,868.04
2022-04-20,CY,Limassol,pm25,23,1.0,42.0,26.0,716.13
2022-04-20,HR,Zagreb,pm25,24,9.0,125.0,66.0,7920.71
2022-04-20,HR,Rijeka,pm25,76,4.0,81.0,21.0,2170.55
2022-04-20,MK,Skopje,pm25,160,6.0,125.0,57.0,5299.45
2022-04-21,GE,Tbilisi,pm25,86,27.0,106.0,51.0,2309.2
2022-04-21,HU,Győr,pm25,44,9.0,91.0,46.0,7998.99
2022-04-21,HU,Szeged,pm25,24,34.0,80.0,63.0,1503.89
2022-04-21,HU,Pécs,pm25,69,38.0,89.0,61.0,2091.1
2022-04-21,HU,Kecskemét,pm25,48,53.0,87.0,65.0,1838.23
2022-04-21,HU,Miskolc,pm25,114,34.0,97.0,68.0,2630.35
2022-04-21,HU,Budapest,pm25,358,21.0,127.0,65.0,4808.21
2022-04-21,JP,Fukuoka,pm25,405,13.0,151.0,61.0,1711.12
2022-04-21,JP,Kanazawa,pm25,238,13.0,85.0,55.0,1268.89
2022-04-21,JP,Kumamoto,pm25,380,5.0,142.0,61.0,2195.36
2022-04-21,JP,Akita,pm25,47,38.0,132.0,63.0,3021.14
2022-04-21,JP,Kochi,pm25,48,9.0,74.0,55.0,2460.92
2022-04-21,JP,Gifu-shi,pm25,191,5.0,109.0,59.0,2456.94
2022-04-21,JP,Kyoto,pm25,543,5.0,89.0,57.0,3941.97
2022-04-21,JP,Hiroshima,pm25,327,9.0,124.0,57.0,2208.19
2022-04-21,JP,Shizuoka,pm25,260,5.0,87.0,50.0,1644.98
2022-04-21,JP,Chiba,pm25,773,5.0,124.0,63.0,3315.64
2022-04-21,JP,Sapporo,pm25,200,25.0,95.0,55.0,1234.09
2022-04-21,JP,Yokohama,pm25,546,1.0,132.0,63.0,2934.93
2022-04-21,JP,Tokyo,pm25,2391,1.0,127.0,63.0,1700.78
2022-04-21,JP,Saitama,pm25,495,21.0,122.0,61.0,1625.64
2022-04-21,JP,Naha,pm25,139,5.0,53.0,30.0,1478.39
2022-04-21,JP,Nagasaki,pm25,185,5.0,85.0,53.0,1797.74
2022-04-21,JP,Toyama,pm25,191,30.0,119.0,59.0,1667.85
2022-04-21,JP,Niigata,pm25,213,21.0,91.0,57.0,812.58
2022-04-21,JP,Nara-shi,pm25,189,5.0,129.0,63.0,3054.64
2022-04-21,JP,Okayama,pm25,283,30.0,155.0,61.0,1155.08
2022-04-21,JP,Sendai,pm25,441,17.0,95.0,55.0,898.18
2022-04-21,JP,Osaka,pm25,1368,5.0,95.0,57.0,2726.99
2022-04-21,JP,Miyazaki,pm25,140,5.0,124.0,50.0,3588.96
2022-04-21,JP,Matsuyama,pm25,163,5.0,102.0,57.0,4325.59
2022-04-21,JP,Wakayama,pm25,287,9.0,91.0,57.0,2270.69
2022-04-21,JP,Takamatsu,pm25,240,21.0,89.0,55.0,1438.61
2022-04-21,JP,Nagoya,pm25,781,9.0,124.0,57.0,1188.06
2022-04-21,JP,Ōita,pm25,257,5.0,142.0,55.0,3366.49
2022-04-21,JP,Kobe,pm25,424,5.0,76.0,57.0,1748.96
2022-04-21,JP,Nagano,pm25,72,30.0,82.0,50.0,1239.65
2022-04-21,JP,Utsunomiya,pm25,432,30.0,89.0,57.0,732.71
2022-04-21,JP,Kagoshima,pm25,94,13.0,80.0,53.0,3681.77
2022-04-21,SK,Košice,pm25,96,50.0,117.0,63.0,1282.28
2022-04-21,SK,Bratislava,pm25,95,21.0,91.0,63.0,4003.6
2022-04-21,FI,Vantaa,pm25,24,8.0,35.0,17.0,391.14
2022-04-21,FI,Turku,pm25,24,7.0,28.0,16.0,226.36
2022-04-21,FI,Helsinki,pm25,120,9.0,60.0,19.0,1244.68
2022-04-21,FI,Tampere,pm25,96,7.0,146.0,27.0,5201.96
2022-04-21,ET,Addis Ababa,pm25,20,61.0,127.0,70.0,2465.76
2022-04-21,CH,Zürich,pm25,22,1.0,3.0,2.0,3.98
2022-04-21,CO,Bogotá,pm25,302,13.0,119.0,55.0,3312.79
2022-04-21,CO,Medellín,pm25,287,25.0,82.0,57.0,1270.5
2022-04-21,DK,Copenhagen,pm25,24,22.0,50.0,32.0,728.91
2022-04-21,GB,Edinburgh,pm25,286,30.0,101.0,51.0,770.81
2022-04-21,GB,Norwich,pm25,24,30.0,48.0,34.0,213.91
2022-04-21,GB,Liverpool,pm25,34,21.0,61.0,46.0,1017.11
2022-04-21,GB,Belfast,pm25,72,23.0,54.0,42.0,402.52
2022-04-21,GB,Coventry,pm25,62,28.0,55.0,42.0,351.64
2022-04-21,GB,Leeds,pm25,44,38.0,72.0,50.0,592.36
2022-04-21,GB,Cardiff,pm25,52,34.0,65.0,50.0,1175.35
2022-04-21,GB,Bristol,pm25,71,21.0,70.0,55.0,1495.76
2022-04-21,GB,London,pm25,523,5.0,98.0,50.0,2848.97
2022-04-21,GB,Birmingham,pm25,44,35.0,54.0,46.0,236.89
2022-04-21,GB,Sheffield,pm25,88,38.0,72.0,53.0,704.26
2022-04-21,GB,Newport,pm25,48,17.0,59.0,35.0,1366.37
2022-04-21,GB,Leicester,pm25,22,32.0,52.0,40.0,287.12
2022-04-21,GB,Manchester,pm25,78,21.0,65.0,51.0,898.0
2022-04-21,GB,Reading,pm25,48,17.0,74.0,46.0,2352.06
2022-04-21,GB,Plymouth,pm25,41,50.0,82.0,65.0,405.95
2022-04-21,GB,Glasgow,pm25,571,23.0,73.0,51.0,1081.55
2022-04-21,GB,Preston,pm25,39,24.0,62.0,43.0,694.06
2022-04-21,GB,Swansea,pm25,115,21.0,74.0,46.0,1644.56
2022-04-21,GB,Southend-on-Sea,pm25,46,34.0,105.0,59.0,2274.51
2022-04-21,ID,Jakarta,pm25,70,30.0,156.0,61.0,9724.56
2022-04-21,NP,Kathmandu,pm25,56,89.0,202.0,114.0,4811.73
2022-04-21,NP,Pokhara,pm25,11,56.0,110.0,67.0,3584.55
2022-04-21,NP,Biratnagar,pm25,3,80.0,80.0,80.0,0.0
2022-04-21,AU,Sydney,pm25,158,1.0,44.0,15.0,766.18
2022-04-21,AU,Newcastle,pm25,137,2.0,56.0,19.0,1387.88
2022-04-21,AU,Launceston,pm25,129,5.0,162.0,9.0,3298.49
2022-04-21,AU,Hobart,pm25,41,5.0,53.0,9.0,1232.06
2022-04-21,AU,Darwin,pm25,56,2.0,55.0,23.0,1406.06
2022-04-21,AU,Melbourne,pm25,156,2.0,52.0,21.0,1332.27
2022-04-21,AU,Canberra,pm25,56,1.0,72.0,22.0,3277.27
2022-04-21,AU,Adelaide,pm25,55,5.0,30.0,14.0,450.73
2022-04-21,AU,Brisbane,pm25,190,2.0,62.0,23.0,883.62
2022-04-21,AU,Perth,pm25,90,2.0,139.0,9.0,9126.7
2022-04-21,AU,Wollongong,pm25,38,1.0,53.0,10.0,1639.52
2022-04-21,CI,Abidjan,pm25,24,5.0,82.0,46.0,3402.32
2022-04-21,GH,Accra,pm25,24,57.0,156.0,85.0,11416.7
2022-04-21,IQ,Baghdad,pm25,24,109.0,470.0,139.0,66404.8
2022-04-21,IS,Reykjavík,pm25,92,1.0,60.0,13.0,1377.0
2022-04-21,KG,Bishkek,pm25,24,34.0,112.0,82.0,3964.62
2022-04-21,NL,Utrecht,pm25,48,17.0,58.0,39.0,1347.34
2022-04-21,NL,Nijmegen,pm25,48,12.0,63.0,37.0,1744.22
2022-04-21,NL,Haarlem,pm25,129,9.0,91.0,36.0,2929.25
2022-04-21,NL,Eindhoven,pm25,24,28.0,66.0,42.0,1292.16
2022-04-21,NL,Rotterdam,pm25,189,25.0,57.0,41.0,686.45
2022-04-21,NL,Amsterdam,pm25,252,11.0,143.0,37.0,1478.4
2022-04-21,NL,Dordrecht,pm25,24,13.0,66.0,38.0,1439.11
2022-04-21,NL,Breda,pm25,24,15.0,54.0,41.0,1327.75
2022-04-21,NL,Groningen,pm25,48,14.0,66.0,37.0,1659.41
2022-04-21,NL,Maastricht,pm25,95,17.0,76.0,38.0,1265.23
2022-04-21,NL,The Hague,pm25,72,10.0,54.0,37.0,1431.88
2022-04-21,PT,Lisbon,pm25,35,17.0,30.0,20.0,168.91
2022-04-21,PT,Funchal,pm25,59,1.0,41.0,14.0,713.34
2022-04-21,CA,Hamilton,pm25,89,9.0,70.0,21.0,2076.55
2022-04-21,CA,Calgary,pm25,59,13.0,28.0,19.0,85.95
2022-04-21,CA,Winnipeg,pm25,24,11.0,28.0,17.0,191.72
2022-04-21,CA,Halifax,pm25,45,12.0,28.0,15.0,117.25
2022-04-21,CA,Kitchener,pm25,44,9.0,50.0,21.0,1342.89
2022-04-21,CA,Edmonton,pm25,138,6.0,60.0,18.0,681.29
2022-04-21,CA,Mississauga,pm25,69,9.0,157.0,21.0,6367.01
2022-04-21,CA,Québec,pm25,163,14.0,53.0,20.0,561.7
2022-04-21,CA,Vancouver,pm25,23,6.0,22.0,10.0,181.19
2022-04-21,CA,Victoria,pm25,29,5.0,34.0,17.0,453.94
2022-04-21,CA,Montréal,pm25,393,12.0,65.0,25.0,770.89
2022-04-21,CA,Toronto,pm25,117,5.0,38.0,21.0,635.42
2022-04-21,CA,Ottawa,pm25,70,14.0,38.0,21.0,242.53
2022-04-21,CA,London,pm25,43,13.0,46.0,21.0,603.91
2022-04-21,US,Oklahoma City,pm25,96,38.0,64.0,52.0,270.34
2022-04-21,US,Raleigh,pm25,72,9.0,59.0,30.0,1174.15
2022-04-21,US,Memphis,pm25,70,2.0,65.0,39.0,1242.36
2022-04-21,US,Jackson,pm25,66,4.0,192.0,39.0,4217.63
2022-04-21,US,Boston,pm25,135,5.0,50.0,21.0,632.86
2022-04-21,US,Richmond,pm25,96,16.0,51.0,24.0,804.94
2022-04-21,US,Portland,pm25,167,6.0,40.0,13.0,289.49
2022-04-21,US,Boise,pm25,65,5.0,21.0,13.0,195.62
2022-04-21,US,Austin,pm25,47,13.0,63.0,50.0,1383.9
2022-04-21,US,Honolulu,pm25,43,5.0,38.0,17.0,793.45
2022-04-21,US,Fresno,pm25,46,5.0,38.0,17.0,468.99
2022-04-21,US,Milwaukee,pm25,142,13.0,52.0,20.0,398.12
2022-04-21,US,Hartford,pm25,48,16.0,35.0,19.0,243.19
2022-04-21,US,Washington D.C.,pm25,116,9.0,46.0,25.0,749.08
2022-04-21,US,Chicago,pm25,238,6.0,61.0,22.0,799.29
2022-04-21,US,Houston,pm25,48,24.0,66.0,51.0,603.08
2022-04-21,US,Indianapolis,pm25,96,15.0,118.0,32.0,3874.73
2022-04-21,US,Atlanta,pm25,24,29.0,53.0,34.0,592.75
2022-04-21,US,Charlotte,pm25,71,13.0,55.0,30.0,920.91
2022-04-21,US,Sacramento,pm25,70,5.0,34.0,21.0,457.68
2022-04-21,US,Oakland,pm25,116,5.0,63.0,25.0,1074.34
2022-04-21,US,Providence,pm25,51,5.0,38.0,17.0,824.2
2022-04-21,US,Staten Island,pm25,115,1.0,72.0,28.0,2918.1
2022-04-21,US,Brooklyn,pm25,96,8.0,52.0,29.0,1078.83
2022-04-21,US,Springfield,pm25,67,5.0,77.0,31.0,1711.12
2022-04-21,US,San Jose,pm25,70,5.0,82.0,25.0,2140.04
2022-04-21,US,Los Angeles,pm25,70,1.0,73.0,33.0,2244.11
2022-04-21,US,Detroit,pm25,143,10.0,69.0,26.0,1775.02
2022-04-21,US,Little Rock,pm25,24,35.0,57.0,49.0,315.36
2022-04-21,US,Baltimore,pm25,48,5.0,42.0,23.0,1071.7
2022-04-21,US,Phoenix,pm25,192,2.0,83.0,34.0,1461.32
2022-04-21,US,Omaha,pm25,21,9.0,78.0,46.0,5203.62
2022-04-21,US,El Paso,pm25,160,5.0,152.0,30.0,5882.62
2022-04-21,US,Dallas,pm25,24,32.0,55.0,45.0,489.11
2022-04-21,US,Seattle,pm25,252,5.0,55.0,21.0,1195.96
2022-04-21,US,Manhattan,pm25,72,3.0,55.0,22.0,1340.7
2022-04-21,US,Miami,pm25,93,29.0,48.0,38.0,202.08
2022-04-21,US,Jacksonville,pm25,141,11.0,55.0,28.0,409.2
2022-04-21,US,San Antonio,pm25,74,23.0,88.0,54.0,1392.08
2022-04-21,US,Philadelphia,pm25,84,3.0,55.0,27.0,979.91
2022-04-21,US,San Diego,pm25,23,9.0,41.0,18.0,955.3
2022-04-21,US,Columbus,pm25,47,9.0,52.0,34.0,1264.19
2022-04-21,US,Saint Paul,pm25,139,5.0,55.0,21.0,1104.15
2022-04-21,US,Denver,pm25,141,25.0,59.0,42.0,638.09
2022-04-21,US,Salt Lake City,pm25,216,23.0,158.0,44.0,10869.0
2022-04-21,US,Albuquerque,pm25,72,17.0,60.0,27.0,717.6
2022-04-21,US,San Francisco,pm25,68,9.0,107.0,25.0,3314.67
2022-04-21,US,Salem,pm25,72,6.0,28.0,10.0,125.9
2022-04-21,US,Madison,pm25,48,15.0,48.0,20.0,457.29
2022-04-21,US,Nashville,pm25,73,25.0,67.0,47.0,1014.52
2022-04-21,US,Tucson,pm25,164,5.0,152.0,30.0,2585.97
2022-04-21,US,Queens,pm25,72,3.0,41.0,23.0,1025.87
2022-04-21,US,Tallahassee,pm25,72,14.0,70.0,34.0,827.67
2022-04-21,US,Fort Worth,pm25,24,25.0,65.0,46.0,1011.72
2022-04-21,RS,Novi Sad,pm25,48,22.0,107.0,60.0,4025.74
2022-04-21,RS,Niš,pm25,48,39.0,154.0,76.0,6371.8
2022-04-21,RS,Belgrade,pm25,120,27.0,140.0,76.0,5808.96
2022-04-21,CY,Nicosia,pm25,23,23.0,64.0,51.0,754.39
2022-04-21,CY,Limassol,pm25,24,23.0,66.0,32.0,1212.75
2022-04-21,HR,Zagreb,pm25,24,38.0,136.0,105.0,9052.16
2022-04-21,HR,Rijeka,pm25,75,13.0,70.0,29.0,2022.79
2022-04-21,MK,Skopje,pm25,168,13.0,158.0,80.0,14793.7
2022-04-22,GE,Tbilisi,pm25,96,29.0,73.0,57.0,1013.36
2022-04-22,HU,Győr,pm25,48,5.0,104.0,57.0,3796.15
2022-04-22,HU,Szeged,pm25,22,17.0,74.0,50.0,3147.9
2022-04-22,HU,Pécs,pm25,72,21.0,70.0,55.0,1604.35
2022-04-22,HU,Kecskemét,pm25,48,63.0,91.0,76.0,704.24
2022-04-22,HU,Miskolc,pm25,119,34.0,124.0,76.0,1683.19
2022-04-22,HU,Budapest,pm25,345,38.0,87.0,68.0,477.7
2022-04-22,JP,Fukuoka,pm25,395,5.0,112.0,50.0,3392.96
2022-04-22,JP,Kanazawa,pm25,234,5.0,74.0,34.0,2119.99
2022-04-22,JP,Kumamoto,pm25,372,5.0,137.0,46.0,2752.62
2022-04-22,JP,Akita,pm25,48,5.0,93.0,57.0,2354.89
2022-04-22,JP,Kochi,pm25,46,5.0,65.0,25.0,1813.72
2022-04-22,JP,Gifu-shi,pm25,162,5.0,80.0,34.0,3228.61
2022-04-22,JP,Kyoto,pm25,537,5.0,72.0,46.0,1883.09
2022-04-22,JP,Hiroshima,pm25,323,5.0,76.0,46.0,1966.3
2022-04-22,JP,Shizuoka,pm25,218,5.0,72.0,21.0,2598.88
2022-04-22,JP,Chiba,pm25,759,5.0,114.0,34.0,3139.08
2022-04-22,JP,Sapporo,pm25,191,17.0,91.0,57.0,1058.34
2022-04-22,JP,Yokohama,pm25,516,1.0,87.0,30.0,3266.18
2022-04-22,JP,Tokyo,pm25,2482,1.0,119.0,38.0,3137.28
2022-04-22,JP,Saitama,pm25,493,5.0,74.0,34.0,2499.06
2022-04-22,JP,Naha,pm25,144,9.0,46.0,21.0,740.14
2022-04-22,JP,Nagasaki,pm25,173,5.0,63.0,30.0,1383.31
2022-04-22,JP,Toyama,pm25,191,5.0,95.0,50.0,2804.37
2022-04-22,JP,Niigata,pm25,214,17.0,78.0,46.0,1391.04
2022-04-22,JP,Nara-shi,pm25,189,9.0,80.0,38.0,2358.87
2022-04-22,JP,Okayama,pm25,288,17.0,102.0,59.0,2027.28
2022-04-22,JP,Sendai,pm25,460,5.0,70.0,34.0,2298.23
2022-04-22,JP,Osaka,pm25,1394,5.0,78.0,42.0,2242.5
2022-04-22,JP,Miyazaki,pm25,134,9.0,87.0,46.0,3004.12
2022-04-22,JP,Matsuyama,pm25,164,5.0,102.0,38.0,4209.64
2022-04-22,JP,Wakayama,pm25,285,9.0,63.0,34.0,1318.88
2022-04-22,JP,Takamatsu,pm25,240,5.0,76.0,42.0,1809.3
2022-04-22,JP,Nagoya,pm25,773,1.0,89.0,34.0,2617.67
2022-04-22,JP,Ōita,pm25,256,5.0,80.0,46.0,3125.57
2022-04-22,JP,Kobe,pm25,427,9.0,97.0,46.0,1925.23
2022-04-22,JP,Nagano,pm25,70,5.0,57.0,25.0,1350.91
2022-04-22,JP,Utsunomiya,pm25,426,5.0,68.0,34.0,2095.54
2022-04-22,JP,Kagoshima,pm25,96,5.0,57.0,34.0,1103.33
2022-04-22,SK,Košice,pm25,96,34.0,122.0,65.0,1827.21
2022-04-22,SK,Bratislava,pm25,96,30.0,76.0,57.0,743.03
2022-04-22,FI,Vantaa,pm25,24,10.0,55.0,19.0,1046.07
2022-04-22,FI,Turku,pm25,24,7.0,52.0,18.0,1210.42
2022-04-22,FI,Helsinki,pm25,120,9.0,87.0,26.0,3169.68
2022-04-22,FI,Tampere,pm25,96,13.0,169.0,40.0,6186.17
2022-04-22,ET,Addis Ababa,pm25,24,61.0,151.0,70.0,5109.4
2022-04-22,CH,Zürich,pm25,19,2.0,4.0,3.0,3.68
2022-04-22,CO,Bogotá,pm25,302,9.0,119.0,50.0,3859.05
2022-04-22,CO,Medellín,pm25,274,17.0,79.0,46.0,1608.35
2022-04-22,DK,Copenhagen,pm25,24,10.0,51.0,31.0,1043.32
2022-04-22,GB,Edinburgh,pm25,288,22.0,76.0,39.0,893.93
2022-04-22,GB,Norwich,pm25,17,46.0,58.0,54.0,144.93
2022-04-22,GB,Liverpool,pm25,36,30.0,65.0,50.0,613.43
2022-04-22,GB,Belfast,pm25,47,24.0,59.0,45.0,523.01
2022-04-22,GB,Coventry,pm25,58,31.0,79.0,52.0,1318.94
2022-04-22,GB,Leeds,pm25,37,42.0,82.0,52.0,601.67
2022-04-22,GB,Cardiff,pm25,29,25.0,132.0,46.0,13334.1
2022-04-22,GB,Bristol,pm25,65,13.0,87.0,50.0,2661.21
2022-04-22,GB,London,pm25,536,10.0,87.0,46.0,1600.9
2022-04-22,GB,Birmingham,pm25,39,34.0,86.0,56.0,1547.22
2022-04-22,GB,Sheffield,pm25,72,46.0,76.0,55.0,531.52
2022-04-22,GB,Newport,pm25,47,17.0,74.0,39.0,3473.86
2022-04-22,GB,Leicester,pm25,24,42.0,83.0,50.0,1362.16
2022-04-22,GB,Manchester,pm25,81,21.0,75.0,52.0,1426.4
2022-04-22,GB,Reading,pm25,48,5.0,65.0,34.0,1634.45
2022-04-22,GB,Plymouth,pm25,44,30.0,75.0,57.0,833.72
2022-04-22,GB,Glasgow,pm25,571,15.0,63.0,30.0,695.11
2022-04-22,GB,Preston,pm25,40,20.0,67.0,46.0,1291.74
2022-04-22,GB,Swansea,pm25,103,5.0,63.0,38.0,2095.08
2022-04-22,GB,Southend-on-Sea,pm25,43,34.0,78.0,57.0,609.7
2022-04-22,ID,Jakarta,pm25,71,42.0,191.0,124.0,18386.7
2022-04-22,NP,Kathmandu,pm25,72,61.0,165.0,109.0,5943.8
2022-04-22,NP,Pokhara,pm25,10,74.0,107.0,79.0,1005.0
2022-04-22,NP,Biratnagar,pm25,2,80.0,80.0,80.0,0.0
2022-04-22,AU,Sydney,pm25,144,1.0,44.0,11.0,749.22
2022-04-22,AU,Newcastle,pm25,139,1.0,42.0,13.0,647.28
2022-04-22,AU,Launceston,pm25,125,5.0,167.0,13.0,10320.9
2022-04-22,AU,Hobart,pm25,56,5.0,34.0,5.0,226.28
2022-04-22,AU,Darwin,pm25,54,4.0,83.0,28.0,1585.06
2022-04-22,AU,Melbourne,pm25,163,1.0,52.0,24.0,1161.3
2022-04-22,AU,Canberra,pm25,51,1.0,52.0,13.0,1271.06
2022-04-22,AU,Brisbane,pm25,184,1.0,59.0,23.0,1142.91
2022-04-22,AU,Perth,pm25,87,3.0,62.0,7.0,1239.26
2022-04-22,AU,Wollongong,pm25,44,1.0,43.0,11.0,1009.4
2022-04-22,CI,Abidjan,pm25,23,17.0,91.0,42.0,4885.85
2022-04-22,GH,Accra,pm25,24,63.0,165.0,87.0,8553.46
2022-04-22,IQ,Baghdad,pm25,24,61.0,231.0,154.0,16083.2
2022-04-22,IS,Reykjavík,pm25,96,16.0,48.0,26.0,734.53
2022-04-22,KG,Bishkek,pm25,23,9.0,82.0,53.0,4256.13
2022-04-22,NL,Utrecht,pm25,48,26.0,59.0,45.0,773.72
2022-04-22,NL,Nijmegen,pm25,48,32.0,62.0,50.0,494.89
2022-04-22,NL,Haarlem,pm25,144,11.0,104.0,40.0,2305.73
2022-04-22,NL,Eindhoven,pm25,24,31.0,73.0,54.0,1520.71
2022-04-22,NL,Rotterdam,pm25,192,19.0,64.0,48.0,653.28
2022-04-22,NL,Amsterdam,pm25,264,11.0,151.0,41.0,1657.72
2022-04-22,NL,Dordrecht,pm25,24,35.0,65.0,53.0,715.63
2022-04-22,NL,Breda,pm25,24,33.0,65.0,52.0,488.62
2022-04-22,NL,Groningen,pm25,48,19.0,48.0,30.0,814.03
2022-04-22,NL,Maastricht,pm25,96,5.0,68.0,50.0,1574.25
2022-04-22,NL,The Hague,pm25,72,12.0,60.0,42.0,1600.84
2022-04-22,PT,Lisbon,pm25,5,12.0,15.0,13.0,18.0
2022-04-22,PT,Funchal,pm25,51,1.0,37.0,13.0,748.92
2022-04-22,CA,Hamilton,pm25,91,9.0,78.0,25.0,3361.96
2022-04-22,CA,Calgary,pm25,69,5.0,90.0,24.0,2200.2
2022-04-22,CA,Winnipeg,pm25,24,9.0,22.0,15.0,118.26
2022-04-22,CA,Halifax,pm25,46,13.0,33.0,24.0,405.99
2022-04-22,CA,Kitchener,pm25,39,9.0,57.0,30.0,3046.84
2022-04-22,CA,Edmonton,pm25,138,6.0,63.0,20.0,1664.85
2022-04-22,CA,Mississauga,pm25,61,5.0,80.0,17.0,3210.78
2022-04-22,CA,Québec,pm25,181,5.0,29.0,14.0,298.1
2022-04-22,CA,Vancouver,pm25,21,10.0,33.0,17.0,471.29
2022-04-22,CA,Victoria,pm25,42,5.0,55.0,17.0,937.68
2022-04-22,CA,Montréal,pm25,344,3.0,50.0,15.0,509.2
2022-04-22,CA,Toronto,pm25,123,5.0,76.0,25.0,2671.02
2022-04-22,CA,Ottawa,pm25,67,5.0,27.0,14.0,232.44
2022-04-22,CA,London,pm25,46,9.0,42.0,21.0,723.21
2022-04-22,US,Oklahoma City,pm25,92,40.0,67.0,53.0,399.39
2022-04-22,US,Raleigh,pm25,59,13.0,74.0,42.0,1239.23
2022-04-22,US,Memphis,pm25,71,14.0,60.0,50.0,543.14
2022-04-22,US,Jackson,pm25,49,30.0,67.0,45.0,550.88
2022-04-22,US,Boston,pm25,131,5.0,38.0,17.0,580.66
2022-04-22,US,Richmond,pm25,96,19.0,55.0,38.0,1413.34
2022-04-22,US,Portland,pm25,164,5.0,65.0,18.0,1258.79
2022-04-22,US,Boise,pm25,67,5.0,21.0,13.0,176.28
2022-04-22,US,Austin,pm25,47,13.0,65.0,46.0,2175.13
2022-04-22,US,Honolulu,pm25,48,13.0,55.0,34.0,973.08
2022-04-22,US,Fresno,pm25,44,2.0,34.0,13.0,616.8
2022-04-22,US,Milwaukee,pm25,142,17.0,90.0,28.0,1899.02
2022-04-22,US,Hartford,pm25,48,11.0,42.0,18.0,651.48
2022-04-22,US,Washington D.C.,pm25,118,5.0,57.0,30.0,1716.59
2022-04-22,US,Chicago,pm25,238,10.0,75.0,38.0,1477.36
2022-04-22,US,Houston,pm25,48,28.0,59.0,45.0,793.03
2022-04-22,US,Indianapolis,pm25,97,22.0,121.0,53.0,3004.38
2022-04-22,US,Atlanta,pm25,24,38.0,57.0,50.0,501.09
2022-04-22,US,Charlotte,pm25,72,25.0,85.0,47.0,1248.72
2022-04-22,US,Sacramento,pm25,66,3.0,45.0,13.0,820.16
2022-04-22,US,Oakland,pm25,113,5.0,42.0,17.0,521.47
2022-04-22,US,Providence,pm25,58,5.0,53.0,13.0,925.18
2022-04-22,US,Staten Island,pm25,114,2.0,58.0,22.0,2043.23
2022-04-22,US,Brooklyn,pm25,101,1.0,57.0,21.0,1581.6
2022-04-22,US,Springfield,pm25,72,24.0,70.0,43.0,919.62
2022-04-22,US,San Jose,pm25,60,5.0,42.0,17.0,713.59
2022-04-22,US,Los Angeles,pm25,72,10.0,62.0,33.0,1460.18
2022-04-22,US,Detroit,pm25,131,17.0,74.0,29.0,1298.23
2022-04-22,US,Little Rock,pm25,24,37.0,53.0,45.0,325.2
2022-04-22,US,Baltimore,pm25,45,5.0,69.0,30.0,2877.8
2022-04-22,US,Phoenix,pm25,189,1.0,90.0,34.0,1828.71
2022-04-22,US,Omaha,pm25,24,9.0,61.0,46.0,2949.55
2022-04-22,US,El Paso,pm25,165,5.0,163.0,44.0,10709.0
2022-04-22,US,Dallas,pm25,15,34.0,51.0,44.0,347.43
2022-04-22,US,Seattle,pm25,255,5.0,76.0,25.0,2068.86
2022-04-22,US,Manhattan,pm25,70,2.0,52.0,20.0,1467.05
2022-04-22,US,Miami,pm25,94,30.0,51.0,39.0,318.76
2022-04-22,US,Jacksonville,pm25,144,23.0,43.0,29.0,182.73
2022-04-22,US,San Antonio,pm25,93,28.0,67.0,52.0,859.71
2022-04-22,US,Philadelphia,pm25,89,4.0,109.0,32.0,2819.27
2022-04-22,US,San Diego,pm25,24,8.0,28.0,17.0,325.14
2022-04-22,US,Columbus,pm25,47,4.0,58.0,30.0,2685.14
2022-04-22,US,Saint Paul,pm25,139,5.0,50.0,21.0,965.36
2022-04-22,US,Denver,pm25,152,13.0,112.0,34.0,3653.51
2022-04-22,US,Salt Lake City,pm25,216,3.0,90.0,21.0,2110.22
2022-04-22,US,Albuquerque,pm25,72,18.0,348.0,45.0,43604.4
2022-04-22,US,San Francisco,pm25,69,5.0,82.0,21.0,1950.76
2022-04-22,US,Salem,pm25,72,9.0,53.0,20.0,1186.1
2022-04-22,US,Madison,pm25,48,20.0,59.0,28.0,1210.95
2022-04-22,US,Nashville,pm25,72,17.0,69.0,50.0,675.47
2022-04-22,US,Tucson,pm25,168,5.0,68.0,34.0,1863.76
2022-04-22,US,Queens,pm25,68,4.0,57.0,25.0,1820.78
2022-04-22,US,Tallahassee,pm25,72,23.0,58.0,35.0,646.99
2022-04-22,US,Fort Worth,pm25,24,25.0,57.0,46.0,761.67
2022-04-22,RS,Novi Sad,pm25,48,21.0,68.0,45.0,1316.66
2022-04-22,RS,Niš,pm25,48,27.0,112.0,54.0,4769.29
2022-04-22,RS,Belgrade,pm25,120,29.0,94.0,51.0,924.97
2022-04-22,CY,Nicosia,pm25,24,28.0,88.0,59.0,1186.5
2022-04-22,CY,Limassol,pm25,15,35.0,53.0,39.0,280.29
2022-04-22,HR,Zagreb,pm25,24,52.0,111.0,76.0,1890.14
2022-04-22,HR,Rijeka,pm25,73,6.0,54.0,22.0,1380.14
2022-04-22,MK,Skopje,pm25,168,7.0,155.0,55.0,16931.0
2022-04-23,GE,Tbilisi,pm25,92,28.0,70.0,50.0,838.56
2022-04-23,HU,Győr,pm25,48,42.0,80.0,53.0,1243.33
2022-04-23,HU,Szeged,pm25,24,25.0,61.0,50.0,1041.14
2022-04-23,HU,Pécs,pm25,72,25.0,78.0,65.0,2421.53
2022-04-23,HU,Kecskemét,pm25,46,70.0,93.0,80.0,638.88
2022-04-23,HU,Miskolc,pm25,117,21.0,134.0,55.0,4047.37
2022-04-23,HU,Budapest,pm25,347,17.0,102.0,61.0,833.63
2022-04-23,JP,Fukuoka,pm25,401,9.0,91.0,55.0,1033.97
2022-04-23,JP,Kanazawa,pm25,237,9.0,89.0,53.0,1762.62
2022-04-23,JP,Kumamoto,pm25,374,5.0,109.0,53.0,2591.08
2022-04-23,JP,Akita,pm25,47,5.0,95.0,50.0,5274.76
2022-04-23,JP,Kochi,pm25,47,17.0,76.0,50.0,1878.69
2022-04-23,JP,Gifu-shi,pm25,185,5.0,102.0,57.0,3562.08
2022-04-23,JP,Kyoto,pm25,538,5.0,95.0,61.0,1384.54
2022-04-23,JP,Hiroshima,pm25,334,5.0,93.0,57.0,1778.42
2022-04-23,JP,Shizuoka,pm25,259,5.0,127.0,59.0,6442.64
2022-04-23,JP,Chiba,pm25,805,5.0,137.0,63.0,4639.19
2022-04-23,JP,Sapporo,pm25,184,5.0,65.0,21.0,1898.84
2022-04-23,JP,Yokohama,pm25,548,1.0,129.0,57.0,4332.77
2022-04-23,JP,Tokyo,pm25,2581,1.0,165.0,63.0,2803.69
2022-04-23,JP,Saitama,pm25,500,17.0,97.0,55.0,1167.37
2022-04-23,JP,Naha,pm25,138,5.0,30.0,17.0,315.01
2022-04-23,JP,Nagasaki,pm25,185,5.0,63.0,38.0,1447.25
2022-04-23,JP,Toyama,pm25,191,9.0,104.0,50.0,2630.54
2022-04-23,JP,Niigata,pm25,209,5.0,82.0,38.0,2993.98
2022-04-23,JP,Nara-shi,pm25,188,21.0,80.0,59.0,1323.34
2022-04-23,JP,Okayama,pm25,285,34.0,95.0,65.0,1218.56
2022-04-23,JP,Sendai,pm25,476,5.0,87.0,38.0,3241.81
2022-04-23,JP,Osaka,pm25,1381,5.0,99.0,59.0,1910.17
2022-04-23,JP,Miyazaki,pm25,143,5.0,172.0,55.0,3411.63
2022-04-23,JP,Matsuyama,pm25,167,5.0,149.0,59.0,3285.9
2022-04-23,JP,Wakayama,pm25,285,13.0,157.0,55.0,2668.33
2022-04-23,JP,Takamatsu,pm25,216,21.0,82.0,55.0,1036.65
2022-04-23,JP,Nagoya,pm25,787,13.0,114.0,59.0,2331.58
2022-04-23,JP,Ōita,pm25,263,5.0,87.0,59.0,2190.43
2022-04-23,JP,Kobe,pm25,423,9.0,97.0,57.0,2281.87
2022-04-23,JP,Nagano,pm25,70,9.0,95.0,38.0,3317.68
2022-04-23,JP,Utsunomiya,pm25,431,5.0,87.0,38.0,1800.14
2022-04-23,JP,Kagoshima,pm25,95,21.0,63.0,42.0,1120.23
2022-04-23,SK,Košice,pm25,96,9.0,85.0,42.0,2273.15
2022-04-23,SK,Bratislava,pm25,96,30.0,85.0,61.0,1302.63
2022-04-23,FI,Vantaa,pm25,23,8.0,61.0,29.0,2698.06
2022-04-23,FI,Turku,pm25,24,12.0,56.0,16.0,1029.11
2022-04-23,FI,Helsinki,pm25,120,1.0,79.0,30.0,2572.94
2022-04-23,FI,Tampere,pm25,96,4.0,56.0,13.0,1823.93
2022-04-23,ET,Addis Ababa,pm25,24,68.0,189.0,104.0,15812.2
2022-04-23,CH,Zürich,pm25,17,2.0,4.0,3.0,2.79
2022-04-23,CO,Bogotá,pm25,308,17.0,134.0,57.0,3555.89
2022-04-23,CO,Medellín,pm25,210,30.0,70.0,46.0,1104.69
2022-04-23,DK,Copenhagen,pm25,24,24.0,45.0,35.0,313.89
2022-04-23,GB,Edinburgh,pm25,286,23.0,63.0,45.0,942.28
2022-04-23,GB,Norwich,pm25,24,51.0,70.0,65.0,368.1
2022-04-23,GB,Liverpool,pm25,42,30.0,65.0,48.0,750.76
2022-04-23,GB,Belfast,pm25,65,28.0,55.0,42.0,457.72
2022-04-23,GB,Coventry,pm25,71,39.0,70.0,56.0,417.52
2022-04-23,GB,Leeds,pm25,44,38.0,61.0,50.0,444.69
2022-04-23,GB,Cardiff,pm25,101,21.0,70.0,59.0,1401.86
2022-04-23,GB,Bristol,pm25,72,25.0,82.0,61.0,1108.72
2022-04-23,GB,London,pm25,565,30.0,107.0,63.0,1314.93
2022-04-23,GB,Birmingham,pm25,48,46.0,74.0,59.0,415.04
2022-04-23,GB,Sheffield,pm25,70,42.0,77.0,55.0,464.81
2022-04-23,GB,Newport,pm25,46,21.0,65.0,59.0,1741.42
2022-04-23,GB,Leicester,pm25,24,49.0,74.0,58.0,399.55
2022-04-23,GB,Manchester,pm25,79,46.0,69.0,55.0,357.04
2022-04-23,GB,Reading,pm25,48,30.0,72.0,53.0,1468.87
2022-04-23,GB,Plymouth,pm25,44,38.0,84.0,59.0,1504.16
2022-04-23,GB,Glasgow,pm25,571,14.0,135.0,26.0,1643.01
2022-04-23,GB,Preston,pm25,46,30.0,63.0,47.0,479.77
2022-04-23,GB,Swansea,pm25,94,13.0,68.0,55.0,2314.9
2022-04-23,GB,Southend-on-Sea,pm25,48,55.0,99.0,75.0,1017.62
2022-04-23,ID,Jakarta,pm25,71,38.0,171.0,93.0,13510.6
2022-04-23,NP,Kathmandu,pm25,72,63.0,173.0,117.0,8550.42
2022-04-23,NP,Pokhara,pm25,12,37.0,85.0,60.0,1962.42
2022-04-23,NP,Biratnagar,pm25,3,80.0,80.0,80.0,0.0
2022-04-23,AU,Sydney,pm25,140,1.0,47.0,11.0,698.59
2022-04-23,AU,Newcastle,pm25,121,1.0,41.0,10.0,520.02
2022-04-23,AU,Launceston,pm25,140,5.0,154.0,34.0,11522.9
2022-04-23,AU,Hobart,pm25,42,5.0,30.0,5.0,238.8
2022-04-23,AU,Darwin,pm25,51,18.0,109.0,54.0,3311.14
2022-04-23,AU,Melbourne,pm25,162,4.0,68.0,35.0,1725.25
2022-04-23,AU,Canberra,pm25,56,1.0,88.0,22.0,4058.81
2022-04-23,AU,Brisbane,pm25,168,1.0,44.0,18.0,708.84
2022-04-23,AU,Perth,pm25,88,2.0,33.0,9.0,378.49
2022-04-23,AU,Wollongong,pm25,35,1.0,58.0,10.0,1969.38
2022-04-23,CI,Abidjan,pm25,24,9.0,59.0,30.0,2151.58
2022-04-23,GH,Accra,pm25,24,42.0,147.0,63.0,10288.0
2022-04-23,IQ,Baghdad,pm25,24,93.0,182.0,153.0,4952.16
2022-04-23,IS,Reykjavík,pm25,96,17.0,56.0,30.0,996.98
2022-04-23,KG,Bishkek,pm25,18,5.0,61.0,25.0,2579.77
2022-04-23,NL,Utrecht,pm25,48,30.0,73.0,56.0,884.24
2022-04-23,NL,Nijmegen,pm25,48,29.0,85.0,59.0,1141.49
2022-04-23,NL,Haarlem,pm25,144,24.0,115.0,54.0,2233.88
2022-04-23,NL,Eindhoven,pm25,24,41.0,90.0,63.0,1570.85
2022-04-23,NL,Rotterdam,pm25,192,43.0,98.0,67.0,1247.28
2022-04-23,NL,Amsterdam,pm25,261,7.0,156.0,54.0,1902.75
2022-04-23,NL,Dordrecht,pm25,24,55.0,80.0,68.0,435.65
2022-04-23,NL,Breda,pm25,24,48.0,82.0,66.0,768.68
2022-04-23,NL,Groningen,pm25,48,13.0,66.0,40.0,1711.59
2022-04-23,NL,Maastricht,pm25,94,25.0,76.0,57.0,1250.2
2022-04-23,NL,The Hague,pm25,72,22.0,90.0,62.0,2169.92
2022-04-23,PT,Lisbon,pm25,16,13.0,16.0,15.0,7.62
2022-04-23,PT,Funchal,pm25,57,2.0,25.0,13.0,424.24
2022-04-23,CA,Hamilton,pm25,95,9.0,70.0,30.0,2660.97
2022-04-23,CA,Calgary,pm25,92,4.0,52.0,18.0,1603.13
2022-04-23,CA,Winnipeg,pm25,14,8.0,10.0,9.0,6.43
2022-04-23,CA,Halifax,pm25,46,6.0,22.0,13.0,161.05
2022-04-23,CA,Kitchener,pm25,47,13.0,46.0,25.0,702.5
2022-04-23,CA,Edmonton,pm25,138,7.0,84.0,34.0,3635.65
2022-04-23,CA,Mississauga,pm25,67,9.0,65.0,21.0,1753.71
2022-04-23,CA,Québec,pm25,110,9.0,29.0,14.0,140.18
2022-04-23,CA,Vancouver,pm25,23,8.0,28.0,17.0,369.05
2022-04-23,CA,Victoria,pm25,37,5.0,46.0,17.0,1006.55
2022-04-23,CA,Montréal,pm25,411,6.0,56.0,21.0,1085.19
2022-04-23,CA,Toronto,pm25,126,5.0,80.0,21.0,3351.48
2022-04-23,CA,Ottawa,pm25,50,9.0,31.0,20.0,283.26
2022-04-23,CA,London,pm25,45,9.0,50.0,30.0,1226.16
2022-04-23,US,Oklahoma City,pm25,72,21.0,53.0,40.0,562.52
2022-04-23,US,Raleigh,pm25,47,25.0,63.0,49.0,651.66
2022-04-23,US,Memphis,pm25,68,18.0,65.0,42.0,1285.75
2022-04-23,US,Jackson,pm25,48,31.0,61.0,39.0,437.0
2022-04-23,US,Boston,pm25,115,5.0,53.0,21.0,1044.83
2022-04-23,US,Richmond,pm25,96,29.0,81.0,51.0,1266.95
2022-04-23,US,Portland,pm25,165,9.0,76.0,21.0,1559.27
2022-04-23,US,Boise,pm25,54,5.0,25.0,9.0,420.63
2022-04-23,US,Austin,pm25,47,5.0,61.0,34.0,1839.51
2022-04-23,US,Honolulu,pm25,44,5.0,59.0,21.0,1898.11
2022-04-23,US,Fresno,pm25,47,3.0,31.0,16.0,386.92
2022-04-23,US,Milwaukee,pm25,144,33.0,63.0,51.0,426.46
2022-04-23,US,Hartford,pm25,48,15.0,60.0,21.0,570.99
2022-04-23,US,Washington D.C.,pm25,120,9.0,55.0,34.0,927.45
2022-04-23,US,Chicago,pm25,240,28.0,86.0,50.0,614.62
2022-04-23,US,Houston,pm25,48,15.0,56.0,39.0,849.34
2022-04-23,US,Indianapolis,pm25,102,26.0,74.0,55.0,959.04
2022-04-23,US,Atlanta,pm25,24,35.0,70.0,52.0,1225.8
2022-04-23,US,Charlotte,pm25,72,21.0,76.0,47.0,1028.94
2022-04-23,US,Sacramento,pm25,46,5.0,55.0,15.0,1527.09
2022-04-23,US,Oakland,pm25,117,5.0,57.0,25.0,1004.53
2022-04-23,US,Providence,pm25,50,5.0,46.0,13.0,1154.29
2022-04-23,US,Staten Island,pm25,112,1.0,52.0,17.0,1185.77
2022-04-23,US,Brooklyn,pm25,137,1.0,43.0,18.0,646.07
2022-04-23,US,Springfield,pm25,72,32.0,65.0,50.0,428.94
2022-04-23,US,The Bronx,pm25,36,11.0,43.0,28.0,730.57
2022-04-23,US,San Jose,pm25,68,5.0,50.0,21.0,1142.78
2022-04-23,US,Los Angeles,pm25,72,15.0,82.0,48.0,1901.22
2022-04-23,US,Detroit,pm25,120,15.0,72.0,39.0,1986.47
2022-04-23,US,Little Rock,pm25,24,32.0,52.0,41.0,393.46
2022-04-23,US,Baltimore,pm25,45,9.0,64.0,30.0,2265.37
2022-04-23,US,Phoenix,pm25,170,1.0,109.0,35.0,3405.76
2022-04-23,US,Omaha,pm25,23,13.0,87.0,42.0,3242.92
2022-04-23,US,El Paso,pm25,168,9.0,179.0,37.0,6837.55
2022-04-23,US,Seattle,pm25,254,5.0,65.0,25.0,1770.1
2022-04-23,US,Manhattan,pm25,66,5.0,43.0,15.0,752.81
2022-04-23,US,Miami,pm25,91,26.0,43.0,33.0,153.83
2022-04-23,US,Jacksonville,pm25,144,13.0,62.0,31.0,553.8
2022-04-23,US,San Antonio,pm25,94,13.0,59.0,43.0,1082.72
2022-04-23,US,Philadelphia,pm25,89,2.0,92.0,25.0,1467.13
2022-04-23,US,San Diego,pm25,24,2.0,43.0,21.0,1192.16
2022-04-23,US,Columbus,pm25,48,17.0,59.0,38.0,1430.63
2022-04-23,US,Saint Paul,pm25,141,21.0,59.0,42.0,860.52
2022-04-23,US,Denver,pm25,115,5.0,34.0,9.0,234.25
2022-04-23,US,Salt Lake City,pm25,216,5.0,55.0,10.0,754.51
2022-04-23,US,Albuquerque,pm25,72,8.0,27.0,15.0,228.73
2022-04-23,US,San Francisco,pm25,72,5.0,95.0,25.0,1811.55
2022-04-23,US,Salem,pm25,72,9.0,61.0,20.0,1441.96
2022-04-23,US,Madison,pm25,48,39.0,68.0,49.0,605.46
2022-04-23,US,Nashville,pm25,72,21.0,63.0,46.0,610.11
2022-04-23,US,Tucson,pm25,168,5.0,76.0,38.0,2139.75
2022-04-23,US,Queens,pm25,72,1.0,33.0,20.0,762.24
2022-04-23,US,Tallahassee,pm25,72,18.0,148.0,36.0,3089.84
2022-04-23,US,Fort Worth,pm25,24,17.0,53.0,34.0,832.16
2022-04-23,RS,Novi Sad,pm25,48,9.0,78.0,39.0,4061.48
2022-04-23,RS,Niš,pm25,48,10.0,115.0,38.0,6275.3
2022-04-23,RS,Belgrade,pm25,120,22.0,85.0,44.0,2670.07
2022-04-23,CY,Nicosia,pm25,24,3.0,79.0,63.0,2995.58
2022-04-23,CY,Limassol,pm25,10,12.0,64.0,57.0,2497.89
2022-04-23,HR,Zagreb,pm25,24,17.0,89.0,63.0,6854.49
2022-04-23,HR,Rijeka,pm25,76,7.0,74.0,27.0,2917.89
2022-04-23,MK,Skopje,pm25,168,7.0,144.0,55.0,8468.39
2022-04-24,GE,Tbilisi,pm25,72,52.0,111.0,60.0,4388.78
2022-04-24,HU,Győr,pm25,42,9.0,59.0,21.0,1714.75
2022-04-24,HU,Szeged,pm25,24,25.0,63.0,46.0,1017.37
2022-04-24,HU,Pécs,pm25,72,13.0,85.0,50.0,6683.59
2022-04-24,HU,Kecskemét,pm25,48,9.0,89.0,38.0,7430.2
2022-04-24,HU,Miskolc,pm25,120,17.0,156.0,68.0,3167.25
2022-04-24,HU,Budapest,pm25,354,9.0,82.0,53.0,4299.37
2022-04-24,JP,Fukuoka,pm25,394,5.0,99.0,38.0,3031.96
2022-04-24,JP,Kanazawa,pm25,238,9.0,82.0,57.0,1932.35
2022-04-24,JP,Kumamoto,pm25,350,5.0,99.0,25.0,2330.43
2022-04-24,JP,Akita,pm25,44,9.0,65.0,34.0,2432.53
2022-04-24,JP,Kochi,pm25,45,5.0,74.0,30.0,3934.73
2022-04-24,JP,Gifu-shi,pm25,187,5.0,87.0,59.0,2298.24
2022-04-24,JP,Kyoto,pm25,552,21.0,91.0,63.0,2107.51
2022-04-24,JP,Hiroshima,pm25,336,9.0,91.0,57.0,2078.17
2022-04-24,JP,Shizuoka,pm25,257,5.0,102.0,63.0,3367.58
2022-04-24,JP,Chiba,pm25,791,5.0,87.0,38.0,1781.18
2022-04-24,JP,Sapporo,pm25,198,5.0,61.0,25.0,1858.65
2022-04-24,JP,Yokohama,pm25,537,1.0,159.0,50.0,2484.68
2022-04-24,JP,Tokyo,pm25,2449,1.0,142.0,46.0,1095.74
2022-04-24,JP,Saitama,pm25,491,1.0,82.0,46.0,1007.36
2022-04-24,JP,Naha,pm25,128,5.0,53.0,13.0,1027.11
2022-04-24,JP,Nagasaki,pm25,179,5.0,55.0,30.0,1450.93
2022-04-24,JP,Toyama,pm25,192,9.0,99.0,53.0,2204.34
2022-04-24,JP,Niigata,pm25,215,13.0,65.0,50.0,1313.29
2022-04-24,JP,Nara-shi,pm25,187,9.0,82.0,61.0,4981.98
2022-04-24,JP,Okayama,pm25,288,13.0,95.0,63.0,1943.74
2022-04-24,JP,Sendai,pm25,461,5.0,55.0,25.0,978.68
2022-04-24,JP,Osaka,pm25,1337,5.0,99.0,57.0,3959.52
2022-04-24,JP,Miyazaki,pm25,125,5.0,61.0,25.0,1843.58
2022-04-24,JP,Matsuyama,pm25,157,5.0,104.0,50.0,3609.19
2022-04-24,JP,Wakayama,pm25,285,17.0,76.0,53.0,1233.12
2022-04-24,JP,Takamatsu,pm25,240,21.0,85.0,55.0,1538.51
2022-04-24,JP,Nagoya,pm25,785,25.0,107.0,70.0,1400.2
2022-04-24,JP,Ōita,pm25,235,5.0,70.0,34.0,2731.39
2022-04-24,JP,Kobe,pm25,426,5.0,74.0,46.0,2139.48
2022-04-24,JP,Nagano,pm25,70,30.0,63.0,53.0,743.45
2022-04-24,JP,Utsunomiya,pm25,447,5.0,68.0,42.0,1046.91
2022-04-24,JP,Kagoshima,pm25,95,5.0,89.0,25.0,1102.51
2022-04-24,SK,Košice,pm25,96,34.0,85.0,59.0,1179.65
2022-04-24,SK,Bratislava,pm25,92,5.0,70.0,30.0,4136.32
2022-04-24,FI,Vantaa,pm25,24,6.0,21.0,14.0,197.97
2022-04-24,FI,Turku,pm25,24,4.0,20.0,9.0,142.54
2022-04-24,FI,Helsinki,pm25,120,5.0,42.0,15.0,511.55
2022-04-24,FI,Tampere,pm25,95,5.0,51.0,11.0,1045.7
2022-04-24,ET,Addis Ababa,pm25,24,63.0,168.0,82.0,7079.55
2022-04-24,CH,Zürich,pm25,9,1.0,3.0,1.0,7.78
2022-04-24,CO,Bogotá,pm25,330,9.0,119.0,72.0,4240.38
2022-04-24,CO,Medellín,pm25,236,13.0,68.0,42.0,1261.1
2022-04-24,DK,Copenhagen,pm25,24,19.0,47.0,30.0,643.46
2022-04-24,GB,Edinburgh,pm25,287,21.0,54.0,39.0,513.86
2022-04-24,GB,Norwich,pm25,22,37.0,68.0,59.0,538.03
2022-04-24,GB,Liverpool,pm25,34,30.0,57.0,39.0,574.23
2022-04-24,GB,Belfast,pm25,63,21.0,53.0,38.0,513.18
2022-04-24,GB,Coventry,pm25,58,38.0,61.0,53.0,404.97
2022-04-24,GB,Leeds,pm25,34,30.0,57.0,42.0,307.91
2022-04-24,GB,Cardiff,pm25,118,34.0,70.0,57.0,912.0
2022-04-24,GB,Bristol,pm25,68,25.0,72.0,57.0,762.82
2022-04-24,GB,London,pm25,561,13.0,127.0,54.0,1998.62
2022-04-24,GB,Birmingham,pm25,39,46.0,61.0,55.0,212.43
2022-04-24,GB,Sheffield,pm25,59,28.0,58.0,50.0,492.18
2022-04-24,GB,Newport,pm25,48,20.0,63.0,55.0,2151.8
2022-04-24,GB,Leicester,pm25,20,42.0,59.0,53.0,295.26
2022-04-24,GB,Manchester,pm25,83,20.0,59.0,41.0,829.56
2022-04-24,GB,Reading,pm25,48,21.0,63.0,42.0,1754.26
2022-04-24,GB,Plymouth,pm25,40,42.0,72.0,63.0,340.61
2022-04-24,GB,Glasgow,pm25,552,3.0,60.0,30.0,825.14
2022-04-24,GB,Preston,pm25,38,17.0,54.0,36.0,885.13
2022-04-24,GB,Swansea,pm25,96,25.0,70.0,53.0,1318.68
2022-04-24,GB,Southend-on-Sea,pm25,43,32.0,80.0,65.0,1766.92
2022-04-24,ID,Jakarta,pm25,71,21.0,175.0,93.0,19053.1
2022-04-24,NP,Kathmandu,pm25,72,112.0,193.0,160.0,4370.95
2022-04-24,NP,Pokhara,pm25,12,64.0,121.0,79.0,2018.79
2022-04-24,NP,Biratnagar,pm25,3,80.0,80.0,80.0,0.0
2022-04-24,AU,Sydney,pm25,143,1.0,57.0,13.0,1193.48
2022-04-24,AU,Newcastle,pm25,119,1.0,52.0,11.0,1436.43
2022-04-24,AU,Launceston,pm25,124,5.0,144.0,42.0,6630.58
2022-04-24,AU,Hobart,pm25,64,5.0,25.0,9.0,200.28
2022-04-24,AU,Darwin,pm25,48,20.0,68.0,51.0,1089.43
2022-04-24,AU,Melbourne,pm25,166,8.0,86.0,51.0,1437.2
2022-04-24,AU,Canberra,pm25,49,1.0,77.0,20.0,3213.06
2022-04-24,AU,Brisbane,pm25,164,1.0,34.0,18.0,562.45
2022-04-24,AU,Perth,pm25,89,2.0,42.0,8.0,563.28
2022-04-24,AU,Wollongong,pm25,31,1.0,54.0,17.0,1569.91
2022-04-24,CI,Abidjan,pm25,23,9.0,50.0,21.0,1385.3
2022-04-24,GH,Accra,pm25,24,53.0,152.0,109.0,12365.1
2022-04-24,IQ,Baghdad,pm25,21,151.0,287.0,168.0,9392.48
2022-04-24,IS,Reykjavík,pm25,76,13.0,29.0,16.0,106.47
2022-04-24,KG,Bishkek,pm25,24,17.0,61.0,34.0,1298.26
2022-04-24,NL,Utrecht,pm25,48,10.0,60.0,42.0,1241.98
2022-04-24,NL,Nijmegen,pm25,48,17.0,56.0,37.0,847.87
2022-04-24,NL,Haarlem,pm25,139,6.0,75.0,40.0,2226.52
2022-04-24,NL,Eindhoven,pm25,24,22.0,59.0,39.0,1223.03
2022-04-24,NL,Rotterdam,pm25,192,13.0,60.0,42.0,1121.99
2022-04-24,NL,Amsterdam,pm25,262,3.0,63.0,36.0,1385.34
2022-04-24,NL,Dordrecht,pm25,24,27.0,63.0,46.0,1120.27
2022-04-24,NL,Breda,pm25,24,20.0,58.0,38.0,1349.11
2022-04-24,NL,Groningen,pm25,48,16.0,61.0,38.0,1238.99
2022-04-24,NL,Maastricht,pm25,96,21.0,68.0,46.0,1072.0
2022-04-24,NL,The Hague,pm25,72,12.0,62.0,42.0,1849.23
2022-04-24,PT,Lisbon,pm25,5,18.0,26.0,20.0,92.0
2022-04-24,PT,Funchal,pm25,59,1.0,27.0,15.0,444.13
2022-04-24,CA,Hamilton,pm25,93,9.0,112.0,30.0,6889.55
2022-04-24,CA,Calgary,pm25,92,4.0,61.0,18.0,1335.0
2022-04-24,CA,Winnipeg,pm25,7,8.0,8.0,8.0,0.0
2022-04-24,CA,Halifax,pm25,46,8.0,23.0,14.0,111.39
2022-04-24,CA,Kitchener,pm25,45,5.0,95.0,30.0,6609.36
2022-04-24,CA,Edmonton,pm25,138,8.0,97.0,30.0,5145.8
2022-04-24,CA,Mississauga,pm25,63,9.0,76.0,30.0,2983.11
2022-04-24,CA,Québec,pm25,150,7.0,29.0,16.0,263.02
2022-04-24,CA,Vancouver,pm25,22,11.0,52.0,17.0,1952.84
2022-04-24,CA,Victoria,pm25,46,5.0,50.0,25.0,982.75
2022-04-24,CA,Montréal,pm25,356,9.0,56.0,21.0,730.47
2022-04-24,CA,Toronto,pm25,123,5.0,72.0,30.0,2113.25
2022-04-24,CA,Ottawa,pm25,57,13.0,31.0,22.0,246.38
2022-04-24,CA,London,pm25,47,13.0,61.0,38.0,2072.41
2022-04-24,US,Oklahoma City,pm25,72,7.0,58.0,18.0,1549.42
2022-04-24,US,Raleigh,pm25,47,5.0,63.0,46.0,1087.08
2022-04-24,US,Memphis,pm25,48,2.0,63.0,38.0,1482.82
2022-04-24,US,Jackson,pm25,48,23.0,43.0,39.0,195.63
2022-04-24,US,Boston,pm25,134,5.0,46.0,21.0,573.87
2022-04-24,US,Richmond,pm25,96,29.0,64.0,55.0,647.58
2022-04-24,US,Portland,pm25,168,5.0,92.0,22.0,2786.94
2022-04-24,US,Boise,pm25,80,5.0,30.0,13.0,430.34
2022-04-24,US,Austin,pm25,45,13.0,68.0,38.0,1921.46
2022-04-24,US,Honolulu,pm25,48,21.0,65.0,42.0,1133.6
2022-04-24,US,Fresno,pm25,46,8.0,61.0,24.0,2191.4
2022-04-24,US,Milwaukee,pm25,144,4.0,57.0,34.0,2211.04
2022-04-24,US,Hartford,pm25,48,18.0,28.0,20.0,127.44
2022-04-24,US,Washington D.C.,pm25,120,5.0,57.0,38.0,959.62
2022-04-24,US,Chicago,pm25,239,4.0,66.0,40.0,2185.32
2022-04-24,US,Houston,pm25,48,17.0,55.0,42.0,1067.66
2022-04-24,US,Indianapolis,pm25,128,12.0,57.0,48.0,947.47
2022-04-24,US,Atlanta,pm25,24,32.0,61.0,41.0,1072.88
2022-04-24,US,Charlotte,pm25,72,17.0,57.0,34.0,892.1
2022-04-24,US,Sacramento,pm25,41,5.0,50.0,17.0,1364.88
2022-04-24,US,Oakland,pm25,98,5.0,63.0,30.0,1420.9
2022-04-24,US,Providence,pm25,62,5.0,53.0,13.0,1039.81
2022-04-24,US,Staten Island,pm25,120,4.0,55.0,25.0,916.47
2022-04-24,US,Brooklyn,pm25,144,2.0,37.0,26.0,527.7
2022-04-24,US,Springfield,pm25,71,5.0,65.0,37.0,1322.31
2022-04-24,US,The Bronx,pm25,48,12.0,33.0,27.0,316.6
2022-04-24,US,San Jose,pm25,68,5.0,53.0,30.0,1379.97
2022-04-24,US,Los Angeles,pm25,72,8.0,87.0,40.0,4281.45
2022-04-24,US,Detroit,pm25,120,39.0,109.0,54.0,981.54
2022-04-24,US,Little Rock,pm25,24,30.0,80.0,40.0,1409.49
2022-04-24,US,Baltimore,pm25,48,5.0,63.0,30.0,2784.46
2022-04-24,US,Phoenix,pm25,171,1.0,71.0,22.0,2655.37
2022-04-24,US,Omaha,pm25,5,5.0,9.0,5.0,32.0
2022-04-24,US,El Paso,pm25,158,5.0,166.0,25.0,5941.52
2022-04-24,US,Seattle,pm25,258,5.0,70.0,25.0,3057.81
2022-04-24,US,Manhattan,pm25,70,1.0,48.0,19.0,835.26
2022-04-24,US,Miami,pm25,92,20.0,32.0,27.0,90.34
2022-04-24,US,Jacksonville,pm25,143,19.0,78.0,32.0,525.97
2022-04-24,US,San Antonio,pm25,93,24.0,61.0,47.0,1014.23
2022-04-24,US,Philadelphia,pm25,94,5.0,139.0,29.0,2762.66
2022-04-24,US,San Diego,pm25,23,2.0,52.0,15.0,2437.67
2022-04-24,US,Columbus,pm25,48,27.0,63.0,50.0,559.08
2022-04-24,US,Saint Paul,pm25,71,5.0,34.0,13.0,514.35
2022-04-24,US,Denver,pm25,127,5.0,30.0,9.0,203.61
2022-04-24,US,Salt Lake City,pm25,216,5.0,45.0,13.0,601.9
2022-04-24,US,Albuquerque,pm25,72,9.0,74.0,20.0,1979.56
2022-04-24,US,San Francisco,pm25,72,5.0,57.0,30.0,1391.26
2022-04-24,US,Salem,pm25,72,10.0,82.0,19.0,3404.35
2022-04-24,US,Madison,pm25,48,3.0,45.0,21.0,2246.65
2022-04-24,US,Nashville,pm25,72,21.0,58.0,46.0,628.82
2022-04-24,US,Tucson,pm25,167,5.0,65.0,25.0,1605.06
2022-04-24,US,Queens,pm25,72,4.0,40.0,23.0,646.43
2022-04-24,US,Tallahassee,pm25,72,8.0,72.0,38.0,1179.15
2022-04-24,US,Fort Worth,pm25,18,21.0,42.0,30.0,450.46
2022-04-24,RS,Novi Sad,pm25,48,14.0,78.0,32.0,3136.44
2022-04-24,RS,Niš,pm25,48,15.0,94.0,45.0,4492.62
2022-04-24,RS,Belgrade,pm25,120,22.0,81.0,52.0,2051.98
2022-04-24,CY,Nicosia,pm25,24,24.0,100.0,64.0,3225.2
2022-04-24,CY,Limassol,pm25,24,52.0,99.0,66.0,1055.65
2022-04-24,HR,Zagreb,pm25,24,13.0,61.0,23.0,2337.32
2022-04-24,HR,Rijeka,pm25,76,7.0,52.0,21.0,957.4
2022-04-24,MK,Skopje,pm25,167,5.0,148.0,42.0,10854.1
2022-04-25,GE,Tbilisi,pm25,80,52.0,112.0,60.0,4889.24
2022-04-25,HU,Győr,pm25,46,5.0,59.0,21.0,2057.16
2022-04-25,HU,Szeged,pm25,24,13.0,55.0,34.0,1288.91
2022-04-25,HU,Pécs,pm25,57,9.0,38.0,21.0,505.04
2022-04-25,HU,Kecskemét,pm25,46,5.0,50.0,17.0,1922.16
2022-04-25,HU,Miskolc,pm25,119,9.0,76.0,53.0,4684.38
2022-04-25,HU,Budapest,pm25,339,5.0,76.0,21.0,2372.18
2022-04-25,JP,Fukuoka,pm25,387,5.0,153.0,38.0,3823.98
2022-04-25,JP,Kanazawa,pm25,229,5.0,82.0,42.0,2254.48
2022-04-25,JP,Kumamoto,pm25,369,5.0,99.0,38.0,3209.41
2022-04-25,JP,Akita,pm25,46,5.0,89.0,59.0,2398.65
2022-04-25,JP,Kochi,pm25,30,5.0,50.0,21.0,1405.06
2022-04-25,JP,Gifu-shi,pm25,177,5.0,82.0,38.0,3094.71
2022-04-25,JP,Kyoto,pm25,568,5.0,80.0,42.0,2577.28
2022-04-25,JP,Hiroshima,pm25,319,5.0,89.0,46.0,2569.71
2022-04-25,JP,Shizuoka,pm25,249,5.0,93.0,38.0,3101.29
2022-04-25,JP,Chiba,pm25,792,5.0,157.0,55.0,4393.59
2022-04-25,JP,Sapporo,pm25,212,13.0,85.0,42.0,1389.11
2022-04-25,JP,Yokohama,pm25,538,1.0,137.0,46.0,3499.17
2022-04-25,JP,Tokyo,pm25,2431,5.0,157.0,53.0,1724.25
2022-04-25,JP,Saitama,pm25,492,9.0,87.0,50.0,1097.59
2022-04-25,JP,Naha,pm25,134,5.0,42.0,13.0,942.35
2022-04-25,JP,Nagasaki,pm25,188,5.0,63.0,34.0,1600.29
2022-04-25,JP,Toyama,pm25,188,13.0,93.0,55.0,1765.73
2022-04-25,JP,Niigata,pm25,210,25.0,80.0,57.0,700.55
2022-04-25,JP,Nara-shi,pm25,191,5.0,72.0,34.0,2166.55
2022-04-25,JP,Okayama,pm25,275,5.0,127.0,53.0,4050.19
2022-04-25,JP,Sendai,pm25,476,5.0,112.0,50.0,1820.31
2022-04-25,JP,Osaka,pm25,1251,5.0,99.0,34.0,3265.51
2022-04-25,JP,Miyazaki,pm25,129,5.0,154.0,53.0,5534.97
2022-04-25,JP,Matsuyama,pm25,155,5.0,119.0,70.0,5816.64
2022-04-25,JP,Wakayama,pm25,281,5.0,76.0,30.0,2437.14
2022-04-25,JP,Takamatsu,pm25,238,5.0,87.0,46.0,3099.72
2022-04-25,JP,Nagoya,pm25,784,5.0,107.0,53.0,2174.22
2022-04-25,JP,Ōita,pm25,243,5.0,104.0,38.0,4019.21
2022-04-25,JP,Kobe,pm25,419,5.0,107.0,46.0,4598.76
2022-04-25,JP,Nagano,pm25,70,21.0,85.0,50.0,1291.06
2022-04-25,JP,Utsunomiya,pm25,455,9.0,74.0,55.0,1476.71
2022-04-25,JP,Kagoshima,pm25,91,13.0,129.0,42.0,3448.31
2022-04-25,SK,Košice,pm25,95,9.0,80.0,46.0,2535.85
2022-04-25,SK,Bratislava,pm25,76,5.0,59.0,17.0,1085.03
2022-04-25,FI,Vantaa,pm25,24,7.0,50.0,18.0,1139.93
2022-04-25,FI,Turku,pm25,24,7.0,22.0,12.0,133.62
2022-04-25,FI,Helsinki,pm25,120,7.0,60.0,22.0,1843.44
2022-04-25,FI,Tampere,pm25,96,8.0,66.0,18.0,2473.25
2022-04-25,ET,Addis Ababa,pm25,24,46.0,97.0,59.0,2100.8
2022-04-25,CH,Zürich,pm25,17,1.0,2.0,1.0,1.1
2022-04-25,CO,Bogotá,pm25,287,5.0,183.0,59.0,5426.88
2022-04-25,CO,Medellín,pm25,257,17.0,72.0,46.0,1121.6
2022-04-25,DK,Copenhagen,pm25,8,15.0,35.0,20.0,531.43
2022-04-25,GB,Edinburgh,pm25,288,15.0,62.0,23.0,280.36
2022-04-25,GB,Norwich,pm25,23,24.0,46.0,34.0,234.23
2022-04-25,GB,Liverpool,pm25,35,21.0,51.0,34.0,743.75
2022-04-25,GB,Belfast,pm25,64,18.0,41.0,25.0,221.5
2022-04-25,GB,Coventry,pm25,60,25.0,54.0,34.0,415.87
2022-04-25,GB,Leeds,pm25,37,26.0,57.0,37.0,506.34
2022-04-25,GB,Cardiff,pm25,118,13.0,61.0,42.0,1060.52
2022-04-25,GB,Bristol,pm25,66,21.0,68.0,46.0,1158.22
2022-04-25,GB,London,pm25,553,9.0,87.0,42.0,1291.76
2022-04-25,GB,Birmingham,pm25,36,34.0,58.0,38.0,348.35
2022-04-25,GB,Sheffield,pm25,75,27.0,91.0,45.0,1483.61
2022-04-25,GB,Newport,pm25,48,17.0,55.0,30.0,1343.68
2022-04-25,GB,Leicester,pm25,23,30.0,44.0,34.0,92.92
2022-04-25,GB,Manchester,pm25,83,26.0,58.0,38.0,719.6
2022-04-25,GB,Reading,pm25,48,17.0,50.0,25.0,1038.87
2022-04-25,GB,Plymouth,pm25,44,30.0,61.0,46.0,805.1
2022-04-25,GB,Glasgow,pm25,544,14.0,49.0,22.0,311.74
2022-04-25,GB,Preston,pm25,38,22.0,53.0,34.0,581.17
2022-04-25,GB,Swansea,pm25,96,13.0,76.0,42.0,2334.96
2022-04-25,GB,Southend-on-Sea,pm25,40,34.0,53.0,42.0,319.94
2022-04-25,ID,Jakarta,pm25,71,57.0,168.0,94.0,7932.47
2022-04-25,NP,Kathmandu,pm25,63,151.0,224.0,171.0,1891.68
2022-04-25,NP,Pokhara,pm25,8,72.0,140.0,79.0,5066.96
2022-04-25,NP,Biratnagar,pm25,3,80.0,80.0,80.0,0.0
2022-04-25,AU,Sydney,pm25,137,1.0,66.0,10.0,1117.79
2022-04-25,AU,Newcastle,pm25,128,1.0,55.0,15.0,1193.93
2022-04-25,AU,Launceston,pm25,122,5.0,153.0,46.0,9575.87
2022-04-25,AU,Hobart,pm25,65,13.0,42.0,21.0,421.53
2022-04-25,AU,Darwin,pm25,48,21.0,91.0,46.0,1989.36
2022-04-25,AU,Melbourne,pm25,164,1.0,96.0,55.0,4436.87
2022-04-25,AU,Canberra,pm25,52,1.0,71.0,19.0,2729.28
2022-04-25,AU,Brisbane,pm25,158,1.0,34.0,15.0,444.86
2022-04-25,AU,Perth,pm25,88,2.0,22.0,6.0,155.12
2022-04-25,AU,Wollongong,pm25,33,1.0,37.0,12.0,670.7
2022-04-25,CI,Abidjan,pm25,24,30.0,152.0,74.0,13666.7
2022-04-25,GH,Accra,pm25,24,82.0,178.0,117.0,6903.41
2022-04-25,IQ,Baghdad,pm25,23,112.0,592.0,179.0,135610.0
2022-04-25,IS,Reykjavík,pm25,72,11.0,30.0,15.0,145.48
2022-04-25,KG,Bishkek,pm25,19,5.0,50.0,21.0,1806.67
2022-04-25,NL,Utrecht,pm25,48,27.0,70.0,54.0,829.32
2022-04-25,NL,Nijmegen,pm25,48,12.0,86.0,61.0,2126.22
2022-04-25,NL,Haarlem,pm25,140,4.0,110.0,43.0,2333.23
2022-04-25,NL,Eindhoven,pm25,24,29.0,70.0,55.0,697.23
2022-04-25,NL,Rotterdam,pm25,192,17.0,74.0,54.0,1124.68
2022-04-25,NL,Amsterdam,pm25,235,12.0,78.0,46.0,1065.06
2022-04-25,NL,Dordrecht,pm25,24,35.0,69.0,57.0,606.3
2022-04-25,NL,Breda,pm25,24,25.0,75.0,55.0,1569.28
2022-04-25,NL,Groningen,pm25,46,4.0,57.0,32.0,1624.85
2022-04-25,NL,Maastricht,pm25,96,21.0,82.0,57.0,2015.91
2022-04-25,NL,The Hague,pm25,72,14.0,62.0,50.0,1200.83
2022-04-25,PT,Lisbon,pm25,14,13.0,46.0,23.0,753.85
2022-04-25,PT,Funchal,pm25,48,1.0,18.0,11.0,357.41
2022-04-25,CA,Hamilton,pm25,93,9.0,91.0,50.0,4108.84
2022-04-25,CA,Calgary,pm25,92,8.0,63.0,26.0,1471.7
2022-04-25,CA,Winnipeg,pm25,18,7.0,10.0,8.0,5.88
2022-04-25,CA,Halifax,pm25,46,7.0,43.0,17.0,450.77
2022-04-25,CA,Kitchener,pm25,46,5.0,78.0,42.0,6352.1
2022-04-25,CA,Edmonton,pm25,138,5.0,66.0,20.0,1093.99
2022-04-25,CA,Mississauga,pm25,71,13.0,74.0,38.0,2331.59
2022-04-25,CA,Québec,pm25,139,7.0,47.0,18.0,640.01
2022-04-25,CA,Vancouver,pm25,21,8.0,36.0,18.0,356.62
2022-04-25,CA,Victoria,pm25,42,5.0,50.0,13.0,986.81
2022-04-25,CA,Montréal,pm25,393,12.0,67.0,33.0,1030.33
2022-04-25,CA,Toronto,pm25,137,5.0,80.0,34.0,3012.86
2022-04-25,CA,Ottawa,pm25,63,13.0,55.0,30.0,1076.5
2022-04-25,CA,London,pm25,47,5.0,53.0,21.0,1799.51
2022-04-25,US,Oklahoma City,pm25,77,13.0,36.0,21.0,245.31
2022-04-25,US,Raleigh,pm25,60,5.0,150.0,42.0,3523.08
2022-04-25,US,Memphis,pm25,62,4.0,56.0,17.0,1239.32
2022-04-25,US,Jackson,pm25,60,6.0,52.0,23.0,1438.64
2022-04-25,US,Boston,pm25,135,5.0,61.0,21.0,1179.2
2022-04-25,US,Richmond,pm25,96,29.0,70.0,54.0,483.28
2022-04-25,US,Portland,pm25,168,13.0,53.0,25.0,983.37
2022-04-25,US,Boise,pm25,75,5.0,30.0,13.0,407.9
2022-04-25,US,Austin,pm25,38,5.0,57.0,17.0,2239.15
2022-04-25,US,Honolulu,pm25,41,5.0,50.0,17.0,1731.7
2022-04-25,US,Fresno,pm25,48,9.0,52.0,30.0,787.07
2022-04-25,US,Milwaukee,pm25,144,5.0,35.0,13.0,221.9
2022-04-25,US,Hartford,pm25,48,13.0,34.0,21.0,358.29
2022-04-25,US,Washington D.C.,pm25,120,13.0,61.0,42.0,1494.59
2022-04-25,US,Chicago,pm25,235,4.0,62.0,14.0,417.15
2022-04-25,US,Houston,pm25,47,7.0,76.0,38.0,2257.57
2022-04-25,US,Indianapolis,pm25,106,4.0,39.0,17.0,408.75
2022-04-25,US,Atlanta,pm25,24,43.0,59.0,51.0,193.32
2022-04-25,US,Charlotte,pm25,72,25.0,59.0,42.0,590.39
2022-04-25,US,Sacramento,pm25,57,9.0,63.0,23.0,1686.42
2022-04-25,US,Oakland,pm25,91,5.0,61.0,38.0,1711.35
2022-04-25,US,Providence,pm25,60,5.0,57.0,17.0,1310.0
2022-04-25,US,Staten Island,pm25,118,4.0,38.0,16.0,644.57
2022-04-25,US,Brooklyn,pm25,142,6.0,55.0,20.0,672.46
2022-04-25,US,Springfield,pm25,70,3.0,33.0,14.0,226.64
2022-04-25,US,The Bronx,pm25,48,7.0,25.0,17.0,310.2
2022-04-25,US,San Jose,pm25,67,5.0,70.0,38.0,2507.87
2022-04-25,US,Los Angeles,pm25,72,22.0,79.0,47.0,2008.38
2022-04-25,US,Detroit,pm25,131,2.0,69.0,24.0,1850.22
2022-04-25,US,Little Rock,pm25,24,8.0,44.0,17.0,1373.26
2022-04-25,US,Baltimore,pm25,47,13.0,70.0,35.0,2837.53
2022-04-25,US,Phoenix,pm25,186,3.0,111.0,39.0,4678.19
2022-04-25,US,Omaha,pm25,42,5.0,34.0,17.0,545.83
2022-04-25,US,El Paso,pm25,164,13.0,114.0,38.0,3930.6
2022-04-25,US,Seattle,pm25,256,5.0,109.0,25.0,1851.65
2022-04-25,US,Manhattan,pm25,71,3.0,46.0,17.0,619.41
2022-04-25,US,Miami,pm25,91,24.0,40.0,30.0,103.84
2022-04-25,US,Jacksonville,pm25,143,16.0,60.0,33.0,543.81
2022-04-25,US,San Antonio,pm25,87,3.0,66.0,30.0,4129.22
2022-04-25,US,Philadelphia,pm25,83,3.0,101.0,26.0,2048.16
2022-04-25,US,San Diego,pm25,7,1.0,35.0,19.0,978.1
2022-04-25,US,Columbus,pm25,48,8.0,57.0,45.0,2341.91
2022-04-25,US,Saint Paul,pm25,99,5.0,30.0,13.0,416.36
2022-04-25,US,Denver,pm25,123,9.0,25.0,17.0,131.36
2022-04-25,US,Salt Lake City,pm25,215,6.0,54.0,19.0,668.76
2022-04-25,US,Albuquerque,pm25,72,11.0,64.0,29.0,1762.2
2022-04-25,US,San Francisco,pm25,70,13.0,74.0,46.0,2141.14
2022-04-25,US,Salem,pm25,72,14.0,43.0,23.0,478.01
2022-04-25,US,Madison,pm25,47,6.0,20.0,10.0,156.0
2022-04-25,US,Nashville,pm25,71,5.0,55.0,36.0,1412.95
2022-04-25,US,Tucson,pm25,167,9.0,76.0,42.0,2446.71
2022-04-25,US,Queens,pm25,60,2.0,40.0,17.0,1197.09
2022-04-25,US,Tallahassee,pm25,72,6.0,65.0,38.0,1301.12
2022-04-25,US,Fort Worth,pm25,15,5.0,25.0,13.0,307.81
2022-04-25,RS,Novi Sad,pm25,48,5.0,64.0,18.0,2014.47
2022-04-25,RS,Niš,pm25,48,13.0,71.0,34.0,2662.55
2022-04-25,RS,Belgrade,pm25,120,5.0,133.0,29.0,5585.99
2022-04-25,CY,Nicosia,pm25,24,35.0,114.0,66.0,2387.75
2022-04-25,CY,Limassol,pm25,24,38.0,74.0,62.0,761.96
2022-04-25,HR,Zagreb,pm25,24,11.0,40.0,21.0,513.04
2022-04-25,HR,Rijeka,pm25,77,7.0,55.0,15.0,959.2
2022-04-25,MK,Skopje,pm25,167,5.0,91.0,30.0,3756.5
2022-04-26,GE,Tbilisi,pm25,96,59.0,110.0,63.0,3246.81
2022-04-26,HU,Győr,pm25,48,21.0,55.0,42.0,846.79
2022-04-26,HU,Szeged,pm25,24,21.0,70.0,34.0,1921.29
2022-04-26,HU,Pécs,pm25,63,13.0,50.0,21.0,924.65
2022-04-26,HU,Kecskemét,pm25,46,21.0,57.0,34.0,1289.55
2022-04-26,HU,Miskolc,pm25,115,21.0,93.0,38.0,2801.5
2022-04-26,HU,Budapest,pm25,336,5.0,59.0,34.0,1471.16
2022-04-26,JP,Fukuoka,pm25,359,5.0,89.0,21.0,4909.37
2022-04-26,JP,Kanazawa,pm25,188,5.0,68.0,38.0,3080.31
2022-04-26,JP,Kumamoto,pm25,320,5.0,93.0,38.0,4720.86
2022-04-26,JP,Akita,pm25,46,5.0,107.0,55.0,3173.66
2022-04-26,JP,Kochi,pm25,35,13.0,61.0,30.0,1403.06
2022-04-26,JP,Gifu-shi,pm25,180,5.0,78.0,34.0,2581.11
2022-04-26,JP,Kyoto,pm25,563,5.0,80.0,38.0,2819.13
2022-04-26,JP,Hiroshima,pm25,308,5.0,95.0,38.0,3481.17
2022-04-26,JP,Shizuoka,pm25,248,5.0,74.0,25.0,1832.41
2022-04-26,JP,Chiba,pm25,754,5.0,95.0,30.0,2594.36
2022-04-26,JP,Sapporo,pm25,212,9.0,78.0,46.0,1920.97
2022-04-26,JP,Yokohama,pm25,491,1.0,65.0,30.0,1557.11
2022-04-26,JP,Tokyo,pm25,2405,5.0,95.0,34.0,2442.22
2022-04-26,JP,Saitama,pm25,496,5.0,89.0,46.0,3725.15
2022-04-26,JP,Naha,pm25,144,9.0,38.0,17.0,852.49
2022-04-26,JP,Nagasaki,pm25,163,5.0,80.0,25.0,2971.79
2022-04-26,JP,Toyama,pm25,181,5.0,102.0,42.0,4870.24
2022-04-26,JP,Niigata,pm25,209,13.0,80.0,53.0,1599.87
2022-04-26,JP,Nara-shi,pm25,182,5.0,63.0,34.0,2584.55
2022-04-26,JP,Okayama,pm25,269,5.0,82.0,46.0,1890.85
2022-04-26,JP,Sendai,pm25,458,17.0,104.0,57.0,1546.11
2022-04-26,JP,Osaka,pm25,1248,5.0,104.0,34.0,2459.71
2022-04-26,JP,Miyazaki,pm25,136,5.0,151.0,57.0,7814.22
2022-04-26,JP,Matsuyama,pm25,154,5.0,139.0,42.0,6567.74
2022-04-26,JP,Wakayama,pm25,281,5.0,74.0,30.0,3155.54
2022-04-26,JP,Takamatsu,pm25,235,5.0,74.0,30.0,2422.5
2022-04-26,JP,Nagoya,pm25,779,1.0,65.0,30.0,1635.07
2022-04-26,JP,Ōita,pm25,238,5.0,80.0,50.0,4398.28
2022-04-26,JP,Kobe,pm25,420,5.0,68.0,38.0,2347.95
2022-04-26,JP,Nagano,pm25,72,5.0,61.0,34.0,2110.02
2022-04-26,JP,Utsunomiya,pm25,453,13.0,80.0,59.0,824.62
2022-04-26,JP,Kagoshima,pm25,96,13.0,95.0,46.0,3309.75
2022-04-26,SK,Košice,pm25,96,9.0,78.0,34.0,1776.42
2022-04-26,SK,Bratislava,pm25,94,9.0,119.0,46.0,2403.7
2022-04-26,FI,Vantaa,pm25,24,8.0,60.0,20.0,1922.83
2022-04-26,FI,Turku,pm25,24,9.0,21.0,12.0,93.75
2022-04-26,FI,Helsinki,pm25,120,8.0,58.0,17.0,846.75
2022-04-26,FI,Tampere,pm25,96,6.0,45.0,16.0,934.92
2022-04-26,ET,Addis Ababa,pm25,24,38.0,114.0,63.0,4273.89
2022-04-26,CH,Zürich,pm25,22,1.0,2.0,1.0,1.84
2022-04-26,CO,Bogotá,pm25,262,17.0,161.0,76.0,10353.8
2022-04-26,CO,Medellín,pm25,344,25.0,103.0,61.0,1723.3
2022-04-26,GB,Edinburgh,pm25,288,5.0,36.0,16.0,466.74
2022-04-26,GB,Norwich,pm25,12,17.0,30.0,23.0,214.77
2022-04-26,GB,Liverpool,pm25,37,19.0,81.0,57.0,1621.04
2022-04-26,GB,Belfast,pm25,47,18.0,37.0,26.0,248.22
2022-04-26,GB,Coventry,pm25,54,15.0,45.0,36.0,350.26
2022-04-26,GB,Leeds,pm25,34,34.0,61.0,42.0,438.87
2022-04-26,GB,Cardiff,pm25,120,21.0,63.0,38.0,1362.33
2022-04-26,GB,Bristol,pm25,67,21.0,61.0,38.0,1078.53
2022-04-26,GB,London,pm25,543,4.0,155.0,36.0,2189.46
2022-04-26,GB,Birmingham,pm25,18,21.0,57.0,46.0,728.23
2022-04-26,GB,Sheffield,pm25,74,19.0,59.0,46.0,501.63
2022-04-26,GB,Newport,pm25,46,20.0,51.0,38.0,783.69
2022-04-26,GB,Leicester,pm25,17,17.0,52.0,44.0,730.07
2022-04-26,GB,Manchester,pm25,84,19.0,60.0,41.0,990.0
2022-04-26,GB,Reading,pm25,48,9.0,38.0,25.0,1025.25
2022-04-26,GB,Plymouth,pm25,33,25.0,56.0,38.0,702.8
2022-04-26,GB,Glasgow,pm25,542,5.0,39.0,15.0,709.5
2022-04-26,GB,Preston,pm25,36,17.0,54.0,35.0,915.68
2022-04-26,GB,Swansea,pm25,96,9.0,85.0,34.0,2370.46
2022-04-26,GB,Southend-on-Sea,pm25,39,17.0,49.0,32.0,478.31
2022-04-26,ID,Jakarta,pm25,69,22.0,126.0,70.0,5425.38
2022-04-26,NP,Kathmandu,pm25,69,127.0,241.0,170.0,4520.03
2022-04-26,NP,Pokhara,pm25,12,93.0,157.0,116.0,3509.32
2022-04-26,NP,Biratnagar,pm25,2,80.0,80.0,80.0,0.0
2022-04-26,AU,Sydney,pm25,141,1.0,100.0,12.0,1682.8
2022-04-26,AU,Newcastle,pm25,126,1.0,57.0,14.0,908.51
2022-04-26,AU,Launceston,pm25,136,5.0,119.0,46.0,6076.59
2022-04-26,AU,Hobart,pm25,72,21.0,119.0,53.0,3812.39
2022-04-26,AU,Darwin,pm25,67,5.0,56.0,32.0,1279.06
2022-04-26,AU,Melbourne,pm25,166,5.0,93.0,48.0,3090.67
2022-04-26,AU,Canberra,pm25,55,2.0,65.0,12.0,2040.52
2022-04-26,AU,Brisbane,pm25,147,1.0,33.0,18.0,597.78
2022-04-26,AU,Perth,pm25,81,2.0,11.0,5.0,47.19
2022-04-26,AU,Wollongong,pm25,40,1.0,45.0,13.0,887.43
2022-04-26,CI,Abidjan,pm25,24,30.0,74.0,53.0,1368.68
2022-04-26,GH,Accra,pm25,24,80.0,173.0,107.0,10932.2
2022-04-26,IQ,Baghdad,pm25,15,157.0,516.0,179.0,147957.0
2022-04-26,IS,Reykjavík,pm25,79,3.0,24.0,10.0,190.72
2022-04-26,KG,Bishkek,pm25,24,5.0,65.0,21.0,3287.75
2022-04-26,NL,Utrecht,pm25,47,7.0,56.0,30.0,1680.8
2022-04-26,NL,Nijmegen,pm25,48,15.0,74.0,34.0,2033.33
2022-04-26,NL,Haarlem,pm25,136,4.0,77.0,30.0,2569.51
2022-04-26,NL,Eindhoven,pm25,24,9.0,83.0,43.0,3519.4
2022-04-26,NL,Rotterdam,pm25,192,8.0,54.0,27.0,699.89
2022-04-26,NL,Amsterdam,pm25,244,2.0,72.0,29.0,1308.76
2022-04-26,NL,Dordrecht,pm25,24,17.0,63.0,34.0,1302.88
2022-04-26,NL,Breda,pm25,24,16.0,77.0,32.0,2374.49
2022-04-26,NL,Groningen,pm25,48,6.0,58.0,27.0,1099.04
2022-04-26,NL,Maastricht,pm25,93,17.0,93.0,50.0,1826.42
2022-04-26,NL,The Hague,pm25,70,6.0,50.0,26.0,874.87
2022-04-26,PT,Lisbon,pm25,50,10.0,38.0,20.0,292.07
2022-04-26,PT,Funchal,pm25,64,1.0,30.0,13.0,537.94
2022-04-26,CA,Hamilton,pm25,80,5.0,82.0,17.0,2856.81
2022-04-26,CA,Calgary,pm25,92,13.0,59.0,27.0,1352.3
2022-04-26,CA,Winnipeg,pm25,8,8.0,15.0,12.0,70.71
2022-04-26,CA,Halifax,pm25,46,23.0,56.0,30.0,468.27
2022-04-26,CA,Kitchener,pm25,35,5.0,42.0,13.0,879.87
2022-04-26,CA,Edmonton,pm25,138,9.0,45.0,22.0,625.77
2022-04-26,CA,Mississauga,pm25,59,5.0,30.0,13.0,278.91
2022-04-26,CA,Québec,pm25,163,7.0,47.0,22.0,525.83
2022-04-26,CA,Vancouver,pm25,23,7.0,17.0,11.0,74.82
2022-04-26,CA,Victoria,pm25,39,5.0,34.0,13.0,599.65
2022-04-26,CA,Montréal,pm25,435,3.0,85.0,24.0,1627.82
2022-04-26,CA,Toronto,pm25,129,5.0,50.0,21.0,925.33
2022-04-26,CA,Ottawa,pm25,67,7.0,25.0,16.0,167.54
2022-04-26,CA,London,pm25,36,5.0,25.0,13.0,253.97
2022-04-26,US,Oklahoma City,pm25,92,20.0,72.0,33.0,1468.91
2022-04-26,US,Raleigh,pm25,67,9.0,99.0,50.0,2119.74
2022-04-26,US,Memphis,pm25,72,5.0,41.0,18.0,378.26
2022-04-26,US,Jackson,pm25,72,8.0,38.0,16.0,396.66
2022-04-26,US,Boston,pm25,129,5.0,53.0,25.0,1058.23
2022-04-26,US,Richmond,pm25,96,22.0,69.0,54.0,1794.81
2022-04-26,US,Portland,pm25,164,5.0,61.0,13.0,470.08
2022-04-26,US,Boise,pm25,96,9.0,53.0,25.0,1317.57
2022-04-26,US,Austin,pm25,40,5.0,53.0,21.0,1187.38
2022-04-26,US,Honolulu,pm25,38,5.0,34.0,13.0,649.62
2022-04-26,US,Fresno,pm25,48,33.0,65.0,53.0,604.64
2022-04-26,US,Milwaukee,pm25,144,7.0,39.0,18.0,452.55
2022-04-26,US,Hartford,pm25,48,10.0,41.0,22.0,757.19
2022-04-26,US,Washington D.C.,pm25,120,17.0,69.0,35.0,1599.78
2022-04-26,US,Chicago,pm25,216,1.0,51.0,19.0,474.44
2022-04-26,US,Houston,pm25,48,2.0,48.0,24.0,611.21
2022-04-26,US,Indianapolis,pm25,96,16.0,47.0,23.0,371.21
2022-04-26,US,Atlanta,pm25,24,19.0,60.0,34.0,2551.72
2022-04-26,US,Charlotte,pm25,70,5.0,57.0,42.0,1697.94
2022-04-26,US,Sacramento,pm25,69,28.0,63.0,47.0,820.88
2022-04-26,US,Oakland,pm25,95,13.0,63.0,50.0,1092.56
2022-04-26,US,Providence,pm25,61,5.0,38.0,13.0,754.3
2022-04-26,US,Staten Island,pm25,120,3.0,58.0,34.0,2374.26
2022-04-26,US,Brooklyn,pm25,142,2.0,87.0,25.0,2456.48
2022-04-26,US,Springfield,pm25,69,1.0,43.0,20.0,462.09
2022-04-26,US,The Bronx,pm25,48,3.0,42.0,20.0,1083.39
2022-04-26,US,San Jose,pm25,71,5.0,76.0,42.0,2247.98
2022-04-26,US,Los Angeles,pm25,72,43.0,94.0,63.0,959.06
2022-04-26,US,Detroit,pm25,144,10.0,55.0,22.0,893.69
2022-04-26,US,Little Rock,pm25,23,7.0,55.0,19.0,1371.58
2022-04-26,US,Baltimore,pm25,47,5.0,84.0,38.0,3594.75
2022-04-26,US,Phoenix,pm25,190,14.0,113.0,59.0,2472.92
2022-04-26,US,Omaha,pm25,45,5.0,80.0,30.0,3078.45
2022-04-26,US,El Paso,pm25,165,5.0,174.0,25.0,5439.95
2022-04-26,US,Seattle,pm25,240,3.0,50.0,17.0,964.91
2022-04-26,US,Manhattan,pm25,71,2.0,55.0,20.0,1379.94
2022-04-26,US,Miami,pm25,94,25.0,38.0,30.0,91.62
2022-04-26,US,Jacksonville,pm25,138,17.0,65.0,35.0,503.93
2022-04-26,US,San Antonio,pm25,91,5.0,58.0,22.0,1173.22
2022-04-26,US,Philadelphia,pm25,87,2.0,58.0,34.0,1612.84
2022-04-26,US,Columbus,pm25,48,5.0,39.0,22.0,600.83
2022-04-26,US,Saint Paul,pm25,107,5.0,34.0,13.0,417.43
2022-04-26,US,Denver,pm25,153,9.0,72.0,50.0,2581.15
2022-04-26,US,Salt Lake City,pm25,215,15.0,58.0,37.0,1019.11
2022-04-26,US,Albuquerque,pm25,72,28.0,63.0,45.0,619.95
2022-04-26,US,San Francisco,pm25,71,25.0,68.0,50.0,1238.52
2022-04-26,US,Salem,pm25,72,8.0,20.0,13.0,95.48
2022-04-26,US,Madison,pm25,48,11.0,29.0,18.0,322.97
2022-04-26,US,Nashville,pm25,69,3.0,35.0,18.0,378.48
2022-04-26,US,Tucson,pm25,168,5.0,112.0,42.0,2569.92
2022-04-26,US,Queens,pm25,82,1.0,87.0,24.0,2143.96
2022-04-26,US,Tallahassee,pm25,72,3.0,70.0,33.0,2030.49
2022-04-26,US,Fort Worth,pm25,24,5.0,50.0,17.0,1887.75
2022-04-26,RS,Novi Sad,pm25,48,5.0,63.0,22.0,2654.53
2022-04-26,RS,Niš,pm25,48,13.0,55.0,29.0,1078.15
2022-04-26,RS,Belgrade,pm25,120,11.0,82.0,41.0,2611.4
2022-04-26,CY,Nicosia,pm25,24,56.0,113.0,67.0,1963.19
2022-04-26,CY,Limassol,pm25,24,39.0,74.0,55.0,707.66
2022-04-26,HR,Zagreb,pm25,24,23.0,64.0,40.0,1729.11
2022-04-26,HR,Rijeka,pm25,75,8.0,55.0,19.0,1277.92
2022-04-26,MK,Skopje,pm25,160,4.0,84.0,25.0,3142.0
2022-04-27,GE,Tbilisi,pm25,96,62.0,112.0,66.0,3594.95
2022-04-27,HU,Győr,pm25,48,5.0,85.0,46.0,4867.8
2022-04-27,HU,Szeged,pm25,23,17.0,68.0,42.0,2673.91
2022-04-27,HU,Pécs,pm25,72,9.0,59.0,34.0,2869.28
2022-04-27,HU,Kecskemét,pm25,48,57.0,85.0,65.0,508.09
2022-04-27,HU,Miskolc,pm25,117,42.0,173.0,55.0,3963.42
2022-04-27,HU,Budapest,pm25,324,21.0,68.0,46.0,696.02
2022-04-27,JP,Fukuoka,pm25,384,5.0,104.0,50.0,5327.67
2022-04-27,JP,Kanazawa,pm25,186,5.0,61.0,25.0,1987.15
2022-04-27,JP,Kumamoto,pm25,303,5.0,91.0,42.0,5398.27
2022-04-27,JP,Akita,pm25,45,17.0,76.0,42.0,1980.83
2022-04-27,JP,Kochi,pm25,44,5.0,50.0,21.0,1527.12
2022-04-27,JP,Gifu-shi,pm25,167,5.0,80.0,25.0,2624.42
2022-04-27,JP,Kyoto,pm25,569,5.0,109.0,30.0,3536.08
2022-04-27,JP,Hiroshima,pm25,303,5.0,87.0,53.0,4304.63
2022-04-27,JP,Shizuoka,pm25,227,5.0,82.0,30.0,3786.92
2022-04-27,JP,Chiba,pm25,707,5.0,87.0,30.0,2024.43
2022-04-27,JP,Sapporo,pm25,210,5.0,139.0,25.0,2948.7
2022-04-27,JP,Yokohama,pm25,461,5.0,82.0,30.0,1701.86
2022-04-27,JP,Tokyo,pm25,2366,1.0,112.0,30.0,2398.18
2022-04-27,JP,Saitama,pm25,492,5.0,87.0,38.0,3661.26
2022-04-27,JP,Naha,pm25,144,9.0,53.0,21.0,920.09
2022-04-27,JP,Nagasaki,pm25,179,5.0,78.0,42.0,4236.94
2022-04-27,JP,Toyama,pm25,172,5.0,63.0,30.0,2683.67
2022-04-27,JP,Niigata,pm25,206,5.0,102.0,30.0,2912.38
2022-04-27,JP,Nara-shi,pm25,175,5.0,65.0,21.0,2871.34
2022-04-27,JP,Okayama,pm25,284,5.0,72.0,38.0,2158.24
2022-04-27,JP,Sendai,pm25,461,5.0,68.0,34.0,2386.3
2022-04-27,JP,Osaka,pm25,1344,5.0,99.0,25.0,2677.06
2022-04-27,JP,Miyazaki,pm25,132,5.0,87.0,34.0,2842.6
2022-04-27,JP,Matsuyama,pm25,140,5.0,129.0,34.0,6142.2
2022-04-27,JP,Wakayama,pm25,259,5.0,68.0,21.0,2451.38
2022-04-27,JP,Takamatsu,pm25,237,5.0,63.0,30.0,2068.22
2022-04-27,JP,Nagoya,pm25,745,5.0,61.0,25.0,1396.59
2022-04-27,JP,Ōita,pm25,245,5.0,74.0,50.0,4244.06
2022-04-27,JP,Kobe,pm25,407,5.0,85.0,30.0,3396.86
2022-04-27,JP,Nagano,pm25,62,5.0,53.0,17.0,1632.45
2022-04-27,JP,Utsunomiya,pm25,434,5.0,76.0,42.0,1987.06
2022-04-27,JP,Kagoshima,pm25,92,5.0,78.0,25.0,1380.62
2022-04-27,SK,Košice,pm25,96,42.0,93.0,55.0,1032.84
2022-04-27,SK,Bratislava,pm25,91,5.0,78.0,53.0,3622.6
2022-04-27,FI,Vantaa,pm25,24,6.0,37.0,14.0,681.09
2022-04-27,FI,Turku,pm25,24,4.0,42.0,12.0,562.54
2022-04-27,FI,Helsinki,pm25,120,3.0,58.0,15.0,1139.48
2022-04-27,FI,Tampere,pm25,96,5.0,71.0,13.0,1916.89
2022-04-27,ET,Addis Ababa,pm25,22,21.0,149.0,59.0,16080.9
2022-04-27,CH,Zürich,pm25,17,1.0,4.0,2.0,6.54
2022-04-27,CO,Bogotá,pm25,259,25.0,163.0,72.0,5408.66
2022-04-27,CO,Medellín,pm25,313,30.0,107.0,70.0,2140.16
2022-04-27,DK,Copenhagen,pm25,13,16.0,40.0,27.0,709.1
2022-04-27,EC,Quito,pm25,65,4.0,137.0,56.0,7572.05
2022-04-27,GB,Edinburgh,pm25,285,15.0,56.0,25.0,515.55
2022-04-27,GB,Norwich,pm25,23,17.0,36.0,27.0,282.73
2022-04-27,GB,Liverpool,pm25,44,17.0,57.0,36.0,1287.25
2022-04-27,GB,Belfast,pm25,53,15.0,35.0,25.0,190.36
2022-04-27,GB,Coventry,pm25,68,15.0,39.0,30.0,186.82
2022-04-27,GB,Leeds,pm25,43,15.0,50.0,32.0,501.9
2022-04-27,GB,Cardiff,pm25,117,9.0,63.0,34.0,1981.95
2022-04-27,GB,Bristol,pm25,69,17.0,61.0,34.0,1493.75
2022-04-27,GB,London,pm25,550,3.0,89.0,31.0,1392.01
2022-04-27,GB,Birmingham,pm25,31,22.0,57.0,40.0,286.52
2022-04-27,GB,Sheffield,pm25,91,23.0,55.0,34.0,560.2
2022-04-27,GB,Newport,pm25,45,13.0,38.0,26.0,545.37
2022-04-27,GB,Leicester,pm25,23,18.0,40.0,36.0,197.71
2022-04-27,GB,Manchester,pm25,78,16.0,53.0,43.0,1239.53
2022-04-27,GB,Reading,pm25,45,5.0,50.0,17.0,1344.77
2022-04-27,GB,Plymouth,pm25,34,17.0,53.0,34.0,1073.45
2022-04-27,GB,Glasgow,pm25,559,4.0,51.0,25.0,366.68
2022-04-27,GB,Preston,pm25,43,23.0,52.0,34.0,532.48
2022-04-27,GB,Swansea,pm25,88,5.0,89.0,25.0,1294.14
2022-04-27,GB,Southend-on-Sea,pm25,36,20.0,39.0,28.0,192.92
2022-04-27,ID,Jakarta,pm25,71,9.0,155.0,68.0,8358.76
2022-04-27,NP,Kathmandu,pm25,72,117.0,187.0,157.0,1837.73
2022-04-27,NP,Pokhara,pm25,12,78.0,157.0,106.0,7135.38
2022-04-27,NP,Biratnagar,pm25,5,80.0,99.0,93.0,813.0
2022-04-27,AU,Sydney,pm25,165,2.0,62.0,25.0,1991.73
2022-04-27,AU,Newcastle,pm25,129,1.0,42.0,16.0,752.19
2022-04-27,AU,Launceston,pm25,135,5.0,91.0,17.0,4704.85
2022-04-27,AU,Hobart,pm25,72,5.0,155.0,57.0,12521.7
2022-04-27,AU,Darwin,pm25,30,8.0,61.0,34.0,1701.16
2022-04-27,AU,Melbourne,pm25,166,5.0,81.0,34.0,2859.08
2022-04-27,AU,Canberra,pm25,61,1.0,58.0,18.0,2221.71
2022-04-27,AU,Brisbane,pm25,153,1.0,52.0,18.0,649.36
2022-04-27,AU,Perth,pm25,82,2.0,11.0,5.0,74.38
2022-04-27,AU,Wollongong,pm25,40,2.0,87.0,13.0,2395.9
2022-04-27,CI,Abidjan,pm25,24,25.0,78.0,46.0,1408.68
2022-04-27,GH,Accra,pm25,17,72.0,167.0,102.0,10219.9
2022-04-27,IS,Reykjavík,pm25,96,3.0,23.0,12.0,217.68
2022-04-27,KG,Bishkek,pm25,24,13.0,61.0,25.0,1477.1
2022-04-27,NL,Utrecht,pm25,48,21.0,58.0,39.0,895.89
2022-04-27,NL,Nijmegen,pm25,47,4.0,67.0,40.0,1569.49
2022-04-27,NL,Haarlem,pm25,140,1.0,63.0,27.0,1744.65
2022-04-27,NL,Eindhoven,pm25,24,29.0,68.0,53.0,950.42
2022-04-27,NL,Rotterdam,pm25,192,7.0,58.0,30.0,516.41
2022-04-27,NL,Amsterdam,pm25,259,2.0,66.0,28.0,1285.46
2022-04-27,NL,Dordrecht,pm25,24,17.0,318.0,42.0,33436.5
2022-04-27,NL,Breda,pm25,24,21.0,67.0,34.0,1399.4
2022-04-27,NL,Groningen,pm25,48,10.0,53.0,27.0,897.02
2022-04-27,NL,Maastricht,pm25,95,17.0,68.0,50.0,978.49
2022-04-27,NL,The Hague,pm25,70,4.0,39.0,22.0,584.4
2022-04-27,PT,Lisbon,pm25,31,8.0,20.0,16.0,194.93
2022-04-27,PT,Funchal,pm25,67,1.0,51.0,16.0,1198.28
2022-04-27,CA,Hamilton,pm25,45,5.0,21.0,9.0,240.0
2022-04-27,CA,Calgary,pm25,91,1.0,35.0,10.0,382.07
2022-04-27,CA,Halifax,pm25,46,10.0,62.0,34.0,1712.54
2022-04-27,CA,Kitchener,pm25,21,5.0,30.0,9.0,458.57
2022-04-27,CA,Edmonton,pm25,137,3.0,46.0,13.0,955.96
2022-04-27,CA,Mississauga,pm25,30,5.0,13.0,5.0,52.23
2022-04-27,CA,Québec,pm25,175,5.0,31.0,18.0,417.4
2022-04-27,CA,Vancouver,pm25,22,7.0,20.0,10.0,195.76
2022-04-27,CA,Victoria,pm25,35,5.0,38.0,13.0,508.52
2022-04-27,CA,Montréal,pm25,348,3.0,33.0,12.0,310.19
2022-04-27,CA,Toronto,pm25,96,5.0,57.0,13.0,691.35
2022-04-27,CA,Ottawa,pm25,58,7.0,18.0,12.0,135.37
2022-04-27,CA,London,pm25,27,5.0,13.0,9.0,70.2
2022-04-27,US,Oklahoma City,pm25,94,23.0,45.0,32.0,208.24
2022-04-27,US,Raleigh,pm25,67,5.0,50.0,21.0,876.71
2022-04-27,US,Memphis,pm25,70,5.0,52.0,24.0,1005.77
2022-04-27,US,Jackson,pm25,72,6.0,133.0,21.0,4904.85
2022-04-27,US,Boston,pm25,117,5.0,38.0,21.0,645.95
2022-04-27,US,Richmond,pm25,96,15.0,43.0,23.0,482.59
2022-04-27,US,Portland,pm25,165,5.0,55.0,13.0,459.11
2022-04-27,US,Boise,pm25,72,5.0,30.0,13.0,337.79
2022-04-27,US,Austin,pm25,48,9.0,59.0,38.0,1687.22
2022-04-27,US,Honolulu,pm25,38,5.0,34.0,13.0,568.48
2022-04-27,US,Fresno,pm25,48,13.0,57.0,34.0,710.62
2022-04-27,US,Milwaukee,pm25,144,9.0,30.0,16.0,244.24
2022-04-27,US,Hartford,pm25,48,5.0,45.0,10.0,1473.12
2022-04-27,US,Washington D.C.,pm25,113,9.0,53.0,25.0,858.83
2022-04-27,US,Chicago,pm25,215,2.0,48.0,16.0,494.11
2022-04-27,US,Houston,pm25,48,17.0,53.0,35.0,849.72
2022-04-27,US,Indianapolis,pm25,96,13.0,57.0,36.0,1065.04
2022-04-27,US,Atlanta,pm25,24,20.0,94.0,24.0,3572.1
2022-04-27,US,Charlotte,pm25,72,5.0,52.0,25.0,1239.15
2022-04-27,US,Sacramento,pm25,72,3.0,57.0,30.0,1118.71
2022-04-27,US,Oakland,pm25,95,9.0,59.0,30.0,836.59
2022-04-27,US,Providence,pm25,50,5.0,25.0,9.0,352.65
2022-04-27,US,Staten Island,pm25,101,1.0,55.0,10.0,1651.58
2022-04-27,US,Brooklyn,pm25,125,1.0,54.0,11.0,1192.32
2022-04-27,US,Springfield,pm25,67,6.0,57.0,25.0,1720.6
2022-04-27,US,The Bronx,pm25,41,3.0,38.0,7.0,590.1
2022-04-27,US,San Jose,pm25,68,5.0,61.0,30.0,1422.67
2022-04-27,US,Los Angeles,pm25,71,12.0,89.0,64.0,1281.63
2022-04-27,US,Detroit,pm25,142,8.0,45.0,19.0,426.55
2022-04-27,US,Little Rock,pm25,23,14.0,104.0,31.0,4536.01
2022-04-27,US,Baltimore,pm25,46,5.0,50.0,25.0,1094.48
2022-04-27,US,Phoenix,pm25,187,6.0,73.0,43.0,2096.53
2022-04-27,US,Omaha,pm25,31,21.0,74.0,30.0,2446.95
2022-04-27,US,El Paso,pm25,152,5.0,93.0,21.0,4007.36
2022-04-27,US,Seattle,pm25,241,4.0,57.0,17.0,1154.53
2022-04-27,US,Manhattan,pm25,58,2.0,54.0,10.0,1151.31
2022-04-27,US,Miami,pm25,79,23.0,45.0,35.0,268.2
2022-04-27,US,Jacksonville,pm25,142,22.0,67.0,43.0,755.21
2022-04-27,US,San Antonio,pm25,90,5.0,72.0,36.0,1653.43
2022-04-27,US,Philadelphia,pm25,85,3.0,155.0,25.0,7925.83
2022-04-27,US,Columbus,pm25,48,2.0,41.0,21.0,838.44
2022-04-27,US,Saint Paul,pm25,123,5.0,38.0,13.0,506.71
2022-04-27,US,Denver,pm25,153,21.0,164.0,50.0,2301.1
2022-04-27,US,Salt Lake City,pm25,216,24.0,69.0,42.0,1004.48
2022-04-27,US,Albuquerque,pm25,72,25.0,127.0,33.0,2074.74
2022-04-27,US,San Francisco,pm25,71,17.0,63.0,34.0,1305.63
2022-04-27,US,Salem,pm25,72,10.0,26.0,13.0,162.49
2022-04-27,US,Madison,pm25,48,14.0,53.0,23.0,792.61
2022-04-27,US,Nashville,pm25,71,9.0,50.0,21.0,618.34
2022-04-27,US,Tucson,pm25,162,5.0,63.0,38.0,1692.08
2022-04-27,US,Queens,pm25,77,1.0,41.0,9.0,755.77
2022-04-27,US,Tallahassee,pm25,71,8.0,155.0,32.0,7071.12
2022-04-27,US,Fort Worth,pm25,24,17.0,50.0,30.0,863.03
2022-04-27,RS,Novi Sad,pm25,48,9.0,77.0,35.0,3311.49
2022-04-27,RS,Niš,pm25,48,17.0,59.0,28.0,1507.22
2022-04-27,RS,Belgrade,pm25,120,14.0,87.0,46.0,2970.08
2022-04-27,CY,Nicosia,pm25,24,31.0,103.0,75.0,1982.88
2022-04-27,CY,Limassol,pm25,24,46.0,75.0,62.0,602.54
2022-04-27,HR,Zagreb,pm25,24,6.0,70.0,23.0,4038.68
2022-04-27,HR,Rijeka,pm25,74,2.0,53.0,9.0,999.95
2022-04-27,MK,Skopje,pm25,160,8.0,136.0,46.0,5918.32
2022-04-28,GE,Tbilisi,pm25,96,64.0,100.0,68.0,1169.88
2022-04-28,HU,Győr,pm25,44,38.0,72.0,55.0,805.75
2022-04-28,HU,Szeged,pm25,24,21.0,61.0,42.0,1552.88
2022-04-28,HU,Pécs,pm25,72,42.0,65.0,46.0,437.73
2022-04-28,HU,Kecskemét,pm25,48,38.0,76.0,53.0,923.39
2022-04-28,HU,Miskolc,pm25,116,21.0,76.0,46.0,1603.82
2022-04-28,HU,Budapest,pm25,322,17.0,61.0,34.0,529.49
2022-04-28,JP,Fukuoka,pm25,396,5.0,139.0,59.0,2080.18
2022-04-28,JP,Kanazawa,pm25,219,5.0,59.0,25.0,1358.26
2022-04-28,JP,Kumamoto,pm25,383,5.0,154.0,63.0,5326.63
2022-04-28,JP,Akita,pm25,43,5.0,63.0,34.0,1346.14
2022-04-28,JP,Kochi,pm25,47,13.0,70.0,46.0,2123.88
2022-04-28,JP,Gifu-shi,pm25,184,5.0,87.0,50.0,2774.31
2022-04-28,JP,Kyoto,pm25,568,5.0,72.0,46.0,1386.62
2022-04-28,JP,Hiroshima,pm25,332,5.0,82.0,53.0,1931.44
2022-04-28,JP,Shizuoka,pm25,261,5.0,72.0,42.0,1625.24
2022-04-28,JP,Chiba,pm25,743,5.0,190.0,34.0,2204.21
2022-04-28,JP,Sapporo,pm25,213,5.0,59.0,30.0,1493.79
2022-04-28,JP,Yokohama,pm25,498,1.0,70.0,38.0,1512.64
2022-04-28,JP,Tokyo,pm25,2475,1.0,107.0,38.0,1285.45
2022-04-28,JP,Saitama,pm25,500,9.0,65.0,38.0,1142.22
2022-04-28,JP,Naha,pm25,133,9.0,46.0,21.0,1046.38
2022-04-28,JP,Nagasaki,pm25,192,13.0,85.0,57.0,1129.24
2022-04-28,JP,Toyama,pm25,182,5.0,68.0,30.0,1427.98
2022-04-28,JP,Niigata,pm25,206,9.0,50.0,25.0,901.59
2022-04-28,JP,Nara-shi,pm25,189,9.0,65.0,38.0,1882.03
2022-04-28,JP,Okayama,pm25,286,25.0,87.0,53.0,866.21
2022-04-28,JP,Sendai,pm25,471,5.0,55.0,30.0,1151.51
2022-04-28,JP,Osaka,pm25,1441,5.0,95.0,42.0,1819.44
2022-04-28,JP,Miyazaki,pm25,142,5.0,104.0,53.0,2808.18
2022-04-28,JP,Matsuyama,pm25,166,9.0,97.0,57.0,2572.0
2022-04-28,JP,Wakayama,pm25,286,25.0,87.0,50.0,1036.89
2022-04-28,JP,Takamatsu,pm25,235,9.0,68.0,38.0,1290.97
2022-04-28,JP,Nagoya,pm25,774,1.0,95.0,42.0,3648.39
2022-04-28,JP,Ōita,pm25,263,17.0,99.0,59.0,1340.89
2022-04-28,JP,Kobe,pm25,424,13.0,87.0,50.0,1283.86
2022-04-28,JP,Nagano,pm25,67,5.0,61.0,30.0,1713.09
2022-04-28,JP,Utsunomiya,pm25,452,5.0,63.0,38.0,1327.74
2022-04-28,JP,Kagoshima,pm25,94,21.0,93.0,53.0,3070.72
2022-04-28,SK,Košice,pm25,93,21.0,155.0,50.0,6628.99
2022-04-28,SK,Bratislava,pm25,94,17.0,70.0,46.0,1078.13
2022-04-28,FI,Vantaa,pm25,23,3.0,30.0,17.0,479.01
2022-04-28,FI,Turku,pm25,24,4.0,23.0,10.0,187.54
2022-04-28,FI,Helsinki,pm25,118,3.0,54.0,13.0,975.42
2022-04-28,FI,Tampere,pm25,96,3.0,63.0,11.0,819.47
2022-04-28,ET,Addis Ababa,pm25,24,25.0,155.0,59.0,7083.9
2022-04-28,CH,Zürich,pm25,16,1.0,3.0,1.0,3.96
2022-04-28,CO,Bogotá,pm25,260,17.0,153.0,74.0,6913.04
2022-04-28,CO,Medellín,pm25,318,25.0,93.0,61.0,1822.44
2022-04-28,DK,Copenhagen,pm25,24,14.0,53.0,32.0,1057.39
2022-04-28,EC,Quito,pm25,133,2.0,152.0,62.0,8325.63
2022-04-28,GB,Edinburgh,pm25,283,21.0,63.0,38.0,737.67
2022-04-28,GB,Norwich,pm25,15,24.0,35.0,30.0,47.43
2022-04-28,GB,Liverpool,pm25,34,25.0,58.0,46.0,1014.16
2022-04-28,GB,Belfast,pm25,94,21.0,70.0,42.0,1117.11
2022-04-28,GB,Coventry,pm25,65,28.0,45.0,34.0,160.78
2022-04-28,GB,Leeds,pm25,41,21.0,59.0,34.0,426.22
2022-04-28,GB,Cardiff,pm25,116,21.0,59.0,38.0,720.57
2022-04-28,GB,Bristol,pm25,67,30.0,57.0,42.0,736.71
2022-04-28,GB,London,pm25,556,5.0,109.0,42.0,1572.34
2022-04-28,GB,Birmingham,pm25,41,26.0,49.0,42.0,368.3
2022-04-28,GB,Sheffield,pm25,79,34.0,55.0,43.0,281.45
2022-04-28,GB,Newport,pm25,44,28.0,51.0,38.0,455.62
2022-04-28,GB,Leicester,pm25,20,30.0,40.0,34.0,39.24
2022-04-28,GB,Manchester,pm25,77,38.0,66.0,51.0,315.49
2022-04-28,GB,Reading,pm25,47,17.0,63.0,42.0,1536.64
2022-04-28,GB,Plymouth,pm25,36,17.0,57.0,38.0,1473.93
2022-04-28,GB,Glasgow,pm25,547,17.0,94.0,37.0,1010.6
2022-04-28,GB,Preston,pm25,45,37.0,59.0,46.0,297.1
2022-04-28,GB,Swansea,pm25,92,9.0,89.0,34.0,2193.47
2022-04-28,GB,Southend-on-Sea,pm25,46,25.0,53.0,39.0,451.4
2022-04-28,ID,Jakarta,pm25,71,13.0,107.0,34.0,4044.56
2022-04-28,NP,Kathmandu,pm25,88,151.0,205.0,165.0,1522.22
2022-04-28,NP,Pokhara,pm25,10,98.0,152.0,107.0,3589.0
2022-04-28,NP,Biratnagar,pm25,43,66.0,91.0,79.0,592.48
2022-04-28,AU,Sydney,pm25,151,1.0,54.0,22.0,1762.5
2022-04-28,AU,Newcastle,pm25,126,1.0,51.0,15.0,756.31
2022-04-28,AU,Launceston,pm25,124,5.0,82.0,13.0,3016.87
2022-04-28,AU,Hobart,pm25,71,5.0,70.0,17.0,3158.5
2022-04-28,AU,Darwin,pm25,34,2.0,53.0,28.0,1825.38
2022-04-28,AU,Melbourne,pm25,157,1.0,52.0,16.0,998.87
2022-04-28,AU,Canberra,pm25,61,1.0,58.0,20.0,1879.84
2022-04-28,AU,Brisbane,pm25,155,1.0,49.0,21.0,883.12
2022-04-28,AU,Perth,pm25,85,2.0,12.0,5.0,53.86
2022-04-28,AU,Wollongong,pm25,38,2.0,75.0,11.0,1811.1
2022-04-28,CI,Abidjan,pm25,24,5.0,107.0,38.0,6986.01
2022-04-28,GH,Accra,pm25,6,46.0,61.0,53.0,310.67
2022-04-28,IS,Reykjavík,pm25,96,4.0,26.0,15.0,296.16
2022-04-28,KG,Bishkek,pm25,20,5.0,87.0,13.0,3665.89
2022-04-28,NL,Utrecht,pm25,36,29.0,76.0,47.0,879.64
2022-04-28,NL,Nijmegen,pm25,45,15.0,70.0,52.0,1482.71
2022-04-28,NL,Haarlem,pm25,139,10.0,83.0,38.0,2065.56
2022-04-28,NL,Eindhoven,pm25,24,39.0,75.0,55.0,741.96
2022-04-28,NL,Rotterdam,pm25,192,13.0,61.0,47.0,470.25
2022-04-28,NL,Amsterdam,pm25,262,6.0,76.0,36.0,1453.53
2022-04-28,NL,Dordrecht,pm25,24,30.0,61.0,47.0,602.32
2022-04-28,NL,Breda,pm25,24,15.0,75.0,53.0,1919.11
2022-04-28,NL,Groningen,pm25,48,19.0,54.0,35.0,770.85
2022-04-28,NL,Maastricht,pm25,96,25.0,76.0,53.0,929.47
2022-04-28,NL,The Hague,pm25,72,12.0,60.0,43.0,998.21
2022-04-28,PT,Lisbon,pm25,36,11.0,28.0,17.0,214.5
2022-04-28,PT,Funchal,pm25,66,1.0,39.0,18.0,1106.31
2022-04-28,CA,Hamilton,pm25,84,5.0,42.0,13.0,1055.54
2022-04-28,CA,Calgary,pm25,92,4.0,63.0,16.0,1355.34
2022-04-28,CA,Halifax,pm25,46,4.0,38.0,15.0,579.77
2022-04-28,CA,Kitchener,pm25,38,5.0,50.0,21.0,1308.31
2022-04-28,CA,Edmonton,pm25,121,2.0,29.0,8.0,309.94
2022-04-28,CA,Mississauga,pm25,54,9.0,50.0,13.0,942.89
2022-04-28,CA,Québec,pm25,158,5.0,44.0,14.0,272.89
2022-04-28,CA,Vancouver,pm25,23,5.0,37.0,12.0,990.87
2022-04-28,CA,Victoria,pm25,44,5.0,34.0,17.0,641.78
2022-04-28,CA,Montréal,pm25,284,3.0,41.0,15.0,483.66
2022-04-28,CA,Toronto,pm25,112,5.0,63.0,17.0,1620.04
2022-04-28,CA,Ottawa,pm25,49,9.0,22.0,16.0,149.74
2022-04-28,CA,London,pm25,25,9.0,30.0,17.0,372.5
2022-04-28,US,Oklahoma City,pm25,96,23.0,50.0,33.0,248.52
2022-04-28,US,Raleigh,pm25,70,5.0,50.0,26.0,1293.26
2022-04-28,US,Memphis,pm25,72,21.0,65.0,41.0,933.71
2022-04-28,US,Jackson,pm25,72,15.0,89.0,47.0,2627.04
2022-04-28,US,Boston,pm25,90,5.0,38.0,13.0,452.76
2022-04-28,US,Richmond,pm25,96,13.0,28.0,19.0,112.5
2022-04-28,US,Portland,pm25,165,5.0,43.0,17.0,381.34
2022-04-28,US,Boise,pm25,43,5.0,30.0,17.0,529.62
2022-04-28,US,Austin,pm25,43,5.0,57.0,38.0,1950.6
2022-04-28,US,Honolulu,pm25,44,5.0,42.0,17.0,770.21
2022-04-28,US,Fresno,pm25,48,9.0,39.0,25.0,482.11
2022-04-28,US,Milwaukee,pm25,143,15.0,62.0,27.0,916.09
2022-04-28,US,Hartford,pm25,48,5.0,24.0,13.0,219.54
2022-04-28,US,Washington D.C.,pm25,113,5.0,38.0,17.0,406.79
2022-04-28,US,Chicago,pm25,214,2.0,51.0,29.0,724.01
2022-04-28,US,Houston,pm25,48,20.0,53.0,36.0,720.99
2022-04-28,US,Indianapolis,pm25,96,21.0,54.0,33.0,558.62
2022-04-28,US,Atlanta,pm25,24,23.0,153.0,57.0,18113.9
2022-04-28,US,Charlotte,pm25,72,21.0,69.0,45.0,1212.94
2022-04-28,US,Sacramento,pm25,63,9.0,46.0,21.0,830.46
2022-04-28,US,Oakland,pm25,93,5.0,46.0,25.0,789.64
2022-04-28,US,Providence,pm25,35,5.0,17.0,9.0,120.2
2022-04-28,US,Staten Island,pm25,106,1.0,33.0,10.0,586.66
2022-04-28,US,Brooklyn,pm25,137,1.0,41.0,13.0,600.99
2022-04-28,US,Springfield,pm25,55,21.0,61.0,35.0,1002.85
2022-04-28,US,The Bronx,pm25,46,1.0,22.0,5.0,329.22
2022-04-28,US,San Jose,pm25,68,5.0,46.0,21.0,974.47
2022-04-28,US,Los Angeles,pm25,72,33.0,84.0,62.0,1080.37
2022-04-28,US,Detroit,pm25,158,7.0,104.0,28.0,2398.28
2022-04-28,US,Little Rock,pm25,24,19.0,73.0,46.0,2365.8
2022-04-28,US,Baltimore,pm25,42,5.0,38.0,16.0,508.53
2022-04-28,US,Phoenix,pm25,183,4.0,65.0,37.0,1723.85
2022-04-28,US,Omaha,pm25,24,13.0,50.0,30.0,576.07
2022-04-28,US,El Paso,pm25,160,5.0,88.0,34.0,2951.31
2022-04-28,US,Seattle,pm25,252,5.0,57.0,21.0,991.05
2022-04-28,US,Manhattan,pm25,59,1.0,36.0,10.0,734.99
2022-04-28,US,Miami,pm25,84,24.0,52.0,38.0,310.86
2022-04-28,US,Jacksonville,pm25,142,22.0,59.0,41.0,511.14
2022-04-28,US,San Antonio,pm25,91,3.0,55.0,30.0,1544.68
2022-04-28,US,Philadelphia,pm25,84,1.0,93.0,17.0,3001.97
2022-04-28,US,San Diego,pm25,16,38.0,61.0,52.0,373.17
2022-04-28,US,Columbus,pm25,48,6.0,42.0,18.0,576.13
2022-04-28,US,Saint Paul,pm25,135,5.0,53.0,21.0,802.07
2022-04-28,US,Denver,pm25,147,30.0,59.0,42.0,440.1
2022-04-28,US,Salt Lake City,pm25,216,25.0,90.0,38.0,1015.42
2022-04-28,US,Albuquerque,pm25,72,25.0,58.0,33.0,422.25
2022-04-28,US,San Francisco,pm25,71,5.0,55.0,30.0,1029.6
2022-04-28,US,Salem,pm25,72,9.0,22.0,15.0,77.79
2022-04-28,US,Madison,pm25,48,16.0,61.0,30.0,1378.09
2022-04-28,US,Nashville,pm25,67,5.0,64.0,44.0,1246.78
2022-04-28,US,Tucson,pm25,164,5.0,112.0,38.0,3194.2
2022-04-28,US,Queens,pm25,77,1.0,28.0,15.0,699.99
2022-04-28,US,Tallahassee,pm25,72,3.0,80.0,50.0,1595.95
2022-04-28,US,Fort Worth,pm25,24,13.0,55.0,30.0,1169.57
2022-04-28,RS,Novi Sad,pm25,48,40.0,80.0,58.0,975.81
2022-04-28,RS,Niš,pm25,48,11.0,73.0,56.0,3156.27
2022-04-28,RS,Belgrade,pm25,120,51.0,92.0,67.0,732.88
2022-04-28,CY,Nicosia,pm25,24,43.0,97.0,66.0,1377.61
2022-04-28,CY,Limassol,pm25,24,48.0,77.0,61.0,878.19
2022-04-28,HR,Zagreb,pm25,24,37.0,58.0,46.0,566.94
2022-04-28,HR,Rijeka,pm25,73,10.0,47.0,27.0,535.54
2022-04-28,MK,Skopje,pm25,166,5.0,92.0,44.0,3588.67
2022-04-29,GE,Tbilisi,pm25,96,47.0,110.0,67.0,2602.5
2022-04-29,HU,Győr,pm25,48,34.0,72.0,46.0,894.45
2022-04-29,HU,Szeged,pm25,24,21.0,65.0,34.0,1910.85
2022-04-29,HU,Pécs,pm25,66,21.0,61.0,42.0,1614.04
2022-04-29,HU,Kecskemét,pm25,48,21.0,59.0,38.0,1575.73
2022-04-29,HU,Miskolc,pm25,120,25.0,85.0,46.0,1902.97
2022-04-29,HU,Budapest,pm25,312,17.0,61.0,34.0,1012.75
2022-04-29,JP,Fukuoka,pm25,390,5.0,80.0,30.0,3684.38
2022-04-29,JP,Kanazawa,pm25,211,5.0,57.0,25.0,1360.69
2022-04-29,JP,Kumamoto,pm25,318,5.0,85.0,34.0,5720.5
2022-04-29,JP,Akita,pm25,41,9.0,63.0,38.0,2612.44
2022-04-29,JP,Kochi,pm25,42,5.0,76.0,30.0,3928.57
2022-04-29,JP,Gifu-shi,pm25,163,5.0,70.0,38.0,3029.51
2022-04-29,JP,Kyoto,pm25,547,5.0,65.0,30.0,2610.27
2022-04-29,JP,Hiroshima,pm25,276,5.0,85.0,38.0,4043.13
2022-04-29,JP,Shizuoka,pm25,217,5.0,68.0,30.0,2366.02
2022-04-29,JP,Chiba,pm25,633,5.0,76.0,25.0,1809.8
2022-04-29,JP,Sapporo,pm25,212,5.0,72.0,30.0,1530.96
2022-04-29,JP,Yokohama,pm25,495,1.0,59.0,30.0,2130.84
2022-04-29,JP,Tokyo,pm25,2366,1.0,78.0,30.0,1732.07
2022-04-29,JP,Saitama,pm25,461,5.0,70.0,34.0,2159.93
2022-04-29,JP,Naha,pm25,115,17.0,53.0,25.0,1272.35
2022-04-29,JP,Nagasaki,pm25,168,5.0,76.0,25.0,4607.63
2022-04-29,JP,Toyama,pm25,185,5.0,74.0,30.0,2001.5
2022-04-29,JP,Niigata,pm25,208,5.0,55.0,25.0,1372.17
2022-04-29,JP,Nara-shi,pm25,173,5.0,57.0,17.0,1704.81
2022-04-29,JP,Okayama,pm25,271,5.0,63.0,30.0,3132.03
2022-04-29,JP,Sendai,pm25,447,5.0,55.0,25.0,1321.37
2022-04-29,JP,Osaka,pm25,1223,5.0,74.0,25.0,2014.38
2022-04-29,JP,Miyazaki,pm25,126,5.0,61.0,34.0,2223.39
2022-04-29,JP,Matsuyama,pm25,142,5.0,104.0,42.0,5490.46
2022-04-29,JP,Wakayama,pm25,258,5.0,68.0,38.0,3366.0
2022-04-29,JP,Takamatsu,pm25,212,5.0,63.0,30.0,2415.09
2022-04-29,JP,Nagoya,pm25,581,1.0,55.0,1.0,413.83
2022-04-29,JP,Ōita,pm25,212,5.0,76.0,21.0,3136.63
2022-04-29,JP,Kobe,pm25,368,5.0,70.0,25.0,2594.16
2022-04-29,JP,Nagano,pm25,63,5.0,53.0,21.0,1676.33
2022-04-29,JP,Utsunomiya,pm25,366,5.0,57.0,30.0,1634.32
2022-04-29,JP,Kagoshima,pm25,91,5.0,59.0,25.0,1117.55
2022-04-29,SK,Košice,pm25,94,38.0,154.0,59.0,5378.99
2022-04-29,SK,Bratislava,pm25,94,13.0,61.0,38.0,1159.1
2022-04-29,FI,Vantaa,pm25,23,1.0,29.0,11.0,623.16
2022-04-29,FI,Turku,pm25,24,4.0,30.0,8.0,339.11
2022-04-29,FI,Helsinki,pm25,117,2.0,41.0,10.0,823.49
2022-04-29,FI,Tampere,pm25,93,3.0,65.0,10.0,2155.47
2022-04-29,ET,Addis Ababa,pm25,48,17.0,152.0,57.0,10364.7
2022-04-29,CH,Zürich,pm25,24,2.0,4.0,2.0,3.46
2022-04-29,CO,Bogotá,pm25,306,1.0,157.0,53.0,13029.7
2022-04-29,CO,Medellín,pm25,292,17.0,80.0,53.0,1637.19
2022-04-29,DK,Copenhagen,pm25,24,26.0,45.0,36.0,210.85
2022-04-29,EC,Quito,pm25,158,1.0,133.0,57.0,5848.37
2022-04-29,GB,Edinburgh,pm25,288,20.0,65.0,34.0,999.51
2022-04-29,GB,Norwich,pm25,13,24.0,40.0,25.0,184.1
2022-04-29,GB,Liverpool,pm25,46,34.0,74.0,59.0,767.4
2022-04-29,GB,Belfast,pm25,65,46.0,75.0,55.0,346.22
2022-04-29,GB,Coventry,pm25,52,34.0,43.0,37.0,65.65
2022-04-29,GB,Leeds,pm25,39,34.0,78.0,50.0,912.73
2022-04-29,GB,Cardiff,pm25,119,34.0,72.0,55.0,597.75
2022-04-29,GB,Bristol,pm25,65,38.0,72.0,53.0,457.57
2022-04-29,GB,London,pm25,547,5.0,160.0,37.0,1388.74
2022-04-29,GB,Birmingham,pm25,39,34.0,52.0,42.0,168.62
2022-04-29,GB,Sheffield,pm25,85,31.0,83.0,50.0,733.83
2022-04-29,GB,Newport,pm25,46,42.0,64.0,53.0,194.99
2022-04-29,GB,Leicester,pm25,17,30.0,39.0,31.0,62.35
2022-04-29,GB,Manchester,pm25,81,42.0,79.0,59.0,435.0
2022-04-29,GB,Reading,pm25,48,13.0,59.0,34.0,1861.54
2022-04-29,GB,Plymouth,pm25,31,42.0,72.0,53.0,448.37
2022-04-29,GB,Glasgow,pm25,548,1.0,89.0,43.0,1459.89
2022-04-29,GB,Preston,pm25,42,45.0,72.0,54.0,453.36
2022-04-29,GB,Swansea,pm25,93,30.0,114.0,57.0,4242.97
2022-04-29,GB,Southend-on-Sea,pm25,40,26.0,48.0,37.0,167.89
2022-04-29,ID,Jakarta,pm25,71,5.0,69.0,42.0,2713.21
2022-04-29,NP,Kathmandu,pm25,91,95.0,203.0,158.0,3938.68
2022-04-29,NP,Pokhara,pm25,10,90.0,154.0,95.0,5270.67
2022-04-29,NP,Biratnagar,pm25,48,69.0,113.0,86.0,1520.69
2022-04-29,AU,Sydney,pm25,155,1.0,71.0,20.0,1270.01
2022-04-29,AU,Newcastle,pm25,141,1.0,48.0,24.0,1030.23
2022-04-29,AU,Launceston,pm25,136,5.0,63.0,13.0,711.12
2022-04-29,AU,Hobart,pm25,65,5.0,38.0,9.0,808.28
2022-04-29,AU,Darwin,pm25,62,2.0,61.0,23.0,1623.73
2022-04-29,AU,Melbourne,pm25,147,1.0,52.0,14.0,943.63
2022-04-29,AU,Canberra,pm25,58,1.0,65.0,21.0,3225.65
2022-04-29,AU,Adelaide,pm25,40,9.0,52.0,21.0,1368.66
2022-04-29,AU,Brisbane,pm25,180,1.0,47.0,21.0,1196.72
2022-04-29,AU,Perth,pm25,84,2.0,24.0,6.0,192.86
2022-04-29,AU,Wollongong,pm25,44,2.0,55.0,20.0,2178.79
2022-04-29,CI,Abidjan,pm25,24,34.0,137.0,59.0,7815.63
2022-04-29,GH,Accra,pm25,24,25.0,162.0,46.0,18905.6
2022-04-29,IS,Reykjavík,pm25,94,7.0,41.0,20.0,350.34
2022-04-29,KG,Bishkek,pm25,21,5.0,72.0,25.0,2667.62
2022-04-29,NL,Utrecht,pm25,33,26.0,58.0,43.0,777.67
2022-04-29,NL,Nijmegen,pm25,47,11.0,70.0,44.0,1819.48
2022-04-29,NL,Haarlem,pm25,137,2.0,88.0,30.0,2207.47
2022-04-29,NL,Eindhoven,pm25,24,41.0,70.0,59.0,615.92
2022-04-29,NL,Rotterdam,pm25,192,7.0,58.0,40.0,525.51
2022-04-29,NL,Amsterdam,pm25,261,2.0,70.0,27.0,1183.12
2022-04-29,NL,Dordrecht,pm25,24,25.0,56.0,41.0,693.75
2022-04-29,NL,Breda,pm25,24,32.0,65.0,46.0,684.06
2022-04-29,NL,Groningen,pm25,48,9.0,49.0,29.0,911.33
2022-04-29,NL,Maastricht,pm25,96,42.0,97.0,61.0,1048.0
2022-04-29,NL,The Hague,pm25,71,7.0,51.0,37.0,757.4
2022-04-29,PT,Lisbon,pm25,29,13.0,31.0,18.0,366.38
2022-04-29,PT,Funchal,pm25,53,1.0,47.0,22.0,1094.46
2022-04-29,CA,Hamilton,pm25,88,9.0,59.0,21.0,1581.39
2022-04-29,CA,Calgary,pm25,83,8.0,56.0,22.0,1750.96
2022-04-29,CA,Halifax,pm25,46,3.0,26.0,9.0,302.59
2022-04-29,CA,Kitchener,pm25,44,9.0,61.0,21.0,2371.26
2022-04-29,CA,Edmonton,pm25,133,2.0,92.0,12.0,1116.25
2022-04-29,CA,Mississauga,pm25,68,9.0,57.0,17.0,1682.02
2022-04-29,CA,Québec,pm25,125,9.0,51.0,16.0,640.8
2022-04-29,CA,Vancouver,pm25,22,10.0,45.0,20.0,1086.6
2022-04-29,CA,Victoria,pm25,41,5.0,63.0,17.0,1022.95
2022-04-29,CA,Montréal,pm25,317,9.0,50.0,18.0,406.11
2022-04-29,CA,Toronto,pm25,135,5.0,68.0,21.0,1563.6
2022-04-29,CA,Ottawa,pm25,45,9.0,30.0,20.0,211.59
2022-04-29,CA,London,pm25,29,9.0,46.0,25.0,977.59
2022-04-29,US,Oklahoma City,pm25,95,22.0,47.0,33.0,254.91
2022-04-29,US,Raleigh,pm25,71,9.0,56.0,34.0,1410.14
2022-04-29,US,Memphis,pm25,71,34.0,81.0,52.0,339.13
2022-04-29,US,Jackson,pm25,72,16.0,75.0,52.0,3036.99
2022-04-29,US,Boston,pm25,78,5.0,42.0,17.0,451.62
2022-04-29,US,Richmond,pm25,96,19.0,41.0,25.0,381.31
2022-04-29,US,Portland,pm25,161,5.0,193.0,15.0,2445.28
2022-04-29,US,Boise,pm25,21,5.0,25.0,13.0,414.48
2022-04-29,US,Austin,pm25,46,9.0,57.0,25.0,1539.65
2022-04-29,US,Honolulu,pm25,44,5.0,46.0,17.0,1279.97
2022-04-29,US,Fresno,pm25,38,17.0,55.0,25.0,1035.9
2022-04-29,US,Milwaukee,pm25,143,18.0,65.0,39.0,1016.62
2022-04-29,US,Hartford,pm25,45,17.0,26.0,19.0,35.43
2022-04-29,US,Washington D.C.,pm25,116,5.0,53.0,21.0,740.69
2022-04-29,US,Chicago,pm25,214,16.0,69.0,37.0,809.78
2022-04-29,US,Houston,pm25,48,13.0,69.0,29.0,1375.96
2022-04-29,US,Indianapolis,pm25,96,26.0,85.0,36.0,986.23
2022-04-29,US,Atlanta,pm25,24,45.0,149.0,69.0,11750.1
2022-04-29,US,Charlotte,pm25,71,34.0,76.0,57.0,602.66
2022-04-29,US,Sacramento,pm25,68,4.0,49.0,21.0,1358.69
2022-04-29,US,Oakland,pm25,95,9.0,50.0,30.0,997.42
2022-04-29,US,Providence,pm25,48,5.0,21.0,9.0,248.44
2022-04-29,US,Staten Island,pm25,107,1.0,89.0,14.0,1311.53
2022-04-29,US,Brooklyn,pm25,130,1.0,47.0,18.0,746.78
2022-04-29,US,Springfield,pm25,72,20.0,60.0,45.0,629.81
2022-04-29,US,The Bronx,pm25,39,4.0,34.0,9.0,612.0
2022-04-29,US,San Jose,pm25,70,5.0,63.0,30.0,1521.55
2022-04-29,US,Los Angeles,pm25,72,29.0,89.0,60.0,1055.4
2022-04-29,US,Detroit,pm25,155,11.0,79.0,29.0,1433.32
2022-04-29,US,Little Rock,pm25,24,36.0,84.0,48.0,1155.58
2022-04-29,US,Baltimore,pm25,46,5.0,82.0,23.0,2035.37
2022-04-29,US,Phoenix,pm25,186,18.0,74.0,46.0,1122.97
2022-04-29,US,Omaha,pm25,46,5.0,50.0,25.0,1190.69
2022-04-29,US,El Paso,pm25,168,5.0,72.0,30.0,2388.9
2022-04-29,US,Seattle,pm25,233,5.0,42.0,17.0,699.02
2022-04-29,US,Manhattan,pm25,66,1.0,48.0,14.0,710.07
2022-04-29,US,Miami,pm25,94,18.0,43.0,30.0,326.54
2022-04-29,US,Jacksonville,pm25,144,29.0,60.0,38.0,442.42
2022-04-29,US,San Antonio,pm25,93,5.0,57.0,32.0,1419.27
2022-04-29,US,Philadelphia,pm25,94,1.0,54.0,20.0,824.48
2022-04-29,US,San Diego,pm25,24,40.0,63.0,57.0,286.07
2022-04-29,US,Columbus,pm25,48,1.0,43.0,28.0,712.91
2022-04-29,US,Saint Paul,pm25,127,17.0,61.0,42.0,1016.83
2022-04-29,US,Denver,pm25,138,5.0,74.0,34.0,2389.41
2022-04-29,US,Salt Lake City,pm25,216,10.0,67.0,17.0,1183.74
2022-04-29,US,Albuquerque,pm25,63,28.0,80.0,43.0,1345.62
2022-04-29,US,San Francisco,pm25,71,9.0,68.0,34.0,1604.35
2022-04-29,US,Salem,pm25,72,8.0,23.0,11.0,74.18
2022-04-29,US,Madison,pm25,48,33.0,59.0,44.0,805.1
2022-04-29,US,Nashville,pm25,73,38.0,78.0,57.0,458.34
2022-04-29,US,Tucson,pm25,165,13.0,65.0,42.0,1318.45
2022-04-29,US,Queens,pm25,93,1.0,35.0,17.0,642.96
2022-04-29,US,Tallahassee,pm25,72,26.0,193.0,50.0,5448.5
2022-04-29,US,Fort Worth,pm25,22,13.0,38.0,21.0,637.42
2022-04-29,RS,Novi Sad,pm25,48,10.0,86.0,42.0,4865.81
2022-04-29,RS,Niš,pm25,48,34.0,100.0,57.0,2212.3
2022-04-29,RS,Belgrade,pm25,120,12.0,104.0,52.0,3541.88
2022-04-29,CY,Nicosia,pm25,21,23.0,86.0,66.0,1541.62
2022-04-29,CY,Limassol,pm25,17,46.0,71.0,56.0,623.75
2022-04-29,HR,Zagreb,pm25,23,42.0,77.0,53.0,1061.7
2022-04-29,HR,Rijeka,pm25,73,24.0,48.0,32.0,366.73
2022-04-29,MK,Skopje,pm25,168,5.0,78.0,42.0,2883.33
2022-04-30,GE,Tbilisi,pm25,96,35.0,85.0,52.0,1078.68
2022-04-30,HU,Győr,pm25,48,25.0,82.0,55.0,2549.77
2022-04-30,HU,Szeged,pm25,24,25.0,468.0,38.0,163597.0
2022-04-30,HU,Pécs,pm25,66,17.0,57.0,38.0,2016.5
2022-04-30,HU,Kecskemét,pm25,48,21.0,93.0,59.0,5772.48
2022-04-30,HU,Miskolc,pm25,117,25.0,95.0,68.0,2612.28
2022-04-30,HU,Budapest,pm25,305,13.0,76.0,46.0,1678.11
2022-04-30,JP,Fukuoka,pm25,386,5.0,97.0,25.0,2438.16
2022-04-30,JP,Kanazawa,pm25,207,5.0,76.0,21.0,1735.39
2022-04-30,JP,Kumamoto,pm25,311,5.0,174.0,30.0,7760.15
2022-04-30,JP,Akita,pm25,39,5.0,59.0,21.0,2262.48
2022-04-30,JP,Kochi,pm25,42,5.0,38.0,17.0,535.22
2022-04-30,JP,Gifu-shi,pm25,144,5.0,68.0,21.0,2623.7
2022-04-30,JP,Kyoto,pm25,550,5.0,78.0,30.0,1745.64
2022-04-30,JP,Hiroshima,pm25,278,5.0,65.0,34.0,2096.58
2022-04-30,JP,Shizuoka,pm25,205,5.0,72.0,17.0,1892.61
2022-04-30,JP,Chiba,pm25,598,5.0,78.0,21.0,2397.14
2022-04-30,JP,Sapporo,pm25,199,5.0,61.0,21.0,2338.66
2022-04-30,JP,Yokohama,pm25,446,1.0,76.0,17.0,1852.23
2022-04-30,JP,Tokyo,pm25,2053,1.0,89.0,21.0,1917.19
2022-04-30,JP,Saitama,pm25,404,5.0,65.0,17.0,1284.74
2022-04-30,JP,Naha,pm25,115,17.0,42.0,25.0,514.42
2022-04-30,JP,Nagasaki,pm25,164,5.0,70.0,21.0,2924.23
2022-04-30,JP,Toyama,pm25,177,5.0,53.0,21.0,1075.94
2022-04-30,JP,Niigata,pm25,178,5.0,46.0,17.0,839.89
2022-04-30,JP,Nara-shi,pm25,175,5.0,57.0,25.0,1897.25
2022-04-30,JP,Okayama,pm25,276,5.0,68.0,30.0,2501.62
2022-04-30,JP,Sendai,pm25,371,5.0,61.0,21.0,1604.28
2022-04-30,JP,Osaka,pm25,1324,5.0,82.0,25.0,1757.19
2022-04-30,JP,Miyazaki,pm25,119,5.0,59.0,30.0,2169.2
2022-04-30,JP,Matsuyama,pm25,140,5.0,76.0,30.0,2700.4
2022-04-30,JP,Wakayama,pm25,266,5.0,74.0,30.0,1655.28
2022-04-30,JP,Takamatsu,pm25,200,5.0,57.0,21.0,1614.85
2022-04-30,JP,Nagoya,pm25,620,1.0,89.0,17.0,1752.6
2022-04-30,JP,Ōita,pm25,214,5.0,63.0,21.0,1886.58
2022-04-30,JP,Kobe,pm25,400,5.0,65.0,30.0,2037.92
2022-04-30,JP,Nagano,pm25,50,5.0,38.0,17.0,989.18
2022-04-30,JP,Utsunomiya,pm25,359,5.0,46.0,17.0,994.19
2022-04-30,JP,Kagoshima,pm25,95,13.0,59.0,38.0,1430.1
2022-04-30,SK,Košice,pm25,96,34.0,124.0,63.0,2126.62
2022-04-30,SK,Bratislava,pm25,95,34.0,76.0,53.0,822.38
2022-04-30,FI,Vantaa,pm25,23,6.0,29.0,17.0,252.61
2022-04-30,FI,Turku,pm25,24,6.0,30.0,11.0,241.72
2022-04-30,FI,Helsinki,pm25,119,3.0,30.0,15.0,264.14
2022-04-30,FI,Tampere,pm25,96,6.0,45.0,15.0,991.37
2022-04-30,ET,Addis Ababa,pm25,44,30.0,153.0,63.0,4731.43
2022-04-30,CH,Zürich,pm25,20,1.0,4.0,2.0,4.71
2022-04-30,CO,Bogotá,pm25,270,5.0,97.0,30.0,2993.33
2022-04-30,CO,Medellín,pm25,288,21.0,87.0,57.0,1252.31
2022-04-30,DK,Copenhagen,pm25,24,24.0,57.0,37.0,572.97
2022-04-30,EC,Quito,pm25,189,1.0,109.0,31.0,4901.9
2022-04-30,GB,Edinburgh,pm25,286,4.0,67.0,38.0,2731.37
2022-04-30,GB,Norwich,pm25,15,34.0,48.0,42.0,285.52
2022-04-30,GB,Liverpool,pm25,35,52.0,81.0,63.0,716.76
2022-04-30,GB,Belfast,pm25,102,41.0,81.0,65.0,528.1
2022-04-30,GB,Coventry,pm25,48,28.0,56.0,40.0,473.03
2022-04-30,GB,Leeds,pm25,41,53.0,70.0,55.0,232.99
2022-04-30,GB,Cardiff,pm25,119,5.0,74.0,53.0,1932.17
2022-04-30,GB,Bristol,pm25,71,25.0,70.0,50.0,709.27
2022-04-30,GB,London,pm25,539,5.0,76.0,42.0,1617.8
2022-04-30,GB,Birmingham,pm25,35,25.0,59.0,42.0,734.92
2022-04-30,GB,Sheffield,pm25,77,38.0,72.0,50.0,592.23
2022-04-30,GB,Newport,pm25,46,11.0,55.0,45.0,1988.29
2022-04-30,GB,Leicester,pm25,16,28.0,60.0,41.0,1044.0
2022-04-30,GB,Manchester,pm25,81,36.0,70.0,58.0,775.43
2022-04-30,GB,Reading,pm25,48,13.0,50.0,30.0,1160.41
2022-04-30,GB,Plymouth,pm25,31,42.0,74.0,50.0,566.07
2022-04-30,GB,Glasgow,pm25,569,1.0,66.0,44.0,3121.8
2022-04-30,GB,Preston,pm25,45,35.0,69.0,57.0,359.95
2022-04-30,GB,Swansea,pm25,93,17.0,82.0,53.0,1537.16
2022-04-30,GB,Southend-on-Sea,pm25,48,26.0,59.0,37.0,521.06
2022-04-30,ID,Jakarta,pm25,71,38.0,152.0,76.0,5773.65
2022-04-30,NP,Kathmandu,pm25,96,61.0,236.0,139.0,20101.3
2022-04-30,NP,Pokhara,pm25,9,61.0,98.0,70.0,2605.0
2022-04-30,NP,Biratnagar,pm25,48,39.0,72.0,58.0,609.63
2022-04-30,AU,Sydney,pm25,156,1.0,45.0,17.0,947.31
2022-04-30,AU,Newcastle,pm25,126,1.0,69.0,12.0,1251.0
2022-04-30,AU,Launceston,pm25,95,5.0,109.0,5.0,1603.53
2022-04-30,AU,Hobart,pm25,30,5.0,13.0,5.0,51.68
2022-04-30,AU,Darwin,pm25,60,1.0,51.0,18.0,868.03
2022-04-30,AU,Melbourne,pm25,155,1.0,59.0,20.0,1615.47
2022-04-30,AU,Canberra,pm25,45,1.0,57.0,21.0,2876.92
2022-04-30,AU,Adelaide,pm25,95,1.0,59.0,25.0,1252.31
2022-04-30,AU,Brisbane,pm25,188,1.0,51.0,23.0,1437.43
2022-04-30,AU,Perth,pm25,91,2.0,18.0,10.0,143.67
2022-04-30,AU,Wollongong,pm25,40,1.0,64.0,17.0,2177.94
2022-04-30,CI,Abidjan,pm25,24,13.0,124.0,46.0,7439.98
2022-04-30,GH,Accra,pm25,24,17.0,74.0,30.0,3735.0
2022-04-30,IS,Reykjavík,pm25,75,5.0,37.0,19.0,882.08
2022-04-30,KG,Bishkek,pm25,23,13.0,70.0,46.0,4025.34
2022-04-30,NL,Utrecht,pm25,48,26.0,65.0,40.0,751.02
2022-04-30,NL,Nijmegen,pm25,45,10.0,69.0,38.0,1526.65
2022-04-30,NL,Haarlem,pm25,139,4.0,73.0,33.0,2259.03
2022-04-30,NL,Eindhoven,pm25,24,35.0,58.0,49.0,482.32
2022-04-30,NL,Rotterdam,pm25,192,2.0,63.0,30.0,584.81
2022-04-30,NL,Amsterdam,pm25,264,8.0,62.0,32.0,1167.92
2022-04-30,NL,Dordrecht,pm25,24,22.0,53.0,38.0,711.88
2022-04-30,NL,Breda,pm25,24,21.0,53.0,37.0,626.94
2022-04-30,NL,Groningen,pm25,48,10.0,60.0,31.0,871.06
2022-04-30,NL,Maastricht,pm25,94,13.0,63.0,34.0,893.14
2022-04-30,NL,The Hague,pm25,72,15.0,46.0,28.0,342.82
2022-04-30,PT,Lisbon,pm25,4,38.0,53.0,39.0,615.83
2022-04-30,PT,Funchal,pm25,63,1.0,43.0,18.0,1176.49
2022-04-30,CA,Hamilton,pm25,91,9.0,65.0,30.0,2435.85
2022-04-30,CA,Calgary,pm25,85,8.0,213.0,23.0,7623.2
2022-04-30,CA,Halifax,pm25,28,5.0,15.0,8.0,72.63
2022-04-30,CA,Kitchener,pm25,47,5.0,59.0,25.0,2140.56
2022-04-30,CA,Edmonton,pm25,138,3.0,93.0,20.0,3136.1
2022-04-30,CA,Mississauga,pm25,64,9.0,95.0,21.0,2365.53
2022-04-30,CA,Québec,pm25,182,7.0,58.0,20.0,905.87
2022-04-30,CA,Vancouver,pm25,23,8.0,31.0,15.0,421.66
2022-04-30,CA,Victoria,pm25,46,5.0,68.0,17.0,1110.94
2022-04-30,CA,Montréal,pm25,334,9.0,67.0,21.0,948.74
2022-04-30,CA,Toronto,pm25,137,5.0,124.0,25.0,3362.06
2022-04-30,CA,Ottawa,pm25,59,9.0,114.0,20.0,1997.96
2022-04-30,CA,London,pm25,21,17.0,50.0,30.0,1236.29
2022-04-30,US,Oklahoma City,pm25,96,5.0,71.0,21.0,1919.68
2022-04-30,US,Raleigh,pm25,72,30.0,65.0,46.0,1007.37
2022-04-30,US,Memphis,pm25,72,22.0,61.0,42.0,1019.2
2022-04-30,US,Jackson,pm25,72,13.0,56.0,40.0,1446.54
2022-04-30,US,Boston,pm25,103,5.0,53.0,17.0,600.28
2022-04-30,US,Richmond,pm25,96,19.0,45.0,29.0,509.32
2022-04-30,US,Portland,pm25,167,5.0,56.0,14.0,660.39
2022-04-30,US,Boise,pm25,22,5.0,50.0,17.0,1409.81
2022-04-30,US,Austin,pm25,45,9.0,68.0,30.0,2374.46
2022-04-30,US,Honolulu,pm25,44,5.0,42.0,17.0,935.79
2022-04-30,US,Fresno,pm25,48,1.0,59.0,25.0,2202.66
2022-04-30,US,Milwaukee,pm25,144,21.0,64.0,41.0,1133.61
2022-04-30,US,Hartford,pm25,48,11.0,52.0,16.0,679.36
2022-04-30,US,Washington D.C.,pm25,111,5.0,55.0,26.0,1290.99
2022-04-30,US,Chicago,pm25,212,18.0,62.0,42.0,1165.61
2022-04-30,US,Houston,pm25,48,18.0,59.0,48.0,1418.72
2022-04-30,US,Indianapolis,pm25,96,25.0,80.0,47.0,942.46
2022-04-30,US,Atlanta,pm25,24,44.0,98.0,49.0,1407.54
2022-04-30,US,Charlotte,pm25,72,13.0,68.0,38.0,1434.08
2022-04-30,US,Sacramento,pm25,68,5.0,42.0,19.0,961.97
2022-04-30,US,Oakland,pm25,93,9.0,53.0,25.0,1196.22
2022-04-30,US,Providence,pm25,53,5.0,30.0,13.0,384.37
2022-04-30,US,Staten Island,pm25,108,1.0,53.0,20.0,1517.97
2022-04-30,US,Brooklyn,pm25,126,3.0,48.0,18.0,1205.03
2022-04-30,US,Springfield,pm25,51,6.0,59.0,52.0,2014.01
2022-04-30,US,The Bronx,pm25,35,3.0,33.0,13.0,986.35
2022-04-30,US,San Jose,pm25,64,5.0,59.0,25.0,1734.56
2022-04-30,US,Los Angeles,pm25,72,43.0,91.0,63.0,1082.1
2022-04-30,US,Detroit,pm25,144,20.0,78.0,30.0,999.93
2022-04-30,US,Little Rock,pm25,24,7.0,56.0,42.0,1537.97
2022-04-30,US,Baltimore,pm25,47,5.0,68.0,24.0,2781.74
2022-04-30,US,Phoenix,pm25,184,19.0,68.0,51.0,885.55
2022-04-30,US,Omaha,pm25,25,5.0,30.0,9.0,471.6
2022-04-30,US,El Paso,pm25,167,17.0,82.0,53.0,1836.06
2022-04-30,US,Seattle,pm25,248,3.0,58.0,19.0,1117.08
2022-04-30,US,Manhattan,pm25,69,1.0,75.0,15.0,2258.73
2022-04-30,US,Miami,pm25,91,12.0,51.0,24.0,462.34
2022-04-30,US,Jacksonville,pm25,144,24.0,71.0,36.0,583.76
2022-04-30,US,San Antonio,pm25,94,7.0,72.0,44.0,1732.14
2022-04-30,US,Philadelphia,pm25,91,2.0,100.0,24.0,2920.3
2022-04-30,US,San Diego,pm25,24,37.0,73.0,56.0,829.4
2022-04-30,US,Columbus,pm25,48,14.0,54.0,35.0,1063.26
2022-04-30,US,Saint Paul,pm25,106,5.0,824.0,38.0,59637.1
2022-04-30,US,Denver,pm25,134,9.0,38.0,17.0,210.14
2022-04-30,US,Salt Lake City,pm25,216,10.0,51.0,23.0,949.92
2022-04-30,US,Albuquerque,pm25,67,18.0,61.0,32.0,816.16
2022-04-30,US,San Francisco,pm25,70,5.0,57.0,30.0,2108.24
2022-04-30,US,Salem,pm25,72,6.0,36.0,11.0,259.42
2022-04-30,US,Madison,pm25,48,9.0,75.0,48.0,2284.24
2022-04-30,US,Nashville,pm25,72,25.0,63.0,50.0,1006.17
2022-04-30,US,Tucson,pm25,167,25.0,164.0,50.0,6023.09
2022-04-30,US,Queens,pm25,96,4.0,35.0,17.0,858.46
2022-04-30,US,Tallahassee,pm25,72,16.0,55.0,42.0,658.49
2022-04-30,US,Fort Worth,pm25,16,5.0,34.0,21.0,757.29
2022-04-30,RS,Novi Sad,pm25,48,13.0,90.0,31.0,3221.17
2022-04-30,RS,Niš,pm25,48,20.0,84.0,40.0,2765.7
2022-04-30,RS,Belgrade,pm25,120,17.0,98.0,48.0,3312.77
2022-04-30,CY,Nicosia,pm25,24,63.0,114.0,82.0,3023.48
2022-04-30,CY,Limassol,pm25,8,14.0,98.0,77.0,6573.57
2022-04-30,HR,Zagreb,pm25,23,28.0,116.0,60.0,6775.38
2022-04-30,HR,Rijeka,pm25,71,18.0,49.0,30.0,848.78
2022-04-30,MK,Skopje,pm25,166,7.0,72.0,39.0,2814.76
2022-05-01,GE,Tbilisi,pm25,96,46.0,126.0,60.0,5442.71
2022-05-01,HU,Győr,pm25,48,9.0,80.0,53.0,3418.71
2022-05-01,HU,Szeged,pm25,24,13.0,161.0,34.0,17472.1
2022-05-01,HU,Pécs,pm25,63,21.0,42.0,25.0,698.2
2022-05-01,HU,Kecskemét,pm25,46,34.0,72.0,55.0,1799.92
2022-05-01,HU,Miskolc,pm25,116,21.0,97.0,59.0,2772.76
2022-05-01,HU,Budapest,pm25,305,17.0,70.0,46.0,1878.03
2022-05-01,JP,Fukuoka,pm25,392,5.0,112.0,42.0,1613.54
2022-05-01,JP,Kanazawa,pm25,212,5.0,99.0,21.0,1809.78
2022-05-01,JP,Kumamoto,pm25,370,5.0,112.0,42.0,2304.5
2022-05-01,JP,Akita,pm25,38,9.0,59.0,30.0,1620.15
2022-05-01,JP,Kochi,pm25,47,9.0,53.0,30.0,1518.94
2022-05-01,JP,Gifu-shi,pm25,154,5.0,76.0,25.0,2478.04
2022-05-01,JP,Kyoto,pm25,554,5.0,61.0,30.0,1954.36
2022-05-01,JP,Hiroshima,pm25,320,5.0,76.0,38.0,1793.1
2022-05-01,JP,Shizuoka,pm25,243,5.0,80.0,25.0,1470.81
2022-05-01,JP,Chiba,pm25,741,5.0,93.0,25.0,1860.28
2022-05-01,JP,Sapporo,pm25,210,5.0,55.0,25.0,1154.8
2022-05-01,JP,Yokohama,pm25,539,1.0,87.0,30.0,2199.64
2022-05-01,JP,Tokyo,pm25,2569,5.0,93.0,38.0,1336.09
2022-05-01,JP,Saitama,pm25,471,5.0,63.0,38.0,1240.77
2022-05-01,JP,Naha,pm25,120,5.0,25.0,17.0,329.13
2022-05-01,JP,Nagasaki,pm25,190,5.0,78.0,38.0,1321.87
2022-05-01,JP,Toyama,pm25,177,5.0,61.0,21.0,1563.69
2022-05-01,JP,Niigata,pm25,209,9.0,53.0,25.0,768.4
2022-05-01,JP,Nara-shi,pm25,187,5.0,53.0,30.0,1152.88
2022-05-01,JP,Okayama,pm25,287,21.0,76.0,50.0,875.62
2022-05-01,JP,Sendai,pm25,464,5.0,57.0,25.0,896.16
2022-05-01,JP,Osaka,pm25,1404,5.0,74.0,30.0,1809.57
2022-05-01,JP,Miyazaki,pm25,135,5.0,85.0,46.0,3313.35
2022-05-01,JP,Matsuyama,pm25,162,5.0,70.0,34.0,2064.51
2022-05-01,JP,Wakayama,pm25,281,5.0,63.0,30.0,1970.38
2022-05-01,JP,Takamatsu,pm25,236,9.0,65.0,38.0,1084.68
2022-05-01,JP,Nagoya,pm25,771,1.0,87.0,25.0,1247.34
2022-05-01,JP,Ōita,pm25,258,5.0,61.0,38.0,1817.0
2022-05-01,JP,Kobe,pm25,415,5.0,70.0,30.0,2509.15
2022-05-01,JP,Nagano,pm25,57,5.0,46.0,30.0,1453.69
2022-05-01,JP,Utsunomiya,pm25,402,5.0,59.0,25.0,1237.22
2022-05-01,JP,Kagoshima,pm25,95,34.0,65.0,50.0,468.31
2022-05-01,SK,Košice,pm25,96,38.0,153.0,59.0,1999.29
2022-05-01,SK,Bratislava,pm25,94,17.0,76.0,55.0,837.35
2022-05-01,FI,Vantaa,pm25,21,3.0,31.0,16.0,676.0
2022-05-01,FI,Turku,pm25,24,3.0,22.0,13.0,333.26
2022-05-01,FI,Helsinki,pm25,120,1.0,32.0,16.0,361.97
2022-05-01,FI,Tampere,pm25,96,7.0,43.0,12.0,721.87
2022-05-01,ET,Addis Ababa,pm25,46,53.0,151.0,80.0,5065.55
2022-05-01,CH,Zürich,pm25,16,1.0,3.0,2.0,3.83
2022-05-01,CO,Bogotá,pm25,327,2.0,102.0,39.0,4728.45
2022-05-01,CO,Medellín,pm25,321,17.0,88.0,55.0,1534.38
2022-05-01,DK,Copenhagen,pm25,24,13.0,56.0,37.0,1391.01
2022-05-01,EC,Quito,pm25,190,2.0,109.0,46.0,4251.97
2022-05-01,GB,Edinburgh,pm25,284,2.0,45.0,9.0,888.28
2022-05-01,GB,Norwich,pm25,24,38.0,91.0,47.0,1387.37
2022-05-01,GB,Liverpool,pm25,40,38.0,63.0,50.0,517.72
2022-05-01,GB,Belfast,pm25,100,5.0,63.0,30.0,2977.68
2022-05-01,GB,Coventry,pm25,69,23.0,64.0,36.0,1585.48
2022-05-01,GB,Leeds,pm25,35,42.0,65.0,50.0,444.17
2022-05-01,GB,Cardiff,pm25,120,9.0,89.0,53.0,1576.46
2022-05-01,GB,Bristol,pm25,70,42.0,76.0,55.0,443.52
2022-05-01,GB,London,pm25,531,5.0,122.0,48.0,1451.16
2022-05-01,GB,Birmingham,pm25,45,25.0,62.0,36.0,949.01
2022-05-01,GB,Sheffield,pm25,58,30.0,65.0,44.0,575.28
2022-05-01,GB,Newport,pm25,48,34.0,63.0,50.0,542.82
2022-05-01,GB,Leicester,pm25,23,21.0,66.0,39.0,1624.47
2022-05-01,GB,Manchester,pm25,71,28.0,71.0,43.0,1069.4
2022-05-01,GB,Reading,pm25,48,21.0,74.0,34.0,2285.37
2022-05-01,GB,Plymouth,pm25,44,38.0,74.0,57.0,389.51
2022-05-01,GB,Glasgow,pm25,561,1.0,49.0,14.0,332.88
2022-05-01,GB,Preston,pm25,42,40.0,66.0,54.0,371.36
2022-05-01,GB,Swansea,pm25,94,17.0,70.0,46.0,1770.27
2022-05-01,GB,Southend-on-Sea,pm25,44,34.0,60.0,46.0,403.48
2022-05-01,ID,Jakarta,pm25,64,46.0,170.0,88.0,15644.7
2022-05-01,NP,Kathmandu,pm25,94,59.0,200.0,117.0,16268.2
2022-05-01,NP,Pokhara,pm25,10,61.0,111.0,71.0,2353.78
2022-05-01,NP,Biratnagar,pm25,46,50.0,86.0,59.0,957.91
2022-05-01,AU,Sydney,pm25,157,1.0,84.0,14.0,1727.82
2022-05-01,AU,Newcastle,pm25,140,1.0,59.0,20.0,1806.73
2022-05-01,AU,Launceston,pm25,94,5.0,50.0,5.0,425.58
2022-05-01,AU,Hobart,pm25,36,5.0,17.0,5.0,69.59
2022-05-01,AU,Darwin,pm25,68,1.0,96.0,16.0,2573.06
2022-05-01,AU,Melbourne,pm25,157,2.0,53.0,21.0,1092.42
2022-05-01,AU,Canberra,pm25,68,4.0,78.0,30.0,3599.95
2022-05-01,AU,Adelaide,pm25,89,5.0,58.0,15.0,1122.95
2022-05-01,AU,Brisbane,pm25,186,1.0,53.0,18.0,1398.91
2022-05-01,AU,Perth,pm25,92,5.0,22.0,11.0,179.14
2022-05-01,AU,Wollongong,pm25,33,1.0,41.0,17.0,1377.58
2022-05-01,CI,Abidjan,pm25,24,5.0,68.0,25.0,3563.46
2022-05-01,GH,Accra,pm25,24,13.0,89.0,38.0,4535.0
2022-05-01,IS,Reykjavík,pm25,96,6.0,54.0,25.0,1473.88
2022-05-01,KG,Bishkek,pm25,23,9.0,82.0,21.0,4309.53
2022-05-01,NL,Utrecht,pm25,48,10.0,73.0,53.0,2531.98
2022-05-01,NL,Nijmegen,pm25,45,17.0,80.0,50.0,1756.13
2022-05-01,NL,Haarlem,pm25,141,3.0,86.0,51.0,3268.92
2022-05-01,NL,Eindhoven,pm25,24,21.0,76.0,56.0,2071.88
2022-05-01,NL,Rotterdam,pm25,192,26.0,75.0,49.0,1065.29
2022-05-01,NL,Amsterdam,pm25,263,3.0,83.0,46.0,2387.67
2022-05-01,NL,Dordrecht,pm25,24,26.0,75.0,54.0,2229.84
2022-05-01,NL,Breda,pm25,24,27.0,64.0,42.0,1723.03
2022-05-01,NL,Groningen,pm25,48,11.0,63.0,28.0,2003.61
2022-05-01,NL,Maastricht,pm25,96,34.0,74.0,57.0,693.47
2022-05-01,NL,The Hague,pm25,72,17.0,64.0,47.0,1397.7
2022-05-01,PT,Lisbon,pm25,11,21.0,36.0,24.0,200.73
2022-05-01,PT,Funchal,pm25,66,1.0,38.0,18.0,804.59
2022-05-01,CA,Hamilton,pm25,90,17.0,74.0,34.0,2045.19
2022-05-01,CA,Calgary,pm25,92,12.0,75.0,23.0,990.4
2022-05-01,CA,Halifax,pm25,23,3.0,8.0,5.0,19.88
2022-05-01,CA,Kitchener,pm25,48,9.0,68.0,25.0,3195.42
2022-05-01,CA,Edmonton,pm25,137,2.0,52.0,18.0,723.57
2022-05-01,CA,Mississauga,pm25,65,9.0,87.0,25.0,2836.31
2022-05-01,CA,Québec,pm25,152,7.0,56.0,16.0,751.18
2022-05-01,CA,Vancouver,pm25,23,7.0,41.0,18.0,1739.49
2022-05-01,CA,Victoria,pm25,45,13.0,61.0,30.0,1065.43
2022-05-01,CA,Montréal,pm25,376,6.0,73.0,18.0,2460.27
2022-05-01,CA,Toronto,pm25,135,9.0,55.0,21.0,739.71
2022-05-01,CA,Ottawa,pm25,63,9.0,61.0,18.0,1080.6
2022-05-01,CA,London,pm25,24,9.0,53.0,30.0,1656.36
2022-05-01,US,Oklahoma City,pm25,95,14.0,63.0,25.0,762.27
2022-05-01,US,Raleigh,pm25,71,5.0,73.0,45.0,1591.98
2022-05-01,US,Memphis,pm25,70,11.0,56.0,29.0,952.37
2022-05-01,US,Jackson,pm25,72,7.0,55.0,30.0,1310.33
2022-05-01,US,Boston,pm25,139,9.0,59.0,25.0,920.74
2022-05-01,US,Richmond,pm25,96,28.0,54.0,45.0,540.52
2022-05-01,US,Portland,pm25,167,9.0,55.0,18.0,964.21
2022-05-01,US,Boise,pm25,8,9.0,25.0,13.0,271.43
2022-05-01,US,Austin,pm25,47,5.0,63.0,38.0,2135.58
2022-05-01,US,Honolulu,pm25,45,5.0,53.0,17.0,1096.55
2022-05-01,US,Fresno,pm25,48,5.0,53.0,25.0,1062.91
2022-05-01,US,Milwaukee,pm25,144,6.0,64.0,14.0,1315.03
2022-05-01,US,Hartford,pm25,48,11.0,51.0,23.0,1009.14
2022-05-01,US,Washington D.C.,pm25,120,21.0,63.0,36.0,884.87
2022-05-01,US,Chicago,pm25,192,6.0,47.0,14.0,612.33
2022-05-01,US,Houston,pm25,48,4.0,65.0,43.0,1004.14
2022-05-01,US,Indianapolis,pm25,95,10.0,55.0,18.0,1000.53
2022-05-01,US,Atlanta,pm25,24,38.0,65.0,52.0,891.88
2022-05-01,US,Charlotte,pm25,72,5.0,65.0,38.0,1159.71
2022-05-01,US,Sacramento,pm25,68,5.0,55.0,25.0,1539.55
2022-05-01,US,Oakland,pm25,95,5.0,50.0,30.0,1089.16
2022-05-01,US,Providence,pm25,64,5.0,46.0,17.0,939.52
2022-05-01,US,Staten Island,pm25,114,2.0,66.0,34.0,2132.83
2022-05-01,US,Brooklyn,pm25,143,2.0,69.0,30.0,2209.29
2022-05-01,US,Springfield,pm25,48,5.0,31.0,11.0,375.04
2022-05-01,US,The Bronx,pm25,47,2.0,44.0,23.0,1156.76
2022-05-01,US,San Jose,pm25,72,9.0,61.0,30.0,1009.55
2022-05-01,US,Los Angeles,pm25,72,34.0,81.0,61.0,689.11
2022-05-01,US,Detroit,pm25,144,17.0,79.0,40.0,2059.81
2022-05-01,US,Little Rock,pm25,24,6.0,66.0,29.0,2997.61
2022-05-01,US,Baltimore,pm25,48,21.0,68.0,44.0,1340.64
2022-05-01,US,Phoenix,pm25,182,7.0,72.0,46.0,1108.9
2022-05-01,US,Omaha,pm25,31,5.0,30.0,9.0,408.49
2022-05-01,US,El Paso,pm25,150,4.0,102.0,46.0,3648.76
2022-05-01,US,Seattle,pm25,262,5.0,57.0,30.0,1381.46
2022-05-01,US,Manhattan,pm25,68,1.0,50.0,27.0,1573.88
2022-05-01,US,Miami,pm25,94,18.0,37.0,28.0,171.76
2022-05-01,US,Jacksonville,pm25,144,16.0,82.0,34.0,800.41
2022-05-01,US,San Antonio,pm25,93,17.0,61.0,46.0,1098.11
2022-05-01,US,Philadelphia,pm25,83,10.0,129.0,40.0,3863.67
2022-05-01,US,San Diego,pm25,24,36.0,81.0,53.0,1187.81
2022-05-01,US,Columbus,pm25,48,6.0,62.0,35.0,2034.4
2022-05-01,US,Saint Paul,pm25,87,5.0,42.0,13.0,462.52
2022-05-01,US,Denver,pm25,140,13.0,46.0,30.0,484.59
2022-05-01,US,Salt Lake City,pm25,215,4.0,57.0,15.0,934.28
2022-05-01,US,Albuquerque,pm25,48,34.0,104.0,55.0,1879.84
2022-05-01,US,San Francisco,pm25,72,13.0,68.0,30.0,1661.67
2022-05-01,US,Salem,pm25,72,8.0,40.0,11.0,272.58
2022-05-01,US,Madison,pm25,48,5.0,18.0,13.0,171.06
2022-05-01,US,Nashville,pm25,72,9.0,56.0,38.0,1210.26
2022-05-01,US,Tucson,pm25,168,9.0,72.0,46.0,1748.23
2022-05-01,US,Queens,pm25,96,2.0,50.0,29.0,1436.94
2022-05-01,US,Tallahassee,pm25,72,10.0,58.0,32.0,1348.4
2022-05-01,US,Fort Worth,pm25,21,5.0,42.0,17.0,1007.57
2022-05-01,RS,Novi Sad,pm25,48,9.0,51.0,26.0,1406.22
2022-05-01,RS,Niš,pm25,48,17.0,47.0,25.0,570.92
2022-05-01,RS,Belgrade,pm25,111,8.0,58.0,30.0,756.58
2022-05-01,CY,Nicosia,pm25,24,55.0,73.0,64.0,156.23
2022-05-01,CY,Limassol,pm25,24,58.0,80.0,68.0,360.8
2022-05-01,HR,Zagreb,pm25,23,38.0,76.0,54.0,959.68
2022-05-01,HR,Rijeka,pm25,71,6.0,68.0,39.0,2168.66
2022-05-01,MK,Skopje,pm25,168,8.0,84.0,50.0,3485.73
2022-05-02,GE,Tbilisi,pm25,96,14.0,109.0,42.0,3673.95
2022-05-02,HU,Győr,pm25,46,21.0,80.0,53.0,1850.94
2022-05-02,HU,Szeged,pm25,23,21.0,46.0,30.0,598.78
2022-05-02,HU,Pécs,pm25,55,21.0,46.0,30.0,528.91
2022-05-02,HU,Kecskemét,pm25,22,21.0,38.0,30.0,223.55
2022-05-02,HU,Miskolc,pm25,119,25.0,95.0,55.0,2138.35
2022-05-02,HU,Budapest,pm25,340,13.0,70.0,42.0,2074.75
2022-05-02,JP,Fukuoka,pm25,403,5.0,107.0,50.0,2158.07
2022-05-02,JP,Kanazawa,pm25,221,5.0,87.0,25.0,1767.52
2022-05-02,JP,Kumamoto,pm25,339,5.0,139.0,42.0,3926.51
2022-05-02,JP,Akita,pm25,39,5.0,72.0,30.0,2546.52
2022-05-02,JP,Kochi,pm25,48,17.0,61.0,42.0,1308.92
2022-05-02,JP,Gifu-shi,pm25,172,5.0,87.0,34.0,2829.28
2022-05-02,JP,Kyoto,pm25,552,5.0,137.0,46.0,1586.33
2022-05-02,JP,Hiroshima,pm25,312,5.0,78.0,42.0,2603.58
2022-05-02,JP,Shizuoka,pm25,223,5.0,70.0,25.0,2800.83
2022-05-02,JP,Chiba,pm25,673,5.0,82.0,21.0,2283.48
2022-05-02,JP,Sapporo,pm25,178,5.0,59.0,13.0,908.93
2022-05-02,JP,Yokohama,pm25,519,1.0,87.0,25.0,2154.82
2022-05-02,JP,Tokyo,pm25,2466,1.0,112.0,21.0,1826.33
2022-05-02,JP,Saitama,pm25,465,5.0,70.0,25.0,1380.01
2022-05-02,JP,Naha,pm25,132,9.0,38.0,25.0,524.27
2022-05-02,JP,Nagasaki,pm25,182,5.0,78.0,42.0,1574.82
2022-05-02,JP,Toyama,pm25,184,5.0,57.0,30.0,1540.72
2022-05-02,JP,Niigata,pm25,207,5.0,63.0,21.0,790.33
2022-05-02,JP,Nara-shi,pm25,183,13.0,63.0,42.0,884.86
2022-05-02,JP,Okayama,pm25,283,5.0,68.0,50.0,1363.73
2022-05-02,JP,Sendai,pm25,457,5.0,59.0,21.0,1252.24
2022-05-02,JP,Osaka,pm25,1426,5.0,109.0,42.0,1421.59
2022-05-02,JP,Miyazaki,pm25,141,5.0,74.0,46.0,1717.07
2022-05-02,JP,Matsuyama,pm25,161,5.0,74.0,42.0,2318.21
2022-05-02,JP,Wakayama,pm25,285,13.0,89.0,42.0,1166.44
2022-05-02,JP,Takamatsu,pm25,239,9.0,74.0,38.0,1321.02
2022-05-02,JP,Nagoya,pm25,772,5.0,119.0,34.0,1466.61
2022-05-02,JP,Ōita,pm25,245,5.0,76.0,38.0,3096.7
2022-05-02,JP,Kobe,pm25,410,5.0,70.0,42.0,1357.73
2022-05-02,JP,Nagano,pm25,61,5.0,59.0,21.0,2098.72
2022-05-02,JP,Utsunomiya,pm25,374,5.0,57.0,21.0,1482.71
2022-05-02,JP,Kagoshima,pm25,94,25.0,63.0,46.0,486.16
2022-05-02,SK,Košice,pm25,93,42.0,112.0,57.0,1075.36
2022-05-02,SK,Bratislava,pm25,96,21.0,78.0,46.0,1050.17
2022-05-02,FI,Vantaa,pm25,24,1.0,32.0,15.0,640.8
2022-05-02,FI,Turku,pm25,24,3.0,27.0,8.0,491.88
2022-05-02,FI,Helsinki,pm25,119,3.0,63.0,20.0,1230.91
2022-05-02,FI,Tampere,pm25,96,5.0,94.0,18.0,3313.55
2022-05-02,ET,Addis Ababa,pm25,48,38.0,151.0,61.0,4235.04
2022-05-02,CH,Zürich,pm25,23,1.0,3.0,2.0,5.45
2022-05-02,CO,Bogotá,pm25,291,5.0,95.0,34.0,3612.75
2022-05-02,CO,Medellín,pm25,244,17.0,80.0,50.0,1245.09
2022-05-02,DK,Copenhagen,pm25,24,14.0,57.0,31.0,1271.23
2022-05-02,EC,Quito,pm25,190,1.0,152.0,53.0,5700.12
2022-05-02,GB,Edinburgh,pm25,283,10.0,45.0,19.0,384.64
2022-05-02,GB,Norwich,pm25,23,57.0,92.0,68.0,935.85
2022-05-02,GB,Liverpool,pm25,31,34.0,74.0,46.0,1021.23
2022-05-02,GB,Belfast,pm25,79,9.0,43.0,21.0,481.25
2022-05-02,GB,Coventry,pm25,63,61.0,82.0,67.0,326.3
2022-05-02,GB,Leeds,pm25,34,25.0,76.0,59.0,802.29
2022-05-02,GB,Cardiff,pm25,119,13.0,89.0,63.0,3220.44
2022-05-02,GB,Bristol,pm25,68,38.0,76.0,57.0,556.83
2022-05-02,GB,London,pm25,531,17.0,99.0,55.0,2076.47
2022-05-02,GB,Birmingham,pm25,48,38.0,79.0,55.0,751.21
2022-05-02,GB,Sheffield,pm25,87,29.0,77.0,53.0,1042.72
2022-05-02,GB,Newport,pm25,48,28.0,72.0,45.0,1947.41
2022-05-02,GB,Leicester,pm25,22,59.0,82.0,70.0,511.17
2022-05-02,GB,Manchester,pm25,83,45.0,95.0,63.0,1454.29
2022-05-02,GB,Reading,pm25,48,42.0,74.0,57.0,780.35
2022-05-02,GB,Plymouth,pm25,41,42.0,65.0,55.0,358.6
2022-05-02,GB,Glasgow,pm25,565,1.0,53.0,23.0,518.29
2022-05-02,GB,Preston,pm25,42,20.0,73.0,53.0,1474.54
2022-05-02,GB,Swansea,pm25,92,30.0,65.0,50.0,840.77
2022-05-02,GB,Southend-on-Sea,pm25,41,30.0,51.0,40.0,229.44
2022-05-02,ID,Jakarta,pm25,71,33.0,164.0,82.0,14198.8
2022-05-02,NP,Kathmandu,pm25,94,85.0,274.0,139.0,15883.0
2022-05-02,NP,Pokhara,pm25,13,58.0,88.0,70.0,788.33
2022-05-02,NP,Biratnagar,pm25,48,50.0,75.0,61.0,470.62
2022-05-02,AU,Sydney,pm25,163,3.0,53.0,21.0,1037.45
2022-05-02,AU,Newcastle,pm25,134,1.0,67.0,28.0,2196.75
2022-05-02,AU,Launceston,pm25,86,5.0,25.0,5.0,156.65
2022-05-02,AU,Hobart,pm25,26,5.0,9.0,5.0,11.82
2022-05-02,AU,Darwin,pm25,66,1.0,57.0,20.0,1147.46
2022-05-02,AU,Melbourne,pm25,160,2.0,42.0,17.0,892.73
2022-05-02,AU,Canberra,pm25,57,7.0,100.0,42.0,4711.84
2022-05-02,AU,Adelaide,pm25,86,5.0,78.0,19.0,1529.88
2022-05-02,AU,Brisbane,pm25,175,1.0,41.0,21.0,805.91
2022-05-02,AU,Perth,pm25,88,2.0,60.0,7.0,2258.2
2022-05-02,AU,Wollongong,pm25,44,3.0,55.0,24.0,1729.28
2022-05-02,CI,Abidjan,pm25,23,9.0,85.0,21.0,3269.84
2022-05-02,GH,Accra,pm25,24,5.0,82.0,25.0,5544.28
2022-05-02,IS,Reykjavík,pm25,96,4.0,54.0,13.0,577.83
2022-05-02,KG,Bishkek,pm25,24,17.0,82.0,46.0,2594.76
2022-05-02,NL,Utrecht,pm25,47,6.0,69.0,44.0,2904.72
2022-05-02,NL,Nijmegen,pm25,48,16.0,89.0,54.0,2826.56
2022-05-02,NL,Haarlem,pm25,142,1.0,83.0,37.0,2800.02
2022-05-02,NL,Eindhoven,pm25,24,22.0,96.0,52.0,2637.97
2022-05-02,NL,Rotterdam,pm25,192,19.0,69.0,51.0,1459.21
2022-05-02,NL,Amsterdam,pm25,261,1.0,92.0,33.0,1916.4
2022-05-02,NL,Dordrecht,pm25,24,22.0,67.0,46.0,1764.62
2022-05-02,NL,Breda,pm25,24,17.0,78.0,54.0,2853.46
2022-05-02,NL,Groningen,pm25,45,1.0,66.0,33.0,2905.64
2022-05-02,NL,Maastricht,pm25,95,38.0,93.0,63.0,989.25
2022-05-02,NL,The Hague,pm25,72,7.0,71.0,43.0,2500.12
2022-05-02,PT,Lisbon,pm25,49,13.0,56.0,30.0,935.23
2022-05-02,PT,Funchal,pm25,27,1.0,31.0,25.0,804.64
2022-05-02,CA,Hamilton,pm25,96,17.0,99.0,38.0,4325.31
2022-05-02,CA,Calgary,pm25,89,5.0,58.0,23.0,942.51
2022-05-02,CA,Halifax,pm25,40,8.0,24.0,14.0,81.48
2022-05-02,CA,Kitchener,pm25,48,17.0,68.0,30.0,2542.27
2022-05-02,CA,Edmonton,pm25,137,7.0,58.0,25.0,996.64
2022-05-02,CA,Mississauga,pm25,71,21.0,91.0,50.0,2482.41
2022-05-02,CA,Québec,pm25,144,7.0,63.0,16.0,1125.48
2022-05-02,CA,Vancouver,pm25,23,9.0,23.0,17.0,113.4
2022-05-02,CA,Victoria,pm25,43,5.0,57.0,21.0,1067.01
2022-05-02,CA,Montréal,pm25,390,6.0,58.0,30.0,1490.34
2022-05-02,CA,Toronto,pm25,143,9.0,104.0,42.0,4170.03
2022-05-02,CA,Ottawa,pm25,69,12.0,51.0,21.0,1495.41
2022-05-02,CA,London,pm25,32,9.0,59.0,21.0,2652.57
2022-05-02,US,Oklahoma City,pm25,96,8.0,56.0,28.0,1197.24
2022-05-02,US,Raleigh,pm25,60,13.0,64.0,53.0,1927.94
2022-05-02,US,Memphis,pm25,70,28.0,64.0,43.0,766.81
2022-05-02,US,Jackson,pm25,72,14.0,53.0,38.0,1048.73
2022-05-02,US,Boston,pm25,130,5.0,53.0,30.0,504.81
2022-05-02,US,Richmond,pm25,96,30.0,56.0,43.0,483.98
2022-05-02,US,Portland,pm25,165,5.0,57.0,9.0,681.13
2022-05-02,US,Boise,pm25,36,5.0,21.0,9.0,232.64
2022-05-02,US,Austin,pm25,47,5.0,55.0,30.0,1717.31
2022-05-02,US,Honolulu,pm25,39,5.0,46.0,21.0,1284.63
2022-05-02,US,Fresno,pm25,46,1.0,50.0,17.0,1677.63
2022-05-02,US,Milwaukee,pm25,144,3.0,73.0,19.0,1669.49
2022-05-02,US,Hartford,pm25,48,17.0,43.0,30.0,404.43
2022-05-02,US,Washington D.C.,pm25,119,13.0,59.0,41.0,815.33
2022-05-02,US,Chicago,pm25,202,2.0,59.0,20.0,1602.41
2022-05-02,US,Houston,pm25,48,26.0,66.0,50.0,535.17
2022-05-02,US,Indianapolis,pm25,96,10.0,115.0,23.0,3358.37
2022-05-02,US,Atlanta,pm25,24,36.0,51.0,43.0,189.84
2022-05-02,US,Charlotte,pm25,71,21.0,63.0,42.0,703.92
2022-05-02,US,Sacramento,pm25,64,1.0,42.0,17.0,905.24
2022-05-02,US,Oakland,pm25,92,5.0,215.0,25.0,6077.02
2022-05-02,US,Providence,pm25,59,5.0,42.0,21.0,719.17
2022-05-02,US,Staten Island,pm25,116,7.0,57.0,35.0,1462.46
2022-05-02,US,Brooklyn,pm25,144,9.0,79.0,31.0,1784.12
2022-05-02,US,Springfield,pm25,57,7.0,38.0,21.0,465.77
2022-05-02,US,The Bronx,pm25,48,9.0,34.0,22.0,601.63
2022-05-02,US,San Jose,pm25,64,5.0,63.0,25.0,2313.29
2022-05-02,US,Los Angeles,pm25,72,30.0,84.0,56.0,1362.81
2022-05-02,US,Detroit,pm25,143,15.0,55.0,32.0,837.07
2022-05-02,US,Little Rock,pm25,24,14.0,83.0,44.0,2595.2
2022-05-02,US,Baltimore,pm25,46,5.0,67.0,30.0,2612.43
2022-05-02,US,Phoenix,pm25,190,8.0,74.0,46.0,1599.74
2022-05-02,US,Omaha,pm25,36,5.0,34.0,17.0,865.43
2022-05-02,US,El Paso,pm25,161,2.0,91.0,38.0,2608.95
2022-05-02,US,Seattle,pm25,247,4.0,63.0,21.0,1557.16
2022-05-02,US,Manhattan,pm25,71,9.0,63.0,32.0,1366.28
2022-05-02,US,Miami,pm25,94,23.0,44.0,31.0,380.21
2022-05-02,US,Jacksonville,pm25,143,10.0,176.0,28.0,4082.89
2022-05-02,US,San Antonio,pm25,94,5.0,61.0,40.0,1785.21
2022-05-02,US,Philadelphia,pm25,90,8.0,124.0,45.0,2821.27
2022-05-02,US,San Diego,pm25,24,34.0,60.0,51.0,699.11
2022-05-02,US,Columbus,pm25,47,3.0,38.0,15.0,511.05
2022-05-02,US,Saint Paul,pm25,87,5.0,25.0,13.0,327.31
2022-05-02,US,Denver,pm25,147,5.0,87.0,17.0,787.85
2022-05-02,US,Salt Lake City,pm25,216,6.0,69.0,21.0,1121.04
2022-05-02,US,Albuquerque,pm25,67,6.0,55.0,24.0,1567.95
2022-05-02,US,San Francisco,pm25,69,5.0,68.0,34.0,2332.47
2022-05-02,US,Salem,pm25,72,6.0,12.0,7.0,17.04
2022-05-02,US,Madison,pm25,48,15.0,26.0,20.0,80.35
2022-05-02,US,Nashville,pm25,73,17.0,76.0,45.0,1185.86
2022-05-02,US,Tucson,pm25,156,5.0,107.0,42.0,2692.75
2022-05-02,US,Queens,pm25,78,8.0,50.0,25.0,1220.89
2022-05-02,US,Tallahassee,pm25,71,6.0,71.0,31.0,1888.84
2022-05-02,US,Fort Worth,pm25,20,9.0,57.0,30.0,2667.24
2022-05-02,RS,Novi Sad,pm25,48,8.0,58.0,24.0,1434.02
2022-05-02,RS,Niš,pm25,48,21.0,62.0,29.0,1029.14
2022-05-02,RS,Belgrade,pm25,108,19.0,114.0,28.0,1055.97
2022-05-02,CY,Nicosia,pm25,24,53.0,91.0,73.0,1084.06
2022-05-02,CY,Limassol,pm25,24,53.0,91.0,77.0,1042.59
2022-05-02,HR,Zagreb,pm25,24,22.0,99.0,48.0,2971.14
2022-05-02,HR,Rijeka,pm25,69,7.0,59.0,29.0,1706.32
2022-05-02,MK,Skopje,pm25,152,8.0,151.0,55.0,8009.14
2022-05-03,GE,Tbilisi,pm25,96,10.0,51.0,24.0,703.34
2022-05-03,HU,Győr,pm25,48,5.0,65.0,46.0,2278.56
2022-05-03,HU,Szeged,pm25,24,25.0,63.0,38.0,1192.16
2022-05-03,HU,Pécs,pm25,69,21.0,61.0,34.0,1148.75
2022-05-03,HU,Miskolc,pm25,120,30.0,80.0,50.0,1334.91
2022-05-03,HU,Budapest,pm25,346,13.0,70.0,42.0,1751.35
2022-05-03,JP,Fukuoka,pm25,393,5.0,119.0,50.0,2156.82
2022-05-03,JP,Kanazawa,pm25,219,5.0,68.0,21.0,1212.59
2022-05-03,JP,Kumamoto,pm25,330,5.0,124.0,50.0,2192.29
2022-05-03,JP,Akita,pm25,42,9.0,59.0,30.0,1548.32
2022-05-03,JP,Kochi,pm25,48,30.0,59.0,46.0,695.46
2022-05-03,JP,Gifu-shi,pm25,161,5.0,78.0,34.0,2923.78
2022-05-03,JP,Kyoto,pm25,548,5.0,70.0,42.0,1685.87
2022-05-03,JP,Hiroshima,pm25,326,5.0,74.0,42.0,2104.11
2022-05-03,JP,Shizuoka,pm25,256,5.0,74.0,34.0,2082.84
2022-05-03,JP,Chiba,pm25,730,5.0,95.0,30.0,2440.33
2022-05-03,JP,Sapporo,pm25,183,5.0,85.0,17.0,2159.76
2022-05-03,JP,Yokohama,pm25,537,1.0,89.0,34.0,2105.33
2022-05-03,JP,Tokyo,pm25,2539,1.0,112.0,30.0,1726.01
2022-05-03,JP,Saitama,pm25,491,5.0,76.0,30.0,1276.33
2022-05-03,JP,Naha,pm25,144,13.0,61.0,34.0,1674.61
2022-05-03,JP,Nagasaki,pm25,190,13.0,72.0,46.0,1396.33
2022-05-03,JP,Toyama,pm25,185,5.0,55.0,30.0,1191.13
2022-05-03,JP,Niigata,pm25,209,5.0,82.0,21.0,996.78
2022-05-03,JP,Nara-shi,pm25,190,9.0,63.0,42.0,1377.85
2022-05-03,JP,Okayama,pm25,284,5.0,107.0,50.0,2621.58
2022-05-03,JP,Sendai,pm25,450,5.0,50.0,21.0,792.08
2022-05-03,JP,Osaka,pm25,1438,5.0,91.0,38.0,1796.42
2022-05-03,JP,Miyazaki,pm25,141,5.0,89.0,53.0,2699.38
2022-05-03,JP,Matsuyama,pm25,162,5.0,80.0,42.0,1954.44
2022-05-03,JP,Wakayama,pm25,284,13.0,87.0,34.0,1480.48
2022-05-03,JP,Takamatsu,pm25,239,5.0,65.0,38.0,1206.11
2022-05-03,JP,Nagoya,pm25,779,5.0,85.0,34.0,2308.78
2022-05-03,JP,Ōita,pm25,259,5.0,122.0,46.0,2325.14
2022-05-03,JP,Kobe,pm25,417,5.0,97.0,42.0,1335.37
2022-05-03,JP,Nagano,pm25,68,5.0,61.0,25.0,1704.74
2022-05-03,JP,Utsunomiya,pm25,422,5.0,55.0,25.0,1177.57
2022-05-03,JP,Kagoshima,pm25,95,34.0,72.0,57.0,576.45
2022-05-03,SK,Košice,pm25,96,30.0,129.0,55.0,2213.31
2022-05-03,SK,Bratislava,pm25,93,9.0,76.0,50.0,1745.65
2022-05-03,FI,Vantaa,pm25,24,4.0,33.0,13.0,552.97
2022-05-03,FI,Turku,pm25,24,7.0,19.0,13.0,126.3
2022-05-03,FI,Helsinki,pm25,119,4.0,36.0,13.0,421.6
2022-05-03,FI,Tampere,pm25,96,4.0,51.0,15.0,1217.53
2022-05-03,ET,Addis Ababa,pm25,48,42.0,155.0,61.0,4160.95
2022-05-03,CH,Zürich,pm25,22,1.0,5.0,2.0,6.43
2022-05-03,CO,Bogotá,pm25,270,5.0,147.0,42.0,5381.01
2022-05-03,CO,Medellín,pm25,208,21.0,82.0,53.0,1876.94
2022-05-03,DK,Copenhagen,pm25,24,11.0,54.0,40.0,1053.03
2022-05-03,EC,Quito,pm25,191,2.0,165.0,56.0,6759.7
2022-05-03,GB,Edinburgh,pm25,288,6.0,54.0,38.0,894.91
2022-05-03,GB,Norwich,pm25,13,55.0,68.0,61.0,216.03
2022-05-03,GB,Liverpool,pm25,40,38.0,67.0,52.0,693.84
2022-05-03,GB,Belfast,pm25,89,25.0,61.0,42.0,708.46
2022-05-03,GB,Coventry,pm25,59,40.0,76.0,61.0,437.74
2022-05-03,GB,Leeds,pm25,45,30.0,78.0,53.0,1696.46
2022-05-03,GB,Cardiff,pm25,119,25.0,112.0,74.0,3097.39
2022-05-03,GB,Bristol,pm25,72,57.0,127.0,72.0,1046.17
2022-05-03,GB,London,pm25,492,17.0,119.0,61.0,1333.72
2022-05-03,GB,Birmingham,pm25,36,61.0,108.0,65.0,1318.57
2022-05-03,GB,Sheffield,pm25,88,19.0,65.0,53.0,920.86
2022-05-03,GB,Newport,pm25,48,42.0,99.0,74.0,1837.12
2022-05-03,GB,Leicester,pm25,20,46.0,63.0,55.0,214.18
2022-05-03,GB,Manchester,pm25,88,22.0,88.0,50.0,2477.54
2022-05-03,GB,Reading,pm25,48,42.0,78.0,57.0,572.77
2022-05-03,GB,Plymouth,pm25,44,13.0,59.0,49.0,977.02
2022-05-03,GB,Glasgow,pm25,567,1.0,58.0,32.0,925.42
2022-05-03,GB,Preston,pm25,46,23.0,75.0,42.0,1452.58
2022-05-03,GB,Swansea,pm25,95,21.0,99.0,59.0,3319.03
2022-05-03,GB,Southend-on-Sea,pm25,43,37.0,116.0,60.0,2723.57
2022-05-03,ID,Jakarta,pm25,71,30.0,107.0,59.0,2531.03
2022-05-03,NP,Kathmandu,pm25,96,72.0,211.0,104.0,17395.0
2022-05-03,NP,Pokhara,pm25,18,49.0,103.0,64.0,2460.65
2022-05-03,NP,Biratnagar,pm25,48,48.0,96.0,56.0,2225.46
2022-05-03,AU,Sydney,pm25,161,1.0,45.0,18.0,982.9
2022-05-03,AU,Newcastle,pm25,131,1.0,80.0,18.0,1837.54
2022-05-03,AU,Launceston,pm25,114,5.0,34.0,9.0,216.43
2022-05-03,AU,Hobart,pm25,41,5.0,25.0,9.0,472.39
2022-05-03,AU,Darwin,pm25,69,2.0,75.0,21.0,2288.95
2022-05-03,AU,Melbourne,pm25,165,1.0,54.0,22.0,1437.82
2022-05-03,AU,Canberra,pm25,48,5.0,96.0,34.0,4994.68
2022-05-03,AU,Adelaide,pm25,92,2.0,53.0,21.0,1447.13
2022-05-03,AU,Brisbane,pm25,132,2.0,56.0,17.0,668.99
2022-05-03,AU,Perth,pm25,90,2.0,20.0,9.0,164.1
2022-05-03,AU,Wollongong,pm25,41,4.0,53.0,14.0,1241.95
2022-05-03,CI,Abidjan,pm25,22,17.0,95.0,34.0,4846.6
2022-05-03,GH,Accra,pm25,24,21.0,76.0,38.0,2410.36
2022-05-03,IQ,Baghdad,pm25,10,85.0,154.0,152.0,9414.33
2022-05-03,IS,Reykjavík,pm25,96,1.0,16.0,10.0,151.97
2022-05-03,KG,Bishkek,pm25,24,21.0,74.0,50.0,1816.52
2022-05-03,NL,Utrecht,pm25,47,9.0,85.0,39.0,4299.83
2022-05-03,NL,Nijmegen,pm25,48,9.0,75.0,34.0,2419.25
2022-05-03,NL,Haarlem,pm25,141,1.0,129.0,38.0,7180.34
2022-05-03,NL,Eindhoven,pm25,24,16.0,69.0,30.0,2252.75
2022-05-03,NL,Rotterdam,pm25,192,19.0,83.0,61.0,2032.93
2022-05-03,NL,Amsterdam,pm25,263,7.0,117.0,42.0,5650.93
2022-05-03,NL,Dordrecht,pm25,24,34.0,94.0,56.0,2950.85
2022-05-03,NL,Breda,pm25,24,13.0,66.0,39.0,2093.62
2022-05-03,NL,Groningen,pm25,48,5.0,63.0,28.0,1900.39
2022-05-03,NL,Maastricht,pm25,95,9.0,78.0,38.0,2399.36
2022-05-03,NL,The Hague,pm25,72,10.0,98.0,44.0,4804.63
2022-05-03,PT,Lisbon,pm25,39,15.0,64.0,35.0,1516.25
2022-05-03,PT,Funchal,pm25,33,1.0,30.0,9.0,614.96
2022-05-03,CA,Hamilton,pm25,94,13.0,76.0,50.0,2344.01
2022-05-03,CA,Calgary,pm25,92,6.0,79.0,28.0,2840.8
2022-05-03,CA,Halifax,pm25,46,9.0,22.0,15.0,57.87
2022-05-03,CA,Kitchener,pm25,48,21.0,68.0,46.0,1565.94
2022-05-03,CA,Edmonton,pm25,138,6.0,144.0,38.0,10584.9
2022-05-03,CA,Mississauga,pm25,71,17.0,104.0,50.0,2611.23
2022-05-03,CA,Québec,pm25,177,9.0,55.0,27.0,1211.49
2022-05-03,CA,Vancouver,pm25,22,8.0,30.0,13.0,349.26
2022-05-03,CA,Victoria,pm25,44,5.0,34.0,17.0,624.75
2022-05-03,CA,Montréal,pm25,382,9.0,103.0,40.0,3506.98
2022-05-03,CA,Toronto,pm25,143,9.0,82.0,50.0,2514.54
2022-05-03,CA,Ottawa,pm25,72,17.0,59.0,38.0,1345.63
2022-05-03,CA,London,pm25,48,17.0,76.0,34.0,1838.19
2022-05-03,US,Oklahoma City,pm25,96,6.0,57.0,15.0,974.46
2022-05-03,US,Raleigh,pm25,63,13.0,66.0,55.0,1021.75
2022-05-03,US,Memphis,pm25,71,11.0,67.0,43.0,1833.12
2022-05-03,US,Jackson,pm25,72,14.0,60.0,35.0,1116.34
2022-05-03,US,Boston,pm25,119,5.0,50.0,17.0,464.06
2022-05-03,US,Richmond,pm25,96,35.0,65.0,52.0,523.0
2022-05-03,US,Portland,pm25,153,5.0,63.0,10.0,366.44
2022-05-03,US,Boise,pm25,76,5.0,25.0,13.0,421.14
2022-05-03,US,Austin,pm25,47,13.0,78.0,46.0,2002.38
2022-05-03,US,Honolulu,pm25,46,5.0,50.0,21.0,1415.85
2022-05-03,US,Fresno,pm25,47,8.0,43.0,21.0,780.05
2022-05-03,US,Milwaukee,pm25,144,5.0,76.0,25.0,2974.63
2022-05-03,US,Hartford,pm25,48,10.0,30.0,19.0,282.76
2022-05-03,US,Washington D.C.,pm25,118,21.0,78.0,50.0,1435.43
2022-05-03,US,Chicago,pm25,217,5.0,78.0,35.0,3112.07
2022-05-03,US,Houston,pm25,48,28.0,66.0,47.0,745.37
2022-05-03,US,Indianapolis,pm25,96,10.0,73.0,35.0,1778.65
2022-05-03,US,Atlanta,pm25,24,23.0,52.0,30.0,1219.11
2022-05-03,US,Charlotte,pm25,72,28.0,59.0,42.0,712.96
2022-05-03,US,Sacramento,pm25,53,5.0,34.0,10.0,552.08
2022-05-03,US,Oakland,pm25,90,5.0,53.0,25.0,1843.8
2022-05-03,US,Providence,pm25,52,5.0,38.0,9.0,469.4
2022-05-03,US,Staten Island,pm25,100,2.0,51.0,21.0,1402.97
2022-05-03,US,Brooklyn,pm25,139,1.0,46.0,18.0,1051.92
2022-05-03,US,Springfield,pm25,71,5.0,55.0,30.0,1019.94
2022-05-03,US,The Bronx,pm25,46,1.0,16.0,10.0,222.69
2022-05-03,US,San Jose,pm25,76,5.0,70.0,25.0,2473.09
2022-05-03,US,Los Angeles,pm25,72,33.0,76.0,56.0,819.39
2022-05-03,US,Detroit,pm25,144,23.0,77.0,52.0,1486.66
2022-05-03,US,Little Rock,pm25,24,14.0,53.0,24.0,2069.49
2022-05-03,US,Baltimore,pm25,48,9.0,94.0,50.0,5163.36
2022-05-03,US,Phoenix,pm25,187,6.0,152.0,35.0,2679.51
2022-05-03,US,Omaha,pm25,28,5.0,46.0,13.0,769.79
2022-05-03,US,El Paso,pm25,158,4.0,76.0,30.0,2371.7
2022-05-03,US,Seattle,pm25,247,5.0,50.0,17.0,773.52
2022-05-03,US,Manhattan,pm25,66,3.0,35.0,16.0,779.46
2022-05-03,US,Miami,pm25,94,24.0,50.0,35.0,352.36
2022-05-03,US,Jacksonville,pm25,140,6.0,63.0,38.0,975.03
2022-05-03,US,San Antonio,pm25,87,2.0,82.0,53.0,2846.01
2022-05-03,US,Philadelphia,pm25,82,6.0,148.0,29.0,5801.96
2022-05-03,US,San Diego,pm25,24,39.0,61.0,53.0,334.71
2022-05-03,US,Columbus,pm25,48,12.0,56.0,32.0,857.29
2022-05-03,US,Saint Paul,pm25,92,5.0,34.0,13.0,347.22
2022-05-03,US,Denver,pm25,159,13.0,70.0,46.0,1915.04
2022-05-03,US,Salt Lake City,pm25,215,2.0,33.0,8.0,510.0
2022-05-03,US,Albuquerque,pm25,64,25.0,155.0,43.0,4397.12
2022-05-03,US,San Francisco,pm25,62,5.0,72.0,30.0,2713.54
2022-05-03,US,Salem,pm25,72,6.0,21.0,8.0,115.77
2022-05-03,US,Madison,pm25,48,7.0,60.0,25.0,2569.89
2022-05-03,US,Nashville,pm25,71,17.0,59.0,38.0,954.45
2022-05-03,US,Tucson,pm25,167,5.0,68.0,38.0,1470.13
2022-05-03,US,Queens,pm25,76,1.0,85.0,13.0,2392.51
2022-05-03,US,Tallahassee,pm25,70,1.0,94.0,40.0,2898.09
2022-05-03,US,Fort Worth,pm25,19,5.0,34.0,17.0,869.3
2022-05-03,RS,Novi Sad,pm25,48,7.0,67.0,25.0,3060.21
2022-05-03,RS,Niš,pm25,48,25.0,122.0,46.0,3870.21
2022-05-03,RS,Belgrade,pm25,120,18.0,77.0,34.0,1460.47
2022-05-03,CY,Nicosia,pm25,24,48.0,82.0,70.0,921.45
2022-05-03,CY,Limassol,pm25,24,63.0,119.0,74.0,1962.61
2022-05-03,HR,Zagreb,pm25,24,27.0,86.0,61.0,3428.24
2022-05-03,HR,Rijeka,pm25,77,23.0,50.0,29.0,295.43
2022-05-03,MK,Skopje,pm25,168,9.0,147.0,51.0,5767.64
2022-05-04,GE,Tbilisi,pm25,96,36.0,111.0,57.0,4057.89
2022-05-04,HU,Győr,pm25,46,25.0,63.0,50.0,913.7
2022-05-04,HU,Szeged,pm25,24,17.0,57.0,38.0,1209.4
2022-05-04,HU,Pécs,pm25,63,25.0,72.0,38.0,1458.53
2022-05-04,HU,Miskolc,pm25,120,25.0,70.0,55.0,834.28
2022-05-04,HU,Budapest,pm25,359,13.0,74.0,50.0,1711.84
2022-05-04,JP,Fukuoka,pm25,401,5.0,152.0,53.0,2319.8
2022-05-04,JP,Kanazawa,pm25,232,5.0,85.0,42.0,1865.18
2022-05-04,JP,Kumamoto,pm25,329,5.0,137.0,57.0,1971.34
2022-05-04,JP,Akita,pm25,47,5.0,80.0,57.0,4650.41
2022-05-04,JP,Kochi,pm25,48,21.0,65.0,46.0,888.35
2022-05-04,JP,Gifu-shi,pm25,139,17.0,78.0,53.0,1799.67
2022-05-04,JP,Kyoto,pm25,544,13.0,80.0,55.0,1039.45
2022-05-04,JP,Hiroshima,pm25,329,5.0,82.0,50.0,2450.89
2022-05-04,JP,Shizuoka,pm25,260,5.0,85.0,50.0,2741.36
2022-05-04,JP,Chiba,pm25,782,5.0,112.0,46.0,2638.27
2022-05-04,JP,Sapporo,pm25,213,5.0,153.0,30.0,2575.81
2022-05-04,JP,Yokohama,pm25,547,1.0,99.0,46.0,2350.03
2022-05-04,JP,Tokyo,pm25,2577,1.0,154.0,50.0,1432.0
2022-05-04,JP,Saitama,pm25,498,9.0,91.0,50.0,1076.3
2022-05-04,JP,Naha,pm25,144,25.0,57.0,34.0,787.64
2022-05-04,JP,Nagasaki,pm25,189,9.0,72.0,50.0,1217.32
2022-05-04,JP,Toyama,pm25,192,5.0,188.0,46.0,2750.23
2022-05-04,JP,Niigata,pm25,213,5.0,78.0,50.0,2242.16
2022-05-04,JP,Nara-shi,pm25,191,34.0,76.0,55.0,527.23
2022-05-04,JP,Okayama,pm25,288,25.0,122.0,59.0,1781.7
2022-05-04,JP,Sendai,pm25,454,5.0,85.0,53.0,3494.99
2022-05-04,JP,Osaka,pm25,1459,5.0,102.0,50.0,1338.05
2022-05-04,JP,Miyazaki,pm25,140,5.0,82.0,53.0,2100.49
2022-05-04,JP,Matsuyama,pm25,156,5.0,95.0,50.0,2452.73
2022-05-04,JP,Wakayama,pm25,284,17.0,112.0,50.0,1064.13
2022-05-04,JP,Takamatsu,pm25,239,17.0,72.0,46.0,1154.17
2022-05-04,JP,Nagoya,pm25,789,21.0,122.0,55.0,1260.6
2022-05-04,JP,Ōita,pm25,262,5.0,87.0,55.0,2168.54
2022-05-04,JP,Kobe,pm25,426,5.0,80.0,50.0,1008.13
2022-05-04,JP,Nagano,pm25,70,13.0,82.0,42.0,3190.48
2022-05-04,JP,Utsunomiya,pm25,431,5.0,65.0,46.0,1680.82
2022-05-04,JP,Kagoshima,pm25,96,42.0,76.0,55.0,243.91
2022-05-04,SK,Košice,pm25,96,42.0,89.0,59.0,671.87
2022-05-04,SK,Bratislava,pm25,96,13.0,74.0,50.0,1654.76
2022-05-04,FI,Vantaa,pm25,22,4.0,30.0,17.0,458.7
2022-05-04,FI,Turku,pm25,24,4.0,23.0,10.0,217.37
2022-05-04,FI,Helsinki,pm25,120,2.0,30.0,11.0,416.3
2022-05-04,FI,Tampere,pm25,96,6.0,48.0,17.0,757.58
2022-05-04,ET,Addis Ababa,pm25,44,53.0,152.0,68.0,3099.77
2022-05-04,CH,Zürich,pm25,23,2.0,3.0,2.0,2.02
2022-05-04,CO,Bogotá,pm25,244,9.0,152.0,55.0,6775.84
2022-05-04,CO,Medellín,pm25,275,34.0,82.0,61.0,981.01
2022-05-04,DK,Copenhagen,pm25,24,25.0,53.0,38.0,490.15
2022-05-04,EC,Quito,pm25,192,2.0,144.0,60.0,7961.94
2022-05-04,GB,Edinburgh,pm25,280,2.0,41.0,10.0,448.08
2022-05-04,GB,Norwich,pm25,12,24.0,87.0,44.0,4691.52
2022-05-04,GB,Liverpool,pm25,33,21.0,55.0,38.0,911.21
2022-05-04,GB,Belfast,pm25,101,3.0,53.0,30.0,1640.3
2022-05-04,GB,Coventry,pm25,62,23.0,71.0,53.0,831.78
2022-05-04,GB,Leeds,pm25,42,25.0,82.0,61.0,1028.55
2022-05-04,GB,Cardiff,pm25,117,5.0,89.0,38.0,3395.93
2022-05-04,GB,Bristol,pm25,69,21.0,87.0,57.0,3103.96
2022-05-04,GB,London,pm25,493,6.0,117.0,55.0,5805.09
2022-05-04,GB,Birmingham,pm25,43,29.0,72.0,55.0,984.92
2022-05-04,GB,Sheffield,pm25,84,10.0,74.0,53.0,1609.21
2022-05-04,GB,Newport,pm25,47,9.0,68.0,38.0,2963.37
2022-05-04,GB,Leicester,pm25,18,42.0,70.0,50.0,563.4
2022-05-04,GB,Manchester,pm25,83,10.0,90.0,45.0,5103.66
2022-05-04,GB,Reading,pm25,47,5.0,122.0,30.0,15535.6
2022-05-04,GB,Plymouth,pm25,37,5.0,46.0,30.0,1089.25
2022-05-04,GB,Glasgow,pm25,556,1.0,40.0,10.0,442.43
2022-05-04,GB,Preston,pm25,41,8.0,86.0,38.0,3955.06
2022-05-04,GB,Swansea,pm25,95,5.0,70.0,30.0,1622.74
2022-05-04,GB,Southend-on-Sea,pm25,42,10.0,96.0,57.0,3023.74
2022-05-04,ID,Jakarta,pm25,71,34.0,122.0,76.0,3969.19
2022-05-04,NP,Kathmandu,pm25,72,63.0,194.0,112.0,19142.8
2022-05-04,NP,Pokhara,pm25,24,46.0,218.0,68.0,10720.7
2022-05-04,NP,Biratnagar,pm25,48,36.0,83.0,65.0,2419.29
2022-05-04,AU,Sydney,pm25,160,1.0,47.0,20.0,869.8
2022-05-04,AU,Newcastle,pm25,130,1.0,53.0,23.0,1296.38
2022-05-04,AU,Launceston,pm25,119,5.0,70.0,13.0,1442.67
2022-05-04,AU,Hobart,pm25,58,5.0,42.0,9.0,748.58
2022-05-04,AU,Darwin,pm25,48,4.0,46.0,20.0,915.81
2022-05-04,AU,Melbourne,pm25,163,5.0,54.0,22.0,1035.18
2022-05-04,AU,Canberra,pm25,48,7.0,78.0,34.0,2639.43
2022-05-04,AU,Adelaide,pm25,83,1.0,53.0,17.0,909.5
2022-05-04,AU,Brisbane,pm25,120,1.0,33.0,17.0,573.16
2022-05-04,AU,Perth,pm25,81,2.0,414.0,6.0,20846.2
2022-05-04,AU,Wollongong,pm25,44,3.0,72.0,19.0,2495.73
2022-05-04,CI,Abidjan,pm25,24,5.0,89.0,34.0,4431.23
2022-05-04,GH,Accra,pm25,24,13.0,87.0,25.0,4750.85
2022-05-04,IQ,Baghdad,pm25,24,104.0,212.0,157.0,8690.85
2022-05-04,IS,Reykjavík,pm25,96,5.0,31.0,8.0,198.84
2022-05-04,KG,Bishkek,pm25,23,9.0,61.0,25.0,2334.23
2022-05-04,NL,Utrecht,pm25,48,13.0,59.0,38.0,1395.28
2022-05-04,NL,Nijmegen,pm25,48,3.0,64.0,33.0,1853.33
2022-05-04,NL,Haarlem,pm25,137,1.0,85.0,28.0,2601.24
2022-05-04,NL,Eindhoven,pm25,24,15.0,54.0,43.0,992.1
2022-05-04,NL,Rotterdam,pm25,191,18.0,57.0,35.0,778.83
2022-05-04,NL,Amsterdam,pm25,259,6.0,157.0,33.0,2388.47
2022-05-04,NL,Dordrecht,pm25,24,21.0,54.0,38.0,855.05
2022-05-04,NL,Breda,pm25,24,26.0,83.0,42.0,1961.67
2022-05-04,NL,Groningen,pm25,45,8.0,54.0,24.0,930.73
2022-05-04,NL,Maastricht,pm25,94,13.0,80.0,50.0,1494.69
2022-05-04,NL,The Hague,pm25,61,3.0,53.0,32.0,1160.51
2022-05-04,PT,Lisbon,pm25,59,17.0,51.0,31.0,784.14
2022-05-04,PT,Funchal,pm25,70,1.0,36.0,15.0,943.0
2022-05-04,CA,Hamilton,pm25,90,5.0,55.0,17.0,1022.3
2022-05-04,CA,Calgary,pm25,89,5.0,66.0,18.0,2154.31
2022-05-04,CA,Halifax,pm25,46,13.0,23.0,17.0,68.72
2022-05-04,CA,Kitchener,pm25,42,5.0,34.0,13.0,714.87
2022-05-04,CA,Edmonton,pm25,137,3.0,43.0,21.0,689.92
2022-05-04,CA,Mississauga,pm25,60,5.0,38.0,13.0,653.5
2022-05-04,CA,Québec,pm25,183,5.0,61.0,18.0,1147.22
2022-05-04,CA,Vancouver,pm25,23,7.0,20.0,11.0,177.67
2022-05-04,CA,Victoria,pm25,45,5.0,42.0,21.0,516.64
2022-05-04,CA,Montréal,pm25,390,3.0,50.0,18.0,770.73
2022-05-04,CA,Toronto,pm25,120,5.0,50.0,17.0,578.64
2022-05-04,CA,Ottawa,pm25,68,9.0,47.0,17.0,1504.75
2022-05-04,CA,London,pm25,46,9.0,61.0,17.0,847.85
2022-05-04,US,Oklahoma City,pm25,96,10.0,58.0,29.0,1842.45
2022-05-04,US,Raleigh,pm25,64,17.0,59.0,42.0,841.49
2022-05-04,US,Memphis,pm25,72,4.0,54.0,31.0,1692.94
2022-05-04,US,Jackson,pm25,72,17.0,66.0,46.0,1254.65
2022-05-04,US,Boston,pm25,131,5.0,55.0,30.0,986.44
2022-05-04,US,Richmond,pm25,96,13.0,59.0,51.0,1397.68
2022-05-04,US,Portland,pm25,144,12.0,35.0,20.0,263.48
2022-05-04,US,Boise,pm25,75,5.0,42.0,13.0,1016.69
2022-05-04,US,Austin,pm25,46,9.0,78.0,38.0,3534.76
2022-05-04,US,Honolulu,pm25,43,5.0,42.0,17.0,1143.49
2022-05-04,US,Fresno,pm25,48,14.0,54.0,35.0,994.75
2022-05-04,US,Milwaukee,pm25,144,5.0,39.0,12.0,432.23
2022-05-04,US,Hartford,pm25,48,15.0,40.0,25.0,487.62
2022-05-04,US,Washington D.C.,pm25,115,5.0,74.0,38.0,2727.88
2022-05-04,US,Chicago,pm25,212,3.0,49.0,11.0,969.62
2022-05-04,US,Houston,pm25,47,26.0,61.0,44.0,869.5
2022-05-04,US,Indianapolis,pm25,94,18.0,64.0,30.0,1100.09
2022-05-04,US,Atlanta,pm25,24,42.0,57.0,47.0,206.79
2022-05-04,US,Charlotte,pm25,68,13.0,72.0,42.0,1020.41
2022-05-04,US,Sacramento,pm25,62,5.0,50.0,21.0,914.26
2022-05-04,US,Oakland,pm25,102,9.0,74.0,38.0,2450.26
2022-05-04,US,Providence,pm25,58,5.0,34.0,17.0,426.47
2022-05-04,US,Staten Island,pm25,103,1.0,57.0,17.0,1421.23
2022-05-04,US,Brooklyn,pm25,133,1.0,83.0,29.0,3871.39
2022-05-04,US,Springfield,pm25,69,5.0,65.0,22.0,1626.98
2022-05-04,US,The Bronx,pm25,41,1.0,50.0,20.0,2162.06
2022-05-04,US,San Jose,pm25,89,5.0,171.0,30.0,4208.59
2022-05-04,US,Los Angeles,pm25,72,35.0,93.0,62.0,1326.54
2022-05-04,US,Detroit,pm25,128,11.0,61.0,27.0,1246.61
2022-05-04,US,Little Rock,pm25,24,9.0,51.0,24.0,1189.98
2022-05-04,US,Baltimore,pm25,38,9.0,51.0,26.0,1732.66
2022-05-04,US,Phoenix,pm25,186,3.0,112.0,23.0,2840.01
2022-05-04,US,Omaha,pm25,21,4.0,25.0,13.0,416.29
2022-05-04,US,El Paso,pm25,158,5.0,109.0,30.0,2899.35
2022-05-04,US,Seattle,pm25,257,5.0,53.0,25.0,1164.08
2022-05-04,US,Manhattan,pm25,55,3.0,61.0,27.0,2558.54
2022-05-04,US,Miami,pm25,92,18.0,46.0,28.0,238.56
2022-05-04,US,Jacksonville,pm25,140,5.0,95.0,35.0,1541.56
2022-05-04,US,San Antonio,pm25,94,17.0,76.0,48.0,2326.21
2022-05-04,US,Philadelphia,pm25,83,1.0,62.0,33.0,2733.02
2022-05-04,US,San Diego,pm25,20,34.0,69.0,52.0,1583.66
2022-05-04,US,Columbus,pm25,47,6.0,53.0,33.0,1507.63
2022-05-04,US,Saint Paul,pm25,131,5.0,53.0,17.0,912.03
2022-05-04,US,Denver,pm25,154,9.0,72.0,25.0,2726.94
2022-05-04,US,Salt Lake City,pm25,212,3.0,55.0,16.0,1729.89
2022-05-04,US,Albuquerque,pm25,72,11.0,78.0,21.0,1663.24
2022-05-04,US,San Francisco,pm25,72,17.0,72.0,42.0,1947.46
2022-05-04,US,Salem,pm25,72,11.0,30.0,18.0,122.82
2022-05-04,US,Madison,pm25,48,8.0,40.0,15.0,600.83
2022-05-04,US,Nashville,pm25,71,9.0,61.0,47.0,1689.6
2022-05-04,US,Tucson,pm25,165,5.0,129.0,34.0,2950.16
2022-05-04,US,Queens,pm25,87,1.0,83.0,33.0,5185.85
2022-05-04,US,Tallahassee,pm25,70,1.0,101.0,36.0,2567.22
2022-05-04,US,Fort Worth,pm25,24,13.0,68.0,50.0,2578.1
2022-05-04,RS,Novi Sad,pm25,48,7.0,77.0,26.0,4227.66
2022-05-04,RS,Niš,pm25,48,21.0,65.0,42.0,1578.93
2022-05-04,RS,Belgrade,pm25,120,23.0,98.0,53.0,2594.76
2022-05-04,CY,Nicosia,pm25,24,56.0,92.0,67.0,1506.88
2022-05-04,CY,Limassol,pm25,24,42.0,108.0,74.0,2574.76
2022-05-04,HR,Zagreb,pm25,24,24.0,86.0,66.0,4870.27
2022-05-04,HR,Rijeka,pm25,78,30.0,56.0,36.0,435.7
2022-05-04,MK,Skopje,pm25,168,11.0,93.0,50.0,3721.5
2022-05-05,GE,Tbilisi,pm25,96,41.0,102.0,57.0,2453.82
2022-05-05,HU,Győr,pm25,48,21.0,74.0,42.0,2026.6
2022-05-05,HU,Szeged,pm25,24,13.0,53.0,25.0,1547.37
2022-05-05,HU,Pécs,pm25,66,30.0,68.0,42.0,1303.55
2022-05-05,HU,Miskolc,pm25,120,34.0,78.0,57.0,1007.56
2022-05-05,HU,Budapest,pm25,357,13.0,68.0,50.0,1494.81
2022-05-05,JP,Fukuoka,pm25,404,5.0,158.0,61.0,2969.41
2022-05-05,JP,Kanazawa,pm25,233,5.0,78.0,50.0,2446.97
2022-05-05,JP,Kumamoto,pm25,328,5.0,109.0,57.0,2316.57
2022-05-05,JP,Akita,pm25,45,9.0,91.0,61.0,2836.01
2022-05-05,JP,Kochi,pm25,48,21.0,63.0,46.0,839.57
2022-05-05,JP,Gifu-shi,pm25,142,5.0,89.0,55.0,2351.34
2022-05-05,JP,Kyoto,pm25,552,21.0,80.0,53.0,905.92
2022-05-05,JP,Hiroshima,pm25,330,5.0,89.0,46.0,2316.35
2022-05-05,JP,Shizuoka,pm25,257,17.0,85.0,57.0,1230.51
2022-05-05,JP,Chiba,pm25,799,5.0,151.0,55.0,3920.28
2022-05-05,JP,Sapporo,pm25,202,5.0,72.0,30.0,2649.62
2022-05-05,JP,Yokohama,pm25,546,1.0,137.0,55.0,3971.11
2022-05-05,JP,Tokyo,pm25,2588,1.0,369.0,61.0,1723.89
2022-05-05,JP,Saitama,pm25,500,5.0,95.0,61.0,834.31
2022-05-05,JP,Naha,pm25,124,5.0,25.0,9.0,223.77
2022-05-05,JP,Nagasaki,pm25,188,5.0,82.0,53.0,1268.72
2022-05-05,JP,Toyama,pm25,190,17.0,104.0,53.0,1641.91
2022-05-05,JP,Niigata,pm25,209,34.0,74.0,55.0,467.21
2022-05-05,JP,Nara-shi,pm25,191,25.0,78.0,55.0,670.49
2022-05-05,JP,Okayama,pm25,279,34.0,93.0,61.0,807.29
2022-05-05,JP,Sendai,pm25,477,21.0,80.0,59.0,719.17
2022-05-05,JP,Osaka,pm25,1476,5.0,114.0,50.0,1313.75
2022-05-05,JP,Miyazaki,pm25,140,5.0,85.0,50.0,1753.25
2022-05-05,JP,Matsuyama,pm25,167,17.0,91.0,53.0,2074.81
2022-05-05,JP,Wakayama,pm25,281,21.0,87.0,46.0,1018.51
2022-05-05,JP,Takamatsu,pm25,240,17.0,91.0,55.0,1098.11
2022-05-05,JP,Nagoya,pm25,786,17.0,119.0,55.0,1845.91
2022-05-05,JP,Ōita,pm25,261,5.0,72.0,50.0,1648.8
2022-05-05,JP,Kobe,pm25,420,5.0,76.0,46.0,1196.96
2022-05-05,JP,Nagano,pm25,72,30.0,74.0,53.0,1206.28
2022-05-05,JP,Utsunomiya,pm25,432,30.0,78.0,57.0,551.81
2022-05-05,JP,Kagoshima,pm25,95,17.0,63.0,50.0,597.44
2022-05-05,SK,Košice,pm25,96,17.0,82.0,53.0,1594.08
2022-05-05,SK,Bratislava,pm25,96,17.0,82.0,50.0,2354.72
2022-05-05,FI,Vantaa,pm25,24,10.0,43.0,20.0,713.32
2022-05-05,FI,Turku,pm25,24,10.0,33.0,17.0,444.33
2022-05-05,FI,Helsinki,pm25,119,6.0,44.0,18.0,803.73
2022-05-05,FI,Tampere,pm25,96,5.0,56.0,20.0,1508.61
2022-05-05,ET,Addis Ababa,pm25,42,50.0,129.0,65.0,3223.39
2022-05-05,CH,Zürich,pm25,20,1.0,3.0,2.0,2.0
2022-05-05,CO,Bogotá,pm25,257,9.0,158.0,60.0,5652.35
2022-05-05,CO,Medellín,pm25,274,30.0,87.0,63.0,830.94
2022-05-05,DK,Copenhagen,pm25,24,25.0,49.0,35.0,280.87
2022-05-05,EC,Quito,pm25,64,2.0,117.0,47.0,4948.35
2022-05-05,GB,Edinburgh,pm25,282,5.0,35.0,15.0,385.45
2022-05-05,GB,Norwich,pm25,20,26.0,58.0,38.0,918.84
2022-05-05,GB,Liverpool,pm25,42,9.0,39.0,21.0,330.87
2022-05-05,GB,Belfast,pm25,71,9.0,37.0,21.0,359.35
2022-05-05,GB,Coventry,pm25,52,19.0,50.0,30.0,461.96
2022-05-05,GB,Leeds,pm25,43,13.0,38.0,21.0,303.99
2022-05-05,GB,Cardiff,pm25,125,9.0,68.0,42.0,1785.52
2022-05-05,GB,Bristol,pm25,68,25.0,78.0,42.0,1692.39
2022-05-05,GB,London,pm25,536,1.0,99.0,38.0,1872.82
2022-05-05,GB,Birmingham,pm25,39,25.0,55.0,30.0,382.87
2022-05-05,GB,Sheffield,pm25,90,9.0,63.0,21.0,1538.61
2022-05-05,GB,Newport,pm25,46,20.0,77.0,34.0,2547.85
2022-05-05,GB,Leicester,pm25,22,25.0,54.0,35.0,733.1
2022-05-05,GB,Manchester,pm25,78,13.0,34.0,24.0,297.12
2022-05-05,GB,Reading,pm25,47,5.0,46.0,17.0,1204.62
2022-05-05,GB,Plymouth,pm25,45,9.0,46.0,28.0,1020.74
2022-05-05,GB,Glasgow,pm25,560,1.0,51.0,22.0,1105.42
2022-05-05,GB,Preston,pm25,44,11.0,33.0,17.0,321.5
2022-05-05,GB,Swansea,pm25,92,9.0,82.0,42.0,2442.43
2022-05-05,GB,Southend-on-Sea,pm25,43,26.0,59.0,40.0,938.44
2022-05-05,ID,Jakarta,pm25,71,21.0,122.0,61.0,6177.46
2022-05-05,NP,Kathmandu,pm25,60,25.0,188.0,74.0,23377.3
2022-05-05,NP,Pokhara,pm25,24,20.0,187.0,37.0,13703.7
2022-05-05,NP,Biratnagar,pm25,48,40.0,152.0,53.0,8490.05
2022-05-05,AU,Sydney,pm25,165,3.0,58.0,23.0,876.47
2022-05-05,AU,Newcastle,pm25,138,1.0,50.0,19.0,1338.5
2022-05-05,AU,Launceston,pm25,100,5.0,169.0,13.0,10969.1
2022-05-05,AU,Hobart,pm25,56,5.0,50.0,13.0,1281.06
2022-05-05,AU,Darwin,pm25,46,2.0,72.0,22.0,4367.71
2022-05-05,AU,Melbourne,pm25,156,1.0,83.0,21.0,2157.06
2022-05-05,AU,Canberra,pm25,33,5.0,73.0,16.0,2785.93
2022-05-05,AU,Adelaide,pm25,84,2.0,52.0,13.0,1000.0
2022-05-05,AU,Brisbane,pm25,190,3.0,76.0,25.0,1660.73
2022-05-05,AU,Perth,pm25,81,2.0,17.0,5.0,88.19
2022-05-05,AU,Wollongong,pm25,41,3.0,55.0,19.0,1632.01
2022-05-05,CI,Abidjan,pm25,20,9.0,82.0,53.0,5036.21
2022-05-05,GH,Accra,pm25,24,17.0,114.0,46.0,7819.98
2022-05-05,IQ,Baghdad,pm25,14,180.0,410.0,191.0,35011.7
2022-05-05,IS,Reykjavík,pm25,96,6.0,30.0,14.0,253.78
2022-05-05,KG,Bishkek,pm25,20,5.0,61.0,25.0,2904.11
2022-05-05,NL,Utrecht,pm25,48,26.0,112.0,60.0,3239.41
2022-05-05,NL,Nijmegen,pm25,48,19.0,94.0,51.0,1703.67
2022-05-05,NL,Haarlem,pm25,140,2.0,127.0,58.0,7790.95
2022-05-05,NL,Eindhoven,pm25,24,39.0,86.0,66.0,1939.93
2022-05-05,NL,Rotterdam,pm25,192,26.0,164.0,58.0,4789.46
2022-05-05,NL,Amsterdam,pm25,264,8.0,102.0,55.0,2937.18
2022-05-05,NL,Dordrecht,pm25,24,26.0,95.0,53.0,3536.5
2022-05-05,NL,Breda,pm25,24,24.0,88.0,55.0,3140.71
2022-05-05,NL,Groningen,pm25,48,13.0,81.0,34.0,2100.95
2022-05-05,NL,Maastricht,pm25,95,25.0,99.0,63.0,2085.42
2022-05-05,NL,The Hague,pm25,48,20.0,121.0,61.0,6018.83
2022-05-05,PT,Lisbon,pm25,46,17.0,63.0,41.0,1432.02
2022-05-05,PT,Funchal,pm25,69,1.0,29.0,16.0,608.12
2022-05-05,CA,Hamilton,pm25,93,5.0,78.0,17.0,3234.38
2022-05-05,CA,Calgary,pm25,92,3.0,61.0,22.0,2075.57
2022-05-05,CA,Halifax,pm25,46,6.0,22.0,14.0,137.02
2022-05-05,CA,Kitchener,pm25,40,5.0,46.0,17.0,1531.02
2022-05-05,CA,Edmonton,pm25,126,1.0,62.0,28.0,1938.38
2022-05-05,CA,Mississauga,pm25,59,5.0,93.0,13.0,1563.02
2022-05-05,CA,Québec,pm25,143,7.0,51.0,16.0,601.26
2022-05-05,CA,Vancouver,pm25,23,4.0,13.0,8.0,42.09
2022-05-05,CA,Victoria,pm25,41,5.0,34.0,17.0,411.88
2022-05-05,CA,Montréal,pm25,333,3.0,53.0,15.0,777.87
2022-05-05,CA,Toronto,pm25,121,5.0,152.0,17.0,3028.16
2022-05-05,CA,Ottawa,pm25,62,9.0,30.0,18.0,199.09
2022-05-05,CA,London,pm25,32,5.0,59.0,13.0,3369.64
2022-05-05,US,Oklahoma City,pm25,82,5.0,31.0,15.0,229.85
2022-05-05,US,Raleigh,pm25,72,21.0,59.0,43.0,984.03
2022-05-05,US,Memphis,pm25,70,3.0,61.0,33.0,2314.91
2022-05-05,US,Jackson,pm25,72,18.0,56.0,40.0,1377.11
2022-05-05,US,Boston,pm25,118,5.0,50.0,21.0,544.42
2022-05-05,US,Richmond,pm25,96,13.0,59.0,28.0,1219.94
2022-05-05,US,Portland,pm25,144,5.0,22.0,13.0,132.7
2022-05-05,US,Boise,pm25,88,5.0,61.0,21.0,2100.87
2022-05-05,US,Austin,pm25,44,5.0,74.0,46.0,3190.87
2022-05-05,US,Honolulu,pm25,43,5.0,34.0,21.0,564.33
2022-05-05,US,Fresno,pm25,47,4.0,62.0,40.0,3322.44
2022-05-05,US,Milwaukee,pm25,142,12.0,173.0,29.0,4079.77
2022-05-05,US,Hartford,pm25,48,18.0,38.0,21.0,149.68
2022-05-05,US,Washington D.C.,pm25,113,5.0,57.0,24.0,814.15
2022-05-05,US,Chicago,pm25,209,5.0,63.0,31.0,2913.79
2022-05-05,US,Houston,pm25,47,19.0,70.0,52.0,1376.45
2022-05-05,US,Indianapolis,pm25,92,30.0,66.0,44.0,784.5
2022-05-05,US,Atlanta,pm25,24,45.0,58.0,52.0,165.14
2022-05-05,US,Charlotte,pm25,72,21.0,76.0,50.0,994.41
2022-05-05,US,Sacramento,pm25,72,9.0,46.0,21.0,681.31
2022-05-05,US,Oakland,pm25,113,5.0,87.0,30.0,1289.62
2022-05-05,US,Providence,pm25,63,5.0,50.0,17.0,669.85
2022-05-05,US,Staten Island,pm25,117,1.0,52.0,18.0,1666.01
2022-05-05,US,Brooklyn,pm25,118,1.0,52.0,20.0,1771.18
2022-05-05,US,Springfield,pm25,66,7.0,69.0,33.0,2658.15
2022-05-05,US,The Bronx,pm25,41,1.0,36.0,9.0,1617.24
2022-05-05,US,San Jose,pm25,92,5.0,55.0,25.0,1761.06
2022-05-05,US,Los Angeles,pm25,51,12.0,91.0,60.0,2256.9
2022-05-05,US,Detroit,pm25,144,14.0,60.0,33.0,1386.43
2022-05-05,US,Little Rock,pm25,22,9.0,56.0,21.0,1227.03
2022-05-05,US,Baltimore,pm25,38,5.0,30.0,20.0,647.54
2022-05-05,US,Phoenix,pm25,188,3.0,55.0,22.0,1468.91
2022-05-05,US,Omaha,pm25,21,5.0,38.0,13.0,1151.0
2022-05-05,US,El Paso,pm25,163,5.0,95.0,25.0,2740.02
2022-05-05,US,Seattle,pm25,254,3.0,43.0,19.0,821.1
2022-05-05,US,Manhattan,pm25,66,1.0,40.0,11.0,1352.63
2022-05-05,US,Miami,pm25,92,18.0,77.0,36.0,1533.68
2022-05-05,US,Jacksonville,pm25,143,1.0,72.0,40.0,912.88
2022-05-05,US,San Antonio,pm25,91,17.0,84.0,60.0,2925.31
2022-05-05,US,Philadelphia,pm25,81,3.0,54.0,18.0,1212.04
2022-05-05,US,San Diego,pm25,24,29.0,71.0,50.0,1117.97
2022-05-05,US,Columbus,pm25,48,10.0,48.0,28.0,740.0
2022-05-05,US,Saint Paul,pm25,144,5.0,99.0,30.0,3187.07
2022-05-05,US,Denver,pm25,154,9.0,50.0,25.0,508.73
2022-05-05,US,Salt Lake City,pm25,216,9.0,48.0,18.0,926.42
2022-05-05,US,Albuquerque,pm25,71,7.0,56.0,18.0,799.38
2022-05-05,US,San Francisco,pm25,71,9.0,70.0,30.0,2136.34
2022-05-05,US,Salem,pm25,72,5.0,16.0,12.0,111.33
2022-05-05,US,Madison,pm25,47,18.0,49.0,24.0,1188.69
2022-05-05,US,Nashville,pm25,71,5.0,64.0,42.0,1183.96
2022-05-05,US,Tucson,pm25,151,5.0,59.0,25.0,1263.68
2022-05-05,US,Queens,pm25,75,4.0,33.0,14.0,851.61
2022-05-05,US,Tallahassee,pm25,48,2.0,67.0,28.0,2341.13
2022-05-05,US,Fort Worth,pm25,19,5.0,61.0,34.0,2723.57
2022-05-05,RS,Novi Sad,pm25,48,11.0,68.0,32.0,2940.92
2022-05-05,RS,Niš,pm25,48,20.0,54.0,35.0,842.39
2022-05-05,RS,Belgrade,pm25,119,22.0,91.0,51.0,2243.93
2022-05-05,CY,Nicosia,pm25,24,36.0,94.0,57.0,1992.17
2022-05-05,CY,Limassol,pm25,24,36.0,66.0,50.0,812.75
2022-05-05,HR,Zagreb,pm25,24,34.0,85.0,59.0,2300.8
2022-05-05,HR,Rijeka,pm25,87,32.0,61.0,43.0,564.41
2022-05-05,MK,Skopje,pm25,160,5.0,151.0,56.0,6069.35
2022-05-06,GE,Tbilisi,pm25,96,12.0,67.0,30.0,1522.74
2022-05-06,HU,Győr,pm25,48,13.0,70.0,55.0,2490.43
2022-05-06,HU,Szeged,pm25,24,25.0,57.0,46.0,766.07
2022-05-06,HU,Pécs,pm25,72,42.0,72.0,59.0,700.49
2022-05-06,HU,Miskolc,pm25,120,34.0,82.0,55.0,722.96
2022-05-06,HU,Budapest,pm25,349,30.0,72.0,55.0,839.88
2022-05-06,JP,Fukuoka,pm25,396,5.0,152.0,46.0,3405.41
2022-05-06,JP,Kanazawa,pm25,234,5.0,78.0,46.0,1749.28
2022-05-06,JP,Kumamoto,pm25,313,5.0,76.0,34.0,2110.33
2022-05-06,JP,Akita,pm25,46,5.0,89.0,63.0,2961.59
2022-05-06,JP,Kochi,pm25,48,21.0,80.0,46.0,1499.25
2022-05-06,JP,Gifu-shi,pm25,142,5.0,91.0,46.0,1807.99
2022-05-06,JP,Kyoto,pm25,543,5.0,72.0,50.0,981.22
2022-05-06,JP,Hiroshima,pm25,330,5.0,151.0,50.0,2384.43
2022-05-06,JP,Shizuoka,pm25,261,5.0,89.0,50.0,1644.92
2022-05-06,JP,Chiba,pm25,745,5.0,112.0,42.0,2198.41
2022-05-06,JP,Sapporo,pm25,212,9.0,124.0,53.0,1809.26
2022-05-06,JP,Yokohama,pm25,540,1.0,89.0,42.0,2465.84
2022-05-06,JP,Tokyo,pm25,2572,1.0,112.0,50.0,1313.99
2022-05-06,JP,Saitama,pm25,491,21.0,87.0,55.0,1640.6
2022-05-06,JP,Naha,pm25,105,5.0,21.0,9.0,356.4
2022-05-06,JP,Nagasaki,pm25,187,9.0,74.0,46.0,1720.78
2022-05-06,JP,Toyama,pm25,190,13.0,99.0,55.0,1280.64
2022-05-06,JP,Niigata,pm25,169,34.0,72.0,55.0,452.33
2022-05-06,JP,Nara-shi,pm25,189,17.0,107.0,50.0,958.22
2022-05-06,JP,Okayama,pm25,280,21.0,65.0,50.0,528.0
2022-05-06,JP,Sendai,pm25,467,9.0,82.0,55.0,1034.0
2022-05-06,JP,Osaka,pm25,1443,5.0,99.0,46.0,1174.25
2022-05-06,JP,Miyazaki,pm25,128,5.0,72.0,34.0,2673.16
2022-05-06,JP,Matsuyama,pm25,161,13.0,99.0,57.0,2842.88
2022-05-06,JP,Wakayama,pm25,285,21.0,78.0,46.0,879.18
2022-05-06,JP,Takamatsu,pm25,240,13.0,68.0,42.0,1544.48
2022-05-06,JP,Nagoya,pm25,775,9.0,122.0,42.0,1002.87
2022-05-06,JP,Ōita,pm25,254,5.0,78.0,46.0,2667.05
2022-05-06,JP,Kobe,pm25,423,5.0,78.0,50.0,987.53
2022-05-06,JP,Nagano,pm25,71,13.0,95.0,57.0,1917.77
2022-05-06,JP,Utsunomiya,pm25,428,17.0,74.0,57.0,1017.56
2022-05-06,JP,Kagoshima,pm25,87,5.0,53.0,21.0,1868.26
2022-05-06,SK,Košice,pm25,92,17.0,107.0,50.0,4277.73
2022-05-06,SK,Bratislava,pm25,95,17.0,80.0,53.0,2206.59
2022-05-06,FI,Vantaa,pm25,24,13.0,51.0,34.0,729.84
2022-05-06,FI,Turku,pm25,24,13.0,31.0,22.0,198.1
2022-05-06,FI,Helsinki,pm25,120,17.0,56.0,31.0,888.06
2022-05-06,FI,Tampere,pm25,96,15.0,65.0,27.0,1175.84
2022-05-06,ET,Addis Ababa,pm25,48,42.0,182.0,70.0,6422.34
2022-05-06,CH,Zürich,pm25,23,1.0,3.0,2.0,3.91
2022-05-06,CO,Bogotá,pm25,297,9.0,172.0,70.0,7883.5
2022-05-06,CO,Medellín,pm25,318,34.0,85.0,59.0,1137.67
2022-05-06,DK,Copenhagen,pm25,24,15.0,58.0,32.0,1284.28
2022-05-06,GB,Edinburgh,pm25,284,2.0,25.0,11.0,326.22
2022-05-06,GB,Norwich,pm25,19,24.0,89.0,59.0,2025.91
2022-05-06,GB,Liverpool,pm25,31,11.0,38.0,17.0,277.29
2022-05-06,GB,Belfast,pm25,76,7.0,44.0,17.0,495.82
2022-05-06,GB,Coventry,pm25,39,18.0,62.0,34.0,1427.3
2022-05-06,GB,Leeds,pm25,38,9.0,46.0,26.0,675.36
2022-05-06,GB,Cardiff,pm25,132,5.0,46.0,21.0,1072.66
2022-05-06,GB,Bristol,pm25,59,25.0,87.0,50.0,2292.5
2022-05-06,GB,London,pm25,491,5.0,155.0,42.0,2956.88
2022-05-06,GB,Birmingham,pm25,36,13.0,59.0,34.0,1048.29
2022-05-06,GB,Sheffield,pm25,72,14.0,38.0,21.0,238.86
2022-05-06,GB,Newport,pm25,48,13.0,76.0,26.0,2032.75
2022-05-06,GB,Leicester,pm25,22,20.0,74.0,46.0,1060.61
2022-05-06,GB,Manchester,pm25,75,13.0,43.0,25.0,469.29
2022-05-06,GB,Reading,pm25,44,5.0,53.0,21.0,1978.18
2022-05-06,GB,Plymouth,pm25,30,9.0,34.0,21.0,614.26
2022-05-06,GB,Glasgow,pm25,553,1.0,191.0,15.0,1914.92
2022-05-06,GB,Preston,pm25,42,9.0,35.0,23.0,454.55
2022-05-06,GB,Swansea,pm25,92,5.0,38.0,21.0,653.91
2022-05-06,GB,Southend-on-Sea,pm25,39,18.0,68.0,49.0,2243.54
2022-05-06,ID,Jakarta,pm25,71,5.0,134.0,52.0,6591.23
2022-05-06,NP,Kathmandu,pm25,62,21.0,151.0,78.0,7776.96
2022-05-06,NP,Pokhara,pm25,23,23.0,68.0,58.0,2843.56
2022-05-06,NP,Biratnagar,pm25,48,36.0,120.0,80.0,5853.6
2022-05-06,AU,Sydney,pm25,152,2.0,69.0,19.0,1812.51
2022-05-06,AU,Newcastle,pm25,132,1.0,80.0,19.0,2637.82
2022-05-06,AU,Launceston,pm25,108,5.0,70.0,9.0,1077.45
2022-05-06,AU,Hobart,pm25,56,5.0,34.0,9.0,367.61
2022-05-06,AU,Darwin,pm25,48,3.0,100.0,31.0,5567.66
2022-05-06,AU,Melbourne,pm25,156,1.0,70.0,21.0,2782.56
2022-05-06,AU,Canberra,pm25,48,2.0,79.0,27.0,2455.42
2022-05-06,AU,Adelaide,pm25,90,1.0,61.0,21.0,1791.01
2022-05-06,AU,Brisbane,pm25,177,1.0,78.0,18.0,763.2
2022-05-06,AU,Perth,pm25,80,2.0,57.0,5.0,676.44
2022-05-06,AU,Wollongong,pm25,37,3.0,83.0,19.0,2864.8
2022-05-06,CI,Abidjan,pm25,24,34.0,147.0,68.0,8733.26
2022-05-06,GH,Accra,pm25,23,25.0,124.0,61.0,7858.74
2022-05-06,IQ,Baghdad,pm25,22,122.0,310.0,171.0,38703.5
2022-05-06,IS,Reykjavík,pm25,96,6.0,37.0,13.0,481.25
2022-05-06,KG,Bishkek,pm25,23,5.0,53.0,25.0,2106.05
2022-05-06,NL,Utrecht,pm25,47,21.0,85.0,57.0,2378.15
2022-05-06,NL,Nijmegen,pm25,48,13.0,112.0,64.0,5540.35
2022-05-06,NL,Haarlem,pm25,136,1.0,94.0,45.0,3151.06
2022-05-06,NL,Eindhoven,pm25,24,26.0,91.0,58.0,3744.28
2022-05-06,NL,Rotterdam,pm25,192,25.0,100.0,58.0,2141.75
2022-05-06,NL,Amsterdam,pm25,263,1.0,95.0,39.0,3248.83
2022-05-06,NL,Dordrecht,pm25,24,30.0,99.0,55.0,4848.24
2022-05-06,NL,Breda,pm25,24,35.0,116.0,63.0,4249.28
2022-05-06,NL,Groningen,pm25,48,17.0,86.0,58.0,4028.92
2022-05-06,NL,Maastricht,pm25,96,17.0,134.0,80.0,5819.3
2022-05-06,NL,The Hague,pm25,48,13.0,64.0,52.0,1528.61
2022-05-06,PT,Lisbon,pm25,41,28.0,64.0,43.0,1118.22
2022-05-06,PT,Funchal,pm25,59,2.0,41.0,22.0,1211.47
2022-05-06,CA,Hamilton,pm25,93,5.0,68.0,34.0,2049.21
2022-05-06,CA,Calgary,pm25,77,1.0,37.0,13.0,507.6
2022-05-06,CA,Halifax,pm25,46,8.0,23.0,14.0,109.66
2022-05-06,CA,Kitchener,pm25,41,9.0,38.0,17.0,851.55
2022-05-06,CA,Edmonton,pm25,126,1.0,49.0,10.0,1435.27
2022-05-06,CA,Mississauga,pm25,66,13.0,95.0,21.0,2689.33
2022-05-06,CA,Québec,pm25,146,7.0,35.0,14.0,266.51
2022-05-06,CA,Vancouver,pm25,21,10.0,33.0,18.0,579.48
2022-05-06,CA,Victoria,pm25,40,5.0,46.0,17.0,741.44
2022-05-06,CA,Montréal,pm25,353,6.0,41.0,21.0,378.98
2022-05-06,CA,Toronto,pm25,124,9.0,72.0,25.0,1603.76
2022-05-06,CA,Ottawa,pm25,56,9.0,30.0,18.0,159.79
2022-05-06,CA,London,pm25,44,9.0,38.0,17.0,526.19
2022-05-06,US,Oklahoma City,pm25,83,15.0,57.0,23.0,844.16
2022-05-06,US,Raleigh,pm25,69,5.0,93.0,48.0,1892.68
2022-05-06,US,Memphis,pm25,66,2.0,36.0,17.0,341.61
2022-05-06,US,Jackson,pm25,72,11.0,55.0,25.0,1084.48
2022-05-06,US,Boston,pm25,126,5.0,59.0,25.0,842.02
2022-05-06,US,Richmond,pm25,96,6.0,48.0,33.0,901.89
2022-05-06,US,Portland,pm25,144,5.0,22.0,10.0,105.56
2022-05-06,US,Boise,pm25,77,5.0,61.0,17.0,1890.5
2022-05-06,US,Austin,pm25,46,21.0,76.0,55.0,2690.32
2022-05-06,US,Honolulu,pm25,46,5.0,46.0,21.0,1002.05
2022-05-06,US,Fresno,pm25,43,3.0,40.0,16.0,677.56
2022-05-06,US,Milwaukee,pm25,144,15.0,61.0,25.0,492.04
2022-05-06,US,Hartford,pm25,48,21.0,52.0,29.0,493.51
2022-05-06,US,Washington D.C.,pm25,111,5.0,53.0,22.0,877.67
2022-05-06,US,Chicago,pm25,230,13.0,59.0,29.0,1015.26
2022-05-06,US,Houston,pm25,47,20.0,140.0,54.0,3898.66
2022-05-06,US,Indianapolis,pm25,96,5.0,54.0,26.0,2419.75
2022-05-06,US,Atlanta,pm25,24,25.0,54.0,34.0,484.57
2022-05-06,US,Charlotte,pm25,71,17.0,95.0,53.0,3868.86
2022-05-06,US,Sacramento,pm25,67,2.0,50.0,13.0,827.59
2022-05-06,US,Oakland,pm25,103,5.0,46.0,17.0,936.41
2022-05-06,US,Providence,pm25,66,5.0,65.0,17.0,1195.12
2022-05-06,US,Staten Island,pm25,89,1.0,73.0,19.0,2423.36
2022-05-06,US,Brooklyn,pm25,134,1.0,55.0,23.0,1407.75
2022-05-06,US,Springfield,pm25,71,5.0,41.0,16.0,742.2
2022-05-06,US,The Bronx,pm25,40,2.0,48.0,20.0,1479.59
2022-05-06,US,San Jose,pm25,87,5.0,55.0,21.0,880.92
2022-05-06,US,Los Angeles,pm25,24,47.0,90.0,58.0,1564.35
2022-05-06,US,Detroit,pm25,144,20.0,55.0,31.0,423.42
2022-05-06,US,Little Rock,pm25,19,3.0,31.0,16.0,528.77
2022-05-06,US,Baltimore,pm25,40,5.0,62.0,21.0,2084.1
2022-05-06,US,Phoenix,pm25,192,10.0,117.0,35.0,2273.08
2022-05-06,US,Omaha,pm25,16,5.0,42.0,13.0,1167.83
2022-05-06,US,El Paso,pm25,164,5.0,91.0,33.0,3858.52
2022-05-06,US,Seattle,pm25,247,3.0,55.0,21.0,1199.83
2022-05-06,US,Manhattan,pm25,72,3.0,61.0,21.0,1671.67
2022-05-06,US,Miami,pm25,93,29.0,74.0,40.0,940.52
2022-05-06,US,Jacksonville,pm25,144,8.0,69.0,40.0,1749.94
2022-05-06,US,San Antonio,pm25,94,13.0,99.0,59.0,3363.87
2022-05-06,US,Philadelphia,pm25,89,2.0,56.0,21.0,881.48
2022-05-06,US,San Diego,pm25,24,32.0,69.0,51.0,1043.32
2022-05-06,US,Columbus,pm25,48,3.0,45.0,21.0,1575.3
2022-05-06,US,Saint Paul,pm25,139,5.0,85.0,25.0,3181.43
2022-05-06,US,Denver,pm25,126,9.0,42.0,21.0,519.21
2022-05-06,US,Salt Lake City,pm25,216,12.0,77.0,43.0,2451.93
2022-05-06,US,Albuquerque,pm25,70,12.0,70.0,20.0,1897.52
2022-05-06,US,San Francisco,pm25,61,5.0,119.0,17.0,8832.29
2022-05-06,US,Salem,pm25,72,5.0,24.0,8.0,106.28
2022-05-06,US,Madison,pm25,48,20.0,46.0,27.0,573.72
2022-05-06,US,Nashville,pm25,71,5.0,61.0,23.0,997.85
2022-05-06,US,Tucson,pm25,139,5.0,61.0,25.0,1553.11
2022-05-06,US,Queens,pm25,86,1.0,47.0,17.0,1128.77
2022-05-06,US,Tallahassee,pm25,59,2.0,59.0,26.0,1937.83
2022-05-06,US,Fort Worth,pm25,23,5.0,38.0,25.0,1250.79
2022-05-06,RS,Novi Sad,pm25,48,9.0,51.0,18.0,2980.6
2022-05-06,RS,Niš,pm25,48,32.0,61.0,45.0,522.3
2022-05-06,RS,Belgrade,pm25,120,28.0,59.0,48.0,546.25
2022-05-06,CY,Nicosia,pm25,24,10.0,48.0,36.0,715.63
2022-05-06,CY,Limassol,pm25,24,15.0,52.0,33.0,972.1
2022-05-06,HR,Zagreb,pm25,24,48.0,80.0,58.0,787.37
2022-05-06,HR,Rijeka,pm25,83,15.0,72.0,41.0,1653.93
2022-05-06,MK,Skopje,pm25,168,8.0,102.0,54.0,4044.07
2022-05-07,GE,Tbilisi,pm25,96,21.0,41.0,31.0,417.5
2022-05-07,HU,Győr,pm25,48,25.0,72.0,50.0,1095.16
2022-05-07,HU,Szeged,pm25,23,34.0,68.0,46.0,903.83
2022-05-07,HU,Pécs,pm25,69,42.0,74.0,55.0,604.83
2022-05-07,HU,Miskolc,pm25,108,34.0,78.0,59.0,877.59
2022-05-07,HU,Budapest,pm25,340,13.0,76.0,50.0,970.04
2022-05-07,JP,Fukuoka,pm25,396,5.0,156.0,38.0,3159.26
2022-05-07,JP,Kanazawa,pm25,224,5.0,76.0,38.0,1902.84
2022-05-07,JP,Kumamoto,pm25,308,5.0,68.0,34.0,1816.96
2022-05-07,JP,Akita,pm25,45,5.0,78.0,53.0,2707.55
2022-05-07,JP,Kochi,pm25,47,17.0,70.0,34.0,1734.59
2022-05-07,JP,Gifu-shi,pm25,138,5.0,87.0,38.0,3055.87
2022-05-07,JP,Kyoto,pm25,557,5.0,255.0,46.0,3359.73
2022-05-07,JP,Hiroshima,pm25,329,5.0,85.0,50.0,1832.29
2022-05-07,JP,Shizuoka,pm25,249,5.0,80.0,30.0,1894.47
2022-05-07,JP,Chiba,pm25,669,5.0,85.0,30.0,2107.67
2022-05-07,JP,Sapporo,pm25,215,9.0,91.0,53.0,2008.12
2022-05-07,JP,Yokohama,pm25,532,1.0,114.0,34.0,2746.46
2022-05-07,JP,Tokyo,pm25,2556,1.0,309.0,38.0,2153.68
2022-05-07,JP,Saitama,pm25,492,5.0,72.0,38.0,2288.46
2022-05-07,JP,Naha,pm25,128,5.0,30.0,13.0,315.15
2022-05-07,JP,Nagasaki,pm25,186,5.0,63.0,30.0,1392.99
2022-05-07,JP,Toyama,pm25,192,17.0,129.0,53.0,1909.97
2022-05-07,JP,Niigata,pm25,144,13.0,63.0,50.0,928.11
2022-05-07,JP,Nara-shi,pm25,190,17.0,65.0,42.0,992.2
2022-05-07,JP,Okayama,pm25,280,25.0,122.0,53.0,1881.19
2022-05-07,JP,Sendai,pm25,470,5.0,65.0,38.0,1331.62
2022-05-07,JP,Osaka,pm25,1466,5.0,151.0,38.0,1870.49
2022-05-07,JP,Miyazaki,pm25,127,9.0,85.0,46.0,1661.48
2022-05-07,JP,Matsuyama,pm25,165,9.0,82.0,53.0,2015.34
2022-05-07,JP,Wakayama,pm25,287,5.0,85.0,42.0,1409.08
2022-05-07,JP,Takamatsu,pm25,240,9.0,80.0,42.0,1739.65
2022-05-07,JP,Nagoya,pm25,786,5.0,85.0,38.0,1891.05
2022-05-07,JP,Ōita,pm25,252,5.0,147.0,46.0,4009.61
2022-05-07,JP,Kobe,pm25,426,13.0,74.0,50.0,1197.35
2022-05-07,JP,Nagano,pm25,71,13.0,72.0,38.0,1712.17
2022-05-07,JP,Utsunomiya,pm25,428,9.0,82.0,34.0,1530.75
2022-05-07,JP,Kagoshima,pm25,95,13.0,70.0,42.0,1459.36
2022-05-07,SK,Košice,pm25,96,34.0,134.0,53.0,2680.81
2022-05-07,SK,Bratislava,pm25,96,21.0,82.0,55.0,1602.89
2022-05-07,FI,Vantaa,pm25,23,5.0,40.0,26.0,1026.28
2022-05-07,FI,Turku,pm25,24,6.0,26.0,15.0,296.23
2022-05-07,FI,Helsinki,pm25,119,2.0,53.0,31.0,1686.69
2022-05-07,FI,Tampere,pm25,96,3.0,49.0,22.0,1227.54
2022-05-07,ET,Addis Ababa,pm25,48,53.0,162.0,76.0,6045.51
2022-05-07,CH,Zürich,pm25,18,2.0,4.0,3.0,4.71
2022-05-07,CO,Bogotá,pm25,321,13.0,179.0,61.0,6907.78
2022-05-07,CO,Medellín,pm25,287,17.0,87.0,53.0,1652.35
2022-05-07,DK,Copenhagen,pm25,24,20.0,53.0,34.0,885.8
2022-05-07,GB,Edinburgh,pm25,282,13.0,46.0,30.0,700.93
2022-05-07,GB,Norwich,pm25,22,13.0,50.0,31.0,1144.68
2022-05-07,GB,Liverpool,pm25,46,9.0,53.0,21.0,885.51
2022-05-07,GB,Belfast,pm25,77,13.0,48.0,30.0,552.46
2022-05-07,GB,Coventry,pm25,45,21.0,57.0,28.0,910.27
2022-05-07,GB,Leeds,pm25,41,15.0,53.0,25.0,892.11
2022-05-07,GB,Cardiff,pm25,132,5.0,59.0,25.0,1857.47
2022-05-07,GB,Bristol,pm25,48,13.0,59.0,38.0,1534.45
2022-05-07,GB,London,pm25,487,5.0,89.0,28.0,1621.45
2022-05-07,GB,Birmingham,pm25,44,12.0,56.0,29.0,1349.87
2022-05-07,GB,Sheffield,pm25,85,10.0,74.0,33.0,2804.17
2022-05-07,GB,Newport,pm25,41,5.0,46.0,13.0,1128.05
2022-05-07,GB,Leicester,pm25,24,19.0,58.0,26.0,1074.33
2022-05-07,GB,Manchester,pm25,77,18.0,55.0,29.0,1006.07
2022-05-07,GB,Reading,pm25,43,5.0,46.0,13.0,1073.12
2022-05-07,GB,Plymouth,pm25,30,5.0,34.0,17.0,671.72
2022-05-07,GB,Glasgow,pm25,546,9.0,79.0,26.0,849.92
2022-05-07,GB,Preston,pm25,45,19.0,45.0,27.0,279.92
2022-05-07,GB,Swansea,pm25,86,5.0,82.0,21.0,3649.8
2022-05-07,GB,Southend-on-Sea,pm25,47,9.0,56.0,25.0,864.12
2022-05-07,ID,Jakarta,pm25,71,50.0,154.0,96.0,7217.65
2022-05-07,NP,Kathmandu,pm25,72,21.0,157.0,72.0,10918.4
2022-05-07,NP,Pokhara,pm25,24,35.0,134.0,60.0,4462.59
2022-05-07,NP,Biratnagar,pm25,48,22.0,128.0,69.0,8556.01
2022-05-07,AU,Sydney,pm25,145,1.0,109.0,15.0,2429.15
2022-05-07,AU,Newcastle,pm25,133,1.0,91.0,20.0,3341.19
2022-05-07,AU,Launceston,pm25,122,5.0,95.0,9.0,2993.01
2022-05-07,AU,Hobart,pm25,51,5.0,21.0,5.0,187.48
2022-05-07,AU,Darwin,pm25,48,14.0,158.0,95.0,15817.2
2022-05-07,AU,Melbourne,pm25,141,1.0,44.0,15.0,887.56
2022-05-07,AU,Canberra,pm25,44,3.0,57.0,14.0,1688.18
2022-05-07,AU,Adelaide,pm25,82,5.0,61.0,21.0,1605.49
2022-05-07,AU,Brisbane,pm25,192,1.0,94.0,18.0,1433.28
2022-05-07,AU,Perth,pm25,83,2.0,43.0,7.0,796.18
2022-05-07,AU,Wollongong,pm25,33,1.0,37.0,11.0,581.04
2022-05-07,CI,Abidjan,pm25,24,30.0,95.0,63.0,4508.7
2022-05-07,GH,Accra,pm25,24,9.0,155.0,57.0,15660.6
2022-05-07,IQ,Baghdad,pm25,21,119.0,434.0,177.0,61394.5
2022-05-07,IS,Reykjavík,pm25,96,11.0,131.0,18.0,2040.24
2022-05-07,KG,Bishkek,pm25,21,5.0,63.0,21.0,1874.14
2022-05-07,NL,Utrecht,pm25,47,11.0,89.0,56.0,4136.87
2022-05-07,NL,Nijmegen,pm25,48,27.0,113.0,58.0,4424.14
2022-05-07,NL,Haarlem,pm25,142,5.0,132.0,59.0,5597.82
2022-05-07,NL,Eindhoven,pm25,24,23.0,87.0,64.0,4040.8
2022-05-07,NL,Rotterdam,pm25,192,7.0,74.0,48.0,2291.15
2022-05-07,NL,Amsterdam,pm25,264,2.0,104.0,53.0,4181.69
2022-05-07,NL,Dordrecht,pm25,24,26.0,72.0,51.0,2601.67
2022-05-07,NL,Breda,pm25,24,26.0,80.0,58.0,1820.85
2022-05-07,NL,Groningen,pm25,47,8.0,111.0,77.0,8937.05
2022-05-07,NL,Maastricht,pm25,93,9.0,74.0,57.0,2036.01
2022-05-07,NL,The Hague,pm25,48,19.0,82.0,60.0,3138.65
2022-05-07,PT,Lisbon,pm25,9,30.0,56.0,45.0,970.28
2022-05-07,PT,Funchal,pm25,70,1.0,43.0,21.0,1669.42
2022-05-07,CA,Hamilton,pm25,89,5.0,85.0,21.0,3135.54
2022-05-07,CA,Calgary,pm25,87,1.0,57.0,10.0,660.8
2022-05-07,CA,Halifax,pm25,46,9.0,25.0,13.0,86.44
2022-05-07,CA,Kitchener,pm25,46,9.0,59.0,17.0,2391.98
2022-05-07,CA,Edmonton,pm25,106,1.0,25.0,4.0,259.99
2022-05-07,CA,Mississauga,pm25,61,5.0,65.0,17.0,1711.27
2022-05-07,CA,Québec,pm25,140,12.0,42.0,18.0,330.64
2022-05-07,CA,Vancouver,pm25,23,8.0,28.0,13.0,274.51
2022-05-07,CA,Victoria,pm25,41,5.0,30.0,17.0,492.99
2022-05-07,CA,Montréal,pm25,366,6.0,41.0,24.0,549.31
2022-05-07,CA,Toronto,pm25,109,5.0,57.0,17.0,1064.81
2022-05-07,CA,Ottawa,pm25,64,13.0,38.0,17.0,290.2
2022-05-07,CA,London,pm25,29,9.0,42.0,21.0,1300.96
2022-05-07,US,Oklahoma City,pm25,96,20.0,62.0,38.0,1542.11
2022-05-07,US,Raleigh,pm25,62,4.0,53.0,21.0,1161.57
2022-05-07,US,Memphis,pm25,71,8.0,68.0,21.0,1890.21
2022-05-07,US,Jackson,pm25,70,18.0,71.0,28.0,2254.71
2022-05-07,US,Boston,pm25,122,9.0,61.0,30.0,679.66
2022-05-07,US,Richmond,pm25,42,3.0,16.0,9.0,185.46
2022-05-07,US,Portland,pm25,144,6.0,17.0,10.0,49.09
2022-05-07,US,Boise,pm25,77,5.0,21.0,9.0,225.02
2022-05-07,US,Austin,pm25,48,38.0,93.0,70.0,1102.41
2022-05-07,US,Honolulu,pm25,48,13.0,53.0,30.0,959.56
2022-05-07,US,Fresno,pm25,47,5.0,38.0,17.0,772.79
2022-05-07,US,Milwaukee,pm25,143,18.0,56.0,22.0,463.28
2022-05-07,US,Hartford,pm25,48,18.0,41.0,22.0,197.23
2022-05-07,US,Washington D.C.,pm25,102,3.0,42.0,9.0,517.48
2022-05-07,US,Chicago,pm25,234,8.0,55.0,20.0,628.26
2022-05-07,US,Houston,pm25,48,26.0,89.0,62.0,2355.11
2022-05-07,US,Indianapolis,pm25,96,18.0,82.0,22.0,1121.24
2022-05-07,US,Atlanta,pm25,24,14.0,33.0,20.0,161.72
2022-05-07,US,Charlotte,pm25,67,5.0,42.0,17.0,925.59
2022-05-07,US,Sacramento,pm25,69,4.0,42.0,17.0,901.15
2022-05-07,US,Oakland,pm25,114,5.0,46.0,21.0,894.54
2022-05-07,US,Providence,pm25,61,5.0,42.0,17.0,760.67
2022-05-07,US,Staten Island,pm25,89,3.0,53.0,20.0,981.93
2022-05-07,US,Brooklyn,pm25,130,1.0,45.0,18.0,843.16
2022-05-07,US,Springfield,pm25,71,2.0,53.0,21.0,1057.51
2022-05-07,US,The Bronx,pm25,33,1.0,19.0,10.0,226.72
2022-05-07,US,San Jose,pm25,95,5.0,53.0,21.0,1188.08
2022-05-07,US,Los Angeles,pm25,24,34.0,64.0,52.0,592.59
2022-05-07,US,Detroit,pm25,144,18.0,112.0,29.0,1260.04
2022-05-07,US,Little Rock,pm25,23,11.0,35.0,21.0,435.34
2022-05-07,US,Baltimore,pm25,28,4.0,23.0,14.0,526.19
2022-05-07,US,Phoenix,pm25,192,1.0,71.0,30.0,2225.05
2022-05-07,US,Omaha,pm25,20,5.0,25.0,9.0,262.74
2022-05-07,US,El Paso,pm25,164,5.0,99.0,30.0,3731.06
2022-05-07,US,Seattle,pm25,242,4.0,38.0,17.0,539.46
2022-05-07,US,Manhattan,pm25,68,2.0,34.0,15.0,601.24
2022-05-07,US,Miami,pm25,94,18.0,110.0,41.0,2607.31
2022-05-07,US,Jacksonville,pm25,144,13.0,55.0,30.0,1005.65
2022-05-07,US,San Antonio,pm25,94,37.0,132.0,64.0,2684.45
2022-05-07,US,Philadelphia,pm25,86,1.0,54.0,18.0,1776.72
2022-05-07,US,San Diego,pm25,24,26.0,77.0,50.0,2546.96
2022-05-07,US,Columbus,pm25,43,2.0,35.0,12.0,694.99
2022-05-07,US,Saint Paul,pm25,143,5.0,78.0,25.0,1862.94
2022-05-07,US,Denver,pm25,146,5.0,70.0,21.0,1888.84
2022-05-07,US,Salt Lake City,pm25,216,13.0,166.0,40.0,19065.0
2022-05-07,US,Albuquerque,pm25,72,17.0,52.0,23.0,407.01
2022-05-07,US,San Francisco,pm25,71,5.0,55.0,30.0,1244.22
2022-05-07,US,Salem,pm25,72,6.0,13.0,8.0,22.1
2022-05-07,US,Madison,pm25,47,20.0,56.0,27.0,415.26
2022-05-07,US,Nashville,pm25,71,5.0,50.0,20.0,1042.24
2022-05-07,US,Tucson,pm25,143,5.0,61.0,34.0,2039.37
2022-05-07,US,Queens,pm25,88,1.0,33.0,16.0,534.12
2022-05-07,US,Tallahassee,pm25,70,5.0,62.0,27.0,1473.24
2022-05-07,US,Fort Worth,pm25,24,17.0,80.0,59.0,5296.52
2022-05-07,RS,Novi Sad,pm25,48,6.0,62.0,14.0,4150.57
2022-05-07,RS,Niš,pm25,48,24.0,65.0,39.0,706.8
2022-05-07,RS,Belgrade,pm25,120,25.0,101.0,46.0,2731.64
2022-05-07,CY,Nicosia,pm25,24,1.0,43.0,23.0,1873.89
2022-05-07,CY,Limassol,pm25,18,7.0,38.0,24.0,839.12
2022-05-07,HR,Zagreb,pm25,24,60.0,96.0,75.0,953.91
2022-05-07,HR,Rijeka,pm25,74,13.0,66.0,29.0,1366.38
2022-05-07,MK,Skopje,pm25,168,7.0,69.0,52.0,2495.6
2022-05-08,GE,Tbilisi,pm25,96,9.0,35.0,18.0,347.13
2022-05-08,HU,Győr,pm25,48,17.0,68.0,55.0,2631.9
2022-05-08,HU,Szeged,pm25,22,25.0,65.0,42.0,1363.38
2022-05-08,HU,Pécs,pm25,39,30.0,46.0,38.0,248.74
2022-05-08,HU,Miskolc,pm25,117,25.0,70.0,55.0,750.24
2022-05-08,HU,Budapest,pm25,346,17.0,65.0,46.0,638.41
2022-05-08,JP,Fukuoka,pm25,400,5.0,132.0,55.0,2278.47
2022-05-08,JP,Kanazawa,pm25,196,5.0,59.0,17.0,1069.64
2022-05-08,JP,Kumamoto,pm25,327,5.0,107.0,50.0,2131.45
2022-05-08,JP,Akita,pm25,44,5.0,55.0,25.0,1672.66
2022-05-08,JP,Kochi,pm25,48,30.0,76.0,55.0,1078.29
2022-05-08,JP,Gifu-shi,pm25,124,5.0,95.0,25.0,3513.99
2022-05-08,JP,Kyoto,pm25,534,5.0,70.0,30.0,1520.64
2022-05-08,JP,Hiroshima,pm25,320,5.0,89.0,42.0,2232.15
2022-05-08,JP,Shizuoka,pm25,253,5.0,95.0,34.0,2286.74
2022-05-08,JP,Chiba,pm25,727,5.0,82.0,21.0,1911.53
2022-05-08,JP,Sapporo,pm25,188,5.0,65.0,17.0,1126.55
2022-05-08,JP,Yokohama,pm25,516,1.0,76.0,30.0,2759.08
2022-05-08,JP,Tokyo,pm25,2424,1.0,179.0,25.0,1510.82
2022-05-08,JP,Saitama,pm25,470,5.0,59.0,25.0,979.97
2022-05-08,JP,Naha,pm25,136,5.0,25.0,13.0,284.02
2022-05-08,JP,Nagasaki,pm25,189,5.0,85.0,53.0,1488.36
2022-05-08,JP,Toyama,pm25,172,5.0,59.0,17.0,1182.62
2022-05-08,JP,Niigata,pm25,138,5.0,38.0,17.0,597.92
2022-05-08,JP,Nara-shi,pm25,186,5.0,63.0,30.0,1506.0
2022-05-08,JP,Okayama,pm25,285,13.0,65.0,38.0,1087.08
2022-05-08,JP,Sendai,pm25,438,5.0,57.0,21.0,1003.95
2022-05-08,JP,Osaka,pm25,1382,5.0,74.0,25.0,1959.4
2022-05-08,JP,Miyazaki,pm25,142,5.0,91.0,55.0,2945.66
2022-05-08,JP,Matsuyama,pm25,166,9.0,87.0,57.0,1482.61
2022-05-08,JP,Wakayama,pm25,282,5.0,76.0,30.0,2172.78
2022-05-08,JP,Takamatsu,pm25,238,5.0,72.0,30.0,1739.45
2022-05-08,JP,Nagoya,pm25,770,5.0,82.0,25.0,2656.89
2022-05-08,JP,Ōita,pm25,263,9.0,102.0,55.0,1830.81
2022-05-08,JP,Kobe,pm25,413,5.0,65.0,30.0,1770.89
2022-05-08,JP,Nagano,pm25,58,5.0,30.0,13.0,410.0
2022-05-08,JP,Utsunomiya,pm25,394,5.0,117.0,21.0,2673.45
2022-05-08,JP,Kagoshima,pm25,92,5.0,76.0,38.0,1547.93
2022-05-08,SK,Košice,pm25,96,34.0,109.0,61.0,1830.24
2022-05-08,SK,Bratislava,pm25,96,17.0,70.0,42.0,1683.68
2022-05-08,FI,Vantaa,pm25,23,3.0,25.0,9.0,467.47
2022-05-08,FI,Turku,pm25,24,6.0,18.0,12.0,100.0
2022-05-08,FI,Helsinki,pm25,120,2.0,31.0,9.0,162.28
2022-05-08,FI,Tampere,pm25,96,5.0,26.0,10.0,188.07
2022-05-08,ET,Addis Ababa,pm25,48,55.0,160.0,76.0,4811.48
2022-05-08,CH,Zürich,pm25,23,1.0,2.0,2.0,2.21
2022-05-08,CO,Bogotá,pm25,309,5.0,165.0,59.0,7310.29
2022-05-08,CO,Medellín,pm25,274,17.0,89.0,55.0,2556.39
2022-05-08,DK,Copenhagen,pm25,24,16.0,63.0,35.0,1113.62
2022-05-08,GB,Edinburgh,pm25,283,10.0,62.0,33.0,928.37
2022-05-08,GB,Norwich,pm25,19,25.0,43.0,33.0,198.95
2022-05-08,GB,Liverpool,pm25,44,30.0,74.0,50.0,854.94
2022-05-08,GB,Belfast,pm25,63,15.0,62.0,38.0,479.49
2022-05-08,GB,Coventry,pm25,42,28.0,59.0,38.0,521.91
2022-05-08,GB,Leeds,pm25,37,25.0,60.0,48.0,638.63
2022-05-08,GB,Cardiff,pm25,141,5.0,70.0,38.0,2300.72
2022-05-08,GB,Bristol,pm25,48,30.0,59.0,55.0,854.88
2022-05-08,GB,London,pm25,514,8.0,186.0,38.0,1861.77
2022-05-08,GB,Birmingham,pm25,37,22.0,62.0,39.0,617.48
2022-05-08,GB,Sheffield,pm25,58,36.0,72.0,46.0,577.02
2022-05-08,GB,Newport,pm25,47,13.0,58.0,34.0,1909.11
2022-05-08,GB,Leicester,pm25,23,32.0,53.0,38.0,490.0
2022-05-08,GB,Manchester,pm25,87,27.0,54.0,43.0,529.1
2022-05-08,GB,Reading,pm25,48,13.0,42.0,30.0,451.84
2022-05-08,GB,Plymouth,pm25,38,9.0,55.0,24.0,1334.99
2022-05-08,GB,Glasgow,pm25,546,16.0,64.0,35.0,831.11
2022-05-08,GB,Preston,pm25,45,30.0,73.0,42.0,1079.31
2022-05-08,GB,Swansea,pm25,96,9.0,74.0,38.0,2805.45
2022-05-08,GB,Southend-on-Sea,pm25,47,21.0,53.0,39.0,682.36
2022-05-08,ID,Jakarta,pm25,71,17.0,164.0,50.0,11230.9
2022-05-08,NP,Kathmandu,pm25,72,42.0,180.0,76.0,6636.85
2022-05-08,NP,Pokhara,pm25,24,27.0,125.0,48.0,4976.23
2022-05-08,NP,Biratnagar,pm25,48,45.0,103.0,73.0,2526.22
2022-05-08,AU,Sydney,pm25,161,1.0,81.0,19.0,2490.19
2022-05-08,AU,Newcastle,pm25,134,1.0,88.0,21.0,2825.27
2022-05-08,AU,Launceston,pm25,126,5.0,169.0,21.0,11557.0
2022-05-08,AU,Hobart,pm25,34,5.0,129.0,9.0,6759.4
2022-05-08,AU,Darwin,pm25,60,15.0,152.0,65.0,7373.34
2022-05-08,AU,Melbourne,pm25,156,2.0,52.0,15.0,1318.43
2022-05-08,AU,Canberra,pm25,44,3.0,79.0,17.0,3725.73
2022-05-08,AU,Adelaide,pm25,96,3.0,63.0,21.0,2004.47
2022-05-08,AU,Brisbane,pm25,184,1.0,78.0,14.0,774.63
2022-05-08,AU,Perth,pm25,90,4.0,177.0,20.0,19441.2
2022-05-08,AU,Wollongong,pm25,38,2.0,45.0,18.0,993.74
2022-05-08,CI,Abidjan,pm25,24,5.0,160.0,34.0,10199.3
2022-05-08,GH,Accra,pm25,21,5.0,104.0,42.0,8997.48
2022-05-08,IQ,Baghdad,pm25,24,63.0,157.0,132.0,15652.2
2022-05-08,IS,Reykjavík,pm25,96,1.0,21.0,10.0,208.73
2022-05-08,KG,Bishkek,pm25,23,5.0,63.0,21.0,1643.12
2022-05-08,NL,Utrecht,pm25,48,19.0,63.0,41.0,1399.5
2022-05-08,NL,Nijmegen,pm25,48,13.0,61.0,38.0,1110.0
2022-05-08,NL,Haarlem,pm25,139,1.0,72.0,29.0,2361.94
2022-05-08,NL,Eindhoven,pm25,23,7.0,75.0,40.0,2710.79
2022-05-08,NL,Rotterdam,pm25,192,8.0,51.0,34.0,545.47
2022-05-08,NL,Amsterdam,pm25,256,3.0,73.0,30.0,902.41
2022-05-08,NL,Dordrecht,pm25,24,30.0,55.0,38.0,750.43
2022-05-08,NL,Breda,pm25,24,14.0,65.0,33.0,1980.85
2022-05-08,NL,Groningen,pm25,47,10.0,56.0,26.0,899.87
2022-05-08,NL,Maastricht,pm25,96,9.0,85.0,46.0,3767.05
2022-05-08,NL,The Hague,pm25,48,28.0,47.0,37.0,197.43
2022-05-08,PT,Lisbon,pm25,2,41.0,44.0,41.0,45.0
2022-05-08,PT,Funchal,pm25,51,1.0,40.0,25.0,1398.28
2022-05-08,CA,Hamilton,pm25,95,9.0,74.0,42.0,1996.49
2022-05-08,CA,Calgary,pm25,86,1.0,25.0,9.0,321.97
2022-05-08,CA,Halifax,pm25,46,14.0,25.0,17.0,39.27
2022-05-08,CA,Kitchener,pm25,47,9.0,55.0,25.0,1358.01
2022-05-08,CA,Edmonton,pm25,121,1.0,27.0,8.0,360.64
2022-05-08,CA,Mississauga,pm25,70,9.0,87.0,25.0,2954.54
2022-05-08,CA,Québec,pm25,156,14.0,35.0,22.0,220.49
2022-05-08,CA,Vancouver,pm25,23,4.0,9.0,6.0,27.23
2022-05-08,CA,Victoria,pm25,35,5.0,30.0,13.0,509.53
2022-05-08,CA,Montréal,pm25,393,12.0,55.0,27.0,577.04
2022-05-08,CA,Toronto,pm25,120,5.0,65.0,25.0,1994.96
2022-05-08,CA,Ottawa,pm25,62,17.0,59.0,27.0,745.14
2022-05-08,CA,London,pm25,41,5.0,55.0,21.0,2088.99
2022-05-08,US,Oklahoma City,pm25,81,46.0,83.0,64.0,715.5
2022-05-08,US,Raleigh,pm25,55,2.0,34.0,9.0,598.52
2022-05-08,US,Memphis,pm25,72,12.0,53.0,30.0,1057.06
2022-05-08,US,Jackson,pm25,72,25.0,56.0,38.0,1104.48
2022-05-08,US,Boston,pm25,91,5.0,46.0,25.0,608.72
2022-05-08,US,Richmond,pm25,24,16.0,29.0,20.0,87.81
2022-05-08,US,Portland,pm25,144,5.0,20.0,10.0,90.04
2022-05-08,US,Boise,pm25,66,5.0,38.0,13.0,609.02
2022-05-08,US,Austin,pm25,47,38.0,114.0,65.0,2416.73
2022-05-08,US,Honolulu,pm25,47,9.0,46.0,25.0,892.55
2022-05-08,US,Fresno,pm25,46,1.0,30.0,17.0,488.39
2022-05-08,US,Milwaukee,pm25,144,21.0,73.0,28.0,640.7
2022-05-08,US,Hartford,pm25,46,16.0,23.0,20.0,50.07
2022-05-08,US,Washington D.C.,pm25,109,5.0,50.0,21.0,639.19
2022-05-08,US,Chicago,pm25,218,14.0,56.0,26.0,709.52
2022-05-08,US,Houston,pm25,48,20.0,102.0,46.0,6327.8
2022-05-08,US,Indianapolis,pm25,96,14.0,66.0,25.0,511.39
2022-05-08,US,Atlanta,pm25,24,17.0,31.0,22.0,155.58
2022-05-08,US,Charlotte,pm25,66,5.0,30.0,12.0,410.61
2022-05-08,US,Sacramento,pm25,65,2.0,34.0,15.0,724.96
2022-05-08,US,Oakland,pm25,116,5.0,46.0,21.0,732.69
2022-05-08,US,Providence,pm25,62,5.0,34.0,17.0,435.64
2022-05-08,US,Staten Island,pm25,95,3.0,117.0,15.0,1618.43
2022-05-08,US,Brooklyn,pm25,137,2.0,45.0,19.0,818.95
2022-05-08,US,Springfield,pm25,70,7.0,55.0,20.0,899.87
2022-05-08,US,The Bronx,pm25,44,2.0,15.0,7.0,116.55
2022-05-08,US,San Jose,pm25,90,5.0,42.0,21.0,793.09
2022-05-08,US,Los Angeles,pm25,24,30.0,63.0,48.0,662.59
2022-05-08,US,Detroit,pm25,144,19.0,112.0,27.0,2234.65
2022-05-08,US,Little Rock,pm25,24,15.0,65.0,27.0,3078.26
2022-05-08,US,Baltimore,pm25,48,5.0,51.0,21.0,715.42
2022-05-08,US,Phoenix,pm25,191,4.0,95.0,25.0,2911.44
2022-05-08,US,Omaha,pm25,23,5.0,25.0,13.0,420.55
2022-05-08,US,El Paso,pm25,168,9.0,93.0,38.0,4075.01
2022-05-08,US,Seattle,pm25,223,3.0,42.0,13.0,422.59
2022-05-08,US,Manhattan,pm25,70,4.0,29.0,12.0,332.43
2022-05-08,US,Miami,pm25,94,17.0,51.0,30.0,650.04
2022-05-08,US,Jacksonville,pm25,144,19.0,54.0,31.0,532.58
2022-05-08,US,San Antonio,pm25,94,55.0,102.0,75.0,1192.63
2022-05-08,US,Philadelphia,pm25,95,3.0,56.0,21.0,1484.97
2022-05-08,US,San Diego,pm25,24,28.0,56.0,43.0,605.05
2022-05-08,US,Columbus,pm25,46,4.0,36.0,20.0,597.05
2022-05-08,US,Saint Paul,pm25,143,5.0,38.0,21.0,646.64
2022-05-08,US,Denver,pm25,120,21.0,78.0,42.0,636.97
2022-05-08,US,Salt Lake City,pm25,216,6.0,77.0,16.0,2611.16
2022-05-08,US,Albuquerque,pm25,72,20.0,69.0,26.0,1199.0
2022-05-08,US,San Francisco,pm25,72,9.0,61.0,30.0,1042.2
2022-05-08,US,Salem,pm25,71,5.0,11.0,8.0,21.11
2022-05-08,US,Madison,pm25,48,23.0,43.0,26.0,303.81
2022-05-08,US,Nashville,pm25,70,9.0,45.0,20.0,1042.31
2022-05-08,US,Tucson,pm25,136,5.0,68.0,30.0,1429.25
2022-05-08,US,Queens,pm25,96,1.0,24.0,12.0,292.21
2022-05-08,US,Tallahassee,pm25,71,10.0,55.0,28.0,1177.38
2022-05-08,US,Fort Worth,pm25,24,42.0,80.0,65.0,1380.58
2022-05-08,RS,Novi Sad,pm25,46,5.0,67.0,26.0,3363.03
2022-05-08,RS,Niš,pm25,48,25.0,61.0,34.0,691.17
2022-05-08,RS,Belgrade,pm25,117,18.0,79.0,37.0,1304.72
2022-05-08,CY,Nicosia,pm25,24,7.0,36.0,22.0,594.71
2022-05-08,CY,Limassol,pm25,22,5.0,38.0,16.0,856.1
2022-05-08,HR,Zagreb,pm25,24,50.0,99.0,56.0,3501.45
2022-05-08,HR,Rijeka,pm25,73,15.0,66.0,50.0,1590.88
2022-05-08,MK,Skopje,pm25,167,5.0,106.0,43.0,2974.21
2022-05-09,GE,Tbilisi,pm25,96,9.0,30.0,15.0,423.55
2022-05-09,HU,Győr,pm25,48,5.0,68.0,38.0,2072.34
2022-05-09,HU,Szeged,pm25,23,38.0,68.0,53.0,591.11
2022-05-09,HU,Pécs,pm25,72,34.0,59.0,42.0,504.23
2022-05-09,HU,Miskolc,pm25,115,21.0,68.0,46.0,1444.22
2022-05-09,HU,Budapest,pm25,345,13.0,68.0,42.0,610.23
2022-05-09,JP,Fukuoka,pm25,392,5.0,162.0,38.0,2448.62
2022-05-09,JP,Kanazawa,pm25,194,5.0,53.0,17.0,778.57
2022-05-09,JP,Kumamoto,pm25,330,5.0,104.0,59.0,2026.5
2022-05-09,JP,Akita,pm25,45,17.0,61.0,34.0,1086.95
2022-05-09,JP,Kochi,pm25,48,25.0,87.0,46.0,1913.26
2022-05-09,JP,Gifu-shi,pm25,143,5.0,65.0,30.0,2237.99
2022-05-09,JP,Kyoto,pm25,541,5.0,68.0,30.0,1529.75
2022-05-09,JP,Hiroshima,pm25,317,5.0,65.0,34.0,1933.6
2022-05-09,JP,Shizuoka,pm25,244,5.0,65.0,30.0,2059.33
2022-05-09,JP,Chiba,pm25,734,5.0,76.0,21.0,1171.53
2022-05-09,JP,Sapporo,pm25,200,5.0,68.0,17.0,1666.83
2022-05-09,JP,Yokohama,pm25,533,1.0,82.0,25.0,1388.69
2022-05-09,JP,Tokyo,pm25,2495,1.0,76.0,25.0,741.04
2022-05-09,JP,Saitama,pm25,499,5.0,53.0,25.0,503.5
2022-05-09,JP,Naha,pm25,142,5.0,46.0,17.0,1301.4
2022-05-09,JP,Nagasaki,pm25,190,5.0,70.0,38.0,1493.8
2022-05-09,JP,Toyama,pm25,179,5.0,63.0,21.0,1449.82
2022-05-09,JP,Niigata,pm25,174,5.0,46.0,21.0,673.38
2022-05-09,JP,Nara-shi,pm25,189,5.0,57.0,30.0,1325.14
2022-05-09,JP,Okayama,pm25,269,5.0,72.0,34.0,1441.39
2022-05-09,JP,Sendai,pm25,426,5.0,712.0,25.0,12874.6
2022-05-09,JP,Osaka,pm25,1390,5.0,68.0,25.0,1420.1
2022-05-09,JP,Miyazaki,pm25,141,9.0,169.0,57.0,2677.07
2022-05-09,JP,Matsuyama,pm25,159,9.0,91.0,50.0,2322.47
2022-05-09,JP,Wakayama,pm25,280,5.0,57.0,30.0,1025.09
2022-05-09,JP,Takamatsu,pm25,213,5.0,63.0,21.0,1190.38
2022-05-09,JP,Nagoya,pm25,773,1.0,102.0,30.0,1888.58
2022-05-09,JP,Ōita,pm25,259,5.0,87.0,53.0,2313.89
2022-05-09,JP,Kobe,pm25,422,5.0,144.0,30.0,1931.56
2022-05-09,JP,Nagano,pm25,60,5.0,61.0,25.0,2284.7
2022-05-09,JP,Utsunomiya,pm25,424,5.0,59.0,21.0,523.62
2022-05-09,JP,Kagoshima,pm25,96,5.0,70.0,55.0,2082.21
2022-05-09,SK,Košice,pm25,96,30.0,158.0,55.0,5290.0
2022-05-09,SK,Bratislava,pm25,82,25.0,72.0,46.0,1024.87
2022-05-09,FI,Vantaa,pm25,24,3.0,46.0,13.0,741.67
2022-05-09,FI,Turku,pm25,24,3.0,23.0,13.0,217.66
2022-05-09,FI,Helsinki,pm25,120,5.0,47.0,14.0,654.52
2022-05-09,FI,Tampere,pm25,96,5.0,45.0,13.0,687.89
2022-05-09,ET,Addis Ababa,pm25,48,57.0,161.0,85.0,7222.09
2022-05-09,CH,Zürich,pm25,19,1.0,3.0,2.0,3.86
2022-05-09,CO,Bogotá,pm25,318,5.0,164.0,65.0,9211.55
2022-05-09,CO,Medellín,pm25,330,21.0,93.0,57.0,2221.72
2022-05-09,DK,Copenhagen,pm25,24,13.0,36.0,23.0,277.81
2022-05-09,GB,Edinburgh,pm25,285,2.0,57.0,19.0,1821.68
2022-05-09,GB,Norwich,pm25,23,25.0,57.0,41.0,1252.41
2022-05-09,GB,Liverpool,pm25,37,11.0,59.0,42.0,855.75
2022-05-09,GB,Belfast,pm25,58,12.0,50.0,30.0,779.25
2022-05-09,GB,Coventry,pm25,54,26.0,50.0,34.0,302.79
2022-05-09,GB,Leeds,pm25,34,17.0,65.0,42.0,742.39
2022-05-09,GB,Cardiff,pm25,140,17.0,85.0,34.0,1985.17
2022-05-09,GB,Bristol,pm25,53,30.0,63.0,50.0,661.79
2022-05-09,GB,London,pm25,501,5.0,95.0,42.0,1397.42
2022-05-09,GB,Birmingham,pm25,45,30.0,52.0,34.0,345.73
2022-05-09,GB,Sheffield,pm25,87,21.0,55.0,35.0,441.39
2022-05-09,GB,Newport,pm25,47,28.0,59.0,35.0,1029.94
2022-05-09,GB,Leicester,pm25,23,30.0,54.0,37.0,333.83
2022-05-09,GB,Manchester,pm25,80,17.0,50.0,34.0,719.99
2022-05-09,GB,Reading,pm25,48,17.0,57.0,30.0,1064.1
2022-05-09,GB,Plymouth,pm25,46,13.0,70.0,53.0,1815.56
2022-05-09,GB,Glasgow,pm25,546,3.0,54.0,19.0,855.53
2022-05-09,GB,Preston,pm25,38,9.0,53.0,38.0,999.15
2022-05-09,GB,Swansea,pm25,96,5.0,76.0,42.0,1764.5
2022-05-09,GB,Southend-on-Sea,pm25,44,38.0,60.0,47.0,489.66
2022-05-09,ID,Jakarta,pm25,71,34.0,163.0,70.0,8317.92
2022-05-09,NP,Kathmandu,pm25,72,46.0,150.0,85.0,6788.78
2022-05-09,NP,Pokhara,pm25,24,27.0,85.0,50.0,3148.68
2022-05-09,NP,Biratnagar,pm25,48,51.0,93.0,66.0,1420.14
2022-05-09,AU,Sydney,pm25,147,1.0,63.0,16.0,2184.26
2022-05-09,AU,Newcastle,pm25,133,3.0,59.0,24.0,2050.44
2022-05-09,AU,Launceston,pm25,149,5.0,161.0,21.0,14585.0
2022-05-09,AU,Hobart,pm25,61,5.0,91.0,9.0,3801.71
2022-05-09,AU,Darwin,pm25,66,12.0,106.0,50.0,3570.45
2022-05-09,AU,Melbourne,pm25,163,1.0,65.0,30.0,2033.73
2022-05-09,AU,Canberra,pm25,46,3.0,83.0,28.0,4009.74
2022-05-09,AU,Adelaide,pm25,87,1.0,61.0,15.0,1317.29
2022-05-09,AU,Brisbane,pm25,192,1.0,54.0,19.0,695.69
2022-05-09,AU,Perth,pm25,84,3.0,124.0,17.0,3550.71
2022-05-09,AU,Wollongong,pm25,40,2.0,49.0,11.0,1104.71
2022-05-09,CI,Abidjan,pm25,24,30.0,85.0,50.0,2219.93
2022-05-09,GH,Accra,pm25,24,25.0,74.0,55.0,1611.72
2022-05-09,IQ,Baghdad,pm25,24,82.0,152.0,102.0,4129.4
2022-05-09,IS,Reykjavík,pm25,96,2.0,36.0,14.0,401.04
2022-05-09,KG,Bishkek,pm25,24,13.0,80.0,46.0,4938.1
2022-05-09,NL,Utrecht,pm25,46,27.0,94.0,47.0,1273.16
2022-05-09,NL,Nijmegen,pm25,47,10.0,87.0,50.0,3168.8
2022-05-09,NL,Haarlem,pm25,138,2.0,105.0,41.0,4157.07
2022-05-09,NL,Eindhoven,pm25,24,11.0,71.0,51.0,1825.2
2022-05-09,NL,Rotterdam,pm25,191,13.0,69.0,35.0,1034.21
2022-05-09,NL,Amsterdam,pm25,248,1.0,86.0,39.0,1930.14
2022-05-09,NL,Dordrecht,pm25,22,27.0,72.0,51.0,1271.0
2022-05-09,NL,Breda,pm25,24,21.0,67.0,35.0,1874.33
2022-05-09,NL,Groningen,pm25,38,8.0,76.0,38.0,1746.49
2022-05-09,NL,Maastricht,pm25,84,9.0,70.0,42.0,1443.38
2022-05-09,NL,The Hague,pm25,53,1.0,66.0,35.0,1765.06
2022-05-09,PT,Lisbon,pm25,47,23.0,62.0,50.0,1214.18
2022-05-09,PT,Funchal,pm25,70,3.0,48.0,23.0,1201.88
2022-05-09,CA,Hamilton,pm25,94,17.0,85.0,38.0,2484.87
2022-05-09,CA,Calgary,pm25,87,1.0,35.0,11.0,594.57
2022-05-09,CA,Halifax,pm25,46,13.0,25.0,17.0,91.75
2022-05-09,CA,Kitchener,pm25,45,9.0,57.0,30.0,2187.55
2022-05-09,CA,Edmonton,pm25,102,2.0,19.0,8.0,155.91
2022-05-09,CA,Mississauga,pm25,70,9.0,91.0,25.0,1511.35
2022-05-09,CA,Québec,pm25,146,20.0,44.0,27.0,305.1
2022-05-09,CA,Vancouver,pm25,22,9.0,25.0,13.0,171.95
2022-05-09,CA,Victoria,pm25,43,5.0,34.0,17.0,502.16
2022-05-09,CA,Montréal,pm25,420,22.0,59.0,38.0,641.93
2022-05-09,CA,Toronto,pm25,127,9.0,74.0,25.0,1385.15
2022-05-09,CA,Ottawa,pm25,72,21.0,53.0,33.0,547.2
2022-05-09,CA,London,pm25,43,9.0,61.0,25.0,1630.73
2022-05-09,US,Oklahoma City,pm25,85,51.0,114.0,78.0,1670.68
2022-05-09,US,Raleigh,pm25,68,5.0,38.0,21.0,577.95
2022-05-09,US,Memphis,pm25,66,28.0,69.0,40.0,1117.7
2022-05-09,US,Jackson,pm25,71,35.0,67.0,54.0,590.56
2022-05-09,US,Boston,pm25,119,9.0,46.0,30.0,385.98
2022-05-09,US,Richmond,pm25,24,17.0,29.0,21.0,174.76
2022-05-09,US,Portland,pm25,144,7.0,22.0,11.0,100.32
2022-05-09,US,Boise,pm25,90,5.0,21.0,13.0,321.12
2022-05-09,US,Austin,pm25,47,38.0,102.0,74.0,2304.77
2022-05-09,US,Honolulu,pm25,41,5.0,50.0,17.0,862.78
2022-05-09,US,Fresno,pm25,43,2.0,32.0,13.0,507.29
2022-05-09,US,Milwaukee,pm25,144,17.0,51.0,26.0,610.41
2022-05-09,US,Hartford,pm25,48,18.0,28.0,21.0,79.0
2022-05-09,US,Washington D.C.,pm25,116,5.0,55.0,21.0,940.79
2022-05-09,US,Chicago,pm25,224,5.0,71.0,26.0,898.65
2022-05-09,US,Houston,pm25,48,34.0,75.0,55.0,635.28
2022-05-09,US,Indianapolis,pm25,116,4.0,43.0,23.0,563.82
2022-05-09,US,Atlanta,pm25,24,15.0,34.0,23.0,270.85
2022-05-09,US,Charlotte,pm25,69,9.0,53.0,21.0,563.85
2022-05-09,US,Sacramento,pm25,66,5.0,31.0,13.0,447.73
2022-05-09,US,Oakland,pm25,109,5.0,42.0,21.0,798.92
2022-05-09,US,Providence,pm25,56,5.0,46.0,17.0,800.7
2022-05-09,US,Staten Island,pm25,103,4.0,159.0,21.0,3381.51
2022-05-09,US,Brooklyn,pm25,138,2.0,44.0,18.0,649.68
2022-05-09,US,Springfield,pm25,69,10.0,66.0,42.0,2601.32
2022-05-09,US,The Bronx,pm25,46,2.0,22.0,10.0,286.41
2022-05-09,US,San Jose,pm25,85,5.0,72.0,21.0,1507.57
2022-05-09,US,Los Angeles,pm25,24,37.0,56.0,45.0,335.49
2022-05-09,US,Detroit,pm25,118,19.0,50.0,24.0,516.62
2022-05-09,US,Little Rock,pm25,23,52.0,64.0,57.0,87.94
2022-05-09,US,Baltimore,pm25,46,5.0,58.0,24.0,1288.71
2022-05-09,US,Phoenix,pm25,187,1.0,124.0,44.0,3507.45
2022-05-09,US,Omaha,pm25,32,5.0,132.0,46.0,21326.8
2022-05-09,US,El Paso,pm25,162,5.0,68.0,26.0,1886.22
2022-05-09,US,Seattle,pm25,232,4.0,38.0,13.0,474.97
2022-05-09,US,Manhattan,pm25,70,4.0,35.0,16.0,521.07
2022-05-09,US,Miami,pm25,94,20.0,52.0,30.0,586.66
2022-05-09,US,Jacksonville,pm25,143,9.0,39.0,25.0,398.7
2022-05-09,US,San Antonio,pm25,88,44.0,128.0,80.0,2570.66
2022-05-09,US,Philadelphia,pm25,62,1.0,49.0,19.0,1046.84
2022-05-09,US,San Diego,pm25,24,18.0,66.0,37.0,1520.71
2022-05-09,US,Columbus,pm25,38,6.0,40.0,20.0,516.48
2022-05-09,US,Saint Paul,pm25,135,5.0,85.0,25.0,3900.69
2022-05-09,US,Denver,pm25,158,13.0,72.0,34.0,2161.88
2022-05-09,US,Salt Lake City,pm25,216,3.0,37.0,13.0,643.98
2022-05-09,US,Albuquerque,pm25,72,14.0,72.0,20.0,1165.72
2022-05-09,US,San Francisco,pm25,68,5.0,57.0,25.0,1499.5
2022-05-09,US,Salem,pm25,72,6.0,20.0,9.0,100.28
2022-05-09,US,Madison,pm25,48,19.0,52.0,29.0,1314.36
2022-05-09,US,Nashville,pm25,71,5.0,55.0,30.0,713.33
2022-05-09,US,Tucson,pm25,132,5.0,95.0,25.0,1991.43
2022-05-09,US,Queens,pm25,96,4.0,31.0,18.0,404.84
2022-05-09,US,Tallahassee,pm25,71,16.0,159.0,33.0,9085.25
2022-05-09,US,Fort Worth,pm25,23,55.0,119.0,74.0,3538.02
2022-05-09,RS,Novi Sad,pm25,48,4.0,65.0,26.0,2905.17
2022-05-09,RS,Niš,pm25,48,15.0,59.0,35.0,1675.31
2022-05-09,RS,Belgrade,pm25,120,17.0,62.0,37.0,1227.74
2022-05-09,CY,Nicosia,pm25,24,9.0,48.0,31.0,869.98
2022-05-09,CY,Limassol,pm25,24,5.0,57.0,29.0,1647.17
2022-05-09,HR,Zagreb,pm25,24,46.0,77.0,57.0,573.46
2022-05-09,HR,Rijeka,pm25,74,36.0,57.0,44.0,362.73
2022-05-09,MK,Skopje,pm25,167,5.0,91.0,48.0,4836.52
2022-05-10,GE,Tbilisi,pm25,96,12.0,31.0,20.0,359.15
2022-05-10,HU,Győr,pm25,46,21.0,87.0,53.0,3359.69
2022-05-10,HU,Szeged,pm25,24,21.0,65.0,34.0,1546.88
2022-05-10,HU,Pécs,pm25,72,30.0,65.0,42.0,1470.99
2022-05-10,HU,Kecskemét,pm25,24,25.0,42.0,34.0,388.62
2022-05-10,HU,Miskolc,pm25,112,21.0,65.0,42.0,1327.45
2022-05-10,HU,Budapest,pm25,351,13.0,65.0,38.0,949.77
2022-05-10,JP,Fukuoka,pm25,400,9.0,144.0,53.0,3197.78
2022-05-10,JP,Kanazawa,pm25,204,5.0,63.0,21.0,1339.95
2022-05-10,JP,Kumamoto,pm25,330,5.0,147.0,50.0,4673.38
2022-05-10,JP,Akita,pm25,42,5.0,89.0,30.0,3288.69
2022-05-10,JP,Kochi,pm25,46,5.0,57.0,30.0,1175.69
2022-05-10,JP,Gifu-shi,pm25,154,5.0,78.0,25.0,2870.13
2022-05-10,JP,Kyoto,pm25,547,5.0,63.0,30.0,1309.62
2022-05-10,JP,Hiroshima,pm25,308,5.0,104.0,38.0,2359.59
2022-05-10,JP,Shizuoka,pm25,217,5.0,72.0,25.0,2377.08
2022-05-10,JP,Chiba,pm25,725,5.0,82.0,25.0,2084.5
2022-05-10,JP,Sapporo,pm25,212,5.0,93.0,42.0,2926.27
2022-05-10,JP,Yokohama,pm25,516,1.0,70.0,25.0,2047.77
2022-05-10,JP,Tokyo,pm25,2464,1.0,107.0,30.0,1708.46
2022-05-10,JP,Saitama,pm25,488,9.0,93.0,30.0,1557.52
2022-05-10,JP,Naha,pm25,144,9.0,57.0,30.0,1452.95
2022-05-10,JP,Nagasaki,pm25,191,9.0,89.0,53.0,1814.98
2022-05-10,JP,Toyama,pm25,177,5.0,70.0,25.0,1701.19
2022-05-10,JP,Niigata,pm25,209,5.0,53.0,25.0,895.3
2022-05-10,JP,Nara-shi,pm25,183,5.0,50.0,25.0,1101.06
2022-05-10,JP,Okayama,pm25,281,5.0,57.0,34.0,1160.29
2022-05-10,JP,Sendai,pm25,351,5.0,157.0,25.0,1665.76
2022-05-10,JP,Osaka,pm25,1412,5.0,155.0,30.0,2027.54
2022-05-10,JP,Miyazaki,pm25,143,9.0,114.0,50.0,4225.78
2022-05-10,JP,Matsuyama,pm25,161,9.0,74.0,42.0,2412.1
2022-05-10,JP,Wakayama,pm25,274,9.0,68.0,34.0,1200.69
2022-05-10,JP,Takamatsu,pm25,201,5.0,59.0,30.0,1396.57
2022-05-10,JP,Nagoya,pm25,772,5.0,107.0,34.0,2272.83
2022-05-10,JP,Ōita,pm25,255,5.0,117.0,42.0,3014.59
2022-05-10,JP,Kobe,pm25,413,5.0,72.0,34.0,1698.6
2022-05-10,JP,Nagano,pm25,65,5.0,72.0,25.0,3244.85
2022-05-10,JP,Utsunomiya,pm25,419,5.0,57.0,25.0,1379.79
2022-05-10,JP,Kagoshima,pm25,94,5.0,57.0,34.0,1148.9
2022-05-10,SK,Košice,pm25,96,25.0,99.0,50.0,2140.81
2022-05-10,SK,Bratislava,pm25,96,21.0,70.0,50.0,1052.58
2022-05-10,FI,Vantaa,pm25,23,5.0,29.0,16.0,543.16
2022-05-10,FI,Turku,pm25,23,7.0,25.0,15.0,331.11
2022-05-10,FI,Helsinki,pm25,120,5.0,51.0,16.0,791.25
2022-05-10,FI,Tampere,pm25,96,10.0,58.0,22.0,1228.74
2022-05-10,ET,Addis Ababa,pm25,46,65.0,153.0,80.0,2651.33
2022-05-10,CH,Zürich,pm25,21,1.0,3.0,2.0,3.9
2022-05-10,CO,Bogotá,pm25,306,5.0,185.0,63.0,8870.23
2022-05-10,CO,Medellín,pm25,299,34.0,91.0,57.0,1926.13
2022-05-10,DK,Copenhagen,pm25,23,21.0,62.0,44.0,1700.83
2022-05-10,GB,Edinburgh,pm25,282,4.0,32.0,14.0,269.58
2022-05-10,GB,Norwich,pm25,19,13.0,52.0,46.0,875.44
2022-05-10,GB,Liverpool,pm25,43,9.0,30.0,22.0,212.78
2022-05-10,GB,Belfast,pm25,69,16.0,31.0,23.0,123.61
2022-05-10,GB,Coventry,pm25,46,22.0,53.0,34.0,507.58
2022-05-10,GB,Leeds,pm25,44,16.0,38.0,23.0,334.05
2022-05-10,GB,Cardiff,pm25,142,13.0,68.0,30.0,1057.49
2022-05-10,GB,Bristol,pm25,68,25.0,57.0,38.0,549.44
2022-05-10,GB,London,pm25,476,2.0,107.0,36.0,1576.86
2022-05-10,GB,Birmingham,pm25,33,20.0,55.0,38.0,830.3
2022-05-10,GB,Sheffield,pm25,62,17.0,38.0,26.0,296.77
2022-05-10,GB,Newport,pm25,45,17.0,46.0,30.0,438.31
2022-05-10,GB,Leicester,pm25,16,22.0,54.0,38.0,835.62
2022-05-10,GB,Manchester,pm25,82,8.0,38.0,25.0,487.38
2022-05-10,GB,Reading,pm25,44,5.0,55.0,25.0,2221.4
2022-05-10,GB,Plymouth,pm25,45,13.0,55.0,38.0,1541.74
2022-05-10,GB,Glasgow,pm25,548,5.0,33.0,19.0,325.39
2022-05-10,GB,Preston,pm25,45,9.0,34.0,25.0,191.04
2022-05-10,GB,Swansea,pm25,95,13.0,61.0,34.0,1828.1
2022-05-10,GB,Southend-on-Sea,pm25,37,24.0,53.0,38.0,504.71
2022-05-10,ID,Jakarta,pm25,71,55.0,143.0,87.0,3579.42
2022-05-10,NP,Kathmandu,pm25,72,76.0,154.0,99.0,4288.82
2022-05-10,NP,Pokhara,pm25,24,50.0,96.0,70.0,2001.74
2022-05-10,NP,Biratnagar,pm25,48,17.0,74.0,52.0,3675.3
2022-05-10,AU,Sydney,pm25,150,1.0,43.0,14.0,645.92
2022-05-10,AU,Newcastle,pm25,134,1.0,44.0,16.0,951.9
2022-05-10,AU,Launceston,pm25,152,5.0,175.0,38.0,15666.0
2022-05-10,AU,Hobart,pm25,56,5.0,68.0,13.0,2180.62
2022-05-10,AU,Darwin,pm25,70,9.0,149.0,57.0,5379.22
2022-05-10,AU,Melbourne,pm25,147,8.0,77.0,46.0,2472.19
2022-05-10,AU,Canberra,pm25,55,1.0,46.0,16.0,1180.45
2022-05-10,AU,Adelaide,pm25,91,3.0,72.0,22.0,1908.02
2022-05-10,AU,Brisbane,pm25,176,1.0,45.0,17.0,1072.56
2022-05-10,AU,Perth,pm25,84,3.0,60.0,16.0,2436.78
2022-05-10,AU,Wollongong,pm25,32,1.0,52.0,11.0,1829.1
2022-05-10,CI,Abidjan,pm25,24,13.0,93.0,59.0,5206.94
2022-05-10,GH,Accra,pm25,24,25.0,82.0,59.0,2739.98
2022-05-10,IQ,Baghdad,pm25,24,97.0,377.0,153.0,27956.9
2022-05-10,IS,Reykjavík,pm25,96,2.0,22.0,8.0,162.73
2022-05-10,KG,Bishkek,pm25,23,5.0,85.0,34.0,4724.43
2022-05-10,NL,Utrecht,pm25,48,13.0,91.0,53.0,4899.29
2022-05-10,NL,Nijmegen,pm25,48,19.0,94.0,56.0,3771.7
2022-05-10,NL,Haarlem,pm25,144,5.0,107.0,51.0,3324.89
2022-05-10,NL,Eindhoven,pm25,24,20.0,84.0,49.0,4143.89
2022-05-10,NL,Rotterdam,pm25,192,11.0,76.0,52.0,3147.51
2022-05-10,NL,Amsterdam,pm25,240,6.0,104.0,50.0,3554.41
2022-05-10,NL,Dordrecht,pm25,24,18.0,90.0,55.0,4081.72
2022-05-10,NL,Breda,pm25,24,22.0,89.0,53.0,4446.96
2022-05-10,NL,Groningen,pm25,24,13.0,60.0,40.0,2755.92
2022-05-10,NL,Maastricht,pm25,72,9.0,74.0,53.0,1722.15
2022-05-10,NL,The Hague,pm25,56,2.0,79.0,49.0,3627.99
2022-05-10,PT,Lisbon,pm25,40,31.0,62.0,51.0,824.3
2022-05-10,PT,Funchal,pm25,64,2.0,48.0,28.0,1418.77
2022-05-10,CA,Hamilton,pm25,95,17.0,91.0,53.0,2280.78
2022-05-10,CA,Calgary,pm25,92,2.0,101.0,25.0,4888.89
2022-05-10,CA,Halifax,pm25,43,15.0,39.0,18.0,286.36
2022-05-10,CA,Kitchener,pm25,43,9.0,70.0,34.0,2546.83
2022-05-10,CA,Edmonton,pm25,134,1.0,70.0,13.0,1287.03
2022-05-10,CA,Mississauga,pm25,71,9.0,72.0,25.0,2062.28
2022-05-10,CA,Québec,pm25,167,14.0,44.0,29.0,333.06
2022-05-10,CA,Vancouver,pm25,22,8.0,43.0,26.0,981.84
2022-05-10,CA,Victoria,pm25,43,5.0,34.0,17.0,528.33
2022-05-10,CA,Montréal,pm25,419,18.0,72.0,41.0,1411.97
2022-05-10,CA,Toronto,pm25,125,13.0,72.0,30.0,752.92
2022-05-10,CA,Ottawa,pm25,65,25.0,60.0,40.0,1151.4
2022-05-10,CA,London,pm25,48,9.0,53.0,21.0,1035.96
2022-05-10,US,Oklahoma City,pm25,96,55.0,88.0,68.0,744.1
2022-05-10,US,Raleigh,pm25,65,9.0,42.0,20.0,468.14
2022-05-10,US,Memphis,pm25,70,4.0,71.0,56.0,915.92
2022-05-10,US,Jackson,pm25,72,21.0,65.0,52.0,830.98
2022-05-10,US,Boston,pm25,129,13.0,59.0,30.0,646.49
2022-05-10,US,Richmond,pm25,66,17.0,36.0,20.0,110.77
2022-05-10,US,Portland,pm25,150,5.0,47.0,12.0,359.56
2022-05-10,US,Boise,pm25,58,5.0,30.0,17.0,721.78
2022-05-10,US,Austin,pm25,42,13.0,80.0,46.0,3479.15
2022-05-10,US,Honolulu,pm25,44,5.0,46.0,17.0,1384.8
2022-05-10,US,Fresno,pm25,34,2.0,46.0,9.0,926.7
2022-05-10,US,Milwaukee,pm25,144,31.0,83.0,58.0,973.55
2022-05-10,US,Hartford,pm25,48,14.0,25.0,22.0,136.58
2022-05-10,US,Washington D.C.,pm25,119,5.0,61.0,21.0,1043.05
2022-05-10,US,Chicago,pm25,235,26.0,79.0,55.0,1626.69
2022-05-10,US,Houston,pm25,48,15.0,66.0,48.0,831.9
2022-05-10,US,Indianapolis,pm25,121,3.0,73.0,39.0,3488.88
2022-05-10,US,Atlanta,pm25,24,24.0,53.0,35.0,749.55
2022-05-10,US,Charlotte,pm25,71,5.0,57.0,25.0,1204.35
2022-05-10,US,Sacramento,pm25,63,1.0,55.0,13.0,844.01
2022-05-10,US,Oakland,pm25,96,5.0,30.0,13.0,452.6
2022-05-10,US,Providence,pm25,45,5.0,46.0,21.0,961.36
2022-05-10,US,Staten Island,pm25,119,2.0,56.0,28.0,1634.23
2022-05-10,US,Brooklyn,pm25,143,1.0,97.0,18.0,2621.51
2022-05-10,US,Springfield,pm25,72,17.0,82.0,57.0,1236.88
2022-05-10,US,The Bronx,pm25,48,1.0,54.0,10.0,1114.57
2022-05-10,US,San Jose,pm25,63,5.0,38.0,13.0,658.2
2022-05-10,US,Los Angeles,pm25,24,17.0,59.0,45.0,1841.45
2022-05-10,US,Detroit,pm25,120,23.0,51.0,30.0,336.9
2022-05-10,US,Little Rock,pm25,23,46.0,73.0,55.0,286.32
2022-05-10,US,Baltimore,pm25,44,5.0,50.0,30.0,1038.18
2022-05-10,US,Phoenix,pm25,186,1.0,109.0,25.0,2648.81
2022-05-10,US,Omaha,pm25,48,13.0,72.0,38.0,2885.6
2022-05-10,US,El Paso,pm25,164,5.0,92.0,30.0,3097.16
2022-05-10,US,Seattle,pm25,251,5.0,38.0,17.0,449.7
2022-05-10,US,Manhattan,pm25,72,4.0,33.0,17.0,482.82
2022-05-10,US,Miami,pm25,94,17.0,50.0,26.0,462.72
2022-05-10,US,Jacksonville,pm25,141,20.0,69.0,34.0,1172.09
2022-05-10,US,San Antonio,pm25,92,5.0,100.0,58.0,2438.21
2022-05-10,US,Philadelphia,pm25,93,1.0,49.0,25.0,1034.2
2022-05-10,US,San Diego,pm25,24,16.0,49.0,30.0,802.59
2022-05-10,US,Columbus,pm25,24,25.0,42.0,28.0,132.75
2022-05-10,US,Saint Paul,pm25,121,5.0,55.0,13.0,750.19
2022-05-10,US,Denver,pm25,131,13.0,46.0,25.0,378.63
2022-05-10,US,Salt Lake City,pm25,216,3.0,51.0,18.0,818.7
2022-05-10,US,Albuquerque,pm25,72,15.0,86.0,26.0,2016.89
2022-05-10,US,San Francisco,pm25,64,5.0,46.0,13.0,783.31
2022-05-10,US,Salem,pm25,72,7.0,49.0,10.0,302.24
2022-05-10,US,Madison,pm25,48,44.0,86.0,69.0,1666.13
2022-05-10,US,Nashville,pm25,72,21.0,73.0,38.0,1233.45
2022-05-10,US,Tucson,pm25,114,5.0,61.0,30.0,2159.09
2022-05-10,US,Queens,pm25,94,3.0,31.0,17.0,438.16
2022-05-10,US,Tallahassee,pm25,71,17.0,90.0,40.0,1923.0
2022-05-10,US,Fort Worth,pm25,24,46.0,68.0,57.0,400.22
2022-05-10,RS,Novi Sad,pm25,48,25.0,64.0,51.0,1365.53
2022-05-10,RS,Niš,pm25,48,19.0,59.0,37.0,1008.3
2022-05-10,RS,Belgrade,pm25,120,31.0,90.0,57.0,1279.49
2022-05-10,CY,Nicosia,pm25,24,10.0,51.0,28.0,1397.32
2022-05-10,CY,Limassol,pm25,24,1.0,65.0,40.0,3262.59
2022-05-10,HR,Zagreb,pm25,24,40.0,92.0,65.0,2258.19
2022-05-10,HR,Rijeka,pm25,74,21.0,86.0,45.0,696.28
2022-05-10,MK,Skopje,pm25,167,1.0,96.0,42.0,3874.25
2022-05-11,GE,Tbilisi,pm25,96,16.0,46.0,27.0,566.38
2022-05-11,HU,Győr,pm25,48,21.0,78.0,55.0,3261.84
2022-05-11,HU,Szeged,pm25,24,5.0,61.0,42.0,2620.8
2022-05-11,HU,Pécs,pm25,69,25.0,68.0,50.0,1913.48
2022-05-11,HU,Kecskemét,pm25,40,25.0,63.0,50.0,1675.49
2022-05-11,HU,Miskolc,pm25,117,25.0,68.0,46.0,1335.04
2022-05-11,HU,Budapest,pm25,323,9.0,76.0,50.0,1818.42
2022-05-11,JP,Fukuoka,pm25,395,5.0,93.0,46.0,2994.45
2022-05-11,JP,Kanazawa,pm25,230,5.0,68.0,38.0,1906.0
2022-05-11,JP,Kumamoto,pm25,318,5.0,102.0,21.0,3223.18
2022-05-11,JP,Akita,pm25,46,9.0,114.0,34.0,4448.44
2022-05-11,JP,Kochi,pm25,45,5.0,42.0,25.0,1039.36
2022-05-11,JP,Gifu-shi,pm25,183,5.0,70.0,42.0,2322.3
2022-05-11,JP,Kyoto,pm25,548,9.0,76.0,42.0,1691.61
2022-05-11,JP,Hiroshima,pm25,313,5.0,95.0,53.0,3253.95
2022-05-11,JP,Shizuoka,pm25,252,5.0,93.0,34.0,2229.74
2022-05-11,JP,Chiba,pm25,716,5.0,117.0,30.0,2556.49
2022-05-11,JP,Sapporo,pm25,211,9.0,114.0,46.0,1790.77
2022-05-11,JP,Yokohama,pm25,532,1.0,91.0,34.0,2259.13
2022-05-11,JP,Tokyo,pm25,2484,1.0,169.0,38.0,1892.51
2022-05-11,JP,Saitama,pm25,489,9.0,80.0,42.0,1165.66
2022-05-11,JP,Naha,pm25,127,5.0,46.0,17.0,673.36
2022-05-11,JP,Nagasaki,pm25,185,5.0,91.0,34.0,3293.3
2022-05-11,JP,Toyama,pm25,191,9.0,119.0,42.0,2934.84
2022-05-11,JP,Niigata,pm25,212,5.0,74.0,38.0,1120.69
2022-05-11,JP,Nara-shi,pm25,188,5.0,65.0,34.0,1500.09
2022-05-11,JP,Okayama,pm25,282,13.0,97.0,34.0,947.29
2022-05-11,JP,Sendai,pm25,410,5.0,65.0,34.0,1535.28
2022-05-11,JP,Osaka,pm25,1427,5.0,91.0,30.0,1862.79
2022-05-11,JP,Miyazaki,pm25,113,5.0,68.0,17.0,1679.31
2022-05-11,JP,Matsuyama,pm25,153,5.0,87.0,57.0,3921.62
2022-05-11,JP,Wakayama,pm25,283,13.0,59.0,34.0,926.42
2022-05-11,JP,Takamatsu,pm25,205,9.0,61.0,30.0,1573.21
2022-05-11,JP,Nagoya,pm25,786,5.0,91.0,42.0,1643.5
2022-05-11,JP,Ōita,pm25,250,5.0,91.0,46.0,3983.63
2022-05-11,JP,Kobe,pm25,420,5.0,74.0,30.0,1532.9
2022-05-11,JP,Nagano,pm25,70,5.0,76.0,38.0,1707.62
2022-05-11,JP,Utsunomiya,pm25,429,9.0,63.0,38.0,1537.41
2022-05-11,JP,Kagoshima,pm25,90,5.0,30.0,17.0,430.33
2022-05-11,SK,Košice,pm25,96,17.0,117.0,59.0,3742.05
2022-05-11,SK,Bratislava,pm25,96,34.0,99.0,55.0,1825.05
2022-05-11,FI,Vantaa,pm25,24,7.0,52.0,30.0,1244.28
2022-05-11,FI,Turku,pm25,24,17.0,30.0,23.0,117.97
2022-05-11,FI,Helsinki,pm25,120,13.0,58.0,28.0,747.52
2022-05-11,FI,Tampere,pm25,96,13.0,38.0,22.0,254.21
2022-05-11,ET,Addis Ababa,pm25,42,72.0,142.0,87.0,2205.12
2022-05-11,CH,Zürich,pm25,14,1.0,2.0,2.0,1.81
2022-05-11,CO,Bogotá,pm25,291,1.0,151.0,55.0,6804.25
2022-05-11,CO,Medellín,pm25,282,30.0,102.0,63.0,2974.59
2022-05-11,DK,Copenhagen,pm25,24,16.0,47.0,34.0,603.19
2022-05-11,GB,Edinburgh,pm25,283,7.0,24.0,14.0,95.76
2022-05-11,GB,Norwich,pm25,20,17.0,35.0,25.0,262.39
2022-05-11,GB,Liverpool,pm25,34,9.0,21.0,15.0,151.8
2022-05-11,GB,Belfast,pm25,50,10.0,25.0,17.0,108.8
2022-05-11,GB,Coventry,pm25,38,4.0,178.0,21.0,6780.8
2022-05-11,GB,Leeds,pm25,29,9.0,45.0,17.0,382.91
2022-05-11,GB,Cardiff,pm25,135,5.0,42.0,25.0,712.9
2022-05-11,GB,Bristol,pm25,64,9.0,42.0,25.0,588.45
2022-05-11,GB,London,pm25,493,3.0,82.0,30.0,1662.31
2022-05-11,GB,Birmingham,pm25,25,15.0,27.0,21.0,122.07
2022-05-11,GB,Sheffield,pm25,76,7.0,42.0,17.0,415.86
2022-05-11,GB,Newport,pm25,47,4.0,30.0,21.0,443.86
2022-05-11,GB,Leicester,pm25,21,17.0,29.0,23.0,119.33
2022-05-11,GB,Manchester,pm25,80,13.0,30.0,21.0,138.04
2022-05-11,GB,Reading,pm25,38,5.0,30.0,21.0,357.38
2022-05-11,GB,Plymouth,pm25,38,13.0,49.0,25.0,1247.43
2022-05-11,GB,Glasgow,pm25,558,9.0,49.0,18.0,185.29
2022-05-11,GB,Preston,pm25,38,11.0,25.0,21.0,147.11
2022-05-11,GB,Swansea,pm25,119,5.0,82.0,25.0,3095.35
2022-05-11,GB,Southend-on-Sea,pm25,43,8.0,45.0,28.0,665.58
2022-05-11,ID,Jakarta,pm25,71,21.0,167.0,85.0,14529.9
2022-05-11,NP,Kathmandu,pm25,69,30.0,151.0,76.0,6141.73
2022-05-11,NP,Pokhara,pm25,24,48.0,75.0,56.0,395.36
2022-05-11,NP,Biratnagar,pm25,48,24.0,62.0,40.0,1737.71
2022-05-11,AU,Sydney,pm25,143,1.0,41.0,12.0,780.9
2022-05-11,AU,Newcastle,pm25,112,1.0,45.0,15.0,1017.56
2022-05-11,AU,Launceston,pm25,150,5.0,211.0,38.0,19064.6
2022-05-11,AU,Hobart,pm25,71,13.0,122.0,21.0,3412.48
2022-05-11,AU,Darwin,pm25,67,3.0,104.0,57.0,4500.88
2022-05-11,AU,Melbourne,pm25,143,9.0,97.0,61.0,2792.07
2022-05-11,AU,Canberra,pm25,57,1.0,51.0,12.0,1572.12
2022-05-11,AU,Adelaide,pm25,93,5.0,68.0,30.0,2298.58
2022-05-11,AU,Brisbane,pm25,179,1.0,52.0,23.0,1783.19
2022-05-11,AU,Perth,pm25,66,2.0,56.0,7.0,890.95
2022-05-11,AU,Wollongong,pm25,29,1.0,74.0,11.0,2887.34
2022-05-11,CI,Abidjan,pm25,24,21.0,107.0,53.0,5002.32
2022-05-11,GH,Accra,pm25,24,17.0,82.0,38.0,4355.87
2022-05-11,IQ,Baghdad,pm25,24,89.0,168.0,155.0,4480.85
2022-05-11,IS,Reykjavík,pm25,96,3.0,25.0,11.0,156.24
2022-05-11,KG,Bishkek,pm25,17,5.0,59.0,25.0,2920.59
2022-05-11,NL,Utrecht,pm25,48,7.0,46.0,30.0,869.77
2022-05-11,NL,Nijmegen,pm25,48,9.0,51.0,27.0,973.97
2022-05-11,NL,Haarlem,pm25,138,2.0,76.0,35.0,1721.48
2022-05-11,NL,Eindhoven,pm25,24,15.0,52.0,32.0,1092.16
2022-05-11,NL,Rotterdam,pm25,183,5.0,51.0,25.0,892.65
2022-05-11,NL,Amsterdam,pm25,252,5.0,53.0,30.0,922.95
2022-05-11,NL,Dordrecht,pm25,24,14.0,54.0,29.0,918.48
2022-05-11,NL,Breda,pm25,24,12.0,42.0,25.0,681.74
2022-05-11,NL,Groningen,pm25,24,2.0,41.0,25.0,743.41
2022-05-11,NL,Maastricht,pm25,69,13.0,50.0,30.0,967.68
2022-05-11,NL,The Hague,pm25,59,1.0,44.0,25.0,1129.3
2022-05-11,PT,Lisbon,pm25,42,18.0,51.0,41.0,550.27
2022-05-11,PT,Funchal,pm25,69,1.0,44.0,33.0,1046.33
2022-05-11,CA,Hamilton,pm25,95,21.0,97.0,57.0,3182.31
2022-05-11,CA,Calgary,pm25,80,1.0,55.0,11.0,2848.78
2022-05-11,CA,Halifax,pm25,46,8.0,26.0,16.0,376.97
2022-05-11,CA,Kitchener,pm25,46,17.0,76.0,38.0,2225.1
2022-05-11,CA,Edmonton,pm25,137,2.0,51.0,17.0,1252.58
2022-05-11,CA,Mississauga,pm25,71,21.0,109.0,42.0,4581.85
2022-05-11,CA,Québec,pm25,165,16.0,75.0,29.0,947.23
2022-05-11,CA,Vancouver,pm25,23,8.0,30.0,13.0,483.56
2022-05-11,CA,Victoria,pm25,37,5.0,30.0,13.0,492.22
2022-05-11,CA,Montréal,pm25,388,24.0,99.0,44.0,2335.66
2022-05-11,CA,Toronto,pm25,132,13.0,70.0,38.0,1444.91
2022-05-11,CA,Ottawa,pm25,68,17.0,52.0,34.0,955.51
2022-05-11,CA,London,pm25,48,9.0,63.0,25.0,2283.79
2022-05-11,US,Oklahoma City,pm25,94,15.0,63.0,43.0,1600.08
2022-05-11,US,Raleigh,pm25,67,5.0,40.0,21.0,747.66
2022-05-11,US,Memphis,pm25,70,43.0,91.0,62.0,350.77
2022-05-11,US,Jackson,pm25,72,33.0,86.0,63.0,945.62
2022-05-11,US,Boston,pm25,130,9.0,80.0,30.0,2584.34
2022-05-11,US,Richmond,pm25,96,14.0,55.0,28.0,1040.77
2022-05-11,US,Portland,pm25,164,5.0,45.0,13.0,367.61
2022-05-11,US,Boise,pm25,54,5.0,21.0,13.0,207.8
2022-05-11,US,Austin,pm25,48,9.0,63.0,34.0,2857.55
2022-05-11,US,Honolulu,pm25,43,5.0,42.0,17.0,619.45
2022-05-11,US,Fresno,pm25,46,1.0,50.0,13.0,888.77
2022-05-11,US,Milwaukee,pm25,144,25.0,86.0,70.0,1624.48
2022-05-11,US,Hartford,pm25,48,10.0,33.0,23.0,438.09
2022-05-11,US,Washington D.C.,pm25,118,13.0,55.0,30.0,873.02
2022-05-11,US,Chicago,pm25,235,32.0,107.0,72.0,1132.93
2022-05-11,US,Houston,pm25,48,28.0,69.0,48.0,1043.39
2022-05-11,US,Indianapolis,pm25,96,53.0,96.0,67.0,785.65
2022-05-11,US,Atlanta,pm25,24,22.0,54.0,43.0,1244.35
2022-05-11,US,Charlotte,pm25,71,5.0,53.0,21.0,802.0
2022-05-11,US,Sacramento,pm25,63,1.0,50.0,13.0,1331.33
2022-05-11,US,Oakland,pm25,116,5.0,34.0,13.0,506.3
2022-05-11,US,Providence,pm25,38,5.0,61.0,17.0,1911.64
2022-05-11,US,Staten Island,pm25,118,3.0,69.0,34.0,3442.09
2022-05-11,US,Brooklyn,pm25,144,2.0,73.0,30.0,4115.94
2022-05-11,US,Springfield,pm25,71,32.0,86.0,72.0,754.66
2022-05-11,US,The Bronx,pm25,48,3.0,55.0,16.0,3204.66
2022-05-11,US,San Jose,pm25,75,5.0,42.0,17.0,1029.32
2022-05-11,US,Los Angeles,pm25,21,17.0,49.0,27.0,1045.48
2022-05-11,US,Detroit,pm25,119,19.0,58.0,30.0,733.28
2022-05-11,US,Little Rock,pm25,23,38.0,157.0,72.0,12243.0
2022-05-11,US,Baltimore,pm25,46,5.0,66.0,30.0,2363.99
2022-05-11,US,Phoenix,pm25,188,1.0,57.0,19.0,996.12
2022-05-11,US,Omaha,pm25,48,9.0,151.0,59.0,12264.0
2022-05-11,US,El Paso,pm25,168,5.0,95.0,30.0,3479.39
2022-05-11,US,Seattle,pm25,241,5.0,168.0,17.0,2756.01
2022-05-11,US,Manhattan,pm25,72,3.0,159.0,30.0,6901.85
2022-05-11,US,Miami,pm25,94,18.0,48.0,28.0,248.37
2022-05-11,US,Jacksonville,pm25,138,1.0,82.0,31.0,2205.74
2022-05-11,US,San Antonio,pm25,91,9.0,74.0,40.0,1741.96
2022-05-11,US,Philadelphia,pm25,90,1.0,90.0,28.0,3649.66
2022-05-11,US,San Diego,pm25,24,8.0,51.0,19.0,1104.28
2022-05-11,US,Columbus,pm25,24,15.0,43.0,25.0,529.11
2022-05-11,US,Saint Paul,pm25,136,5.0,74.0,30.0,3678.0
2022-05-11,US,Denver,pm25,151,9.0,72.0,25.0,1490.78
2022-05-11,US,Salt Lake City,pm25,216,9.0,79.0,20.0,1309.58
2022-05-11,US,Albuquerque,pm25,72,15.0,138.0,26.0,6308.94
2022-05-11,US,San Francisco,pm25,65,5.0,34.0,17.0,568.48
2022-05-11,US,Salem,pm25,72,8.0,20.0,11.0,67.89
2022-05-11,US,Madison,pm25,48,72.0,92.0,83.0,497.65
2022-05-11,US,Nashville,pm25,72,38.0,74.0,65.0,701.13
2022-05-11,US,Tucson,pm25,117,5.0,63.0,30.0,1889.07
2022-05-11,US,Queens,pm25,95,5.0,61.0,33.0,2884.18
2022-05-11,US,Tallahassee,pm25,72,7.0,139.0,46.0,6152.46
2022-05-11,US,Fort Worth,pm25,24,21.0,53.0,42.0,788.1
2022-05-11,RS,Novi Sad,pm25,48,17.0,66.0,29.0,2218.01
2022-05-11,RS,Niš,pm25,48,20.0,73.0,45.0,1991.21
2022-05-11,RS,Belgrade,pm25,120,18.0,97.0,60.0,3564.3
2022-05-11,CY,Nicosia,pm25,24,31.0,69.0,49.0,871.01
2022-05-11,CY,Limassol,pm25,21,20.0,54.0,40.0,946.33
2022-05-11,HR,Zagreb,pm25,24,39.0,84.0,63.0,2264.57
2022-05-11,HR,Rijeka,pm25,79,36.0,70.0,52.0,526.54
2022-05-11,MK,Skopje,pm25,167,8.0,97.0,52.0,3624.9
2022-05-12,GE,Tbilisi,pm25,96,32.0,58.0,51.0,397.67
2022-05-12,HU,Győr,pm25,48,13.0,76.0,53.0,1948.92
2022-05-12,HU,Szeged,pm25,20,34.0,74.0,57.0,2411.16
2022-05-12,HU,Pécs,pm25,66,34.0,63.0,50.0,764.24
2022-05-12,HU,Kecskemét,pm25,46,21.0,65.0,50.0,1948.41
2022-05-12,HU,Miskolc,pm25,119,25.0,78.0,50.0,1949.82
2022-05-12,HU,Budapest,pm25,356,17.0,70.0,53.0,2059.98
2022-05-12,JP,Fukuoka,pm25,395,5.0,72.0,30.0,1834.81
2022-05-12,JP,Kanazawa,pm25,221,5.0,70.0,38.0,2132.45
2022-05-12,JP,Kumamoto,pm25,351,5.0,91.0,25.0,2821.42
2022-05-12,JP,Akita,pm25,46,17.0,99.0,42.0,2852.83
2022-05-12,JP,Kochi,pm25,42,5.0,50.0,17.0,1460.19
2022-05-12,JP,Gifu-shi,pm25,179,5.0,76.0,42.0,2952.51
2022-05-12,JP,Kyoto,pm25,540,5.0,61.0,30.0,2026.67
2022-05-12,JP,Hiroshima,pm25,309,5.0,95.0,42.0,4722.83
2022-05-12,JP,Shizuoka,pm25,245,5.0,63.0,30.0,1649.6
2022-05-12,JP,Chiba,pm25,722,5.0,95.0,34.0,1920.36
2022-05-12,JP,Sapporo,pm25,210,5.0,99.0,34.0,2183.21
2022-05-12,JP,Yokohama,pm25,535,1.0,80.0,34.0,2246.07
2022-05-12,JP,Tokyo,pm25,2475,1.0,117.0,42.0,1752.3
2022-05-12,JP,Saitama,pm25,485,13.0,82.0,46.0,1849.41
2022-05-12,JP,Naha,pm25,124,5.0,46.0,17.0,1094.73
2022-05-12,JP,Nagasaki,pm25,165,5.0,61.0,21.0,1371.82
2022-05-12,JP,Toyama,pm25,192,25.0,87.0,53.0,1285.71
2022-05-12,JP,Niigata,pm25,210,17.0,93.0,42.0,1215.31
2022-05-12,JP,Nara-shi,pm25,181,5.0,53.0,25.0,1881.27
2022-05-12,JP,Okayama,pm25,277,5.0,85.0,25.0,1264.1
2022-05-12,JP,Sendai,pm25,478,9.0,87.0,50.0,1268.16
2022-05-12,JP,Osaka,pm25,1346,5.0,80.0,25.0,1553.57
2022-05-12,JP,Miyazaki,pm25,116,5.0,55.0,13.0,2225.35
2022-05-12,JP,Matsuyama,pm25,146,5.0,97.0,53.0,5264.21
2022-05-12,JP,Wakayama,pm25,268,5.0,59.0,38.0,2027.82
2022-05-12,JP,Takamatsu,pm25,200,5.0,55.0,21.0,1406.61
2022-05-12,JP,Nagoya,pm25,773,5.0,72.0,34.0,1633.44
2022-05-12,JP,Ōita,pm25,252,5.0,74.0,38.0,3013.4
2022-05-12,JP,Kobe,pm25,392,5.0,68.0,25.0,1741.83
2022-05-12,JP,Nagano,pm25,70,21.0,104.0,46.0,2141.24
2022-05-12,JP,Utsunomiya,pm25,430,9.0,82.0,46.0,1364.39
2022-05-12,JP,Kagoshima,pm25,92,5.0,30.0,17.0,354.21
2022-05-12,SK,Košice,pm25,96,42.0,132.0,68.0,2495.68
2022-05-12,SK,Bratislava,pm25,96,38.0,109.0,55.0,1471.14
2022-05-12,FI,Vantaa,pm25,24,12.0,42.0,22.0,591.02
2022-05-12,FI,Turku,pm25,24,9.0,26.0,17.0,202.45
2022-05-12,FI,Helsinki,pm25,120,6.0,65.0,26.0,1951.73
2022-05-12,FI,Tampere,pm25,96,5.0,40.0,22.0,351.84
2022-05-12,ET,Addis Ababa,pm25,47,70.0,124.0,82.0,1963.89
2022-05-12,CH,Zürich,pm25,14,1.0,3.0,1.0,4.23
2022-05-12,CO,Bogotá,pm25,290,7.0,152.0,53.0,8389.0
2022-05-12,CO,Medellín,pm25,302,34.0,99.0,65.0,1556.13
2022-05-12,DK,Copenhagen,pm25,24,16.0,43.0,33.0,626.3
2022-05-12,GB,Edinburgh,pm25,280,3.0,43.0,13.0,355.65
2022-05-12,GB,Norwich,pm25,14,21.0,29.0,22.0,89.01
2022-05-12,GB,Liverpool,pm25,38,5.0,30.0,13.0,224.07
2022-05-12,GB,Belfast,pm25,53,13.0,37.0,17.0,276.52
2022-05-12,GB,Coventry,pm25,53,12.0,34.0,18.0,309.08
2022-05-12,GB,Leeds,pm25,37,13.0,34.0,18.0,162.9
2022-05-12,GB,Cardiff,pm25,120,5.0,55.0,25.0,1308.23
2022-05-12,GB,Bristol,pm25,65,9.0,55.0,34.0,1116.62
2022-05-12,GB,London,pm25,528,5.0,69.0,30.0,1255.66
2022-05-12,GB,Birmingham,pm25,41,11.0,29.0,17.0,152.26
2022-05-12,GB,Sheffield,pm25,72,10.0,63.0,17.0,597.62
2022-05-12,GB,Newport,pm25,47,9.0,51.0,18.0,1738.45
2022-05-12,GB,Leicester,pm25,23,14.0,28.0,19.0,80.75
2022-05-12,GB,Manchester,pm25,83,13.0,46.0,21.0,473.9
2022-05-12,GB,Reading,pm25,46,5.0,21.0,13.0,260.33
2022-05-12,GB,Plymouth,pm25,33,5.0,37.0,17.0,860.06
2022-05-12,GB,Glasgow,pm25,570,6.0,44.0,16.0,354.34
2022-05-12,GB,Preston,pm25,45,10.0,22.0,17.0,85.73
2022-05-12,GB,Swansea,pm25,116,5.0,46.0,25.0,688.8
2022-05-12,GB,Southend-on-Sea,pm25,44,17.0,37.0,26.0,225.81
2022-05-12,ID,Jakarta,pm25,71,25.0,165.0,67.0,9850.27
2022-05-12,NP,Kathmandu,pm25,71,57.0,155.0,91.0,6764.46
2022-05-12,NP,Pokhara,pm25,24,50.0,136.0,60.0,3069.55
2022-05-12,NP,Biratnagar,pm25,48,26.0,77.0,52.0,1900.99
2022-05-12,AU,Sydney,pm25,152,1.0,36.0,13.0,491.57
2022-05-12,AU,Newcastle,pm25,115,1.0,51.0,16.0,1489.71
2022-05-12,AU,Launceston,pm25,142,5.0,213.0,21.0,13315.9
2022-05-12,AU,Hobart,pm25,72,9.0,139.0,34.0,6012.46
2022-05-12,AU,Darwin,pm25,70,7.0,116.0,46.0,2708.32
2022-05-12,AU,Melbourne,pm25,151,23.0,102.0,55.0,2394.16
2022-05-12,AU,Canberra,pm25,52,1.0,56.0,13.0,1614.25
2022-05-12,AU,Adelaide,pm25,86,3.0,70.0,21.0,1760.49
2022-05-12,AU,Brisbane,pm25,191,1.0,54.0,20.0,2700.67
2022-05-12,AU,Perth,pm25,54,2.0,8.0,4.0,32.22
2022-05-12,AU,Wollongong,pm25,38,4.0,56.0,12.0,1328.57
2022-05-12,CI,Abidjan,pm25,24,13.0,112.0,25.0,11150.4
2022-05-12,GH,Accra,pm25,22,5.0,89.0,30.0,5803.72
2022-05-12,IQ,Baghdad,pm25,24,109.0,195.0,165.0,6952.59
2022-05-12,IS,Reykjavík,pm25,81,1.0,29.0,11.0,393.0
2022-05-12,KG,Bishkek,pm25,24,9.0,42.0,21.0,717.1
2022-05-12,NL,Utrecht,pm25,48,13.0,75.0,32.0,1240.53
2022-05-12,NL,Nijmegen,pm25,46,2.0,56.0,28.0,2371.25
2022-05-12,NL,Haarlem,pm25,136,4.0,120.0,28.0,2147.99
2022-05-12,NL,Eindhoven,pm25,22,8.0,82.0,43.0,4444.44
2022-05-12,NL,Rotterdam,pm25,174,3.0,47.0,18.0,381.78
2022-05-12,NL,Amsterdam,pm25,258,3.0,53.0,20.0,776.83
2022-05-12,NL,Dordrecht,pm25,24,10.0,45.0,25.0,969.55
2022-05-12,NL,Breda,pm25,24,13.0,53.0,29.0,1500.58
2022-05-12,NL,Groningen,pm25,24,3.0,51.0,14.0,1363.41
2022-05-12,NL,Maastricht,pm25,76,5.0,63.0,34.0,1272.66
2022-05-12,NL,The Hague,pm25,59,2.0,56.0,17.0,584.4
2022-05-12,PT,Lisbon,pm25,26,17.0,56.0,25.0,1085.55
2022-05-12,PT,Funchal,pm25,70,1.0,45.0,25.0,1470.34
2022-05-12,CA,Hamilton,pm25,87,13.0,91.0,57.0,2620.35
2022-05-12,CA,Calgary,pm25,86,1.0,58.0,9.0,1740.12
2022-05-12,CA,Halifax,pm25,46,10.0,25.0,18.0,172.02
2022-05-12,CA,Kitchener,pm25,47,17.0,80.0,38.0,2118.18
2022-05-12,CA,Edmonton,pm25,131,3.0,56.0,18.0,1332.49
2022-05-12,CA,Mississauga,pm25,63,21.0,132.0,46.0,4973.82
2022-05-12,CA,Québec,pm25,183,22.0,85.0,35.0,1892.49
2022-05-12,CA,Vancouver,pm25,22,5.0,18.0,8.0,138.72
2022-05-12,CA,Victoria,pm25,43,5.0,30.0,13.0,341.49
2022-05-12,CA,Montréal,pm25,411,24.0,115.0,53.0,1970.94
2022-05-12,CA,Toronto,pm25,116,9.0,87.0,38.0,3279.91
2022-05-12,CA,Ottawa,pm25,64,21.0,59.0,38.0,1325.85
2022-05-12,CA,London,pm25,48,13.0,61.0,30.0,2269.29
2022-05-12,US,Oklahoma City,pm25,96,33.0,57.0,47.0,307.66
2022-05-12,US,Raleigh,pm25,70,5.0,38.0,17.0,562.25
2022-05-12,US,Memphis,pm25,60,34.0,83.0,63.0,333.17
2022-05-12,US,Jackson,pm25,72,41.0,90.0,67.0,1041.97
2022-05-12,US,Boston,pm25,121,9.0,59.0,21.0,577.9
2022-05-12,US,Richmond,pm25,96,15.0,33.0,23.0,250.31
2022-05-12,US,Portland,pm25,163,5.0,38.0,10.0,322.66
2022-05-12,US,Boise,pm25,57,5.0,50.0,17.0,1183.14
2022-05-12,US,Austin,pm25,46,5.0,70.0,34.0,2715.5
2022-05-12,US,Honolulu,pm25,47,9.0,53.0,21.0,790.38
2022-05-12,US,Fresno,pm25,45,4.0,47.0,13.0,569.53
2022-05-12,US,Milwaukee,pm25,142,25.0,86.0,65.0,2746.03
2022-05-12,US,Hartford,pm25,48,11.0,19.0,15.0,60.35
2022-05-12,US,Washington D.C.,pm25,119,9.0,55.0,26.0,597.54
2022-05-12,US,Chicago,pm25,239,20.0,117.0,59.0,3048.66
2022-05-12,US,Houston,pm25,48,13.0,85.0,39.0,2747.64
2022-05-12,US,Indianapolis,pm25,93,15.0,71.0,31.0,2392.13
2022-05-12,US,Atlanta,pm25,24,18.0,56.0,22.0,2153.62
2022-05-12,US,Charlotte,pm25,70,9.0,68.0,25.0,723.95
2022-05-12,US,Sacramento,pm25,63,5.0,34.0,13.0,285.69
2022-05-12,US,Oakland,pm25,108,5.0,46.0,17.0,699.45
2022-05-12,US,Providence,pm25,33,5.0,30.0,13.0,523.77
2022-05-12,US,Staten Island,pm25,97,2.0,169.0,28.0,9835.68
2022-05-12,US,Brooklyn,pm25,137,1.0,56.0,20.0,1423.55
2022-05-12,US,Springfield,pm25,72,45.0,91.0,75.0,526.2
2022-05-12,US,The Bronx,pm25,48,5.0,48.0,16.0,1086.27
2022-05-12,US,San Jose,pm25,83,5.0,46.0,13.0,937.51
2022-05-12,US,Los Angeles,pm25,24,16.0,63.0,35.0,1466.88
2022-05-12,US,Detroit,pm25,143,23.0,108.0,39.0,2248.48
2022-05-12,US,Little Rock,pm25,12,58.0,91.0,68.0,1222.42
2022-05-12,US,Baltimore,pm25,45,5.0,47.0,25.0,1364.37
2022-05-12,US,Phoenix,pm25,190,3.0,59.0,25.0,1000.42
2022-05-12,US,Omaha,pm25,48,25.0,78.0,46.0,1075.81
2022-05-12,US,El Paso,pm25,150,1.0,87.0,21.0,2112.63
2022-05-12,US,Seattle,pm25,240,1.0,46.0,13.0,574.98
2022-05-12,US,Manhattan,pm25,72,3.0,56.0,23.0,1669.58
2022-05-12,US,Miami,pm25,93,11.0,29.0,18.0,172.31
2022-05-12,US,Jacksonville,pm25,140,10.0,56.0,32.0,802.92
2022-05-12,US,San Antonio,pm25,93,11.0,64.0,39.0,1627.37
2022-05-12,US,Philadelphia,pm25,86,1.0,69.0,23.0,1554.28
2022-05-12,US,San Diego,pm25,24,4.0,41.0,23.0,899.35
2022-05-12,US,Columbus,pm25,31,3.0,40.0,25.0,813.46
2022-05-12,US,Saint Paul,pm25,114,5.0,61.0,25.0,2001.54
2022-05-12,US,Denver,pm25,141,9.0,93.0,34.0,4518.6
2022-05-12,US,Salt Lake City,pm25,216,3.0,102.0,11.0,2172.81
2022-05-12,US,Albuquerque,pm25,72,15.0,32.0,20.0,115.21
2022-05-12,US,San Francisco,pm25,66,5.0,42.0,21.0,923.49
2022-05-12,US,Salem,pm25,72,7.0,24.0,10.0,202.44
2022-05-12,US,Madison,pm25,48,50.0,86.0,73.0,445.63
2022-05-12,US,Nashville,pm25,72,17.0,77.0,52.0,1917.9
2022-05-12,US,Tucson,pm25,140,5.0,57.0,21.0,1033.51
2022-05-12,US,Queens,pm25,95,1.0,56.0,17.0,1301.1
2022-05-12,US,Tallahassee,pm25,72,10.0,74.0,37.0,2996.05
2022-05-12,US,Fort Worth,pm25,24,21.0,63.0,46.0,1254.76
2022-05-12,RS,Novi Sad,pm25,48,18.0,80.0,36.0,2000.53
2022-05-12,RS,Niš,pm25,48,22.0,68.0,47.0,1349.36
2022-05-12,RS,Belgrade,pm25,120,25.0,123.0,56.0,3854.96
2022-05-12,CY,Nicosia,pm25,24,34.0,64.0,50.0,822.16
2022-05-12,CY,Limassol,pm25,24,40.0,67.0,51.0,503.46
2022-05-12,HR,Zagreb,pm25,24,40.0,64.0,56.0,398.24
2022-05-12,HR,Rijeka,pm25,74,41.0,86.0,54.0,711.94
2022-05-12,MK,Skopje,pm25,168,8.0,95.0,54.0,3410.8
2022-05-13,GE,Tbilisi,pm25,96,45.0,57.0,51.0,83.0
2022-05-13,HU,Győr,pm25,46,25.0,76.0,55.0,2399.96
2022-05-13,HU,Szeged,pm25,24,46.0,82.0,57.0,1120.0
2022-05-13,HU,Pécs,pm25,72,17.0,70.0,34.0,3265.92
2022-05-13,HU,Kecskemét,pm25,40,13.0,50.0,21.0,1507.97
2022-05-13,HU,Miskolc,pm25,118,17.0,76.0,53.0,2706.98
2022-05-13,HU,Budapest,pm25,319,9.0,65.0,25.0,1599.08
2022-05-13,JP,Fukuoka,pm25,391,5.0,70.0,25.0,1733.71
2022-05-13,JP,Kanazawa,pm25,205,5.0,78.0,34.0,2151.54
2022-05-13,JP,Kumamoto,pm25,349,5.0,65.0,25.0,1999.77
2022-05-13,JP,Akita,pm25,42,5.0,74.0,42.0,3051.46
2022-05-13,JP,Kochi,pm25,39,5.0,55.0,17.0,2256.41
2022-05-13,JP,Gifu-shi,pm25,159,5.0,65.0,17.0,2133.86
2022-05-13,JP,Kyoto,pm25,520,5.0,53.0,17.0,1428.65
2022-05-13,JP,Hiroshima,pm25,267,5.0,70.0,21.0,1985.86
2022-05-13,JP,Shizuoka,pm25,198,5.0,59.0,13.0,948.52
2022-05-13,JP,Chiba,pm25,683,5.0,78.0,17.0,1905.15
2022-05-13,JP,Sapporo,pm25,214,5.0,97.0,38.0,2238.37
2022-05-13,JP,Yokohama,pm25,503,1.0,53.0,17.0,1149.52
2022-05-13,JP,Tokyo,pm25,2465,1.0,85.0,17.0,1018.77
2022-05-13,JP,Saitama,pm25,471,5.0,53.0,17.0,833.57
2022-05-13,JP,Naha,pm25,144,5.0,25.0,17.0,228.22
2022-05-13,JP,Nagasaki,pm25,164,5.0,63.0,21.0,1669.99
2022-05-13,JP,Toyama,pm25,192,13.0,78.0,46.0,1665.56
2022-05-13,JP,Niigata,pm25,173,5.0,65.0,38.0,2142.25
2022-05-13,JP,Nara-shi,pm25,164,5.0,46.0,13.0,770.23
2022-05-13,JP,Okayama,pm25,277,5.0,70.0,17.0,1335.18
2022-05-13,JP,Sendai,pm25,455,5.0,65.0,25.0,2693.99
2022-05-13,JP,Osaka,pm25,1224,5.0,68.0,17.0,1677.95
2022-05-13,JP,Miyazaki,pm25,112,5.0,53.0,21.0,2243.31
2022-05-13,JP,Matsuyama,pm25,145,5.0,63.0,34.0,2418.04
2022-05-13,JP,Wakayama,pm25,255,5.0,59.0,17.0,1588.5
2022-05-13,JP,Takamatsu,pm25,205,5.0,50.0,17.0,1130.24
2022-05-13,JP,Nagoya,pm25,729,5.0,78.0,17.0,1552.44
2022-05-13,JP,Ōita,pm25,238,5.0,55.0,25.0,1646.08
2022-05-13,JP,Kobe,pm25,376,5.0,59.0,17.0,1064.96
2022-05-13,JP,Nagano,pm25,47,5.0,38.0,13.0,1020.12
2022-05-13,JP,Utsunomiya,pm25,373,5.0,53.0,17.0,934.57
2022-05-13,JP,Kagoshima,pm25,91,5.0,38.0,17.0,494.59
2022-05-13,SK,Košice,pm25,96,21.0,154.0,57.0,3809.54
2022-05-13,SK,Bratislava,pm25,96,5.0,57.0,30.0,1100.14
2022-05-13,FI,Vantaa,pm25,24,3.0,57.0,11.0,1248.1
2022-05-13,FI,Turku,pm25,24,4.0,24.0,8.0,200.42
2022-05-13,FI,Helsinki,pm25,114,1.0,39.0,10.0,723.27
2022-05-13,FI,Tampere,pm25,4,5.0,16.0,6.0,256.67
2022-05-13,ET,Addis Ababa,pm25,36,78.0,153.0,99.0,2974.94
2022-05-13,CH,Zürich,pm25,22,1.0,2.0,2.0,2.42
2022-05-13,CO,Bogotá,pm25,309,5.0,147.0,34.0,6331.81
2022-05-13,CO,Medellín,pm25,261,21.0,99.0,68.0,2229.67
2022-05-13,DK,Copenhagen,pm25,24,17.0,66.0,36.0,924.76
2022-05-13,GB,Edinburgh,pm25,287,5.0,55.0,40.0,2136.28
2022-05-13,GB,Norwich,pm25,23,17.0,41.0,31.0,581.7
2022-05-13,GB,Liverpool,pm25,44,5.0,53.0,25.0,1906.7
2022-05-13,GB,Belfast,pm25,108,17.0,62.0,38.0,1854.86
2022-05-13,GB,Coventry,pm25,61,13.0,45.0,29.0,573.16
2022-05-13,GB,Leeds,pm25,45,15.0,55.0,34.0,1183.91
2022-05-13,GB,Cardiff,pm25,119,13.0,53.0,34.0,1209.49
2022-05-13,GB,Bristol,pm25,71,9.0,61.0,42.0,1844.31
2022-05-13,GB,London,pm25,543,1.0,82.0,30.0,1682.45
2022-05-13,GB,Birmingham,pm25,48,12.0,43.0,31.0,766.22
2022-05-13,GB,Sheffield,pm25,91,11.0,68.0,30.0,1276.49
2022-05-13,GB,Newport,pm25,48,17.0,53.0,34.0,502.54
2022-05-13,GB,Leicester,pm25,23,11.0,41.0,32.0,694.47
2022-05-13,GB,Manchester,pm25,72,17.0,61.0,40.0,1845.19
2022-05-13,GB,Reading,pm25,46,5.0,34.0,13.0,582.61
2022-05-13,GB,Plymouth,pm25,41,5.0,41.0,21.0,1166.02
2022-05-13,GB,Glasgow,pm25,572,10.0,72.0,49.0,2183.17
2022-05-13,GB,Preston,pm25,46,17.0,81.0,36.0,1359.07
2022-05-13,GB,Swansea,pm25,120,9.0,50.0,34.0,903.51
2022-05-13,GB,Southend-on-Sea,pm25,45,13.0,43.0,26.0,471.28
2022-05-13,ID,Jakarta,pm25,70,5.0,156.0,57.0,9573.61
2022-05-13,NP,Kathmandu,pm25,72,55.0,144.0,95.0,4378.49
2022-05-13,NP,Pokhara,pm25,24,49.0,72.0,60.0,488.41
2022-05-13,NP,Biratnagar,pm25,48,19.0,49.0,31.0,687.38
2022-05-13,AU,Sydney,pm25,155,1.0,51.0,17.0,1020.34
2022-05-13,AU,Newcastle,pm25,136,1.0,53.0,19.0,1269.84
2022-05-13,AU,Launceston,pm25,151,5.0,155.0,17.0,8912.81
2022-05-13,AU,Hobart,pm25,71,13.0,99.0,55.0,3287.69
2022-05-13,AU,Darwin,pm25,71,2.0,59.0,39.0,1727.85
2022-05-13,AU,Melbourne,pm25,167,16.0,94.0,52.0,1899.33
2022-05-13,AU,Canberra,pm25,64,1.0,73.0,24.0,2603.8
2022-05-13,AU,Adelaide,pm25,86,1.0,34.0,13.0,385.53
2022-05-13,AU,Brisbane,pm25,192,1.0,68.0,36.0,3957.91
2022-05-13,AU,Perth,pm25,68,2.0,14.0,5.0,69.3
2022-05-13,AU,Wollongong,pm25,43,1.0,52.0,20.0,1794.26
2022-05-13,CI,Abidjan,pm25,24,13.0,63.0,38.0,2001.58
2022-05-13,GH,Accra,pm25,24,13.0,85.0,30.0,3743.03
2022-05-13,IQ,Baghdad,pm25,24,109.0,508.0,170.0,98739.1
2022-05-13,IS,Reykjavík,pm25,89,1.0,27.0,9.0,268.84
2022-05-13,KG,Bishkek,pm25,23,5.0,42.0,17.0,1131.46
2022-05-13,NL,Utrecht,pm25,46,15.0,57.0,33.0,952.87
2022-05-13,NL,Nijmegen,pm25,48,3.0,67.0,32.0,1936.15
2022-05-13,NL,Haarlem,pm25,139,10.0,72.0,35.0,1640.52
2022-05-13,NL,Eindhoven,pm25,23,3.0,78.0,52.0,2696.01
2022-05-13,NL,Rotterdam,pm25,192,11.0,51.0,25.0,569.01
2022-05-13,NL,Amsterdam,pm25,264,8.0,52.0,29.0,807.7
2022-05-13,NL,Dordrecht,pm25,24,14.0,58.0,34.0,1488.24
2022-05-13,NL,Breda,pm25,24,16.0,59.0,35.0,1524.93
2022-05-13,NL,Groningen,pm25,33,3.0,48.0,22.0,1507.05
2022-05-13,NL,Maastricht,pm25,80,5.0,65.0,30.0,1573.12
2022-05-13,NL,The Hague,pm25,68,6.0,50.0,26.0,592.68
2022-05-13,PT,Lisbon,pm25,40,28.0,63.0,48.0,755.48
2022-05-13,PT,Funchal,pm25,63,3.0,53.0,29.0,1529.42
2022-05-13,CA,Hamilton,pm25,95,17.0,114.0,55.0,3729.03
2022-05-13,CA,Calgary,pm25,90,5.0,52.0,19.0,1254.33
2022-05-13,CA,Halifax,pm25,46,9.0,30.0,18.0,146.07
2022-05-13,CA,Kitchener,pm25,48,13.0,70.0,34.0,1766.06
2022-05-13,CA,Edmonton,pm25,133,2.0,78.0,19.0,1729.35
2022-05-13,CA,Mississauga,pm25,70,17.0,172.0,42.0,5526.52
2022-05-13,CA,Québec,pm25,183,20.0,57.0,38.0,809.44
2022-05-13,CA,Vancouver,pm25,23,10.0,42.0,16.0,1033.0
2022-05-13,CA,Victoria,pm25,37,5.0,38.0,17.0,638.12
2022-05-13,CA,Montréal,pm25,423,18.0,92.0,38.0,2018.27
2022-05-13,CA,Toronto,pm25,135,5.0,74.0,34.0,1998.19
2022-05-13,CA,Ottawa,pm25,64,13.0,50.0,34.0,936.79
2022-05-13,CA,London,pm25,47,13.0,50.0,30.0,954.76
2022-05-13,US,Oklahoma City,pm25,96,31.0,54.0,43.0,540.55
2022-05-13,US,Raleigh,pm25,42,5.0,50.0,19.0,715.85
2022-05-13,US,Memphis,pm25,71,15.0,87.0,55.0,1906.16
2022-05-13,US,Jackson,pm25,62,23.0,65.0,50.0,1422.12
2022-05-13,US,Boston,pm25,132,5.0,57.0,30.0,1587.08
2022-05-13,US,Richmond,pm25,96,9.0,30.0,18.0,234.76
2022-05-13,US,Portland,pm25,167,11.0,52.0,18.0,462.11
2022-05-13,US,Boise,pm25,66,5.0,46.0,13.0,835.3
2022-05-13,US,Austin,pm25,46,9.0,61.0,30.0,2350.65
2022-05-13,US,Honolulu,pm25,46,5.0,42.0,21.0,815.83
2022-05-13,US,Fresno,pm25,47,5.0,57.0,21.0,1742.29
2022-05-13,US,Milwaukee,pm25,143,22.0,57.0,30.0,347.17
2022-05-13,US,Hartford,pm25,48,14.0,30.0,18.0,119.89
2022-05-13,US,Washington D.C.,pm25,115,5.0,46.0,21.0,670.93
2022-05-13,US,Chicago,pm25,239,13.0,57.0,29.0,773.14
2022-05-13,US,Houston,pm25,48,5.0,73.0,41.0,2498.08
2022-05-13,US,Indianapolis,pm25,86,17.0,57.0,29.0,1261.69
2022-05-13,US,Atlanta,pm25,24,18.0,25.0,20.0,43.89
2022-05-13,US,Charlotte,pm25,70,5.0,63.0,18.0,914.58
2022-05-13,US,Sacramento,pm25,62,2.0,34.0,13.0,586.21
2022-05-13,US,Oakland,pm25,94,5.0,46.0,17.0,1031.87
2022-05-13,US,Providence,pm25,28,5.0,34.0,13.0,760.9
2022-05-13,US,Staten Island,pm25,106,3.0,57.0,23.0,2615.77
2022-05-13,US,Brooklyn,pm25,109,1.0,54.0,18.0,1913.0
2022-05-13,US,Springfield,pm25,72,19.0,73.0,45.0,1417.87
2022-05-13,US,The Bronx,pm25,39,1.0,53.0,16.0,2674.59
2022-05-13,US,San Jose,pm25,90,5.0,65.0,17.0,1633.38
2022-05-13,US,Los Angeles,pm25,24,23.0,83.0,43.0,1602.54
2022-05-13,US,Detroit,pm25,144,13.0,72.0,25.0,1560.56
2022-05-13,US,Little Rock,pm25,23,17.0,159.0,60.0,10548.1
2022-05-13,US,Baltimore,pm25,28,9.0,43.0,30.0,874.33
2022-05-13,US,Phoenix,pm25,192,5.0,79.0,28.0,2125.27
2022-05-13,US,Omaha,pm25,44,5.0,63.0,21.0,2080.0
2022-05-13,US,El Paso,pm25,145,5.0,106.0,29.0,5009.17
2022-05-13,US,Seattle,pm25,246,5.0,34.0,14.0,482.78
2022-05-13,US,Manhattan,pm25,60,2.0,53.0,15.0,1359.14
2022-05-13,US,Miami,pm25,88,13.0,28.0,19.0,120.63
2022-05-13,US,Jacksonville,pm25,143,3.0,47.0,20.0,897.83
2022-05-13,US,San Antonio,pm25,92,7.0,60.0,34.0,1937.28
2022-05-13,US,Philadelphia,pm25,85,1.0,53.0,25.0,1215.63
2022-05-13,US,San Diego,pm25,24,13.0,58.0,28.0,1243.89
2022-05-13,US,Columbus,pm25,48,1.0,46.0,17.0,596.15
2022-05-13,US,Saint Paul,pm25,67,5.0,80.0,21.0,2755.4
2022-05-13,US,Denver,pm25,132,13.0,42.0,21.0,297.46
2022-05-13,US,Salt Lake City,pm25,216,7.0,51.0,14.0,654.33
2022-05-13,US,Albuquerque,pm25,72,13.0,75.0,20.0,2086.05
2022-05-13,US,San Francisco,pm25,64,5.0,38.0,17.0,927.48
2022-05-13,US,Salem,pm25,72,11.0,34.0,18.0,271.39
2022-05-13,US,Madison,pm25,48,24.0,55.0,36.0,999.46
2022-05-13,US,Nashville,pm25,72,5.0,63.0,31.0,1161.5
2022-05-13,US,Tucson,pm25,162,5.0,61.0,25.0,1616.12
2022-05-13,US,Queens,pm25,83,1.0,55.0,13.0,1297.4
2022-05-13,US,Tallahassee,pm25,68,12.0,61.0,28.0,1572.07
2022-05-13,US,Fort Worth,pm25,24,13.0,50.0,34.0,1205.43
2022-05-13,RS,Novi Sad,pm25,48,20.0,67.0,36.0,1541.56
2022-05-13,RS,Niš,pm25,48,21.0,72.0,52.0,1909.93
2022-05-13,RS,Belgrade,pm25,120,29.0,136.0,53.0,4264.54
2022-05-13,CY,Nicosia,pm25,24,40.0,84.0,56.0,933.9
2022-05-13,CY,Limassol,pm25,24,52.0,84.0,59.0,718.53
2022-05-13,HR,Zagreb,pm25,24,44.0,66.0,52.0,604.57
2022-05-13,HR,Rijeka,pm25,80,35.0,74.0,51.0,709.39
2022-05-13,MK,Skopje,pm25,168,9.0,101.0,53.0,3365.39
2022-05-14,GE,Tbilisi,pm25,96,50.0,83.0,55.0,967.82
2022-05-14,HU,Győr,pm25,48,17.0,74.0,38.0,2124.82
2022-05-14,HU,Szeged,pm25,23,13.0,68.0,38.0,2525.38
2022-05-14,HU,Pécs,pm25,69,17.0,46.0,25.0,742.44
2022-05-14,HU,Kecskemét,pm25,28,25.0,46.0,34.0,459.95
2022-05-14,HU,Miskolc,pm25,99,21.0,68.0,50.0,1288.94
2022-05-14,HU,Budapest,pm25,308,17.0,61.0,34.0,545.33
2022-05-14,JP,Fukuoka,pm25,391,5.0,102.0,50.0,4383.64
2022-05-14,JP,Kanazawa,pm25,209,5.0,63.0,21.0,1062.89
2022-05-14,JP,Kumamoto,pm25,342,5.0,151.0,42.0,6068.5
2022-05-14,JP,Akita,pm25,42,5.0,70.0,30.0,2986.25
2022-05-14,JP,Kochi,pm25,45,5.0,61.0,30.0,2823.74
2022-05-14,JP,Gifu-shi,pm25,157,5.0,68.0,25.0,2986.85
2022-05-14,JP,Kyoto,pm25,540,5.0,70.0,30.0,2707.8
2022-05-14,JP,Hiroshima,pm25,302,5.0,89.0,38.0,3134.62
2022-05-14,JP,Shizuoka,pm25,208,5.0,72.0,17.0,2221.19
2022-05-14,JP,Chiba,pm25,741,5.0,99.0,25.0,2495.79
2022-05-14,JP,Sapporo,pm25,116,5.0,80.0,13.0,1492.24
2022-05-14,JP,Yokohama,pm25,515,1.0,65.0,21.0,1634.49
2022-05-14,JP,Tokyo,pm25,2484,1.0,134.0,21.0,1783.16
2022-05-14,JP,Saitama,pm25,473,1.0,57.0,17.0,923.1
2022-05-14,JP,Naha,pm25,129,5.0,21.0,13.0,132.27
2022-05-14,JP,Nagasaki,pm25,86,5.0,59.0,34.0,2685.76
2022-05-14,JP,Toyama,pm25,183,5.0,63.0,21.0,1535.38
2022-05-14,JP,Niigata,pm25,140,5.0,76.0,17.0,1160.5
2022-05-14,JP,Nara-shi,pm25,178,5.0,82.0,25.0,2225.54
2022-05-14,JP,Okayama,pm25,284,5.0,91.0,42.0,3330.92
2022-05-14,JP,Sendai,pm25,418,5.0,53.0,17.0,1008.96
2022-05-14,JP,Osaka,pm25,1367,5.0,91.0,25.0,1855.03
2022-05-14,JP,Miyazaki,pm25,122,5.0,97.0,46.0,4770.92
2022-05-14,JP,Matsuyama,pm25,160,5.0,93.0,34.0,4195.96
2022-05-14,JP,Wakayama,pm25,254,5.0,59.0,25.0,2166.22
2022-05-14,JP,Takamatsu,pm25,217,5.0,65.0,34.0,2815.09
2022-05-14,JP,Nagoya,pm25,702,5.0,63.0,21.0,1412.45
2022-05-14,JP,Ōita,pm25,250,5.0,74.0,46.0,2883.93
2022-05-14,JP,Kobe,pm25,388,5.0,78.0,25.0,1900.45
2022-05-14,JP,Nagano,pm25,46,5.0,30.0,13.0,343.77
2022-05-14,JP,Utsunomiya,pm25,397,5.0,59.0,17.0,813.35
2022-05-14,JP,Kagoshima,pm25,95,9.0,85.0,30.0,3027.3
2022-05-14,SK,Košice,pm25,96,30.0,95.0,57.0,1420.2
2022-05-14,SK,Bratislava,pm25,96,13.0,57.0,34.0,910.09
2022-05-14,FI,Vantaa,pm25,24,5.0,47.0,19.0,1064.76
2022-05-14,FI,Turku,pm25,24,6.0,23.0,16.0,211.88
2022-05-14,FI,Helsinki,pm25,120,4.0,39.0,19.0,527.55
2022-05-14,FI,Tampere,pm25,28,4.0,32.0,13.0,469.58
2022-05-14,ET,Addis Ababa,pm25,21,87.0,142.0,97.0,1701.9
2022-05-14,CH,Zürich,pm25,20,1.0,5.0,2.0,8.0
2022-05-14,CO,Bogotá,pm25,314,5.0,152.0,38.0,5996.17
2022-05-14,CO,Medellín,pm25,265,17.0,89.0,55.0,1783.77
2022-05-14,DK,Copenhagen,pm25,24,27.0,49.0,38.0,399.84
2022-05-14,GB,Edinburgh,pm25,283,16.0,63.0,50.0,967.62
2022-05-14,GB,Norwich,pm25,23,38.0,52.0,43.0,169.88
2022-05-14,GB,Liverpool,pm25,44,30.0,63.0,50.0,563.15
2022-05-14,GB,Belfast,pm25,77,39.0,67.0,55.0,185.6
2022-05-14,GB,Coventry,pm25,61,33.0,62.0,43.0,288.46
2022-05-14,GB,Leeds,pm25,40,38.0,63.0,55.0,292.04
2022-05-14,GB,Cardiff,pm25,120,25.0,59.0,42.0,811.24
2022-05-14,GB,Bristol,pm25,72,25.0,68.0,46.0,1000.49
2022-05-14,GB,London,pm25,535,9.0,95.0,43.0,1311.57
2022-05-14,GB,Birmingham,pm25,39,34.0,72.0,45.0,666.57
2022-05-14,GB,Sheffield,pm25,75,34.0,91.0,46.0,1043.92
2022-05-14,GB,Newport,pm25,43,28.0,53.0,38.0,499.78
2022-05-14,GB,Leicester,pm25,17,43.0,66.0,51.0,368.09
2022-05-14,GB,Manchester,pm25,82,41.0,60.0,53.0,210.97
2022-05-14,GB,Reading,pm25,48,9.0,46.0,30.0,923.81
2022-05-14,GB,Plymouth,pm25,41,9.0,45.0,25.0,991.62
2022-05-14,GB,Glasgow,pm25,570,12.0,82.0,52.0,1127.87
2022-05-14,GB,Preston,pm25,40,35.0,57.0,50.0,319.48
2022-05-14,GB,Swansea,pm25,116,17.0,68.0,38.0,1554.04
2022-05-14,GB,Southend-on-Sea,pm25,46,25.0,158.0,42.0,3457.61
2022-05-14,ID,Jakarta,pm25,70,53.0,171.0,105.0,13343.3
2022-05-14,NP,Kathmandu,pm25,72,76.0,165.0,107.0,5481.38
2022-05-14,NP,Pokhara,pm25,24,44.0,74.0,62.0,458.84
2022-05-14,NP,Biratnagar,pm25,48,18.0,56.0,36.0,1071.76
2022-05-14,AU,Sydney,pm25,158,1.0,76.0,22.0,1429.93
2022-05-14,AU,Newcastle,pm25,135,1.0,71.0,23.0,2783.11
2022-05-14,AU,Launceston,pm25,130,5.0,151.0,13.0,2756.43
2022-05-14,AU,Hobart,pm25,69,5.0,492.0,38.0,36481.8
2022-05-14,AU,Darwin,pm25,71,1.0,128.0,47.0,3059.12
2022-05-14,AU,Melbourne,pm25,139,1.0,96.0,17.0,2725.88
2022-05-14,AU,Canberra,pm25,65,1.0,65.0,26.0,2147.88
2022-05-14,AU,Adelaide,pm25,63,1.0,61.0,13.0,2084.18
2022-05-14,AU,Brisbane,pm25,184,1.0,59.0,11.0,1495.06
2022-05-14,AU,Perth,pm25,46,2.0,11.0,3.0,32.19
2022-05-14,AU,Wollongong,pm25,44,1.0,61.0,28.0,2542.96
2022-05-14,CI,Abidjan,pm25,24,9.0,119.0,34.0,5809.11
2022-05-14,GH,Accra,pm25,22,9.0,82.0,34.0,4682.08
2022-05-14,IQ,Baghdad,pm25,24,76.0,277.0,124.0,18848.1
2022-05-14,IS,Reykjavík,pm25,92,2.0,29.0,11.0,475.5
2022-05-14,KG,Bishkek,pm25,24,9.0,82.0,34.0,3556.07
2022-05-14,NL,Utrecht,pm25,48,16.0,85.0,48.0,1305.94
2022-05-14,NL,Nijmegen,pm25,48,26.0,69.0,46.0,1353.26
2022-05-14,NL,Haarlem,pm25,142,2.0,92.0,51.0,2258.98
2022-05-14,NL,Eindhoven,pm25,24,21.0,78.0,55.0,2458.68
2022-05-14,NL,Rotterdam,pm25,192,23.0,68.0,52.0,834.83
2022-05-14,NL,Amsterdam,pm25,264,10.0,71.0,45.0,1319.95
2022-05-14,NL,Dordrecht,pm25,24,30.0,70.0,51.0,1008.53
2022-05-14,NL,Breda,pm25,24,24.0,65.0,45.0,1322.54
2022-05-14,NL,Groningen,pm25,48,21.0,68.0,41.0,953.33
2022-05-14,NL,Maastricht,pm25,93,9.0,76.0,38.0,1965.79
2022-05-14,NL,The Hague,pm25,72,12.0,65.0,50.0,1525.72
2022-05-14,PT,Lisbon,pm25,9,47.0,58.0,50.0,176.94
2022-05-14,PT,Funchal,pm25,57,1.0,43.0,11.0,1021.6
2022-05-14,CA,Hamilton,pm25,94,13.0,78.0,57.0,2062.31
2022-05-14,CA,Calgary,pm25,84,3.0,50.0,10.0,442.25
2022-05-14,CA,Halifax,pm25,46,8.0,30.0,20.0,402.32
2022-05-14,CA,Kitchener,pm25,47,13.0,93.0,42.0,4984.67
2022-05-14,CA,Edmonton,pm25,131,2.0,66.0,13.0,1535.19
2022-05-14,CA,Mississauga,pm25,69,17.0,155.0,38.0,5741.32
2022-05-14,CA,Québec,pm25,161,22.0,74.0,33.0,805.7
2022-05-14,CA,Vancouver,pm25,22,9.0,32.0,13.0,463.55
2022-05-14,CA,Victoria,pm25,45,9.0,38.0,17.0,420.64
2022-05-14,CA,Montréal,pm25,415,12.0,71.0,31.0,958.58
2022-05-14,CA,Toronto,pm25,141,5.0,61.0,30.0,2642.99
2022-05-14,CA,Ottawa,pm25,65,16.0,38.0,25.0,277.03
2022-05-14,CA,London,pm25,46,9.0,55.0,25.0,1230.36
2022-05-14,US,Oklahoma City,pm25,96,28.0,57.0,40.0,590.21
2022-05-14,US,Raleigh,pm25,44,9.0,46.0,25.0,691.44
2022-05-14,US,Memphis,pm25,72,6.0,54.0,34.0,990.35
2022-05-14,US,Jackson,pm25,72,14.0,67.0,38.0,931.12
2022-05-14,US,Boston,pm25,85,5.0,55.0,21.0,823.28
2022-05-14,US,Richmond,pm25,96,8.0,30.0,20.0,313.96
2022-05-14,US,Portland,pm25,165,4.0,34.0,8.0,321.73
2022-05-14,US,Boise,pm25,79,5.0,65.0,13.0,2140.41
2022-05-14,US,Austin,pm25,45,5.0,63.0,30.0,2334.37
2022-05-14,US,Honolulu,pm25,46,5.0,50.0,17.0,1226.55
2022-05-14,US,Fresno,pm25,47,3.0,54.0,28.0,2211.88
2022-05-14,US,Milwaukee,pm25,143,16.0,59.0,33.0,1214.95
2022-05-14,US,Hartford,pm25,48,14.0,46.0,22.0,222.02
2022-05-14,US,Washington D.C.,pm25,111,5.0,38.0,17.0,558.98
2022-05-14,US,Chicago,pm25,239,17.0,88.0,41.0,1550.5
2022-05-14,US,Houston,pm25,48,10.0,59.0,36.0,1318.71
2022-05-14,US,Indianapolis,pm25,96,23.0,110.0,40.0,2254.0
2022-05-14,US,Atlanta,pm25,24,20.0,36.0,24.0,180.42
2022-05-14,US,Charlotte,pm25,71,9.0,55.0,25.0,1000.98
2022-05-14,US,Sacramento,pm25,59,2.0,30.0,13.0,578.33
2022-05-14,US,Oakland,pm25,105,5.0,63.0,17.0,1347.94
2022-05-14,US,Providence,pm25,31,5.0,38.0,17.0,886.32
2022-05-14,US,Staten Island,pm25,93,1.0,65.0,21.0,3249.4
2022-05-14,US,Brooklyn,pm25,112,1.0,72.0,17.0,3261.44
2022-05-14,US,Springfield,pm25,72,7.0,101.0,38.0,2464.07
2022-05-14,US,The Bronx,pm25,44,1.0,72.0,16.0,3706.32
2022-05-14,US,San Jose,pm25,83,5.0,38.0,17.0,708.33
2022-05-14,US,Los Angeles,pm25,25,33.0,68.0,53.0,1010.07
2022-05-14,US,Detroit,pm25,144,11.0,59.0,31.0,1262.47
2022-05-14,US,Little Rock,pm25,24,9.0,62.0,42.0,2356.52
2022-05-14,US,Baltimore,pm25,26,5.0,32.0,20.0,358.35
2022-05-14,US,Phoenix,pm25,190,4.0,69.0,27.0,2146.19
2022-05-14,US,Omaha,pm25,47,9.0,65.0,30.0,1982.57
2022-05-14,US,El Paso,pm25,146,5.0,146.0,38.0,6260.4
2022-05-14,US,Seattle,pm25,243,3.0,46.0,17.0,801.6
2022-05-14,US,Manhattan,pm25,61,1.0,72.0,14.0,3262.9
2022-05-14,US,Miami,pm25,94,16.0,51.0,24.0,281.42
2022-05-14,US,Jacksonville,pm25,144,7.0,53.0,22.0,503.59
2022-05-14,US,San Antonio,pm25,93,8.0,71.0,30.0,2321.62
2022-05-14,US,Philadelphia,pm25,88,1.0,44.0,19.0,995.07
2022-05-14,US,San Diego,pm25,24,17.0,55.0,37.0,859.11
2022-05-14,US,Columbus,pm25,48,6.0,44.0,19.0,430.74
2022-05-14,US,Saint Paul,pm25,73,5.0,74.0,17.0,2626.96
2022-05-14,US,Denver,pm25,134,9.0,38.0,17.0,383.06
2022-05-14,US,Salt Lake City,pm25,216,8.0,53.0,17.0,857.46
2022-05-14,US,Albuquerque,pm25,72,13.0,65.0,19.0,1738.94
2022-05-14,US,San Francisco,pm25,62,5.0,55.0,17.0,2003.83
2022-05-14,US,Salem,pm25,72,5.0,13.0,7.0,23.31
2022-05-14,US,Madison,pm25,48,10.0,54.0,21.0,916.66
2022-05-14,US,Nashville,pm25,72,5.0,57.0,38.0,1066.69
2022-05-14,US,Tucson,pm25,156,5.0,61.0,21.0,1489.54
2022-05-14,US,Queens,pm25,77,1.0,55.0,15.0,2444.26
2022-05-14,US,Tallahassee,pm25,67,1.0,63.0,32.0,1854.81
2022-05-14,US,Fort Worth,pm25,24,13.0,55.0,34.0,1532.16
2022-05-14,RS,Novi Sad,pm25,48,11.0,47.0,24.0,908.83
2022-05-14,RS,Niš,pm25,48,29.0,77.0,55.0,2198.28
2022-05-14,RS,Belgrade,pm25,120,19.0,62.0,37.0,841.21
2022-05-14,CY,Nicosia,pm25,24,42.0,74.0,57.0,682.45
2022-05-14,CY,Limassol,pm25,24,42.0,108.0,64.0,2940.0
2022-05-14,HR,Zagreb,pm25,24,34.0,78.0,51.0,1476.74
2022-05-14,HR,Rijeka,pm25,79,14.0,50.0,25.0,675.04
2022-05-14,MK,Skopje,pm25,168,9.0,119.0,52.0,4103.23
2022-05-15,GE,Tbilisi,pm25,96,44.0,76.0,51.0,561.74
2022-05-15,HU,Győr,pm25,40,9.0,68.0,30.0,3613.82
2022-05-15,HU,Szeged,pm25,24,25.0,68.0,46.0,1401.45
2022-05-15,HU,Pécs,pm25,72,17.0,55.0,34.0,1468.71
2022-05-15,HU,Kecskemét,pm25,40,17.0,42.0,30.0,646.15
2022-05-15,HU,Miskolc,pm25,114,17.0,72.0,42.0,1720.59
2022-05-15,HU,Budapest,pm25,319,5.0,57.0,30.0,1033.75
2022-05-15,JP,Fukuoka,pm25,399,5.0,76.0,42.0,1459.49
2022-05-15,JP,Kanazawa,pm25,225,5.0,68.0,30.0,1389.71
2022-05-15,JP,Kumamoto,pm25,356,5.0,91.0,53.0,1626.64
2022-05-15,JP,Akita,pm25,45,9.0,82.0,38.0,2110.68
2022-05-15,JP,Kochi,pm25,48,25.0,63.0,46.0,777.71
2022-05-15,JP,Gifu-shi,pm25,178,5.0,137.0,34.0,3081.24
2022-05-15,JP,Kyoto,pm25,561,5.0,65.0,42.0,998.28
2022-05-15,JP,Hiroshima,pm25,321,5.0,80.0,38.0,1842.44
2022-05-15,JP,Shizuoka,pm25,253,5.0,72.0,38.0,2272.09
2022-05-15,JP,Chiba,pm25,761,5.0,74.0,34.0,1686.95
2022-05-15,JP,Sapporo,pm25,172,5.0,59.0,25.0,2008.17
2022-05-15,JP,Yokohama,pm25,540,1.0,65.0,34.0,1957.01
2022-05-15,JP,Tokyo,pm25,2548,1.0,469.0,34.0,2037.93
2022-05-15,JP,Saitama,pm25,499,5.0,63.0,34.0,1157.19
2022-05-15,JP,Naha,pm25,124,5.0,30.0,13.0,594.85
2022-05-15,JP,Nagasaki,pm25,92,5.0,55.0,34.0,1007.28
2022-05-15,JP,Toyama,pm25,189,5.0,74.0,34.0,1626.21
2022-05-15,JP,Niigata,pm25,143,13.0,63.0,38.0,1416.74
2022-05-15,JP,Nara-shi,pm25,186,5.0,61.0,38.0,912.93
2022-05-15,JP,Okayama,pm25,288,17.0,85.0,46.0,1014.35
2022-05-15,JP,Sendai,pm25,470,5.0,65.0,34.0,952.97
2022-05-15,JP,Osaka,pm25,1450,5.0,87.0,38.0,1138.86
2022-05-15,JP,Miyazaki,pm25,141,5.0,80.0,53.0,1710.66
2022-05-15,JP,Matsuyama,pm25,165,5.0,89.0,50.0,2110.32
2022-05-15,JP,Wakayama,pm25,285,9.0,74.0,42.0,1185.57
2022-05-15,JP,Takamatsu,pm25,240,9.0,63.0,38.0,1260.22
2022-05-15,JP,Nagoya,pm25,791,1.0,72.0,34.0,1176.39
2022-05-15,JP,Ōita,pm25,259,9.0,82.0,46.0,2249.58
2022-05-15,JP,Kobe,pm25,424,9.0,82.0,42.0,1139.64
2022-05-15,JP,Nagano,pm25,69,5.0,50.0,30.0,1294.9
2022-05-15,JP,Utsunomiya,pm25,429,5.0,61.0,34.0,1298.85
2022-05-15,JP,Kagoshima,pm25,96,25.0,65.0,46.0,955.16
2022-05-15,SK,Košice,pm25,94,30.0,109.0,59.0,1587.06
2022-05-15,SK,Bratislava,pm25,95,13.0,68.0,38.0,989.75
2022-05-15,FI,Vantaa,pm25,23,2.0,28.0,8.0,368.14
2022-05-15,FI,Turku,pm25,24,5.0,14.0,8.0,44.28
2022-05-15,FI,Helsinki,pm25,113,1.0,24.0,8.0,124.65
2022-05-15,FI,Tampere,pm25,95,3.0,19.0,6.0,141.68
2022-05-15,ET,Addis Ababa,pm25,20,74.0,139.0,87.0,2659.58
2022-05-15,CH,Zürich,pm25,19,1.0,4.0,2.0,6.73
2022-05-15,CO,Bogotá,pm25,310,5.0,142.0,29.0,5346.41
2022-05-15,CO,Medellín,pm25,276,17.0,87.0,53.0,1530.51
2022-05-15,DK,Copenhagen,pm25,24,24.0,47.0,32.0,449.98
2022-05-15,GB,Edinburgh,pm25,280,29.0,69.0,48.0,1058.84
2022-05-15,GB,Norwich,pm25,21,50.0,64.0,57.0,178.62
2022-05-15,GB,Liverpool,pm25,44,46.0,57.0,50.0,61.8
2022-05-15,GB,Belfast,pm25,52,43.0,60.0,53.0,107.69
2022-05-15,GB,Coventry,pm25,66,42.0,71.0,48.0,688.27
2022-05-15,GB,Leeds,pm25,39,55.0,72.0,60.0,244.71
2022-05-15,GB,Cardiff,pm25,119,9.0,53.0,34.0,1339.82
2022-05-15,GB,Bristol,pm25,69,9.0,61.0,38.0,1330.51
2022-05-15,GB,London,pm25,530,24.0,129.0,60.0,3073.03
2022-05-15,GB,Birmingham,pm25,34,46.0,80.0,50.0,852.26
2022-05-15,GB,Sheffield,pm25,91,37.0,72.0,55.0,721.24
2022-05-15,GB,Newport,pm25,48,13.0,42.0,30.0,643.93
2022-05-15,GB,Leicester,pm25,24,42.0,67.0,50.0,533.04
2022-05-15,GB,Manchester,pm25,80,19.0,73.0,52.0,1704.99
2022-05-15,GB,Reading,pm25,48,17.0,76.0,30.0,3657.59
2022-05-15,GB,Plymouth,pm25,44,13.0,74.0,46.0,2021.52
2022-05-15,GB,Glasgow,pm25,572,25.0,79.0,48.0,836.23
2022-05-15,GB,Preston,pm25,44,36.0,110.0,51.0,1677.9
2022-05-15,GB,Swansea,pm25,118,13.0,68.0,38.0,1301.9
2022-05-15,GB,Southend-on-Sea,pm25,47,46.0,93.0,68.0,1574.96
2022-05-15,ID,Jakarta,pm25,71,34.0,167.0,117.0,14004.7
2022-05-15,NP,Kathmandu,pm25,72,109.0,177.0,139.0,3840.51
2022-05-15,NP,Pokhara,pm25,24,56.0,84.0,70.0,573.03
2022-05-15,NP,Biratnagar,pm25,48,14.0,56.0,41.0,2078.23
2022-05-15,AU,Sydney,pm25,166,1.0,68.0,28.0,1896.97
2022-05-15,AU,Newcastle,pm25,141,1.0,67.0,26.0,1538.57
2022-05-15,AU,Launceston,pm25,129,5.0,25.0,9.0,186.88
2022-05-15,AU,Hobart,pm25,39,5.0,21.0,5.0,158.27
2022-05-15,AU,Darwin,pm25,71,6.0,87.0,51.0,2537.98
2022-05-15,AU,Melbourne,pm25,147,1.0,53.0,18.0,942.9
2022-05-15,AU,Canberra,pm25,41,1.0,68.0,18.0,2244.06
2022-05-15,AU,Adelaide,pm25,70,5.0,51.0,21.0,1121.37
2022-05-15,AU,Brisbane,pm25,185,1.0,216.0,12.0,3506.75
2022-05-15,AU,Perth,pm25,63,2.0,19.0,6.0,145.96
2022-05-15,AU,Wollongong,pm25,43,1.0,79.0,19.0,3264.56
2022-05-15,CI,Abidjan,pm25,24,13.0,65.0,30.0,2135.58
2022-05-15,GH,Accra,pm25,24,5.0,70.0,34.0,4514.76
2022-05-15,IQ,Baghdad,pm25,24,80.0,253.0,144.0,13708.2
2022-05-15,IS,Reykjavík,pm25,96,1.0,45.0,17.0,883.02
2022-05-15,KG,Bishkek,pm25,17,5.0,50.0,17.0,1722.21
2022-05-15,NL,Utrecht,pm25,48,26.0,79.0,51.0,1708.51
2022-05-15,NL,Nijmegen,pm25,48,11.0,81.0,48.0,2627.66
2022-05-15,NL,Haarlem,pm25,143,10.0,95.0,52.0,1931.79
2022-05-15,NL,Eindhoven,pm25,23,31.0,86.0,62.0,2112.02
2022-05-15,NL,Rotterdam,pm25,192,24.0,70.0,56.0,1161.34
2022-05-15,NL,Amsterdam,pm25,261,23.0,70.0,51.0,837.63
2022-05-15,NL,Dordrecht,pm25,24,39.0,73.0,54.0,984.57
2022-05-15,NL,Breda,pm25,24,32.0,67.0,55.0,872.16
2022-05-15,NL,Groningen,pm25,47,7.0,64.0,31.0,2102.46
2022-05-15,NL,Maastricht,pm25,95,13.0,85.0,50.0,2758.68
2022-05-15,NL,The Hague,pm25,71,14.0,89.0,57.0,2445.67
2022-05-15,PT,Lisbon,pm25,20,15.0,51.0,22.0,1049.97
2022-05-15,PT,Funchal,pm25,53,1.0,36.0,9.0,660.19
2022-05-15,CA,Hamilton,pm25,94,9.0,74.0,34.0,2558.42
2022-05-15,CA,Calgary,pm25,92,3.0,26.0,12.0,296.37
2022-05-15,CA,Halifax,pm25,46,15.0,28.0,21.0,112.81
2022-05-15,CA,Kitchener,pm25,42,9.0,74.0,25.0,1991.54
2022-05-15,CA,Edmonton,pm25,136,2.0,78.0,18.0,2369.54
2022-05-15,CA,Mississauga,pm25,68,13.0,55.0,25.0,1155.83
2022-05-15,CA,Québec,pm25,157,7.0,44.0,29.0,345.26
2022-05-15,CA,Vancouver,pm25,22,9.0,16.0,13.0,56.56
2022-05-15,CA,Victoria,pm25,44,5.0,34.0,21.0,544.88
2022-05-15,CA,Montréal,pm25,448,9.0,64.0,41.0,1326.51
2022-05-15,CA,Toronto,pm25,131,5.0,59.0,25.0,1496.62
2022-05-15,CA,Ottawa,pm25,67,9.0,38.0,20.0,414.71
2022-05-15,CA,London,pm25,47,13.0,57.0,30.0,1585.36
2022-05-15,US,Oklahoma City,pm25,96,21.0,53.0,37.0,548.14
2022-05-15,US,Raleigh,pm25,47,9.0,46.0,28.0,606.92
2022-05-15,US,Memphis,pm25,71,13.0,67.0,47.0,1043.59
2022-05-15,US,Jackson,pm25,72,22.0,116.0,53.0,2984.07
2022-05-15,US,Boston,pm25,121,5.0,46.0,17.0,395.44
2022-05-15,US,Richmond,pm25,96,9.0,35.0,24.0,339.7
2022-05-15,US,Portland,pm25,167,4.0,34.0,12.0,278.77
2022-05-15,US,Boise,pm25,71,5.0,34.0,17.0,663.42
2022-05-15,US,Austin,pm25,45,5.0,59.0,25.0,2620.74
2022-05-15,US,Honolulu,pm25,34,5.0,38.0,13.0,491.13
2022-05-15,US,Fresno,pm25,48,5.0,66.0,30.0,2108.72
2022-05-15,US,Milwaukee,pm25,144,12.0,59.0,26.0,1362.98
2022-05-15,US,Hartford,pm25,48,5.0,38.0,16.0,631.63
2022-05-15,US,Washington D.C.,pm25,112,5.0,46.0,20.0,577.91
2022-05-15,US,Chicago,pm25,236,7.0,95.0,33.0,1900.85
2022-05-15,US,Houston,pm25,48,10.0,54.0,38.0,1036.31
2022-05-15,US,Indianapolis,pm25,98,14.0,89.0,38.0,2897.57
2022-05-15,US,Atlanta,pm25,24,35.0,52.0,40.0,186.94
2022-05-15,US,Charlotte,pm25,71,17.0,65.0,34.0,1247.9
2022-05-15,US,Sacramento,pm25,71,2.0,53.0,17.0,831.42
2022-05-15,US,Oakland,pm25,108,5.0,55.0,17.0,1102.4
2022-05-15,US,Providence,pm25,33,5.0,25.0,13.0,414.55
2022-05-15,US,Staten Island,pm25,109,1.0,59.0,26.0,2290.31
2022-05-15,US,Brooklyn,pm25,91,2.0,72.0,20.0,2527.55
2022-05-15,US,Springfield,pm25,72,19.0,82.0,37.0,2469.06
2022-05-15,US,The Bronx,pm25,25,2.0,46.0,17.0,1793.57
2022-05-15,US,San Jose,pm25,89,5.0,46.0,17.0,1197.69
2022-05-15,US,Los Angeles,pm25,23,33.0,103.0,59.0,2473.91
2022-05-15,US,Detroit,pm25,144,24.0,80.0,41.0,1536.77
2022-05-15,US,Little Rock,pm25,16,37.0,86.0,54.0,1450.29
2022-05-15,US,Baltimore,pm25,34,5.0,30.0,20.0,657.41
2022-05-15,US,Phoenix,pm25,192,2.0,73.0,28.0,2429.58
2022-05-15,US,Omaha,pm25,48,5.0,61.0,21.0,1224.66
2022-05-15,US,El Paso,pm25,162,5.0,93.0,38.0,4691.79
2022-05-15,US,Seattle,pm25,244,5.0,50.0,17.0,914.6
2022-05-15,US,Manhattan,pm25,64,1.0,51.0,16.0,1454.94
2022-05-15,US,Miami,pm25,94,15.0,34.0,23.0,159.29
2022-05-15,US,Jacksonville,pm25,144,11.0,55.0,28.0,528.62
2022-05-15,US,San Antonio,pm25,93,4.0,68.0,30.0,2292.95
2022-05-15,US,Philadelphia,pm25,87,2.0,56.0,24.0,1532.61
2022-05-15,US,San Diego,pm25,24,30.0,58.0,44.0,679.06
2022-05-15,US,Columbus,pm25,48,9.0,61.0,24.0,1093.72
2022-05-15,US,Saint Paul,pm25,76,5.0,61.0,13.0,1365.91
2022-05-15,US,Denver,pm25,127,9.0,34.0,17.0,255.85
2022-05-15,US,Salt Lake City,pm25,216,8.0,36.0,18.0,336.03
2022-05-15,US,Albuquerque,pm25,72,12.0,124.0,20.0,5034.69
2022-05-15,US,San Francisco,pm25,68,5.0,76.0,17.0,1764.15
2022-05-15,US,Salem,pm25,72,5.0,18.0,10.0,84.23
2022-05-15,US,Madison,pm25,48,12.0,39.0,16.0,329.5
2022-05-15,US,Nashville,pm25,70,5.0,62.0,45.0,2009.03
2022-05-15,US,Tucson,pm25,157,5.0,72.0,21.0,1799.57
2022-05-15,US,Queens,pm25,81,2.0,33.0,13.0,530.44
2022-05-15,US,Tallahassee,pm25,67,2.0,63.0,37.0,1130.1
2022-05-15,US,Fort Worth,pm25,23,17.0,78.0,38.0,2008.62
2022-05-15,RS,Novi Sad,pm25,48,8.0,53.0,20.0,1711.48
2022-05-15,RS,Niš,pm25,48,18.0,107.0,46.0,4391.42
2022-05-15,RS,Belgrade,pm25,105,15.0,60.0,39.0,1740.19
2022-05-15,CY,Nicosia,pm25,24,36.0,72.0,56.0,1078.53
2022-05-15,CY,Limassol,pm25,24,45.0,76.0,58.0,804.77
2022-05-15,HR,Zagreb,pm25,24,29.0,87.0,60.0,4743.19
2022-05-15,HR,Rijeka,pm25,81,14.0,45.0,25.0,414.56
2022-05-15,MK,Skopje,pm25,167,9.0,162.0,38.0,3988.12
2022-05-16,GE,Tbilisi,pm25,96,42.0,55.0,47.0,85.1
2022-05-16,HU,Győr,pm25,48,21.0,102.0,50.0,4448.49
2022-05-16,HU,Szeged,pm25,24,42.0,72.0,59.0,887.37
2022-05-16,HU,Pécs,pm25,63,25.0,76.0,46.0,1873.04
2022-05-16,HU,Kecskemét,pm25,22,34.0,42.0,42.0,72.03
2022-05-16,HU,Miskolc,pm25,112,21.0,68.0,38.0,1648.69
2022-05-16,HU,Budapest,pm25,308,17.0,82.0,38.0,1164.93
2022-05-16,JP,Fukuoka,pm25,390,5.0,149.0,42.0,2169.24
2022-05-16,JP,Kanazawa,pm25,224,5.0,70.0,30.0,1270.16
2022-05-16,JP,Kumamoto,pm25,366,5.0,124.0,42.0,3390.54
2022-05-16,JP,Akita,pm25,46,5.0,93.0,34.0,2431.85
2022-05-16,JP,Kochi,pm25,48,34.0,61.0,50.0,588.01
2022-05-16,JP,Gifu-shi,pm25,175,5.0,87.0,42.0,2995.54
2022-05-16,JP,Kyoto,pm25,581,13.0,87.0,50.0,1529.01
2022-05-16,JP,Hiroshima,pm25,326,5.0,82.0,42.0,2273.11
2022-05-16,JP,Shizuoka,pm25,249,9.0,78.0,42.0,1276.61
2022-05-16,JP,Chiba,pm25,745,5.0,82.0,25.0,1248.36
2022-05-16,JP,Sapporo,pm25,192,13.0,72.0,38.0,1158.18
2022-05-16,JP,Yokohama,pm25,542,1.0,68.0,30.0,1590.09
2022-05-16,JP,Tokyo,pm25,2553,5.0,80.0,30.0,979.18
2022-05-16,JP,Saitama,pm25,489,9.0,55.0,34.0,866.88
2022-05-16,JP,Naha,pm25,134,5.0,21.0,9.0,112.58
2022-05-16,JP,Nagasaki,pm25,132,5.0,63.0,34.0,894.69
2022-05-16,JP,Toyama,pm25,192,5.0,87.0,34.0,1729.32
2022-05-16,JP,Niigata,pm25,172,9.0,57.0,34.0,870.6
2022-05-16,JP,Nara-shi,pm25,188,25.0,76.0,53.0,967.78
2022-05-16,JP,Okayama,pm25,288,38.0,107.0,59.0,1203.61
2022-05-16,JP,Sendai,pm25,470,5.0,57.0,30.0,1000.11
2022-05-16,JP,Osaka,pm25,1455,5.0,99.0,50.0,1549.62
2022-05-16,JP,Miyazaki,pm25,135,5.0,82.0,50.0,2031.17
2022-05-16,JP,Matsuyama,pm25,163,5.0,80.0,50.0,2592.15
2022-05-16,JP,Wakayama,pm25,287,21.0,85.0,50.0,1158.97
2022-05-16,JP,Takamatsu,pm25,224,9.0,87.0,53.0,1218.13
2022-05-16,JP,Nagoya,pm25,784,9.0,137.0,46.0,1808.21
2022-05-16,JP,Ōita,pm25,257,5.0,72.0,46.0,1945.91
2022-05-16,JP,Kobe,pm25,427,13.0,104.0,53.0,1523.2
2022-05-16,JP,Nagano,pm25,71,5.0,68.0,34.0,2025.61
2022-05-16,JP,Utsunomiya,pm25,413,5.0,59.0,30.0,1412.68
2022-05-16,JP,Kagoshima,pm25,96,21.0,59.0,42.0,645.61
2022-05-16,SK,Košice,pm25,96,25.0,122.0,53.0,2730.38
2022-05-16,SK,Bratislava,pm25,89,30.0,72.0,50.0,852.67
2022-05-16,FI,Vantaa,pm25,24,1.0,31.0,10.0,634.71
2022-05-16,FI,Turku,pm25,24,7.0,18.0,10.0,104.18
2022-05-16,FI,Helsinki,pm25,120,3.0,38.0,8.0,301.42
2022-05-16,FI,Tampere,pm25,96,3.0,22.0,8.0,235.35
2022-05-16,ET,Addis Ababa,pm25,24,74.0,153.0,89.0,3197.32
2022-05-16,CH,Zürich,pm25,13,1.0,2.0,1.0,2.69
2022-05-16,CO,Bogotá,pm25,305,5.0,158.0,30.0,6560.41
2022-05-16,CO,Medellín,pm25,305,17.0,82.0,50.0,1627.18
2022-05-16,DK,Copenhagen,pm25,24,15.0,51.0,37.0,678.24
2022-05-16,GB,Edinburgh,pm25,284,9.0,61.0,34.0,1477.83
2022-05-16,GB,Norwich,pm25,18,51.0,65.0,55.0,97.94
2022-05-16,GB,Liverpool,pm25,41,38.0,63.0,50.0,470.3
2022-05-16,GB,Belfast,pm25,60,30.0,66.0,53.0,363.42
2022-05-16,GB,Coventry,pm25,68,20.0,64.0,55.0,690.26
2022-05-16,GB,Leeds,pm25,45,17.0,93.0,59.0,1460.25
2022-05-16,GB,Cardiff,pm25,117,13.0,95.0,50.0,2641.14
2022-05-16,GB,Bristol,pm25,64,25.0,78.0,53.0,1941.88
2022-05-16,GB,London,pm25,523,1.0,117.0,50.0,6028.14
2022-05-16,GB,Birmingham,pm25,42,29.0,67.0,55.0,622.05
2022-05-16,GB,Sheffield,pm25,90,17.0,78.0,55.0,879.79
2022-05-16,GB,Newport,pm25,48,16.0,61.0,38.0,1893.72
2022-05-16,GB,Leicester,pm25,23,30.0,71.0,51.0,638.85
2022-05-16,GB,Manchester,pm25,84,12.0,65.0,41.0,2925.01
2022-05-16,GB,Reading,pm25,43,5.0,80.0,25.0,6719.87
2022-05-16,GB,Plymouth,pm25,44,21.0,61.0,53.0,522.05
2022-05-16,GB,Glasgow,pm25,571,13.0,76.0,26.0,1495.63
2022-05-16,GB,Preston,pm25,42,12.0,68.0,53.0,2859.15
2022-05-16,GB,Swansea,pm25,120,21.0,82.0,53.0,1806.13
2022-05-16,GB,Southend-on-Sea,pm25,44,21.0,98.0,59.0,4441.45
2022-05-16,ID,Jakarta,pm25,71,55.0,159.0,98.0,9564.12
2022-05-16,NP,Kathmandu,pm25,72,65.0,174.0,112.0,8107.88
2022-05-16,NP,Pokhara,pm25,23,54.0,147.0,71.0,2927.71
2022-05-16,NP,Biratnagar,pm25,48,19.0,112.0,32.0,3502.54
2022-05-16,AU,Sydney,pm25,153,1.0,48.0,17.0,968.58
2022-05-16,AU,Newcastle,pm25,124,1.0,77.0,19.0,2391.06
2022-05-16,AU,Launceston,pm25,118,5.0,68.0,9.0,614.81
2022-05-16,AU,Hobart,pm25,44,5.0,46.0,5.0,459.8
2022-05-16,AU,Darwin,pm25,37,13.0,86.0,41.0,2210.65
2022-05-16,AU,Melbourne,pm25,150,1.0,52.0,18.0,1267.3
2022-05-16,AU,Canberra,pm25,57,1.0,59.0,13.0,1955.51
2022-05-16,AU,Adelaide,pm25,79,5.0,41.0,17.0,780.26
2022-05-16,AU,Brisbane,pm25,170,2.0,181.0,23.0,3145.61
2022-05-16,AU,Perth,pm25,65,2.0,16.0,8.0,128.16
2022-05-16,AU,Wollongong,pm25,34,2.0,58.0,18.0,1695.59
2022-05-16,CI,Abidjan,pm25,23,17.0,114.0,55.0,5716.92
2022-05-16,GH,Accra,pm25,24,13.0,85.0,46.0,3826.36
2022-05-16,IQ,Baghdad,pm25,5,175.0,282.0,212.0,26773.0
2022-05-16,IS,Reykjavík,pm25,96,2.0,58.0,19.0,1592.52
2022-05-16,KG,Bishkek,pm25,15,5.0,57.0,34.0,2616.0
2022-05-16,NL,Utrecht,pm25,48,28.0,65.0,53.0,890.53
2022-05-16,NL,Nijmegen,pm25,48,28.0,83.0,46.0,1552.09
2022-05-16,NL,Haarlem,pm25,132,7.0,190.0,51.0,4009.13
2022-05-16,NL,Eindhoven,pm25,24,8.0,77.0,54.0,2345.2
2022-05-16,NL,Rotterdam,pm25,192,17.0,96.0,40.0,1524.25
2022-05-16,NL,Amsterdam,pm25,257,15.0,78.0,48.0,1252.57
2022-05-16,NL,Dordrecht,pm25,24,18.0,68.0,42.0,1935.63
2022-05-16,NL,Breda,pm25,24,19.0,65.0,47.0,1507.54
2022-05-16,NL,Groningen,pm25,48,10.0,76.0,35.0,3083.12
2022-05-16,NL,Maastricht,pm25,83,9.0,65.0,42.0,1295.43
2022-05-16,NL,The Hague,pm25,72,18.0,65.0,41.0,1356.99
2022-05-16,PT,Lisbon,pm25,16,17.0,30.0,19.0,132.62
2022-05-16,PT,Funchal,pm25,39,1.0,31.0,14.0,655.64
2022-05-16,CA,Hamilton,pm25,89,9.0,57.0,21.0,1455.46
2022-05-16,CA,Calgary,pm25,90,1.0,31.0,10.0,292.11
2022-05-16,CA,Halifax,pm25,46,5.0,18.0,12.0,155.3
2022-05-16,CA,Kitchener,pm25,39,5.0,57.0,21.0,2126.82
2022-05-16,CA,Edmonton,pm25,138,3.0,44.0,19.0,616.96
2022-05-16,CA,Mississauga,pm25,62,9.0,151.0,17.0,3953.64
2022-05-16,CA,Québec,pm25,180,7.0,55.0,35.0,1927.89
2022-05-16,CA,Vancouver,pm25,23,8.0,18.0,10.0,57.67
2022-05-16,CA,Victoria,pm25,37,5.0,30.0,13.0,518.6
2022-05-16,CA,Montréal,pm25,456,3.0,122.0,51.0,3318.28
2022-05-16,CA,Toronto,pm25,133,5.0,53.0,25.0,1104.66
2022-05-16,CA,Ottawa,pm25,64,5.0,70.0,33.0,1362.69
2022-05-16,CA,London,pm25,42,5.0,61.0,21.0,1902.89
2022-05-16,US,Oklahoma City,pm25,96,15.0,35.0,23.0,231.39
2022-05-16,US,Raleigh,pm25,48,9.0,59.0,32.0,1207.87
2022-05-16,US,Memphis,pm25,72,10.0,45.0,23.0,539.56
2022-05-16,US,Jackson,pm25,49,21.0,116.0,29.0,1958.03
2022-05-16,US,Boston,pm25,127,5.0,59.0,25.0,968.8
2022-05-16,US,Richmond,pm25,96,15.0,47.0,33.0,913.92
2022-05-16,US,Portland,pm25,163,3.0,30.0,8.0,296.45
2022-05-16,US,Boise,pm25,87,5.0,30.0,17.0,306.84
2022-05-16,US,Austin,pm25,47,5.0,63.0,34.0,2633.77
2022-05-16,US,Honolulu,pm25,43,5.0,50.0,17.0,1115.71
2022-05-16,US,Fresno,pm25,45,1.0,42.0,13.0,980.91
2022-05-16,US,Milwaukee,pm25,144,8.0,37.0,22.0,301.74
2022-05-16,US,Hartford,pm25,48,23.0,55.0,33.0,515.85
2022-05-16,US,Washington D.C.,pm25,116,5.0,50.0,24.0,685.26
2022-05-16,US,Chicago,pm25,238,9.0,56.0,24.0,830.24
2022-05-16,US,Houston,pm25,48,5.0,115.0,50.0,4558.4
2022-05-16,US,Indianapolis,pm25,95,18.0,84.0,30.0,1631.89
2022-05-16,US,Atlanta,pm25,24,33.0,52.0,49.0,420.58
2022-05-16,US,Charlotte,pm25,72,9.0,61.0,38.0,1436.87
2022-05-16,US,Sacramento,pm25,63,4.0,46.0,15.0,520.28
2022-05-16,US,Oakland,pm25,110,5.0,55.0,17.0,1191.03
2022-05-16,US,Providence,pm25,39,5.0,59.0,21.0,1751.55
2022-05-16,US,Staten Island,pm25,119,3.0,68.0,34.0,3511.01
2022-05-16,US,Brooklyn,pm25,97,4.0,67.0,34.0,2002.22
2022-05-16,US,Springfield,pm25,62,5.0,58.0,20.0,1189.81
2022-05-16,US,The Bronx,pm25,27,7.0,60.0,30.0,1894.1
2022-05-16,US,San Jose,pm25,86,5.0,57.0,13.0,661.55
2022-05-16,US,Los Angeles,pm25,24,45.0,81.0,58.0,983.48
2022-05-16,US,Detroit,pm25,149,20.0,63.0,28.0,861.78
2022-05-16,US,Little Rock,pm25,15,44.0,76.0,48.0,695.52
2022-05-16,US,Baltimore,pm25,47,5.0,32.0,21.0,558.35
2022-05-16,US,Phoenix,pm25,190,4.0,69.0,25.0,1782.49
2022-05-16,US,Omaha,pm25,48,5.0,63.0,21.0,1518.56
2022-05-16,US,El Paso,pm25,165,5.0,93.0,42.0,4230.61
2022-05-16,US,Seattle,pm25,223,2.0,59.0,13.0,977.32
2022-05-16,US,Manhattan,pm25,70,2.0,80.0,25.0,2732.84
2022-05-16,US,Miami,pm25,94,16.0,56.0,25.0,691.63
2022-05-16,US,Jacksonville,pm25,144,21.0,68.0,36.0,653.63
2022-05-16,US,San Antonio,pm25,94,9.0,67.0,42.0,1811.74
2022-05-16,US,Philadelphia,pm25,84,3.0,111.0,33.0,2782.97
2022-05-16,US,San Diego,pm25,23,41.0,68.0,54.0,468.1
2022-05-16,US,Columbus,pm25,48,7.0,58.0,19.0,665.53
2022-05-16,US,Saint Paul,pm25,76,5.0,30.0,13.0,469.09
2022-05-16,US,Denver,pm25,148,13.0,59.0,25.0,925.24
2022-05-16,US,Salt Lake City,pm25,216,7.0,52.0,22.0,719.02
2022-05-16,US,Albuquerque,pm25,72,22.0,139.0,52.0,4963.82
2022-05-16,US,San Francisco,pm25,65,5.0,53.0,21.0,1390.98
2022-05-16,US,Salem,pm25,68,5.0,17.0,7.0,71.79
2022-05-16,US,Madison,pm25,47,13.0,27.0,20.0,69.34
2022-05-16,US,Nashville,pm25,72,5.0,62.0,38.0,2115.76
2022-05-16,US,Tucson,pm25,143,5.0,95.0,21.0,1946.08
2022-05-16,US,Queens,pm25,91,5.0,54.0,29.0,1326.41
2022-05-16,US,Tallahassee,pm25,70,6.0,86.0,44.0,2422.62
2022-05-16,US,Fort Worth,pm25,24,13.0,46.0,30.0,804.77
2022-05-16,RS,Novi Sad,pm25,48,11.0,60.0,23.0,2100.0
2022-05-16,RS,Niš,pm25,48,17.0,85.0,43.0,2029.64
2022-05-16,RS,Belgrade,pm25,111,20.0,153.0,50.0,3365.49
2022-05-16,CY,Nicosia,pm25,24,31.0,73.0,54.0,1132.39
2022-05-16,CY,Limassol,pm25,24,51.0,76.0,62.0,658.84
2022-05-16,HR,Zagreb,pm25,24,35.0,81.0,55.0,2172.88
2022-05-16,HR,Rijeka,pm25,77,27.0,55.0,35.0,433.15
2022-05-16,MK,Skopje,pm25,145,8.0,109.0,47.0,3410.28
2022-05-17,GE,Tbilisi,pm25,96,36.0,54.0,45.0,334.26
2022-05-17,HU,Győr,pm25,48,42.0,89.0,57.0,1857.85
2022-05-17,HU,Szeged,pm25,24,17.0,72.0,59.0,2555.58
2022-05-17,HU,Pécs,pm25,72,25.0,55.0,34.0,896.6
2022-05-17,HU,Miskolc,pm25,119,21.0,70.0,46.0,1127.86
2022-05-17,HU,Budapest,pm25,348,34.0,78.0,57.0,798.77
2022-05-17,JP,Fukuoka,pm25,402,5.0,154.0,53.0,2789.16
2022-05-17,JP,Kanazawa,pm25,224,5.0,65.0,38.0,1507.95
2022-05-17,JP,Kumamoto,pm25,362,5.0,151.0,53.0,4510.91
2022-05-17,JP,Akita,pm25,43,9.0,65.0,38.0,1552.56
2022-05-17,JP,Kochi,pm25,48,42.0,74.0,57.0,712.91
2022-05-17,JP,Gifu-shi,pm25,188,9.0,97.0,59.0,2887.22
2022-05-17,JP,Kyoto,pm25,576,13.0,91.0,59.0,862.9
2022-05-17,JP,Hiroshima,pm25,327,5.0,89.0,50.0,2355.57
2022-05-17,JP,Shizuoka,pm25,255,5.0,78.0,46.0,1201.72
2022-05-17,JP,Chiba,pm25,742,5.0,76.0,25.0,1893.48
2022-05-17,JP,Sapporo,pm25,190,5.0,61.0,30.0,1530.97
2022-05-17,JP,Yokohama,pm25,538,1.0,78.0,38.0,2610.47
2022-05-17,JP,Tokyo,pm25,2559,5.0,97.0,34.0,3071.55
2022-05-17,JP,Saitama,pm25,502,9.0,72.0,38.0,1626.75
2022-05-17,JP,Naha,pm25,108,5.0,17.0,9.0,108.44
2022-05-17,JP,Nagasaki,pm25,188,9.0,76.0,50.0,1437.5
2022-05-17,JP,Toyama,pm25,191,9.0,76.0,42.0,1569.07
2022-05-17,JP,Niigata,pm25,209,13.0,65.0,34.0,932.9
2022-05-17,JP,Nara-shi,pm25,184,46.0,99.0,65.0,440.85
2022-05-17,JP,Okayama,pm25,286,34.0,97.0,61.0,1097.58
2022-05-17,JP,Sendai,pm25,467,5.0,57.0,34.0,1102.04
2022-05-17,JP,Osaka,pm25,1474,5.0,117.0,59.0,1702.28
2022-05-17,JP,Miyazaki,pm25,143,9.0,76.0,55.0,1643.43
2022-05-17,JP,Matsuyama,pm25,155,5.0,107.0,46.0,2350.82
2022-05-17,JP,Wakayama,pm25,282,21.0,91.0,57.0,1287.76
2022-05-17,JP,Takamatsu,pm25,213,21.0,78.0,53.0,1019.48
2022-05-17,JP,Nagoya,pm25,784,38.0,154.0,65.0,2592.37
2022-05-17,JP,Ōita,pm25,256,5.0,78.0,50.0,1788.17
2022-05-17,JP,Kobe,pm25,425,5.0,117.0,59.0,1900.47
2022-05-17,JP,Nagano,pm25,72,9.0,63.0,42.0,1841.5
2022-05-17,JP,Utsunomiya,pm25,405,5.0,70.0,25.0,2420.98
2022-05-17,JP,Kagoshima,pm25,93,34.0,72.0,55.0,811.95
2022-05-17,SK,Košice,pm25,96,25.0,95.0,50.0,2104.47
2022-05-17,SK,Bratislava,pm25,95,13.0,72.0,38.0,2058.22
2022-05-17,FI,Vantaa,pm25,22,6.0,22.0,13.0,171.34
2022-05-17,FI,Turku,pm25,24,6.0,18.0,13.0,97.81
2022-05-17,FI,Helsinki,pm25,105,3.0,31.0,8.0,370.91
2022-05-17,FI,Tampere,pm25,91,3.0,53.0,9.0,577.09
2022-05-17,ET,Addis Ababa,pm25,34,78.0,147.0,109.0,2374.66
2022-05-17,CH,Zürich,pm25,14,1.0,2.0,1.0,2.69
2022-05-17,CO,Bogotá,pm25,286,5.0,157.0,38.0,5835.93
2022-05-17,CO,Medellín,pm25,261,34.0,87.0,59.0,1534.52
2022-05-17,DK,Copenhagen,pm25,24,17.0,43.0,25.0,489.4
2022-05-17,GB,Edinburgh,pm25,282,3.0,65.0,28.0,1858.88
2022-05-17,GB,Norwich,pm25,11,25.0,59.0,28.0,1382.73
2022-05-17,GB,Liverpool,pm25,41,4.0,46.0,34.0,588.78
2022-05-17,GB,Belfast,pm25,86,10.0,55.0,42.0,730.87
2022-05-17,GB,Coventry,pm25,48,12.0,43.0,31.0,442.13
2022-05-17,GB,Leeds,pm25,40,9.0,95.0,46.0,2287.38
2022-05-17,GB,Cardiff,pm25,118,5.0,89.0,38.0,1996.06
2022-05-17,GB,Bristol,pm25,45,17.0,63.0,42.0,1386.8
2022-05-17,GB,London,pm25,483,2.0,61.0,33.0,1574.48
2022-05-17,GB,Birmingham,pm25,39,13.0,42.0,31.0,413.94
2022-05-17,GB,Sheffield,pm25,69,11.0,50.0,34.0,589.8
2022-05-17,GB,Newport,pm25,48,8.0,51.0,26.0,1537.0
2022-05-17,GB,Leicester,pm25,17,15.0,39.0,34.0,401.84
2022-05-17,GB,Manchester,pm25,76,7.0,50.0,30.0,886.51
2022-05-17,GB,Reading,pm25,23,5.0,21.0,9.0,196.05
2022-05-17,GB,Plymouth,pm25,39,13.0,55.0,34.0,1558.39
2022-05-17,GB,Glasgow,pm25,567,4.0,56.0,31.0,1072.72
2022-05-17,GB,Preston,pm25,39,5.0,48.0,34.0,909.33
2022-05-17,GB,Swansea,pm25,81,5.0,63.0,42.0,2781.19
2022-05-17,GB,Southend-on-Sea,pm25,45,18.0,42.0,30.0,352.95
2022-05-17,ID,Jakarta,pm25,70,50.0,161.0,88.0,7527.8
2022-05-17,NP,Kathmandu,pm25,72,68.0,157.0,109.0,7153.94
2022-05-17,NP,Pokhara,pm25,24,51.0,85.0,64.0,698.68
2022-05-17,NP,Biratnagar,pm25,46,9.0,52.0,38.0,2115.94
2022-05-17,AU,Sydney,pm25,155,2.0,63.0,18.0,1015.19
2022-05-17,AU,Newcastle,pm25,123,1.0,94.0,24.0,3478.19
2022-05-17,AU,Launceston,pm25,134,5.0,59.0,9.0,976.17
2022-05-17,AU,Hobart,pm25,48,5.0,21.0,5.0,154.82
2022-05-17,AU,Darwin,pm25,55,6.0,152.0,44.0,5180.63
2022-05-17,AU,Melbourne,pm25,154,1.0,48.0,16.0,1001.99
2022-05-17,AU,Canberra,pm25,61,1.0,54.0,14.0,1296.16
2022-05-17,AU,Adelaide,pm25,84,2.0,50.0,17.0,998.22
2022-05-17,AU,Brisbane,pm25,165,2.0,76.0,27.0,1099.68
2022-05-17,AU,Perth,pm25,63,2.0,243.0,7.0,13767.0
2022-05-17,AU,Wollongong,pm25,38,2.0,56.0,17.0,1754.32
2022-05-17,CI,Abidjan,pm25,23,30.0,109.0,57.0,3616.21
2022-05-17,GH,Accra,pm25,24,34.0,104.0,63.0,3145.43
2022-05-17,IQ,Baghdad,pm25,14,134.0,445.0,155.0,63011.7
2022-05-17,IS,Reykjavík,pm25,96,3.0,32.0,15.0,486.1
2022-05-17,KG,Bishkek,pm25,23,5.0,38.0,17.0,1389.29
2022-05-17,NL,Utrecht,pm25,48,16.0,61.0,34.0,1273.17
2022-05-17,NL,Nijmegen,pm25,48,14.0,71.0,39.0,1522.48
2022-05-17,NL,Haarlem,pm25,120,2.0,76.0,36.0,1792.11
2022-05-17,NL,Eindhoven,pm25,24,15.0,75.0,42.0,2634.76
2022-05-17,NL,Rotterdam,pm25,190,16.0,70.0,29.0,1615.01
2022-05-17,NL,Amsterdam,pm25,260,10.0,65.0,35.0,1427.4
2022-05-17,NL,Dordrecht,pm25,24,22.0,64.0,34.0,1021.67
2022-05-17,NL,Breda,pm25,24,27.0,65.0,49.0,1357.97
2022-05-17,NL,Groningen,pm25,48,3.0,62.0,28.0,1642.83
2022-05-17,NL,Maastricht,pm25,72,9.0,61.0,30.0,1263.19
2022-05-17,NL,The Hague,pm25,68,5.0,59.0,27.0,1799.06
2022-05-17,PT,Lisbon,pm25,30,16.0,33.0,17.0,275.97
2022-05-17,PT,Funchal,pm25,54,1.0,35.0,11.0,626.02
2022-05-17,CA,Hamilton,pm25,64,5.0,30.0,9.0,387.5
2022-05-17,CA,Calgary,pm25,89,1.0,52.0,13.0,890.09
2022-05-17,CA,Halifax,pm25,46,2.0,38.0,15.0,1057.8
2022-05-17,CA,Kitchener,pm25,28,5.0,21.0,9.0,300.32
2022-05-17,CA,Edmonton,pm25,132,2.0,57.0,13.0,1135.62
2022-05-17,CA,Mississauga,pm25,39,5.0,59.0,13.0,1952.36
2022-05-17,CA,Québec,pm25,164,5.0,31.0,14.0,379.0
2022-05-17,CA,Vancouver,pm25,23,12.0,28.0,18.0,294.03
2022-05-17,CA,Victoria,pm25,45,5.0,50.0,21.0,897.04
2022-05-17,CA,Montréal,pm25,330,3.0,27.0,12.0,299.59
2022-05-17,CA,Toronto,pm25,110,5.0,42.0,13.0,611.13
2022-05-17,CA,Ottawa,pm25,46,5.0,22.0,16.0,201.62
2022-05-17,CA,London,pm25,27,5.0,34.0,9.0,702.59
2022-05-17,US,Oklahoma City,pm25,89,24.0,58.0,43.0,907.53
2022-05-17,US,Raleigh,pm25,55,5.0,59.0,28.0,1137.93
2022-05-17,US,Memphis,pm25,71,20.0,56.0,29.0,732.76
2022-05-17,US,Jackson,pm25,60,29.0,65.0,47.0,1058.34
2022-05-17,US,Boston,pm25,120,5.0,63.0,17.0,726.77
2022-05-17,US,Richmond,pm25,94,17.0,35.0,24.0,173.78
2022-05-17,US,Portland,pm25,166,9.0,44.0,17.0,403.77
2022-05-17,US,Boise,pm25,81,5.0,25.0,17.0,432.05
2022-05-17,US,Austin,pm25,45,5.0,63.0,25.0,1942.45
2022-05-17,US,Honolulu,pm25,44,5.0,34.0,17.0,528.88
2022-05-17,US,Fresno,pm25,46,5.0,44.0,25.0,792.26
2022-05-17,US,Milwaukee,pm25,144,5.0,37.0,12.0,354.14
2022-05-17,US,Hartford,pm25,48,9.0,25.0,17.0,238.29
2022-05-17,US,Washington D.C.,pm25,114,5.0,46.0,24.0,627.95
2022-05-17,US,Chicago,pm25,230,3.0,68.0,16.0,1592.83
2022-05-17,US,Houston,pm25,48,2.0,59.0,38.0,1920.83
2022-05-17,US,Indianapolis,pm25,96,11.0,148.0,31.0,3793.2
2022-05-17,US,Atlanta,pm25,24,29.0,53.0,33.0,516.74
2022-05-17,US,Charlotte,pm25,71,5.0,59.0,30.0,1036.45
2022-05-17,US,Sacramento,pm25,72,5.0,50.0,30.0,1213.61
2022-05-17,US,Oakland,pm25,117,9.0,65.0,42.0,1705.97
2022-05-17,US,Providence,pm25,42,5.0,53.0,13.0,1240.46
2022-05-17,US,Staten Island,pm25,115,1.0,58.0,22.0,2210.45
2022-05-17,US,Brooklyn,pm25,108,2.0,47.0,14.0,550.83
2022-05-17,US,Springfield,pm25,67,5.0,57.0,25.0,1356.23
2022-05-17,US,The Bronx,pm25,41,3.0,22.0,13.0,219.19
2022-05-17,US,San Jose,pm25,94,5.0,61.0,38.0,1945.3
2022-05-17,US,Los Angeles,pm25,24,38.0,68.0,55.0,562.61
2022-05-17,US,Detroit,pm25,143,7.0,68.0,18.0,1518.23
2022-05-17,US,Little Rock,pm25,24,13.0,60.0,45.0,1238.97
2022-05-17,US,Baltimore,pm25,46,5.0,33.0,17.0,928.76
2022-05-17,US,Phoenix,pm25,172,2.0,164.0,25.0,4086.02
2022-05-17,US,Omaha,pm25,43,5.0,68.0,25.0,1725.15
2022-05-17,US,El Paso,pm25,145,5.0,80.0,22.0,2610.02
2022-05-17,US,Seattle,pm25,262,5.0,50.0,21.0,870.34
2022-05-17,US,Manhattan,pm25,70,1.0,39.0,14.0,667.91
2022-05-17,US,Miami,pm25,94,13.0,51.0,25.0,397.22
2022-05-17,US,Jacksonville,pm25,143,35.0,66.0,51.0,579.7
2022-05-17,US,San Antonio,pm25,84,8.0,66.0,33.0,2339.09
2022-05-17,US,Philadelphia,pm25,87,6.0,122.0,26.0,7600.68
2022-05-17,US,San Diego,pm25,24,36.0,68.0,54.0,636.07
2022-05-17,US,Columbus,pm25,47,3.0,53.0,22.0,1347.92
2022-05-17,US,Saint Paul,pm25,105,5.0,42.0,17.0,800.93
2022-05-17,US,Denver,pm25,152,13.0,70.0,25.0,1122.12
2022-05-17,US,Salt Lake City,pm25,216,7.0,66.0,18.0,469.64
2022-05-17,US,Albuquerque,pm25,66,13.0,66.0,20.0,1404.91
2022-05-17,US,San Francisco,pm25,71,21.0,63.0,42.0,1369.9
2022-05-17,US,Salem,pm25,72,10.0,25.0,15.0,109.83
2022-05-17,US,Madison,pm25,48,9.0,53.0,13.0,671.48
2022-05-17,US,Nashville,pm25,68,9.0,79.0,33.0,2311.47
2022-05-17,US,Tucson,pm25,146,5.0,137.0,25.0,4848.52
2022-05-17,US,Queens,pm25,70,3.0,26.0,14.0,375.74
2022-05-17,US,Tallahassee,pm25,72,9.0,80.0,44.0,2199.11
2022-05-17,US,Fort Worth,pm25,24,21.0,57.0,42.0,1027.66
2022-05-17,RS,Novi Sad,pm25,48,16.0,68.0,38.0,2705.51
2022-05-17,RS,Niš,pm25,48,19.0,86.0,44.0,1389.25
2022-05-17,RS,Belgrade,pm25,120,25.0,89.0,56.0,1754.14
2022-05-17,CY,Nicosia,pm25,24,55.0,81.0,64.0,521.58
2022-05-17,CY,Limassol,pm25,22,50.0,141.0,60.0,4596.8
2022-05-17,HR,Zagreb,pm25,24,26.0,66.0,52.0,1963.19
2022-05-17,HR,Rijeka,pm25,82,20.0,75.0,43.0,1283.73
2022-05-17,MK,Skopje,pm25,155,21.0,97.0,50.0,2542.97
2022-05-18,GE,Tbilisi,pm25,96,37.0,58.0,48.0,326.66
2022-05-18,HU,Győr,pm25,48,13.0,68.0,46.0,2531.91
2022-05-18,HU,Szeged,pm25,22,34.0,59.0,46.0,695.41
2022-05-18,HU,Pécs,pm25,66,17.0,50.0,25.0,935.35
2022-05-18,HU,Miskolc,pm25,100,9.0,53.0,17.0,1117.01
2022-05-18,HU,Budapest,pm25,314,5.0,418.0,25.0,15759.9
2022-05-18,JP,Fukuoka,pm25,396,13.0,161.0,61.0,4000.73
2022-05-18,JP,Kanazawa,pm25,217,5.0,76.0,46.0,1930.74
2022-05-18,JP,Kumamoto,pm25,362,5.0,160.0,61.0,5379.58
2022-05-18,JP,Akita,pm25,47,5.0,65.0,46.0,2106.94
2022-05-18,JP,Kochi,pm25,48,34.0,80.0,53.0,1071.63
2022-05-18,JP,Gifu-shi,pm25,181,5.0,97.0,61.0,2544.46
2022-05-18,JP,Kyoto,pm25,576,13.0,144.0,61.0,1618.85
2022-05-18,JP,Hiroshima,pm25,329,9.0,109.0,53.0,2496.37
2022-05-18,JP,Shizuoka,pm25,253,5.0,80.0,50.0,1551.0
2022-05-18,JP,Chiba,pm25,739,5.0,137.0,53.0,3061.82
2022-05-18,JP,Sapporo,pm25,194,5.0,65.0,38.0,1403.06
2022-05-18,JP,Yokohama,pm25,537,1.0,127.0,42.0,3747.64
2022-05-18,JP,Tokyo,pm25,2544,5.0,293.0,57.0,2862.88
2022-05-18,JP,Saitama,pm25,472,5.0,112.0,53.0,1689.77
2022-05-18,JP,Naha,pm25,144,9.0,70.0,38.0,3977.99
2022-05-18,JP,Nagasaki,pm25,191,9.0,80.0,57.0,1233.12
2022-05-18,JP,Toyama,pm25,186,9.0,80.0,50.0,1676.75
2022-05-18,JP,Niigata,pm25,211,17.0,68.0,50.0,972.42
2022-05-18,JP,Nara-shi,pm25,189,34.0,91.0,63.0,900.02
2022-05-18,JP,Okayama,pm25,286,42.0,152.0,65.0,2363.07
2022-05-18,JP,Sendai,pm25,460,5.0,82.0,38.0,1578.2
2022-05-18,JP,Osaka,pm25,1470,5.0,119.0,63.0,1575.08
2022-05-18,JP,Miyazaki,pm25,140,5.0,74.0,50.0,1717.91
2022-05-18,JP,Matsuyama,pm25,165,9.0,95.0,53.0,2425.46
2022-05-18,JP,Wakayama,pm25,284,25.0,99.0,59.0,1358.98
2022-05-18,JP,Takamatsu,pm25,233,21.0,93.0,53.0,1624.06
2022-05-18,JP,Nagoya,pm25,788,34.0,151.0,68.0,1746.56
2022-05-18,JP,Ōita,pm25,261,5.0,151.0,53.0,2943.72
2022-05-18,JP,Kobe,pm25,427,17.0,142.0,65.0,2115.67
2022-05-18,JP,Nagano,pm25,71,13.0,65.0,46.0,927.1
2022-05-18,JP,Utsunomiya,pm25,426,5.0,87.0,53.0,1517.0
2022-05-18,JP,Kagoshima,pm25,96,42.0,85.0,57.0,603.89
2022-05-18,SK,Košice,pm25,96,13.0,154.0,42.0,9187.26
2022-05-18,SK,Bratislava,pm25,83,9.0,65.0,34.0,1968.57
2022-05-18,FI,Vantaa,pm25,22,2.0,38.0,13.0,957.51
2022-05-18,FI,Turku,pm25,24,3.0,23.0,14.0,279.06
2022-05-18,FI,Helsinki,pm25,108,5.0,52.0,18.0,786.03
2022-05-18,FI,Tampere,pm25,96,7.0,63.0,17.0,539.95
2022-05-18,ET,Addis Ababa,pm25,24,80.0,163.0,117.0,4937.81
2022-05-18,CH,Zürich,pm25,19,1.0,3.0,2.0,5.09
2022-05-18,CO,Bogotá,pm25,279,5.0,160.0,61.0,10925.5
2022-05-18,CO,Medellín,pm25,270,21.0,87.0,59.0,1771.41
2022-05-18,DK,Copenhagen,pm25,24,20.0,42.0,28.0,432.16
2022-05-18,GB,Edinburgh,pm25,287,6.0,53.0,21.0,752.12
2022-05-18,GB,Norwich,pm25,11,24.0,72.0,38.0,3002.73
2022-05-18,GB,Liverpool,pm25,43,5.0,38.0,22.0,435.68
2022-05-18,GB,Belfast,pm25,84,17.0,45.0,25.0,359.84
2022-05-18,GB,Coventry,pm25,66,7.0,29.0,21.0,214.79
2022-05-18,GB,Leeds,pm25,43,9.0,42.0,30.0,585.2
2022-05-18,GB,Cardiff,pm25,120,5.0,70.0,34.0,1193.78
2022-05-18,GB,Bristol,pm25,56,5.0,55.0,38.0,2139.06
2022-05-18,GB,London,pm25,489,4.0,81.0,25.0,1621.13
2022-05-18,GB,Birmingham,pm25,46,8.0,37.0,25.0,337.88
2022-05-18,GB,Sheffield,pm25,84,5.0,46.0,24.0,368.68
2022-05-18,GB,Newport,pm25,47,9.0,34.0,21.0,603.68
2022-05-18,GB,Leicester,pm25,24,9.0,32.0,23.0,197.81
2022-05-18,GB,Manchester,pm25,81,7.0,48.0,25.0,1015.63
2022-05-18,GB,Reading,pm25,10,5.0,9.0,5.0,42.67
2022-05-18,GB,Plymouth,pm25,36,9.0,55.0,25.0,1695.97
2022-05-18,GB,Glasgow,pm25,571,4.0,38.0,22.0,371.99
2022-05-18,GB,Preston,pm25,44,8.0,36.0,25.0,462.37
2022-05-18,GB,Swansea,pm25,120,5.0,74.0,30.0,1844.48
2022-05-18,GB,Southend-on-Sea,pm25,38,11.0,30.0,21.0,260.43
2022-05-18,ID,Jakarta,pm25,71,55.0,154.0,97.0,6162.03
2022-05-18,NP,Kathmandu,pm25,72,55.0,158.0,109.0,4723.82
2022-05-18,NP,Pokhara,pm25,24,56.0,106.0,65.0,1149.98
2022-05-18,NP,Biratnagar,pm25,48,3.0,55.0,33.0,2766.22
2022-05-18,AU,Sydney,pm25,161,1.0,47.0,18.0,1044.22
2022-05-18,AU,Newcastle,pm25,129,1.0,59.0,20.0,1294.6
2022-05-18,AU,Launceston,pm25,122,5.0,80.0,9.0,2455.22
2022-05-18,AU,Hobart,pm25,43,5.0,17.0,5.0,66.45
2022-05-18,AU,Darwin,pm25,63,4.0,88.0,35.0,3585.8
2022-05-18,AU,Melbourne,pm25,156,1.0,71.0,17.0,1344.46
2022-05-18,AU,Canberra,pm25,60,1.0,73.0,16.0,1976.6
2022-05-18,AU,Adelaide,pm25,88,1.0,61.0,21.0,1799.14
2022-05-18,AU,Brisbane,pm25,168,2.0,45.0,31.0,832.02
2022-05-18,AU,Perth,pm25,56,2.0,9.0,4.0,44.4
2022-05-18,AU,Wollongong,pm25,36,1.0,66.0,15.0,1184.66
2022-05-18,CI,Abidjan,pm25,24,9.0,102.0,55.0,4106.94
2022-05-18,GH,Accra,pm25,24,53.0,157.0,78.0,7077.1
2022-05-18,IQ,Baghdad,pm25,24,114.0,207.0,164.0,3992.97
2022-05-18,IS,Reykjavík,pm25,96,6.0,55.0,21.0,632.53
2022-05-18,KG,Bishkek,pm25,15,9.0,42.0,21.0,1226.86
2022-05-18,NL,Utrecht,pm25,48,26.0,105.0,52.0,3973.17
2022-05-18,NL,Nijmegen,pm25,48,35.0,91.0,51.0,935.73
2022-05-18,NL,Haarlem,pm25,132,12.0,126.0,56.0,5374.23
2022-05-18,NL,Eindhoven,pm25,23,20.0,69.0,53.0,2204.47
2022-05-18,NL,Rotterdam,pm25,192,9.0,89.0,43.0,4398.14
2022-05-18,NL,Amsterdam,pm25,256,4.0,105.0,52.0,4058.55
2022-05-18,NL,Dordrecht,pm25,24,13.0,89.0,38.0,5896.79
2022-05-18,NL,Breda,pm25,24,24.0,106.0,47.0,6938.84
2022-05-18,NL,Groningen,pm25,48,19.0,78.0,47.0,2152.06
2022-05-18,NL,Maastricht,pm25,76,5.0,65.0,42.0,1487.84
2022-05-18,NL,The Hague,pm25,71,2.0,79.0,46.0,4949.31
2022-05-18,PT,Lisbon,pm25,23,15.0,23.0,17.0,32.69
2022-05-18,PT,Funchal,pm25,60,1.0,29.0,12.0,785.52
2022-05-18,CA,Hamilton,pm25,87,5.0,74.0,21.0,2531.37
2022-05-18,CA,Calgary,pm25,92,3.0,38.0,11.0,717.41
2022-05-18,CA,Halifax,pm25,46,7.0,40.0,14.0,1351.14
2022-05-18,CA,Kitchener,pm25,40,9.0,50.0,25.0,1317.41
2022-05-18,CA,Edmonton,pm25,137,2.0,77.0,19.0,1737.27
2022-05-18,CA,Mississauga,pm25,63,9.0,76.0,21.0,3567.81
2022-05-18,CA,Québec,pm25,147,7.0,31.0,16.0,319.38
2022-05-18,CA,Vancouver,pm25,23,5.0,16.0,11.0,103.0
2022-05-18,CA,Victoria,pm25,45,5.0,42.0,21.0,612.65
2022-05-18,CA,Montréal,pm25,308,3.0,71.0,16.0,1113.93
2022-05-18,CA,Toronto,pm25,132,5.0,53.0,21.0,893.79
2022-05-18,CA,Ottawa,pm25,41,5.0,22.0,18.0,303.22
2022-05-18,CA,London,pm25,43,5.0,46.0,21.0,1109.62
2022-05-18,US,Oklahoma City,pm25,96,30.0,56.0,43.0,512.0
2022-05-18,US,Raleigh,pm25,71,21.0,59.0,42.0,669.12
2022-05-18,US,Memphis,pm25,72,11.0,66.0,45.0,802.24
2022-05-18,US,Jackson,pm25,72,25.0,65.0,50.0,950.92
2022-05-18,US,Boston,pm25,109,5.0,97.0,21.0,2789.59
2022-05-18,US,Richmond,pm25,96,11.0,48.0,22.0,968.4
2022-05-18,US,Portland,pm25,165,9.0,38.0,16.0,321.65
2022-05-18,US,Boise,pm25,90,5.0,38.0,21.0,634.71
2022-05-18,US,Austin,pm25,47,5.0,57.0,30.0,2024.01
2022-05-18,US,Honolulu,pm25,46,5.0,38.0,17.0,715.58
2022-05-18,US,Fresno,pm25,48,15.0,59.0,38.0,1190.62
2022-05-18,US,Milwaukee,pm25,144,10.0,70.0,23.0,2091.47
2022-05-18,US,Hartford,pm25,48,8.0,40.0,18.0,477.38
2022-05-18,US,Washington D.C.,pm25,113,5.0,46.0,18.0,737.01
2022-05-18,US,Chicago,pm25,237,5.0,82.0,33.0,3612.43
2022-05-18,US,Houston,pm25,48,19.0,69.0,46.0,1927.8
2022-05-18,US,Indianapolis,pm25,96,15.0,82.0,39.0,1968.94
2022-05-18,US,Atlanta,pm25,24,41.0,53.0,48.0,205.92
2022-05-18,US,Charlotte,pm25,72,25.0,74.0,43.0,790.48
2022-05-18,US,Sacramento,pm25,70,5.0,55.0,32.0,2302.87
2022-05-18,US,Oakland,pm25,119,9.0,68.0,50.0,1740.56
2022-05-18,US,Providence,pm25,38,5.0,30.0,9.0,378.64
2022-05-18,US,Staten Island,pm25,108,1.0,45.0,15.0,924.32
2022-05-18,US,Brooklyn,pm25,106,1.0,353.0,9.0,13136.3
2022-05-18,US,Springfield,pm25,71,8.0,54.0,30.0,868.18
2022-05-18,US,The Bronx,pm25,41,1.0,43.0,6.0,1749.61
2022-05-18,US,San Jose,pm25,96,13.0,70.0,46.0,1769.36
2022-05-18,US,Los Angeles,pm25,24,50.0,68.0,60.0,199.98
2022-05-18,US,Detroit,pm25,143,8.0,70.0,32.0,2139.89
2022-05-18,US,Little Rock,pm25,24,32.0,66.0,52.0,733.04
2022-05-18,US,Baltimore,pm25,41,5.0,38.0,15.0,437.62
2022-05-18,US,Phoenix,pm25,179,1.0,203.0,25.0,9833.89
2022-05-18,US,Omaha,pm25,44,5.0,57.0,25.0,1303.85
2022-05-18,US,El Paso,pm25,147,5.0,109.0,28.0,4156.64
2022-05-18,US,Seattle,pm25,251,5.0,42.0,21.0,541.37
2022-05-18,US,Manhattan,pm25,64,2.0,42.0,10.0,806.25
2022-05-18,US,Miami,pm25,94,13.0,51.0,25.0,745.36
2022-05-18,US,Jacksonville,pm25,140,24.0,113.0,52.0,1089.8
2022-05-18,US,San Antonio,pm25,91,5.0,81.0,34.0,2606.8
2022-05-18,US,Philadelphia,pm25,77,2.0,152.0,18.0,3774.9
2022-05-18,US,San Diego,pm25,24,29.0,74.0,54.0,1193.75
2022-05-18,US,Columbus,pm25,48,2.0,56.0,25.0,2089.89
2022-05-18,US,Saint Paul,pm25,117,5.0,53.0,21.0,915.44
2022-05-18,US,Denver,pm25,131,13.0,42.0,21.0,304.3
2022-05-18,US,Salt Lake City,pm25,216,8.0,60.0,25.0,680.97
2022-05-18,US,Albuquerque,pm25,72,13.0,160.0,29.0,14159.3
2022-05-18,US,San Francisco,pm25,70,9.0,68.0,46.0,1726.37
2022-05-18,US,Salem,pm25,72,7.0,24.0,14.0,100.25
2022-05-18,US,Madison,pm25,48,11.0,49.0,20.0,1451.02
2022-05-18,US,Nashville,pm25,70,21.0,73.0,53.0,1456.04
2022-05-18,US,Tucson,pm25,156,5.0,70.0,30.0,3406.5
2022-05-18,US,Queens,pm25,70,1.0,36.0,17.0,853.96
2022-05-18,US,Tallahassee,pm25,69,15.0,105.0,55.0,2024.96
2022-05-18,US,Fort Worth,pm25,24,17.0,53.0,34.0,1025.05
2022-05-18,RS,Novi Sad,pm25,48,7.0,57.0,21.0,1650.57
2022-05-18,RS,Niš,pm25,48,19.0,68.0,38.0,1858.28
2022-05-18,RS,Belgrade,pm25,120,13.0,66.0,24.0,2197.36
2022-05-18,CY,Nicosia,pm25,24,45.0,76.0,60.0,677.39
2022-05-18,CY,Limassol,pm25,24,55.0,79.0,68.0,383.89
2022-05-18,HR,Zagreb,pm25,22,20.0,59.0,40.0,1581.23
2022-05-18,HR,Rijeka,pm25,81,18.0,35.0,24.0,115.86
2022-05-18,MK,Skopje,pm25,168,5.0,97.0,40.0,3505.83
2022-05-19,GE,Tbilisi,pm25,96,47.0,69.0,56.0,272.89
2022-05-19,HU,Győr,pm25,48,5.0,53.0,34.0,1874.82
2022-05-19,HU,Szeged,pm25,23,9.0,57.0,34.0,2190.75
2022-05-19,HU,Pécs,pm25,48,13.0,42.0,21.0,719.64
2022-05-19,HU,Miskolc,pm25,102,13.0,72.0,25.0,2159.27
2022-05-19,HU,Budapest,pm25,288,9.0,85.0,21.0,1408.8
2022-05-19,JP,Fukuoka,pm25,401,5.0,151.0,65.0,2553.1
2022-05-19,JP,Kanazawa,pm25,219,5.0,80.0,46.0,2052.71
2022-05-19,JP,Kumamoto,pm25,360,5.0,163.0,68.0,5024.19
2022-05-19,JP,Akita,pm25,46,5.0,89.0,55.0,3452.43
2022-05-19,JP,Kochi,pm25,48,38.0,82.0,53.0,808.08
2022-05-19,JP,Gifu-shi,pm25,187,17.0,97.0,61.0,1771.55
2022-05-19,JP,Kyoto,pm25,581,17.0,89.0,63.0,919.71
2022-05-19,JP,Hiroshima,pm25,327,5.0,93.0,57.0,1642.61
2022-05-19,JP,Shizuoka,pm25,259,9.0,107.0,59.0,2723.61
2022-05-19,JP,Chiba,pm25,731,5.0,142.0,53.0,2677.58
2022-05-19,JP,Sapporo,pm25,209,17.0,91.0,50.0,1289.15
2022-05-19,JP,Yokohama,pm25,547,1.0,153.0,50.0,3310.33
2022-05-19,JP,Tokyo,pm25,2521,5.0,153.0,55.0,1522.29
2022-05-19,JP,Saitama,pm25,458,5.0,93.0,57.0,976.09
2022-05-19,JP,Naha,pm25,127,5.0,34.0,13.0,502.45
2022-05-19,JP,Nagasaki,pm25,178,30.0,112.0,61.0,744.72
2022-05-19,JP,Toyama,pm25,190,21.0,80.0,55.0,1367.36
2022-05-19,JP,Niigata,pm25,212,13.0,78.0,50.0,1459.15
2022-05-19,JP,Nara-shi,pm25,186,50.0,78.0,61.0,339.16
2022-05-19,JP,Okayama,pm25,288,46.0,104.0,68.0,1199.57
2022-05-19,JP,Sendai,pm25,447,9.0,80.0,53.0,2230.46
2022-05-19,JP,Osaka,pm25,1476,5.0,114.0,59.0,1216.83
2022-05-19,JP,Miyazaki,pm25,140,5.0,78.0,46.0,2159.33
2022-05-19,JP,Matsuyama,pm25,164,5.0,95.0,57.0,2456.63
2022-05-19,JP,Wakayama,pm25,288,25.0,91.0,57.0,968.88
2022-05-19,JP,Takamatsu,pm25,240,25.0,82.0,55.0,963.95
2022-05-19,JP,Nagoya,pm25,790,42.0,127.0,65.0,910.59
2022-05-19,JP,Ōita,pm25,263,5.0,129.0,59.0,3783.25
2022-05-19,JP,Kobe,pm25,413,9.0,99.0,59.0,1006.62
2022-05-19,JP,Nagano,pm25,72,13.0,89.0,46.0,2911.76
2022-05-19,JP,Utsunomiya,pm25,432,30.0,74.0,57.0,363.41
2022-05-19,JP,Kagoshima,pm25,96,13.0,78.0,57.0,799.12
2022-05-19,SK,Košice,pm25,96,13.0,149.0,42.0,3480.0
2022-05-19,SK,Bratislava,pm25,88,9.0,61.0,30.0,1668.54
2022-05-19,FI,Vantaa,pm25,24,12.0,31.0,19.0,305.05
2022-05-19,FI,Turku,pm25,24,16.0,37.0,23.0,250.14
2022-05-19,FI,Helsinki,pm25,120,6.0,65.0,17.0,1401.04
2022-05-19,FI,Tampere,pm25,96,4.0,58.0,15.0,1032.31
2022-05-19,ET,Addis Ababa,pm25,24,107.0,168.0,129.0,2422.88
2022-05-19,CH,Zürich,pm25,24,1.0,3.0,2.0,4.28
2022-05-19,CO,Bogotá,pm25,288,5.0,109.0,43.0,5040.22
2022-05-19,CO,Medellín,pm25,288,21.0,99.0,61.0,2775.06
2022-05-19,DK,Copenhagen,pm25,24,35.0,74.0,59.0,1071.29
2022-05-19,GB,Edinburgh,pm25,288,9.0,59.0,18.0,388.89
2022-05-19,GB,Norwich,pm25,22,17.0,51.0,34.0,644.44
2022-05-19,GB,Liverpool,pm25,33,9.0,23.0,17.0,132.8
2022-05-19,GB,Belfast,pm25,53,12.0,37.0,25.0,271.24
2022-05-19,GB,Coventry,pm25,68,10.0,28.0,19.0,136.85
2022-05-19,GB,Leeds,pm25,26,19.0,46.0,25.0,364.94
2022-05-19,GB,Cardiff,pm25,118,5.0,55.0,38.0,1410.08
2022-05-19,GB,Bristol,pm25,66,9.0,59.0,34.0,1379.1
2022-05-19,GB,London,pm25,522,1.0,65.0,26.0,1420.89
2022-05-19,GB,Birmingham,pm25,38,12.0,33.0,21.0,172.1
2022-05-19,GB,Sheffield,pm25,75,9.0,45.0,21.0,527.63
2022-05-19,GB,Newport,pm25,47,9.0,38.0,21.0,562.16
2022-05-19,GB,Leicester,pm25,22,15.0,35.0,26.0,269.09
2022-05-19,GB,Manchester,pm25,80,13.0,39.0,23.0,294.74
2022-05-19,GB,Reading,pm25,34,5.0,21.0,9.0,208.34
2022-05-19,GB,Plymouth,pm25,41,5.0,39.0,21.0,1016.9
2022-05-19,GB,Glasgow,pm25,571,10.0,50.0,21.0,233.88
2022-05-19,GB,Preston,pm25,40,10.0,38.0,21.0,187.97
2022-05-19,GB,Swansea,pm25,112,5.0,42.0,25.0,731.08
2022-05-19,GB,Southend-on-Sea,pm25,44,17.0,45.0,27.0,517.67
2022-05-19,ID,Jakarta,pm25,71,63.0,187.0,144.0,10166.8
2022-05-19,NP,Kathmandu,pm25,72,74.0,158.0,116.0,5039.56
2022-05-19,NP,Pokhara,pm25,24,53.0,84.0,69.0,688.24
2022-05-19,NP,Biratnagar,pm25,48,3.0,54.0,28.0,2044.52
2022-05-19,AU,Sydney,pm25,154,1.0,61.0,17.0,1483.33
2022-05-19,AU,Newcastle,pm25,139,1.0,61.0,20.0,1484.13
2022-05-19,AU,Launceston,pm25,143,5.0,191.0,17.0,12412.2
2022-05-19,AU,Hobart,pm25,50,5.0,46.0,9.0,827.86
2022-05-19,AU,Darwin,pm25,70,7.0,81.0,53.0,3035.37
2022-05-19,AU,Melbourne,pm25,164,1.0,58.0,21.0,1390.91
2022-05-19,AU,Canberra,pm25,68,1.0,95.0,28.0,6050.23
2022-05-19,AU,Adelaide,pm25,94,5.0,70.0,25.0,1413.59
2022-05-19,AU,Brisbane,pm25,183,2.0,51.0,27.0,974.05
2022-05-19,AU,Perth,pm25,52,2.0,14.0,4.0,54.13
2022-05-19,AU,Wollongong,pm25,39,2.0,61.0,18.0,1669.55
2022-05-19,CI,Abidjan,pm25,18,13.0,124.0,57.0,6314.12
2022-05-19,GH,Accra,pm25,24,17.0,95.0,63.0,5054.76
2022-05-19,IQ,Baghdad,pm25,24,97.0,203.0,157.0,7565.05
2022-05-19,IS,Reykjavík,pm25,96,3.0,39.0,10.0,593.89
2022-05-19,KG,Bishkek,pm25,24,13.0,55.0,34.0,1364.33
2022-05-19,NL,Utrecht,pm25,48,22.0,70.0,43.0,1432.27
2022-05-19,NL,Nijmegen,pm25,47,5.0,88.0,55.0,4083.62
2022-05-19,NL,Haarlem,pm25,142,8.0,116.0,55.0,4626.67
2022-05-19,NL,Eindhoven,pm25,24,10.0,102.0,56.0,5502.59
2022-05-19,NL,Rotterdam,pm25,192,20.0,81.0,53.0,1661.92
2022-05-19,NL,Amsterdam,pm25,255,8.0,88.0,49.0,2369.89
2022-05-19,NL,Dordrecht,pm25,24,26.0,77.0,38.0,2379.55
2022-05-19,NL,Breda,pm25,24,30.0,94.0,56.0,1885.8
2022-05-19,NL,Groningen,pm25,48,23.0,129.0,55.0,8855.1
2022-05-19,NL,Maastricht,pm25,93,5.0,70.0,42.0,2901.1
2022-05-19,NL,The Hague,pm25,72,1.0,82.0,50.0,3022.72
2022-05-19,PT,Lisbon,pm25,50,14.0,30.0,15.0,173.54
2022-05-19,PT,Funchal,pm25,46,1.0,33.0,18.0,838.44
2022-05-19,CA,Hamilton,pm25,92,13.0,129.0,42.0,5553.64
2022-05-19,CA,Calgary,pm25,81,1.0,25.0,5.0,188.7
2022-05-19,CA,Halifax,pm25,45,16.0,28.0,18.0,111.54
2022-05-19,CA,Kitchener,pm25,46,13.0,80.0,42.0,4205.76
2022-05-19,CA,Edmonton,pm25,132,7.0,53.0,20.0,924.73
2022-05-19,CA,Mississauga,pm25,69,13.0,74.0,42.0,1517.53
2022-05-19,CA,Québec,pm25,161,14.0,44.0,22.0,498.97
2022-05-19,CA,Vancouver,pm25,22,6.0,24.0,13.0,268.94
2022-05-19,CA,Victoria,pm25,44,5.0,30.0,17.0,477.31
2022-05-19,CA,Montréal,pm25,372,12.0,56.0,29.0,684.66
2022-05-19,CA,Toronto,pm25,128,9.0,80.0,30.0,2905.04
2022-05-19,CA,Ottawa,pm25,69,5.0,47.0,29.0,1042.23
2022-05-19,CA,London,pm25,46,9.0,89.0,42.0,4891.27
2022-05-19,US,Oklahoma City,pm25,96,22.0,67.0,52.0,1289.19
2022-05-19,US,Raleigh,pm25,72,17.0,73.0,53.0,1231.95
2022-05-19,US,Memphis,pm25,72,9.0,59.0,44.0,771.07
2022-05-19,US,Jackson,pm25,72,19.0,55.0,38.0,807.37
2022-05-19,US,Boston,pm25,128,13.0,85.0,25.0,2098.07
2022-05-19,US,Richmond,pm25,96,20.0,55.0,33.0,932.23
2022-05-19,US,Portland,pm25,159,5.0,42.0,14.0,311.2
2022-05-19,US,Boise,pm25,87,5.0,30.0,13.0,310.75
2022-05-19,US,Austin,pm25,48,13.0,72.0,50.0,2591.06
2022-05-19,US,Honolulu,pm25,46,9.0,53.0,30.0,1115.37
2022-05-19,US,Fresno,pm25,32,13.0,55.0,25.0,1189.68
2022-05-19,US,Milwaukee,pm25,142,19.0,85.0,56.0,2665.09
2022-05-19,US,Hartford,pm25,48,8.0,41.0,22.0,585.39
2022-05-19,US,Washington D.C.,pm25,110,9.0,55.0,25.0,814.85
2022-05-19,US,Chicago,pm25,239,13.0,96.0,55.0,3659.2
2022-05-19,US,Houston,pm25,48,15.0,69.0,46.0,1903.15
2022-05-19,US,Indianapolis,pm25,96,31.0,83.0,58.0,1671.26
2022-05-19,US,Atlanta,pm25,24,53.0,71.0,62.0,220.58
2022-05-19,US,Charlotte,pm25,71,30.0,66.0,55.0,492.45
2022-05-19,US,Sacramento,pm25,56,1.0,50.0,9.0,1323.48
2022-05-19,US,Oakland,pm25,118,5.0,70.0,46.0,2406.46
2022-05-19,US,Providence,pm25,41,5.0,38.0,13.0,589.88
2022-05-19,US,Staten Island,pm25,120,2.0,55.0,30.0,2702.5
2022-05-19,US,Brooklyn,pm25,120,3.0,80.0,27.0,2408.91
2022-05-19,US,Springfield,pm25,71,6.0,66.0,34.0,2108.95
2022-05-19,US,The Bronx,pm25,48,8.0,51.0,15.0,1658.09
2022-05-19,US,San Jose,pm25,95,13.0,68.0,50.0,1538.01
2022-05-19,US,Los Angeles,pm25,24,39.0,80.0,65.0,678.19
2022-05-19,US,Detroit,pm25,131,23.0,101.0,44.0,3015.23
2022-05-19,US,Little Rock,pm25,22,31.0,60.0,49.0,822.86
2022-05-19,US,Baltimore,pm25,47,5.0,65.0,30.0,1745.63
2022-05-19,US,Phoenix,pm25,189,4.0,66.0,23.0,1483.85
2022-05-19,US,Omaha,pm25,44,5.0,55.0,25.0,1048.18
2022-05-19,US,El Paso,pm25,139,5.0,154.0,30.0,7283.86
2022-05-19,US,Seattle,pm25,196,5.0,93.0,19.0,1234.6
2022-05-19,US,Manhattan,pm25,68,2.0,63.0,27.0,2700.26
2022-05-19,US,Miami,pm25,94,13.0,41.0,18.0,145.95
2022-05-19,US,Jacksonville,pm25,139,28.0,82.0,53.0,813.76
2022-05-19,US,San Antonio,pm25,94,17.0,85.0,61.0,2504.99
2022-05-19,US,Philadelphia,pm25,85,4.0,89.0,37.0,2045.99
2022-05-19,US,San Diego,pm25,24,22.0,77.0,62.0,1519.11
2022-05-19,US,Columbus,pm25,47,29.0,67.0,51.0,898.22
2022-05-19,US,Saint Paul,pm25,110,5.0,63.0,17.0,835.57
2022-05-19,US,Denver,pm25,144,9.0,95.0,21.0,1560.56
2022-05-19,US,Salt Lake City,pm25,215,13.0,73.0,26.0,1407.71
2022-05-19,US,Albuquerque,pm25,72,18.0,158.0,27.0,12712.6
2022-05-19,US,San Francisco,pm25,72,13.0,70.0,46.0,1888.71
2022-05-19,US,Salem,pm25,72,8.0,23.0,12.0,123.66
2022-05-19,US,Madison,pm25,48,25.0,75.0,48.0,2040.99
2022-05-19,US,Nashville,pm25,77,30.0,72.0,55.0,952.07
2022-05-19,US,Tucson,pm25,159,5.0,61.0,30.0,2123.83
2022-05-19,US,Queens,pm25,71,3.0,44.0,28.0,1395.78
2022-05-19,US,Tallahassee,pm25,65,7.0,82.0,40.0,2431.81
2022-05-19,US,Fort Worth,pm25,23,25.0,61.0,46.0,1247.55
2022-05-19,RS,Novi Sad,pm25,48,7.0,52.0,15.0,1275.63
2022-05-19,RS,Niš,pm25,48,10.0,44.0,23.0,872.7
2022-05-19,RS,Belgrade,pm25,120,10.0,98.0,24.0,3625.51
2022-05-19,CY,Nicosia,pm25,24,38.0,92.0,64.0,1859.93
2022-05-19,CY,Limassol,pm25,24,44.0,78.0,64.0,1060.8
2022-05-19,HR,Zagreb,pm25,23,12.0,62.0,38.0,3159.92
2022-05-19,HR,Rijeka,pm25,84,9.0,72.0,23.0,900.99
2022-05-19,MK,Skopje,pm25,162,5.0,72.0,23.0,2044.25
2022-05-20,GE,Tbilisi,pm25,96,10.0,61.0,35.0,1459.77
2022-05-20,HU,Győr,pm25,48,21.0,68.0,38.0,1947.5
2022-05-20,HU,Szeged,pm25,24,21.0,74.0,42.0,2258.48
2022-05-20,HU,Pécs,pm25,60,21.0,55.0,25.0,1317.46
2022-05-20,HU,Miskolc,pm25,117,17.0,78.0,42.0,2494.19
2022-05-20,HU,Budapest,pm25,317,17.0,57.0,30.0,842.97
2022-05-20,JP,Fukuoka,pm25,407,25.0,132.0,70.0,1513.37
2022-05-20,JP,Kanazawa,pm25,222,5.0,76.0,57.0,1630.42
2022-05-20,JP,Kumamoto,pm25,367,5.0,107.0,70.0,4858.51
2022-05-20,JP,Akita,pm25,46,46.0,91.0,72.0,1292.37
2022-05-20,JP,Kochi,pm25,48,46.0,87.0,59.0,661.45
2022-05-20,JP,Gifu-shi,pm25,190,9.0,109.0,61.0,2641.84
2022-05-20,JP,Kyoto,pm25,577,34.0,99.0,70.0,897.13
2022-05-20,JP,Hiroshima,pm25,333,5.0,102.0,61.0,1368.09
2022-05-20,JP,Shizuoka,pm25,262,46.0,127.0,72.0,1728.16
2022-05-20,JP,Chiba,pm25,777,5.0,127.0,57.0,2555.29
2022-05-20,JP,Sapporo,pm25,214,5.0,85.0,53.0,976.67
2022-05-20,JP,Yokohama,pm25,545,1.0,117.0,63.0,3139.56
2022-05-20,JP,Tokyo,pm25,2556,1.0,142.0,65.0,1267.14
2022-05-20,JP,Saitama,pm25,482,42.0,87.0,68.0,545.41
2022-05-20,JP,Naha,pm25,120,5.0,21.0,13.0,122.34
2022-05-20,JP,Nagasaki,pm25,172,5.0,78.0,57.0,2154.18
2022-05-20,JP,Toyama,pm25,192,34.0,102.0,63.0,1090.68
2022-05-20,JP,Niigata,pm25,196,46.0,95.0,61.0,408.0
2022-05-20,JP,Nara-shi,pm25,189,55.0,102.0,70.0,734.42
2022-05-20,JP,Okayama,pm25,288,50.0,119.0,76.0,1344.17
2022-05-20,JP,Sendai,pm25,475,42.0,93.0,65.0,507.64
2022-05-20,JP,Osaka,pm25,1472,9.0,102.0,65.0,993.83
2022-05-20,JP,Miyazaki,pm25,139,17.0,122.0,50.0,2190.77
2022-05-20,JP,Matsuyama,pm25,165,9.0,137.0,57.0,2759.49
2022-05-20,JP,Wakayama,pm25,284,30.0,82.0,57.0,817.66
2022-05-20,JP,Takamatsu,pm25,238,38.0,107.0,63.0,1131.67
2022-05-20,JP,Nagoya,pm25,770,38.0,241.0,72.0,1539.67
2022-05-20,JP,Ōita,pm25,262,5.0,139.0,68.0,5406.81
2022-05-20,JP,Kobe,pm25,406,34.0,91.0,61.0,999.11
2022-05-20,JP,Nagano,pm25,72,42.0,160.0,65.0,2151.53
2022-05-20,JP,Utsunomiya,pm25,426,38.0,85.0,63.0,601.36
2022-05-20,JP,Kagoshima,pm25,96,21.0,80.0,53.0,1155.5
2022-05-20,SK,Košice,pm25,93,21.0,132.0,61.0,3579.13
2022-05-20,SK,Bratislava,pm25,96,13.0,82.0,46.0,2379.16
2022-05-20,FI,Vantaa,pm25,24,7.0,40.0,15.0,602.54
2022-05-20,FI,Turku,pm25,24,4.0,25.0,13.0,303.41
2022-05-20,FI,Helsinki,pm25,120,2.0,70.0,16.0,1875.8
2022-05-20,FI,Tampere,pm25,96,9.0,36.0,15.0,296.59
2022-05-20,ET,Addis Ababa,pm25,24,97.0,164.0,114.0,3312.59
2022-05-20,CH,Zürich,pm25,20,1.0,2.0,2.0,2.21
2022-05-20,CO,Bogotá,pm25,313,5.0,142.0,34.0,5901.92
2022-05-20,CO,Medellín,pm25,222,30.0,91.0,59.0,1611.76
2022-05-20,DK,Copenhagen,pm25,24,14.0,65.0,28.0,2362.59
2022-05-20,GB,Edinburgh,pm25,284,4.0,53.0,17.0,370.29
2022-05-20,GB,Norwich,pm25,12,16.0,73.0,42.0,2151.74
2022-05-20,GB,Liverpool,pm25,26,5.0,34.0,17.0,284.25
2022-05-20,GB,Belfast,pm25,60,13.0,25.0,19.0,118.46
2022-05-20,GB,Coventry,pm25,35,15.0,73.0,19.0,892.1
2022-05-20,GB,Leeds,pm25,31,17.0,46.0,25.0,432.92
2022-05-20,GB,Cardiff,pm25,116,5.0,70.0,42.0,1907.63
2022-05-20,GB,Bristol,pm25,70,13.0,55.0,34.0,1376.61
2022-05-20,GB,London,pm25,523,5.0,65.0,27.0,1575.06
2022-05-20,GB,Birmingham,pm25,35,15.0,34.0,21.0,224.59
2022-05-20,GB,Sheffield,pm25,61,15.0,50.0,21.0,277.18
2022-05-20,GB,Newport,pm25,46,13.0,35.0,22.0,308.08
2022-05-20,GB,Leicester,pm25,13,21.0,46.0,25.0,437.69
2022-05-20,GB,Manchester,pm25,76,17.0,55.0,25.0,508.92
2022-05-20,GB,Reading,pm25,26,5.0,21.0,9.0,234.59
2022-05-20,GB,Plymouth,pm25,40,5.0,49.0,21.0,1448.56
2022-05-20,GB,Glasgow,pm25,565,7.0,45.0,19.0,186.77
2022-05-20,GB,Preston,pm25,38,14.0,36.0,21.0,259.83
2022-05-20,GB,Swansea,pm25,96,5.0,89.0,34.0,4098.97
2022-05-20,GB,Southend-on-Sea,pm25,38,8.0,34.0,20.0,177.64
2022-05-20,ID,Jakarta,pm25,71,38.0,160.0,93.0,7988.34
2022-05-20,NP,Kathmandu,pm25,66,50.0,152.0,89.0,6075.89
2022-05-20,NP,Pokhara,pm25,24,58.0,96.0,78.0,807.81
2022-05-20,NP,Biratnagar,pm25,48,8.0,33.0,24.0,556.58
2022-05-20,AU,Sydney,pm25,151,1.0,60.0,21.0,1398.9
2022-05-20,AU,Newcastle,pm25,137,1.0,73.0,20.0,1873.11
2022-05-20,AU,Launceston,pm25,164,5.0,213.0,38.0,21254.6
2022-05-20,AU,Hobart,pm25,66,5.0,91.0,13.0,3379.71
2022-05-20,AU,Darwin,pm25,72,2.0,96.0,58.0,4662.53
2022-05-20,AU,Melbourne,pm25,155,1.0,58.0,19.0,1449.03
2022-05-20,AU,Canberra,pm25,67,3.0,71.0,24.0,1871.91
2022-05-20,AU,Adelaide,pm25,95,3.0,82.0,21.0,1701.2
2022-05-20,AU,Brisbane,pm25,192,3.0,36.0,23.0,584.38
2022-05-20,AU,Perth,pm25,67,2.0,14.0,6.0,73.81
2022-05-20,AU,Wollongong,pm25,38,2.0,29.0,10.0,478.67
2022-05-20,GH,Accra,pm25,24,9.0,220.0,50.0,21229.1
2022-05-20,IQ,Baghdad,pm25,24,151.0,522.0,182.0,88260.3
2022-05-20,IS,Reykjavík,pm25,96,2.0,18.0,8.0,229.74
2022-05-20,KG,Bishkek,pm25,24,13.0,65.0,25.0,2126.09
2022-05-20,NL,Utrecht,pm25,48,7.0,77.0,49.0,2358.56
2022-05-20,NL,Nijmegen,pm25,47,11.0,91.0,57.0,2776.02
2022-05-20,NL,Haarlem,pm25,139,7.0,92.0,45.0,3884.15
2022-05-20,NL,Eindhoven,pm25,23,12.0,103.0,69.0,5569.96
2022-05-20,NL,Rotterdam,pm25,192,5.0,116.0,51.0,4036.69
2022-05-20,NL,Amsterdam,pm25,255,1.0,81.0,44.0,2558.74
2022-05-20,NL,Dordrecht,pm25,24,13.0,84.0,53.0,3282.45
2022-05-20,NL,Breda,pm25,24,17.0,96.0,59.0,3571.14
2022-05-20,NL,Groningen,pm25,46,11.0,59.0,32.0,1421.88
2022-05-20,NL,Maastricht,pm25,92,9.0,107.0,59.0,5611.15
2022-05-20,NL,The Hague,pm25,71,3.0,91.0,52.0,5723.39
2022-05-20,PT,Lisbon,pm25,35,15.0,52.0,25.0,1188.69
2022-05-20,PT,Funchal,pm25,53,1.0,34.0,26.0,932.41
2022-05-20,CA,Hamilton,pm25,96,5.0,99.0,53.0,4515.94
2022-05-20,CA,Calgary,pm25,92,5.0,28.0,14.0,264.12
2022-05-20,CA,Halifax,pm25,45,18.0,27.0,22.0,60.37
2022-05-20,CA,Kitchener,pm25,48,17.0,82.0,50.0,2523.81
2022-05-20,CA,Edmonton,pm25,121,1.0,88.0,16.0,1322.02
2022-05-20,CA,Mississauga,pm25,72,25.0,114.0,42.0,5268.29
2022-05-20,CA,Québec,pm25,177,14.0,57.0,22.0,929.06
2022-05-20,CA,Vancouver,pm25,18,9.0,28.0,18.0,503.79
2022-05-20,CA,Victoria,pm25,44,9.0,50.0,17.0,712.32
2022-05-20,CA,Montréal,pm25,391,9.0,73.0,31.0,1920.0
2022-05-20,CA,Toronto,pm25,136,5.0,97.0,34.0,5500.03
2022-05-20,CA,Ottawa,pm25,64,13.0,47.0,31.0,862.69
2022-05-20,CA,London,pm25,45,21.0,76.0,42.0,2316.49
2022-05-20,US,Oklahoma City,pm25,96,30.0,95.0,59.0,2466.28
2022-05-20,US,Raleigh,pm25,68,21.0,80.0,55.0,1664.78
2022-05-20,US,Memphis,pm25,71,5.0,70.0,39.0,791.48
2022-05-20,US,Jackson,pm25,72,16.0,67.0,42.0,1754.91
2022-05-20,US,Boston,pm25,136,13.0,53.0,30.0,724.95
2022-05-20,US,Richmond,pm25,96,33.0,76.0,59.0,866.7
2022-05-20,US,Portland,pm25,166,9.0,42.0,17.0,350.81
2022-05-20,US,Boise,pm25,85,5.0,25.0,9.0,242.33
2022-05-20,US,Austin,pm25,48,53.0,119.0,82.0,3538.01
2022-05-20,US,Honolulu,pm25,47,13.0,57.0,34.0,1038.63
2022-05-20,US,Fresno,pm25,24,13.0,34.0,21.0,484.35
2022-05-20,US,Milwaukee,pm25,144,18.0,68.0,41.0,1757.99
2022-05-20,US,Hartford,pm25,48,26.0,60.0,39.0,454.14
2022-05-20,US,Washington D.C.,pm25,96,33.0,76.0,57.0,1056.03
2022-05-20,US,Chicago,pm25,239,6.0,68.0,46.0,1925.43
2022-05-20,US,Houston,pm25,48,49.0,98.0,67.0,1622.66
2022-05-20,US,Indianapolis,pm25,96,21.0,63.0,51.0,1078.79
2022-05-20,US,Atlanta,pm25,24,40.0,65.0,46.0,427.75
2022-05-20,US,Charlotte,pm25,72,21.0,72.0,53.0,1617.17
2022-05-20,US,Sacramento,pm25,66,2.0,65.0,21.0,2220.86
2022-05-20,US,Oakland,pm25,120,5.0,102.0,30.0,3013.59
2022-05-20,US,Providence,pm25,42,5.0,55.0,21.0,912.32
2022-05-20,US,Staten Island,pm25,114,3.0,74.0,43.0,3264.69
2022-05-20,US,Brooklyn,pm25,120,4.0,83.0,39.0,2036.84
2022-05-20,US,Springfield,pm25,71,20.0,68.0,53.0,1335.41
2022-05-20,US,The Bronx,pm25,48,4.0,54.0,31.0,1375.73
2022-05-20,US,San Jose,pm25,93,9.0,70.0,42.0,2796.09
2022-05-20,US,Los Angeles,pm25,24,17.0,53.0,34.0,655.0
2022-05-20,US,Detroit,pm25,135,34.0,83.0,56.0,849.98
2022-05-20,US,Little Rock,pm25,23,33.0,122.0,59.0,5803.4
2022-05-20,US,Baltimore,pm25,35,30.0,58.0,48.0,689.88
2022-05-20,US,Phoenix,pm25,190,1.0,91.0,28.0,3070.99
2022-05-20,US,Omaha,pm25,45,5.0,38.0,13.0,722.71
2022-05-20,US,El Paso,pm25,166,5.0,93.0,38.0,2681.04
2022-05-20,US,Seattle,pm25,190,5.0,57.0,25.0,981.94
2022-05-20,US,Manhattan,pm25,72,4.0,77.0,48.0,2638.64
2022-05-20,US,Miami,pm25,86,15.0,53.0,29.0,926.36
2022-05-20,US,Jacksonville,pm25,142,15.0,72.0,46.0,2155.35
2022-05-20,US,San Antonio,pm25,93,55.0,153.0,95.0,4008.56
2022-05-20,US,Philadelphia,pm25,88,13.0,77.0,53.0,1499.25
2022-05-20,US,San Diego,pm25,24,23.0,66.0,40.0,1190.65
2022-05-20,US,Columbus,pm25,48,3.0,56.0,36.0,2093.9
2022-05-20,US,Saint Paul,pm25,94,5.0,38.0,13.0,634.84
2022-05-20,US,Denver,pm25,146,5.0,42.0,13.0,653.21
2022-05-20,US,Salt Lake City,pm25,216,4.0,33.0,9.0,255.29
2022-05-20,US,Albuquerque,pm25,72,19.0,51.0,27.0,532.11
2022-05-20,US,San Francisco,pm25,66,5.0,72.0,34.0,2555.3
2022-05-20,US,Salem,pm25,72,11.0,54.0,18.0,586.6
2022-05-20,US,Madison,pm25,48,14.0,57.0,27.0,1610.62
2022-05-20,US,Nashville,pm25,74,30.0,59.0,46.0,536.49
2022-05-20,US,Tucson,pm25,165,9.0,61.0,30.0,1056.49
2022-05-20,US,Queens,pm25,72,18.0,58.0,38.0,1203.79
2022-05-20,US,Tallahassee,pm25,71,2.0,84.0,39.0,1658.09
2022-05-20,US,Fort Worth,pm25,24,46.0,102.0,80.0,2825.63
2022-05-20,RS,Novi Sad,pm25,48,7.0,58.0,18.0,2289.36
2022-05-20,RS,Niš,pm25,48,8.0,86.0,27.0,2208.79
2022-05-20,RS,Belgrade,pm25,120,10.0,163.0,30.0,6366.88
2022-05-20,CY,Nicosia,pm25,24,27.0,75.0,54.0,1222.01
2022-05-20,CY,Limassol,pm25,24,25.0,74.0,55.0,1970.43
2022-05-20,HR,Zagreb,pm25,24,24.0,67.0,38.0,1165.8
2022-05-20,HR,Rijeka,pm25,85,14.0,84.0,23.0,1206.31
2022-05-20,MK,Skopje,pm25,167,1.0,74.0,30.0,2874.1
2022-05-21,GE,Tbilisi,pm25,96,11.0,39.0,26.0,594.57
2022-05-21,HU,Győr,pm25,42,5.0,91.0,17.0,6945.83
2022-05-21,HU,Szeged,pm25,23,25.0,70.0,46.0,1513.0
2022-05-21,HU,Pécs,pm25,72,21.0,57.0,30.0,1311.76
2022-05-21,HU,Miskolc,pm25,115,13.0,80.0,34.0,3779.29
2022-05-21,HU,Budapest,pm25,323,9.0,65.0,25.0,2455.43
2022-05-21,JP,Fukuoka,pm25,392,5.0,147.0,55.0,2839.69
2022-05-21,JP,Kanazawa,pm25,240,21.0,93.0,61.0,962.9
2022-05-21,JP,Kumamoto,pm25,340,5.0,104.0,30.0,3570.07
2022-05-21,JP,Akita,pm25,48,25.0,87.0,57.0,1582.09
2022-05-21,JP,Kochi,pm25,47,30.0,72.0,46.0,892.82
2022-05-21,JP,Gifu-shi,pm25,188,9.0,97.0,65.0,2233.99
2022-05-21,JP,Kyoto,pm25,579,9.0,122.0,68.0,1045.73
2022-05-21,JP,Hiroshima,pm25,331,5.0,85.0,55.0,1967.02
2022-05-21,JP,Shizuoka,pm25,258,21.0,112.0,63.0,3468.95
2022-05-21,JP,Chiba,pm25,754,5.0,76.0,30.0,1957.44
2022-05-21,JP,Sapporo,pm25,216,25.0,97.0,57.0,1138.85
2022-05-21,JP,Yokohama,pm25,537,1.0,89.0,30.0,4945.26
2022-05-21,JP,Tokyo,pm25,2561,5.0,149.0,53.0,3875.98
2022-05-21,JP,Saitama,pm25,488,9.0,91.0,63.0,1518.56
2022-05-21,JP,Naha,pm25,142,5.0,59.0,21.0,2214.55
2022-05-21,JP,Nagasaki,pm25,189,5.0,65.0,50.0,1798.09
2022-05-21,JP,Toyama,pm25,192,42.0,137.0,70.0,1579.26
2022-05-21,JP,Niigata,pm25,192,53.0,85.0,63.0,351.84
2022-05-21,JP,Nara-shi,pm25,189,46.0,155.0,70.0,1222.82
2022-05-21,JP,Okayama,pm25,287,30.0,104.0,70.0,2499.89
2022-05-21,JP,Sendai,pm25,477,9.0,89.0,59.0,3943.67
2022-05-21,JP,Osaka,pm25,1482,9.0,99.0,59.0,1251.6
2022-05-21,JP,Miyazaki,pm25,120,5.0,61.0,30.0,1956.59
2022-05-21,JP,Matsuyama,pm25,167,9.0,122.0,59.0,3529.28
2022-05-21,JP,Wakayama,pm25,288,25.0,74.0,50.0,889.83
2022-05-21,JP,Takamatsu,pm25,239,13.0,109.0,50.0,2873.35
2022-05-21,JP,Nagoya,pm25,769,17.0,119.0,65.0,2199.04
2022-05-21,JP,Ōita,pm25,246,5.0,124.0,38.0,2849.91
2022-05-21,JP,Kobe,pm25,404,30.0,97.0,55.0,1240.71
2022-05-21,JP,Nagano,pm25,71,46.0,112.0,63.0,1261.83
2022-05-21,JP,Utsunomiya,pm25,432,21.0,89.0,63.0,785.01
2022-05-21,JP,Kagoshima,pm25,93,5.0,42.0,17.0,966.43
2022-05-21,SK,Košice,pm25,96,25.0,155.0,63.0,2773.61
2022-05-21,SK,Bratislava,pm25,95,9.0,91.0,30.0,2726.61
2022-05-21,FI,Vantaa,pm25,24,5.0,46.0,14.0,976.07
2022-05-21,FI,Turku,pm25,24,3.0,43.0,15.0,807.54
2022-05-21,FI,Helsinki,pm25,119,8.0,47.0,16.0,771.76
2022-05-21,FI,Tampere,pm25,96,8.0,58.0,19.0,476.28
2022-05-21,ET,Addis Ababa,pm25,22,109.0,185.0,147.0,3812.32
2022-05-21,CH,Zürich,pm25,21,1.0,3.0,2.0,4.62
2022-05-21,CO,Bogotá,pm25,296,9.0,152.0,50.0,5215.19
2022-05-21,CO,Medellín,pm25,287,17.0,85.0,59.0,1562.9
2022-05-21,DK,Copenhagen,pm25,24,4.0,40.0,25.0,834.76
2022-05-21,GB,Edinburgh,pm25,286,9.0,59.0,19.0,540.92
2022-05-21,GB,Norwich,pm25,24,17.0,34.0,23.0,163.19
2022-05-21,GB,Liverpool,pm25,42,5.0,42.0,17.0,379.35
2022-05-21,GB,Belfast,pm25,54,13.0,38.0,21.0,276.37
2022-05-21,GB,Coventry,pm25,68,15.0,37.0,25.0,132.12
2022-05-21,GB,Leeds,pm25,41,17.0,63.0,25.0,895.56
2022-05-21,GB,Cardiff,pm25,119,5.0,61.0,42.0,1709.61
2022-05-21,GB,Bristol,pm25,71,21.0,55.0,34.0,1206.18
2022-05-21,GB,London,pm25,512,5.0,137.0,30.0,1875.69
2022-05-21,GB,Birmingham,pm25,42,17.0,32.0,26.0,114.05
2022-05-21,GB,Sheffield,pm25,87,17.0,99.0,21.0,1114.21
2022-05-21,GB,Newport,pm25,45,9.0,38.0,30.0,955.89
2022-05-21,GB,Leicester,pm25,24,21.0,40.0,25.0,193.02
2022-05-21,GB,Manchester,pm25,76,13.0,42.0,25.0,357.11
2022-05-21,GB,Reading,pm25,36,5.0,55.0,9.0,1798.35
2022-05-21,GB,Plymouth,pm25,30,13.0,38.0,17.0,669.21
2022-05-21,GB,Glasgow,pm25,568,11.0,120.0,23.0,563.71
2022-05-21,GB,Preston,pm25,40,13.0,34.0,21.0,190.2
2022-05-21,GB,Swansea,pm25,86,9.0,50.0,25.0,714.54
2022-05-21,GB,Southend-on-Sea,pm25,46,15.0,32.0,23.0,175.73
2022-05-21,ID,Jakarta,pm25,71,34.0,156.0,85.0,7362.62
2022-05-21,NP,Kathmandu,pm25,72,17.0,154.0,94.0,6288.82
2022-05-21,NP,Pokhara,pm25,24,53.0,82.0,73.0,1115.63
2022-05-21,NP,Biratnagar,pm25,48,6.0,29.0,15.0,385.25
2022-05-21,AU,Sydney,pm25,124,1.0,38.0,13.0,690.41
2022-05-21,AU,Newcastle,pm25,130,1.0,39.0,14.0,760.5
2022-05-21,AU,Launceston,pm25,152,5.0,163.0,46.0,18873.7
2022-05-21,AU,Hobart,pm25,66,5.0,76.0,30.0,3382.51
2022-05-21,AU,Darwin,pm25,71,4.0,127.0,54.0,3571.6
2022-05-21,AU,Melbourne,pm25,164,19.0,158.0,51.0,4257.93
2022-05-21,AU,Canberra,pm25,67,6.0,80.0,24.0,3719.96
2022-05-21,AU,Adelaide,pm25,94,3.0,68.0,25.0,1957.85
2022-05-21,AU,Brisbane,pm25,188,1.0,37.0,13.0,495.71
2022-05-21,AU,Perth,pm25,68,2.0,45.0,6.0,908.04
2022-05-21,AU,Wollongong,pm25,37,1.0,55.0,12.0,1661.74
2022-05-21,GH,Accra,pm25,24,9.0,68.0,38.0,1875.36
2022-05-21,IQ,Baghdad,pm25,21,157.0,736.0,187.0,374536.0
2022-05-21,IS,Reykjavík,pm25,96,1.0,23.0,10.0,330.09
2022-05-21,KG,Bishkek,pm25,19,5.0,55.0,30.0,2189.88
2022-05-21,NL,Utrecht,pm25,48,17.0,57.0,39.0,1027.38
2022-05-21,NL,Nijmegen,pm25,48,3.0,61.0,37.0,1621.63
2022-05-21,NL,Haarlem,pm25,144,11.0,83.0,41.0,1439.74
2022-05-21,NL,Eindhoven,pm25,24,22.0,83.0,48.0,2203.19
2022-05-21,NL,Rotterdam,pm25,192,13.0,47.0,31.0,422.13
2022-05-21,NL,Amsterdam,pm25,239,4.0,61.0,33.0,866.56
2022-05-21,NL,Dordrecht,pm25,24,17.0,57.0,38.0,1141.45
2022-05-21,NL,Breda,pm25,24,25.0,48.0,35.0,509.11
2022-05-21,NL,Groningen,pm25,46,7.0,61.0,19.0,1369.29
2022-05-21,NL,Maastricht,pm25,96,5.0,55.0,25.0,1368.21
2022-05-21,NL,The Hague,pm25,71,2.0,45.0,32.0,954.29
2022-05-21,PT,Lisbon,pm25,38,24.0,65.0,51.0,1349.82
2022-05-21,PT,Funchal,pm25,66,1.0,34.0,14.0,953.7
2022-05-21,CA,Hamilton,pm25,73,13.0,63.0,42.0,1710.82
2022-05-21,CA,Calgary,pm25,92,8.0,52.0,20.0,538.75
2022-05-21,CA,Halifax,pm25,46,18.0,38.0,21.0,209.47
2022-05-21,CA,Kitchener,pm25,39,17.0,63.0,46.0,1347.62
2022-05-21,CA,Edmonton,pm25,121,8.0,95.0,28.0,2160.17
2022-05-21,CA,Mississauga,pm25,59,9.0,78.0,50.0,3161.34
2022-05-21,CA,Québec,pm25,182,12.0,64.0,40.0,1324.47
2022-05-21,CA,Vancouver,pm25,23,10.0,45.0,25.0,1159.53
2022-05-21,CA,Victoria,pm25,43,5.0,50.0,25.0,1079.39
2022-05-21,CA,Montréal,pm25,381,24.0,101.0,47.0,1574.97
2022-05-21,CA,Toronto,pm25,110,9.0,72.0,42.0,1526.67
2022-05-21,CA,Ottawa,pm25,62,12.0,60.0,53.0,2547.46
2022-05-21,CA,London,pm25,36,9.0,59.0,38.0,1840.09
2022-05-21,US,Oklahoma City,pm25,96,12.0,80.0,18.0,1136.77
2022-05-21,US,Raleigh,pm25,70,13.0,102.0,46.0,1580.04
2022-05-21,US,Memphis,pm25,71,24.0,67.0,54.0,1022.25
2022-05-21,US,Jackson,pm25,72,15.0,58.0,37.0,1571.95
2022-05-21,US,Boston,pm25,138,25.0,72.0,42.0,934.06
2022-05-21,US,Richmond,pm25,96,34.0,65.0,52.0,451.83
2022-05-21,US,Portland,pm25,164,9.0,42.0,18.0,493.97
2022-05-21,US,Boise,pm25,84,5.0,30.0,17.0,369.52
2022-05-21,US,Austin,pm25,46,13.0,102.0,78.0,2630.83
2022-05-21,US,Honolulu,pm25,47,17.0,55.0,34.0,1249.18
2022-05-21,US,Fresno,pm25,22,5.0,46.0,25.0,1442.77
2022-05-21,US,Milwaukee,pm25,144,7.0,46.0,23.0,594.09
2022-05-21,US,Hartford,pm25,48,28.0,72.0,45.0,1524.78
2022-05-21,US,Washington D.C.,pm25,96,30.0,65.0,52.0,422.0
2022-05-21,US,Chicago,pm25,239,6.0,64.0,28.0,1242.99
2022-05-21,US,Houston,pm25,48,46.0,80.0,70.0,690.14
2022-05-21,US,Indianapolis,pm25,96,18.0,64.0,45.0,1251.41
2022-05-21,US,Atlanta,pm25,24,38.0,51.0,43.0,117.81
2022-05-21,US,Charlotte,pm25,70,13.0,74.0,42.0,1908.7
2022-05-21,US,Sacramento,pm25,66,1.0,60.0,17.0,1744.67
2022-05-21,US,Oakland,pm25,120,13.0,78.0,59.0,1945.74
2022-05-21,US,Providence,pm25,47,9.0,68.0,38.0,2845.54
2022-05-21,US,Staten Island,pm25,120,11.0,95.0,52.0,1973.98
2022-05-21,US,Brooklyn,pm25,120,15.0,96.0,55.0,4326.66
2022-05-21,US,Springfield,pm25,72,1.0,69.0,23.0,1608.04
2022-05-21,US,The Bronx,pm25,48,18.0,96.0,48.0,4824.4
2022-05-21,US,San Jose,pm25,95,9.0,74.0,42.0,2130.55
2022-05-21,US,Los Angeles,pm25,24,17.0,45.0,33.0,602.16
2022-05-21,US,Detroit,pm25,144,26.0,82.0,48.0,1524.88
2022-05-21,US,Little Rock,pm25,24,32.0,77.0,62.0,1163.19
2022-05-21,US,Baltimore,pm25,24,48.0,60.0,54.0,125.05
2022-05-21,US,Phoenix,pm25,191,1.0,59.0,34.0,1401.05
2022-05-21,US,Omaha,pm25,42,5.0,38.0,17.0,631.95
2022-05-21,US,El Paso,pm25,166,5.0,76.0,32.0,2723.76
2022-05-21,US,Seattle,pm25,183,8.0,59.0,23.0,1263.57
2022-05-21,US,Manhattan,pm25,72,16.0,89.0,50.0,3621.95
2022-05-21,US,Miami,pm25,71,20.0,83.0,76.0,966.44
2022-05-21,US,Jacksonville,pm25,144,2.0,78.0,34.0,3129.39
2022-05-21,US,San Antonio,pm25,93,17.0,120.0,82.0,2020.32
2022-05-21,US,Philadelphia,pm25,48,28.0,99.0,61.0,2116.27
2022-05-21,US,San Diego,pm25,24,13.0,58.0,35.0,2181.29
2022-05-21,US,Columbus,pm25,48,26.0,66.0,49.0,876.8
2022-05-21,US,Saint Paul,pm25,76,5.0,25.0,9.0,329.96
2022-05-21,US,Denver,pm25,152,9.0,55.0,25.0,852.22
2022-05-21,US,Salt Lake City,pm25,213,5.0,54.0,10.0,504.63
2022-05-21,US,Albuquerque,pm25,72,30.0,283.0,41.0,19422.8
2022-05-21,US,San Francisco,pm25,72,21.0,107.0,61.0,2032.44
2022-05-21,US,Salem,pm25,72,11.0,33.0,18.0,263.47
2022-05-21,US,Madison,pm25,48,6.0,23.0,17.0,180.0
2022-05-21,US,Nashville,pm25,72,17.0,99.0,55.0,1844.44
2022-05-21,US,Tucson,pm25,162,5.0,65.0,25.0,2052.98
2022-05-21,US,Queens,pm25,81,16.0,76.0,59.0,2493.44
2022-05-21,US,Tallahassee,pm25,69,1.0,97.0,36.0,4869.88
2022-05-21,US,Fort Worth,pm25,22,13.0,109.0,59.0,10457.1
2022-05-21,RS,Novi Sad,pm25,48,8.0,56.0,20.0,1827.51
2022-05-21,RS,Niš,pm25,48,14.0,93.0,24.0,3462.34
2022-05-21,RS,Belgrade,pm25,120,17.0,67.0,37.0,1452.27
2022-05-21,CY,Nicosia,pm25,24,21.0,83.0,47.0,2451.3
2022-05-21,CY,Limassol,pm25,24,14.0,74.0,37.0,3995.58
2022-05-21,HR,Zagreb,pm25,24,34.0,58.0,45.0,521.09
2022-05-21,HR,Rijeka,pm25,80,17.0,52.0,33.0,621.54
2022-05-21,MK,Skopje,pm25,168,7.0,131.0,37.0,4462.25
2022-05-22,GE,Tbilisi,pm25,96,26.0,70.0,42.0,1240.15
2022-05-22,HU,Győr,pm25,36,9.0,50.0,21.0,1433.43
2022-05-22,HU,Szeged,pm25,19,13.0,50.0,30.0,1201.4
2022-05-22,HU,Pécs,pm25,54,17.0,30.0,21.0,131.6
2022-05-22,HU,Miskolc,pm25,76,13.0,50.0,25.0,964.1
2022-05-22,HU,Budapest,pm25,143,13.0,34.0,17.0,135.43
2022-05-22,JP,Fukuoka,pm25,401,5.0,127.0,61.0,2719.85
2022-05-22,JP,Kanazawa,pm25,239,5.0,82.0,55.0,1248.53
2022-05-22,JP,Kumamoto,pm25,354,9.0,161.0,59.0,5524.56
2022-05-22,JP,Akita,pm25,43,9.0,72.0,46.0,2639.2
2022-05-22,JP,Kochi,pm25,48,9.0,61.0,50.0,1387.66
2022-05-22,JP,Gifu-shi,pm25,188,13.0,117.0,55.0,2082.42
2022-05-22,JP,Kyoto,pm25,582,25.0,153.0,63.0,1230.95
2022-05-22,JP,Hiroshima,pm25,335,5.0,91.0,59.0,2117.95
2022-05-22,JP,Shizuoka,pm25,256,5.0,91.0,50.0,2168.12
2022-05-22,JP,Chiba,pm25,697,5.0,85.0,21.0,2219.17
2022-05-22,JP,Sapporo,pm25,212,5.0,89.0,46.0,3407.13
2022-05-22,JP,Yokohama,pm25,521,1.0,97.0,25.0,1954.75
2022-05-22,JP,Tokyo,pm25,2464,1.0,109.0,21.0,1235.52
2022-05-22,JP,Saitama,pm25,417,5.0,65.0,21.0,868.07
2022-05-22,JP,Naha,pm25,132,5.0,53.0,38.0,2528.78
2022-05-22,JP,Nagasaki,pm25,189,21.0,89.0,55.0,1041.94
2022-05-22,JP,Toyama,pm25,186,34.0,152.0,63.0,1513.02
2022-05-22,JP,Niigata,pm25,192,46.0,82.0,61.0,466.91
2022-05-22,JP,Nara-shi,pm25,190,42.0,132.0,63.0,891.14
2022-05-22,JP,Okayama,pm25,287,38.0,134.0,63.0,1707.44
2022-05-22,JP,Sendai,pm25,458,5.0,57.0,21.0,1163.24
2022-05-22,JP,Osaka,pm25,1478,5.0,114.0,61.0,1223.09
2022-05-22,JP,Miyazaki,pm25,131,5.0,124.0,55.0,4825.73
2022-05-22,JP,Matsuyama,pm25,163,9.0,149.0,63.0,3071.3
2022-05-22,JP,Wakayama,pm25,286,21.0,97.0,59.0,939.29
2022-05-22,JP,Takamatsu,pm25,240,21.0,87.0,59.0,1356.47
2022-05-22,JP,Nagoya,pm25,792,1.0,93.0,55.0,983.97
2022-05-22,JP,Ōita,pm25,260,13.0,129.0,59.0,3855.25
2022-05-22,JP,Kobe,pm25,405,25.0,127.0,65.0,1411.16
2022-05-22,JP,Nagano,pm25,70,30.0,82.0,55.0,1617.15
2022-05-22,JP,Utsunomiya,pm25,409,5.0,59.0,21.0,879.22
2022-05-22,JP,Kagoshima,pm25,95,30.0,72.0,53.0,1092.28
2022-05-22,SK,Košice,pm25,96,13.0,93.0,30.0,2526.51
2022-05-22,SK,Bratislava,pm25,90,9.0,38.0,21.0,601.55
2022-05-22,FI,Vantaa,pm25,24,16.0,35.0,20.0,258.26
2022-05-22,FI,Turku,pm25,24,13.0,53.0,18.0,1140.87
2022-05-22,FI,Helsinki,pm25,120,7.0,43.0,19.0,357.27
2022-05-22,FI,Tampere,pm25,96,5.0,65.0,17.0,782.25
2022-05-22,ET,Addis Ababa,pm25,24,114.0,167.0,129.0,2533.84
2022-05-22,CH,Zürich,pm25,19,1.0,3.0,2.0,3.33
2022-05-22,CO,Bogotá,pm25,283,25.0,137.0,57.0,2805.12
2022-05-22,CO,Medellín,pm25,267,25.0,93.0,59.0,1923.25
2022-05-22,DK,Copenhagen,pm25,24,15.0,52.0,26.0,1013.89
2022-05-22,GB,Edinburgh,pm25,287,4.0,46.0,12.0,460.27
2022-05-22,GB,Norwich,pm25,16,30.0,59.0,44.0,906.67
2022-05-22,GB,Liverpool,pm25,19,9.0,30.0,13.0,323.74
2022-05-22,GB,Belfast,pm25,51,12.0,24.0,17.0,94.94
2022-05-22,GB,Coventry,pm25,40,10.0,25.0,17.0,222.67
2022-05-22,GB,Leeds,pm25,23,17.0,63.0,25.0,1354.94
2022-05-22,GB,Cardiff,pm25,112,5.0,53.0,34.0,1702.14
2022-05-22,GB,Bristol,pm25,71,13.0,55.0,30.0,919.51
2022-05-22,GB,London,pm25,498,2.0,72.0,34.0,1830.02
2022-05-22,GB,Birmingham,pm25,28,8.0,31.0,17.0,304.23
2022-05-22,GB,Sheffield,pm25,49,8.0,34.0,21.0,478.33
2022-05-22,GB,Newport,pm25,45,8.0,26.0,19.0,361.19
2022-05-22,GB,Leicester,pm25,15,13.0,33.0,21.0,255.43
2022-05-22,GB,Manchester,pm25,73,6.0,37.0,16.0,733.19
2022-05-22,GB,Reading,pm25,48,5.0,50.0,21.0,867.23
2022-05-22,GB,Plymouth,pm25,30,5.0,27.0,21.0,496.1
2022-05-22,GB,Glasgow,pm25,572,4.0,28.0,13.0,197.67
2022-05-22,GB,Preston,pm25,36,5.0,72.0,17.0,2493.36
2022-05-22,GB,Swansea,pm25,94,5.0,57.0,21.0,1316.5
2022-05-22,GB,Southend-on-Sea,pm25,44,13.0,47.0,32.0,600.57
2022-05-22,ID,Jakarta,pm25,71,42.0,154.0,89.0,8787.81
2022-05-22,NP,Kathmandu,pm25,72,30.0,151.0,77.0,7498.3
2022-05-22,NP,Pokhara,pm25,24,58.0,106.0,69.0,1137.23
2022-05-22,NP,Biratnagar,pm25,48,4.0,49.0,22.0,1499.29
2022-05-22,AU,Sydney,pm25,149,1.0,39.0,12.0,491.3
2022-05-22,AU,Newcastle,pm25,110,1.0,41.0,13.0,525.77
2022-05-22,AU,Launceston,pm25,156,5.0,179.0,42.0,20427.4
2022-05-22,AU,Hobart,pm25,70,5.0,70.0,17.0,2722.95
2022-05-22,AU,Darwin,pm25,72,16.0,103.0,54.0,4872.35
2022-05-22,AU,Melbourne,pm25,167,27.0,153.0,61.0,3363.46
2022-05-22,AU,Canberra,pm25,62,1.0,83.0,27.0,3692.69
2022-05-22,AU,Adelaide,pm25,93,4.0,82.0,21.0,3158.98
2022-05-22,AU,Brisbane,pm25,177,1.0,37.0,12.0,457.29
2022-05-22,AU,Perth,pm25,59,2.0,33.0,9.0,724.42
2022-05-22,AU,Wollongong,pm25,36,2.0,32.0,11.0,481.93
2022-05-22,CI,Abidjan,pm25,24,13.0,89.0,38.0,6282.54
2022-05-22,GH,Accra,pm25,23,5.0,59.0,30.0,2843.32
2022-05-22,IQ,Baghdad,pm25,24,151.0,376.0,199.0,37379.0
2022-05-22,IS,Reykjavík,pm25,95,1.0,20.0,10.0,258.99
2022-05-22,NL,Utrecht,pm25,48,20.0,67.0,47.0,1171.27
2022-05-22,NL,Nijmegen,pm25,48,20.0,75.0,37.0,1282.3
2022-05-22,NL,Haarlem,pm25,143,7.0,75.0,36.0,2237.96
2022-05-22,NL,Eindhoven,pm25,24,35.0,77.0,54.0,1231.29
2022-05-22,NL,Rotterdam,pm25,192,14.0,70.0,37.0,1306.63
2022-05-22,NL,Amsterdam,pm25,240,10.0,67.0,35.0,1244.68
2022-05-22,NL,Dordrecht,pm25,24,17.0,72.0,38.0,2458.19
2022-05-22,NL,Breda,pm25,24,27.0,61.0,50.0,1178.19
2022-05-22,NL,Groningen,pm25,46,2.0,66.0,22.0,1860.0
2022-05-22,NL,Maastricht,pm25,95,13.0,80.0,38.0,1797.87
2022-05-22,NL,The Hague,pm25,71,4.0,70.0,33.0,1923.65
2022-05-22,PT,Lisbon,pm25,26,8.0,38.0,18.0,906.46
2022-05-22,PT,Funchal,pm25,64,1.0,39.0,14.0,1154.3
2022-05-22,CA,Hamilton,pm25,78,5.0,68.0,17.0,1790.6
2022-05-22,CA,Calgary,pm25,92,7.0,55.0,20.0,1514.84
2022-05-22,CA,Halifax,pm25,46,10.0,32.0,19.0,309.53
2022-05-22,CA,Kitchener,pm25,40,5.0,102.0,46.0,9383.36
2022-05-22,CA,Edmonton,pm25,137,2.0,130.0,25.0,2199.63
2022-05-22,CA,Mississauga,pm25,58,5.0,70.0,17.0,1678.77
2022-05-22,CA,Québec,pm25,178,5.0,53.0,33.0,1649.76
2022-05-22,CA,Vancouver,pm25,23,11.0,43.0,22.0,538.62
2022-05-22,CA,Victoria,pm25,45,9.0,46.0,21.0,603.86
2022-05-22,CA,Montréal,pm25,415,3.0,76.0,27.0,1490.36
2022-05-22,CA,Toronto,pm25,132,5.0,89.0,21.0,1456.71
2022-05-22,CA,Ottawa,pm25,46,5.0,30.0,12.0,212.53
2022-05-22,CA,London,pm25,25,5.0,55.0,21.0,1934.57
2022-05-22,US,Oklahoma City,pm25,96,13.0,28.0,17.0,81.36
2022-05-22,US,Raleigh,pm25,71,17.0,68.0,50.0,984.26
2022-05-22,US,Memphis,pm25,70,11.0,63.0,29.0,927.45
2022-05-22,US,Jackson,pm25,72,8.0,51.0,27.0,998.35
2022-05-22,US,Boston,pm25,133,13.0,82.0,53.0,1696.11
2022-05-22,US,Richmond,pm25,96,28.0,56.0,43.0,508.15
2022-05-22,US,Portland,pm25,168,10.0,49.0,18.0,648.67
2022-05-22,US,Boise,pm25,73,5.0,38.0,9.0,671.8
2022-05-22,US,Austin,pm25,42,5.0,57.0,25.0,1662.47
2022-05-22,US,Honolulu,pm25,44,5.0,50.0,21.0,1110.46
2022-05-22,US,Fresno,pm25,23,9.0,34.0,21.0,463.48
2022-05-22,US,Milwaukee,pm25,144,5.0,151.0,15.0,2049.73
2022-05-22,US,Hartford,pm25,48,30.0,72.0,61.0,1288.49
2022-05-22,US,Washington D.C.,pm25,96,21.0,59.0,41.0,650.93
2022-05-22,US,Chicago,pm25,240,5.0,60.0,18.0,1283.46
2022-05-22,US,Houston,pm25,47,8.0,71.0,31.0,2182.35
2022-05-22,US,Indianapolis,pm25,95,10.0,64.0,32.0,2667.46
2022-05-22,US,Atlanta,pm25,24,32.0,91.0,42.0,1659.11
2022-05-22,US,Charlotte,pm25,72,9.0,63.0,47.0,1522.38
2022-05-22,US,Sacramento,pm25,71,5.0,91.0,35.0,2300.45
2022-05-22,US,Oakland,pm25,120,25.0,74.0,55.0,921.48
2022-05-22,US,Providence,pm25,48,30.0,74.0,59.0,925.96
2022-05-22,US,Staten Island,pm25,119,6.0,82.0,54.0,2650.33
2022-05-22,US,Brooklyn,pm25,120,6.0,85.0,55.0,1838.95
2022-05-22,US,Springfield,pm25,69,2.0,61.0,18.0,1088.77
2022-05-22,US,The Bronx,pm25,48,6.0,63.0,52.0,1939.56
2022-05-22,US,San Jose,pm25,95,17.0,70.0,50.0,1396.35
2022-05-22,US,Los Angeles,pm25,24,40.0,63.0,51.0,458.84
2022-05-22,US,Detroit,pm25,144,13.0,67.0,25.0,1379.93
2022-05-22,US,Little Rock,pm25,22,1.0,23.0,13.0,332.55
2022-05-22,US,Baltimore,pm25,24,23.0,53.0,46.0,677.32
2022-05-22,US,Phoenix,pm25,181,1.0,61.0,21.0,1362.57
2022-05-22,US,Omaha,pm25,47,9.0,55.0,25.0,1145.11
2022-05-22,US,El Paso,pm25,168,13.0,177.0,52.0,13253.8
2022-05-22,US,Seattle,pm25,181,5.0,68.0,21.0,1870.31
2022-05-22,US,Manhattan,pm25,72,25.0,73.0,55.0,1606.95
2022-05-22,US,Miami,pm25,70,28.0,79.0,58.0,2444.22
2022-05-22,US,Jacksonville,pm25,144,22.0,162.0,52.0,1611.93
2022-05-22,US,San Antonio,pm25,92,2.0,70.0,34.0,2271.59
2022-05-22,US,Philadelphia,pm25,91,21.0,85.0,49.0,1231.61
2022-05-22,US,San Diego,pm25,24,25.0,58.0,45.0,1117.37
2022-05-22,US,Columbus,pm25,48,8.0,54.0,31.0,1923.72
2022-05-22,US,Saint Paul,pm25,98,5.0,72.0,17.0,1950.59
2022-05-22,US,Denver,pm25,130,5.0,30.0,17.0,346.18
2022-05-22,US,Salt Lake City,pm25,216,7.0,56.0,14.0,1129.61
2022-05-22,US,Albuquerque,pm25,72,23.0,165.0,45.0,5603.24
2022-05-22,US,San Francisco,pm25,72,38.0,85.0,57.0,846.95
2022-05-22,US,Salem,pm25,72,10.0,42.0,19.0,327.31
2022-05-22,US,Madison,pm25,48,8.0,20.0,14.0,162.48
2022-05-22,US,Nashville,pm25,69,10.0,59.0,30.0,1541.07
2022-05-22,US,Tucson,pm25,164,5.0,72.0,34.0,2862.21
2022-05-22,US,Queens,pm25,96,15.0,85.0,53.0,1580.84
2022-05-22,US,Tallahassee,pm25,72,30.0,95.0,64.0,2037.46
2022-05-22,US,Fort Worth,pm25,21,5.0,30.0,17.0,581.48
2022-05-22,RS,Novi Sad,pm25,32,6.0,50.0,14.0,1848.87
2022-05-22,RS,Niš,pm25,48,13.0,72.0,45.0,2808.49
2022-05-22,RS,Belgrade,pm25,120,12.0,72.0,26.0,1092.94
2022-05-22,CY,Nicosia,pm25,24,18.0,75.0,55.0,1762.88
2022-05-22,CY,Limassol,pm25,24,32.0,84.0,42.0,1514.49
2022-05-22,HR,Zagreb,pm25,24,20.0,51.0,29.0,465.2
2022-05-22,HR,Rijeka,pm25,79,22.0,52.0,35.0,737.47
2022-05-22,MK,Skopje,pm25,167,5.0,97.0,42.0,3419.35
2022-05-23,GE,Tbilisi,pm25,96,38.0,76.0,49.0,1098.53
2022-05-23,JP,Fukuoka,pm25,406,9.0,137.0,74.0,2450.58
2022-05-23,JP,Kanazawa,pm25,238,5.0,80.0,46.0,1856.67
2022-05-23,JP,Kumamoto,pm25,370,5.0,157.0,72.0,3898.06
2022-05-23,JP,Akita,pm25,45,5.0,85.0,46.0,2845.18
2022-05-23,JP,Kochi,pm25,48,55.0,97.0,70.0,1011.27
2022-05-23,JP,Gifu-shi,pm25,183,5.0,93.0,50.0,4102.36
2022-05-23,JP,Kyoto,pm25,583,5.0,93.0,53.0,3490.78
2022-05-23,JP,Hiroshima,pm25,330,9.0,117.0,70.0,2033.34
2022-05-23,JP,Shizuoka,pm25,263,5.0,91.0,53.0,1549.52
2022-05-23,JP,Chiba,pm25,707,5.0,89.0,30.0,2570.58
2022-05-23,JP,Sapporo,pm25,213,9.0,85.0,46.0,2348.73
2022-05-23,JP,Yokohama,pm25,526,1.0,137.0,30.0,2984.56
2022-05-23,JP,Tokyo,pm25,2440,5.0,157.0,30.0,1729.35
2022-05-23,JP,Saitama,pm25,462,5.0,63.0,25.0,1249.1
2022-05-23,JP,Naha,pm25,144,13.0,80.0,46.0,2146.63
2022-05-23,JP,Nagasaki,pm25,190,9.0,95.0,55.0,1560.41
2022-05-23,JP,Toyama,pm25,190,21.0,91.0,53.0,1360.76
2022-05-23,JP,Niigata,pm25,199,5.0,76.0,42.0,2245.92
2022-05-23,JP,Nara-shi,pm25,192,13.0,76.0,55.0,2210.72
2022-05-23,JP,Okayama,pm25,287,30.0,117.0,74.0,1642.76
2022-05-23,JP,Sendai,pm25,462,5.0,57.0,30.0,709.82
2022-05-23,JP,Osaka,pm25,1461,5.0,102.0,57.0,2942.19
2022-05-23,JP,Miyazaki,pm25,143,30.0,122.0,74.0,3266.85
2022-05-23,JP,Matsuyama,pm25,165,30.0,152.0,74.0,2685.24
2022-05-23,JP,Wakayama,pm25,287,30.0,85.0,57.0,544.42
2022-05-23,JP,Takamatsu,pm25,225,38.0,109.0,68.0,1127.29
2022-05-23,JP,Nagoya,pm25,768,5.0,91.0,46.0,2651.07
2022-05-23,JP,Ōita,pm25,264,25.0,114.0,76.0,1473.42
2022-05-23,JP,Kobe,pm25,406,9.0,134.0,59.0,2450.96
2022-05-23,JP,Nagano,pm25,70,9.0,63.0,38.0,1548.78
2022-05-23,JP,Utsunomiya,pm25,413,5.0,55.0,30.0,1165.97
2022-05-23,JP,Kagoshima,pm25,96,21.0,82.0,61.0,1096.94
2022-05-23,SK,Košice,pm25,96,9.0,76.0,34.0,2254.21
2022-05-23,SK,Bratislava,pm25,94,9.0,46.0,30.0,851.62
2022-05-23,FI,Vantaa,pm25,24,20.0,51.0,23.0,1271.29
2022-05-23,FI,Turku,pm25,24,10.0,29.0,20.0,174.33
2022-05-23,FI,Helsinki,pm25,118,5.0,55.0,26.0,1039.86
2022-05-23,FI,Tampere,pm25,93,14.0,123.0,23.0,2825.92
2022-05-23,ET,Addis Ababa,pm25,24,104.0,179.0,147.0,2595.36
2022-05-23,CH,Zürich,pm25,21,1.0,3.0,2.0,5.62
2022-05-23,CO,Bogotá,pm25,295,5.0,153.0,63.0,6326.7
2022-05-23,CO,Medellín,pm25,305,25.0,89.0,53.0,2106.79
2022-05-23,DK,Copenhagen,pm25,24,13.0,40.0,24.0,627.23
2022-05-23,GB,Edinburgh,pm25,287,2.0,42.0,8.0,426.69
2022-05-23,GB,Norwich,pm25,14,23.0,88.0,53.0,3329.89
2022-05-23,GB,Liverpool,pm25,35,5.0,18.0,13.0,165.51
2022-05-23,GB,Belfast,pm25,43,5.0,19.0,10.0,87.11
2022-05-23,GB,Coventry,pm25,67,6.0,16.0,12.0,56.88
2022-05-23,GB,Leeds,pm25,32,9.0,29.0,17.0,238.06
2022-05-23,GB,Cardiff,pm25,112,5.0,50.0,34.0,1322.62
2022-05-23,GB,Bristol,pm25,72,5.0,57.0,38.0,1593.66
2022-05-23,GB,London,pm25,501,3.0,99.0,26.0,1481.06
2022-05-23,GB,Birmingham,pm25,48,9.0,24.0,13.0,117.0
2022-05-23,GB,Sheffield,pm25,76,9.0,39.0,14.0,434.74
2022-05-23,GB,Newport,pm25,45,5.0,26.0,15.0,231.95
2022-05-23,GB,Leicester,pm25,23,13.0,26.0,15.0,95.1
2022-05-23,GB,Manchester,pm25,72,7.0,36.0,16.0,397.59
2022-05-23,GB,Reading,pm25,41,5.0,25.0,9.0,254.24
2022-05-23,GB,Plymouth,pm25,32,5.0,25.0,17.0,497.38
2022-05-23,GB,Glasgow,pm25,570,3.0,36.0,8.0,175.84
2022-05-23,GB,Preston,pm25,42,8.0,25.0,14.0,235.85
2022-05-23,GB,Swansea,pm25,90,5.0,34.0,13.0,615.18
2022-05-23,GB,Southend-on-Sea,pm25,48,19.0,45.0,29.0,371.05
2022-05-23,ID,Jakarta,pm25,71,34.0,169.0,99.0,16664.5
2022-05-23,NP,Kathmandu,pm25,70,34.0,219.0,70.0,13960.4
2022-05-23,NP,Pokhara,pm25,24,39.0,84.0,55.0,1672.97
2022-05-23,NP,Biratnagar,pm25,48,2.0,44.0,17.0,1554.89
2022-05-23,AU,Sydney,pm25,147,1.0,78.0,13.0,840.83
2022-05-23,AU,Newcastle,pm25,95,1.0,51.0,12.0,1276.15
2022-05-23,AU,Launceston,pm25,166,5.0,240.0,50.0,22947.5
2022-05-23,AU,Hobart,pm25,71,5.0,137.0,21.0,4610.07
2022-05-23,AU,Darwin,pm25,72,1.0,89.0,53.0,3384.01
2022-05-23,AU,Melbourne,pm25,167,6.0,119.0,73.0,4471.55
2022-05-23,AU,Canberra,pm25,65,1.0,63.0,23.0,2083.9
2022-05-23,AU,Adelaide,pm25,84,3.0,184.0,21.0,4443.66
2022-05-23,AU,Brisbane,pm25,107,1.0,106.0,16.0,1277.44
2022-05-23,AU,Perth,pm25,50,2.0,13.0,4.0,73.26
2022-05-23,AU,Wollongong,pm25,36,2.0,94.0,10.0,3131.71
2022-05-23,CI,Abidjan,pm25,24,13.0,127.0,57.0,10473.3
2022-05-23,GH,Accra,pm25,24,21.0,78.0,34.0,3915.92
2022-05-23,IQ,Baghdad,pm25,18,211.0,506.0,298.0,92696.0
2022-05-23,IS,Reykjavík,pm25,96,4.0,56.0,15.0,957.78
2022-05-23,KG,Bishkek,pm25,5,9.0,17.0,13.0,112.0
2022-05-23,NL,Utrecht,pm25,48,26.0,159.0,46.0,3951.02
2022-05-23,NL,Nijmegen,pm25,47,10.0,63.0,39.0,1504.15
2022-05-23,NL,Haarlem,pm25,142,4.0,100.0,47.0,4086.21
2022-05-23,NL,Eindhoven,pm25,21,34.0,71.0,60.0,842.48
2022-05-23,NL,Rotterdam,pm25,192,16.0,90.0,59.0,2938.38
2022-05-23,NL,Amsterdam,pm25,241,6.0,152.0,39.0,3899.62
2022-05-23,NL,Dordrecht,pm25,23,26.0,76.0,63.0,1670.28
2022-05-23,NL,Breda,pm25,24,32.0,76.0,62.0,1435.87
2022-05-23,NL,Groningen,pm25,48,8.0,64.0,32.0,1899.56
2022-05-23,NL,Maastricht,pm25,87,5.0,63.0,34.0,1514.28
2022-05-23,NL,The Hague,pm25,70,9.0,88.0,61.0,4245.66
2022-05-23,PT,Lisbon,pm25,44,10.0,25.0,18.0,196.46
2022-05-23,PT,Funchal,pm25,56,1.0,38.0,17.0,1009.56
2022-05-23,CA,Hamilton,pm25,63,5.0,55.0,13.0,1125.32
2022-05-23,CA,Calgary,pm25,92,8.0,48.0,22.0,631.48
2022-05-23,CA,Halifax,pm25,46,12.0,37.0,18.0,606.52
2022-05-23,CA,Kitchener,pm25,31,5.0,80.0,25.0,3927.25
2022-05-23,CA,Edmonton,pm25,138,4.0,63.0,26.0,1477.64
2022-05-23,CA,Mississauga,pm25,67,5.0,102.0,13.0,3740.29
2022-05-23,CA,Québec,pm25,140,5.0,35.0,9.0,316.18
2022-05-23,CA,Vancouver,pm25,23,18.0,44.0,25.0,351.11
2022-05-23,CA,Victoria,pm25,38,5.0,25.0,13.0,432.43
2022-05-23,CA,Montréal,pm25,273,3.0,55.0,9.0,1084.55
2022-05-23,CA,Toronto,pm25,114,5.0,112.0,13.0,3616.62
2022-05-23,CA,Ottawa,pm25,45,5.0,38.0,12.0,512.83
2022-05-23,CA,London,pm25,39,5.0,76.0,21.0,3060.9
2022-05-23,US,Oklahoma City,pm25,96,8.0,45.0,23.0,402.46
2022-05-23,US,Raleigh,pm25,70,9.0,91.0,38.0,2607.21
2022-05-23,US,Memphis,pm25,72,5.0,47.0,31.0,793.08
2022-05-23,US,Jackson,pm25,72,10.0,54.0,30.0,1484.63
2022-05-23,US,Boston,pm25,131,5.0,50.0,17.0,923.36
2022-05-23,US,Richmond,pm25,96,15.0,43.0,23.0,548.28
2022-05-23,US,Portland,pm25,168,8.0,50.0,17.0,418.56
2022-05-23,US,Boise,pm25,80,5.0,30.0,13.0,401.26
2022-05-23,US,Austin,pm25,45,5.0,72.0,46.0,2367.1
2022-05-23,US,Honolulu,pm25,45,5.0,142.0,21.0,4296.31
2022-05-23,US,Fresno,pm25,37,4.0,47.0,25.0,1175.48
2022-05-23,US,Milwaukee,pm25,144,9.0,42.0,18.0,591.29
2022-05-23,US,Hartford,pm25,48,10.0,32.0,13.0,156.15
2022-05-23,US,Washington D.C.,pm25,106,5.0,43.0,21.0,557.63
2022-05-23,US,Chicago,pm25,236,4.0,70.0,19.0,975.14
2022-05-23,US,Houston,pm25,48,8.0,58.0,35.0,1424.61
2022-05-23,US,Indianapolis,pm25,96,10.0,98.0,19.0,2855.46
2022-05-23,US,Atlanta,pm25,24,10.0,42.0,28.0,846.94
2022-05-23,US,Charlotte,pm25,71,5.0,63.0,38.0,1522.34
2022-05-23,US,Sacramento,pm25,68,2.0,59.0,34.0,2073.23
2022-05-23,US,Oakland,pm25,115,25.0,70.0,50.0,1088.1
2022-05-23,US,Providence,pm25,42,5.0,42.0,13.0,821.42
2022-05-23,US,Staten Island,pm25,92,1.0,58.0,13.0,2143.58
2022-05-23,US,Brooklyn,pm25,53,1.0,30.0,9.0,541.52
2022-05-23,US,Springfield,pm25,69,1.0,56.0,20.0,1001.83
2022-05-23,US,The Bronx,pm25,14,1.0,8.0,3.0,79.12
2022-05-23,US,San Jose,pm25,96,17.0,70.0,46.0,1739.77
2022-05-23,US,Los Angeles,pm25,24,50.0,80.0,58.0,637.32
2022-05-23,US,Detroit,pm25,144,12.0,35.0,19.0,208.43
2022-05-23,US,Little Rock,pm25,22,15.0,47.0,24.0,814.65
2022-05-23,US,Baltimore,pm25,24,10.0,25.0,19.0,170.14
2022-05-23,US,Phoenix,pm25,189,3.0,79.0,21.0,2596.08
2022-05-23,US,Omaha,pm25,47,5.0,53.0,25.0,923.15
2022-05-23,US,El Paso,pm25,168,5.0,68.0,38.0,2198.79
2022-05-23,US,Seattle,pm25,221,5.0,57.0,25.0,1208.1
2022-05-23,US,Manhattan,pm25,46,2.0,59.0,10.0,1009.87
2022-05-23,US,Miami,pm25,76,20.0,35.0,29.0,106.98
2022-05-23,US,Jacksonville,pm25,137,12.0,67.0,37.0,731.87
2022-05-23,US,San Antonio,pm25,94,4.0,76.0,47.0,2301.67
2022-05-23,US,Philadelphia,pm25,91,3.0,101.0,18.0,1967.29
2022-05-23,US,San Diego,pm25,24,40.0,63.0,57.0,352.88
2022-05-23,US,Columbus,pm25,48,6.0,42.0,19.0,892.7
2022-05-23,US,Saint Paul,pm25,113,5.0,53.0,21.0,834.21
2022-05-23,US,Denver,pm25,149,9.0,53.0,21.0,504.6
2022-05-23,US,Salt Lake City,pm25,216,4.0,86.0,13.0,1173.9
2022-05-23,US,Albuquerque,pm25,72,19.0,66.0,32.0,1732.77
2022-05-23,US,San Francisco,pm25,72,17.0,68.0,57.0,1204.36
2022-05-23,US,Salem,pm25,71,9.0,33.0,14.0,156.03
2022-05-23,US,Madison,pm25,48,17.0,41.0,22.0,175.25
2022-05-23,US,Nashville,pm25,73,8.0,54.0,33.0,770.26
2022-05-23,US,Tucson,pm25,157,5.0,61.0,21.0,1223.0
2022-05-23,US,Queens,pm25,50,1.0,28.0,8.0,552.96
2022-05-23,US,Tallahassee,pm25,71,28.0,100.0,60.0,2172.57
2022-05-23,US,Fort Worth,pm25,22,5.0,68.0,34.0,3503.38
2022-05-23,RS,Novi Sad,pm25,37,6.0,43.0,11.0,886.64
2022-05-23,RS,Niš,pm25,48,17.0,61.0,40.0,1544.89
2022-05-23,RS,Belgrade,pm25,120,11.0,47.0,23.0,724.53
2022-05-23,CY,Nicosia,pm25,24,30.0,73.0,57.0,770.85
2022-05-23,CY,Limassol,pm25,24,31.0,81.0,50.0,1119.71
2022-05-23,HR,Zagreb,pm25,24,30.0,66.0,39.0,718.26
2022-05-23,HR,Rijeka,pm25,79,34.0,63.0,50.0,401.9
2022-05-23,MK,Skopje,pm25,165,10.0,122.0,53.0,4438.4
2022-05-24,GE,Tbilisi,pm25,96,23.0,55.0,35.0,563.16
2022-05-24,JP,Fukuoka,pm25,400,13.0,174.0,87.0,3516.3
2022-05-24,JP,Kanazawa,pm25,234,5.0,80.0,42.0,1779.72
2022-05-24,JP,Kumamoto,pm25,369,9.0,169.0,82.0,5864.0
2022-05-24,JP,Akita,pm25,47,25.0,102.0,55.0,2054.83
2022-05-24,JP,Kochi,pm25,48,61.0,112.0,72.0,998.93
2022-05-24,JP,Gifu-shi,pm25,186,5.0,85.0,50.0,2613.0
2022-05-24,JP,Kyoto,pm25,575,5.0,89.0,55.0,3459.2
2022-05-24,JP,Hiroshima,pm25,333,5.0,117.0,65.0,3359.43
2022-05-24,JP,Shizuoka,pm25,257,5.0,70.0,30.0,1454.26
2022-05-24,JP,Chiba,pm25,705,5.0,117.0,30.0,2567.53
2022-05-24,JP,Sapporo,pm25,213,5.0,80.0,30.0,1824.56
2022-05-24,JP,Yokohama,pm25,510,1.0,107.0,21.0,1901.91
2022-05-24,JP,Tokyo,pm25,2359,1.0,129.0,34.0,1407.21
2022-05-24,JP,Saitama,pm25,488,5.0,68.0,34.0,1451.79
2022-05-24,JP,Naha,pm25,129,5.0,42.0,13.0,725.06
2022-05-24,JP,Nagasaki,pm25,189,46.0,97.0,72.0,587.36
2022-05-24,JP,Toyama,pm25,180,13.0,87.0,53.0,1540.48
2022-05-24,JP,Niigata,pm25,209,13.0,61.0,42.0,837.95
2022-05-24,JP,Nara-shi,pm25,181,9.0,80.0,55.0,2503.09
2022-05-24,JP,Okayama,pm25,285,17.0,93.0,55.0,2518.33
2022-05-24,JP,Sendai,pm25,431,5.0,68.0,34.0,1339.53
2022-05-24,JP,Osaka,pm25,1411,5.0,122.0,53.0,3894.23
2022-05-24,JP,Miyazaki,pm25,143,17.0,151.0,85.0,3922.77
2022-05-24,JP,Matsuyama,pm25,165,30.0,127.0,76.0,2577.1
2022-05-24,JP,Wakayama,pm25,283,5.0,87.0,55.0,2720.57
2022-05-24,JP,Takamatsu,pm25,218,9.0,80.0,53.0,1915.03
2022-05-24,JP,Nagoya,pm25,758,5.0,91.0,50.0,1389.26
2022-05-24,JP,Ōita,pm25,263,50.0,127.0,85.0,2144.73
2022-05-24,JP,Kobe,pm25,403,5.0,139.0,53.0,3778.62
2022-05-24,JP,Nagano,pm25,72,9.0,65.0,38.0,1770.26
2022-05-24,JP,Utsunomiya,pm25,429,5.0,74.0,38.0,2124.78
2022-05-24,JP,Kagoshima,pm25,96,34.0,107.0,68.0,2148.37
2022-05-24,SK,Košice,pm25,95,13.0,132.0,42.0,3603.97
2022-05-24,SK,Bratislava,pm25,96,21.0,59.0,38.0,1053.68
2022-05-24,FI,Vantaa,pm25,22,15.0,52.0,25.0,1305.37
2022-05-24,FI,Turku,pm25,24,17.0,35.0,23.0,286.36
2022-05-24,FI,Helsinki,pm25,120,8.0,59.0,23.0,1111.65
2022-05-24,FI,Tampere,pm25,96,13.0,43.0,22.0,528.21
2022-05-24,CH,Zürich,pm25,11,1.0,1.0,1.0,0.0
2022-05-24,CO,Bogotá,pm25,276,5.0,147.0,57.0,5813.56
2022-05-24,CO,Medellín,pm25,297,25.0,91.0,53.0,1897.03
2022-05-24,DK,Copenhagen,pm25,24,13.0,59.0,28.0,1377.97
2022-05-24,GB,Edinburgh,pm25,282,3.0,34.0,8.0,296.83
2022-05-24,GB,Norwich,pm25,20,11.0,46.0,30.0,818.18
2022-05-24,GB,Liverpool,pm25,40,5.0,13.0,9.0,75.99
2022-05-24,GB,Belfast,pm25,35,7.0,18.0,12.0,78.87
2022-05-24,GB,Coventry,pm25,34,5.0,17.0,9.0,54.23
2022-05-24,GB,Leeds,pm25,39,9.0,30.0,13.0,242.36
2022-05-24,GB,Cardiff,pm25,107,5.0,55.0,38.0,1520.06
2022-05-24,GB,Bristol,pm25,63,5.0,53.0,25.0,1356.44
2022-05-24,GB,London,pm25,487,2.0,68.0,18.0,1371.59
2022-05-24,GB,Birmingham,pm25,47,5.0,21.0,12.0,113.58
2022-05-24,GB,Sheffield,pm25,57,9.0,30.0,11.0,190.63
2022-05-24,GB,Newport,pm25,41,4.0,18.0,8.0,164.28
2022-05-24,GB,Leicester,pm25,12,13.0,26.0,17.0,204.47
2022-05-24,GB,Manchester,pm25,71,9.0,20.0,14.0,71.84
2022-05-24,GB,Reading,pm25,38,5.0,25.0,9.0,455.19
2022-05-24,GB,Plymouth,pm25,24,5.0,17.0,11.0,119.98
2022-05-24,GB,Glasgow,pm25,570,3.0,27.0,8.0,101.13
2022-05-24,GB,Preston,pm25,32,7.0,16.0,11.0,40.07
2022-05-24,GB,Swansea,pm25,94,5.0,55.0,17.0,1076.12
2022-05-24,GB,Southend-on-Sea,pm25,39,2.0,33.0,11.0,425.88
2022-05-24,ID,Jakarta,pm25,71,38.0,164.0,89.0,9467.55
2022-05-24,NP,Kathmandu,pm25,72,72.0,152.0,96.0,4025.21
2022-05-24,NP,Pokhara,pm25,24,49.0,114.0,59.0,2951.01
2022-05-24,NP,Biratnagar,pm25,46,1.0,44.0,19.0,1981.87
2022-05-24,AU,Sydney,pm25,157,1.0,83.0,16.0,1996.05
2022-05-24,AU,Newcastle,pm25,117,1.0,43.0,13.0,891.35
2022-05-24,AU,Launceston,pm25,164,5.0,201.0,63.0,15889.4
2022-05-24,AU,Hobart,pm25,69,13.0,107.0,46.0,4823.71
2022-05-24,AU,Darwin,pm25,72,26.0,104.0,56.0,3476.43
2022-05-24,AU,Melbourne,pm25,164,5.0,115.0,52.0,5840.55
2022-05-24,AU,Canberra,pm25,63,1.0,87.0,25.0,4568.85
2022-05-24,AU,Adelaide,pm25,86,5.0,39.0,14.0,545.97
2022-05-24,AU,Perth,pm25,40,3.0,15.0,5.0,54.36
2022-05-24,AU,Wollongong,pm25,36,1.0,114.0,13.0,4003.33
2022-05-24,CI,Abidjan,pm25,24,13.0,61.0,30.0,2504.35
2022-05-24,GH,Accra,pm25,24,21.0,114.0,63.0,7425.8
2022-05-24,IQ,Baghdad,pm25,24,151.0,510.0,191.0,199195.0
2022-05-24,IS,Reykjavík,pm25,96,4.0,20.0,14.0,208.7
2022-05-24,KG,Bishkek,pm25,24,13.0,76.0,38.0,3739.55
2022-05-24,NL,Utrecht,pm25,46,6.0,59.0,31.0,1680.54
2022-05-24,NL,Nijmegen,pm25,48,2.0,60.0,29.0,2097.02
2022-05-24,NL,Haarlem,pm25,141,1.0,71.0,26.0,1613.53
2022-05-24,NL,Eindhoven,pm25,24,17.0,64.0,38.0,2084.76
2022-05-24,NL,Rotterdam,pm25,178,2.0,52.0,18.0,1681.36
2022-05-24,NL,Amsterdam,pm25,233,1.0,59.0,23.0,1109.0
2022-05-24,NL,Dordrecht,pm25,23,5.0,62.0,30.0,2157.55
2022-05-24,NL,Breda,pm25,24,15.0,62.0,30.0,1900.27
2022-05-24,NL,Groningen,pm25,47,2.0,56.0,20.0,1725.36
2022-05-24,NL,Maastricht,pm25,90,5.0,61.0,21.0,1622.02
2022-05-24,NL,The Hague,pm25,67,1.0,48.0,15.0,1349.36
2022-05-24,PT,Lisbon,pm25,40,9.0,20.0,15.0,118.92
2022-05-24,PT,Funchal,pm25,63,1.0,32.0,15.0,708.48
2022-05-24,CA,Hamilton,pm25,95,5.0,93.0,30.0,2838.18
2022-05-24,CA,Calgary,pm25,92,9.0,35.0,18.0,269.01
2022-05-24,CA,Halifax,pm25,45,13.0,23.0,15.0,30.83
2022-05-24,CA,Kitchener,pm25,36,13.0,87.0,21.0,2873.43
2022-05-24,CA,Edmonton,pm25,138,7.0,58.0,25.0,1008.28
2022-05-24,CA,Mississauga,pm25,72,5.0,87.0,21.0,2649.58
2022-05-24,CA,Québec,pm25,146,9.0,57.0,20.0,484.93
2022-05-24,CA,Vancouver,pm25,23,8.0,28.0,17.0,419.01
2022-05-24,CA,Victoria,pm25,43,5.0,38.0,17.0,682.78
2022-05-24,CA,Montréal,pm25,360,3.0,65.0,24.0,1281.46
2022-05-24,CA,Toronto,pm25,134,5.0,165.0,17.0,6398.87
2022-05-24,CA,Ottawa,pm25,56,5.0,38.0,18.0,429.34
2022-05-24,CA,London,pm25,47,5.0,50.0,25.0,1292.12
2022-05-24,US,Oklahoma City,pm25,96,6.0,43.0,17.0,581.63
2022-05-24,US,Raleigh,pm25,61,5.0,61.0,30.0,2046.09
2022-05-24,US,Memphis,pm25,71,13.0,64.0,41.0,756.93
2022-05-24,US,Jackson,pm25,72,8.0,97.0,41.0,4069.48
2022-05-24,US,Boston,pm25,114,5.0,42.0,17.0,514.2
2022-05-24,US,Richmond,pm25,96,4.0,35.0,18.0,760.28
2022-05-24,US,Portland,pm25,167,5.0,59.0,15.0,416.38
2022-05-24,US,Boise,pm25,92,5.0,38.0,21.0,601.11
2022-05-24,US,Austin,pm25,42,5.0,57.0,38.0,1966.44
2022-05-24,US,Honolulu,pm25,47,5.0,46.0,21.0,856.01
2022-05-24,US,Fresno,pm25,48,21.0,53.0,32.0,595.32
2022-05-24,US,Milwaukee,pm25,144,10.0,57.0,21.0,1390.37
2022-05-24,US,Hartford,pm25,47,8.0,23.0,14.0,153.02
2022-05-24,US,Washington D.C.,pm25,102,5.0,53.0,20.0,944.61
2022-05-24,US,Chicago,pm25,238,3.0,57.0,28.0,1447.38
2022-05-24,US,Houston,pm25,43,1.0,78.0,40.0,3023.09
2022-05-24,US,Indianapolis,pm25,96,20.0,57.0,29.0,563.95
2022-05-24,US,Atlanta,pm25,24,16.0,54.0,35.0,1428.24
2022-05-24,US,Charlotte,pm25,66,5.0,53.0,25.0,1529.69
2022-05-24,US,Sacramento,pm25,70,9.0,99.0,30.0,3059.4
2022-05-24,US,Oakland,pm25,118,13.0,102.0,53.0,1809.56
2022-05-24,US,Providence,pm25,41,5.0,34.0,13.0,766.7
2022-05-24,US,Staten Island,pm25,109,1.0,46.0,17.0,1185.68
2022-05-24,US,Brooklyn,pm25,111,2.0,40.0,12.0,584.46
2022-05-24,US,Springfield,pm25,72,13.0,59.0,30.0,1637.51
2022-05-24,US,The Bronx,pm25,44,2.0,20.0,9.0,204.23
2022-05-24,US,San Jose,pm25,90,13.0,76.0,46.0,2058.61
2022-05-24,US,Los Angeles,pm25,24,47.0,92.0,73.0,1304.93
2022-05-24,US,Detroit,pm25,143,13.0,70.0,33.0,1807.08
2022-05-24,US,Little Rock,pm25,23,20.0,53.0,43.0,856.56
2022-05-24,US,Baltimore,pm25,38,9.0,42.0,25.0,473.8
2022-05-24,US,Phoenix,pm25,188,1.0,56.0,19.0,1297.71
2022-05-24,US,Omaha,pm25,48,9.0,53.0,25.0,851.27
2022-05-24,US,El Paso,pm25,166,13.0,115.0,42.0,3848.96
2022-05-24,US,Seattle,pm25,248,5.0,61.0,17.0,643.56
2022-05-24,US,Manhattan,pm25,67,1.0,65.0,11.0,1517.39
2022-05-24,US,Miami,pm25,69,22.0,34.0,28.0,116.53
2022-05-24,US,Jacksonville,pm25,143,11.0,106.0,27.0,923.36
2022-05-24,US,San Antonio,pm25,93,2.0,71.0,25.0,2327.89
2022-05-24,US,Philadelphia,pm25,94,4.0,151.0,17.0,3855.63
2022-05-24,US,San Diego,pm25,24,45.0,74.0,56.0,531.52
2022-05-24,US,Columbus,pm25,46,2.0,32.0,21.0,312.62
2022-05-24,US,Saint Paul,pm25,132,5.0,50.0,17.0,862.98
2022-05-24,US,Denver,pm25,159,9.0,82.0,34.0,2098.9
2022-05-24,US,Salt Lake City,pm25,216,6.0,55.0,18.0,921.24
2022-05-24,US,Albuquerque,pm25,71,15.0,79.0,24.0,1742.17
2022-05-24,US,San Francisco,pm25,72,25.0,72.0,55.0,1188.73
2022-05-24,US,Salem,pm25,72,9.0,117.0,14.0,1998.15
2022-05-24,US,Madison,pm25,41,13.0,80.0,26.0,2728.74
2022-05-24,US,Nashville,pm25,71,5.0,61.0,37.0,1822.78
2022-05-24,US,Tucson,pm25,162,5.0,95.0,21.0,2197.78
2022-05-24,US,Queens,pm25,91,1.0,28.0,12.0,567.98
2022-05-24,US,Tallahassee,pm25,72,13.0,83.0,51.0,2516.42
2022-05-24,US,Fort Worth,pm25,16,5.0,57.0,38.0,2437.17
2022-05-24,RS,Novi Sad,pm25,48,6.0,54.0,19.0,2227.22
2022-05-24,RS,Niš,pm25,48,29.0,59.0,47.0,777.55
2022-05-24,RS,Belgrade,pm25,120,14.0,63.0,37.0,1966.93
2022-05-24,CY,Nicosia,pm25,24,47.0,81.0,57.0,745.15
2022-05-24,CY,Limassol,pm25,24,37.0,66.0,53.0,529.4
2022-05-24,HR,Zagreb,pm25,24,48.0,79.0,62.0,760.42
2022-05-24,HR,Rijeka,pm25,77,36.0,64.0,46.0,318.85
2022-05-24,MK,Skopje,pm25,145,12.0,99.0,56.0,2629.87
2022-05-25,GE,Tbilisi,pm25,96,15.0,36.0,28.0,411.84
2022-05-25,JP,Fukuoka,pm25,402,9.0,163.0,82.0,3891.61
2022-05-25,JP,Kanazawa,pm25,234,5.0,78.0,53.0,1499.63
2022-05-25,JP,Kumamoto,pm25,374,17.0,164.0,82.0,4776.52
2022-05-25,JP,Akita,pm25,47,21.0,119.0,46.0,3680.84
2022-05-25,JP,Kochi,pm25,48,55.0,89.0,72.0,592.3
2022-05-25,JP,Gifu-shi,pm25,176,5.0,85.0,46.0,2564.88
2022-05-25,JP,Kyoto,pm25,575,13.0,85.0,59.0,1023.25
2022-05-25,JP,Hiroshima,pm25,333,34.0,124.0,82.0,1764.95
2022-05-25,JP,Shizuoka,pm25,247,5.0,89.0,30.0,2541.66
2022-05-25,JP,Chiba,pm25,713,5.0,95.0,30.0,2340.42
2022-05-25,JP,Sapporo,pm25,211,5.0,104.0,42.0,2270.38
2022-05-25,JP,Yokohama,pm25,506,1.0,107.0,21.0,2165.59
2022-05-25,JP,Tokyo,pm25,2293,1.0,175.0,30.0,1584.33
2022-05-25,JP,Saitama,pm25,498,13.0,65.0,34.0,1111.58
2022-05-25,JP,Naha,pm25,130,5.0,25.0,9.0,368.51
2022-05-25,JP,Nagasaki,pm25,190,34.0,114.0,72.0,932.27
2022-05-25,JP,Toyama,pm25,175,13.0,97.0,55.0,1599.75
2022-05-25,JP,Niigata,pm25,212,9.0,74.0,42.0,1106.76
2022-05-25,JP,Nara-shi,pm25,184,34.0,76.0,59.0,661.69
2022-05-25,JP,Okayama,pm25,284,46.0,109.0,68.0,910.73
2022-05-25,JP,Sendai,pm25,409,9.0,74.0,46.0,1588.5
2022-05-25,JP,Osaka,pm25,1459,9.0,134.0,63.0,974.37
2022-05-25,JP,Miyazaki,pm25,139,9.0,97.0,55.0,2594.54
2022-05-25,JP,Matsuyama,pm25,167,38.0,119.0,82.0,2557.28
2022-05-25,JP,Wakayama,pm25,283,34.0,89.0,61.0,531.89
2022-05-25,JP,Takamatsu,pm25,240,30.0,112.0,59.0,1218.52
2022-05-25,JP,Nagoya,pm25,778,5.0,89.0,38.0,1363.19
2022-05-25,JP,Ōita,pm25,264,42.0,144.0,74.0,1684.62
2022-05-25,JP,Kobe,pm25,415,21.0,91.0,61.0,476.54
2022-05-25,JP,Nagano,pm25,72,9.0,91.0,42.0,3246.69
2022-05-25,JP,Utsunomiya,pm25,423,13.0,70.0,42.0,1259.35
2022-05-25,JP,Kagoshima,pm25,94,5.0,74.0,42.0,1625.55
2022-05-25,SK,Košice,pm25,96,9.0,151.0,50.0,5830.5
2022-05-25,SK,Bratislava,pm25,87,5.0,59.0,21.0,1969.15
2022-05-25,FI,Vantaa,pm25,20,19.0,49.0,35.0,865.55
2022-05-25,FI,Turku,pm25,24,17.0,50.0,24.0,795.65
2022-05-25,FI,Helsinki,pm25,120,19.0,86.0,31.0,1684.9
2022-05-25,FI,Tampere,pm25,96,20.0,40.0,27.0,195.5
2022-05-25,CH,Zürich,pm25,19,1.0,2.0,1.0,1.75
2022-05-25,CO,Bogotá,pm25,280,5.0,117.0,30.0,5484.11
2022-05-25,CO,Medellín,pm25,261,30.0,93.0,63.0,1396.77
2022-05-25,DK,Copenhagen,pm25,24,10.0,37.0,20.0,479.93
2022-05-25,GB,Edinburgh,pm25,284,1.0,42.0,10.0,391.93
2022-05-25,GB,Norwich,pm25,15,12.0,18.0,17.0,48.29
2022-05-25,GB,Liverpool,pm25,34,5.0,21.0,11.0,161.82
2022-05-25,GB,Belfast,pm25,31,4.0,21.0,12.0,125.78
2022-05-25,GB,Coventry,pm25,58,8.0,34.0,12.0,180.77
2022-05-25,GB,Leeds,pm25,27,9.0,25.0,17.0,210.26
2022-05-25,GB,Cardiff,pm25,115,5.0,61.0,34.0,2554.78
2022-05-25,GB,Bristol,pm25,70,9.0,57.0,30.0,2014.12
2022-05-25,GB,London,pm25,517,5.0,68.0,21.0,1216.94
2022-05-25,GB,Birmingham,pm25,44,7.0,23.0,13.0,138.41
2022-05-25,GB,Sheffield,pm25,81,8.0,25.0,10.0,107.66
2022-05-25,GB,Newport,pm25,46,5.0,42.0,21.0,1125.61
2022-05-25,GB,Leicester,pm25,17,13.0,23.0,14.0,150.59
2022-05-25,GB,Manchester,pm25,75,5.0,23.0,13.0,133.76
2022-05-25,GB,Reading,pm25,30,5.0,21.0,9.0,213.33
2022-05-25,GB,Plymouth,pm25,31,5.0,41.0,17.0,851.23
2022-05-25,GB,Glasgow,pm25,565,2.0,29.0,11.0,219.41
2022-05-25,GB,Preston,pm25,39,8.0,17.0,13.0,57.57
2022-05-25,GB,Swansea,pm25,93,5.0,55.0,25.0,1509.04
2022-05-25,GB,Southend-on-Sea,pm25,48,9.0,28.0,15.0,209.25
2022-05-25,ID,Jakarta,pm25,71,25.0,171.0,124.0,18395.2
2022-05-25,NP,Kathmandu,pm25,71,30.0,165.0,102.0,10929.0
2022-05-25,NP,Pokhara,pm25,24,60.0,154.0,75.0,3524.57
2022-05-25,NP,Biratnagar,pm25,16,46.0,69.0,53.0,719.83
2022-05-25,AU,Sydney,pm25,147,3.0,71.0,20.0,1792.5
2022-05-25,AU,Newcastle,pm25,115,1.0,71.0,19.0,2195.32
2022-05-25,AU,Launceston,pm25,168,5.0,181.0,55.0,20135.0
2022-05-25,AU,Hobart,pm25,72,5.0,132.0,70.0,7551.64
2022-05-25,AU,Darwin,pm25,72,11.0,82.0,60.0,1795.82
2022-05-25,AU,Melbourne,pm25,165,1.0,65.0,34.0,2842.02
2022-05-25,AU,Canberra,pm25,62,4.0,82.0,25.0,4604.75
2022-05-25,AU,Adelaide,pm25,85,1.0,53.0,13.0,887.86
2022-05-25,AU,Brisbane,pm25,120,1.0,35.0,21.0,627.56
2022-05-25,AU,Perth,pm25,71,2.0,27.0,7.0,211.28
2022-05-25,AU,Wollongong,pm25,29,1.0,54.0,17.0,1690.05
2022-05-25,CI,Abidjan,pm25,24,25.0,80.0,55.0,1722.16
2022-05-25,GH,Accra,pm25,24,21.0,127.0,53.0,9188.62
2022-05-25,IQ,Baghdad,pm25,24,151.0,302.0,182.0,13156.1
2022-05-25,IS,Reykjavík,pm25,96,2.0,18.0,9.0,233.67
2022-05-25,KG,Bishkek,pm25,24,25.0,74.0,53.0,1603.19
2022-05-25,NL,Utrecht,pm25,48,16.0,63.0,29.0,1302.39
2022-05-25,NL,Nijmegen,pm25,48,18.0,57.0,35.0,1061.06
2022-05-25,NL,Haarlem,pm25,140,1.0,70.0,29.0,1859.18
2022-05-25,NL,Eindhoven,pm25,24,26.0,67.0,51.0,1474.76
2022-05-25,NL,Rotterdam,pm25,177,5.0,62.0,24.0,1739.42
2022-05-25,NL,Amsterdam,pm25,251,1.0,68.0,23.0,2091.32
2022-05-25,NL,Dordrecht,pm25,24,5.0,63.0,26.0,2518.24
2022-05-25,NL,Breda,pm25,24,9.0,62.0,27.0,2870.43
2022-05-25,NL,Groningen,pm25,38,1.0,57.0,19.0,1819.89
2022-05-25,NL,Maastricht,pm25,90,5.0,42.0,17.0,776.52
2022-05-25,NL,The Hague,pm25,67,2.0,56.0,22.0,1835.47
2022-05-25,PT,Lisbon,pm25,61,9.0,26.0,15.0,179.84
2022-05-25,PT,Funchal,pm25,58,1.0,30.0,17.0,870.61
2022-05-25,CA,Hamilton,pm25,92,9.0,70.0,34.0,2007.11
2022-05-25,CA,Calgary,pm25,89,8.0,49.0,15.0,296.02
2022-05-25,CA,Halifax,pm25,46,8.0,28.0,15.0,192.54
2022-05-25,CA,Kitchener,pm25,41,9.0,82.0,42.0,3192.24
2022-05-25,CA,Edmonton,pm25,137,8.0,61.0,29.0,1198.69
2022-05-25,CA,Mississauga,pm25,63,5.0,76.0,21.0,1444.19
2022-05-25,CA,Québec,pm25,146,14.0,53.0,22.0,570.49
2022-05-25,CA,Vancouver,pm25,22,8.0,24.0,15.0,250.13
2022-05-25,CA,Victoria,pm25,38,5.0,38.0,25.0,1031.44
2022-05-25,CA,Montréal,pm25,368,12.0,77.0,38.0,2562.9
2022-05-25,CA,Toronto,pm25,126,9.0,50.0,21.0,1033.65
2022-05-25,CA,Ottawa,pm25,62,5.0,50.0,21.0,967.45
2022-05-25,CA,London,pm25,48,9.0,53.0,30.0,1588.07
2022-05-25,US,Oklahoma City,pm25,95,3.0,18.0,5.0,99.51
2022-05-25,US,Raleigh,pm25,54,5.0,55.0,17.0,1767.91
2022-05-25,US,Memphis,pm25,70,7.0,59.0,27.0,741.57
2022-05-25,US,Jackson,pm25,72,3.0,61.0,22.0,1994.63
2022-05-25,US,Boston,pm25,110,5.0,46.0,21.0,505.15
2022-05-25,US,Richmond,pm25,96,15.0,31.0,21.0,125.26
2022-05-25,US,Portland,pm25,167,5.0,34.0,15.0,363.65
2022-05-25,US,Boise,pm25,82,5.0,42.0,17.0,710.15
2022-05-25,US,Austin,pm25,32,5.0,46.0,17.0,742.86
2022-05-25,US,Honolulu,pm25,46,5.0,53.0,17.0,1372.7
2022-05-25,US,Fresno,pm25,47,30.0,91.0,50.0,2594.28
2022-05-25,US,Milwaukee,pm25,144,5.0,69.0,34.0,1833.92
2022-05-25,US,Hartford,pm25,45,15.0,27.0,18.0,84.82
2022-05-25,US,Washington D.C.,pm25,94,5.0,46.0,19.0,441.45
2022-05-25,US,Chicago,pm25,238,9.0,62.0,35.0,1372.21
2022-05-25,US,Houston,pm25,47,2.0,64.0,30.0,1439.85
2022-05-25,US,Indianapolis,pm25,96,19.0,53.0,33.0,449.6
2022-05-25,US,Atlanta,pm25,24,25.0,51.0,36.0,721.29
2022-05-25,US,Charlotte,pm25,72,9.0,46.0,21.0,728.87
2022-05-25,US,Sacramento,pm25,72,9.0,55.0,30.0,1202.39
2022-05-25,US,Oakland,pm25,113,5.0,80.0,42.0,2849.69
2022-05-25,US,Providence,pm25,38,5.0,38.0,17.0,848.93
2022-05-25,US,Staten Island,pm25,107,1.0,44.0,17.0,1228.37
2022-05-25,US,Brooklyn,pm25,113,1.0,36.0,13.0,552.24
2022-05-25,US,Springfield,pm25,72,5.0,58.0,28.0,789.3
2022-05-25,US,The Bronx,pm25,40,4.0,21.0,10.0,189.0
2022-05-25,US,San Jose,pm25,93,5.0,72.0,38.0,2379.33
2022-05-25,US,Los Angeles,pm25,24,52.0,107.0,73.0,2376.94
2022-05-25,US,Detroit,pm25,163,20.0,115.0,31.0,3498.12
2022-05-25,US,Little Rock,pm25,24,5.0,58.0,28.0,1518.68
2022-05-25,US,Baltimore,pm25,48,5.0,30.0,21.0,261.26
2022-05-25,US,Phoenix,pm25,187,3.0,136.0,23.0,3193.55
2022-05-25,US,Omaha,pm25,45,5.0,42.0,21.0,709.22
2022-05-25,US,El Paso,pm25,166,9.0,87.0,46.0,3590.61
2022-05-25,US,Seattle,pm25,250,4.0,61.0,17.0,750.0
2022-05-25,US,Manhattan,pm25,67,1.0,54.0,15.0,863.8
2022-05-25,US,Miami,pm25,82,20.0,51.0,36.0,629.64
2022-05-25,US,Jacksonville,pm25,142,25.0,85.0,35.0,688.32
2022-05-25,US,San Antonio,pm25,78,1.0,63.0,16.0,2094.46
2022-05-25,US,Philadelphia,pm25,87,1.0,155.0,21.0,4387.33
2022-05-25,US,San Diego,pm25,24,38.0,70.0,59.0,478.48
2022-05-25,US,Columbus,pm25,48,6.0,39.0,24.0,410.57
2022-05-25,US,Saint Paul,pm25,127,5.0,53.0,17.0,925.37
2022-05-25,US,Denver,pm25,141,9.0,38.0,17.0,334.27
2022-05-25,US,Salt Lake City,pm25,215,8.0,61.0,25.0,1212.59
2022-05-25,US,Albuquerque,pm25,72,12.0,55.0,21.0,963.47
2022-05-25,US,San Francisco,pm25,69,5.0,74.0,46.0,2818.72
2022-05-25,US,Salem,pm25,72,7.0,34.0,10.0,195.7
2022-05-25,US,Madison,pm25,48,14.0,58.0,25.0,1354.43
2022-05-25,US,Nashville,pm25,68,5.0,55.0,24.0,1095.6
2022-05-25,US,Tucson,pm25,156,5.0,61.0,25.0,1692.11
2022-05-25,US,Queens,pm25,94,1.0,34.0,9.0,841.16
2022-05-25,US,Tallahassee,pm25,67,1.0,64.0,37.0,1879.42
2022-05-25,US,Fort Worth,pm25,3,9.0,34.0,25.0,1603.33
2022-05-25,RS,Novi Sad,pm25,48,12.0,128.0,34.0,5023.12
2022-05-25,RS,Niš,pm25,48,18.0,78.0,47.0,1973.88
2022-05-25,RS,Belgrade,pm25,120,31.0,89.0,52.0,1137.1
2022-05-25,CY,Nicosia,pm25,24,46.0,91.0,60.0,667.54
2022-05-25,CY,Limassol,pm25,24,33.0,84.0,61.0,1101.72
2022-05-25,HR,Zagreb,pm25,24,16.0,104.0,55.0,4042.54
2022-05-25,HR,Rijeka,pm25,77,41.0,58.0,51.0,117.53
2022-05-25,MK,Skopje,pm25,150,23.0,89.0,55.0,1737.88
2022-05-26,GE,Tbilisi,pm25,96,16.0,71.0,33.0,815.71
2022-05-26,JP,Fukuoka,pm25,401,5.0,139.0,68.0,4734.76
2022-05-26,JP,Kanazawa,pm25,229,5.0,87.0,46.0,2130.99
2022-05-26,JP,Kumamoto,pm25,348,5.0,112.0,57.0,5747.52
2022-05-26,JP,Akita,pm25,45,21.0,82.0,50.0,2123.1
2022-05-26,JP,Kochi,pm25,48,17.0,85.0,59.0,3478.51
2022-05-26,JP,Gifu-shi,pm25,169,5.0,169.0,46.0,3917.1
2022-05-26,JP,Kyoto,pm25,587,5.0,104.0,61.0,2514.94
2022-05-26,JP,Hiroshima,pm25,335,9.0,104.0,68.0,1953.99
2022-05-26,JP,Shizuoka,pm25,252,5.0,139.0,34.0,1987.24
2022-05-26,JP,Chiba,pm25,756,5.0,97.0,34.0,2394.43
2022-05-26,JP,Sapporo,pm25,210,13.0,109.0,42.0,1848.9
2022-05-26,JP,Yokohama,pm25,523,1.0,95.0,30.0,2564.13
2022-05-26,JP,Tokyo,pm25,2418,1.0,164.0,38.0,1687.18
2022-05-26,JP,Saitama,pm25,502,9.0,68.0,34.0,1216.73
2022-05-26,JP,Naha,pm25,86,5.0,25.0,9.0,258.47
2022-05-26,JP,Nagasaki,pm25,192,17.0,91.0,57.0,2636.85
2022-05-26,JP,Toyama,pm25,170,5.0,93.0,46.0,3008.85
2022-05-26,JP,Niigata,pm25,210,9.0,74.0,50.0,776.38
2022-05-26,JP,Nara-shi,pm25,191,9.0,82.0,55.0,2722.52
2022-05-26,JP,Okayama,pm25,277,5.0,139.0,68.0,3107.24
2022-05-26,JP,Sendai,pm25,451,17.0,63.0,46.0,736.39
2022-05-26,JP,Osaka,pm25,1458,5.0,119.0,55.0,3498.91
2022-05-26,JP,Miyazaki,pm25,128,5.0,91.0,42.0,3994.76
2022-05-26,JP,Matsuyama,pm25,166,9.0,129.0,70.0,5093.91
2022-05-26,JP,Wakayama,pm25,286,5.0,91.0,57.0,5195.81
2022-05-26,JP,Takamatsu,pm25,218,5.0,95.0,55.0,3232.29
2022-05-26,JP,Nagoya,pm25,789,1.0,70.0,42.0,1323.6
2022-05-26,JP,Ōita,pm25,251,5.0,89.0,50.0,4583.24
2022-05-26,JP,Kobe,pm25,426,5.0,91.0,57.0,3774.14
2022-05-26,JP,Nagano,pm25,70,9.0,999.0,42.0,388892.0
2022-05-26,JP,Utsunomiya,pm25,430,5.0,550.0,42.0,13196.0
2022-05-26,JP,Kagoshima,pm25,93,5.0,72.0,30.0,2575.76
2022-05-26,SK,Košice,pm25,92,5.0,97.0,38.0,4272.33
2022-05-26,SK,Bratislava,pm25,95,5.0,63.0,25.0,1366.99
2022-05-26,FI,Vantaa,pm25,24,3.0,60.0,22.0,2403.41
2022-05-26,FI,Turku,pm25,22,1.0,28.0,12.0,391.17
2022-05-26,FI,Helsinki,pm25,120,7.0,55.0,29.0,1064.09
2022-05-26,FI,Tampere,pm25,96,2.0,53.0,29.0,1675.3
2022-05-26,ET,Addis Ababa,pm25,10,127.0,153.0,137.0,932.89
2022-05-26,CH,Zürich,pm25,19,1.0,2.0,1.0,1.75
2022-05-26,CO,Bogotá,pm25,287,5.0,137.0,30.0,5501.69
2022-05-26,CO,Medellín,pm25,252,21.0,93.0,63.0,1749.43
2022-05-26,DK,Copenhagen,pm25,24,11.0,35.0,19.0,285.92
2022-05-26,GB,Edinburgh,pm25,283,2.0,46.0,17.0,718.97
2022-05-26,GB,Norwich,pm25,24,13.0,26.0,17.0,159.98
2022-05-26,GB,Liverpool,pm25,38,5.0,38.0,17.0,551.41
2022-05-26,GB,Belfast,pm25,59,5.0,37.0,17.0,730.61
2022-05-26,GB,Coventry,pm25,69,9.0,31.0,15.0,265.2
2022-05-26,GB,Leeds,pm25,39,13.0,50.0,17.0,795.2
2022-05-26,GB,Cardiff,pm25,117,5.0,61.0,42.0,2251.09
2022-05-26,GB,Bristol,pm25,70,9.0,65.0,38.0,1065.13
2022-05-26,GB,London,pm25,497,5.0,61.0,25.0,1036.96
2022-05-26,GB,Birmingham,pm25,32,9.0,35.0,13.0,410.8
2022-05-26,GB,Sheffield,pm25,77,9.0,34.0,13.0,224.08
2022-05-26,GB,Newport,pm25,48,5.0,50.0,25.0,1267.64
2022-05-26,GB,Leicester,pm25,22,10.0,30.0,17.0,262.08
2022-05-26,GB,Manchester,pm25,72,10.0,36.0,17.0,334.93
2022-05-26,GB,Reading,pm25,40,5.0,30.0,13.0,397.41
2022-05-26,GB,Plymouth,pm25,36,5.0,42.0,21.0,1184.66
2022-05-26,GB,Glasgow,pm25,569,4.0,43.0,19.0,957.74
2022-05-26,GB,Preston,pm25,43,8.0,62.0,17.0,1090.17
2022-05-26,GB,Swansea,pm25,95,5.0,59.0,30.0,1686.99
2022-05-26,GB,Southend-on-Sea,pm25,37,13.0,29.0,22.0,181.4
2022-05-26,ID,Jakarta,pm25,71,25.0,171.0,91.0,15641.7
2022-05-26,NP,Kathmandu,pm25,70,13.0,148.0,78.0,6935.99
2022-05-26,NP,Pokhara,pm25,24,43.0,89.0,65.0,1870.43
2022-05-26,AU,Sydney,pm25,145,2.0,89.0,23.0,1394.8
2022-05-26,AU,Newcastle,pm25,129,1.0,72.0,27.0,2215.17
2022-05-26,AU,Launceston,pm25,155,5.0,165.0,50.0,9141.14
2022-05-26,AU,Hobart,pm25,69,9.0,149.0,53.0,6998.81
2022-05-26,AU,Darwin,pm25,72,10.0,101.0,59.0,3354.45
2022-05-26,AU,Melbourne,pm25,149,2.0,70.0,20.0,1700.9
2022-05-26,AU,Canberra,pm25,62,2.0,86.0,27.0,5615.59
2022-05-26,AU,Adelaide,pm25,89,5.0,59.0,21.0,1801.54
2022-05-26,AU,Brisbane,pm25,156,1.0,33.0,18.0,542.21
2022-05-26,AU,Perth,pm25,86,2.0,16.0,6.0,71.63
2022-05-26,AU,Wollongong,pm25,41,1.0,55.0,17.0,2351.5
2022-05-26,CI,Abidjan,pm25,24,17.0,161.0,42.0,16084.9
2022-05-26,GH,Accra,pm25,24,13.0,109.0,53.0,8623.7
2022-05-26,IQ,Baghdad,pm25,24,163.0,550.0,261.0,108742.0
2022-05-26,IS,Reykjavík,pm25,94,2.0,27.0,9.0,387.99
2022-05-26,KG,Bishkek,pm25,24,25.0,65.0,55.0,1403.03
2022-05-26,NL,Utrecht,pm25,48,17.0,57.0,34.0,950.0
2022-05-26,NL,Nijmegen,pm25,48,10.0,60.0,37.0,1533.93
2022-05-26,NL,Haarlem,pm25,144,12.0,86.0,43.0,1848.29
2022-05-26,NL,Eindhoven,pm25,24,34.0,79.0,55.0,1146.96
2022-05-26,NL,Rotterdam,pm25,192,12.0,61.0,29.0,1049.89
2022-05-26,NL,Amsterdam,pm25,261,3.0,62.0,30.0,1538.38
2022-05-26,NL,Dordrecht,pm25,24,17.0,53.0,34.0,1375.63
2022-05-26,NL,Breda,pm25,24,9.0,49.0,33.0,1070.42
2022-05-26,NL,Groningen,pm25,43,3.0,51.0,25.0,1364.43
2022-05-26,NL,Maastricht,pm25,94,5.0,68.0,30.0,1483.96
2022-05-26,NL,The Hague,pm25,69,3.0,53.0,29.0,1129.0
2022-05-26,PT,Lisbon,pm25,33,10.0,46.0,21.0,819.68
2022-05-26,PT,Funchal,pm25,53,1.0,153.0,15.0,11655.1
2022-05-26,CA,Hamilton,pm25,94,17.0,68.0,42.0,1023.81
2022-05-26,CA,Calgary,pm25,89,8.0,62.0,20.0,627.66
2022-05-26,CA,Halifax,pm25,46,14.0,26.0,18.0,67.72
2022-05-26,CA,Kitchener,pm25,48,17.0,70.0,42.0,2208.36
2022-05-26,CA,Edmonton,pm25,129,2.0,66.0,22.0,3127.67
2022-05-26,CA,Mississauga,pm25,70,17.0,63.0,38.0,1548.55
2022-05-26,CA,Québec,pm25,165,9.0,52.0,31.0,1044.22
2022-05-26,CA,Vancouver,pm25,23,7.0,34.0,9.0,749.37
2022-05-26,CA,Victoria,pm25,43,5.0,70.0,17.0,1391.5
2022-05-26,CA,Montréal,pm25,325,12.0,62.0,33.0,841.5
2022-05-26,CA,Toronto,pm25,126,5.0,55.0,25.0,965.2
2022-05-26,CA,Ottawa,pm25,68,21.0,53.0,29.0,451.42
2022-05-26,CA,London,pm25,44,9.0,55.0,34.0,1112.94
2022-05-26,US,Oklahoma City,pm25,93,5.0,28.0,15.0,283.46
2022-05-26,US,Raleigh,pm25,55,5.0,53.0,25.0,2329.88
2022-05-26,US,Memphis,pm25,67,11.0,42.0,18.0,500.21
2022-05-26,US,Jackson,pm25,71,4.0,40.0,21.0,1140.71
2022-05-26,US,Boston,pm25,107,5.0,46.0,21.0,605.76
2022-05-26,US,Richmond,pm25,96,17.0,48.0,30.0,661.1
2022-05-26,US,Portland,pm25,163,13.0,53.0,24.0,684.17
2022-05-26,US,Boise,pm25,92,5.0,42.0,17.0,782.4
2022-05-26,US,Austin,pm25,42,5.0,53.0,21.0,2215.03
2022-05-26,US,Honolulu,pm25,40,5.0,34.0,13.0,565.61
2022-05-26,US,Fresno,pm25,48,21.0,78.0,46.0,2295.95
2022-05-26,US,Milwaukee,pm25,143,11.0,70.0,33.0,1158.38
2022-05-26,US,Hartford,pm25,48,16.0,32.0,21.0,261.17
2022-05-26,US,Washington D.C.,pm25,96,9.0,41.0,22.0,499.52
2022-05-26,US,Chicago,pm25,222,12.0,131.0,32.0,1042.71
2022-05-26,US,Houston,pm25,48,5.0,102.0,38.0,5139.85
2022-05-26,US,Indianapolis,pm25,96,19.0,56.0,28.0,327.05
2022-05-26,US,Atlanta,pm25,24,19.0,45.0,36.0,858.48
2022-05-26,US,Charlotte,pm25,71,17.0,57.0,35.0,793.35
2022-05-26,US,Sacramento,pm25,66,5.0,50.0,21.0,841.61
2022-05-26,US,Oakland,pm25,100,5.0,42.0,17.0,735.47
2022-05-26,US,Providence,pm25,41,5.0,46.0,21.0,1716.9
2022-05-26,US,Staten Island,pm25,109,1.0,41.0,13.0,1111.93
2022-05-26,US,Brooklyn,pm25,118,4.0,40.0,17.0,461.0
2022-05-26,US,Springfield,pm25,71,8.0,45.0,24.0,674.7
2022-05-26,US,The Bronx,pm25,46,4.0,39.0,13.0,438.22
2022-05-26,US,San Jose,pm25,84,5.0,80.0,21.0,1159.22
2022-05-26,US,Los Angeles,pm25,24,35.0,82.0,60.0,2532.59
2022-05-26,US,Detroit,pm25,167,16.0,76.0,32.0,1702.06
2022-05-26,US,Little Rock,pm25,24,5.0,27.0,18.0,236.74
2022-05-26,US,Baltimore,pm25,48,5.0,31.0,17.0,386.36
2022-05-26,US,Phoenix,pm25,192,1.0,120.0,24.0,3283.51
2022-05-26,US,Omaha,pm25,48,5.0,42.0,17.0,779.98
2022-05-26,US,El Paso,pm25,166,9.0,152.0,42.0,5322.45
2022-05-26,US,Seattle,pm25,254,5.0,89.0,25.0,1737.31
2022-05-26,US,Manhattan,pm25,67,3.0,39.0,19.0,712.19
2022-05-26,US,Miami,pm25,94,25.0,45.0,33.0,235.63
2022-05-26,US,Jacksonville,pm25,142,3.0,62.0,38.0,592.14
2022-05-26,US,San Antonio,pm25,78,2.0,64.0,27.0,1906.87
2022-05-26,US,Philadelphia,pm25,91,2.0,96.0,25.0,1770.3
2022-05-26,US,San Diego,pm25,22,32.0,69.0,56.0,1297.06
2022-05-26,US,Columbus,pm25,48,8.0,50.0,25.0,870.42
2022-05-26,US,Saint Paul,pm25,102,5.0,55.0,9.0,774.18
2022-05-26,US,Denver,pm25,123,9.0,53.0,21.0,517.48
2022-05-26,US,Salt Lake City,pm25,216,9.0,53.0,22.0,808.81
2022-05-26,US,Albuquerque,pm25,72,13.0,67.0,20.0,2033.7
2022-05-26,US,San Francisco,pm25,64,5.0,80.0,13.0,2478.69
2022-05-26,US,Salem,pm25,72,11.0,50.0,22.0,448.03
2022-05-26,US,Madison,pm25,48,15.0,40.0,25.0,266.91
2022-05-26,US,Nashville,pm25,69,5.0,38.0,21.0,580.97
2022-05-26,US,Tucson,pm25,156,5.0,59.0,30.0,1238.37
2022-05-26,US,Queens,pm25,91,1.0,22.0,12.0,224.8
2022-05-26,US,Tallahassee,pm25,67,2.0,68.0,25.0,2195.87
2022-05-26,US,Fort Worth,pm25,13,9.0,42.0,13.0,848.97
2022-05-26,RS,Novi Sad,pm25,48,3.0,59.0,15.0,2148.51
2022-05-26,RS,Niš,pm25,48,14.0,75.0,42.0,2908.01
2022-05-26,RS,Belgrade,pm25,120,8.0,75.0,26.0,2821.34
2022-05-26,CY,Nicosia,pm25,24,43.0,89.0,62.0,1159.98
2022-05-26,CY,Limassol,pm25,24,47.0,69.0,63.0,335.63
2022-05-26,HR,Zagreb,pm25,23,14.0,53.0,22.0,950.43
2022-05-26,HR,Rijeka,pm25,78,10.0,151.0,29.0,5095.7
2022-05-26,MK,Skopje,pm25,168,12.0,82.0,57.0,1897.96
2022-05-27,GE,Tbilisi,pm25,96,33.0,86.0,39.0,3276.05
2022-05-27,JP,Fukuoka,pm25,388,5.0,137.0,38.0,2784.69
2022-05-27,JP,Kanazawa,pm25,211,5.0,80.0,34.0,2742.54
2022-05-27,JP,Kumamoto,pm25,351,5.0,152.0,38.0,5081.59
2022-05-27,JP,Akita,pm25,48,5.0,57.0,30.0,2864.61
2022-05-27,JP,Kochi,pm25,48,5.0,57.0,30.0,1879.14
2022-05-27,JP,Gifu-shi,pm25,159,5.0,78.0,34.0,2772.84
2022-05-27,JP,Kyoto,pm25,573,5.0,80.0,38.0,3768.83
2022-05-27,JP,Hiroshima,pm25,325,9.0,82.0,50.0,1989.43
2022-05-27,JP,Shizuoka,pm25,243,5.0,137.0,34.0,4003.46
2022-05-27,JP,Chiba,pm25,733,5.0,89.0,25.0,1958.01
2022-05-27,JP,Sapporo,pm25,200,5.0,65.0,25.0,2215.05
2022-05-27,JP,Yokohama,pm25,531,1.0,80.0,25.0,1807.6
2022-05-27,JP,Tokyo,pm25,2491,5.0,97.0,30.0,1995.62
2022-05-27,JP,Saitama,pm25,489,5.0,57.0,25.0,1435.59
2022-05-27,JP,Naha,pm25,128,5.0,17.0,9.0,114.4
2022-05-27,JP,Nagasaki,pm25,186,5.0,72.0,25.0,1278.8
2022-05-27,JP,Toyama,pm25,176,5.0,132.0,30.0,3244.05
2022-05-27,JP,Niigata,pm25,195,5.0,63.0,25.0,2097.38
2022-05-27,JP,Nara-shi,pm25,187,5.0,68.0,34.0,2792.41
2022-05-27,JP,Okayama,pm25,276,5.0,104.0,50.0,1916.24
2022-05-27,JP,Sendai,pm25,427,5.0,82.0,30.0,2132.52
2022-05-27,JP,Osaka,pm25,1404,5.0,93.0,38.0,3355.58
2022-05-27,JP,Miyazaki,pm25,130,5.0,65.0,42.0,2508.08
2022-05-27,JP,Matsuyama,pm25,162,5.0,87.0,38.0,3031.22
2022-05-27,JP,Wakayama,pm25,280,5.0,74.0,34.0,3324.62
2022-05-27,JP,Takamatsu,pm25,237,5.0,65.0,34.0,1936.49
2022-05-27,JP,Nagoya,pm25,711,5.0,82.0,25.0,1896.11
2022-05-27,JP,Ōita,pm25,245,5.0,65.0,38.0,2236.42
2022-05-27,JP,Kobe,pm25,423,5.0,76.0,38.0,3259.64
2022-05-27,JP,Nagano,pm25,60,5.0,46.0,17.0,1031.33
2022-05-27,JP,Utsunomiya,pm25,399,5.0,57.0,21.0,1611.82
2022-05-27,JP,Kagoshima,pm25,93,13.0,65.0,34.0,987.74
2022-05-27,SK,Košice,pm25,90,17.0,163.0,53.0,5020.43
2022-05-27,SK,Bratislava,pm25,93,9.0,53.0,25.0,784.13
2022-05-27,FI,Vantaa,pm25,24,5.0,26.0,15.0,194.71
2022-05-27,FI,Turku,pm25,24,3.0,27.0,13.0,295.63
2022-05-27,FI,Helsinki,pm25,119,5.0,53.0,21.0,914.57
2022-05-27,FI,Tampere,pm25,96,9.0,29.0,17.0,137.71
2022-05-27,ET,Addis Ababa,pm25,24,87.0,185.0,132.0,4644.28
2022-05-27,CH,Zürich,pm25,18,1.0,2.0,1.0,1.83
2022-05-27,CO,Bogotá,pm25,269,5.0,134.0,25.0,5855.3
2022-05-27,CO,Medellín,pm25,233,13.0,91.0,57.0,1832.98
2022-05-27,DK,Copenhagen,pm25,24,8.0,33.0,17.0,596.07
2022-05-27,GB,Edinburgh,pm25,281,5.0,50.0,16.0,1023.25
2022-05-27,GB,Norwich,pm25,23,14.0,30.0,22.0,94.39
2022-05-27,GB,Liverpool,pm25,33,17.0,39.0,30.0,473.43
2022-05-27,GB,Belfast,pm25,59,16.0,32.0,25.0,123.4
2022-05-27,GB,Coventry,pm25,62,11.0,39.0,21.0,423.51
2022-05-27,GB,Leeds,pm25,32,17.0,42.0,25.0,320.64
2022-05-27,GB,Cardiff,pm25,118,5.0,155.0,42.0,7264.23
2022-05-27,GB,Bristol,pm25,69,13.0,65.0,42.0,1991.32
2022-05-27,GB,London,pm25,450,2.0,155.0,27.0,2099.8
2022-05-27,GB,Birmingham,pm25,33,13.0,39.0,23.0,357.18
2022-05-27,GB,Sheffield,pm25,79,13.0,33.0,25.0,229.9
2022-05-27,GB,Newport,pm25,42,9.0,34.0,21.0,394.26
2022-05-27,GB,Leicester,pm25,20,12.0,34.0,25.0,340.42
2022-05-27,GB,Manchester,pm25,80,5.0,50.0,30.0,921.07
2022-05-27,GB,Reading,pm25,42,5.0,42.0,21.0,1340.39
2022-05-27,GB,Plymouth,pm25,39,13.0,38.0,25.0,631.03
2022-05-27,GB,Glasgow,pm25,568,6.0,46.0,18.0,831.75
2022-05-27,GB,Preston,pm25,38,18.0,37.0,30.0,201.17
2022-05-27,GB,Swansea,pm25,94,5.0,42.0,25.0,909.02
2022-05-27,GB,Southend-on-Sea,pm25,44,8.0,41.0,22.0,757.25
2022-05-27,ID,Jakarta,pm25,71,59.0,223.0,129.0,15627.0
2022-05-27,NP,Kathmandu,pm25,70,42.0,157.0,89.0,10968.5
2022-05-27,NP,Pokhara,pm25,24,31.0,88.0,56.0,1583.03
2022-05-27,NP,Biratnagar,pm25,15,55.0,94.0,82.0,1688.29
2022-05-27,AU,Sydney,pm25,166,1.0,84.0,26.0,2066.69
2022-05-27,AU,Newcastle,pm25,133,1.0,91.0,24.0,4020.12
2022-05-27,AU,Launceston,pm25,128,5.0,178.0,13.0,17092.0
2022-05-27,AU,Hobart,pm25,61,5.0,112.0,13.0,6848.27
2022-05-27,AU,Darwin,pm25,72,2.0,98.0,53.0,3964.79
2022-05-27,AU,Melbourne,pm25,133,1.0,73.0,24.0,2865.06
2022-05-27,AU,Canberra,pm25,69,1.0,92.0,33.0,5043.97
2022-05-27,AU,Adelaide,pm25,84,1.0,57.0,21.0,1843.75
2022-05-27,AU,Brisbane,pm25,192,1.0,50.0,17.0,1034.29
2022-05-27,AU,Perth,pm25,89,2.0,22.0,5.0,186.77
2022-05-27,AU,Wollongong,pm25,45,4.0,79.0,29.0,3021.31
2022-05-27,CI,Abidjan,pm25,24,25.0,78.0,50.0,2206.01
2022-05-27,GH,Accra,pm25,24,9.0,91.0,34.0,3702.01
2022-05-27,IQ,Baghdad,pm25,24,139.0,300.0,168.0,20366.1
2022-05-27,IS,Reykjavík,pm25,94,3.0,41.0,12.0,469.18
2022-05-27,KG,Bishkek,pm25,24,38.0,109.0,80.0,3318.84
2022-05-27,NL,Utrecht,pm25,48,9.0,60.0,34.0,1576.7
2022-05-27,NL,Nijmegen,pm25,48,11.0,50.0,27.0,878.23
2022-05-27,NL,Haarlem,pm25,144,4.0,87.0,40.0,1598.43
2022-05-27,NL,Eindhoven,pm25,24,28.0,59.0,52.0,521.29
2022-05-27,NL,Rotterdam,pm25,192,6.0,84.0,29.0,716.31
2022-05-27,NL,Amsterdam,pm25,262,1.0,55.0,29.0,1418.17
2022-05-27,NL,Dordrecht,pm25,24,9.0,65.0,29.0,2003.19
2022-05-27,NL,Breda,pm25,24,14.0,41.0,25.0,361.67
2022-05-27,NL,Groningen,pm25,31,7.0,49.0,25.0,987.98
2022-05-27,NL,Maastricht,pm25,89,5.0,55.0,25.0,1298.27
2022-05-27,NL,The Hague,pm25,68,5.0,46.0,28.0,803.14
2022-05-27,PT,Lisbon,pm25,32,26.0,58.0,43.0,869.64
2022-05-27,PT,Funchal,pm25,53,1.0,33.0,16.0,875.63
2022-05-27,CA,Hamilton,pm25,85,5.0,53.0,25.0,1526.19
2022-05-27,CA,Calgary,pm25,92,2.0,65.0,17.0,1174.35
2022-05-27,CA,Halifax,pm25,46,14.0,47.0,30.0,951.96
2022-05-27,CA,Kitchener,pm25,41,5.0,57.0,13.0,1782.61
2022-05-27,CA,Edmonton,pm25,136,6.0,83.0,22.0,1586.5
2022-05-27,CA,Mississauga,pm25,72,9.0,68.0,30.0,1745.07
2022-05-27,CA,Québec,pm25,174,14.0,57.0,22.0,1200.18
2022-05-27,CA,Vancouver,pm25,23,6.0,17.0,9.0,84.98
2022-05-27,CA,Victoria,pm25,36,5.0,25.0,9.0,333.59
2022-05-27,CA,Montréal,pm25,321,6.0,70.0,27.0,1390.26
2022-05-27,CA,Toronto,pm25,122,5.0,38.0,25.0,880.74
2022-05-27,CA,Ottawa,pm25,62,13.0,33.0,21.0,280.64
2022-05-27,CA,London,pm25,45,17.0,63.0,30.0,1551.13
2022-05-27,US,Oklahoma City,pm25,95,15.0,39.0,25.0,234.87
2022-05-27,US,Raleigh,pm25,68,9.0,74.0,28.0,1346.66
2022-05-27,US,Memphis,pm25,71,12.0,43.0,22.0,594.1
2022-05-27,US,Jackson,pm25,71,4.0,41.0,21.0,897.7
2022-05-27,US,Boston,pm25,130,9.0,57.0,25.0,631.71
2022-05-27,US,Richmond,pm25,96,15.0,48.0,33.0,946.46
2022-05-27,US,Portland,pm25,162,7.0,57.0,13.0,792.18
2022-05-27,US,Boise,pm25,86,5.0,42.0,17.0,846.59
2022-05-27,US,Austin,pm25,46,5.0,72.0,34.0,3441.67
2022-05-27,US,Honolulu,pm25,38,5.0,42.0,17.0,737.13
2022-05-27,US,Fresno,pm25,48,13.0,76.0,26.0,1331.9
2022-05-27,US,Milwaukee,pm25,144,10.0,84.0,18.0,1695.73
2022-05-27,US,Hartford,pm25,48,19.0,38.0,26.0,266.79
2022-05-27,US,Washington D.C.,pm25,105,5.0,46.0,21.0,1264.68
2022-05-27,US,Chicago,pm25,193,4.0,158.0,17.0,2401.27
2022-05-27,US,Houston,pm25,48,17.0,62.0,43.0,1208.29
2022-05-27,US,Indianapolis,pm25,96,9.0,64.0,28.0,1022.53
2022-05-27,US,Atlanta,pm25,24,18.0,38.0,30.0,368.41
2022-05-27,US,Charlotte,pm25,72,9.0,76.0,27.0,1179.43
2022-05-27,US,Sacramento,pm25,62,2.0,42.0,17.0,738.92
2022-05-27,US,Oakland,pm25,110,5.0,46.0,21.0,952.82
2022-05-27,US,Providence,pm25,31,5.0,34.0,17.0,934.9
2022-05-27,US,Staten Island,pm25,105,1.0,59.0,25.0,2752.4
2022-05-27,US,Brooklyn,pm25,120,2.0,55.0,23.0,1742.76
2022-05-27,US,Springfield,pm25,72,10.0,51.0,23.0,860.84
2022-05-27,US,The Bronx,pm25,48,3.0,48.0,17.0,1018.72
2022-05-27,US,San Jose,pm25,79,9.0,63.0,25.0,1109.45
2022-05-27,US,Los Angeles,pm25,24,18.0,58.0,39.0,1016.79
2022-05-27,US,Detroit,pm25,168,11.0,98.0,30.0,2157.06
2022-05-27,US,Little Rock,pm25,24,5.0,56.0,20.0,1846.88
2022-05-27,US,Baltimore,pm25,42,5.0,36.0,19.0,567.94
2022-05-27,US,Phoenix,pm25,185,1.0,137.0,23.0,4388.27
2022-05-27,US,Omaha,pm25,47,9.0,61.0,30.0,1591.68
2022-05-27,US,El Paso,pm25,168,13.0,142.0,42.0,3752.3
2022-05-27,US,Seattle,pm25,243,3.0,46.0,17.0,625.22
2022-05-27,US,Manhattan,pm25,70,5.0,53.0,23.0,1622.31
2022-05-27,US,Miami,pm25,94,20.0,48.0,29.0,192.6
2022-05-27,US,Jacksonville,pm25,144,14.0,54.0,34.0,594.17
2022-05-27,US,San Antonio,pm25,79,3.0,88.0,48.0,3701.64
2022-05-27,US,Philadelphia,pm25,96,1.0,53.0,26.0,1224.91
2022-05-27,US,San Diego,pm25,24,24.0,60.0,45.0,1220.85
2022-05-27,US,Columbus,pm25,48,5.0,43.0,18.0,692.91
2022-05-27,US,Saint Paul,pm25,122,5.0,59.0,21.0,1379.42
2022-05-27,US,Denver,pm25,131,13.0,38.0,21.0,394.38
2022-05-27,US,Salt Lake City,pm25,216,15.0,110.0,44.0,1374.6
2022-05-27,US,Albuquerque,pm25,72,20.0,158.0,38.0,5856.71
2022-05-27,US,San Francisco,pm25,67,5.0,85.0,21.0,3201.73
2022-05-27,US,Salem,pm25,72,5.0,18.0,11.0,76.85
2022-05-27,US,Madison,pm25,48,4.0,38.0,15.0,745.25
2022-05-27,US,Nashville,pm25,71,5.0,50.0,23.0,741.32
2022-05-27,US,Tucson,pm25,165,9.0,65.0,30.0,1729.16
2022-05-27,US,Queens,pm25,89,1.0,31.0,13.0,437.65
2022-05-27,US,Tallahassee,pm25,55,3.0,77.0,24.0,2495.59
2022-05-27,US,Fort Worth,pm25,24,9.0,46.0,25.0,1289.49
2022-05-27,RS,Novi Sad,pm25,48,4.0,70.0,18.0,2883.9
2022-05-27,RS,Niš,pm25,48,13.0,60.0,28.0,1814.78
2022-05-27,RS,Belgrade,pm25,120,12.0,88.0,34.0,3067.65
2022-05-27,CY,Nicosia,pm25,21,25.0,82.0,60.0,1209.57
2022-05-27,CY,Limassol,pm25,24,31.0,78.0,61.0,1134.33
2022-05-27,HR,Zagreb,pm25,24,29.0,78.0,39.0,1917.23
2022-05-27,HR,Rijeka,pm25,84,29.0,87.0,39.0,779.0
2022-05-27,MK,Skopje,pm25,168,12.0,87.0,56.0,3756.98
2022-05-28,GE,Tbilisi,pm25,96,33.0,64.0,49.0,815.43
2022-05-28,JP,Fukuoka,pm25,393,5.0,157.0,50.0,3609.48
2022-05-28,JP,Kanazawa,pm25,232,5.0,82.0,34.0,1812.48
2022-05-28,JP,Kumamoto,pm25,351,5.0,151.0,46.0,5485.98
2022-05-28,JP,Akita,pm25,39,5.0,70.0,34.0,2356.94
2022-05-28,JP,Kochi,pm25,48,25.0,74.0,55.0,1323.19
2022-05-28,JP,Gifu-shi,pm25,162,5.0,85.0,42.0,2106.94
2022-05-28,JP,Kyoto,pm25,554,5.0,82.0,55.0,1236.43
2022-05-28,JP,Hiroshima,pm25,331,5.0,82.0,55.0,2140.76
2022-05-28,JP,Shizuoka,pm25,259,5.0,112.0,38.0,3085.21
2022-05-28,JP,Chiba,pm25,772,5.0,109.0,38.0,3390.09
2022-05-28,JP,Sapporo,pm25,197,5.0,59.0,21.0,1322.61
2022-05-28,JP,Yokohama,pm25,526,1.0,102.0,38.0,3530.96
2022-05-28,JP,Tokyo,pm25,2496,1.0,188.0,34.0,2966.38
2022-05-28,JP,Saitama,pm25,485,5.0,72.0,30.0,1450.4
2022-05-28,JP,Naha,pm25,133,5.0,42.0,9.0,890.92
2022-05-28,JP,Nagasaki,pm25,192,5.0,76.0,34.0,1771.8
2022-05-28,JP,Toyama,pm25,189,5.0,68.0,34.0,1674.82
2022-05-28,JP,Niigata,pm25,189,13.0,63.0,34.0,925.88
2022-05-28,JP,Nara-shi,pm25,191,34.0,72.0,55.0,580.95
2022-05-28,JP,Okayama,pm25,286,34.0,112.0,57.0,1449.79
2022-05-28,JP,Sendai,pm25,469,5.0,59.0,21.0,766.32
2022-05-28,JP,Osaka,pm25,1459,5.0,104.0,55.0,1405.69
2022-05-28,JP,Miyazaki,pm25,130,5.0,89.0,50.0,3145.15
2022-05-28,JP,Matsuyama,pm25,163,5.0,93.0,53.0,2881.92
2022-05-28,JP,Wakayama,pm25,287,21.0,93.0,53.0,1120.76
2022-05-28,JP,Takamatsu,pm25,238,13.0,74.0,50.0,1239.72
2022-05-28,JP,Nagoya,pm25,786,1.0,114.0,38.0,1373.99
2022-05-28,JP,Ōita,pm25,256,5.0,97.0,50.0,3761.33
2022-05-28,JP,Kobe,pm25,425,13.0,82.0,55.0,857.17
2022-05-28,JP,Nagano,pm25,66,5.0,55.0,21.0,1248.33
2022-05-28,JP,Utsunomiya,pm25,419,5.0,162.0,21.0,1628.29
2022-05-28,JP,Kagoshima,pm25,96,17.0,61.0,38.0,1087.74
2022-05-28,SK,Košice,pm25,91,5.0,134.0,30.0,4122.51
2022-05-28,SK,Bratislava,pm25,84,5.0,53.0,17.0,1074.31
2022-05-28,FI,Vantaa,pm25,24,10.0,44.0,17.0,650.85
2022-05-28,FI,Turku,pm25,24,7.0,22.0,13.0,157.32
2022-05-28,FI,Helsinki,pm25,120,5.0,38.0,18.0,357.65
2022-05-28,FI,Tampere,pm25,96,13.0,48.0,25.0,813.42
2022-05-28,ET,Addis Ababa,pm25,24,82.0,178.0,129.0,5766.36
2022-05-28,CH,Zürich,pm25,11,1.0,1.0,1.0,0.0
2022-05-28,CO,Bogotá,pm25,247,5.0,114.0,30.0,6618.92
2022-05-28,CO,Medellín,pm25,203,13.0,87.0,57.0,1618.82
2022-05-28,DK,Copenhagen,pm25,24,7.0,43.0,21.0,880.71
2022-05-28,GB,Edinburgh,pm25,285,4.0,72.0,13.0,625.94
2022-05-28,GB,Norwich,pm25,12,13.0,21.0,17.0,59.7
2022-05-28,GB,Liverpool,pm25,30,9.0,30.0,20.0,409.21
2022-05-28,GB,Belfast,pm25,31,13.0,32.0,21.0,262.8
2022-05-28,GB,Coventry,pm25,45,15.0,27.0,21.0,100.22
2022-05-28,GB,Leeds,pm25,27,13.0,74.0,25.0,1869.43
2022-05-28,GB,Cardiff,pm25,117,5.0,68.0,42.0,2333.03
2022-05-28,GB,Bristol,pm25,69,17.0,87.0,34.0,1989.69
2022-05-28,GB,London,pm25,446,5.0,64.0,24.0,973.37
2022-05-28,GB,Birmingham,pm25,27,17.0,28.0,21.0,116.41
2022-05-28,GB,Sheffield,pm25,69,13.0,59.0,17.0,404.9
2022-05-28,GB,Newport,pm25,42,9.0,25.0,13.0,189.95
2022-05-28,GB,Leicester,pm25,11,15.0,33.0,17.0,266.73
2022-05-28,GB,Manchester,pm25,78,9.0,34.0,21.0,302.05
2022-05-28,GB,Reading,pm25,44,5.0,72.0,21.0,2243.89
2022-05-28,GB,Plymouth,pm25,33,9.0,73.0,21.0,2779.68
2022-05-28,GB,Glasgow,pm25,569,6.0,40.0,14.0,192.16
2022-05-28,GB,Preston,pm25,34,10.0,30.0,17.0,283.75
2022-05-28,GB,Swansea,pm25,94,13.0,65.0,25.0,680.09
2022-05-28,GB,Southend-on-Sea,pm25,37,12.0,28.0,21.0,137.1
2022-05-28,ID,Jakarta,pm25,71,17.0,198.0,104.0,20074.1
2022-05-28,NP,Kathmandu,pm25,72,57.0,170.0,106.0,8403.07
2022-05-28,NP,Pokhara,pm25,24,55.0,105.0,66.0,1564.33
2022-05-28,NP,Biratnagar,pm25,24,65.0,177.0,86.0,8507.81
2022-05-28,AU,Sydney,pm25,166,1.0,77.0,22.0,2809.95
2022-05-28,AU,Newcastle,pm25,140,1.0,76.0,24.0,2350.79
2022-05-28,AU,Launceston,pm25,166,5.0,183.0,50.0,14500.2
2022-05-28,AU,Hobart,pm25,71,5.0,93.0,21.0,6210.53
2022-05-28,AU,Darwin,pm25,71,3.0,68.0,43.0,2414.16
2022-05-28,AU,Melbourne,pm25,150,1.0,113.0,34.0,6949.99
2022-05-28,AU,Canberra,pm25,58,1.0,81.0,17.0,3477.85
2022-05-28,AU,Adelaide,pm25,73,4.0,80.0,17.0,2562.91
2022-05-28,AU,Brisbane,pm25,210,1.0,62.0,16.0,1789.84
2022-05-28,AU,Perth,pm25,88,2.0,15.0,5.0,45.11
2022-05-28,AU,Wollongong,pm25,41,2.0,36.0,17.0,823.6
2022-05-28,CI,Abidjan,pm25,24,17.0,102.0,34.0,5201.67
2022-05-28,GH,Accra,pm25,24,17.0,87.0,46.0,5356.23
2022-05-28,IQ,Baghdad,pm25,24,142.0,255.0,171.0,9733.31
2022-05-28,IS,Reykjavík,pm25,96,8.0,28.0,15.0,195.79
2022-05-28,KG,Bishkek,pm25,23,5.0,53.0,17.0,1634.43
2022-05-28,NL,Utrecht,pm25,48,5.0,71.0,31.0,1942.27
2022-05-28,NL,Nijmegen,pm25,47,6.0,54.0,30.0,1271.17
2022-05-28,NL,Haarlem,pm25,139,3.0,73.0,32.0,2115.97
2022-05-28,NL,Eindhoven,pm25,24,2.0,68.0,53.0,2822.32
2022-05-28,NL,Rotterdam,pm25,192,8.0,53.0,21.0,520.11
2022-05-28,NL,Amsterdam,pm25,257,1.0,50.0,22.0,869.6
2022-05-28,NL,Dordrecht,pm25,24,5.0,52.0,22.0,1052.01
2022-05-28,NL,Breda,pm25,24,7.0,41.0,21.0,1127.75
2022-05-28,NL,Groningen,pm25,48,10.0,45.0,23.0,560.14
2022-05-28,NL,Maastricht,pm25,92,5.0,53.0,25.0,1317.35
2022-05-28,NL,The Hague,pm25,66,7.0,52.0,22.0,532.67
2022-05-28,PT,Lisbon,pm25,9,42.0,60.0,46.0,447.5
2022-05-28,PT,Funchal,pm25,65,1.0,35.0,23.0,882.48
2022-05-28,CA,Hamilton,pm25,77,5.0,50.0,13.0,1058.57
2022-05-28,CA,Calgary,pm25,70,3.0,24.0,8.0,157.6
2022-05-28,CA,Halifax,pm25,46,5.0,19.0,13.0,132.83
2022-05-28,CA,Kitchener,pm25,26,5.0,50.0,9.0,1531.45
2022-05-28,CA,Edmonton,pm25,99,3.0,47.0,10.0,712.21
2022-05-28,CA,Mississauga,pm25,53,5.0,74.0,13.0,2409.75
2022-05-28,CA,Québec,pm25,168,7.0,84.0,20.0,1567.08
2022-05-28,CA,Vancouver,pm25,23,9.0,28.0,14.0,492.57
2022-05-28,CA,Victoria,pm25,40,5.0,30.0,17.0,450.51
2022-05-28,CA,Montréal,pm25,291,3.0,62.0,16.0,1003.95
2022-05-28,CA,Toronto,pm25,121,5.0,53.0,17.0,797.62
2022-05-28,CA,Ottawa,pm25,66,9.0,42.0,22.0,578.48
2022-05-28,CA,London,pm25,37,5.0,42.0,9.0,1000.3
2022-05-28,US,Oklahoma City,pm25,96,21.0,53.0,35.0,1178.88
2022-05-28,US,Raleigh,pm25,69,5.0,91.0,21.0,1292.2
2022-05-28,US,Memphis,pm25,71,5.0,55.0,26.0,1183.86
2022-05-28,US,Jackson,pm25,72,4.0,60.0,27.0,1869.58
2022-05-28,US,Boston,pm25,123,5.0,82.0,21.0,1071.03
2022-05-28,US,Richmond,pm25,96,15.0,34.0,19.0,185.71
2022-05-28,US,Portland,pm25,165,5.0,35.0,15.0,487.59
2022-05-28,US,Boise,pm25,67,5.0,38.0,9.0,367.82
2022-05-28,US,Austin,pm25,48,17.0,80.0,46.0,2485.95
2022-05-28,US,Honolulu,pm25,43,5.0,38.0,17.0,855.68
2022-05-28,US,Fresno,pm25,41,3.0,48.0,12.0,648.4
2022-05-28,US,Milwaukee,pm25,144,15.0,70.0,33.0,1434.01
2022-05-28,US,Hartford,pm25,48,15.0,32.0,21.0,202.11
2022-05-28,US,Washington D.C.,pm25,115,5.0,34.0,19.0,494.7
2022-05-28,US,Chicago,pm25,191,6.0,66.0,25.0,1360.92
2022-05-28,US,Houston,pm25,48,27.0,69.0,53.0,613.62
2022-05-28,US,Indianapolis,pm25,96,12.0,80.0,24.0,1286.04
2022-05-28,US,Atlanta,pm25,24,21.0,51.0,32.0,782.45
2022-05-28,US,Charlotte,pm25,72,9.0,59.0,30.0,1090.83
2022-05-28,US,Sacramento,pm25,55,2.0,25.0,9.0,433.66
2022-05-28,US,Oakland,pm25,83,5.0,34.0,9.0,459.39
2022-05-28,US,Providence,pm25,43,5.0,53.0,21.0,1822.92
2022-05-28,US,Staten Island,pm25,117,3.0,54.0,18.0,1307.01
2022-05-28,US,Brooklyn,pm25,111,2.0,61.0,15.0,1166.7
2022-05-28,US,Springfield,pm25,71,7.0,54.0,26.0,1316.05
2022-05-28,US,The Bronx,pm25,46,3.0,28.0,10.0,546.86
2022-05-28,US,San Jose,pm25,53,5.0,30.0,13.0,349.1
2022-05-28,US,Los Angeles,pm25,26,19.0,52.0,35.0,411.26
2022-05-28,US,Detroit,pm25,168,10.0,88.0,22.0,2431.58
2022-05-28,US,Little Rock,pm25,24,13.0,56.0,38.0,1395.63
2022-05-28,US,Baltimore,pm25,48,5.0,40.0,24.0,745.32
2022-05-28,US,Phoenix,pm25,188,1.0,137.0,17.0,3818.26
2022-05-28,US,Omaha,pm25,48,5.0,55.0,25.0,813.29
2022-05-28,US,El Paso,pm25,163,9.0,181.0,38.0,11490.7
2022-05-28,US,Seattle,pm25,240,5.0,53.0,18.0,794.23
2022-05-28,US,Manhattan,pm25,69,1.0,68.0,19.0,1613.52
2022-05-28,US,Miami,pm25,94,15.0,47.0,30.0,249.97
2022-05-28,US,Jacksonville,pm25,144,20.0,60.0,31.0,706.9
2022-05-28,US,San Antonio,pm25,94,13.0,114.0,55.0,3665.96
2022-05-28,US,Philadelphia,pm25,56,5.0,109.0,33.0,5475.16
2022-05-28,US,San Diego,pm25,24,12.0,68.0,29.0,1489.55
2022-05-28,US,Columbus,pm25,48,3.0,54.0,23.0,1389.04
2022-05-28,US,Saint Paul,pm25,135,5.0,46.0,21.0,840.29
2022-05-28,US,Denver,pm25,142,9.0,38.0,25.0,465.9
2022-05-28,US,Salt Lake City,pm25,216,7.0,73.0,21.0,2073.49
2022-05-28,US,Albuquerque,pm25,72,14.0,110.0,27.0,2472.66
2022-05-28,US,San Francisco,pm25,58,5.0,87.0,13.0,3809.62
2022-05-28,US,Salem,pm25,69,5.0,30.0,15.0,438.32
2022-05-28,US,Madison,pm25,48,14.0,45.0,20.0,442.54
2022-05-28,US,Nashville,pm25,71,9.0,59.0,28.0,794.84
2022-05-28,US,Tucson,pm25,146,5.0,85.0,17.0,1453.53
2022-05-28,US,Queens,pm25,94,1.0,108.0,16.0,4328.52
2022-05-28,US,Tallahassee,pm25,71,16.0,67.0,37.0,1735.01
2022-05-28,US,Fort Worth,pm25,24,21.0,55.0,42.0,1133.89
2022-05-28,RS,Novi Sad,pm25,48,5.0,93.0,20.0,3941.38
2022-05-28,RS,Niš,pm25,48,18.0,73.0,45.0,2543.62
2022-05-28,RS,Belgrade,pm25,101,15.0,93.0,33.0,3261.9
2022-05-28,CY,Nicosia,pm25,24,37.0,74.0,53.0,683.9
2022-05-28,CY,Limassol,pm25,24,39.0,90.0,57.0,1175.65
2022-05-28,HR,Zagreb,pm25,24,18.0,54.0,31.0,866.5
2022-05-28,HR,Rijeka,pm25,81,5.0,43.0,19.0,1295.08
2022-05-28,MK,Skopje,pm25,168,13.0,99.0,61.0,4113.34
2022-05-29,GE,Tbilisi,pm25,96,42.0,89.0,50.0,1978.55
2022-05-29,JP,Fukuoka,pm25,388,5.0,163.0,53.0,5094.5
2022-05-29,JP,Kanazawa,pm25,230,5.0,95.0,34.0,1765.14
2022-05-29,JP,Kumamoto,pm25,357,5.0,153.0,55.0,4680.37
2022-05-29,JP,Akita,pm25,45,9.0,85.0,53.0,2400.74
2022-05-29,JP,Kochi,pm25,48,25.0,72.0,53.0,1380.14
2022-05-29,JP,Gifu-shi,pm25,156,9.0,87.0,50.0,2522.05
2022-05-29,JP,Kyoto,pm25,582,21.0,85.0,61.0,1019.77
2022-05-29,JP,Hiroshima,pm25,328,5.0,82.0,50.0,2098.35
2022-05-29,JP,Shizuoka,pm25,257,9.0,134.0,42.0,4500.01
2022-05-29,JP,Chiba,pm25,785,5.0,151.0,46.0,2987.04
2022-05-29,JP,Sapporo,pm25,192,5.0,46.0,13.0,662.2
2022-05-29,JP,Yokohama,pm25,531,1.0,139.0,42.0,3862.05
2022-05-29,JP,Tokyo,pm25,2516,1.0,183.0,46.0,2264.11
2022-05-29,JP,Saitama,pm25,492,5.0,74.0,42.0,1541.16
2022-05-29,JP,Naha,pm25,113,5.0,38.0,13.0,619.41
2022-05-29,JP,Nagasaki,pm25,188,5.0,63.0,38.0,1264.39
2022-05-29,JP,Toyama,pm25,184,5.0,78.0,42.0,1884.61
2022-05-29,JP,Niigata,pm25,190,13.0,68.0,50.0,1295.04
2022-05-29,JP,Nara-shi,pm25,189,34.0,87.0,57.0,615.47
2022-05-29,JP,Okayama,pm25,288,25.0,132.0,61.0,2437.38
2022-05-29,JP,Sendai,pm25,474,9.0,72.0,50.0,1607.57
2022-05-29,JP,Osaka,pm25,1471,13.0,161.0,59.0,1474.02
2022-05-29,JP,Miyazaki,pm25,137,5.0,78.0,50.0,2609.98
2022-05-29,JP,Matsuyama,pm25,157,5.0,160.0,42.0,3437.28
2022-05-29,JP,Wakayama,pm25,285,25.0,93.0,55.0,703.37
2022-05-29,JP,Takamatsu,pm25,240,17.0,82.0,53.0,1379.29
2022-05-29,JP,Nagoya,pm25,786,5.0,119.0,46.0,2027.85
2022-05-29,JP,Ōita,pm25,263,5.0,89.0,55.0,3034.22
2022-05-29,JP,Kobe,pm25,429,5.0,109.0,59.0,1285.59
2022-05-29,JP,Nagano,pm25,66,5.0,93.0,34.0,4421.07
2022-05-29,JP,Utsunomiya,pm25,424,5.0,74.0,42.0,2598.96
2022-05-29,JP,Kagoshima,pm25,93,5.0,53.0,34.0,1065.25
2022-05-29,SK,Košice,pm25,92,5.0,78.0,17.0,1688.14
2022-05-29,SK,Bratislava,pm25,94,5.0,34.0,17.0,507.4
2022-05-29,FI,Vantaa,pm25,22,1.0,41.0,23.0,1026.17
2022-05-29,FI,Turku,pm25,24,9.0,25.0,13.0,284.06
2022-05-29,FI,Helsinki,pm25,118,3.0,55.0,20.0,1819.31
2022-05-29,FI,Tampere,pm25,96,14.0,52.0,25.0,944.13
2022-05-29,ET,Addis Ababa,pm25,24,102.0,176.0,149.0,3645.14
2022-05-29,CH,Zürich,pm25,19,1.0,3.0,1.0,4.68
2022-05-29,CO,Bogotá,pm25,230,5.0,99.0,25.0,4637.02
2022-05-29,CO,Medellín,pm25,206,21.0,72.0,53.0,933.09
2022-05-29,DK,Copenhagen,pm25,24,14.0,37.0,27.0,345.05
2022-05-29,GB,Edinburgh,pm25,283,4.0,59.0,7.0,325.38
2022-05-29,GB,Norwich,pm25,16,12.0,34.0,13.0,435.29
2022-05-29,GB,Liverpool,pm25,20,5.0,28.0,13.0,409.97
2022-05-29,GB,Belfast,pm25,35,9.0,26.0,16.0,126.44
2022-05-29,GB,Coventry,pm25,58,13.0,22.0,14.0,46.67
2022-05-29,GB,Leeds,pm25,34,13.0,57.0,30.0,1455.08
2022-05-29,GB,Cardiff,pm25,119,9.0,63.0,30.0,1108.63
2022-05-29,GB,Bristol,pm25,66,17.0,55.0,34.0,977.41
2022-05-29,GB,London,pm25,471,5.0,61.0,18.0,959.58
2022-05-29,GB,Birmingham,pm25,40,17.0,25.0,17.0,45.74
2022-05-29,GB,Sheffield,pm25,54,13.0,34.0,17.0,223.93
2022-05-29,GB,Newport,pm25,37,9.0,30.0,14.0,229.41
2022-05-29,GB,Leicester,pm25,17,13.0,23.0,13.0,67.65
2022-05-29,GB,Manchester,pm25,77,5.0,30.0,17.0,377.53
2022-05-29,GB,Reading,pm25,41,5.0,30.0,17.0,550.62
2022-05-29,GB,Plymouth,pm25,40,13.0,66.0,25.0,1605.92
2022-05-29,GB,Glasgow,pm25,567,4.0,56.0,8.0,220.28
2022-05-29,GB,Preston,pm25,30,6.0,27.0,13.0,217.02
2022-05-29,GB,Swansea,pm25,95,5.0,65.0,21.0,1534.65
2022-05-29,GB,Southend-on-Sea,pm25,36,5.0,20.0,13.0,179.43
2022-05-29,ID,Jakarta,pm25,71,21.0,200.0,63.0,14452.2
2022-05-29,NP,Kathmandu,pm25,72,68.0,157.0,119.0,4467.84
2022-05-29,NP,Pokhara,pm25,24,68.0,102.0,87.0,1240.87
2022-05-29,NP,Biratnagar,pm25,24,97.0,133.0,117.0,945.2
2022-05-29,AU,Sydney,pm25,144,1.0,78.0,13.0,2022.37
2022-05-29,AU,Newcastle,pm25,121,2.0,68.0,17.0,1049.41
2022-05-29,AU,Launceston,pm25,164,5.0,173.0,38.0,13939.1
2022-05-29,AU,Hobart,pm25,72,5.0,82.0,42.0,3607.88
2022-05-29,AU,Darwin,pm25,72,11.0,111.0,53.0,3374.51
2022-05-29,AU,Melbourne,pm25,149,1.0,90.0,24.0,3717.56
2022-05-29,AU,Canberra,pm25,64,3.0,114.0,32.0,6853.53
2022-05-29,AU,Adelaide,pm25,83,3.0,68.0,17.0,1416.67
2022-05-29,AU,Brisbane,pm25,212,1.0,48.0,14.0,803.75
2022-05-29,AU,Perth,pm25,86,2.0,29.0,6.0,208.09
2022-05-29,AU,Wollongong,pm25,34,2.0,32.0,11.0,764.07
2022-05-29,CI,Abidjan,pm25,24,5.0,50.0,30.0,834.49
2022-05-29,GH,Accra,pm25,24,5.0,80.0,38.0,4154.71
2022-05-29,IQ,Baghdad,pm25,24,170.0,394.0,210.0,49317.4
2022-05-29,IS,Reykjavík,pm25,96,4.0,40.0,15.0,437.26
2022-05-29,KG,Bishkek,pm25,17,5.0,21.0,13.0,320.0
2022-05-29,NL,Utrecht,pm25,48,6.0,65.0,24.0,1301.7
2022-05-29,NL,Nijmegen,pm25,45,1.0,51.0,19.0,1469.68
2022-05-29,NL,Haarlem,pm25,136,1.0,73.0,23.0,2161.99
2022-05-29,NL,Eindhoven,pm25,24,29.0,60.0,48.0,587.54
2022-05-29,NL,Rotterdam,pm25,190,1.0,35.0,14.0,300.95
2022-05-29,NL,Amsterdam,pm25,251,1.0,157.0,15.0,1717.71
2022-05-29,NL,Dordrecht,pm25,24,1.0,34.0,13.0,618.19
2022-05-29,NL,Breda,pm25,24,8.0,33.0,20.0,592.45
2022-05-29,NL,Groningen,pm25,45,2.0,41.0,19.0,884.36
2022-05-29,NL,Maastricht,pm25,87,5.0,59.0,21.0,1216.95
2022-05-29,NL,The Hague,pm25,64,2.0,40.0,14.0,375.52
2022-05-29,PT,Lisbon,pm25,19,20.0,35.0,24.0,224.33
2022-05-29,PT,Funchal,pm25,55,1.0,24.0,9.0,462.22
2022-05-29,CA,Hamilton,pm25,95,5.0,57.0,25.0,1258.93
2022-05-29,CA,Calgary,pm25,92,3.0,67.0,12.0,1479.99
2022-05-29,CA,Halifax,pm25,46,13.0,28.0,17.0,201.76
2022-05-29,CA,Kitchener,pm25,31,9.0,59.0,25.0,1366.92
2022-05-29,CA,Edmonton,pm25,137,1.0,73.0,10.0,776.67
2022-05-29,CA,Mississauga,pm25,67,9.0,50.0,25.0,1165.91
2022-05-29,CA,Québec,pm25,178,16.0,81.0,29.0,1289.29
2022-05-29,CA,Vancouver,pm25,23,17.0,28.0,20.0,76.8
2022-05-29,CA,Victoria,pm25,43,5.0,42.0,21.0,888.74
2022-05-29,CA,Montréal,pm25,354,9.0,70.0,21.0,822.42
2022-05-29,CA,Toronto,pm25,138,9.0,59.0,30.0,1012.87
2022-05-29,CA,Ottawa,pm25,66,17.0,40.0,30.0,342.61
2022-05-29,CA,London,pm25,46,9.0,55.0,25.0,1507.77
2022-05-29,US,Oklahoma City,pm25,96,38.0,56.0,50.0,179.47
2022-05-29,US,Raleigh,pm25,71,9.0,63.0,34.0,1252.81
2022-05-29,US,Memphis,pm25,50,21.0,44.0,37.0,130.08
2022-05-29,US,Jackson,pm25,72,3.0,75.0,33.0,2337.31
2022-05-29,US,Boston,pm25,111,5.0,55.0,21.0,751.18
2022-05-29,US,Richmond,pm25,96,23.0,46.0,29.0,440.47
2022-05-29,US,Portland,pm25,164,6.0,25.0,9.0,84.95
2022-05-29,US,Boise,pm25,78,5.0,34.0,13.0,251.36
2022-05-29,US,Austin,pm25,48,9.0,70.0,50.0,2211.7
2022-05-29,US,Honolulu,pm25,40,5.0,34.0,17.0,662.25
2022-05-29,US,Fresno,pm25,40,2.0,34.0,10.0,609.43
2022-05-29,US,Milwaukee,pm25,143,21.0,46.0,34.0,231.44
2022-05-29,US,Hartford,pm25,48,18.0,42.0,24.0,338.99
2022-05-29,US,Washington D.C.,pm25,118,5.0,46.0,27.0,711.39
2022-05-29,US,Chicago,pm25,172,15.0,77.0,31.0,611.69
2022-05-29,US,Houston,pm25,48,40.0,62.0,55.0,260.6
2022-05-29,US,Indianapolis,pm25,88,1.0,62.0,38.0,1079.25
2022-05-29,US,Atlanta,pm25,24,33.0,59.0,43.0,673.9
2022-05-29,US,Charlotte,pm25,72,13.0,61.0,42.0,1010.67
2022-05-29,US,Sacramento,pm25,52,1.0,65.0,13.0,1476.33
2022-05-29,US,Oakland,pm25,105,5.0,57.0,21.0,1726.75
2022-05-29,US,Providence,pm25,45,5.0,57.0,17.0,1017.49
2022-05-29,US,Staten Island,pm25,120,5.0,56.0,24.0,1305.09
2022-05-29,US,Brooklyn,pm25,118,1.0,52.0,17.0,1879.77
2022-05-29,US,Springfield,pm25,72,12.0,55.0,33.0,411.31
2022-05-29,US,The Bronx,pm25,46,2.0,43.0,13.0,1643.05
2022-05-29,US,San Jose,pm25,66,5.0,46.0,17.0,859.54
2022-05-29,US,Los Angeles,pm25,24,15.0,48.0,35.0,1040.58
2022-05-29,US,Detroit,pm25,168,28.0,131.0,40.0,2741.03
2022-05-29,US,Little Rock,pm25,3,54.0,72.0,63.0,810.0
2022-05-29,US,Baltimore,pm25,48,17.0,59.0,32.0,1084.24
2022-05-29,US,Phoenix,pm25,183,1.0,105.0,44.0,4796.33
2022-05-29,US,Omaha,pm25,43,17.0,68.0,50.0,1520.42
2022-05-29,US,El Paso,pm25,158,5.0,142.0,46.0,10593.8
2022-05-29,US,Seattle,pm25,225,5.0,38.0,17.0,474.3
2022-05-29,US,Manhattan,pm25,72,4.0,52.0,23.0,1686.32
2022-05-29,US,Miami,pm25,94,12.0,60.0,27.0,1820.13
2022-05-29,US,Jacksonville,pm25,144,21.0,63.0,34.0,846.71
2022-05-29,US,San Antonio,pm25,94,15.0,79.0,50.0,1674.19
2022-05-29,US,Philadelphia,pm25,62,2.0,78.0,28.0,2242.0
2022-05-29,US,San Diego,pm25,24,18.0,51.0,34.0,946.07
2022-05-29,US,Columbus,pm25,48,5.0,99.0,28.0,2738.3
2022-05-29,US,Saint Paul,pm25,138,5.0,61.0,25.0,1488.42
2022-05-29,US,Denver,pm25,145,5.0,63.0,21.0,697.93
2022-05-29,US,Salt Lake City,pm25,215,1.0,34.0,7.0,488.61
2022-05-29,US,Albuquerque,pm25,72,14.0,58.0,21.0,993.23
2022-05-29,US,San Francisco,pm25,69,5.0,63.0,21.0,1544.83
2022-05-29,US,Salem,pm25,72,6.0,26.0,8.0,79.29
2022-05-29,US,Madison,pm25,48,21.0,45.0,29.0,269.77
2022-05-29,US,Nashville,pm25,72,13.0,56.0,34.0,823.47
2022-05-29,US,Tucson,pm25,157,5.0,102.0,17.0,1117.58
2022-05-29,US,Queens,pm25,94,1.0,40.0,17.0,1008.8
2022-05-29,US,Tallahassee,pm25,71,1.0,88.0,38.0,2729.93
2022-05-29,US,Fort Worth,pm25,24,30.0,97.0,42.0,2164.28
2022-05-29,RS,Novi Sad,pm25,48,6.0,54.0,19.0,2570.85
2022-05-29,RS,Niš,pm25,48,25.0,72.0,55.0,1484.24
2022-05-29,RS,Belgrade,pm25,96,25.0,80.0,52.0,1073.4
2022-05-29,CY,Nicosia,pm25,24,51.0,66.0,55.0,183.19
2022-05-29,CY,Limassol,pm25,24,49.0,106.0,59.0,1948.68
2022-05-29,HR,Zagreb,pm25,24,14.0,53.0,18.0,853.04
2022-05-29,HR,Rijeka,pm25,76,2.0,13.0,6.0,120.24
2022-05-29,MK,Skopje,pm25,167,5.0,76.0,40.0,2776.2
2022-05-30,GE,Tbilisi,pm25,96,50.0,92.0,57.0,2101.12
2022-05-30,JP,Fukuoka,pm25,392,5.0,129.0,34.0,2689.84
2022-05-30,JP,Kanazawa,pm25,233,5.0,85.0,50.0,2104.39
2022-05-30,JP,Kumamoto,pm25,348,5.0,109.0,38.0,2850.76
2022-05-30,JP,Akita,pm25,46,9.0,93.0,38.0,3020.87
2022-05-30,JP,Kochi,pm25,48,5.0,65.0,34.0,3987.19
2022-05-30,JP,Gifu-shi,pm25,143,5.0,93.0,55.0,3677.55
2022-05-30,JP,Kyoto,pm25,583,9.0,97.0,59.0,2272.86
2022-05-30,JP,Hiroshima,pm25,330,5.0,76.0,50.0,2119.67
2022-05-30,JP,Shizuoka,pm25,259,5.0,102.0,53.0,2113.57
2022-05-30,JP,Chiba,pm25,766,5.0,112.0,46.0,3208.19
2022-05-30,JP,Sapporo,pm25,181,5.0,68.0,17.0,1585.89
2022-05-30,JP,Yokohama,pm25,519,1.0,142.0,50.0,4904.79
2022-05-30,JP,Tokyo,pm25,2494,1.0,153.0,53.0,1871.89
2022-05-30,JP,Saitama,pm25,502,5.0,87.0,50.0,2157.9
2022-05-30,JP,Naha,pm25,139,5.0,46.0,21.0,1458.04
2022-05-30,JP,Nagasaki,pm25,180,5.0,55.0,21.0,1234.97
2022-05-30,JP,Toyama,pm25,182,17.0,95.0,55.0,1468.56
2022-05-30,JP,Niigata,pm25,199,25.0,78.0,57.0,979.99
2022-05-30,JP,Nara-shi,pm25,187,5.0,714.0,59.0,26491.6
2022-05-30,JP,Okayama,pm25,282,13.0,89.0,53.0,2797.4
2022-05-30,JP,Sendai,pm25,473,5.0,68.0,21.0,1366.65
2022-05-30,JP,Osaka,pm25,1448,5.0,119.0,50.0,2451.52
2022-05-30,JP,Miyazaki,pm25,128,5.0,76.0,34.0,3318.42
2022-05-30,JP,Matsuyama,pm25,158,5.0,93.0,53.0,3034.72
2022-05-30,JP,Wakayama,pm25,285,9.0,107.0,38.0,1971.23
2022-05-30,JP,Takamatsu,pm25,236,5.0,76.0,50.0,2941.92
2022-05-30,JP,Nagoya,pm25,767,5.0,112.0,55.0,3127.27
2022-05-30,JP,Ōita,pm25,242,5.0,91.0,38.0,4552.82
2022-05-30,JP,Kobe,pm25,429,5.0,74.0,46.0,1765.8
2022-05-30,JP,Nagano,pm25,72,9.0,114.0,46.0,4350.19
2022-05-30,JP,Utsunomiya,pm25,422,5.0,85.0,38.0,2343.42
2022-05-30,JP,Kagoshima,pm25,95,5.0,65.0,17.0,2601.71
2022-05-30,SK,Košice,pm25,96,5.0,61.0,25.0,1574.15
2022-05-30,SK,Bratislava,pm25,80,5.0,57.0,17.0,980.75
2022-05-30,FI,Vantaa,pm25,22,9.0,36.0,18.0,301.41
2022-05-30,FI,Turku,pm25,24,7.0,22.0,12.0,145.2
2022-05-30,FI,Helsinki,pm25,111,9.0,54.0,17.0,699.17
2022-05-30,FI,Tampere,pm25,96,13.0,59.0,28.0,1372.5
2022-05-30,ET,Addis Ababa,pm25,24,122.0,174.0,139.0,1663.75
2022-05-30,CH,Zürich,pm25,22,1.0,7.0,1.0,20.63
2022-05-30,CO,Bogotá,pm25,245,5.0,102.0,25.0,4234.97
2022-05-30,CO,Medellín,pm25,193,21.0,57.0,42.0,612.35
2022-05-30,DK,Copenhagen,pm25,24,15.0,51.0,26.0,569.55
2022-05-30,GB,Edinburgh,pm25,277,5.0,38.0,10.0,336.25
2022-05-30,GB,Norwich,pm25,15,17.0,30.0,21.0,108.38
2022-05-30,GB,Liverpool,pm25,39,5.0,21.0,12.0,223.58
2022-05-30,GB,Belfast,pm25,39,12.0,27.0,17.0,140.24
2022-05-30,GB,Coventry,pm25,36,13.0,27.0,17.0,79.14
2022-05-30,GB,Leeds,pm25,35,13.0,50.0,22.0,639.61
2022-05-30,GB,Cardiff,pm25,118,5.0,50.0,38.0,1262.05
2022-05-30,GB,Bristol,pm25,68,17.0,57.0,38.0,913.11
2022-05-30,GB,London,pm25,487,5.0,78.0,25.0,1133.01
2022-05-30,GB,Birmingham,pm25,40,17.0,39.0,21.0,327.53
2022-05-30,GB,Sheffield,pm25,75,13.0,41.0,17.0,369.78
2022-05-30,GB,Newport,pm25,43,9.0,34.0,21.0,300.0
2022-05-30,GB,Leicester,pm25,20,15.0,44.0,25.0,589.76
2022-05-30,GB,Manchester,pm25,84,13.0,46.0,21.0,249.88
2022-05-30,GB,Reading,pm25,43,5.0,34.0,13.0,666.11
2022-05-30,GB,Plymouth,pm25,28,5.0,30.0,17.0,658.03
2022-05-30,GB,Glasgow,pm25,572,5.0,28.0,12.0,134.09
2022-05-30,GB,Preston,pm25,45,10.0,24.0,14.0,81.74
2022-05-30,GB,Swansea,pm25,91,5.0,34.0,17.0,452.44
2022-05-30,GB,Southend-on-Sea,pm25,47,13.0,30.0,17.0,158.66
2022-05-30,ID,Jakarta,pm25,67,46.0,153.0,80.0,6539.04
2022-05-30,NP,Kathmandu,pm25,72,70.0,161.0,124.0,5888.73
2022-05-30,NP,Pokhara,pm25,24,47.0,101.0,72.0,2604.57
2022-05-30,NP,Biratnagar,pm25,24,69.0,154.0,103.0,6643.02
2022-05-30,AU,Sydney,pm25,131,1.0,60.0,15.0,1332.78
2022-05-30,AU,Newcastle,pm25,121,1.0,59.0,13.0,1254.49
2022-05-30,AU,Launceston,pm25,166,5.0,190.0,42.0,12080.5
2022-05-30,AU,Hobart,pm25,69,5.0,114.0,25.0,6150.96
2022-05-30,AU,Darwin,pm25,72,2.0,75.0,42.0,3356.46
2022-05-30,AU,Melbourne,pm25,147,1.0,68.0,23.0,2218.48
2022-05-30,AU,Canberra,pm25,61,3.0,67.0,24.0,2772.86
2022-05-30,AU,Adelaide,pm25,83,1.0,56.0,17.0,1115.6
2022-05-30,AU,Brisbane,pm25,214,1.0,59.0,17.0,1088.35
2022-05-30,AU,Perth,pm25,52,2.0,19.0,7.0,134.79
2022-05-30,AU,Wollongong,pm25,33,2.0,64.0,8.0,2487.16
2022-05-30,CI,Abidjan,pm25,24,13.0,93.0,38.0,2855.58
2022-05-30,GH,Accra,pm25,24,21.0,91.0,46.0,3245.8
2022-05-30,IQ,Baghdad,pm25,24,171.0,295.0,200.0,10626.4
2022-05-30,IS,Reykjavík,pm25,88,1.0,58.0,15.0,1327.33
2022-05-30,KG,Bishkek,pm25,17,5.0,42.0,13.0,845.0
2022-05-30,NL,Utrecht,pm25,48,6.0,44.0,28.0,779.75
2022-05-30,NL,Nijmegen,pm25,46,4.0,54.0,22.0,1351.4
2022-05-30,NL,Haarlem,pm25,132,1.0,71.0,18.0,1186.8
2022-05-30,NL,Eindhoven,pm25,24,9.0,65.0,45.0,2393.04
2022-05-30,NL,Rotterdam,pm25,192,6.0,35.0,18.0,186.5
2022-05-30,NL,Amsterdam,pm25,248,1.0,78.0,17.0,818.76
2022-05-30,NL,Dordrecht,pm25,24,9.0,38.0,22.0,684.77
2022-05-30,NL,Breda,pm25,24,12.0,51.0,29.0,911.72
2022-05-30,NL,Groningen,pm25,40,1.0,38.0,12.0,830.1
2022-05-30,NL,Maastricht,pm25,91,5.0,59.0,21.0,1187.67
2022-05-30,NL,The Hague,pm25,57,2.0,57.0,13.0,512.32
2022-05-30,PT,Lisbon,pm25,47,14.0,35.0,20.0,252.5
2022-05-30,PT,Funchal,pm25,57,1.0,30.0,14.0,610.83
2022-05-30,CA,Hamilton,pm25,95,25.0,68.0,42.0,777.6
2022-05-30,CA,Calgary,pm25,91,2.0,69.0,17.0,2265.41
2022-05-30,CA,Halifax,pm25,46,18.0,35.0,25.0,114.48
2022-05-30,CA,Kitchener,pm25,35,21.0,65.0,38.0,1100.05
2022-05-30,CA,Edmonton,pm25,125,2.0,53.0,15.0,792.64
2022-05-30,CA,Mississauga,pm25,68,30.0,65.0,46.0,751.33
2022-05-30,CA,Québec,pm25,166,20.0,53.0,33.0,564.01
2022-05-30,CA,Vancouver,pm25,22,8.0,27.0,19.0,342.53
2022-05-30,CA,Victoria,pm25,43,5.0,30.0,17.0,442.52
2022-05-30,CA,Montréal,pm25,355,12.0,64.0,35.0,1420.74
2022-05-30,CA,Toronto,pm25,141,13.0,65.0,42.0,1528.66
2022-05-30,CA,Ottawa,pm25,72,21.0,55.0,35.0,691.83
2022-05-30,CA,London,pm25,47,25.0,61.0,42.0,946.01
2022-05-30,US,Oklahoma City,pm25,96,35.0,54.0,44.0,320.61
2022-05-30,US,Raleigh,pm25,71,21.0,76.0,50.0,911.42
2022-05-30,US,Memphis,pm25,48,32.0,50.0,38.0,222.65
2022-05-30,US,Jackson,pm25,72,3.0,52.0,24.0,1408.61
2022-05-30,US,Boston,pm25,122,13.0,68.0,34.0,889.09
2022-05-30,US,Richmond,pm25,96,28.0,58.0,36.0,570.04
2022-05-30,US,Portland,pm25,166,5.0,22.0,10.0,87.88
2022-05-30,US,Boise,pm25,67,5.0,34.0,9.0,489.07
2022-05-30,US,Austin,pm25,47,5.0,65.0,42.0,2057.83
2022-05-30,US,Honolulu,pm25,46,5.0,46.0,17.0,897.16
2022-05-30,US,Fresno,pm25,43,4.0,48.0,15.0,1027.01
2022-05-30,US,Milwaukee,pm25,144,30.0,63.0,44.0,473.11
2022-05-30,US,Hartford,pm25,48,31.0,57.0,37.0,301.97
2022-05-30,US,Washington D.C.,pm25,120,13.0,59.0,33.0,727.9
2022-05-30,US,Chicago,pm25,167,21.0,81.0,43.0,649.29
2022-05-30,US,Houston,pm25,48,31.0,64.0,50.0,502.82
2022-05-30,US,Indianapolis,pm25,72,32.0,50.0,41.0,177.43
2022-05-30,US,Atlanta,pm25,24,34.0,60.0,55.0,823.46
2022-05-30,US,Charlotte,pm25,72,17.0,85.0,40.0,1220.06
2022-05-30,US,Sacramento,pm25,63,2.0,55.0,13.0,1601.66
2022-05-30,US,Oakland,pm25,117,5.0,61.0,34.0,1644.39
2022-05-30,US,Providence,pm25,48,9.0,61.0,30.0,1674.78
2022-05-30,US,Staten Island,pm25,120,8.0,58.0,38.0,1596.89
2022-05-30,US,Brooklyn,pm25,120,18.0,74.0,45.0,1495.83
2022-05-30,US,Springfield,pm25,72,13.0,59.0,43.0,610.37
2022-05-30,US,The Bronx,pm25,48,18.0,66.0,39.0,1434.31
2022-05-30,US,San Jose,pm25,70,5.0,55.0,34.0,1114.91
2022-05-30,US,Los Angeles,pm25,24,39.0,63.0,55.0,387.17
2022-05-30,US,Detroit,pm25,168,30.0,160.0,48.0,5524.53
2022-05-30,US,Baltimore,pm25,48,13.0,57.0,36.0,1087.23
2022-05-30,US,Phoenix,pm25,190,5.0,89.0,35.0,2157.63
2022-05-30,US,Omaha,pm25,24,5.0,55.0,42.0,2496.36
2022-05-30,US,El Paso,pm25,161,5.0,82.0,25.0,2119.0
2022-05-30,US,Seattle,pm25,233,5.0,46.0,17.0,614.2
2022-05-30,US,Manhattan,pm25,72,23.0,77.0,45.0,1245.02
2022-05-30,US,Miami,pm25,94,14.0,30.0,21.0,133.75
2022-05-30,US,Jacksonville,pm25,144,8.0,72.0,30.0,991.74
2022-05-30,US,San Antonio,pm25,93,11.0,88.0,43.0,1603.18
2022-05-30,US,Philadelphia,pm25,56,10.0,108.0,43.0,2416.62
2022-05-30,US,San Diego,pm25,24,38.0,66.0,53.0,716.23
2022-05-30,US,Columbus,pm25,48,11.0,52.0,37.0,789.32
2022-05-30,US,Saint Paul,pm25,142,5.0,68.0,30.0,1613.42
2022-05-30,US,Denver,pm25,100,5.0,21.0,9.0,193.68
2022-05-30,US,Salt Lake City,pm25,213,1.0,55.0,4.0,260.61
2022-05-30,US,Albuquerque,pm25,72,27.0,73.0,51.0,1372.67
2022-05-30,US,San Francisco,pm25,72,9.0,72.0,34.0,1318.01
2022-05-30,US,Salem,pm25,72,8.0,14.0,9.0,16.06
2022-05-30,US,Madison,pm25,48,27.0,52.0,36.0,372.19
2022-05-30,US,Nashville,pm25,72,5.0,62.0,44.0,964.93
2022-05-30,US,Tucson,pm25,153,5.0,117.0,21.0,2832.45
2022-05-30,US,Queens,pm25,96,25.0,62.0,39.0,784.95
2022-05-30,US,Tallahassee,pm25,68,3.0,98.0,36.0,3128.7
2022-05-30,US,Fort Worth,pm25,24,21.0,57.0,38.0,637.61
2022-05-30,RS,Novi Sad,pm25,48,8.0,78.0,27.0,4130.31
2022-05-30,RS,Niš,pm25,48,12.0,67.0,39.0,1572.75
2022-05-30,RS,Belgrade,pm25,96,39.0,90.0,62.0,1568.31
2022-05-30,CY,Nicosia,pm25,24,48.0,82.0,61.0,883.41
2022-05-30,CY,Limassol,pm25,18,55.0,70.0,62.0,151.63
2022-05-30,HR,Zagreb,pm25,24,14.0,37.0,23.0,460.71
2022-05-30,HR,Rijeka,pm25,46,2.0,35.0,16.0,710.44
2022-05-30,MK,Skopje,pm25,168,9.0,97.0,45.0,3937.18
2022-05-31,GE,Tbilisi,pm25,96,52.0,100.0,60.0,2312.38
2022-05-31,JP,Fukuoka,pm25,401,5.0,154.0,55.0,2540.42
2022-05-31,JP,Kanazawa,pm25,230,5.0,72.0,34.0,2521.03
2022-05-31,JP,Kumamoto,pm25,363,5.0,152.0,53.0,4782.46
2022-05-31,JP,Akita,pm25,42,5.0,55.0,30.0,2491.97
2022-05-31,JP,Kochi,pm25,46,5.0,80.0,53.0,4767.38
2022-05-31,JP,Gifu-shi,pm25,144,5.0,78.0,34.0,2543.25
2022-05-31,JP,Kyoto,pm25,565,5.0,72.0,30.0,3082.88
2022-05-31,JP,Hiroshima,pm25,326,5.0,91.0,46.0,3501.63
2022-05-31,JP,Shizuoka,pm25,241,5.0,91.0,30.0,2803.5
2022-05-31,JP,Chiba,pm25,741,5.0,78.0,25.0,1791.49
2022-05-31,JP,Sapporo,pm25,173,5.0,42.0,13.0,626.87
2022-05-31,JP,Yokohama,pm25,498,1.0,72.0,34.0,2876.79
2022-05-31,JP,Tokyo,pm25,2464,1.0,87.0,30.0,1586.3
2022-05-31,JP,Saitama,pm25,498,5.0,68.0,30.0,1035.76
2022-05-31,JP,Naha,pm25,137,5.0,42.0,17.0,977.93
2022-05-31,JP,Nagasaki,pm25,190,9.0,82.0,50.0,1503.63
2022-05-31,JP,Toyama,pm25,180,5.0,85.0,42.0,3040.02
2022-05-31,JP,Niigata,pm25,213,5.0,76.0,30.0,3069.86
2022-05-31,JP,Nara-shi,pm25,184,5.0,65.0,21.0,2304.02
2022-05-31,JP,Okayama,pm25,276,9.0,119.0,50.0,3648.61
2022-05-31,JP,Sendai,pm25,462,5.0,57.0,17.0,643.26
2022-05-31,JP,Osaka,pm25,1365,5.0,95.0,21.0,2261.43
2022-05-31,JP,Miyazaki,pm25,128,5.0,85.0,50.0,3139.24
2022-05-31,JP,Matsuyama,pm25,162,9.0,151.0,61.0,3840.25
2022-05-31,JP,Wakayama,pm25,280,5.0,65.0,30.0,3221.71
2022-05-31,JP,Takamatsu,pm25,240,5.0,78.0,50.0,2347.89
2022-05-31,JP,Nagoya,pm25,743,5.0,87.0,34.0,1573.31
2022-05-31,JP,Ōita,pm25,261,5.0,109.0,55.0,4125.7
2022-05-31,JP,Kobe,pm25,405,5.0,68.0,21.0,2436.18
2022-05-31,JP,Nagano,pm25,48,5.0,57.0,17.0,2813.46
2022-05-31,JP,Utsunomiya,pm25,415,5.0,63.0,21.0,1139.8
2022-05-31,JP,Kagoshima,pm25,92,9.0,70.0,30.0,1840.08
2022-05-31,SK,Košice,pm25,96,17.0,74.0,46.0,2277.89
2022-05-31,SK,Bratislava,pm25,96,5.0,53.0,25.0,1043.42
2022-05-31,FI,Vantaa,pm25,22,4.0,53.0,13.0,1270.39
2022-05-31,FI,Turku,pm25,24,5.0,28.0,12.0,327.37
2022-05-31,FI,Helsinki,pm25,114,6.0,68.0,15.0,1466.95
2022-05-31,FI,Tampere,pm25,96,4.0,43.0,19.0,1029.67
2022-05-31,ET,Addis Ababa,pm25,24,93.0,177.0,132.0,4585.63
2022-05-31,CH,Zürich,pm25,13,1.0,3.0,2.0,6.41
2022-05-31,CO,Bogotá,pm25,254,5.0,151.0,63.0,10635.9
2022-05-31,CO,Medellín,pm25,200,25.0,80.0,53.0,1633.99
2022-05-31,DK,Copenhagen,pm25,24,14.0,37.0,23.0,384.93
2022-05-31,EC,Quito,pm25,14,27.0,162.0,59.0,23087.7
2022-05-31,GB,Edinburgh,pm25,282,5.0,59.0,13.0,758.21
2022-05-31,GB,Norwich,pm25,15,17.0,32.0,19.0,282.38
2022-05-31,GB,Liverpool,pm25,31,9.0,29.0,17.0,307.29
2022-05-31,GB,Belfast,pm25,43,9.0,25.0,13.0,93.92
2022-05-31,GB,Coventry,pm25,33,13.0,25.0,17.0,106.72
2022-05-31,GB,Leeds,pm25,29,17.0,46.0,25.0,471.9
2022-05-31,GB,Cardiff,pm25,116,5.0,55.0,38.0,1504.61
2022-05-31,GB,Bristol,pm25,68,9.0,53.0,30.0,1078.88
2022-05-31,GB,London,pm25,505,2.0,61.0,25.0,1230.15
2022-05-31,GB,Birmingham,pm25,21,17.0,30.0,21.0,120.91
2022-05-31,GB,Sheffield,pm25,63,13.0,50.0,18.0,459.26
2022-05-31,GB,Newport,pm25,47,5.0,27.0,13.0,254.13
2022-05-31,GB,Leicester,pm25,14,16.0,44.0,27.0,927.09
2022-05-31,GB,Manchester,pm25,81,12.0,54.0,25.0,1199.93
2022-05-31,GB,Reading,pm25,42,5.0,38.0,13.0,610.31
2022-05-31,GB,Plymouth,pm25,38,5.0,25.0,17.0,188.26
2022-05-31,GB,Glasgow,pm25,569,5.0,59.0,12.0,432.31
2022-05-31,GB,Preston,pm25,37,8.0,41.0,17.0,556.38
2022-05-31,GB,Swansea,pm25,89,5.0,42.0,13.0,701.61
2022-05-31,GB,Southend-on-Sea,pm25,39,7.0,24.0,15.0,150.32
2022-05-31,ID,Jakarta,pm25,67,38.0,162.0,82.0,13464.8
2022-05-31,NP,Kathmandu,pm25,72,76.0,160.0,107.0,4561.12
2022-05-31,NP,Pokhara,pm25,24,53.0,79.0,65.0,741.74
2022-05-31,NP,Biratnagar,pm25,24,77.0,130.0,93.0,1619.93
2022-05-31,AU,Sydney,pm25,141,1.0,65.0,11.0,883.07
2022-05-31,AU,Newcastle,pm25,133,1.0,43.0,12.0,663.24
2022-05-31,AU,Launceston,pm25,143,5.0,173.0,34.0,12683.1
2022-05-31,AU,Hobart,pm25,71,5.0,82.0,21.0,3270.99
2022-05-31,AU,Darwin,pm25,69,2.0,160.0,30.0,11240.4
2022-05-31,AU,Melbourne,pm25,144,1.0,55.0,17.0,1359.58
2022-05-31,AU,Canberra,pm25,53,1.0,42.0,13.0,829.36
2022-05-31,AU,Adelaide,pm25,96,5.0,60.0,21.0,1341.19
2022-05-31,AU,Brisbane,pm25,212,1.0,37.0,17.0,414.87
2022-05-31,AU,Perth,pm25,28,2.0,13.0,5.0,78.31
2022-05-31,AU,Wollongong,pm25,34,1.0,33.0,8.0,410.53
2022-05-31,CI,Abidjan,pm25,24,21.0,55.0,42.0,1020.42
2022-05-31,GH,Accra,pm25,24,21.0,99.0,38.0,6754.62
2022-05-31,IQ,Baghdad,pm25,24,169.0,606.0,215.0,88556.7
2022-05-31,IS,Reykjavík,pm25,94,1.0,43.0,12.0,624.88
2022-05-31,KG,Bishkek,pm25,11,5.0,38.0,13.0,1065.64
2022-05-31,NL,Utrecht,pm25,48,17.0,67.0,45.0,1370.6
2022-05-31,NL,Nijmegen,pm25,47,12.0,66.0,35.0,1776.46
2022-05-31,NL,Haarlem,pm25,135,5.0,93.0,36.0,2457.49
2022-05-31,NL,Eindhoven,pm25,24,16.0,87.0,59.0,2239.13
2022-05-31,NL,Rotterdam,pm25,192,14.0,71.0,35.0,1022.93
2022-05-31,NL,Amsterdam,pm25,255,1.0,115.0,34.0,1976.93
2022-05-31,NL,Dordrecht,pm25,22,14.0,68.0,50.0,1442.79
2022-05-31,NL,Breda,pm25,24,29.0,62.0,43.0,816.52
2022-05-31,NL,Groningen,pm25,48,6.0,57.0,24.0,1383.47
2022-05-31,NL,Maastricht,pm25,92,9.0,72.0,30.0,1734.09
2022-05-31,NL,The Hague,pm25,64,2.0,54.0,30.0,1893.56
2022-05-31,PT,Lisbon,pm25,33,12.0,24.0,18.0,120.28
2022-05-31,PT,Funchal,pm25,20,1.0,23.0,15.0,417.26
2022-05-31,CA,Hamilton,pm25,92,21.0,65.0,46.0,703.58
2022-05-31,CA,Calgary,pm25,91,8.0,168.0,20.0,7538.2
2022-05-31,CA,Halifax,pm25,46,7.0,13.0,10.0,26.52
2022-05-31,CA,Kitchener,pm25,45,25.0,63.0,42.0,1068.0
2022-05-31,CA,Edmonton,pm25,136,1.0,77.0,18.0,1946.36
2022-05-31,CA,Mississauga,pm25,69,25.0,134.0,50.0,3456.91
2022-05-31,CA,Québec,pm25,167,7.0,53.0,14.0,916.08
2022-05-31,CA,Vancouver,pm25,21,13.0,34.0,20.0,473.57
2022-05-31,CA,Victoria,pm25,45,9.0,46.0,25.0,735.74
2022-05-31,CA,Montréal,pm25,366,3.0,61.0,21.0,1342.63
2022-05-31,CA,Toronto,pm25,138,17.0,72.0,46.0,1516.04
2022-05-31,CA,Ottawa,pm25,72,9.0,57.0,42.0,2187.67
2022-05-31,CA,London,pm25,43,9.0,61.0,42.0,1307.77
2022-05-31,US,Oklahoma City,pm25,96,24.0,45.0,38.0,319.54
2022-05-31,US,Raleigh,pm25,71,13.0,65.0,46.0,1145.68
2022-05-31,US,Memphis,pm25,70,1.0,65.0,32.0,897.07
2022-05-31,US,Jackson,pm25,70,4.0,40.0,28.0,655.27
2022-05-31,US,Boston,pm25,137,9.0,59.0,34.0,1471.95
2022-05-31,US,Richmond,pm25,96,43.0,67.0,58.0,258.51
2022-05-31,US,Portland,pm25,165,9.0,42.0,17.0,304.37
2022-05-31,US,Boise,pm25,67,5.0,42.0,17.0,651.91
2022-05-31,US,Austin,pm25,42,5.0,57.0,30.0,1828.43
2022-05-31,US,Honolulu,pm25,40,5.0,34.0,13.0,565.61
2022-05-31,US,Fresno,pm25,48,5.0,34.0,19.0,499.08
2022-05-31,US,Milwaukee,pm25,144,19.0,53.0,48.0,343.95
2022-05-31,US,Hartford,pm25,48,38.0,54.0,47.0,188.61
2022-05-31,US,Washington D.C.,pm25,101,25.0,65.0,50.0,859.98
2022-05-31,US,Chicago,pm25,167,18.0,57.0,47.0,457.1
2022-05-31,US,Houston,pm25,48,23.0,67.0,42.0,1696.15
2022-05-31,US,Indianapolis,pm25,83,35.0,54.0,47.0,208.44
2022-05-31,US,Atlanta,pm25,24,29.0,51.0,39.0,264.76
2022-05-31,US,Charlotte,pm25,70,21.0,57.0,38.0,620.04
2022-05-31,US,Sacramento,pm25,56,1.0,42.0,13.0,1059.22
2022-05-31,US,Oakland,pm25,118,5.0,78.0,34.0,2018.91
2022-05-31,US,Providence,pm25,47,9.0,61.0,30.0,1858.83
2022-05-31,US,Staten Island,pm25,120,2.0,69.0,43.0,1645.81
2022-05-31,US,Brooklyn,pm25,120,12.0,65.0,41.0,1510.86
2022-05-31,US,Springfield,pm25,72,3.0,69.0,45.0,799.09
2022-05-31,US,The Bronx,pm25,48,12.0,57.0,31.0,1242.54
2022-05-31,US,San Jose,pm25,79,13.0,78.0,34.0,1758.41
2022-05-31,US,Los Angeles,pm25,24,50.0,79.0,60.0,547.83
2022-05-31,US,Detroit,pm25,168,39.0,178.0,51.0,10205.6
2022-05-31,US,Little Rock,pm25,23,25.0,56.0,48.0,1258.14
2022-05-31,US,Baltimore,pm25,47,25.0,59.0,46.0,841.3
2022-05-31,US,Phoenix,pm25,183,2.0,89.0,30.0,2080.38
2022-05-31,US,Omaha,pm25,14,5.0,25.0,13.0,509.89
2022-05-31,US,El Paso,pm25,166,5.0,165.0,25.0,4230.76
2022-05-31,US,Seattle,pm25,247,5.0,59.0,30.0,1211.95
2022-05-31,US,Manhattan,pm25,72,18.0,60.0,40.0,965.63
2022-05-31,US,Miami,pm25,93,14.0,28.0,18.0,95.4
2022-05-31,US,Jacksonville,pm25,140,1.0,52.0,23.0,459.63
2022-05-31,US,San Antonio,pm25,94,3.0,69.0,33.0,2124.09
2022-05-31,US,Philadelphia,pm25,44,28.0,120.0,48.0,2657.18
2022-05-31,US,San Diego,pm25,24,42.0,79.0,62.0,547.75
2022-05-31,US,Columbus,pm25,47,26.0,59.0,50.0,526.9
2022-05-31,US,Saint Paul,pm25,86,5.0,38.0,9.0,344.86
2022-05-31,US,Denver,pm25,153,5.0,53.0,13.0,698.91
2022-05-31,US,Salt Lake City,pm25,216,3.0,40.0,8.0,402.93
2022-05-31,US,Albuquerque,pm25,72,20.0,107.0,30.0,2968.16
2022-05-31,US,San Francisco,pm25,69,5.0,59.0,42.0,1602.4
2022-05-31,US,Salem,pm25,72,10.0,51.0,15.0,301.17
2022-05-31,US,Madison,pm25,48,15.0,52.0,35.0,1071.45
2022-05-31,US,Nashville,pm25,72,5.0,61.0,47.0,831.69
2022-05-31,US,Tucson,pm25,161,5.0,61.0,21.0,1514.78
2022-05-31,US,Queens,pm25,96,9.0,64.0,44.0,1401.07
2022-05-31,US,Tallahassee,pm25,72,2.0,61.0,29.0,1496.21
2022-05-31,US,Fort Worth,pm25,24,17.0,55.0,34.0,921.29
2022-05-31,RS,Novi Sad,pm25,48,19.0,112.0,48.0,8604.89
2022-05-31,RS,Niš,pm25,48,16.0,84.0,49.0,3570.53
2022-05-31,RS,Belgrade,pm25,107,37.0,102.0,67.0,1137.35
2022-05-31,CY,Nicosia,pm25,24,53.0,80.0,61.0,381.09
2022-05-31,CY,Limassol,pm25,24,52.0,72.0,63.0,163.48
2022-05-31,HR,Zagreb,pm25,24,24.0,56.0,38.0,711.88
2022-05-31,HR,Rijeka,pm25,76,8.0,62.0,35.0,1680.81
2022-05-31,MK,Skopje,pm25,165,11.0,76.0,50.0,2767.63
2022-06-01,GE,Tbilisi,pm25,96,37.0,86.0,50.0,1167.16
2022-06-01,HU,Győr,pm25,16,9.0,21.0,13.0,146.67
2022-06-01,HU,Szeged,pm25,10,34.0,70.0,57.0,1185.44
2022-06-01,HU,Pécs,pm25,30,21.0,46.0,25.0,757.35
2022-06-01,HU,Kecskemét,pm25,20,30.0,76.0,42.0,2915.37
2022-06-01,HU,Miskolc,pm25,48,17.0,63.0,25.0,1604.1
2022-06-01,HU,Budapest,pm25,144,9.0,50.0,17.0,891.19
2022-06-01,JP,Fukuoka,pm25,399,5.0,167.0,55.0,4181.98
2022-06-01,JP,Kanazawa,pm25,219,5.0,72.0,30.0,1761.03
2022-06-01,JP,Kumamoto,pm25,368,5.0,124.0,59.0,3940.78
2022-06-01,JP,Akita,pm25,43,5.0,72.0,25.0,3546.94
2022-06-01,JP,Kochi,pm25,48,13.0,61.0,38.0,1229.04
2022-06-01,JP,Gifu-shi,pm25,165,5.0,78.0,38.0,2836.67
2022-06-01,JP,Kyoto,pm25,577,9.0,74.0,42.0,1513.0
2022-06-01,JP,Hiroshima,pm25,309,5.0,82.0,34.0,3210.76
2022-06-01,JP,Shizuoka,pm25,248,9.0,134.0,38.0,2127.05
2022-06-01,JP,Chiba,pm25,767,5.0,93.0,38.0,2051.53
2022-06-01,JP,Sapporo,pm25,164,5.0,55.0,13.0,563.86
2022-06-01,JP,Yokohama,pm25,535,1.0,91.0,38.0,2374.88
2022-06-01,JP,Tokyo,pm25,2482,1.0,154.0,38.0,1841.61
2022-06-01,JP,Saitama,pm25,493,5.0,59.0,34.0,1246.95
2022-06-01,JP,Naha,pm25,117,5.0,38.0,21.0,881.77
2022-06-01,JP,Nagasaki,pm25,188,13.0,76.0,53.0,1243.38
2022-06-01,JP,Toyama,pm25,188,5.0,74.0,30.0,1882.38
2022-06-01,JP,Niigata,pm25,213,5.0,57.0,30.0,900.19
2022-06-01,JP,Nara-shi,pm25,186,9.0,63.0,38.0,1376.22
2022-06-01,JP,Okayama,pm25,287,21.0,151.0,46.0,4618.2
2022-06-01,JP,Sendai,pm25,466,5.0,55.0,25.0,866.35
2022-06-01,JP,Osaka,pm25,1419,5.0,93.0,42.0,2193.17
2022-06-01,JP,Miyazaki,pm25,141,13.0,127.0,55.0,2487.99
2022-06-01,JP,Matsuyama,pm25,156,5.0,87.0,46.0,3025.6
2022-06-01,JP,Wakayama,pm25,283,9.0,87.0,38.0,1272.5
2022-06-01,JP,Takamatsu,pm25,237,5.0,61.0,34.0,1416.75
2022-06-01,JP,Nagoya,pm25,747,5.0,82.0,34.0,2094.14
2022-06-01,JP,Ōita,pm25,246,5.0,72.0,46.0,2637.8
2022-06-01,JP,Kobe,pm25,405,5.0,172.0,42.0,1852.26
2022-06-01,JP,Nagano,pm25,71,5.0,153.0,25.0,3656.76
2022-06-01,JP,Utsunomiya,pm25,420,9.0,68.0,34.0,1235.92
2022-06-01,JP,Kagoshima,pm25,95,21.0,70.0,50.0,1317.06
2022-06-01,SK,Košice,pm25,95,30.0,82.0,57.0,1109.67
2022-06-01,SK,Bratislava,pm25,92,5.0,63.0,25.0,1773.29
2022-06-01,FI,Vantaa,pm25,24,8.0,30.0,20.0,243.02
2022-06-01,FI,Turku,pm25,24,2.0,28.0,16.0,413.02
2022-06-01,FI,Helsinki,pm25,120,10.0,56.0,21.0,1041.98
2022-06-01,FI,Tampere,pm25,96,2.0,33.0,13.0,660.5
2022-06-01,ET,Addis Ababa,pm25,24,85.0,186.0,117.0,10594.5
2022-06-01,CH,Zürich,pm25,20,1.0,3.0,1.0,3.66
2022-06-01,CO,Bogotá,pm25,270,5.0,151.0,36.0,7223.54
2022-06-01,CO,Medellín,pm25,276,17.0,104.0,59.0,3050.01
2022-06-01,DK,Copenhagen,pm25,24,7.0,45.0,26.0,819.71
2022-06-01,GB,Edinburgh,pm25,283,9.0,202.0,22.0,2796.96
2022-06-01,GB,Norwich,pm25,17,17.0,50.0,28.0,830.15
2022-06-01,GB,Liverpool,pm25,26,9.0,21.0,13.0,128.0
2022-06-01,GB,Belfast,pm25,39,9.0,37.0,17.0,290.46
2022-06-01,GB,Coventry,pm25,64,13.0,32.0,20.0,245.47
2022-06-01,GB,Leeds,pm25,40,9.0,46.0,16.0,682.3
2022-06-01,GB,Cardiff,pm25,112,5.0,61.0,42.0,2193.81
2022-06-01,GB,Bristol,pm25,71,17.0,53.0,30.0,1150.28
2022-06-01,GB,London,pm25,539,5.0,156.0,30.0,1691.44
2022-06-01,GB,Birmingham,pm25,45,15.0,49.0,25.0,551.18
2022-06-01,GB,Sheffield,pm25,85,12.0,50.0,17.0,600.63
2022-06-01,GB,Newport,pm25,40,5.0,30.0,13.0,312.15
2022-06-01,GB,Leicester,pm25,19,17.0,33.0,24.0,261.52
2022-06-01,GB,Manchester,pm25,82,5.0,52.0,22.0,939.82
2022-06-01,GB,Reading,pm25,36,5.0,30.0,13.0,450.57
2022-06-01,GB,Plymouth,pm25,32,5.0,25.0,17.0,347.65
2022-06-01,GB,Glasgow,pm25,571,6.0,43.0,23.0,454.35
2022-06-01,GB,Preston,pm25,46,9.0,29.0,16.0,190.4
2022-06-01,GB,Swansea,pm25,86,5.0,42.0,17.0,867.91
2022-06-01,GB,Southend-on-Sea,pm25,44,15.0,46.0,22.0,553.76
2022-06-01,ID,Jakarta,pm25,24,21.0,72.0,53.0,1653.62
2022-06-01,NP,Kathmandu,pm25,72,70.0,159.0,125.0,7940.53
2022-06-01,NP,Pokhara,pm25,24,60.0,102.0,80.0,1473.32
2022-06-01,NP,Biratnagar,pm25,24,69.0,115.0,89.0,1273.89
2022-06-01,AU,Sydney,pm25,134,1.0,85.0,11.0,1351.91
2022-06-01,AU,Newcastle,pm25,134,1.0,34.0,11.0,479.0
2022-06-01,AU,Launceston,pm25,127,5.0,191.0,21.0,18271.9
2022-06-01,AU,Hobart,pm25,60,5.0,82.0,9.0,4378.13
2022-06-01,AU,Darwin,pm25,49,7.0,126.0,33.0,4535.8
2022-06-01,AU,Melbourne,pm25,147,1.0,61.0,20.0,1697.47
2022-06-01,AU,Canberra,pm25,57,1.0,63.0,14.0,1610.62
2022-06-01,AU,Adelaide,pm25,88,3.0,65.0,19.0,2149.66
2022-06-01,AU,Brisbane,pm25,193,1.0,44.0,13.0,364.97
2022-06-01,AU,Perth,pm25,88,2.0,48.0,10.0,782.53
2022-06-01,AU,Wollongong,pm25,40,1.0,27.0,11.0,512.18
2022-06-01,CI,Abidjan,pm25,24,17.0,65.0,38.0,1585.05
2022-06-01,GH,Accra,pm25,24,21.0,102.0,46.0,5239.06
2022-06-01,IQ,Baghdad,pm25,24,170.0,475.0,191.0,80042.2
2022-06-01,IS,Reykjavík,pm25,92,1.0,28.0,10.0,234.05
2022-06-01,NL,Utrecht,pm25,48,11.0,129.0,33.0,4215.85
2022-06-01,NL,Nijmegen,pm25,46,9.0,77.0,33.0,3182.76
2022-06-01,NL,Haarlem,pm25,139,4.0,70.0,25.0,1960.88
2022-06-01,NL,Eindhoven,pm25,23,15.0,83.0,63.0,3263.6
2022-06-01,NL,Rotterdam,pm25,192,9.0,51.0,22.0,734.61
2022-06-01,NL,Amsterdam,pm25,255,2.0,55.0,23.0,1542.45
2022-06-01,NL,Dordrecht,pm25,24,5.0,61.0,38.0,2306.96
2022-06-01,NL,Breda,pm25,24,14.0,63.0,36.0,2131.23
2022-06-01,NL,Groningen,pm25,48,1.0,60.0,24.0,2877.87
2022-06-01,NL,Maastricht,pm25,92,5.0,53.0,25.0,1000.13
2022-06-01,NL,The Hague,pm25,64,1.0,53.0,16.0,1238.67
2022-06-01,PT,Lisbon,pm25,13,15.0,25.0,16.0,109.36
2022-06-01,CA,Hamilton,pm25,94,13.0,68.0,38.0,1241.86
2022-06-01,CA,Calgary,pm25,77,17.0,87.0,37.0,2519.04
2022-06-01,CA,Halifax,pm25,44,5.0,14.0,9.0,43.85
2022-06-01,CA,Kitchener,pm25,48,5.0,102.0,42.0,3337.44
2022-06-01,CA,Edmonton,pm25,129,3.0,160.0,27.0,4411.2
2022-06-01,CA,Mississauga,pm25,66,17.0,95.0,42.0,2063.24
2022-06-01,CA,Québec,pm25,154,5.0,51.0,16.0,1065.86
2022-06-01,CA,Vancouver,pm25,23,9.0,36.0,16.0,573.28
2022-06-01,CA,Victoria,pm25,44,5.0,50.0,25.0,1057.01
2022-06-01,CA,Montréal,pm25,312,3.0,52.0,20.0,695.29
2022-06-01,CA,Toronto,pm25,139,5.0,70.0,42.0,1718.16
2022-06-01,CA,Ottawa,pm25,58,9.0,50.0,21.0,1110.19
2022-06-01,CA,London,pm25,39,13.0,68.0,42.0,1660.09
2022-06-01,US,Oklahoma City,pm25,73,13.0,41.0,18.0,451.04
2022-06-01,US,Raleigh,pm25,71,25.0,69.0,58.0,810.52
2022-06-01,US,Memphis,pm25,71,3.0,63.0,35.0,1052.73
2022-06-01,US,Jackson,pm25,72,19.0,52.0,34.0,569.67
2022-06-01,US,Boston,pm25,110,5.0,59.0,21.0,771.47
2022-06-01,US,Richmond,pm25,96,44.0,68.0,56.0,469.5
2022-06-01,US,Portland,pm25,168,16.0,56.0,26.0,840.7
2022-06-01,US,Boise,pm25,74,5.0,55.0,13.0,985.26
2022-06-01,US,Austin,pm25,44,5.0,55.0,21.0,1983.06
2022-06-01,US,Honolulu,pm25,36,5.0,34.0,13.0,785.36
2022-06-01,US,Fresno,pm25,47,2.0,57.0,23.0,1797.39
2022-06-01,US,Milwaukee,pm25,144,10.0,50.0,19.0,568.59
2022-06-01,US,Hartford,pm25,48,12.0,36.0,20.0,465.67
2022-06-01,US,Washington D.C.,pm25,95,25.0,70.0,51.0,889.53
2022-06-01,US,Chicago,pm25,180,1.0,55.0,23.0,1193.09
2022-06-01,US,Houston,pm25,48,19.0,62.0,35.0,1206.79
2022-06-01,US,Indianapolis,pm25,96,19.0,62.0,45.0,1878.83
2022-06-01,US,Atlanta,pm25,24,36.0,67.0,51.0,548.1
2022-06-01,US,Charlotte,pm25,71,25.0,57.0,42.0,630.71
2022-06-01,US,Sacramento,pm25,72,1.0,59.0,25.0,1147.46
2022-06-01,US,Oakland,pm25,112,9.0,63.0,42.0,1750.14
2022-06-01,US,Providence,pm25,42,5.0,30.0,13.0,341.98
2022-06-01,US,Staten Island,pm25,107,3.0,58.0,30.0,2054.83
2022-06-01,US,Brooklyn,pm25,117,1.0,53.0,15.0,1632.44
2022-06-01,US,Springfield,pm25,72,1.0,60.0,19.0,1446.76
2022-06-01,US,The Bronx,pm25,48,1.0,31.0,7.0,569.77
2022-06-01,US,San Jose,pm25,94,9.0,144.0,34.0,3002.1
2022-06-01,US,Los Angeles,pm25,24,53.0,84.0,67.0,475.2
2022-06-01,US,Detroit,pm25,158,14.0,159.0,52.0,8617.91
2022-06-01,US,Little Rock,pm25,24,11.0,55.0,43.0,1667.75
2022-06-01,US,Baltimore,pm25,46,17.0,64.0,55.0,1607.75
2022-06-01,US,Phoenix,pm25,188,2.0,122.0,31.0,3370.39
2022-06-01,US,Omaha,pm25,45,5.0,53.0,21.0,1248.28
2022-06-01,US,El Paso,pm25,155,2.0,179.0,38.0,22469.3
2022-06-01,US,Seattle,pm25,255,9.0,61.0,34.0,959.19
2022-06-01,US,Manhattan,pm25,67,3.0,58.0,20.0,1475.62
2022-06-01,US,Miami,pm25,92,13.0,35.0,18.0,286.26
2022-06-01,US,Jacksonville,pm25,143,8.0,59.0,25.0,835.35
2022-06-01,US,San Antonio,pm25,93,2.0,79.0,29.0,2128.78
2022-06-01,US,Philadelphia,pm25,32,2.0,95.0,56.0,4948.94
2022-06-01,US,San Diego,pm25,24,38.0,83.0,64.0,1586.67
2022-06-01,US,Columbus,pm25,48,19.0,55.0,41.0,820.69
2022-06-01,US,Saint Paul,pm25,108,5.0,155.0,9.0,2220.65
2022-06-01,US,Denver,pm25,139,5.0,55.0,21.0,1508.65
2022-06-01,US,Salt Lake City,pm25,212,3.0,57.0,10.0,716.62
2022-06-01,US,Albuquerque,pm25,70,21.0,225.0,31.0,12814.3
2022-06-01,US,San Francisco,pm25,69,13.0,50.0,34.0,1065.41
2022-06-01,US,Salem,pm25,72,13.0,47.0,18.0,531.59
2022-06-01,US,Madison,pm25,48,10.0,20.0,15.0,58.71
2022-06-01,US,Nashville,pm25,73,13.0,68.0,50.0,933.8
2022-06-01,US,Tucson,pm25,158,5.0,89.0,21.0,1795.57
2022-06-01,US,Queens,pm25,89,3.0,56.0,18.0,1652.55
2022-06-01,US,Tallahassee,pm25,70,4.0,117.0,34.0,3732.35
2022-06-01,US,Fort Worth,pm25,23,9.0,53.0,34.0,1701.7
2022-06-01,RS,Novi Sad,pm25,48,8.0,96.0,35.0,7873.82
2022-06-01,RS,Niš,pm25,48,14.0,67.0,42.0,2157.87
2022-06-01,RS,Belgrade,pm25,120,25.0,87.0,54.0,2059.98
2022-06-01,CY,Nicosia,pm25,24,61.0,91.0,71.0,586.88
2022-06-01,CY,Limassol,pm25,24,49.0,72.0,60.0,351.23
2022-06-01,HR,Zagreb,pm25,24,43.0,68.0,50.0,527.81
2022-06-01,HR,Rijeka,pm25,51,40.0,64.0,51.0,391.3
2022-06-01,MK,Skopje,pm25,168,11.0,104.0,50.0,2614.13
2022-06-02,GE,Tbilisi,pm25,96,41.0,78.0,53.0,773.9
2022-06-02,HU,Győr,pm25,44,13.0,139.0,30.0,11451.4
2022-06-02,HU,Szeged,pm25,21,17.0,55.0,46.0,1433.0
2022-06-02,HU,Pécs,pm25,66,21.0,63.0,30.0,1447.55
2022-06-02,HU,Kecskemét,pm25,4,34.0,46.0,34.0,480.0
2022-06-02,HU,Miskolc,pm25,92,13.0,65.0,30.0,2380.85
2022-06-02,HU,Budapest,pm25,337,9.0,226.0,30.0,8647.67
2022-06-02,JP,Fukuoka,pm25,402,5.0,151.0,55.0,3672.82
2022-06-02,JP,Kanazawa,pm25,238,5.0,82.0,46.0,2194.74
2022-06-02,JP,Kumamoto,pm25,357,9.0,159.0,57.0,5479.54
2022-06-02,JP,Akita,pm25,41,17.0,59.0,34.0,1510.62
2022-06-02,JP,Kochi,pm25,47,17.0,65.0,38.0,930.53
2022-06-02,JP,Gifu-shi,pm25,165,9.0,80.0,50.0,2416.79
2022-06-02,JP,Kyoto,pm25,577,5.0,80.0,57.0,1322.22
2022-06-02,JP,Hiroshima,pm25,332,5.0,162.0,59.0,2052.3
2022-06-02,JP,Shizuoka,pm25,254,5.0,91.0,25.0,1993.91
2022-06-02,JP,Chiba,pm25,699,5.0,127.0,30.0,2324.23
2022-06-02,JP,Sapporo,pm25,161,5.0,72.0,13.0,1326.62
2022-06-02,JP,Yokohama,pm25,506,1.0,109.0,30.0,2725.67
2022-06-02,JP,Tokyo,pm25,2438,1.0,149.0,38.0,1939.11
2022-06-02,JP,Saitama,pm25,503,9.0,82.0,42.0,1810.16
2022-06-02,JP,Naha,pm25,115,5.0,38.0,13.0,957.96
2022-06-02,JP,Nagasaki,pm25,185,9.0,91.0,55.0,1127.2
2022-06-02,JP,Toyama,pm25,192,9.0,80.0,53.0,1849.21
2022-06-02,JP,Niigata,pm25,209,13.0,87.0,46.0,1660.35
2022-06-02,JP,Nara-shi,pm25,178,9.0,117.0,53.0,1850.79
2022-06-02,JP,Okayama,pm25,285,21.0,97.0,59.0,1528.28
2022-06-02,JP,Sendai,pm25,432,5.0,70.0,34.0,1696.1
2022-06-02,JP,Osaka,pm25,1414,5.0,124.0,55.0,1665.99
2022-06-02,JP,Miyazaki,pm25,135,5.0,85.0,46.0,1796.43
2022-06-02,JP,Matsuyama,pm25,155,5.0,85.0,42.0,2718.13
2022-06-02,JP,Wakayama,pm25,285,13.0,97.0,50.0,1773.07
2022-06-02,JP,Takamatsu,pm25,240,21.0,78.0,53.0,1291.21
2022-06-02,JP,Nagoya,pm25,779,5.0,134.0,50.0,2267.46
2022-06-02,JP,Ōita,pm25,256,5.0,91.0,53.0,3308.7
2022-06-02,JP,Kobe,pm25,413,5.0,102.0,55.0,2442.0
2022-06-02,JP,Nagano,pm25,72,5.0,85.0,42.0,3735.7
2022-06-02,JP,Utsunomiya,pm25,426,9.0,74.0,46.0,1432.0
2022-06-02,JP,Kagoshima,pm25,93,5.0,70.0,38.0,1249.86
2022-06-02,SK,Košice,pm25,86,25.0,156.0,53.0,6901.29
2022-06-02,SK,Bratislava,pm25,93,5.0,68.0,34.0,2074.81
2022-06-02,FI,Vantaa,pm25,24,5.0,40.0,15.0,937.32
2022-06-02,FI,Turku,pm25,24,3.0,19.0,13.0,189.98
2022-06-02,FI,Helsinki,pm25,119,8.0,55.0,21.0,1000.33
2022-06-02,FI,Tampere,pm25,96,2.0,58.0,19.0,1442.23
2022-06-02,ET,Addis Ababa,pm25,24,78.0,167.0,112.0,5007.17
2022-06-02,CH,Zürich,pm25,23,1.0,3.0,2.0,2.65
2022-06-02,CO,Bogotá,pm25,296,13.0,163.0,68.0,8562.0
2022-06-02,CO,Medellín,pm25,302,21.0,102.0,57.0,2464.0
2022-06-02,DK,Copenhagen,pm25,24,21.0,38.0,29.0,225.2
2022-06-02,GB,Edinburgh,pm25,281,5.0,63.0,20.0,1172.82
2022-06-02,GB,Norwich,pm25,24,25.0,60.0,34.0,744.57
2022-06-02,GB,Liverpool,pm25,39,9.0,65.0,34.0,1799.27
2022-06-02,GB,Belfast,pm25,62,17.0,70.0,30.0,772.89
2022-06-02,GB,Coventry,pm25,49,27.0,54.0,35.0,555.74
2022-06-02,GB,Leeds,pm25,36,21.0,97.0,50.0,2321.42
2022-06-02,GB,Cardiff,pm25,120,5.0,61.0,42.0,2469.74
2022-06-02,GB,Bristol,pm25,72,21.0,57.0,34.0,1172.55
2022-06-02,GB,London,pm25,547,5.0,160.0,42.0,2438.52
2022-06-02,GB,Birmingham,pm25,36,21.0,60.0,42.0,834.25
2022-06-02,GB,Sheffield,pm25,73,21.0,55.0,31.0,771.3
2022-06-02,GB,Newport,pm25,44,9.0,47.0,17.0,443.69
2022-06-02,GB,Leicester,pm25,12,21.0,62.0,38.0,1581.52
2022-06-02,GB,Manchester,pm25,87,21.0,60.0,37.0,690.91
2022-06-02,GB,Reading,pm25,48,9.0,57.0,34.0,1476.15
2022-06-02,GB,Plymouth,pm25,41,5.0,61.0,19.0,899.62
2022-06-02,GB,Glasgow,pm25,572,8.0,63.0,20.0,611.39
2022-06-02,GB,Preston,pm25,41,21.0,67.0,40.0,1554.5
2022-06-02,GB,Swansea,pm25,96,5.0,61.0,25.0,1589.13
2022-06-02,GB,Southend-on-Sea,pm25,40,20.0,64.0,35.0,1093.69
2022-06-02,ID,Jakarta,pm25,48,38.0,119.0,72.0,2751.33
2022-06-02,NP,Kathmandu,pm25,70,89.0,159.0,112.0,3325.92
2022-06-02,NP,Pokhara,pm25,24,48.0,96.0,72.0,2379.98
2022-06-02,NP,Biratnagar,pm25,24,72.0,158.0,91.0,5405.05
2022-06-02,AU,Sydney,pm25,157,1.0,80.0,17.0,2992.34
2022-06-02,AU,Newcastle,pm25,116,1.0,106.0,17.0,4121.21
2022-06-02,AU,Launceston,pm25,158,5.0,169.0,46.0,22410.2
2022-06-02,AU,Hobart,pm25,68,5.0,78.0,13.0,3399.29
2022-06-02,AU,Darwin,pm25,48,3.0,63.0,31.0,2168.19
2022-06-02,AU,Melbourne,pm25,162,2.0,59.0,20.0,1450.5
2022-06-02,AU,Canberra,pm25,57,3.0,83.0,35.0,4640.01
2022-06-02,AU,Adelaide,pm25,90,2.0,87.0,33.0,1719.37
2022-06-02,AU,Brisbane,pm25,208,1.0,112.0,14.0,2153.22
2022-06-02,AU,Perth,pm25,87,2.0,64.0,18.0,2139.7
2022-06-02,AU,Wollongong,pm25,41,1.0,62.0,24.0,3691.48
2022-06-02,CI,Abidjan,pm25,24,34.0,99.0,57.0,2130.85
2022-06-02,GH,Accra,pm25,24,21.0,107.0,53.0,5683.03
2022-06-02,IQ,Baghdad,pm25,24,176.0,576.0,259.0,169429.0
2022-06-02,IS,Reykjavík,pm25,96,5.0,32.0,11.0,224.0
2022-06-02,KG,Bishkek,pm25,11,5.0,25.0,13.0,398.54
2022-06-02,NL,Utrecht,pm25,47,17.0,79.0,38.0,2407.8
2022-06-02,NL,Nijmegen,pm25,47,5.0,59.0,31.0,2231.59
2022-06-02,NL,Haarlem,pm25,139,3.0,69.0,25.0,1856.5
2022-06-02,NL,Eindhoven,pm25,23,12.0,86.0,58.0,3616.8
2022-06-02,NL,Rotterdam,pm25,192,12.0,62.0,29.0,740.54
2022-06-02,NL,Amsterdam,pm25,263,3.0,66.0,29.0,1867.2
2022-06-02,NL,Dordrecht,pm25,24,13.0,62.0,46.0,1571.01
2022-06-02,NL,Breda,pm25,23,17.0,74.0,43.0,1947.47
2022-06-02,NL,Groningen,pm25,48,1.0,43.0,21.0,985.51
2022-06-02,NL,Maastricht,pm25,94,5.0,65.0,34.0,1672.16
2022-06-02,NL,The Hague,pm25,67,1.0,76.0,20.0,1389.01
2022-06-02,PT,Lisbon,pm25,65,12.0,31.0,18.0,126.8
2022-06-02,PT,Funchal,pm25,25,2.0,33.0,13.0,967.77
2022-06-02,CA,Hamilton,pm25,70,5.0,42.0,9.0,839.92
2022-06-02,CA,Calgary,pm25,92,18.0,78.0,41.0,1689.58
2022-06-02,CA,Halifax,pm25,45,9.0,19.0,13.0,46.8
2022-06-02,CA,Kitchener,pm25,19,5.0,17.0,5.0,139.42
2022-06-02,CA,Edmonton,pm25,119,2.0,78.0,28.0,2436.85
2022-06-02,CA,Mississauga,pm25,43,5.0,74.0,9.0,3306.86
2022-06-02,CA,Québec,pm25,133,9.0,31.0,16.0,206.73
2022-06-02,CA,Vancouver,pm25,21,9.0,41.0,16.0,855.29
2022-06-02,CA,Victoria,pm25,45,9.0,57.0,34.0,787.65
2022-06-02,CA,Montréal,pm25,367,6.0,42.0,20.0,476.64
2022-06-02,CA,Toronto,pm25,125,5.0,137.0,17.0,2424.64
2022-06-02,CA,Ottawa,pm25,72,5.0,57.0,25.0,1361.96
2022-06-02,CA,London,pm25,30,5.0,50.0,21.0,1437.89
2022-06-02,US,Oklahoma City,pm25,93,9.0,46.0,19.0,355.75
2022-06-02,US,Raleigh,pm25,72,25.0,78.0,57.0,1103.18
2022-06-02,US,Memphis,pm25,70,2.0,42.0,25.0,544.55
2022-06-02,US,Jackson,pm25,72,16.0,62.0,32.0,1120.77
2022-06-02,US,Boston,pm25,127,5.0,59.0,21.0,564.14
2022-06-02,US,Richmond,pm25,96,23.0,66.0,51.0,1184.33
2022-06-02,US,Portland,pm25,167,12.0,92.0,32.0,2231.24
2022-06-02,US,Boise,pm25,90,5.0,50.0,13.0,732.11
2022-06-02,US,Austin,pm25,39,5.0,53.0,21.0,1411.75
2022-06-02,US,Honolulu,pm25,34,5.0,38.0,13.0,648.49
2022-06-02,US,Fresno,pm25,45,4.0,47.0,17.0,1300.07
2022-06-02,US,Milwaukee,pm25,143,13.0,60.0,23.0,593.47
2022-06-02,US,Hartford,pm25,48,18.0,46.0,33.0,330.42
2022-06-02,US,Washington D.C.,pm25,96,5.0,66.0,45.0,2068.82
2022-06-02,US,Chicago,pm25,200,8.0,65.0,27.0,1451.08
2022-06-02,US,Houston,pm25,47,13.0,60.0,36.0,1272.14
2022-06-02,US,Indianapolis,pm25,95,13.0,91.0,23.0,1429.14
2022-06-02,US,Atlanta,pm25,24,32.0,70.0,54.0,1875.2
2022-06-02,US,Charlotte,pm25,72,21.0,65.0,45.0,750.13
2022-06-02,US,Sacramento,pm25,72,5.0,72.0,21.0,1044.63
2022-06-02,US,Oakland,pm25,118,5.0,61.0,25.0,1409.56
2022-06-02,US,Providence,pm25,39,5.0,38.0,17.0,986.76
2022-06-02,US,Staten Island,pm25,105,3.0,57.0,23.0,2117.63
2022-06-02,US,Brooklyn,pm25,110,3.0,142.0,22.0,2997.94
2022-06-02,US,Springfield,pm25,70,3.0,50.0,20.0,541.82
2022-06-02,US,The Bronx,pm25,40,5.0,46.0,20.0,1152.08
2022-06-02,US,San Jose,pm25,91,5.0,61.0,30.0,1851.76
2022-06-02,US,Los Angeles,pm25,24,45.0,85.0,65.0,1007.75
2022-06-02,US,Detroit,pm25,158,11.0,58.0,22.0,1263.45
2022-06-02,US,Little Rock,pm25,22,6.0,34.0,24.0,617.08
2022-06-02,US,Baltimore,pm25,48,5.0,66.0,38.0,2261.27
2022-06-02,US,Phoenix,pm25,190,4.0,154.0,29.0,6544.73
2022-06-02,US,Omaha,pm25,45,5.0,91.0,25.0,2502.09
2022-06-02,US,El Paso,pm25,162,2.0,160.0,38.0,5780.93
2022-06-02,US,Seattle,pm25,259,7.0,99.0,35.0,1959.51
2022-06-02,US,Manhattan,pm25,66,1.0,68.0,23.0,2299.68
2022-06-02,US,Miami,pm25,93,13.0,45.0,19.0,242.03
2022-06-02,US,Jacksonville,pm25,138,10.0,67.0,25.0,812.21
2022-06-02,US,San Antonio,pm25,88,5.0,85.0,25.0,1893.34
2022-06-02,US,Philadelphia,pm25,43,2.0,154.0,41.0,6722.92
2022-06-02,US,San Diego,pm25,22,31.0,96.0,61.0,3572.99
2022-06-02,US,Columbus,pm25,46,9.0,57.0,23.0,1018.96
2022-06-02,US,Saint Paul,pm25,124,5.0,74.0,13.0,1022.11
2022-06-02,US,Denver,pm25,158,13.0,93.0,38.0,2325.6
2022-06-02,US,Salt Lake City,pm25,216,7.0,51.0,19.0,852.24
2022-06-02,US,Albuquerque,pm25,70,20.0,65.0,36.0,1280.08
2022-06-02,US,San Francisco,pm25,65,5.0,42.0,25.0,930.53
2022-06-02,US,Salem,pm25,72,8.0,33.0,20.0,323.22
2022-06-02,US,Madison,pm25,48,16.0,34.0,19.0,248.78
2022-06-02,US,Nashville,pm25,70,9.0,71.0,33.0,2394.04
2022-06-02,US,Tucson,pm25,153,5.0,87.0,21.0,2010.59
2022-06-02,US,Queens,pm25,89,2.0,50.0,25.0,1385.01
2022-06-02,US,Tallahassee,pm25,71,3.0,74.0,45.0,2656.08
2022-06-02,US,Fort Worth,pm25,17,5.0,30.0,13.0,717.65
2022-06-02,RS,Novi Sad,pm25,48,9.0,79.0,24.0,6245.53
2022-06-02,RS,Niš,pm25,48,15.0,63.0,36.0,1495.63
2022-06-02,RS,Belgrade,pm25,120,44.0,102.0,74.0,1441.9
2022-06-02,CY,Nicosia,pm25,24,37.0,84.0,62.0,1723.89
2022-06-02,CY,Limassol,pm25,24,38.0,63.0,54.0,428.91
2022-06-02,HR,Zagreb,pm25,24,19.0,70.0,26.0,3707.37
2022-06-02,HR,Rijeka,pm25,76,27.0,60.0,44.0,437.48
2022-06-02,MK,Skopje,pm25,168,12.0,95.0,51.0,2754.24
2022-06-03,GE,Tbilisi,pm25,96,48.0,118.0,58.0,4012.4
2022-06-03,HU,Győr,pm25,48,17.0,91.0,38.0,3878.28
2022-06-03,HU,Szeged,pm25,23,21.0,53.0,38.0,1160.91
2022-06-03,HU,Pécs,pm25,63,21.0,63.0,34.0,1339.82
2022-06-03,HU,Miskolc,pm25,116,17.0,72.0,38.0,2202.85
2022-06-03,HU,Budapest,pm25,317,9.0,61.0,25.0,970.67
2022-06-03,JP,Fukuoka,pm25,391,9.0,155.0,57.0,2488.06
2022-06-03,JP,Kanazawa,pm25,236,5.0,87.0,46.0,2408.72
2022-06-03,JP,Kumamoto,pm25,352,9.0,162.0,59.0,5397.84
2022-06-03,JP,Akita,pm25,44,5.0,82.0,25.0,3573.85
2022-06-03,JP,Kochi,pm25,48,25.0,68.0,42.0,1110.42
2022-06-03,JP,Gifu-shi,pm25,155,5.0,80.0,46.0,2616.43
2022-06-03,JP,Kyoto,pm25,581,5.0,87.0,59.0,1311.19
2022-06-03,JP,Hiroshima,pm25,332,5.0,97.0,57.0,2099.51
2022-06-03,JP,Shizuoka,pm25,251,5.0,109.0,46.0,4401.14
2022-06-03,JP,Chiba,pm25,722,5.0,112.0,42.0,2490.57
2022-06-03,JP,Sapporo,pm25,181,5.0,50.0,13.0,858.21
2022-06-03,JP,Yokohama,pm25,512,1.0,129.0,38.0,3269.43
2022-06-03,JP,Tokyo,pm25,2513,5.0,129.0,46.0,1751.61
2022-06-03,JP,Saitama,pm25,498,5.0,72.0,53.0,1136.67
2022-06-03,JP,Naha,pm25,124,5.0,30.0,13.0,408.5
2022-06-03,JP,Nagasaki,pm25,191,5.0,93.0,53.0,1668.04
2022-06-03,JP,Toyama,pm25,189,5.0,87.0,53.0,2059.96
2022-06-03,JP,Niigata,pm25,197,5.0,76.0,55.0,3067.53
2022-06-03,JP,Nara-shi,pm25,176,5.0,85.0,57.0,1985.14
2022-06-03,JP,Okayama,pm25,283,30.0,104.0,59.0,1142.68
2022-06-03,JP,Sendai,pm25,425,5.0,61.0,21.0,1348.69
2022-06-03,JP,Osaka,pm25,1415,5.0,114.0,53.0,1887.5
2022-06-03,JP,Miyazaki,pm25,143,5.0,109.0,55.0,3784.06
2022-06-03,JP,Matsuyama,pm25,162,5.0,95.0,53.0,2805.11
2022-06-03,JP,Wakayama,pm25,278,21.0,119.0,53.0,2226.25
2022-06-03,JP,Takamatsu,pm25,237,25.0,89.0,53.0,1332.2
2022-06-03,JP,Nagoya,pm25,779,5.0,93.0,42.0,1776.0
2022-06-03,JP,Ōita,pm25,262,5.0,189.0,65.0,4119.31
2022-06-03,JP,Kobe,pm25,425,9.0,87.0,53.0,1976.0
2022-06-03,JP,Nagano,pm25,72,9.0,89.0,53.0,4174.65
2022-06-03,JP,Utsunomiya,pm25,432,17.0,117.0,50.0,1169.49
2022-06-03,JP,Kagoshima,pm25,96,13.0,78.0,53.0,1549.88
2022-06-03,SK,Košice,pm25,92,34.0,144.0,57.0,5394.34
2022-06-03,SK,Bratislava,pm25,94,17.0,53.0,38.0,726.73
2022-06-03,FI,Vantaa,pm25,24,8.0,43.0,26.0,617.97
2022-06-03,FI,Turku,pm25,24,15.0,32.0,23.0,242.16
2022-06-03,FI,Helsinki,pm25,120,9.0,39.0,25.0,239.79
2022-06-03,FI,Tampere,pm25,96,3.0,39.0,22.0,1094.04
2022-06-03,ET,Addis Ababa,pm25,24,74.0,161.0,114.0,7758.48
2022-06-03,CH,Zürich,pm25,19,2.0,4.0,2.0,3.39
2022-06-03,CO,Bogotá,pm25,311,5.0,155.0,63.0,4849.86
2022-06-03,CO,Medellín,pm25,235,17.0,91.0,55.0,2171.75
2022-06-03,DK,Copenhagen,pm25,24,14.0,53.0,32.0,1099.93
2022-06-03,GB,Edinburgh,pm25,280,18.0,68.0,27.0,923.03
2022-06-03,GB,Norwich,pm25,22,21.0,32.0,28.0,84.09
2022-06-03,GB,Liverpool,pm25,37,20.0,59.0,45.0,583.41
2022-06-03,GB,Belfast,pm25,52,16.0,51.0,34.0,439.76
2022-06-03,GB,Coventry,pm25,69,23.0,55.0,40.0,664.01
2022-06-03,GB,Leeds,pm25,38,30.0,82.0,45.0,1230.78
2022-06-03,GB,Cardiff,pm25,120,9.0,72.0,55.0,2154.92
2022-06-03,GB,Bristol,pm25,72,17.0,78.0,50.0,850.7
2022-06-03,GB,London,pm25,534,9.0,87.0,42.0,1183.57
2022-06-03,GB,Birmingham,pm25,47,22.0,58.0,46.0,753.33
2022-06-03,GB,Sheffield,pm25,71,25.0,57.0,38.0,516.44
2022-06-03,GB,Newport,pm25,47,17.0,59.0,30.0,937.74
2022-06-03,GB,Leicester,pm25,24,18.0,53.0,31.0,524.77
2022-06-03,GB,Manchester,pm25,76,16.0,72.0,35.0,1525.18
2022-06-03,GB,Reading,pm25,48,21.0,61.0,38.0,1219.56
2022-06-03,GB,Plymouth,pm25,38,17.0,112.0,30.0,2662.4
2022-06-03,GB,Glasgow,pm25,571,15.0,57.0,35.0,772.99
2022-06-03,GB,Preston,pm25,43,14.0,57.0,45.0,1786.92
2022-06-03,GB,Swansea,pm25,143,9.0,76.0,34.0,2417.66
2022-06-03,GB,Southend-on-Sea,pm25,44,25.0,65.0,39.0,962.09
2022-06-03,ID,Jakarta,pm25,71,34.0,159.0,84.0,9411.39
2022-06-03,NP,Kathmandu,pm25,72,78.0,138.0,113.0,3200.69
2022-06-03,NP,Pokhara,pm25,24,57.0,80.0,66.0,479.55
2022-06-03,NP,Biratnagar,pm25,24,78.0,144.0,100.0,2581.67
2022-06-03,AU,Sydney,pm25,163,1.0,88.0,19.0,3108.19
2022-06-03,AU,Newcastle,pm25,129,3.0,116.0,30.0,2858.7
2022-06-03,AU,Launceston,pm25,162,5.0,195.0,17.0,13594.0
2022-06-03,AU,Hobart,pm25,63,5.0,99.0,21.0,3150.37
2022-06-03,AU,Darwin,pm25,60,10.0,58.0,27.0,1554.27
2022-06-03,AU,Melbourne,pm25,163,1.0,45.0,18.0,1031.94
2022-06-03,AU,Canberra,pm25,55,3.0,99.0,31.0,6480.89
2022-06-03,AU,Adelaide,pm25,89,4.0,44.0,17.0,752.27
2022-06-03,AU,Brisbane,pm25,206,1.0,67.0,23.0,1126.7
2022-06-03,AU,Perth,pm25,85,2.0,31.0,9.0,317.21
2022-06-03,AU,Wollongong,pm25,44,3.0,49.0,20.0,1138.32
2022-06-03,CI,Abidjan,pm25,23,5.0,160.0,61.0,12251.5
2022-06-03,GH,Accra,pm25,24,21.0,104.0,63.0,4296.45
2022-06-03,IQ,Baghdad,pm25,24,157.0,604.0,190.0,135595.0
2022-06-03,IS,Reykjavík,pm25,96,5.0,19.0,11.0,104.42
2022-06-03,KG,Bishkek,pm25,15,5.0,46.0,17.0,1716.38
2022-06-03,NL,Utrecht,pm25,48,20.0,64.0,37.0,1295.31
2022-06-03,NL,Nijmegen,pm25,47,3.0,68.0,34.0,2020.09
2022-06-03,NL,Haarlem,pm25,138,2.0,80.0,30.0,2028.73
2022-06-03,NL,Eindhoven,pm25,24,30.0,82.0,46.0,2404.28
2022-06-03,NL,Rotterdam,pm25,192,13.0,55.0,27.0,555.38
2022-06-03,NL,Amsterdam,pm25,259,2.0,64.0,24.0,1184.88
2022-06-03,NL,Dordrecht,pm25,24,17.0,60.0,34.0,1099.93
2022-06-03,NL,Breda,pm25,24,24.0,61.0,36.0,1145.05
2022-06-03,NL,Groningen,pm25,46,3.0,60.0,19.0,1437.16
2022-06-03,NL,Maastricht,pm25,96,5.0,72.0,38.0,1379.63
2022-06-03,NL,The Hague,pm25,70,4.0,57.0,26.0,871.68
2022-06-03,PT,Lisbon,pm25,73,13.0,38.0,18.0,191.05
2022-06-03,PT,Funchal,pm25,37,1.0,30.0,10.0,663.68
2022-06-03,CA,Hamilton,pm25,72,9.0,57.0,17.0,1667.18
2022-06-03,CA,Calgary,pm25,78,11.0,63.0,36.0,1306.73
2022-06-03,CA,Halifax,pm25,46,6.0,22.0,13.0,146.32
2022-06-03,CA,Kitchener,pm25,28,9.0,61.0,34.0,2128.51
2022-06-03,CA,Edmonton,pm25,136,5.0,153.0,28.0,4872.29
2022-06-03,CA,Mississauga,pm25,62,9.0,91.0,25.0,2829.74
2022-06-03,CA,Québec,pm25,164,7.0,38.0,20.0,334.58
2022-06-03,CA,Vancouver,pm25,21,1.0,39.0,10.0,648.29
2022-06-03,CA,Victoria,pm25,42,5.0,55.0,21.0,1100.6
2022-06-03,CA,Montréal,pm25,386,9.0,76.0,30.0,1600.56
2022-06-03,CA,Toronto,pm25,128,5.0,70.0,17.0,1472.0
2022-06-03,CA,Ottawa,pm25,43,5.0,27.0,16.0,241.69
2022-06-03,CA,London,pm25,44,9.0,61.0,30.0,2055.24
2022-06-03,US,Oklahoma City,pm25,91,17.0,44.0,26.0,282.95
2022-06-03,US,Raleigh,pm25,69,9.0,68.0,33.0,1613.11
2022-06-03,US,Memphis,pm25,72,19.0,49.0,25.0,384.6
2022-06-03,US,Jackson,pm25,68,3.0,50.0,28.0,914.18
2022-06-03,US,Boston,pm25,130,5.0,38.0,21.0,491.16
2022-06-03,US,Richmond,pm25,96,16.0,37.0,20.0,474.84
2022-06-03,US,Portland,pm25,158,8.0,34.0,13.0,264.06
2022-06-03,US,Boise,pm25,89,5.0,61.0,17.0,949.74
2022-06-03,US,Austin,pm25,43,5.0,87.0,21.0,3187.69
2022-06-03,US,Honolulu,pm25,32,5.0,38.0,13.0,589.59
2022-06-03,US,Fresno,pm25,45,3.0,49.0,15.0,786.19
2022-06-03,US,Milwaukee,pm25,144,8.0,121.0,23.0,1529.87
2022-06-03,US,Hartford,pm25,48,21.0,53.0,30.0,559.98
2022-06-03,US,Washington D.C.,pm25,104,5.0,42.0,20.0,444.66
2022-06-03,US,Chicago,pm25,215,2.0,68.0,25.0,1403.55
2022-06-03,US,Houston,pm25,46,12.0,58.0,30.0,847.85
2022-06-03,US,Indianapolis,pm25,96,18.0,119.0,34.0,4834.91
2022-06-03,US,Atlanta,pm25,24,32.0,45.0,38.0,79.35
2022-06-03,US,Charlotte,pm25,70,9.0,54.0,34.0,1161.71
2022-06-03,US,Sacramento,pm25,59,4.0,30.0,13.0,484.07
2022-06-03,US,Oakland,pm25,88,5.0,42.0,13.0,522.01
2022-06-03,US,Providence,pm25,36,5.0,30.0,13.0,471.52
2022-06-03,US,Staten Island,pm25,113,2.0,82.0,40.0,3671.62
2022-06-03,US,Brooklyn,pm25,112,1.0,60.0,28.0,2893.97
2022-06-03,US,Springfield,pm25,72,5.0,57.0,22.0,1256.87
2022-06-03,US,The Bronx,pm25,44,2.0,47.0,18.0,2101.33
2022-06-03,US,San Jose,pm25,84,5.0,78.0,13.0,1419.63
2022-06-03,US,Los Angeles,pm25,24,30.0,71.0,60.0,1429.49
2022-06-03,US,Detroit,pm25,168,19.0,73.0,32.0,1566.32
2022-06-03,US,Little Rock,pm25,24,12.0,42.0,27.0,605.2
2022-06-03,US,Baltimore,pm25,47,5.0,55.0,25.0,1130.21
2022-06-03,US,Phoenix,pm25,182,2.0,119.0,24.0,3854.97
2022-06-03,US,Omaha,pm25,48,9.0,59.0,38.0,1468.87
2022-06-03,US,El Paso,pm25,163,3.0,70.0,25.0,1708.73
2022-06-03,US,Seattle,pm25,257,5.0,158.0,21.0,2082.57
2022-06-03,US,Manhattan,pm25,70,3.0,65.0,29.0,2710.02
2022-06-03,US,Miami,pm25,93,11.0,40.0,23.0,396.05
2022-06-03,US,Jacksonville,pm25,144,13.0,75.0,29.0,1351.67
2022-06-03,US,San Antonio,pm25,89,3.0,100.0,30.0,2932.4
2022-06-03,US,Philadelphia,pm25,48,1.0,68.0,35.0,3172.7
2022-06-03,US,San Diego,pm25,24,33.0,76.0,55.0,666.79
2022-06-03,US,Columbus,pm25,48,5.0,52.0,21.0,1630.53
2022-06-03,US,Saint Paul,pm25,104,5.0,134.0,13.0,4406.49
2022-06-03,US,Denver,pm25,156,13.0,70.0,30.0,1887.2
2022-06-03,US,Salt Lake City,pm25,216,9.0,51.0,20.0,695.4
2022-06-03,US,Albuquerque,pm25,72,12.0,66.0,32.0,1538.8
2022-06-03,US,San Francisco,pm25,47,5.0,57.0,9.0,1017.81
2022-06-03,US,Salem,pm25,70,7.0,18.0,10.0,75.26
2022-06-03,US,Madison,pm25,48,13.0,94.0,21.0,2736.8
2022-06-03,US,Nashville,pm25,72,5.0,50.0,28.0,679.81
2022-06-03,US,Tucson,pm25,162,5.0,68.0,21.0,1698.07
2022-06-03,US,Queens,pm25,92,1.0,52.0,26.0,1766.58
2022-06-03,US,Tallahassee,pm25,68,6.0,80.0,36.0,2512.63
2022-06-03,US,Fort Worth,pm25,22,9.0,38.0,25.0,694.03
2022-06-03,RS,Novi Sad,pm25,48,4.0,61.0,14.0,3637.87
2022-06-03,RS,Niš,pm25,48,38.0,80.0,60.0,1117.59
2022-06-03,RS,Belgrade,pm25,120,15.0,117.0,50.0,5902.34
2022-06-03,CY,Nicosia,pm25,24,30.0,81.0,59.0,1143.89
2022-06-03,CY,Limassol,pm25,24,45.0,67.0,56.0,227.17
2022-06-03,HR,Zagreb,pm25,16,27.0,59.0,42.0,1009.17
2022-06-03,HR,Rijeka,pm25,67,12.0,58.0,32.0,879.04
2022-06-03,MK,Skopje,pm25,161,11.0,165.0,64.0,11087.2
2022-06-04,GE,Tbilisi,pm25,96,60.0,123.0,63.0,3854.76
2022-06-04,HU,Győr,pm25,48,9.0,119.0,34.0,10416.4
2022-06-04,HU,Szeged,pm25,24,21.0,68.0,46.0,1875.0
2022-06-04,HU,Pécs,pm25,72,25.0,59.0,38.0,717.87
2022-06-04,HU,Miskolc,pm25,120,21.0,72.0,46.0,1329.41
2022-06-04,HU,Budapest,pm25,339,13.0,57.0,34.0,1064.38
2022-06-04,JP,Fukuoka,pm25,401,5.0,162.0,63.0,4338.36
2022-06-04,JP,Kanazawa,pm25,217,5.0,63.0,25.0,1408.71
2022-06-04,JP,Kumamoto,pm25,361,5.0,174.0,76.0,7173.66
2022-06-04,JP,Akita,pm25,41,5.0,63.0,21.0,2054.8
2022-06-04,JP,Kochi,pm25,48,21.0,72.0,53.0,1423.93
2022-06-04,JP,Gifu-shi,pm25,160,5.0,78.0,38.0,2527.21
2022-06-04,JP,Kyoto,pm25,579,5.0,70.0,38.0,1319.49
2022-06-04,JP,Hiroshima,pm25,329,5.0,76.0,46.0,2095.62
2022-06-04,JP,Shizuoka,pm25,259,5.0,102.0,50.0,2457.39
2022-06-04,JP,Chiba,pm25,769,5.0,119.0,34.0,2005.57
2022-06-04,JP,Sapporo,pm25,171,5.0,50.0,13.0,813.93
2022-06-04,JP,Yokohama,pm25,526,1.0,104.0,38.0,2770.79
2022-06-04,JP,Tokyo,pm25,2546,5.0,122.0,38.0,1353.69
2022-06-04,JP,Saitama,pm25,494,13.0,68.0,38.0,1143.51
2022-06-04,JP,Naha,pm25,127,5.0,17.0,9.0,101.59
2022-06-04,JP,Nagasaki,pm25,190,34.0,104.0,63.0,976.34
2022-06-04,JP,Toyama,pm25,189,5.0,70.0,25.0,1382.72
2022-06-04,JP,Niigata,pm25,178,5.0,46.0,21.0,709.07
2022-06-04,JP,Nara-shi,pm25,169,9.0,57.0,38.0,1017.52
2022-06-04,JP,Okayama,pm25,288,21.0,157.0,50.0,6454.28
2022-06-04,JP,Sendai,pm25,462,5.0,53.0,21.0,898.89
2022-06-04,JP,Osaka,pm25,1440,5.0,82.0,34.0,1408.19
2022-06-04,JP,Miyazaki,pm25,144,38.0,129.0,70.0,2457.86
2022-06-04,JP,Matsuyama,pm25,165,9.0,93.0,55.0,2172.32
2022-06-04,JP,Wakayama,pm25,287,13.0,155.0,42.0,1591.6
2022-06-04,JP,Takamatsu,pm25,238,5.0,132.0,34.0,2539.32
2022-06-04,JP,Nagoya,pm25,785,1.0,89.0,38.0,1467.71
2022-06-04,JP,Ōita,pm25,264,13.0,97.0,63.0,1940.57
2022-06-04,JP,Kobe,pm25,423,5.0,74.0,38.0,1318.38
2022-06-04,JP,Nagano,pm25,62,5.0,46.0,21.0,1122.93
2022-06-04,JP,Utsunomiya,pm25,436,13.0,65.0,42.0,1391.18
2022-06-04,JP,Kagoshima,pm25,96,5.0,97.0,63.0,2676.63
2022-06-04,SK,Košice,pm25,94,13.0,157.0,53.0,2918.19
2022-06-04,SK,Bratislava,pm25,95,17.0,61.0,34.0,1196.05
2022-06-04,FI,Vantaa,pm25,23,7.0,43.0,26.0,964.74
2022-06-04,FI,Turku,pm25,24,6.0,25.0,13.0,171.3
2022-06-04,FI,Helsinki,pm25,120,12.0,41.0,26.0,472.4
2022-06-04,FI,Tampere,pm25,96,6.0,36.0,17.0,579.58
2022-06-04,ET,Addis Ababa,pm25,24,61.0,154.0,107.0,4823.32
2022-06-04,CH,Zürich,pm25,14,1.0,3.0,2.0,5.93
2022-06-04,CO,Bogotá,pm25,309,5.0,163.0,59.0,8238.35
2022-06-04,CO,Medellín,pm25,254,21.0,104.0,65.0,2604.24
2022-06-04,DK,Copenhagen,pm25,24,19.0,56.0,32.0,1304.28
2022-06-04,GB,Edinburgh,pm25,283,7.0,61.0,23.0,647.1
2022-06-04,GB,Norwich,pm25,19,26.0,33.0,30.0,27.08
2022-06-04,GB,Liverpool,pm25,42,21.0,48.0,30.0,318.51
2022-06-04,GB,Belfast,pm25,31,21.0,43.0,30.0,285.7
2022-06-04,GB,Coventry,pm25,52,24.0,42.0,30.0,187.83
2022-06-04,GB,Leeds,pm25,40,21.0,78.0,28.0,1843.36
2022-06-04,GB,Cardiff,pm25,117,9.0,65.0,50.0,1053.97
2022-06-04,GB,Bristol,pm25,70,25.0,59.0,42.0,570.41
2022-06-04,GB,London,pm25,524,5.0,65.0,34.0,967.27
2022-06-04,GB,Birmingham,pm25,35,27.0,46.0,34.0,316.59
2022-06-04,GB,Sheffield,pm25,56,30.0,57.0,38.0,583.79
2022-06-04,GB,Newport,pm25,43,20.0,34.0,25.0,107.11
2022-06-04,GB,Leicester,pm25,19,25.0,38.0,30.0,102.57
2022-06-04,GB,Manchester,pm25,80,17.0,48.0,30.0,603.29
2022-06-04,GB,Reading,pm25,46,9.0,42.0,21.0,840.02
2022-06-04,GB,Plymouth,pm25,45,34.0,58.0,50.0,619.55
2022-06-04,GB,Glasgow,pm25,568,8.0,51.0,23.0,602.67
2022-06-04,GB,Preston,pm25,43,21.0,43.0,28.0,277.76
2022-06-04,GB,Swansea,pm25,141,13.0,70.0,34.0,1051.34
2022-06-04,GB,Southend-on-Sea,pm25,44,32.0,51.0,41.0,272.94
2022-06-04,ID,Jakarta,pm25,71,55.0,177.0,98.0,14678.4
2022-06-04,NP,Kathmandu,pm25,72,78.0,159.0,126.0,3668.97
2022-06-04,NP,Pokhara,pm25,24,58.0,82.0,73.0,471.23
2022-06-04,NP,Biratnagar,pm25,24,78.0,150.0,93.0,2939.71
2022-06-04,AU,Sydney,pm25,147,1.0,48.0,14.0,879.44
2022-06-04,AU,Newcastle,pm25,123,1.0,66.0,15.0,1244.02
2022-06-04,AU,Launceston,pm25,145,5.0,107.0,13.0,2584.79
2022-06-04,AU,Hobart,pm25,65,5.0,70.0,17.0,4718.82
2022-06-04,AU,Darwin,pm25,70,1.0,83.0,29.0,2802.5
2022-06-04,AU,Melbourne,pm25,137,1.0,40.0,14.0,611.77
2022-06-04,AU,Canberra,pm25,56,3.0,63.0,19.0,2317.86
2022-06-04,AU,Adelaide,pm25,88,5.0,43.0,17.0,547.25
2022-06-04,AU,Brisbane,pm25,205,1.0,34.0,11.0,516.14
2022-06-04,AU,Perth,pm25,88,3.0,49.0,13.0,732.98
2022-06-04,AU,Wollongong,pm25,34,1.0,55.0,9.0,1696.23
2022-06-04,CI,Abidjan,pm25,23,13.0,93.0,42.0,5282.57
2022-06-04,GH,Accra,pm25,24,34.0,78.0,53.0,1425.05
2022-06-04,IQ,Baghdad,pm25,24,183.0,360.0,214.0,25866.9
2022-06-04,IS,Reykjavík,pm25,96,4.0,17.0,10.0,64.84
2022-06-04,KG,Bishkek,pm25,17,5.0,38.0,13.0,788.82
2022-06-04,NL,Utrecht,pm25,47,12.0,66.0,35.0,1314.9
2022-06-04,NL,Nijmegen,pm25,48,6.0,62.0,34.0,1481.59
2022-06-04,NL,Haarlem,pm25,139,3.0,75.0,30.0,1716.01
2022-06-04,NL,Eindhoven,pm25,24,15.0,72.0,50.0,2537.61
2022-06-04,NL,Rotterdam,pm25,192,6.0,45.0,34.0,511.39
2022-06-04,NL,Amsterdam,pm25,259,4.0,61.0,28.0,998.78
2022-06-04,NL,Dordrecht,pm25,24,25.0,52.0,34.0,966.3
2022-06-04,NL,Breda,pm25,24,21.0,54.0,39.0,1337.97
2022-06-04,NL,Groningen,pm25,48,10.0,49.0,25.0,777.34
2022-06-04,NL,Maastricht,pm25,96,5.0,70.0,46.0,1892.58
2022-06-04,NL,The Hague,pm25,67,2.0,40.0,31.0,913.62
2022-06-04,PT,Lisbon,pm25,76,14.0,23.0,17.0,65.62
2022-06-04,PT,Funchal,pm25,59,2.0,33.0,16.0,854.86
2022-06-04,CA,Hamilton,pm25,71,5.0,53.0,13.0,1394.97
2022-06-04,CA,Calgary,pm25,92,4.0,60.0,23.0,1638.95
2022-06-04,CA,Halifax,pm25,46,11.0,51.0,19.0,452.77
2022-06-04,CA,Kitchener,pm25,33,5.0,76.0,21.0,3091.95
2022-06-04,CA,Edmonton,pm25,138,9.0,163.0,26.0,4429.72
2022-06-04,CA,Mississauga,pm25,58,5.0,76.0,13.0,2104.58
2022-06-04,CA,Québec,pm25,176,9.0,47.0,22.0,741.33
2022-06-04,CA,Vancouver,pm25,21,1.0,26.0,8.0,400.48
2022-06-04,CA,Victoria,pm25,42,5.0,42.0,13.0,628.85
2022-06-04,CA,Montréal,pm25,365,3.0,77.0,22.0,1656.63
2022-06-04,CA,Toronto,pm25,121,5.0,65.0,17.0,1422.01
2022-06-04,CA,Ottawa,pm25,56,5.0,30.0,13.0,472.46
2022-06-04,CA,London,pm25,39,5.0,34.0,17.0,753.13
2022-06-04,US,Oklahoma City,pm25,96,24.0,52.0,39.0,588.84
2022-06-04,US,Raleigh,pm25,69,5.0,55.0,25.0,1209.45
2022-06-04,US,Memphis,pm25,72,19.0,51.0,30.0,538.24
2022-06-04,US,Jackson,pm25,72,17.0,60.0,33.0,871.45
2022-06-04,US,Boston,pm25,131,5.0,55.0,21.0,884.45
2022-06-04,US,Richmond,pm25,96,20.0,34.0,26.0,130.24
2022-06-04,US,Portland,pm25,167,8.0,34.0,16.0,252.7
2022-06-04,US,Boise,pm25,86,5.0,38.0,13.0,610.8
2022-06-04,US,Austin,pm25,41,5.0,57.0,30.0,1666.8
2022-06-04,US,Honolulu,pm25,29,5.0,42.0,17.0,1201.18
2022-06-04,US,Fresno,pm25,41,1.0,56.0,10.0,1523.94
2022-06-04,US,Milwaukee,pm25,144,11.0,83.0,31.0,2420.11
2022-06-04,US,Hartford,pm25,48,13.0,50.0,32.0,466.36
2022-06-04,US,Washington D.C.,pm25,118,9.0,55.0,27.0,919.36
2022-06-04,US,Chicago,pm25,216,4.0,97.0,26.0,3507.38
2022-06-04,US,Houston,pm25,48,20.0,78.0,51.0,927.12
2022-06-04,US,Indianapolis,pm25,96,18.0,165.0,42.0,9139.66
2022-06-04,US,Atlanta,pm25,24,29.0,63.0,50.0,682.32
2022-06-04,US,Charlotte,pm25,72,9.0,50.0,30.0,755.47
2022-06-04,US,Sacramento,pm25,67,1.0,37.0,14.0,555.25
2022-06-04,US,Oakland,pm25,99,5.0,30.0,13.0,446.32
2022-06-04,US,Providence,pm25,43,5.0,34.0,13.0,708.83
2022-06-04,US,Staten Island,pm25,116,3.0,105.0,25.0,2183.06
2022-06-04,US,Brooklyn,pm25,112,1.0,67.0,25.0,2632.46
2022-06-04,US,Springfield,pm25,72,3.0,72.0,29.0,2239.37
2022-06-04,US,The Bronx,pm25,44,1.0,58.0,13.0,2751.56
2022-06-04,US,San Jose,pm25,86,5.0,42.0,13.0,779.4
2022-06-04,US,Los Angeles,pm25,24,34.0,59.0,43.0,487.81
2022-06-04,US,Detroit,pm25,168,8.0,140.0,20.0,2343.13
2022-06-04,US,Little Rock,pm25,24,28.0,63.0,35.0,839.84
2022-06-04,US,Baltimore,pm25,48,21.0,61.0,34.0,1056.1
2022-06-04,US,Phoenix,pm25,192,1.0,139.0,24.0,3440.78
2022-06-04,US,Omaha,pm25,48,5.0,63.0,25.0,1128.87
2022-06-04,US,El Paso,pm25,161,5.0,65.0,25.0,1861.96
2022-06-04,US,Seattle,pm25,249,4.0,42.0,17.0,824.72
2022-06-04,US,Manhattan,pm25,69,5.0,61.0,24.0,1697.64
2022-06-04,US,Miami,pm25,94,5.0,45.0,15.0,796.76
2022-06-04,US,Jacksonville,pm25,144,7.0,40.0,18.0,341.49
2022-06-04,US,San Antonio,pm25,92,4.0,62.0,23.0,2076.07
2022-06-04,US,Philadelphia,pm25,48,5.0,73.0,33.0,2429.5
2022-06-04,US,San Diego,pm25,24,8.0,66.0,32.0,3706.5
2022-06-04,US,Columbus,pm25,48,3.0,51.0,20.0,1392.32
2022-06-04,US,Saint Paul,pm25,134,5.0,78.0,21.0,3559.23
2022-06-04,US,Denver,pm25,138,9.0,80.0,21.0,909.34
2022-06-04,US,Salt Lake City,pm25,216,13.0,57.0,26.0,757.52
2022-06-04,US,Albuquerque,pm25,72,14.0,49.0,20.0,537.96
2022-06-04,US,San Francisco,pm25,59,5.0,70.0,13.0,2261.1
2022-06-04,US,Salem,pm25,72,7.0,27.0,10.0,246.48
2022-06-04,US,Madison,pm25,48,16.0,82.0,20.0,3184.11
2022-06-04,US,Nashville,pm25,72,5.0,48.0,32.0,714.83
2022-06-04,US,Tucson,pm25,160,5.0,61.0,25.0,2286.85
2022-06-04,US,Queens,pm25,91,5.0,63.0,30.0,1967.22
2022-06-04,US,Tallahassee,pm25,70,7.0,89.0,44.0,2109.95
2022-06-04,US,Fort Worth,pm25,24,17.0,57.0,34.0,1937.39
2022-06-04,RS,Novi Sad,pm25,48,6.0,55.0,17.0,3652.12
2022-06-04,RS,Niš,pm25,48,22.0,75.0,57.0,2255.81
2022-06-04,RS,Belgrade,pm25,118,30.0,83.0,54.0,710.93
2022-06-04,CY,Nicosia,pm25,24,33.0,78.0,67.0,1269.98
2022-06-04,CY,Limassol,pm25,24,54.0,74.0,63.0,442.83
2022-06-04,HR,Rijeka,pm25,49,27.0,55.0,39.0,235.09
2022-06-04,MK,Skopje,pm25,168,12.0,89.0,56.0,3556.04
2022-06-05,GE,Tbilisi,pm25,96,58.0,90.0,61.0,1234.03
2022-06-05,HU,Győr,pm25,48,17.0,70.0,46.0,1639.36
2022-06-05,HU,Szeged,pm25,20,17.0,53.0,42.0,1063.66
2022-06-05,HU,Pécs,pm25,66,17.0,55.0,30.0,1349.2
2022-06-05,HU,Miskolc,pm25,117,25.0,74.0,50.0,837.27
2022-06-05,HU,Budapest,pm25,358,9.0,63.0,42.0,908.12
2022-06-05,JP,Fukuoka,pm25,386,5.0,122.0,61.0,7016.44
2022-06-05,JP,Kanazawa,pm25,208,5.0,61.0,25.0,1235.55
2022-06-05,JP,Kumamoto,pm25,334,5.0,132.0,61.0,8226.53
2022-06-05,JP,Akita,pm25,41,5.0,68.0,21.0,3690.38
2022-06-05,JP,Kochi,pm25,48,5.0,63.0,42.0,1327.12
2022-06-05,JP,Gifu-shi,pm25,165,9.0,91.0,46.0,2185.45
2022-06-05,JP,Kyoto,pm25,564,5.0,82.0,46.0,1909.7
2022-06-05,JP,Hiroshima,pm25,328,5.0,82.0,46.0,2354.47
2022-06-05,JP,Shizuoka,pm25,257,5.0,78.0,34.0,1253.04
2022-06-05,JP,Chiba,pm25,758,5.0,114.0,34.0,2997.45
2022-06-05,JP,Sapporo,pm25,153,5.0,57.0,13.0,751.93
2022-06-05,JP,Yokohama,pm25,534,1.0,82.0,34.0,1854.15
2022-06-05,JP,Tokyo,pm25,2532,1.0,119.0,38.0,1534.4
2022-06-05,JP,Saitama,pm25,495,5.0,68.0,38.0,1447.25
2022-06-05,JP,Naha,pm25,135,5.0,46.0,25.0,1396.43
2022-06-05,JP,Nagasaki,pm25,164,5.0,99.0,59.0,6215.24
2022-06-05,JP,Toyama,pm25,185,5.0,55.0,21.0,1144.8
2022-06-05,JP,Niigata,pm25,172,5.0,38.0,9.0,315.23
2022-06-05,JP,Nara-shi,pm25,159,13.0,76.0,50.0,1285.13
2022-06-05,JP,Okayama,pm25,288,17.0,104.0,46.0,1559.02
2022-06-05,JP,Sendai,pm25,420,5.0,46.0,13.0,504.89
2022-06-05,JP,Osaka,pm25,1434,5.0,91.0,42.0,1752.52
2022-06-05,JP,Miyazaki,pm25,126,5.0,87.0,50.0,3230.6
2022-06-05,JP,Matsuyama,pm25,167,5.0,102.0,55.0,2886.7
2022-06-05,JP,Wakayama,pm25,284,21.0,78.0,46.0,907.58
2022-06-05,JP,Takamatsu,pm25,239,9.0,87.0,38.0,1887.73
2022-06-05,JP,Nagoya,pm25,788,5.0,80.0,38.0,1178.76
2022-06-05,JP,Ōita,pm25,243,5.0,102.0,46.0,4636.09
2022-06-05,JP,Kobe,pm25,421,5.0,63.0,38.0,1209.51
2022-06-05,JP,Nagano,pm25,69,5.0,193.0,30.0,6414.26
2022-06-05,JP,Utsunomiya,pm25,436,5.0,63.0,25.0,1572.74
2022-06-05,JP,Kagoshima,pm25,92,5.0,78.0,38.0,3528.98
2022-06-05,SK,Košice,pm25,96,42.0,119.0,61.0,1825.96
2022-06-05,SK,Bratislava,pm25,95,5.0,78.0,46.0,1369.14
2022-06-05,FI,Vantaa,pm25,23,2.0,43.0,12.0,1151.46
2022-06-05,FI,Turku,pm25,22,3.0,26.0,13.0,308.31
2022-06-05,FI,Helsinki,pm25,120,7.0,30.0,13.0,377.17
2022-06-05,FI,Tampere,pm25,96,4.0,15.0,10.0,55.45
2022-06-05,ET,Addis Ababa,pm25,24,74.0,159.0,91.0,5075.92
2022-06-05,CH,Zürich,pm25,17,1.0,2.0,1.0,2.21
2022-06-05,CO,Bogotá,pm25,307,5.0,109.0,38.0,3395.3
2022-06-05,DK,Copenhagen,pm25,24,9.0,46.0,23.0,1391.29
2022-06-05,GB,Edinburgh,pm25,285,13.0,61.0,20.0,662.44
2022-06-05,GB,Norwich,pm25,20,21.0,59.0,38.0,967.66
2022-06-05,GB,Liverpool,pm25,36,21.0,46.0,34.0,540.35
2022-06-05,GB,Belfast,pm25,29,22.0,35.0,30.0,95.37
2022-06-05,GB,Coventry,pm25,46,15.0,31.0,22.0,217.76
2022-06-05,GB,Leeds,pm25,37,13.0,55.0,30.0,988.68
2022-06-05,GB,Cardiff,pm25,108,5.0,50.0,38.0,1506.59
2022-06-05,GB,Bristol,pm25,63,5.0,53.0,25.0,597.56
2022-06-05,GB,London,pm25,505,12.0,157.0,42.0,1891.51
2022-06-05,GB,Birmingham,pm25,36,21.0,32.0,28.0,139.13
2022-06-05,GB,Sheffield,pm25,47,16.0,43.0,34.0,354.01
2022-06-05,GB,Newport,pm25,44,9.0,30.0,17.0,216.96
2022-06-05,GB,Leicester,pm25,16,17.0,32.0,25.0,201.29
2022-06-05,GB,Manchester,pm25,72,20.0,50.0,34.0,279.15
2022-06-05,GB,Reading,pm25,38,5.0,30.0,17.0,354.88
2022-06-05,GB,Plymouth,pm25,40,5.0,59.0,46.0,911.26
2022-06-05,GB,Glasgow,pm25,572,11.0,43.0,23.0,286.21
2022-06-05,GB,Preston,pm25,38,23.0,41.0,27.0,162.65
2022-06-05,GB,Swansea,pm25,129,5.0,53.0,25.0,1242.89
2022-06-05,GB,Southend-on-Sea,pm25,48,18.0,77.0,58.0,1514.78
2022-06-05,ID,Jakarta,pm25,71,57.0,164.0,107.0,9510.08
2022-06-05,NP,Kathmandu,pm25,72,82.0,169.0,127.0,5017.06
2022-06-05,NP,Pokhara,pm25,24,54.0,106.0,70.0,1261.45
2022-06-05,NP,Biratnagar,pm25,5,86.0,108.0,97.0,853.0
2022-06-05,AU,Sydney,pm25,138,1.0,81.0,10.0,976.51
2022-06-05,AU,Newcastle,pm25,133,1.0,62.0,16.0,1503.83
2022-06-05,AU,Launceston,pm25,152,5.0,155.0,9.0,5955.36
2022-06-05,AU,Hobart,pm25,62,5.0,89.0,9.0,4397.27
2022-06-05,AU,Darwin,pm25,70,2.0,66.0,27.0,2175.92
2022-06-05,AU,Melbourne,pm25,123,1.0,39.0,13.0,745.35
2022-06-05,AU,Canberra,pm25,49,1.0,33.0,7.0,516.53
2022-06-05,AU,Adelaide,pm25,93,3.0,45.0,25.0,754.1
2022-06-05,AU,Brisbane,pm25,201,1.0,54.0,11.0,861.0
2022-06-05,AU,Perth,pm25,89,2.0,88.0,21.0,3014.6
2022-06-05,AU,Wollongong,pm25,37,1.0,43.0,14.0,1437.51
2022-06-05,CI,Abidjan,pm25,24,13.0,158.0,38.0,12598.8
2022-06-05,GH,Accra,pm25,24,42.0,124.0,63.0,4817.81
2022-06-05,IQ,Baghdad,pm25,24,179.0,357.0,256.0,23792.2
2022-06-05,IS,Reykjavík,pm25,96,4.0,32.0,15.0,436.21
2022-06-05,KG,Bishkek,pm25,12,5.0,63.0,17.0,3117.2
2022-06-05,NL,Utrecht,pm25,48,29.0,75.0,52.0,1185.8
2022-06-05,NL,Nijmegen,pm25,48,8.0,66.0,39.0,1859.84
2022-06-05,NL,Haarlem,pm25,141,5.0,79.0,43.0,2196.22
2022-06-05,NL,Eindhoven,pm25,24,50.0,82.0,62.0,783.32
2022-06-05,NL,Rotterdam,pm25,192,13.0,81.0,52.0,1775.11
2022-06-05,NL,Amsterdam,pm25,264,5.0,82.0,46.0,2396.62
2022-06-05,NL,Dordrecht,pm25,24,26.0,74.0,55.0,1587.54
2022-06-05,NL,Breda,pm25,24,35.0,96.0,55.0,2146.09
2022-06-05,NL,Groningen,pm25,48,11.0,64.0,39.0,1507.97
2022-06-05,NL,Maastricht,pm25,96,9.0,65.0,46.0,1684.08
2022-06-05,NL,The Hague,pm25,72,3.0,79.0,45.0,2187.6
2022-06-05,PT,Lisbon,pm25,89,13.0,26.0,16.0,70.68
2022-06-05,PT,Funchal,pm25,54,1.0,28.0,13.0,731.85
2022-06-05,CA,Hamilton,pm25,82,9.0,164.0,25.0,7000.49
2022-06-05,CA,Calgary,pm25,91,4.0,51.0,16.0,1488.06
2022-06-05,CA,Halifax,pm25,46,13.0,29.0,18.0,96.99
2022-06-05,CA,Kitchener,pm25,41,9.0,59.0,25.0,2018.89
2022-06-05,CA,Edmonton,pm25,138,12.0,124.0,31.0,2716.17
2022-06-05,CA,Mississauga,pm25,67,9.0,55.0,21.0,1272.56
2022-06-05,CA,Québec,pm25,140,5.0,29.0,14.0,289.62
2022-06-05,CA,Vancouver,pm25,10,1.0,10.0,3.0,83.22
2022-06-05,CA,Victoria,pm25,29,5.0,34.0,13.0,362.22
2022-06-05,CA,Montréal,pm25,312,3.0,56.0,12.0,855.56
2022-06-05,CA,Toronto,pm25,132,9.0,78.0,30.0,2531.12
2022-06-05,CA,Ottawa,pm25,57,5.0,34.0,12.0,302.03
2022-06-05,CA,London,pm25,45,9.0,38.0,21.0,554.73
2022-06-05,US,Oklahoma City,pm25,96,14.0,57.0,30.0,1543.47
2022-06-05,US,Raleigh,pm25,71,17.0,55.0,33.0,731.13
2022-06-05,US,Memphis,pm25,72,22.0,58.0,41.0,529.06
2022-06-05,US,Jackson,pm25,72,30.0,71.0,47.0,821.95
2022-06-05,US,Boston,pm25,108,5.0,57.0,17.0,1027.03
2022-06-05,US,Richmond,pm25,96,13.0,47.0,34.0,1018.78
2022-06-05,US,Portland,pm25,163,5.0,21.0,8.0,78.54
2022-06-05,US,Boise,pm25,75,5.0,42.0,13.0,811.04
2022-06-05,US,Austin,pm25,39,5.0,57.0,25.0,3011.55
2022-06-05,US,Honolulu,pm25,38,5.0,30.0,9.0,484.25
2022-06-05,US,Fresno,pm25,42,3.0,33.0,10.0,605.33
2022-06-05,US,Milwaukee,pm25,144,14.0,67.0,26.0,982.4
2022-06-05,US,Hartford,pm25,47,8.0,61.0,13.0,1135.5
2022-06-05,US,Washington D.C.,pm25,120,5.0,53.0,19.0,1070.49
2022-06-05,US,Chicago,pm25,216,8.0,83.0,31.0,1946.95
2022-06-05,US,Houston,pm25,47,4.0,73.0,42.0,1744.18
2022-06-05,US,Indianapolis,pm25,96,27.0,149.0,42.0,4817.33
2022-06-05,US,Atlanta,pm25,24,61.0,85.0,73.0,320.8
2022-06-05,US,Charlotte,pm25,71,9.0,63.0,35.0,1765.71
2022-06-05,US,Sacramento,pm25,58,1.0,61.0,13.0,809.67
2022-06-05,US,Oakland,pm25,77,5.0,30.0,13.0,461.36
2022-06-05,US,Providence,pm25,38,5.0,30.0,9.0,501.68
2022-06-05,US,Staten Island,pm25,107,3.0,150.0,17.0,3236.3
2022-06-05,US,Brooklyn,pm25,95,1.0,40.0,16.0,1108.49
2022-06-05,US,Springfield,pm25,72,27.0,70.0,36.0,1002.81
2022-06-05,US,The Bronx,pm25,30,1.0,32.0,11.0,1317.06
2022-06-05,US,San Jose,pm25,71,5.0,34.0,9.0,415.94
2022-06-05,US,Los Angeles,pm25,24,15.0,57.0,37.0,1587.75
2022-06-05,US,Detroit,pm25,168,15.0,59.0,25.0,959.87
2022-06-05,US,Little Rock,pm25,24,35.0,87.0,50.0,1287.17
2022-06-05,US,Baltimore,pm25,48,9.0,53.0,24.0,1034.18
2022-06-05,US,Phoenix,pm25,185,1.0,121.0,27.0,3306.91
2022-06-05,US,Omaha,pm25,45,5.0,42.0,21.0,693.92
2022-06-05,US,El Paso,pm25,157,5.0,53.0,18.0,1285.98
2022-06-05,US,Seattle,pm25,206,2.0,38.0,13.0,523.18
2022-06-05,US,Manhattan,pm25,66,1.0,46.0,15.0,978.53
2022-06-05,US,Miami,pm25,94,10.0,30.0,22.0,228.26
2022-06-05,US,Jacksonville,pm25,143,8.0,141.0,25.0,2132.39
2022-06-05,US,San Antonio,pm25,94,2.0,57.0,25.0,1647.68
2022-06-05,US,Philadelphia,pm25,37,2.0,51.0,20.0,1320.68
2022-06-05,US,San Diego,pm25,24,15.0,48.0,32.0,599.71
2022-06-05,US,Columbus,pm25,48,15.0,40.0,25.0,331.05
2022-06-05,US,Saint Paul,pm25,139,9.0,174.0,25.0,2601.52
2022-06-05,US,Denver,pm25,135,9.0,46.0,21.0,421.22
2022-06-05,US,Salt Lake City,pm25,216,8.0,46.0,23.0,532.83
2022-06-05,US,Albuquerque,pm25,72,14.0,35.0,22.0,194.73
2022-06-05,US,San Francisco,pm25,33,5.0,119.0,13.0,9319.89
2022-06-05,US,Salem,pm25,70,5.0,13.0,7.0,28.9
2022-06-05,US,Madison,pm25,48,16.0,58.0,20.0,789.36
2022-06-05,US,Nashville,pm25,71,17.0,57.0,43.0,531.21
2022-06-05,US,Tucson,pm25,146,5.0,82.0,21.0,2437.1
2022-06-05,US,Queens,pm25,75,1.0,29.0,14.0,486.7
2022-06-05,US,Tallahassee,pm25,71,3.0,89.0,40.0,2337.52
2022-06-05,US,Fort Worth,pm25,24,9.0,70.0,38.0,1974.49
2022-06-05,RS,Novi Sad,pm25,48,4.0,59.0,12.0,2916.77
2022-06-05,RS,Niš,pm25,48,14.0,67.0,49.0,2540.0
2022-06-05,RS,Belgrade,pm25,120,15.0,89.0,42.0,2927.76
2022-06-05,CY,Nicosia,pm25,24,54.0,77.0,67.0,449.98
2022-06-05,CY,Limassol,pm25,24,53.0,78.0,68.0,343.41
2022-06-05,HR,Zagreb,pm25,23,21.0,56.0,41.0,1125.14
2022-06-05,HR,Rijeka,pm25,74,38.0,57.0,47.0,195.07
2022-06-05,MK,Skopje,pm25,168,12.0,110.0,55.0,3635.17
2022-06-06,GE,Tbilisi,pm25,96,52.0,81.0,56.0,657.92
2022-06-06,HU,Győr,pm25,42,5.0,104.0,34.0,9335.19
2022-06-06,HU,Szeged,pm25,24,13.0,57.0,25.0,1539.55
2022-06-06,HU,Pécs,pm25,69,21.0,42.0,30.0,339.9
2022-06-06,HU,Kecskemét,pm25,14,21.0,50.0,34.0,1491.87
2022-06-06,HU,Miskolc,pm25,114,13.0,63.0,42.0,2303.35
2022-06-06,HU,Budapest,pm25,334,9.0,61.0,34.0,965.43
2022-06-06,JP,Fukuoka,pm25,335,5.0,89.0,13.0,2051.7
2022-06-06,JP,Kanazawa,pm25,197,5.0,57.0,17.0,1214.59
2022-06-06,JP,Kumamoto,pm25,257,5.0,104.0,17.0,3259.96
2022-06-06,JP,Akita,pm25,36,5.0,50.0,13.0,1071.14
2022-06-06,JP,Kochi,pm25,42,5.0,42.0,17.0,838.65
2022-06-06,JP,Gifu-shi,pm25,131,5.0,61.0,21.0,2325.75
2022-06-06,JP,Kyoto,pm25,514,5.0,53.0,17.0,1019.14
2022-06-06,JP,Hiroshima,pm25,218,5.0,63.0,13.0,1099.86
2022-06-06,JP,Shizuoka,pm25,177,5.0,68.0,13.0,2020.28
2022-06-06,JP,Chiba,pm25,690,5.0,70.0,13.0,1368.89
2022-06-06,JP,Sapporo,pm25,189,5.0,68.0,21.0,1457.3
2022-06-06,JP,Yokohama,pm25,494,1.0,59.0,17.0,1354.3
2022-06-06,JP,Tokyo,pm25,2394,1.0,127.0,17.0,911.48
2022-06-06,JP,Saitama,pm25,457,5.0,42.0,13.0,539.61
2022-06-06,JP,Naha,pm25,114,5.0,57.0,30.0,1834.25
2022-06-06,JP,Nagasaki,pm25,159,5.0,55.0,17.0,1130.87
2022-06-06,JP,Toyama,pm25,182,5.0,82.0,21.0,1891.04
2022-06-06,JP,Niigata,pm25,137,5.0,50.0,9.0,552.59
2022-06-06,JP,Nara-shi,pm25,147,5.0,46.0,13.0,1063.4
2022-06-06,JP,Okayama,pm25,272,5.0,68.0,21.0,1903.07
2022-06-06,JP,Sendai,pm25,354,5.0,46.0,9.0,402.8
2022-06-06,JP,Osaka,pm25,1171,5.0,91.0,17.0,1410.53
2022-06-06,JP,Miyazaki,pm25,123,5.0,68.0,34.0,3227.63
2022-06-06,JP,Matsuyama,pm25,140,5.0,68.0,25.0,1965.62
2022-06-06,JP,Wakayama,pm25,261,5.0,99.0,17.0,1499.48
2022-06-06,JP,Takamatsu,pm25,200,5.0,57.0,17.0,1031.55
2022-06-06,JP,Nagoya,pm25,706,5.0,55.0,17.0,993.22
2022-06-06,JP,Ōita,pm25,206,5.0,57.0,13.0,972.96
2022-06-06,JP,Kobe,pm25,383,5.0,55.0,17.0,1331.77
2022-06-06,JP,Nagano,pm25,28,5.0,21.0,9.0,268.15
2022-06-06,JP,Utsunomiya,pm25,317,5.0,38.0,9.0,366.11
2022-06-06,JP,Kagoshima,pm25,89,5.0,50.0,21.0,958.25
2022-06-06,SK,Košice,pm25,96,17.0,171.0,46.0,4437.38
2022-06-06,SK,Bratislava,pm25,87,5.0,59.0,21.0,1601.09
2022-06-06,FI,Vantaa,pm25,24,1.0,32.0,10.0,497.37
2022-06-06,FI,Turku,pm25,22,4.0,51.0,15.0,1152.55
2022-06-06,FI,Helsinki,pm25,119,6.0,49.0,10.0,320.93
2022-06-06,FI,Tampere,pm25,96,5.0,17.0,10.0,77.19
2022-06-06,ET,Addis Ababa,pm25,24,95.0,167.0,122.0,4849.78
2022-06-06,CH,Zürich,pm25,18,1.0,2.0,1.0,1.47
2022-06-06,CO,Bogotá,pm25,309,9.0,166.0,61.0,7634.55
2022-06-06,CO,Medellín,pm25,172,21.0,97.0,63.0,1975.96
2022-06-06,DK,Copenhagen,pm25,24,17.0,50.0,36.0,894.33
2022-06-06,GB,Edinburgh,pm25,283,14.0,57.0,24.0,556.43
2022-06-06,GB,Norwich,pm25,20,18.0,45.0,30.0,533.16
2022-06-06,GB,Liverpool,pm25,36,25.0,43.0,30.0,378.35
2022-06-06,GB,Belfast,pm25,49,13.0,43.0,26.0,230.41
2022-06-06,GB,Coventry,pm25,62,17.0,45.0,28.0,361.76
2022-06-06,GB,Leeds,pm25,33,25.0,42.0,30.0,245.79
2022-06-06,GB,Cardiff,pm25,112,5.0,55.0,38.0,1715.98
2022-06-06,GB,Bristol,pm25,68,5.0,57.0,21.0,1522.78
2022-06-06,GB,London,pm25,512,4.0,65.0,29.0,1809.76
2022-06-06,GB,Birmingham,pm25,44,21.0,54.0,30.0,981.29
2022-06-06,GB,Sheffield,pm25,65,17.0,51.0,28.0,823.9
2022-06-06,GB,Newport,pm25,45,8.0,40.0,18.0,512.1
2022-06-06,GB,Leicester,pm25,23,17.0,48.0,25.0,877.12
2022-06-06,GB,Manchester,pm25,83,9.0,101.0,25.0,2276.84
2022-06-06,GB,Reading,pm25,13,5.0,9.0,9.0,43.08
2022-06-06,GB,Plymouth,pm25,31,9.0,32.0,21.0,433.91
2022-06-06,GB,Glasgow,pm25,564,15.0,133.0,32.0,743.26
2022-06-06,GB,Preston,pm25,37,11.0,43.0,28.0,284.92
2022-06-06,GB,Swansea,pm25,116,5.0,87.0,25.0,2059.57
2022-06-06,GB,Southend-on-Sea,pm25,45,6.0,61.0,30.0,1742.27
2022-06-06,ID,Jakarta,pm25,71,42.0,167.0,97.0,10101.1
2022-06-06,NP,Kathmandu,pm25,72,119.0,168.0,151.0,1794.22
2022-06-06,NP,Pokhara,pm25,24,31.0,93.0,70.0,2333.46
2022-06-06,AU,Sydney,pm25,112,1.0,61.0,10.0,1265.43
2022-06-06,AU,Newcastle,pm25,121,1.0,39.0,11.0,645.22
2022-06-06,AU,Launceston,pm25,125,5.0,119.0,13.0,5137.42
2022-06-06,AU,Hobart,pm25,44,5.0,53.0,5.0,731.33
2022-06-06,AU,Darwin,pm25,72,9.0,68.0,46.0,1500.84
2022-06-06,AU,Melbourne,pm25,141,1.0,63.0,17.0,1152.74
2022-06-06,AU,Canberra,pm25,56,1.0,54.0,10.0,1671.27
2022-06-06,AU,Adelaide,pm25,91,4.0,55.0,21.0,1278.2
2022-06-06,AU,Brisbane,pm25,155,1.0,49.0,11.0,1288.87
2022-06-06,AU,Perth,pm25,85,2.0,151.0,11.0,3459.53
2022-06-06,AU,Wollongong,pm25,35,1.0,75.0,9.0,2867.28
2022-06-06,CI,Abidjan,pm25,24,17.0,129.0,38.0,7294.71
2022-06-06,GH,Accra,pm25,24,46.0,117.0,72.0,5642.83
2022-06-06,IQ,Baghdad,pm25,24,175.0,375.0,210.0,31124.9
2022-06-06,IS,Reykjavík,pm25,96,3.0,67.0,15.0,1866.95
2022-06-06,KG,Bishkek,pm25,21,5.0,42.0,13.0,767.14
2022-06-06,NL,Utrecht,pm25,48,6.0,66.0,40.0,2190.92
2022-06-06,NL,Nijmegen,pm25,47,3.0,86.0,29.0,5670.09
2022-06-06,NL,Haarlem,pm25,141,1.0,65.0,30.0,1872.99
2022-06-06,NL,Eindhoven,pm25,24,19.0,113.0,47.0,5729.98
2022-06-06,NL,Rotterdam,pm25,192,2.0,83.0,25.0,4057.77
2022-06-06,NL,Amsterdam,pm25,254,3.0,69.0,26.0,1824.86
2022-06-06,NL,Dordrecht,pm25,23,9.0,88.0,30.0,6827.71
2022-06-06,NL,Breda,pm25,24,10.0,92.0,29.0,5377.1
2022-06-06,NL,Groningen,pm25,45,1.0,35.0,19.0,761.55
2022-06-06,NL,Maastricht,pm25,89,5.0,89.0,25.0,3972.67
2022-06-06,NL,The Hague,pm25,66,2.0,69.0,21.0,3128.04
2022-06-06,PT,Lisbon,pm25,87,11.0,26.0,17.0,92.87
2022-06-06,PT,Funchal,pm25,54,1.0,137.0,13.0,6072.74
2022-06-06,CA,Hamilton,pm25,95,13.0,89.0,42.0,3612.99
2022-06-06,CA,Calgary,pm25,92,2.0,59.0,19.0,2486.67
2022-06-06,CA,Halifax,pm25,46,10.0,19.0,15.0,34.92
2022-06-06,CA,Kitchener,pm25,48,17.0,117.0,38.0,8644.46
2022-06-06,CA,Edmonton,pm25,130,3.0,106.0,25.0,2704.94
2022-06-06,CA,Mississauga,pm25,69,21.0,74.0,30.0,1472.93
2022-06-06,CA,Québec,pm25,159,7.0,38.0,18.0,372.19
2022-06-06,CA,Vancouver,pm25,22,3.0,15.0,7.0,104.33
2022-06-06,CA,Victoria,pm25,41,5.0,25.0,13.0,399.61
2022-06-06,CA,Montréal,pm25,431,12.0,103.0,25.0,1102.35
2022-06-06,CA,Toronto,pm25,131,9.0,127.0,34.0,2434.77
2022-06-06,CA,Ottawa,pm25,66,13.0,42.0,27.0,455.04
2022-06-06,CA,London,pm25,47,9.0,74.0,34.0,2946.48
2022-06-06,US,Oklahoma City,pm25,96,18.0,79.0,39.0,1191.72
2022-06-06,US,Raleigh,pm25,72,17.0,63.0,42.0,1181.36
2022-06-06,US,Memphis,pm25,70,11.0,58.0,45.0,1215.99
2022-06-06,US,Jackson,pm25,71,23.0,66.0,37.0,1081.99
2022-06-06,US,Boston,pm25,132,13.0,55.0,25.0,522.46
2022-06-06,US,Richmond,pm25,96,15.0,31.0,18.0,124.2
2022-06-06,US,Portland,pm25,166,6.0,25.0,12.0,162.67
2022-06-06,US,Boise,pm25,73,5.0,30.0,13.0,464.66
2022-06-06,US,Austin,pm25,44,5.0,59.0,21.0,2557.21
2022-06-06,US,Honolulu,pm25,37,5.0,38.0,13.0,773.3
2022-06-06,US,Fresno,pm25,43,5.0,51.0,17.0,1039.28
2022-06-06,US,Milwaukee,pm25,144,3.0,61.0,34.0,2119.77
2022-06-06,US,Hartford,pm25,48,20.0,43.0,25.0,290.99
2022-06-06,US,Washington D.C.,pm25,116,9.0,42.0,21.0,485.3
2022-06-06,US,Chicago,pm25,211,9.0,100.0,46.0,2243.82
2022-06-06,US,Houston,pm25,65,13.0,109.0,30.0,1846.29
2022-06-06,US,Indianapolis,pm25,96,38.0,166.0,61.0,5452.23
2022-06-06,US,Atlanta,pm25,24,38.0,85.0,62.0,2221.72
2022-06-06,US,Charlotte,pm25,72,17.0,61.0,38.0,900.16
2022-06-06,US,Sacramento,pm25,59,1.0,49.0,13.0,802.28
2022-06-06,US,Oakland,pm25,104,5.0,55.0,21.0,1090.5
2022-06-06,US,Providence,pm25,47,5.0,38.0,17.0,729.93
2022-06-06,US,Staten Island,pm25,114,1.0,52.0,25.0,2092.62
2022-06-06,US,Brooklyn,pm25,115,4.0,54.0,23.0,1122.12
2022-06-06,US,Springfield,pm25,70,19.0,77.0,45.0,1117.96
2022-06-06,US,The Bronx,pm25,48,6.0,35.0,18.0,646.65
2022-06-06,US,San Jose,pm25,86,5.0,38.0,17.0,761.05
2022-06-06,US,Los Angeles,pm25,24,21.0,53.0,35.0,945.49
2022-06-06,US,Detroit,pm25,168,18.0,87.0,51.0,2637.04
2022-06-06,US,Little Rock,pm25,24,13.0,60.0,45.0,1903.03
2022-06-06,US,Baltimore,pm25,48,9.0,42.0,23.0,389.34
2022-06-06,US,Phoenix,pm25,189,1.0,95.0,24.0,2833.76
2022-06-06,US,Omaha,pm25,45,5.0,70.0,21.0,1967.65
2022-06-06,US,El Paso,pm25,160,5.0,70.0,23.0,2090.8
2022-06-06,US,Dallas,pm25,9,21.0,34.0,25.0,167.5
2022-06-06,US,Seattle,pm25,238,3.0,34.0,13.0,543.9
2022-06-06,US,Manhattan,pm25,70,2.0,54.0,25.0,1222.77
2022-06-06,US,Miami,pm25,93,10.0,47.0,23.0,667.62
2022-06-06,US,Jacksonville,pm25,139,2.0,44.0,20.0,549.57
2022-06-06,US,San Antonio,pm25,91,5.0,169.0,30.0,3652.97
2022-06-06,US,Philadelphia,pm25,51,3.0,131.0,26.0,4590.81
2022-06-06,US,San Diego,pm25,23,18.0,63.0,37.0,1686.21
2022-06-06,US,Columbus,pm25,47,12.0,57.0,39.0,1104.65
2022-06-06,US,Saint Paul,pm25,137,5.0,46.0,21.0,696.34
2022-06-06,US,Denver,pm25,139,9.0,53.0,21.0,759.6
2022-06-06,US,Salt Lake City,pm25,215,6.0,48.0,20.0,548.87
2022-06-06,US,Albuquerque,pm25,72,15.0,55.0,21.0,448.68
2022-06-06,US,San Francisco,pm25,65,5.0,50.0,17.0,1661.41
2022-06-06,US,Salem,pm25,72,6.0,20.0,9.0,113.33
2022-06-06,US,Madison,pm25,48,8.0,54.0,26.0,1575.0
2022-06-06,US,Nashville,pm25,72,25.0,67.0,52.0,820.89
2022-06-06,US,Tucson,pm25,153,5.0,59.0,21.0,1230.67
2022-06-06,US,Queens,pm25,91,3.0,55.0,25.0,1076.22
2022-06-06,US,Tallahassee,pm25,66,5.0,65.0,28.0,1896.22
2022-06-06,US,Fort Worth,pm25,31,9.0,50.0,34.0,1216.26
2022-06-06,RS,Novi Sad,pm25,48,5.0,49.0,11.0,2135.31
2022-06-06,RS,Niš,pm25,48,30.0,57.0,43.0,500.41
2022-06-06,RS,Belgrade,pm25,120,16.0,54.0,38.0,808.79
2022-06-06,CY,Nicosia,pm25,24,65.0,98.0,80.0,1061.29
2022-06-06,CY,Limassol,pm25,24,57.0,78.0,65.0,384.27
2022-06-06,HR,Zagreb,pm25,24,10.0,68.0,27.0,2347.54
2022-06-06,HR,Rijeka,pm25,74,8.0,48.0,18.0,1842.81
2022-06-06,MK,Skopje,pm25,168,5.0,82.0,43.0,2678.73
2022-06-07,GE,Tbilisi,pm25,96,43.0,71.0,53.0,536.0
2022-06-07,HU,Győr,pm25,46,5.0,61.0,38.0,3152.43
2022-06-07,HU,Szeged,pm25,23,13.0,53.0,34.0,1738.58
2022-06-07,HU,Pécs,pm25,66,25.0,61.0,42.0,1194.04
2022-06-07,HU,Kecskemét,pm25,44,17.0,57.0,30.0,1929.66
2022-06-07,HU,Miskolc,pm25,116,13.0,61.0,34.0,1540.33
2022-06-07,HU,Budapest,pm25,344,9.0,50.0,25.0,882.32
2022-06-07,JP,Fukuoka,pm25,369,5.0,102.0,21.0,1598.97
2022-06-07,JP,Kanazawa,pm25,172,5.0,65.0,13.0,1221.33
2022-06-07,JP,Kumamoto,pm25,305,5.0,124.0,25.0,4866.88
2022-06-07,JP,Akita,pm25,39,5.0,109.0,13.0,4104.82
2022-06-07,JP,Kochi,pm25,33,5.0,42.0,21.0,1328.83
2022-06-07,JP,Gifu-shi,pm25,112,5.0,53.0,13.0,1560.04
2022-06-07,JP,Kyoto,pm25,504,5.0,167.0,17.0,2623.86
2022-06-07,JP,Hiroshima,pm25,253,5.0,70.0,17.0,1374.5
2022-06-07,JP,Shizuoka,pm25,206,5.0,59.0,17.0,1747.77
2022-06-07,JP,Chiba,pm25,601,5.0,76.0,13.0,1580.05
2022-06-07,JP,Sapporo,pm25,198,9.0,82.0,34.0,1764.57
2022-06-07,JP,Yokohama,pm25,439,1.0,72.0,13.0,1271.34
2022-06-07,JP,Tokyo,pm25,2056,1.0,70.0,13.0,668.15
2022-06-07,JP,Saitama,pm25,424,5.0,46.0,13.0,357.63
2022-06-07,JP,Naha,pm25,110,5.0,50.0,13.0,337.92
2022-06-07,JP,Nagasaki,pm25,178,5.0,53.0,17.0,862.54
2022-06-07,JP,Toyama,pm25,150,5.0,65.0,13.0,1202.24
2022-06-07,JP,Niigata,pm25,176,5.0,55.0,13.0,731.81
2022-06-07,JP,Nara-shi,pm25,179,5.0,42.0,13.0,617.84
2022-06-07,JP,Okayama,pm25,275,5.0,53.0,17.0,803.64
2022-06-07,JP,Sendai,pm25,312,5.0,50.0,9.0,505.95
2022-06-07,JP,Osaka,pm25,1087,5.0,63.0,13.0,875.41
2022-06-07,JP,Miyazaki,pm25,130,5.0,72.0,34.0,2435.84
2022-06-07,JP,Matsuyama,pm25,146,5.0,72.0,21.0,2190.59
2022-06-07,JP,Wakayama,pm25,260,5.0,72.0,13.0,1039.45
2022-06-07,JP,Takamatsu,pm25,204,5.0,53.0,17.0,1016.5
2022-06-07,JP,Nagoya,pm25,583,1.0,46.0,9.0,468.91
2022-06-07,JP,Ōita,pm25,236,5.0,55.0,21.0,1307.06
2022-06-07,JP,Kobe,pm25,366,5.0,55.0,13.0,661.05
2022-06-07,JP,Nagano,pm25,39,5.0,34.0,9.0,369.65
2022-06-07,JP,Utsunomiya,pm25,280,5.0,42.0,9.0,333.89
2022-06-07,JP,Kagoshima,pm25,94,9.0,57.0,30.0,942.14
2022-06-07,SK,Košice,pm25,93,21.0,124.0,50.0,3524.55
2022-06-07,SK,Bratislava,pm25,92,9.0,74.0,34.0,1826.92
2022-06-07,FI,Vantaa,pm25,24,3.0,35.0,17.0,966.79
2022-06-07,FI,Turku,pm25,24,8.0,39.0,15.0,444.18
2022-06-07,FI,Helsinki,pm25,120,7.0,66.0,14.0,1020.89
2022-06-07,FI,Tampere,pm25,96,9.0,31.0,15.0,254.73
2022-06-07,ET,Addis Ababa,pm25,24,30.0,153.0,91.0,11760.8
2022-06-07,CH,Zürich,pm25,20,1.0,2.0,1.0,0.5
2022-06-07,CO,Bogotá,pm25,303,10.0,152.0,53.0,5242.29
2022-06-07,CO,Medellín,pm25,334,21.0,107.0,70.0,2735.26
2022-06-07,DK,Copenhagen,pm25,24,8.0,38.0,21.0,695.0
2022-06-07,GB,Edinburgh,pm25,283,14.0,53.0,28.0,452.54
2022-06-07,GB,Norwich,pm25,23,34.0,60.0,47.0,533.0
2022-06-07,GB,Liverpool,pm25,35,25.0,75.0,38.0,1807.18
2022-06-07,GB,Belfast,pm25,59,17.0,47.0,25.0,246.12
2022-06-07,GB,Coventry,pm25,59,7.0,65.0,42.0,1407.18
2022-06-07,GB,Leeds,pm25,38,30.0,61.0,38.0,910.9
2022-06-07,GB,Cardiff,pm25,119,5.0,68.0,42.0,2621.89
2022-06-07,GB,Bristol,pm25,66,13.0,61.0,30.0,1477.58
2022-06-07,GB,London,pm25,516,3.0,71.0,28.0,1651.22
2022-06-07,GB,Birmingham,pm25,39,11.0,67.0,50.0,1377.46
2022-06-07,GB,Sheffield,pm25,59,25.0,54.0,41.0,490.4
2022-06-07,GB,Newport,pm25,43,9.0,42.0,25.0,812.66
2022-06-07,GB,Leicester,pm25,17,16.0,64.0,55.0,1241.54
2022-06-07,GB,Manchester,pm25,79,19.0,70.0,46.0,1496.47
2022-06-07,GB,Reading,pm25,8,5.0,13.0,5.0,137.14
2022-06-07,GB,Plymouth,pm25,26,5.0,21.0,13.0,219.14
2022-06-07,GB,Glasgow,pm25,571,15.0,47.0,26.0,374.47
2022-06-07,GB,Preston,pm25,45,19.0,58.0,39.0,762.65
2022-06-07,GB,Swansea,pm25,93,5.0,87.0,25.0,2659.04
2022-06-07,GB,Southend-on-Sea,pm25,42,8.0,48.0,25.0,1059.7
2022-06-07,ID,Jakarta,pm25,71,46.0,160.0,91.0,8945.68
2022-06-07,NP,Kathmandu,pm25,72,87.0,182.0,134.0,3290.23
2022-06-07,NP,Pokhara,pm25,24,50.0,107.0,74.0,1661.72
2022-06-07,AU,Sydney,pm25,140,1.0,35.0,10.0,492.21
2022-06-07,AU,Newcastle,pm25,133,1.0,61.0,12.0,1107.62
2022-06-07,AU,Launceston,pm25,143,5.0,158.0,42.0,13573.0
2022-06-07,AU,Hobart,pm25,50,5.0,17.0,5.0,93.06
2022-06-07,AU,Darwin,pm25,70,2.0,85.0,46.0,2501.72
2022-06-07,AU,Melbourne,pm25,142,1.0,49.0,17.0,1267.74
2022-06-07,AU,Canberra,pm25,55,1.0,53.0,12.0,1232.48
2022-06-07,AU,Adelaide,pm25,88,2.0,53.0,13.0,1086.72
2022-06-07,AU,Brisbane,pm25,72,3.0,54.0,15.0,673.85
2022-06-07,AU,Perth,pm25,67,2.0,31.0,6.0,287.44
2022-06-07,AU,Wollongong,pm25,29,1.0,79.0,9.0,3111.95
2022-06-07,CI,Abidjan,pm25,23,34.0,72.0,57.0,1687.27
2022-06-07,GH,Accra,pm25,24,42.0,147.0,70.0,8290.36
2022-06-07,IQ,Baghdad,pm25,24,157.0,281.0,179.0,16969.1
2022-06-07,IS,Reykjavík,pm25,96,13.0,72.0,28.0,1651.98
2022-06-07,KG,Bishkek,pm25,19,5.0,46.0,17.0,1311.75
2022-06-07,NL,Utrecht,pm25,48,22.0,58.0,40.0,809.14
2022-06-07,NL,Nijmegen,pm25,48,2.0,65.0,44.0,2397.51
2022-06-07,NL,Haarlem,pm25,141,8.0,75.0,42.0,1522.25
2022-06-07,NL,Eindhoven,pm25,24,26.0,59.0,53.0,861.45
2022-06-07,NL,Rotterdam,pm25,191,9.0,57.0,28.0,1055.25
2022-06-07,NL,Amsterdam,pm25,250,5.0,60.0,33.0,976.7
2022-06-07,NL,Dordrecht,pm25,24,21.0,78.0,50.0,2590.71
2022-06-07,NL,Breda,pm25,24,20.0,60.0,42.0,1370.14
2022-06-07,NL,Groningen,pm25,48,4.0,44.0,19.0,989.93
2022-06-07,NL,Maastricht,pm25,89,5.0,46.0,17.0,843.26
2022-06-07,NL,The Hague,pm25,72,2.0,54.0,28.0,2080.06
2022-06-07,PT,Lisbon,pm25,85,14.0,63.0,16.0,628.05
2022-06-07,PT,Funchal,pm25,67,1.0,134.0,15.0,5409.7
2022-06-07,CA,Hamilton,pm25,88,5.0,139.0,34.0,7558.62
2022-06-07,CA,Calgary,pm25,92,1.0,110.0,12.0,1730.08
2022-06-07,CA,Halifax,pm25,45,15.0,23.0,19.0,38.45
2022-06-07,CA,Kitchener,pm25,44,5.0,102.0,30.0,5794.39
2022-06-07,CA,Edmonton,pm25,125,5.0,96.0,45.0,3585.79
2022-06-07,CA,Mississauga,pm25,69,5.0,72.0,38.0,3911.05
2022-06-07,CA,Québec,pm25,166,12.0,42.0,25.0,328.79
2022-06-07,CA,Vancouver,pm25,22,3.0,23.0,6.0,188.25
2022-06-07,CA,Victoria,pm25,44,5.0,50.0,17.0,737.19
2022-06-07,CA,Montréal,pm25,431,12.0,103.0,35.0,1546.29
2022-06-07,CA,Toronto,pm25,135,5.0,70.0,30.0,1790.04
2022-06-07,CA,Ottawa,pm25,70,9.0,50.0,33.0,459.18
2022-06-07,CA,London,pm25,46,5.0,59.0,21.0,2544.53
2022-06-07,US,Oklahoma City,pm25,92,10.0,55.0,35.0,1090.42
2022-06-07,US,Raleigh,pm25,71,17.0,59.0,42.0,1026.12
2022-06-07,US,Memphis,pm25,70,1.0,52.0,33.0,678.13
2022-06-07,US,Jackson,pm25,72,13.0,54.0,39.0,1229.28
2022-06-07,US,Boston,pm25,96,5.0,53.0,25.0,1004.02
2022-06-07,US,Richmond,pm25,96,15.0,54.0,31.0,1363.3
2022-06-07,US,Portland,pm25,168,9.0,39.0,17.0,265.27
2022-06-07,US,Boise,pm25,86,5.0,34.0,17.0,663.98
2022-06-07,US,Austin,pm25,46,13.0,70.0,42.0,3437.2
2022-06-07,US,Honolulu,pm25,38,5.0,46.0,13.0,1017.53
2022-06-07,US,Fresno,pm25,46,5.0,39.0,25.0,634.56
2022-06-07,US,Milwaukee,pm25,144,7.0,41.0,23.0,509.73
2022-06-07,US,Hartford,pm25,48,18.0,34.0,22.0,116.74
2022-06-07,US,Washington D.C.,pm25,118,5.0,55.0,28.0,1205.69
2022-06-07,US,Chicago,pm25,204,1.0,76.0,17.0,1182.01
2022-06-07,US,Houston,pm25,95,1.0,58.0,35.0,1763.56
2022-06-07,US,Indianapolis,pm25,92,16.0,93.0,31.0,1891.53
2022-06-07,US,Atlanta,pm25,24,25.0,66.0,59.0,727.81
2022-06-07,US,Charlotte,pm25,72,13.0,50.0,30.0,427.02
2022-06-07,US,Sacramento,pm25,68,5.0,68.0,23.0,2046.26
2022-06-07,US,Oakland,pm25,112,5.0,57.0,30.0,1592.8
2022-06-07,US,Providence,pm25,24,13.0,30.0,17.0,254.71
2022-06-07,US,Staten Island,pm25,111,1.0,124.0,15.0,3502.63
2022-06-07,US,Brooklyn,pm25,119,2.0,41.0,16.0,901.28
2022-06-07,US,Springfield,pm25,71,10.0,59.0,30.0,1585.85
2022-06-07,US,The Bronx,pm25,46,3.0,24.0,10.0,411.56
2022-06-07,US,San Jose,pm25,93,9.0,76.0,30.0,1179.42
2022-06-07,US,Los Angeles,pm25,24,35.0,73.0,53.0,1017.97
2022-06-07,US,Detroit,pm25,167,13.0,69.0,29.0,1519.19
2022-06-07,US,Little Rock,pm25,23,5.0,82.0,37.0,3740.28
2022-06-07,US,Baltimore,pm25,46,5.0,41.0,23.0,784.28
2022-06-07,US,Phoenix,pm25,182,3.0,104.0,25.0,2618.38
2022-06-07,US,Omaha,pm25,37,9.0,78.0,30.0,2482.57
2022-06-07,US,El Paso,pm25,162,5.0,79.0,25.0,3471.66
2022-06-07,US,Dallas,pm25,20,5.0,25.0,17.0,445.9
2022-06-07,US,Seattle,pm25,251,5.0,70.0,17.0,1104.95
2022-06-07,US,Manhattan,pm25,69,3.0,43.0,17.0,781.56
2022-06-07,US,Miami,pm25,94,5.0,37.0,19.0,364.02
2022-06-07,US,Jacksonville,pm25,140,6.0,65.0,21.0,712.37
2022-06-07,US,San Antonio,pm25,94,9.0,81.0,52.0,2715.92
2022-06-07,US,Philadelphia,pm25,56,2.0,59.0,23.0,2009.79
2022-06-07,US,San Diego,pm25,24,15.0,62.0,43.0,2232.59
2022-06-07,US,Columbus,pm25,46,1.0,36.0,22.0,469.91
2022-06-07,US,Saint Paul,pm25,139,5.0,80.0,21.0,1543.53
2022-06-07,US,Denver,pm25,144,9.0,46.0,21.0,510.08
2022-06-07,US,Salt Lake City,pm25,216,8.0,76.0,20.0,1327.12
2022-06-07,US,Albuquerque,pm25,72,15.0,60.0,22.0,936.06
2022-06-07,US,San Francisco,pm25,70,5.0,61.0,30.0,1550.36
2022-06-07,US,Salem,pm25,71,11.0,28.0,16.0,106.42
2022-06-07,US,Madison,pm25,46,18.0,38.0,24.0,307.0
2022-06-07,US,Nashville,pm25,72,16.0,62.0,45.0,1415.58
2022-06-07,US,Tucson,pm25,143,5.0,61.0,21.0,1549.81
2022-06-07,US,Queens,pm25,96,2.0,35.0,14.0,632.56
2022-06-07,US,Tallahassee,pm25,69,2.0,91.0,30.0,3267.61
2022-06-07,US,Fort Worth,pm25,48,5.0,50.0,30.0,1100.41
2022-06-07,RS,Novi Sad,pm25,48,5.0,58.0,23.0,3237.12
2022-06-07,RS,Niš,pm25,48,19.0,57.0,31.0,1369.75
2022-06-07,RS,Belgrade,pm25,120,23.0,64.0,43.0,1104.86
2022-06-07,CY,Nicosia,pm25,24,65.0,82.0,70.0,280.58
2022-06-07,CY,Limassol,pm25,23,24.0,87.0,68.0,1481.82
2022-06-07,HR,Zagreb,pm25,24,13.0,63.0,52.0,1557.61
2022-06-07,HR,Rijeka,pm25,76,15.0,106.0,23.0,1421.02
2022-06-07,MK,Skopje,pm25,165,5.0,72.0,38.0,2719.21
2022-06-08,GE,Tbilisi,pm25,96,39.0,71.0,51.0,879.63
2022-06-08,HU,Győr,pm25,46,9.0,82.0,50.0,3879.92
2022-06-08,HU,Szeged,pm25,24,13.0,70.0,38.0,2864.93
2022-06-08,HU,Pécs,pm25,33,25.0,59.0,34.0,790.06
2022-06-08,HU,Kecskemét,pm25,48,30.0,72.0,53.0,1211.63
2022-06-08,HU,Miskolc,pm25,115,34.0,107.0,46.0,1072.14
2022-06-08,HU,Budapest,pm25,270,17.0,68.0,38.0,1000.74
2022-06-08,JP,Fukuoka,pm25,378,5.0,117.0,30.0,2247.08
2022-06-08,JP,Kanazawa,pm25,159,5.0,50.0,13.0,800.63
2022-06-08,JP,Kumamoto,pm25,356,5.0,153.0,46.0,5963.58
2022-06-08,JP,Akita,pm25,36,5.0,53.0,13.0,1218.37
2022-06-08,JP,Kochi,pm25,32,17.0,53.0,25.0,1069.02
2022-06-08,JP,Gifu-shi,pm25,117,5.0,87.0,17.0,2175.56
2022-06-08,JP,Kyoto,pm25,534,5.0,137.0,21.0,1760.78
2022-06-08,JP,Hiroshima,pm25,269,5.0,74.0,21.0,2167.54
2022-06-08,JP,Shizuoka,pm25,224,5.0,74.0,21.0,2419.88
2022-06-08,JP,Chiba,pm25,706,5.0,87.0,25.0,2334.23
2022-06-08,JP,Sapporo,pm25,194,5.0,72.0,30.0,1570.09
2022-06-08,JP,Yokohama,pm25,509,1.0,89.0,30.0,3508.9
2022-06-08,JP,Tokyo,pm25,2352,1.0,89.0,34.0,1820.97
2022-06-08,JP,Saitama,pm25,496,5.0,65.0,30.0,1344.66
2022-06-08,JP,Naha,pm25,136,5.0,57.0,13.0,892.81
2022-06-08,JP,Nagasaki,pm25,184,5.0,61.0,30.0,1400.56
2022-06-08,JP,Toyama,pm25,171,5.0,57.0,17.0,1083.29
2022-06-08,JP,Niigata,pm25,165,5.0,50.0,9.0,428.9
2022-06-08,JP,Nara-shi,pm25,183,5.0,53.0,21.0,1057.78
2022-06-08,JP,Okayama,pm25,282,5.0,68.0,30.0,2105.61
2022-06-08,JP,Sendai,pm25,433,5.0,55.0,21.0,580.27
2022-06-08,JP,Osaka,pm25,1283,5.0,85.0,21.0,1808.71
2022-06-08,JP,Miyazaki,pm25,132,5.0,76.0,46.0,2389.14
2022-06-08,JP,Matsuyama,pm25,156,5.0,76.0,38.0,2770.07
2022-06-08,JP,Wakayama,pm25,276,5.0,80.0,21.0,1040.25
2022-06-08,JP,Takamatsu,pm25,220,5.0,53.0,17.0,1287.69
2022-06-08,JP,Nagoya,pm25,669,1.0,70.0,13.0,994.25
2022-06-08,JP,Ōita,pm25,251,5.0,68.0,30.0,1705.07
2022-06-08,JP,Kobe,pm25,407,5.0,63.0,21.0,980.75
2022-06-08,JP,Nagano,pm25,42,5.0,25.0,9.0,351.68
2022-06-08,JP,Utsunomiya,pm25,425,5.0,144.0,21.0,2169.3
2022-06-08,JP,Kagoshima,pm25,95,5.0,78.0,46.0,1635.28
2022-06-08,SK,Košice,pm25,96,30.0,158.0,63.0,3883.92
2022-06-08,SK,Bratislava,pm25,87,5.0,72.0,25.0,2363.92
2022-06-08,FI,Vantaa,pm25,23,11.0,53.0,34.0,1404.31
2022-06-08,FI,Turku,pm25,23,10.0,40.0,25.0,777.47
2022-06-08,FI,Helsinki,pm25,120,9.0,75.0,25.0,2103.52
2022-06-08,FI,Tampere,pm25,96,12.0,65.0,21.0,2768.98
2022-06-08,ET,Addis Ababa,pm25,24,53.0,178.0,85.0,14634.7
2022-06-08,CH,Zürich,pm25,16,1.0,1.0,1.0,0.0
2022-06-08,CO,Bogotá,pm25,294,17.0,163.0,65.0,7699.36
2022-06-08,CO,Medellín,pm25,290,17.0,109.0,57.0,3267.44
2022-06-08,DK,Copenhagen,pm25,13,10.0,51.0,23.0,1191.92
2022-06-08,GB,Edinburgh,pm25,277,2.0,65.0,30.0,1099.18
2022-06-08,GB,Norwich,pm25,21,8.0,42.0,30.0,795.57
2022-06-08,GB,Liverpool,pm25,38,13.0,42.0,21.0,699.15
2022-06-08,GB,Belfast,pm25,52,3.0,30.0,21.0,420.92
2022-06-08,GB,Coventry,pm25,65,8.0,34.0,17.0,412.12
2022-06-08,GB,Leeds,pm25,36,17.0,70.0,46.0,1138.0
2022-06-08,GB,Cardiff,pm25,111,5.0,61.0,46.0,2279.61
2022-06-08,GB,Bristol,pm25,70,9.0,53.0,25.0,1970.41
2022-06-08,GB,London,pm25,481,1.0,63.0,21.0,1442.04
2022-06-08,GB,Birmingham,pm25,44,7.0,38.0,17.0,636.41
2022-06-08,GB,Sheffield,pm25,64,12.0,52.0,30.0,687.28
2022-06-08,GB,Newport,pm25,45,5.0,42.0,24.0,1317.55
2022-06-08,GB,Leicester,pm25,23,13.0,39.0,21.0,799.49
2022-06-08,GB,Manchester,pm25,80,5.0,50.0,18.0,982.68
2022-06-08,GB,Reading,pm25,10,5.0,13.0,9.0,99.56
2022-06-08,GB,Plymouth,pm25,46,5.0,36.0,17.0,943.29
2022-06-08,GB,Glasgow,pm25,566,8.0,48.0,28.0,548.84
2022-06-08,GB,Preston,pm25,41,8.0,45.0,21.0,1282.24
2022-06-08,GB,Swansea,pm25,127,5.0,87.0,38.0,2127.73
2022-06-08,GB,Southend-on-Sea,pm25,45,4.0,24.0,15.0,226.89
2022-06-08,ID,Jakarta,pm25,71,34.0,164.0,76.0,12546.8
2022-06-08,NP,Kathmandu,pm25,72,74.0,162.0,102.0,7928.92
2022-06-08,NP,Pokhara,pm25,20,24.0,74.0,49.0,2719.24
2022-06-08,AU,Sydney,pm25,137,1.0,73.0,14.0,1331.69
2022-06-08,AU,Newcastle,pm25,128,1.0,48.0,11.0,679.91
2022-06-08,AU,Launceston,pm25,155,5.0,154.0,17.0,9804.1
2022-06-08,AU,Hobart,pm25,40,5.0,13.0,5.0,53.74
2022-06-08,AU,Darwin,pm25,69,4.0,104.0,51.0,4141.36
2022-06-08,AU,Melbourne,pm25,155,1.0,53.0,18.0,947.86
2022-06-08,AU,Canberra,pm25,63,1.0,53.0,13.0,1170.57
2022-06-08,AU,Adelaide,pm25,93,5.0,57.0,25.0,1943.6
2022-06-08,AU,Brisbane,pm25,214,1.0,67.0,14.0,661.61
2022-06-08,AU,Perth,pm25,66,2.0,16.0,6.0,173.46
2022-06-08,AU,Wollongong,pm25,32,1.0,73.0,8.0,2116.28
2022-06-08,CI,Abidjan,pm25,24,34.0,162.0,65.0,11391.0
2022-06-08,GH,Accra,pm25,24,34.0,117.0,65.0,3949.98
2022-06-08,IQ,Baghdad,pm25,23,139.0,362.0,177.0,17262.6
2022-06-08,IS,Reykjavík,pm25,96,10.0,53.0,20.0,1223.68
2022-06-08,KG,Bishkek,pm25,16,5.0,46.0,17.0,1650.0
2022-06-08,NL,Utrecht,pm25,48,22.0,62.0,37.0,1430.42
2022-06-08,NL,Nijmegen,pm25,48,3.0,59.0,29.0,2638.28
2022-06-08,NL,Haarlem,pm25,143,3.0,69.0,34.0,1962.26
2022-06-08,NL,Eindhoven,pm25,24,18.0,77.0,33.0,2588.97
2022-06-08,NL,Rotterdam,pm25,192,8.0,51.0,28.0,971.1
2022-06-08,NL,Amsterdam,pm25,239,2.0,67.0,33.0,1817.3
2022-06-08,NL,Dordrecht,pm25,24,14.0,55.0,38.0,1310.14
2022-06-08,NL,Breda,pm25,24,20.0,60.0,38.0,1261.74
2022-06-08,NL,Groningen,pm25,48,6.0,54.0,25.0,1288.01
2022-06-08,NL,Maastricht,pm25,80,5.0,42.0,17.0,840.6
2022-06-08,NL,The Hague,pm25,72,1.0,89.0,24.0,2767.09
2022-06-08,PT,Lisbon,pm25,92,11.0,28.0,16.0,92.87
2022-06-08,PT,Funchal,pm25,58,1.0,35.0,18.0,1094.82
2022-06-08,CA,Hamilton,pm25,56,5.0,34.0,13.0,528.46
2022-06-08,CA,Calgary,pm25,88,1.0,68.0,17.0,1894.02
2022-06-08,CA,Halifax,pm25,46,15.0,35.0,20.0,270.61
2022-06-08,CA,Kitchener,pm25,31,9.0,46.0,21.0,1151.7
2022-06-08,CA,Edmonton,pm25,125,3.0,73.0,19.0,1968.68
2022-06-08,CA,Mississauga,pm25,50,5.0,21.0,13.0,152.56
2022-06-08,CA,Québec,pm25,174,9.0,33.0,20.0,200.25
2022-06-08,CA,Vancouver,pm25,21,5.0,23.0,10.0,264.29
2022-06-08,CA,Victoria,pm25,40,5.0,46.0,21.0,1170.13
2022-06-08,CA,Montréal,pm25,370,3.0,76.0,24.0,1050.36
2022-06-08,CA,Toronto,pm25,124,5.0,78.0,21.0,1065.99
2022-06-08,CA,Ottawa,pm25,61,9.0,31.0,21.0,301.68
2022-06-08,CA,London,pm25,37,5.0,42.0,17.0,867.57
2022-06-08,US,Oklahoma City,pm25,84,13.0,51.0,20.0,1244.04
2022-06-08,US,Raleigh,pm25,69,9.0,61.0,43.0,2010.03
2022-06-08,US,Memphis,pm25,71,4.0,50.0,29.0,648.12
2022-06-08,US,Jackson,pm25,72,10.0,52.0,26.0,841.81
2022-06-08,US,Boston,pm25,132,5.0,55.0,21.0,992.18
2022-06-08,US,Richmond,pm25,96,23.0,55.0,44.0,428.94
2022-06-08,US,Portland,pm25,162,7.0,34.0,12.0,193.96
2022-06-08,US,Boise,pm25,95,5.0,42.0,21.0,856.55
2022-06-08,US,Austin,pm25,47,9.0,70.0,50.0,2378.11
2022-06-08,US,Honolulu,pm25,47,5.0,42.0,21.0,727.39
2022-06-08,US,Fresno,pm25,36,2.0,36.0,17.0,606.56
2022-06-08,US,Milwaukee,pm25,144,14.0,45.0,24.0,411.15
2022-06-08,US,Hartford,pm25,48,14.0,39.0,22.0,285.94
2022-06-08,US,Washington D.C.,pm25,116,9.0,82.0,34.0,1450.35
2022-06-08,US,Chicago,pm25,239,7.0,80.0,29.0,1500.46
2022-06-08,US,Houston,pm25,92,17.0,78.0,42.0,2099.22
2022-06-08,US,Indianapolis,pm25,97,15.0,55.0,34.0,945.36
2022-06-08,US,Atlanta,pm25,24,17.0,60.0,44.0,1461.67
2022-06-08,US,Charlotte,pm25,72,21.0,57.0,34.0,734.51
2022-06-08,US,Sacramento,pm25,71,5.0,45.0,18.0,705.33
2022-06-08,US,Oakland,pm25,108,5.0,42.0,17.0,635.79
2022-06-08,US,Providence,pm25,22,9.0,42.0,21.0,1009.2
2022-06-08,US,Staten Island,pm25,108,1.0,65.0,27.0,1970.93
2022-06-08,US,Brooklyn,pm25,110,1.0,61.0,18.0,2360.35
2022-06-08,US,Springfield,pm25,66,4.0,54.0,23.0,981.23
2022-06-08,US,The Bronx,pm25,48,1.0,61.0,18.0,2690.78
2022-06-08,US,San Jose,pm25,89,5.0,46.0,17.0,821.92
2022-06-08,US,Los Angeles,pm25,24,40.0,77.0,57.0,1278.24
2022-06-08,US,Detroit,pm25,168,19.0,89.0,34.0,1621.42
2022-06-08,US,Little Rock,pm25,22,5.0,40.0,25.0,1000.89
2022-06-08,US,Baltimore,pm25,47,9.0,54.0,34.0,1177.23
2022-06-08,US,Phoenix,pm25,176,2.0,100.0,22.0,1866.36
2022-06-08,US,Omaha,pm25,23,5.0,38.0,17.0,707.27
2022-06-08,US,El Paso,pm25,144,5.0,345.0,53.0,40708.4
2022-06-08,US,Dallas,pm25,21,5.0,30.0,21.0,561.62
2022-06-08,US,Seattle,pm25,253,5.0,152.0,17.0,1666.44
2022-06-08,US,Manhattan,pm25,62,1.0,62.0,20.0,2004.16
2022-06-08,US,Miami,pm25,93,16.0,53.0,25.0,693.36
2022-06-08,US,Jacksonville,pm25,140,10.0,55.0,26.0,598.87
2022-06-08,US,San Antonio,pm25,94,18.0,97.0,57.0,1428.26
2022-06-08,US,Philadelphia,pm25,75,3.0,97.0,38.0,3107.84
2022-06-08,US,San Diego,pm25,24,26.0,70.0,53.0,1428.68
2022-06-08,US,Columbus,pm25,48,11.0,51.0,30.0,957.09
2022-06-08,US,Saint Paul,pm25,134,5.0,72.0,25.0,1885.69
2022-06-08,US,Denver,pm25,119,5.0,30.0,17.0,200.0
2022-06-08,US,Salt Lake City,pm25,214,9.0,66.0,25.0,1011.84
2022-06-08,US,Albuquerque,pm25,72,21.0,148.0,38.0,3794.22
2022-06-08,US,San Francisco,pm25,67,5.0,46.0,17.0,1015.31
2022-06-08,US,Salem,pm25,72,6.0,17.0,10.0,73.89
2022-06-08,US,Madison,pm25,48,13.0,51.0,27.0,1054.78
2022-06-08,US,Nashville,pm25,70,9.0,56.0,32.0,1107.75
2022-06-08,US,Tucson,pm25,164,5.0,57.0,25.0,1293.3
2022-06-08,US,Queens,pm25,89,2.0,58.0,31.0,3006.96
2022-06-08,US,Tallahassee,pm25,67,1.0,111.0,38.0,3738.29
2022-06-08,US,Fort Worth,pm25,47,4.0,56.0,34.0,2083.72
2022-06-08,RS,Novi Sad,pm25,48,2.0,67.0,14.0,3272.3
2022-06-08,RS,Niš,pm25,47,17.0,52.0,30.0,833.42
2022-06-08,RS,Belgrade,pm25,120,21.0,67.0,38.0,1718.95
2022-06-08,CY,Nicosia,pm25,24,61.0,102.0,79.0,1793.91
2022-06-08,CY,Limassol,pm25,24,43.0,74.0,58.0,745.63
2022-06-08,HR,Zagreb,pm25,24,5.0,48.0,16.0,1725.14
2022-06-08,HR,Rijeka,pm25,72,2.0,32.0,9.0,271.12
2022-06-08,MK,Skopje,pm25,168,5.0,78.0,41.0,3155.67
2022-06-09,GE,Tbilisi,pm25,96,41.0,86.0,52.0,1892.56
2022-06-09,HU,Győr,pm25,44,9.0,55.0,21.0,1593.93
2022-06-09,HU,Szeged,pm25,23,17.0,55.0,30.0,859.76
2022-06-09,HU,Kecskemét,pm25,48,17.0,55.0,42.0,994.89
2022-06-09,HU,Miskolc,pm25,119,30.0,70.0,50.0,820.91
2022-06-09,HU,Budapest,pm25,352,13.0,97.0,38.0,2783.98
2022-06-09,JP,Fukuoka,pm25,378,5.0,124.0,38.0,3192.87
2022-06-09,JP,Kanazawa,pm25,202,5.0,76.0,17.0,1253.84
2022-06-09,JP,Kumamoto,pm25,360,5.0,161.0,59.0,5578.3
2022-06-09,JP,Akita,pm25,43,5.0,76.0,21.0,3570.12
2022-06-09,JP,Kochi,pm25,48,9.0,72.0,42.0,1641.06
2022-06-09,JP,Gifu-shi,pm25,154,5.0,76.0,34.0,3033.73
2022-06-09,JP,Kyoto,pm25,559,5.0,70.0,38.0,3469.52
2022-06-09,JP,Hiroshima,pm25,308,5.0,104.0,50.0,5228.45
2022-06-09,JP,Shizuoka,pm25,257,5.0,85.0,34.0,2984.62
2022-06-09,JP,Chiba,pm25,691,5.0,91.0,21.0,2184.72
2022-06-09,JP,Sapporo,pm25,185,9.0,85.0,25.0,1720.38
2022-06-09,JP,Yokohama,pm25,526,1.0,95.0,30.0,3950.38
2022-06-09,JP,Tokyo,pm25,2361,1.0,93.0,25.0,1552.69
2022-06-09,JP,Saitama,pm25,493,5.0,61.0,25.0,925.88
2022-06-09,JP,Naha,pm25,133,9.0,46.0,25.0,467.02
2022-06-09,JP,Nagasaki,pm25,190,5.0,85.0,50.0,2892.08
2022-06-09,JP,Toyama,pm25,162,5.0,57.0,21.0,1340.9
2022-06-09,JP,Niigata,pm25,198,5.0,53.0,13.0,662.0
2022-06-09,JP,Nara-shi,pm25,188,5.0,70.0,42.0,2594.82
2022-06-09,JP,Okayama,pm25,281,9.0,87.0,46.0,3160.51
2022-06-09,JP,Sendai,pm25,460,5.0,109.0,21.0,1154.91
2022-06-09,JP,Osaka,pm25,1374,5.0,97.0,34.0,2973.48
2022-06-09,JP,Miyazaki,pm25,139,9.0,95.0,55.0,2042.36
2022-06-09,JP,Matsuyama,pm25,159,5.0,107.0,57.0,2265.8
2022-06-09,JP,Wakayama,pm25,286,9.0,91.0,34.0,1463.77
2022-06-09,JP,Takamatsu,pm25,235,5.0,70.0,34.0,1868.11
2022-06-09,JP,Nagoya,pm25,774,5.0,152.0,30.0,2193.58
2022-06-09,JP,Ōita,pm25,258,5.0,89.0,53.0,2688.36
2022-06-09,JP,Kobe,pm25,408,5.0,76.0,30.0,2026.42
2022-06-09,JP,Nagano,pm25,63,5.0,53.0,13.0,1882.52
2022-06-09,JP,Utsunomiya,pm25,443,5.0,53.0,21.0,814.61
2022-06-09,JP,Kagoshima,pm25,94,17.0,87.0,63.0,1092.22
2022-06-09,SK,Košice,pm25,88,13.0,104.0,57.0,2834.55
2022-06-09,SK,Bratislava,pm25,93,9.0,78.0,30.0,2005.4
2022-06-09,FI,Vantaa,pm25,24,7.0,44.0,30.0,889.28
2022-06-09,FI,Turku,pm25,24,15.0,36.0,21.0,417.32
2022-06-09,FI,Helsinki,pm25,120,17.0,58.0,31.0,977.02
2022-06-09,FI,Tampere,pm25,96,8.0,66.0,26.0,1784.0
2022-06-09,ET,Addis Ababa,pm25,24,63.0,160.0,99.0,7895.36
2022-06-09,CH,Zürich,pm25,10,1.0,1.0,1.0,0.0
2022-06-09,CO,Bogotá,pm25,284,4.0,163.0,63.0,7626.19
2022-06-09,CO,Medellín,pm25,250,25.0,104.0,61.0,2599.5
2022-06-09,DK,Copenhagen,pm25,24,16.0,55.0,36.0,1099.71
2022-06-09,GB,Edinburgh,pm25,279,2.0,57.0,15.0,977.66
2022-06-09,GB,Norwich,pm25,23,13.0,36.0,19.0,246.29
2022-06-09,GB,Liverpool,pm25,42,13.0,49.0,21.0,828.04
2022-06-09,GB,Belfast,pm25,56,11.0,55.0,23.0,952.45
2022-06-09,GB,Coventry,pm25,68,16.0,55.0,23.0,512.81
2022-06-09,GB,Leeds,pm25,44,17.0,55.0,25.0,563.07
2022-06-09,GB,Cardiff,pm25,116,5.0,59.0,50.0,1905.46
2022-06-09,GB,Bristol,pm25,70,25.0,57.0,42.0,558.17
2022-06-09,GB,London,pm25,539,5.0,162.0,34.0,1809.86
2022-06-09,GB,Birmingham,pm25,46,17.0,33.0,25.0,79.29
2022-06-09,GB,Sheffield,pm25,75,13.0,30.0,21.0,154.96
2022-06-09,GB,Newport,pm25,45,9.0,50.0,32.0,1083.71
2022-06-09,GB,Leicester,pm25,24,22.0,33.0,27.0,128.68
2022-06-09,GB,Manchester,pm25,78,5.0,48.0,26.0,734.31
2022-06-09,GB,Reading,pm25,19,5.0,21.0,9.0,257.31
2022-06-09,GB,Plymouth,pm25,38,9.0,55.0,34.0,1151.41
2022-06-09,GB,Glasgow,pm25,569,3.0,31.0,15.0,541.49
2022-06-09,GB,Preston,pm25,42,13.0,44.0,24.0,511.29
2022-06-09,GB,Swansea,pm25,141,5.0,89.0,38.0,2892.2
2022-06-09,GB,Southend-on-Sea,pm25,47,20.0,42.0,29.0,301.72
2022-06-09,ID,Jakarta,pm25,71,25.0,157.0,80.0,9270.68
2022-06-09,NP,Kathmandu,pm25,72,57.0,178.0,122.0,8312.58
2022-06-09,NP,Pokhara,pm25,24,28.0,128.0,50.0,3946.09
2022-06-09,AU,Sydney,pm25,137,1.0,61.0,13.0,1505.95
2022-06-09,AU,Newcastle,pm25,117,1.0,42.0,12.0,618.35
2022-06-09,AU,Launceston,pm25,140,5.0,97.0,13.0,3991.55
2022-06-09,AU,Hobart,pm25,48,5.0,30.0,5.0,186.38
2022-06-09,AU,Darwin,pm25,68,2.0,149.0,28.0,6329.93
2022-06-09,AU,Melbourne,pm25,151,1.0,40.0,16.0,957.29
2022-06-09,AU,Canberra,pm25,58,1.0,50.0,10.0,1470.9
2022-06-09,AU,Adelaide,pm25,81,1.0,30.0,13.0,453.49
2022-06-09,AU,Brisbane,pm25,206,2.0,153.0,13.0,3338.94
2022-06-09,AU,Perth,pm25,63,2.0,15.0,5.0,195.0
2022-06-09,AU,Wollongong,pm25,34,1.0,69.0,5.0,1561.9
2022-06-09,CI,Abidjan,pm25,24,46.0,82.0,61.0,801.72
2022-06-09,GH,Accra,pm25,24,34.0,127.0,57.0,4484.76
2022-06-09,IQ,Baghdad,pm25,24,127.0,234.0,165.0,6169.98
2022-06-09,IS,Reykjavík,pm25,93,5.0,160.0,27.0,11370.0
2022-06-09,NL,Utrecht,pm25,48,12.0,58.0,33.0,916.59
2022-06-09,NL,Nijmegen,pm25,45,4.0,46.0,25.0,1165.0
2022-06-09,NL,Haarlem,pm25,142,6.0,63.0,35.0,1264.55
2022-06-09,NL,Eindhoven,pm25,24,8.0,61.0,39.0,1731.23
2022-06-09,NL,Rotterdam,pm25,192,4.0,55.0,24.0,501.67
2022-06-09,NL,Amsterdam,pm25,251,3.0,53.0,26.0,1037.14
2022-06-09,NL,Dordrecht,pm25,24,5.0,55.0,30.0,1457.39
2022-06-09,NL,Breda,pm25,24,13.0,53.0,31.0,1117.37
2022-06-09,NL,Groningen,pm25,46,1.0,55.0,24.0,1627.81
2022-06-09,NL,Maastricht,pm25,90,5.0,59.0,30.0,1577.88
2022-06-09,NL,The Hague,pm25,71,5.0,76.0,24.0,2006.56
2022-06-09,PT,Lisbon,pm25,76,12.0,18.0,15.0,26.22
2022-06-09,PT,Funchal,pm25,55,1.0,29.0,14.0,834.03
2022-06-09,CA,Hamilton,pm25,78,9.0,57.0,25.0,1555.61
2022-06-09,CA,Calgary,pm25,92,3.0,53.0,13.0,705.59
2022-06-09,CA,Halifax,pm25,46,5.0,25.0,15.0,217.47
2022-06-09,CA,Kitchener,pm25,35,5.0,55.0,17.0,1509.63
2022-06-09,CA,Edmonton,pm25,127,1.0,84.0,24.0,2990.9
2022-06-09,CA,Mississauga,pm25,70,9.0,61.0,17.0,1495.28
2022-06-09,CA,Québec,pm25,157,12.0,40.0,20.0,404.57
2022-06-09,CA,Vancouver,pm25,23,5.0,15.0,11.0,78.62
2022-06-09,CA,Victoria,pm25,45,5.0,34.0,21.0,540.89
2022-06-09,CA,Montréal,pm25,392,6.0,77.0,21.0,1368.02
2022-06-09,CA,Toronto,pm25,130,9.0,65.0,21.0,1015.59
2022-06-09,CA,Ottawa,pm25,55,5.0,38.0,22.0,828.67
2022-06-09,CA,London,pm25,47,13.0,46.0,17.0,554.77
2022-06-09,US,Oklahoma City,pm25,91,15.0,43.0,26.0,340.72
2022-06-09,US,Raleigh,pm25,66,7.0,61.0,34.0,1732.1
2022-06-09,US,Memphis,pm25,71,13.0,38.0,23.0,208.56
2022-06-09,US,Jackson,pm25,70,13.0,166.0,25.0,4509.07
2022-06-09,US,Boston,pm25,127,9.0,63.0,30.0,1985.2
2022-06-09,US,Richmond,pm25,96,17.0,44.0,33.0,422.0
2022-06-09,US,Portland,pm25,167,7.0,42.0,17.0,456.25
2022-06-09,US,Boise,pm25,80,5.0,50.0,25.0,1889.77
2022-06-09,US,Austin,pm25,47,9.0,70.0,46.0,1619.92
2022-06-09,US,Honolulu,pm25,43,5.0,53.0,17.0,1183.09
2022-06-09,US,Fresno,pm25,48,4.0,53.0,25.0,1340.41
2022-06-09,US,Milwaukee,pm25,140,17.0,57.0,26.0,937.89
2022-06-09,US,Hartford,pm25,48,8.0,40.0,25.0,1207.59
2022-06-09,US,Washington D.C.,pm25,119,5.0,42.0,24.0,661.5
2022-06-09,US,Chicago,pm25,238,4.0,68.0,24.0,1059.23
2022-06-09,US,Houston,pm25,96,13.0,94.0,48.0,2560.38
2022-06-09,US,Indianapolis,pm25,95,20.0,95.0,34.0,2308.91
2022-06-09,US,Atlanta,pm25,24,44.0,63.0,53.0,211.29
2022-06-09,US,Charlotte,pm25,71,9.0,46.0,25.0,629.71
2022-06-09,US,Sacramento,pm25,70,5.0,55.0,25.0,1015.77
2022-06-09,US,Oakland,pm25,119,5.0,78.0,38.0,2205.82
2022-06-09,US,Providence,pm25,23,9.0,68.0,30.0,3191.7
2022-06-09,US,Staten Island,pm25,110,1.0,129.0,17.0,4033.08
2022-06-09,US,Brooklyn,pm25,98,1.0,59.0,10.0,2207.47
2022-06-09,US,Springfield,pm25,69,3.0,88.0,25.0,1700.26
2022-06-09,US,The Bronx,pm25,28,1.0,47.0,5.0,2206.83
2022-06-09,US,San Jose,pm25,92,5.0,74.0,30.0,2107.46
2022-06-09,US,Los Angeles,pm25,24,45.0,84.0,66.0,876.5
2022-06-09,US,Detroit,pm25,156,20.0,95.0,30.0,1253.67
2022-06-09,US,Little Rock,pm25,24,14.0,80.0,24.0,2349.11
2022-06-09,US,Baltimore,pm25,48,5.0,50.0,20.0,835.3
2022-06-09,US,Phoenix,pm25,191,3.0,98.0,24.0,2188.84
2022-06-09,US,Omaha,pm25,24,9.0,53.0,25.0,1512.75
2022-06-09,US,El Paso,pm25,144,25.0,129.0,53.0,2625.23
2022-06-09,US,Dallas,pm25,21,5.0,70.0,55.0,4651.14
2022-06-09,US,Seattle,pm25,256,4.0,152.0,21.0,1812.05
2022-06-09,US,Manhattan,pm25,60,1.0,69.0,9.0,2580.92
2022-06-09,US,Miami,pm25,94,16.0,53.0,28.0,1120.47
2022-06-09,US,Jacksonville,pm25,144,17.0,53.0,27.0,456.01
2022-06-09,US,San Antonio,pm25,92,14.0,72.0,41.0,1743.88
2022-06-09,US,Philadelphia,pm25,93,4.0,77.0,24.0,1991.79
2022-06-09,US,San Diego,pm25,24,34.0,77.0,53.0,1007.23
2022-06-09,US,Columbus,pm25,47,1.0,57.0,27.0,2198.11
2022-06-09,US,Saint Paul,pm25,143,5.0,162.0,25.0,4392.2
2022-06-09,US,Denver,pm25,152,9.0,50.0,25.0,679.24
2022-06-09,US,Salt Lake City,pm25,216,19.0,59.0,33.0,742.17
2022-06-09,US,Albuquerque,pm25,72,30.0,86.0,49.0,1307.73
2022-06-09,US,San Francisco,pm25,72,9.0,70.0,42.0,1669.42
2022-06-09,US,Salem,pm25,72,5.0,22.0,13.0,134.49
2022-06-09,US,Madison,pm25,47,18.0,38.0,22.0,310.55
2022-06-09,US,Nashville,pm25,68,13.0,51.0,27.0,789.82
2022-06-09,US,Tucson,pm25,162,5.0,61.0,30.0,1571.66
2022-06-09,US,Queens,pm25,79,1.0,54.0,14.0,1163.79
2022-06-09,US,Tallahassee,pm25,66,6.0,78.0,34.0,1820.27
2022-06-09,US,Fort Worth,pm25,48,5.0,74.0,46.0,5560.41
2022-06-09,RS,Novi Sad,pm25,48,3.0,85.0,10.0,4042.27
2022-06-09,RS,Niš,pm25,48,14.0,49.0,24.0,973.97
2022-06-09,RS,Belgrade,pm25,120,17.0,53.0,32.0,953.94
2022-06-09,CY,Nicosia,pm25,24,51.0,99.0,65.0,1978.24
2022-06-09,CY,Limassol,pm25,24,51.0,72.0,59.0,489.98
2022-06-09,HR,Zagreb,pm25,24,5.0,58.0,22.0,2432.45
2022-06-09,HR,Rijeka,pm25,73,4.0,21.0,10.0,147.51
2022-06-09,MK,Skopje,pm25,163,5.0,65.0,38.0,2048.93
2022-06-10,GE,Tbilisi,pm25,96,27.0,86.0,46.0,1735.05
2022-06-10,HU,Győr,pm25,46,13.0,55.0,30.0,1729.62
2022-06-10,HU,Szeged,pm25,21,30.0,57.0,50.0,936.57
2022-06-10,HU,Kecskemét,pm25,46,25.0,55.0,42.0,767.07
2022-06-10,HU,Miskolc,pm25,115,30.0,74.0,46.0,1047.87
2022-06-10,HU,Budapest,pm25,341,21.0,57.0,38.0,840.67
2022-06-10,JP,Fukuoka,pm25,405,5.0,152.0,65.0,3866.67
2022-06-10,JP,Kanazawa,pm25,211,5.0,70.0,30.0,1640.7
2022-06-10,JP,Kumamoto,pm25,376,5.0,155.0,72.0,5261.93
2022-06-10,JP,Akita,pm25,43,9.0,78.0,25.0,1728.07
2022-06-10,JP,Kochi,pm25,48,13.0,65.0,42.0,2540.0
2022-06-10,JP,Gifu-shi,pm25,159,5.0,80.0,34.0,2343.99
2022-06-10,JP,Kyoto,pm25,563,5.0,82.0,55.0,1374.41
2022-06-10,JP,Hiroshima,pm25,333,9.0,104.0,63.0,1857.48
2022-06-10,JP,Shizuoka,pm25,229,5.0,74.0,30.0,2098.72
2022-06-10,JP,Chiba,pm25,738,5.0,119.0,25.0,3065.97
2022-06-10,JP,Sapporo,pm25,186,5.0,72.0,21.0,1393.2
2022-06-10,JP,Yokohama,pm25,518,1.0,119.0,30.0,5360.25
2022-06-10,JP,Tokyo,pm25,2478,1.0,124.0,38.0,2725.28
2022-06-10,JP,Saitama,pm25,483,5.0,76.0,38.0,2080.43
2022-06-10,JP,Naha,pm25,141,5.0,55.0,13.0,519.9
2022-06-10,JP,Nagasaki,pm25,192,5.0,99.0,68.0,1211.43
2022-06-10,JP,Toyama,pm25,178,5.0,82.0,34.0,2494.23
2022-06-10,JP,Niigata,pm25,213,5.0,55.0,21.0,804.21
2022-06-10,JP,Nara-shi,pm25,189,17.0,169.0,53.0,1514.24
2022-06-10,JP,Okayama,pm25,283,21.0,109.0,61.0,1602.36
2022-06-10,JP,Sendai,pm25,463,5.0,61.0,21.0,788.37
2022-06-10,JP,Osaka,pm25,1439,5.0,102.0,42.0,1740.62
2022-06-10,JP,Miyazaki,pm25,136,5.0,99.0,53.0,2570.01
2022-06-10,JP,Matsuyama,pm25,168,5.0,127.0,63.0,2477.13
2022-06-10,JP,Wakayama,pm25,284,17.0,87.0,34.0,960.39
2022-06-10,JP,Takamatsu,pm25,237,17.0,95.0,55.0,1341.0
2022-06-10,JP,Nagoya,pm25,776,5.0,78.0,34.0,1207.54
2022-06-10,JP,Ōita,pm25,263,5.0,93.0,63.0,1754.42
2022-06-10,JP,Kobe,pm25,423,9.0,80.0,38.0,1762.35
2022-06-10,JP,Nagano,pm25,68,9.0,95.0,30.0,3336.5
2022-06-10,JP,Utsunomiya,pm25,416,9.0,68.0,34.0,1645.9
2022-06-10,JP,Kagoshima,pm25,95,9.0,87.0,61.0,1330.51
2022-06-10,SK,Košice,pm25,92,17.0,157.0,59.0,7340.14
2022-06-10,SK,Bratislava,pm25,91,5.0,74.0,38.0,1704.46
2022-06-10,FI,Vantaa,pm25,24,15.0,65.0,28.0,1638.19
2022-06-10,FI,Turku,pm25,24,17.0,37.0,26.0,317.37
2022-06-10,FI,Helsinki,pm25,120,18.0,54.0,25.0,367.56
2022-06-10,FI,Tampere,pm25,96,7.0,95.0,32.0,3304.82
2022-06-10,ET,Addis Ababa,pm25,24,76.0,187.0,124.0,10257.8
2022-06-10,CH,Zürich,pm25,21,1.0,3.0,1.0,3.48
2022-06-10,CO,Bogotá,pm25,279,5.0,166.0,51.0,10183.8
2022-06-10,CO,Medellín,pm25,259,21.0,95.0,62.0,1824.43
2022-06-10,DK,Copenhagen,pm25,24,11.0,51.0,29.0,1552.75
2022-06-10,GB,Edinburgh,pm25,284,8.0,59.0,29.0,658.76
2022-06-10,GB,Norwich,pm25,23,21.0,41.0,28.0,424.03
2022-06-10,GB,Liverpool,pm25,35,25.0,51.0,34.0,477.61
2022-06-10,GB,Belfast,pm25,64,21.0,50.0,38.0,334.25
2022-06-10,GB,Coventry,pm25,67,22.0,101.0,40.0,928.56
2022-06-10,GB,Leeds,pm25,42,30.0,53.0,42.0,401.93
2022-06-10,GB,Cardiff,pm25,126,21.0,65.0,42.0,1377.39
2022-06-10,GB,Bristol,pm25,71,30.0,63.0,53.0,735.52
2022-06-10,GB,London,pm25,523,9.0,74.0,39.0,1719.96
2022-06-10,GB,Birmingham,pm25,42,30.0,50.0,38.0,361.86
2022-06-10,GB,Sheffield,pm25,74,21.0,43.0,34.0,382.47
2022-06-10,GB,Newport,pm25,42,30.0,53.0,42.0,425.88
2022-06-10,GB,Leicester,pm25,20,28.0,51.0,43.0,487.87
2022-06-10,GB,Manchester,pm25,81,21.0,53.0,41.0,584.07
2022-06-10,GB,Reading,pm25,34,5.0,30.0,17.0,489.98
2022-06-10,GB,Plymouth,pm25,45,17.0,56.0,49.0,1712.0
2022-06-10,GB,Glasgow,pm25,572,11.0,47.0,30.0,559.05
2022-06-10,GB,Preston,pm25,40,22.0,51.0,38.0,551.77
2022-06-10,GB,Swansea,pm25,135,21.0,95.0,53.0,1989.62
2022-06-10,GB,Southend-on-Sea,pm25,48,10.0,46.0,31.0,895.16
2022-06-10,ID,Jakarta,pm25,69,38.0,142.0,87.0,5934.09
2022-06-10,NP,Kathmandu,pm25,72,102.0,154.0,132.0,2189.67
2022-06-10,NP,Pokhara,pm25,24,33.0,88.0,73.0,2684.93
2022-06-10,AU,Sydney,pm25,146,1.0,44.0,14.0,807.07
2022-06-10,AU,Newcastle,pm25,113,1.0,36.0,10.0,504.66
2022-06-10,AU,Launceston,pm25,119,5.0,149.0,13.0,6736.2
2022-06-10,AU,Hobart,pm25,47,5.0,17.0,5.0,94.28
2022-06-10,AU,Darwin,pm25,59,6.0,141.0,49.0,7829.43
2022-06-10,AU,Melbourne,pm25,153,1.0,59.0,18.0,1392.47
2022-06-10,AU,Canberra,pm25,61,1.0,72.0,14.0,2206.54
2022-06-10,AU,Adelaide,pm25,81,5.0,44.0,13.0,777.75
2022-06-10,AU,Brisbane,pm25,197,1.0,35.0,11.0,272.61
2022-06-10,AU,Perth,pm25,63,2.0,15.0,5.0,225.66
2022-06-10,AU,Wollongong,pm25,41,1.0,27.0,9.0,392.94
2022-06-10,CI,Abidjan,pm25,23,42.0,117.0,59.0,4181.82
2022-06-10,GH,Accra,pm25,24,30.0,97.0,70.0,3859.06
2022-06-10,IQ,Baghdad,pm25,24,119.0,393.0,183.0,89625.2
2022-06-10,IS,Reykjavík,pm25,95,7.0,153.0,29.0,22589.3
2022-06-10,NL,Utrecht,pm25,46,11.0,76.0,39.0,1852.62
2022-06-10,NL,Nijmegen,pm25,33,16.0,65.0,30.0,1807.18
2022-06-10,NL,Haarlem,pm25,140,1.0,77.0,28.0,2140.99
2022-06-10,NL,Eindhoven,pm25,24,7.0,79.0,53.0,2817.97
2022-06-10,NL,Rotterdam,pm25,192,13.0,71.0,25.0,379.47
2022-06-10,NL,Amsterdam,pm25,259,2.0,73.0,27.0,1168.91
2022-06-10,NL,Dordrecht,pm25,24,9.0,52.0,29.0,1497.39
2022-06-10,NL,Breda,pm25,24,16.0,56.0,34.0,1205.8
2022-06-10,NL,Groningen,pm25,48,15.0,53.0,29.0,911.66
2022-06-10,NL,Maastricht,pm25,95,5.0,53.0,30.0,1147.06
2022-06-10,NL,The Hague,pm25,71,2.0,47.0,21.0,565.62
2022-06-10,PT,Lisbon,pm25,90,13.0,47.0,21.0,650.14
2022-06-10,PT,Funchal,pm25,67,1.0,25.0,11.0,484.11
2022-06-10,CA,Hamilton,pm25,76,9.0,63.0,17.0,1004.05
2022-06-10,CA,Calgary,pm25,83,1.0,53.0,9.0,742.56
2022-06-10,CA,Halifax,pm25,46,6.0,29.0,18.0,339.19
2022-06-10,CA,Kitchener,pm25,44,5.0,46.0,17.0,781.16
2022-06-10,CA,Edmonton,pm25,122,1.0,81.0,13.0,2022.61
2022-06-10,CA,Mississauga,pm25,58,9.0,59.0,17.0,605.67
2022-06-10,CA,Québec,pm25,171,12.0,31.0,18.0,147.24
2022-06-10,CA,Vancouver,pm25,22,2.0,22.0,5.0,228.57
2022-06-10,CA,Victoria,pm25,36,5.0,34.0,13.0,425.61
2022-06-10,CA,Montréal,pm25,374,6.0,64.0,18.0,1180.8
2022-06-10,CA,Toronto,pm25,124,9.0,61.0,17.0,916.91
2022-06-10,CA,Ottawa,pm25,34,5.0,25.0,22.0,483.35
2022-06-10,CA,London,pm25,47,9.0,42.0,21.0,720.7
2022-06-10,US,Oklahoma City,pm25,96,13.0,41.0,21.0,614.21
2022-06-10,US,Raleigh,pm25,65,5.0,52.0,30.0,967.85
2022-06-10,US,Memphis,pm25,72,16.0,53.0,31.0,564.77
2022-06-10,US,Jackson,pm25,60,8.0,50.0,20.0,1201.39
2022-06-10,US,Boston,pm25,115,5.0,70.0,21.0,989.67
2022-06-10,US,Richmond,pm25,96,20.0,39.0,25.0,113.61
2022-06-10,US,Portland,pm25,163,5.0,25.0,9.0,169.72
2022-06-10,US,Boise,pm25,85,5.0,50.0,17.0,1297.75
2022-06-10,US,Austin,pm25,46,13.0,70.0,34.0,1894.65
2022-06-10,US,Honolulu,pm25,43,5.0,38.0,13.0,703.92
2022-06-10,US,Fresno,pm25,48,8.0,68.0,28.0,3167.97
2022-06-10,US,Milwaukee,pm25,144,18.0,65.0,28.0,1255.7
2022-06-10,US,Hartford,pm25,48,13.0,59.0,20.0,578.14
2022-06-10,US,Washington D.C.,pm25,119,5.0,53.0,24.0,989.4
2022-06-10,US,Chicago,pm25,239,11.0,144.0,29.0,2222.6
2022-06-10,US,Houston,pm25,96,13.0,73.0,44.0,1466.0
2022-06-10,US,Indianapolis,pm25,96,23.0,172.0,46.0,10658.7
2022-06-10,US,Atlanta,pm25,24,40.0,60.0,50.0,389.84
2022-06-10,US,Charlotte,pm25,70,9.0,53.0,25.0,749.67
2022-06-10,US,Sacramento,pm25,67,5.0,58.0,19.0,1357.74
2022-06-10,US,Oakland,pm25,112,5.0,61.0,30.0,1518.38
2022-06-10,US,Providence,pm25,21,5.0,38.0,17.0,1001.9
2022-06-10,US,Staten Island,pm25,110,1.0,68.0,17.0,1684.67
2022-06-10,US,Brooklyn,pm25,96,2.0,52.0,12.0,995.21
2022-06-10,US,Springfield,pm25,72,8.0,69.0,30.0,1312.96
2022-06-10,US,The Bronx,pm25,24,2.0,14.0,6.0,168.41
2022-06-10,US,San Jose,pm25,91,5.0,82.0,30.0,2584.71
2022-06-10,US,Los Angeles,pm25,21,42.0,103.0,63.0,3383.62
2022-06-10,US,Detroit,pm25,159,25.0,152.0,44.0,2091.09
2022-06-10,US,Little Rock,pm25,23,1.0,59.0,45.0,2298.74
2022-06-10,US,Baltimore,pm25,48,17.0,67.0,30.0,1082.76
2022-06-10,US,Phoenix,pm25,176,2.0,78.0,27.0,1375.12
2022-06-10,US,Omaha,pm25,24,17.0,53.0,25.0,1213.91
2022-06-10,US,El Paso,pm25,158,5.0,102.0,46.0,3247.77
2022-06-10,US,Dallas,pm25,24,13.0,63.0,42.0,1780.27
2022-06-10,US,Seattle,pm25,228,3.0,50.0,13.0,725.05
2022-06-10,US,Manhattan,pm25,58,3.0,49.0,15.0,857.82
2022-06-10,US,Miami,pm25,94,12.0,52.0,28.0,706.26
2022-06-10,US,Jacksonville,pm25,144,19.0,61.0,36.0,992.55
2022-06-10,US,San Antonio,pm25,94,12.0,81.0,39.0,2059.83
2022-06-10,US,Philadelphia,pm25,89,4.0,70.0,24.0,1516.95
2022-06-10,US,San Diego,pm25,24,28.0,75.0,55.0,2048.1
2022-06-10,US,Columbus,pm25,48,3.0,49.0,26.0,826.8
2022-06-10,US,Saint Paul,pm25,130,9.0,70.0,34.0,2571.98
2022-06-10,US,Denver,pm25,138,13.0,46.0,25.0,340.56
2022-06-10,US,Salt Lake City,pm25,216,17.0,75.0,35.0,1321.36
2022-06-10,US,Albuquerque,pm25,72,16.0,69.0,30.0,2126.82
2022-06-10,US,San Francisco,pm25,70,5.0,63.0,30.0,2690.23
2022-06-10,US,Salem,pm25,72,5.0,30.0,8.0,97.15
2022-06-10,US,Madison,pm25,48,18.0,35.0,23.0,173.55
2022-06-10,US,Nashville,pm25,73,5.0,49.0,31.0,881.38
2022-06-10,US,Tucson,pm25,164,5.0,57.0,30.0,1163.0
2022-06-10,US,Queens,pm25,88,1.0,45.0,17.0,948.15
2022-06-10,US,Tallahassee,pm25,69,1.0,72.0,37.0,2870.72
2022-06-10,US,Fort Worth,pm25,47,5.0,72.0,50.0,2303.78
2022-06-10,RS,Novi Sad,pm25,48,3.0,60.0,20.0,4472.19
2022-06-10,RS,Niš,pm25,48,12.0,48.0,30.0,926.17
2022-06-10,RS,Belgrade,pm25,120,22.0,86.0,47.0,1430.25
2022-06-10,CY,Nicosia,pm25,24,35.0,80.0,55.0,1076.52
2022-06-10,CY,Limassol,pm25,24,36.0,66.0,53.0,576.45
2022-06-10,HR,Zagreb,pm25,23,5.0,33.0,18.0,815.89
2022-06-10,HR,Rijeka,pm25,52,3.0,20.0,7.0,144.45
2022-06-10,MK,Skopje,pm25,161,5.0,158.0,43.0,17285.5
2022-06-11,GE,Tbilisi,pm25,96,32.0,85.0,44.0,2347.74
2022-06-11,HU,Győr,pm25,44,13.0,65.0,25.0,2151.54
2022-06-11,HU,Szeged,pm25,23,30.0,53.0,42.0,698.38
2022-06-11,HU,Kecskemét,pm25,46,21.0,63.0,50.0,2137.08
2022-06-11,HU,Miskolc,pm25,105,17.0,65.0,42.0,1291.11
2022-06-11,HU,Budapest,pm25,324,13.0,57.0,34.0,987.61
2022-06-11,JP,Fukuoka,pm25,406,5.0,97.0,55.0,1855.26
2022-06-11,JP,Kanazawa,pm25,236,5.0,70.0,46.0,1616.56
2022-06-11,JP,Kumamoto,pm25,323,5.0,104.0,34.0,4459.68
2022-06-11,JP,Akita,pm25,46,5.0,68.0,34.0,2344.33
2022-06-11,JP,Kochi,pm25,48,17.0,70.0,34.0,1674.02
2022-06-11,JP,Gifu-shi,pm25,155,5.0,89.0,38.0,2186.36
2022-06-11,JP,Kyoto,pm25,563,5.0,68.0,46.0,847.88
2022-06-11,JP,Hiroshima,pm25,335,5.0,99.0,57.0,2097.17
2022-06-11,JP,Shizuoka,pm25,241,5.0,68.0,25.0,1188.95
2022-06-11,JP,Chiba,pm25,711,5.0,80.0,21.0,1711.4
2022-06-11,JP,Sapporo,pm25,179,5.0,74.0,17.0,1253.81
2022-06-11,JP,Yokohama,pm25,503,1.0,68.0,17.0,1330.17
2022-06-11,JP,Tokyo,pm25,2496,1.0,97.0,25.0,1389.83
2022-06-11,JP,Saitama,pm25,491,5.0,65.0,30.0,1521.21
2022-06-11,JP,Naha,pm25,142,5.0,46.0,21.0,368.23
2022-06-11,JP,Nagasaki,pm25,189,5.0,78.0,38.0,2926.15
2022-06-11,JP,Toyama,pm25,191,5.0,61.0,34.0,1525.79
2022-06-11,JP,Niigata,pm25,214,5.0,53.0,30.0,858.61
2022-06-11,JP,Nara-shi,pm25,192,9.0,122.0,46.0,1061.91
2022-06-11,JP,Okayama,pm25,283,13.0,72.0,42.0,1140.23
2022-06-11,JP,Sendai,pm25,476,9.0,68.0,38.0,1417.92
2022-06-11,JP,Osaka,pm25,1435,5.0,78.0,42.0,1042.99
2022-06-11,JP,Miyazaki,pm25,129,5.0,68.0,21.0,3288.92
2022-06-11,JP,Matsuyama,pm25,166,13.0,91.0,53.0,2837.25
2022-06-11,JP,Wakayama,pm25,278,17.0,97.0,46.0,923.76
2022-06-11,JP,Takamatsu,pm25,239,9.0,74.0,46.0,1505.8
2022-06-11,JP,Nagoya,pm25,782,1.0,82.0,30.0,844.29
2022-06-11,JP,Ōita,pm25,256,5.0,72.0,38.0,2759.84
2022-06-11,JP,Kobe,pm25,418,9.0,65.0,42.0,1199.59
2022-06-11,JP,Nagano,pm25,69,13.0,61.0,34.0,1544.89
2022-06-11,JP,Utsunomiya,pm25,423,5.0,63.0,34.0,1268.79
2022-06-11,JP,Kagoshima,pm25,91,5.0,50.0,21.0,1429.86
2022-06-11,SK,Košice,pm25,96,30.0,151.0,53.0,5033.13
2022-06-11,SK,Bratislava,pm25,86,9.0,57.0,34.0,968.44
2022-06-11,FI,Vantaa,pm25,23,3.0,51.0,29.0,1599.53
2022-06-11,FI,Turku,pm25,24,9.0,38.0,20.0,532.1
2022-06-11,FI,Helsinki,pm25,120,10.0,66.0,28.0,1208.43
2022-06-11,FI,Tampere,pm25,96,2.0,57.0,24.0,1131.16
2022-06-11,ET,Addis Ababa,pm25,24,78.0,154.0,112.0,6024.33
2022-06-11,CH,Zürich,pm25,23,1.0,3.0,1.0,8.14
2022-06-11,CO,Bogotá,pm25,302,5.0,119.0,38.0,4954.03
2022-06-11,CO,Medellín,pm25,310,25.0,93.0,55.0,1784.13
2022-06-11,DK,Copenhagen,pm25,24,12.0,40.0,28.0,679.93
2022-06-11,GB,Edinburgh,pm25,283,13.0,53.0,20.0,422.57
2022-06-11,GB,Norwich,pm25,15,23.0,43.0,30.0,202.1
2022-06-11,GB,Liverpool,pm25,31,17.0,38.0,30.0,367.29
2022-06-11,GB,Belfast,pm25,58,18.0,35.0,27.0,114.11
2022-06-11,GB,Coventry,pm25,37,19.0,42.0,34.0,326.76
2022-06-11,GB,Leeds,pm25,35,25.0,53.0,34.0,399.04
2022-06-11,GB,Cardiff,pm25,97,13.0,112.0,30.0,1955.07
2022-06-11,GB,Bristol,pm25,63,25.0,57.0,38.0,499.74
2022-06-11,GB,London,pm25,537,5.0,99.0,36.0,1408.98
2022-06-11,GB,Birmingham,pm25,28,25.0,39.0,34.0,217.57
2022-06-11,GB,Sheffield,pm25,53,17.0,46.0,29.0,322.09
2022-06-11,GB,Newport,pm25,48,24.0,46.0,32.0,380.49
2022-06-11,GB,Leicester,pm25,16,24.0,55.0,38.0,644.96
2022-06-11,GB,Manchester,pm25,81,17.0,41.0,32.0,251.28
2022-06-11,GB,Reading,pm25,33,5.0,17.0,9.0,117.58
2022-06-11,GB,Plymouth,pm25,31,17.0,61.0,38.0,1127.29
2022-06-11,GB,Glasgow,pm25,572,9.0,45.0,25.0,262.85
2022-06-11,GB,Preston,pm25,42,23.0,44.0,32.0,257.54
2022-06-11,GB,Swansea,pm25,167,13.0,99.0,42.0,2954.05
2022-06-11,GB,Southend-on-Sea,pm25,42,26.0,46.0,37.0,243.19
2022-06-11,ID,Jakarta,pm25,71,42.0,162.0,89.0,9048.46
2022-06-11,NP,Kathmandu,pm25,72,97.0,153.0,125.0,1657.13
2022-06-11,NP,Pokhara,pm25,24,51.0,155.0,60.0,7608.62
2022-06-11,AU,Sydney,pm25,144,1.0,73.0,14.0,1285.33
2022-06-11,AU,Newcastle,pm25,120,1.0,40.0,12.0,536.74
2022-06-11,AU,Launceston,pm25,125,5.0,124.0,9.0,3802.85
2022-06-11,AU,Hobart,pm25,47,5.0,17.0,5.0,182.5
2022-06-11,AU,Darwin,pm25,48,18.0,156.0,56.0,7223.55
2022-06-11,AU,Melbourne,pm25,166,3.0,60.0,24.0,1117.99
2022-06-11,AU,Canberra,pm25,52,1.0,51.0,13.0,1304.9
2022-06-11,AU,Adelaide,pm25,88,5.0,53.0,17.0,1169.92
2022-06-11,AU,Brisbane,pm25,207,1.0,39.0,11.0,330.48
2022-06-11,AU,Perth,pm25,69,2.0,30.0,7.0,317.01
2022-06-11,AU,Wollongong,pm25,33,1.0,55.0,12.0,1374.96
2022-06-11,CI,Abidjan,pm25,24,25.0,95.0,46.0,5055.92
2022-06-11,GH,Accra,pm25,24,17.0,117.0,53.0,6073.91
2022-06-11,IQ,Baghdad,pm25,24,132.0,197.0,155.0,1943.89
2022-06-11,IS,Reykjavík,pm25,94,6.0,40.0,12.0,671.27
2022-06-11,NL,Utrecht,pm25,47,6.0,72.0,39.0,1911.98
2022-06-11,NL,Nijmegen,pm25,24,22.0,62.0,39.0,1212.88
2022-06-11,NL,Haarlem,pm25,143,11.0,73.0,43.0,2061.17
2022-06-11,NL,Eindhoven,pm25,24,16.0,81.0,47.0,3320.58
2022-06-11,NL,Rotterdam,pm25,192,4.0,56.0,27.0,1844.05
2022-06-11,NL,Amsterdam,pm25,264,1.0,68.0,34.0,2019.83
2022-06-11,NL,Dordrecht,pm25,24,5.0,67.0,37.0,3562.54
2022-06-11,NL,Breda,pm25,24,6.0,59.0,34.0,2344.06
2022-06-11,NL,Groningen,pm25,48,12.0,72.0,32.0,1488.93
2022-06-11,NL,Maastricht,pm25,89,5.0,50.0,25.0,1117.95
2022-06-11,NL,The Hague,pm25,66,1.0,60.0,32.0,2311.38
2022-06-11,PT,Lisbon,pm25,96,16.0,55.0,34.0,1117.05
2022-06-11,PT,Funchal,pm25,70,1.0,37.0,15.0,1344.51
2022-06-11,CA,Hamilton,pm25,92,9.0,70.0,25.0,1780.38
2022-06-11,CA,Calgary,pm25,91,1.0,54.0,11.0,913.6
2022-06-11,CA,Halifax,pm25,46,19.0,34.0,25.0,137.59
2022-06-11,CA,Kitchener,pm25,44,9.0,55.0,25.0,998.87
2022-06-11,CA,Edmonton,pm25,128,2.0,52.0,18.0,1174.24
2022-06-11,CA,Mississauga,pm25,70,13.0,114.0,25.0,2626.75
2022-06-11,CA,Québec,pm25,163,16.0,67.0,22.0,686.47
2022-06-11,CA,Vancouver,pm25,23,4.0,10.0,7.0,40.59
2022-06-11,CA,Victoria,pm25,27,5.0,25.0,9.0,247.98
2022-06-11,CA,Montréal,pm25,338,9.0,93.0,21.0,1805.85
2022-06-11,CA,Toronto,pm25,137,13.0,65.0,30.0,1239.7
2022-06-11,CA,Ottawa,pm25,59,9.0,30.0,20.0,282.09
2022-06-11,CA,London,pm25,47,9.0,91.0,30.0,5145.14
2022-06-11,US,Oklahoma City,pm25,96,22.0,57.0,38.0,1067.18
2022-06-11,US,Raleigh,pm25,72,21.0,74.0,46.0,986.6
2022-06-11,US,Memphis,pm25,72,22.0,59.0,32.0,586.1
2022-06-11,US,Jackson,pm25,72,10.0,58.0,23.0,1148.04
2022-06-11,US,Boston,pm25,123,9.0,63.0,21.0,1038.76
2022-06-11,US,Richmond,pm25,96,26.0,51.0,42.0,367.73
2022-06-11,US,Portland,pm25,165,5.0,37.0,12.0,261.33
2022-06-11,US,Boise,pm25,76,5.0,50.0,17.0,967.51
2022-06-11,US,Austin,pm25,47,9.0,61.0,34.0,1855.02
2022-06-11,US,Honolulu,pm25,42,5.0,50.0,17.0,1003.12
2022-06-11,US,Fresno,pm25,33,1.0,34.0,12.0,607.16
2022-06-11,US,Milwaukee,pm25,144,12.0,65.0,35.0,941.49
2022-06-11,US,Hartford,pm25,48,19.0,54.0,29.0,779.29
2022-06-11,US,Washington D.C.,pm25,120,9.0,57.0,34.0,1183.28
2022-06-11,US,Chicago,pm25,240,18.0,88.0,38.0,1294.69
2022-06-11,US,Houston,pm25,96,13.0,69.0,42.0,1618.5
2022-06-11,US,Indianapolis,pm25,96,24.0,83.0,50.0,1597.76
2022-06-11,US,Atlanta,pm25,24,54.0,65.0,58.0,96.5
2022-06-11,US,Charlotte,pm25,71,17.0,57.0,42.0,628.85
2022-06-11,US,Sacramento,pm25,57,3.0,63.0,11.0,756.58
2022-06-11,US,Oakland,pm25,93,5.0,68.0,13.0,1045.7
2022-06-11,US,Providence,pm25,24,5.0,59.0,30.0,2228.41
2022-06-11,US,Staten Island,pm25,118,9.0,53.0,33.0,991.3
2022-06-11,US,Brooklyn,pm25,119,3.0,59.0,23.0,1573.38
2022-06-11,US,Springfield,pm25,72,10.0,66.0,33.0,1281.02
2022-06-11,US,The Bronx,pm25,46,3.0,25.0,13.0,541.02
2022-06-11,US,San Jose,pm25,82,5.0,61.0,13.0,1114.31
2022-06-11,US,Los Angeles,pm25,24,34.0,78.0,55.0,1223.75
2022-06-11,US,Detroit,pm25,168,23.0,82.0,44.0,1603.32
2022-06-11,US,Little Rock,pm25,24,22.0,56.0,47.0,1098.68
2022-06-11,US,Baltimore,pm25,43,9.0,75.0,44.0,1888.54
2022-06-11,US,Phoenix,pm25,167,4.0,92.0,30.0,2062.99
2022-06-11,US,Omaha,pm25,24,17.0,72.0,30.0,2188.41
2022-06-11,US,El Paso,pm25,158,13.0,78.0,42.0,2885.15
2022-06-11,US,Dallas,pm25,24,9.0,38.0,25.0,563.75
2022-06-11,US,Seattle,pm25,212,3.0,74.0,12.0,1052.81
2022-06-11,US,Manhattan,pm25,69,1.0,53.0,25.0,1354.97
2022-06-11,US,Miami,pm25,94,12.0,48.0,28.0,801.43
2022-06-11,US,Jacksonville,pm25,144,16.0,57.0,30.0,383.29
2022-06-11,US,San Antonio,pm25,93,3.0,107.0,35.0,2961.29
2022-06-11,US,Philadelphia,pm25,94,12.0,59.0,32.0,1164.35
2022-06-11,US,San Diego,pm25,24,27.0,59.0,45.0,801.74
2022-06-11,US,Columbus,pm25,48,15.0,53.0,27.0,624.57
2022-06-11,US,Saint Paul,pm25,125,5.0,53.0,21.0,1343.13
2022-06-11,US,Denver,pm25,138,9.0,38.0,21.0,393.7
2022-06-11,US,Salt Lake City,pm25,216,15.0,83.0,31.0,1241.85
2022-06-11,US,Albuquerque,pm25,50,3.0,57.0,34.0,1256.69
2022-06-11,US,San Francisco,pm25,62,5.0,55.0,17.0,1446.66
2022-06-11,US,Salem,pm25,72,6.0,21.0,9.0,80.49
2022-06-11,US,Madison,pm25,48,19.0,54.0,28.0,841.12
2022-06-11,US,Nashville,pm25,72,13.0,65.0,38.0,845.54
2022-06-11,US,Tucson,pm25,164,5.0,85.0,25.0,1923.7
2022-06-11,US,Queens,pm25,96,5.0,56.0,28.0,1640.35
2022-06-11,US,Tallahassee,pm25,65,6.0,79.0,33.0,2276.95
2022-06-11,US,Fort Worth,pm25,48,1.0,59.0,36.0,1048.83
2022-06-11,RS,Novi Sad,pm25,48,4.0,59.0,8.0,4641.26
2022-06-11,RS,Niš,pm25,48,28.0,77.0,60.0,1820.53
2022-06-11,RS,Belgrade,pm25,120,33.0,69.0,53.0,644.41
2022-06-11,CY,Nicosia,pm25,24,34.0,62.0,54.0,880.71
2022-06-11,CY,Limassol,pm25,24,26.0,60.0,45.0,798.68
2022-06-11,HR,Zagreb,pm25,24,20.0,65.0,24.0,1727.23
2022-06-11,HR,Rijeka,pm25,24,12.0,30.0,21.0,249.56
2022-06-11,MK,Skopje,pm25,166,5.0,158.0,51.0,18689.9
2022-06-12,GE,Tbilisi,pm25,96,40.0,84.0,47.0,1592.12
2022-06-12,HU,Győr,pm25,44,5.0,46.0,21.0,1431.14
2022-06-12,HU,Szeged,pm25,23,17.0,53.0,34.0,1506.76
2022-06-12,HU,Kecskemét,pm25,38,21.0,57.0,46.0,1696.27
2022-06-12,HU,Miskolc,pm25,103,13.0,76.0,25.0,1883.34
2022-06-12,HU,Budapest,pm25,282,13.0,57.0,30.0,551.35
2022-06-12,JP,Fukuoka,pm25,399,5.0,97.0,57.0,1537.37
2022-06-12,JP,Kanazawa,pm25,222,5.0,78.0,25.0,1484.93
2022-06-12,JP,Kumamoto,pm25,368,5.0,162.0,57.0,6048.38
2022-06-12,JP,Akita,pm25,42,9.0,68.0,30.0,1749.38
2022-06-12,JP,Kochi,pm25,48,5.0,76.0,42.0,1661.38
2022-06-12,JP,Gifu-shi,pm25,156,5.0,74.0,34.0,2244.2
2022-06-12,JP,Kyoto,pm25,552,5.0,65.0,38.0,1483.11
2022-06-12,JP,Hiroshima,pm25,331,5.0,82.0,46.0,2052.37
2022-06-12,JP,Shizuoka,pm25,228,9.0,87.0,34.0,2452.97
2022-06-12,JP,Chiba,pm25,737,5.0,93.0,25.0,2177.97
2022-06-12,JP,Sapporo,pm25,165,5.0,42.0,9.0,804.61
2022-06-12,JP,Yokohama,pm25,533,1.0,99.0,30.0,2403.38
2022-06-12,JP,Tokyo,pm25,2510,1.0,104.0,30.0,1331.0
2022-06-12,JP,Saitama,pm25,487,5.0,68.0,30.0,1096.53
2022-06-12,JP,Naha,pm25,125,5.0,21.0,9.0,194.13
2022-06-12,JP,Nagasaki,pm25,191,25.0,82.0,57.0,757.37
2022-06-12,JP,Toyama,pm25,187,5.0,57.0,25.0,1233.27
2022-06-12,JP,Niigata,pm25,212,9.0,57.0,30.0,877.09
2022-06-12,JP,Nara-shi,pm25,187,9.0,61.0,38.0,1420.22
2022-06-12,JP,Okayama,pm25,285,5.0,76.0,50.0,1572.54
2022-06-12,JP,Sendai,pm25,480,5.0,55.0,30.0,1482.98
2022-06-12,JP,Osaka,pm25,1430,5.0,76.0,34.0,1451.58
2022-06-12,JP,Miyazaki,pm25,128,5.0,109.0,53.0,4610.96
2022-06-12,JP,Matsuyama,pm25,166,13.0,95.0,55.0,2315.07
2022-06-12,JP,Wakayama,pm25,284,9.0,74.0,34.0,1274.46
2022-06-12,JP,Takamatsu,pm25,238,9.0,68.0,46.0,1540.75
2022-06-12,JP,Nagoya,pm25,779,1.0,157.0,34.0,1624.97
2022-06-12,JP,Ōita,pm25,262,5.0,76.0,53.0,1809.78
2022-06-12,JP,Kobe,pm25,416,5.0,70.0,34.0,1409.9
2022-06-12,JP,Nagano,pm25,66,5.0,42.0,25.0,801.69
2022-06-12,JP,Utsunomiya,pm25,424,5.0,76.0,25.0,1147.13
2022-06-12,JP,Kagoshima,pm25,91,5.0,61.0,21.0,2514.49
2022-06-12,SK,Košice,pm25,96,13.0,144.0,46.0,5847.49
2022-06-12,SK,Bratislava,pm25,95,21.0,65.0,38.0,688.31
2022-06-12,FI,Vantaa,pm25,22,8.0,50.0,26.0,1118.81
2022-06-12,FI,Turku,pm25,24,19.0,28.0,23.0,45.49
2022-06-12,FI,Helsinki,pm25,120,13.0,39.0,28.0,291.66
2022-06-12,FI,Tampere,pm25,96,9.0,35.0,22.0,340.73
2022-06-12,ET,Addis Ababa,pm25,24,63.0,154.0,87.0,4064.33
2022-06-12,CH,Zürich,pm25,23,1.0,3.0,2.0,5.89
2022-06-12,CO,Bogotá,pm25,298,5.0,107.0,25.0,3979.07
2022-06-12,CO,Medellín,pm25,246,17.0,76.0,50.0,1315.51
2022-06-12,DK,Copenhagen,pm25,24,6.0,57.0,20.0,1013.84
2022-06-12,GB,Edinburgh,pm25,285,4.0,53.0,14.0,836.6
2022-06-12,GB,Norwich,pm25,22,22.0,32.0,25.0,74.98
2022-06-12,GB,Liverpool,pm25,30,5.0,43.0,30.0,1090.99
2022-06-12,GB,Belfast,pm25,48,8.0,45.0,25.0,671.05
2022-06-12,GB,Coventry,pm25,54,19.0,34.0,26.0,146.57
2022-06-12,GB,Leeds,pm25,36,13.0,59.0,34.0,768.16
2022-06-12,GB,Cardiff,pm25,95,21.0,57.0,34.0,947.74
2022-06-12,GB,Bristol,pm25,72,21.0,57.0,42.0,689.72
2022-06-12,GB,London,pm25,547,5.0,87.0,33.0,1107.49
2022-06-12,GB,Birmingham,pm25,36,21.0,34.0,28.0,139.71
2022-06-12,GB,Sheffield,pm25,68,5.0,43.0,25.0,437.15
2022-06-12,GB,Newport,pm25,45,25.0,42.0,33.0,147.04
2022-06-12,GB,Leicester,pm25,19,22.0,52.0,30.0,531.64
2022-06-12,GB,Manchester,pm25,70,12.0,50.0,32.0,927.1
2022-06-12,GB,Reading,pm25,37,5.0,34.0,13.0,754.79
2022-06-12,GB,Plymouth,pm25,33,9.0,42.0,30.0,554.89
2022-06-12,GB,Glasgow,pm25,572,6.0,50.0,18.0,669.04
2022-06-12,GB,Preston,pm25,38,12.0,48.0,34.0,952.12
2022-06-12,GB,Swansea,pm25,165,21.0,107.0,42.0,1955.66
2022-06-12,GB,Southend-on-Sea,pm25,42,20.0,39.0,30.0,174.59
2022-06-12,ID,Jakarta,pm25,71,53.0,157.0,107.0,7566.82
2022-06-12,NP,Kathmandu,pm25,72,55.0,156.0,114.0,6234.52
2022-06-12,NP,Pokhara,pm25,24,56.0,93.0,64.0,799.71
2022-06-12,AU,Sydney,pm25,158,1.0,75.0,13.0,1180.4
2022-06-12,AU,Newcastle,pm25,137,2.0,40.0,14.0,710.3
2022-06-12,AU,Launceston,pm25,109,5.0,209.0,9.0,21264.0
2022-06-12,AU,Hobart,pm25,49,5.0,57.0,5.0,765.58
2022-06-12,AU,Darwin,pm25,48,48.0,173.0,118.0,14281.7
2022-06-12,AU,Melbourne,pm25,149,1.0,46.0,18.0,1007.57
2022-06-12,AU,Canberra,pm25,41,4.0,44.0,14.0,1173.1
2022-06-12,AU,Adelaide,pm25,85,1.0,38.0,13.0,653.24
2022-06-12,AU,Brisbane,pm25,210,1.0,57.0,11.0,521.21
2022-06-12,AU,Perth,pm25,76,2.0,23.0,7.0,224.58
2022-06-12,AU,Wollongong,pm25,41,1.0,51.0,12.0,1003.45
2022-06-12,CI,Abidjan,pm25,23,21.0,117.0,38.0,5303.56
2022-06-12,GH,Accra,pm25,24,13.0,102.0,53.0,6718.97
2022-06-12,IQ,Baghdad,pm25,24,91.0,169.0,142.0,4026.94
2022-06-12,IS,Reykjavík,pm25,86,3.0,35.0,11.0,400.57
2022-06-12,NL,Utrecht,pm25,48,1.0,99.0,34.0,2829.89
2022-06-12,NL,Nijmegen,pm25,24,9.0,60.0,35.0,1322.59
2022-06-12,NL,Haarlem,pm25,143,4.0,68.0,38.0,1031.93
2022-06-12,NL,Eindhoven,pm25,23,8.0,77.0,55.0,4001.7
2022-06-12,NL,Rotterdam,pm25,192,12.0,79.0,28.0,838.36
2022-06-12,NL,Amsterdam,pm25,263,1.0,132.0,33.0,1734.2
2022-06-12,NL,Dordrecht,pm25,24,17.0,50.0,30.0,735.2
2022-06-12,NL,Breda,pm25,24,9.0,59.0,28.0,1483.32
2022-06-12,NL,Groningen,pm25,48,12.0,89.0,28.0,1776.17
2022-06-12,NL,Maastricht,pm25,96,9.0,53.0,30.0,1024.07
2022-06-12,NL,The Hague,pm25,72,2.0,62.0,30.0,1070.7
2022-06-12,PT,Lisbon,pm25,96,18.0,58.0,35.0,939.43
2022-06-12,PT,Funchal,pm25,69,2.0,42.0,23.0,943.1
2022-06-12,CA,Hamilton,pm25,94,9.0,61.0,42.0,1666.6
2022-06-12,CA,Calgary,pm25,92,6.0,122.0,17.0,2255.26
2022-06-12,CA,Halifax,pm25,46,23.0,40.0,26.0,160.72
2022-06-12,CA,Kitchener,pm25,48,13.0,82.0,38.0,2767.44
2022-06-12,CA,Edmonton,pm25,134,1.0,70.0,21.0,2350.33
2022-06-12,CA,Mississauga,pm25,72,5.0,68.0,46.0,2687.32
2022-06-12,CA,Québec,pm25,157,18.0,62.0,29.0,723.21
2022-06-12,CA,Vancouver,pm25,22,3.0,14.0,5.0,67.38
2022-06-12,CA,Victoria,pm25,35,5.0,25.0,13.0,399.87
2022-06-12,CA,Montréal,pm25,365,15.0,69.0,35.0,1215.18
2022-06-12,CA,Toronto,pm25,135,13.0,70.0,30.0,1667.01
2022-06-12,CA,Ottawa,pm25,70,13.0,46.0,34.0,522.07
2022-06-12,CA,London,pm25,48,17.0,65.0,34.0,1829.34
2022-06-12,US,Oklahoma City,pm25,95,28.0,60.0,37.0,569.34
2022-06-12,US,Raleigh,pm25,72,5.0,65.0,48.0,1559.67
2022-06-12,US,Memphis,pm25,72,25.0,63.0,41.0,832.61
2022-06-12,US,Jackson,pm25,72,20.0,79.0,50.0,1111.73
2022-06-12,US,Boston,pm25,113,13.0,65.0,34.0,1216.03
2022-06-12,US,Richmond,pm25,96,16.0,54.0,41.0,1268.21
2022-06-12,US,Portland,pm25,164,6.0,30.0,11.0,151.76
2022-06-12,US,Boise,pm25,74,5.0,30.0,9.0,399.99
2022-06-12,US,Austin,pm25,48,42.0,112.0,70.0,2738.9
2022-06-12,US,Honolulu,pm25,46,5.0,42.0,17.0,1092.1
2022-06-12,US,Fresno,pm25,36,4.0,25.0,13.0,376.47
2022-06-12,US,Milwaukee,pm25,144,8.0,59.0,18.0,2101.83
2022-06-12,US,Hartford,pm25,48,23.0,53.0,37.0,794.18
2022-06-12,US,Washington D.C.,pm25,120,5.0,55.0,27.0,1428.41
2022-06-12,US,Chicago,pm25,240,3.0,76.0,24.0,4305.33
2022-06-12,US,Houston,pm25,94,53.0,136.0,80.0,4898.77
2022-06-12,US,Indianapolis,pm25,96,36.0,76.0,52.0,642.07
2022-06-12,US,Atlanta,pm25,10,68.0,79.0,73.0,161.78
2022-06-12,US,Charlotte,pm25,72,21.0,57.0,40.0,643.31
2022-06-12,US,Sacramento,pm25,55,1.0,40.0,9.0,731.06
2022-06-12,US,Oakland,pm25,72,5.0,59.0,9.0,1315.19
2022-06-12,US,Providence,pm25,24,21.0,55.0,34.0,1105.8
2022-06-12,US,Staten Island,pm25,116,3.0,62.0,28.0,2097.09
2022-06-12,US,Brooklyn,pm25,117,4.0,62.0,25.0,1195.87
2022-06-12,US,Springfield,pm25,71,10.0,68.0,43.0,1561.12
2022-06-12,US,The Bronx,pm25,44,4.0,28.0,19.0,401.37
2022-06-12,US,San Jose,pm25,70,5.0,30.0,13.0,356.15
2022-06-12,US,Los Angeles,pm25,24,35.0,81.0,56.0,1963.41
2022-06-12,US,Detroit,pm25,168,26.0,76.0,42.0,1233.17
2022-06-12,US,Little Rock,pm25,24,35.0,59.0,53.0,334.62
2022-06-12,US,Baltimore,pm25,48,17.0,53.0,36.0,964.96
2022-06-12,US,Phoenix,pm25,168,11.0,75.0,34.0,1366.91
2022-06-12,US,Omaha,pm25,24,13.0,30.0,17.0,231.58
2022-06-12,US,El Paso,pm25,164,9.0,154.0,31.0,6288.0
2022-06-12,US,Dallas,pm25,24,5.0,61.0,38.0,2727.17
2022-06-12,US,Seattle,pm25,235,5.0,74.0,13.0,665.62
2022-06-12,US,Manhattan,pm25,71,6.0,53.0,26.0,933.1
2022-06-12,US,Miami,pm25,77,29.0,53.0,43.0,351.38
2022-06-12,US,Jacksonville,pm25,144,15.0,59.0,30.0,925.95
2022-06-12,US,San Antonio,pm25,94,50.0,153.0,76.0,5176.52
2022-06-12,US,Philadelphia,pm25,96,4.0,143.0,33.0,3344.94
2022-06-12,US,San Diego,pm25,24,20.0,61.0,37.0,1391.29
2022-06-12,US,Columbus,pm25,48,24.0,55.0,38.0,602.34
2022-06-12,US,Saint Paul,pm25,139,5.0,59.0,21.0,831.62
2022-06-12,US,Denver,pm25,121,13.0,38.0,25.0,268.02
2022-06-12,US,Salt Lake City,pm25,216,18.0,154.0,52.0,5518.36
2022-06-12,US,Albuquerque,pm25,48,21.0,63.0,32.0,629.36
2022-06-12,US,San Francisco,pm25,53,5.0,80.0,17.0,2792.71
2022-06-12,US,Salem,pm25,72,7.0,20.0,9.0,53.96
2022-06-12,US,Madison,pm25,48,15.0,53.0,32.0,1586.59
2022-06-12,US,Nashville,pm25,71,30.0,63.0,50.0,605.57
2022-06-12,US,Tucson,pm25,168,5.0,65.0,30.0,1662.02
2022-06-12,US,Queens,pm25,96,4.0,49.0,25.0,1216.81
2022-06-12,US,Tallahassee,pm25,68,3.0,119.0,28.0,3486.31
2022-06-12,US,Fort Worth,pm25,48,8.0,68.0,50.0,1419.14
2022-06-12,RS,Novi Sad,pm25,48,3.0,57.0,8.0,4207.66
2022-06-12,RS,Niš,pm25,48,20.0,87.0,55.0,1693.51
2022-06-12,RS,Belgrade,pm25,120,20.0,67.0,43.0,1997.08
2022-06-12,CY,Nicosia,pm25,24,46.0,67.0,56.0,233.26
2022-06-12,CY,Limassol,pm25,24,36.0,59.0,49.0,395.65
2022-06-12,HR,Zagreb,pm25,23,22.0,69.0,36.0,2304.23
2022-06-12,HR,Rijeka,pm25,24,18.0,37.0,26.0,253.89
2022-06-12,MK,Skopje,pm25,167,13.0,157.0,52.0,11317.2
2022-06-13,GE,Tbilisi,pm25,96,40.0,93.0,51.0,2855.16
2022-06-13,HU,Győr,pm25,48,30.0,89.0,57.0,2419.57
2022-06-13,HU,Szeged,pm25,24,21.0,59.0,34.0,1826.07
2022-06-13,HU,Kecskemét,pm25,48,13.0,55.0,25.0,1778.65
2022-06-13,HU,Miskolc,pm25,107,9.0,59.0,30.0,1879.19
2022-06-13,HU,Budapest,pm25,320,13.0,55.0,30.0,1024.37
2022-06-13,JP,Fukuoka,pm25,402,5.0,89.0,46.0,2132.46
2022-06-13,JP,Kanazawa,pm25,193,5.0,63.0,21.0,1219.31
2022-06-13,JP,Kumamoto,pm25,353,5.0,85.0,46.0,3862.43
2022-06-13,JP,Akita,pm25,46,5.0,70.0,25.0,2582.44
2022-06-13,JP,Kochi,pm25,46,25.0,68.0,50.0,1367.0
2022-06-13,JP,Gifu-shi,pm25,154,5.0,82.0,38.0,2851.02
2022-06-13,JP,Kyoto,pm25,555,5.0,78.0,42.0,1726.8
2022-06-13,JP,Hiroshima,pm25,308,5.0,76.0,30.0,2138.22
2022-06-13,JP,Shizuoka,pm25,253,5.0,74.0,38.0,1516.03
2022-06-13,JP,Chiba,pm25,702,5.0,97.0,25.0,2488.04
2022-06-13,JP,Sapporo,pm25,187,5.0,61.0,17.0,1172.93
2022-06-13,JP,Yokohama,pm25,489,1.0,97.0,30.0,2380.55
2022-06-13,JP,Tokyo,pm25,2449,1.0,104.0,25.0,1655.96
2022-06-13,JP,Saitama,pm25,488,5.0,63.0,25.0,1152.49
2022-06-13,JP,Naha,pm25,143,5.0,50.0,17.0,527.08
2022-06-13,JP,Nagasaki,pm25,184,5.0,76.0,46.0,1962.95
2022-06-13,JP,Toyama,pm25,183,5.0,57.0,25.0,1154.48
2022-06-13,JP,Niigata,pm25,212,5.0,46.0,17.0,582.67
2022-06-13,JP,Nara-shi,pm25,184,9.0,63.0,34.0,1450.04
2022-06-13,JP,Okayama,pm25,279,5.0,65.0,38.0,1119.44
2022-06-13,JP,Sendai,pm25,399,5.0,53.0,17.0,759.38
2022-06-13,JP,Osaka,pm25,1425,5.0,122.0,34.0,1741.04
2022-06-13,JP,Miyazaki,pm25,133,5.0,78.0,50.0,2166.2
2022-06-13,JP,Matsuyama,pm25,166,9.0,87.0,50.0,1895.72
2022-06-13,JP,Wakayama,pm25,284,9.0,70.0,34.0,1389.05
2022-06-13,JP,Takamatsu,pm25,236,5.0,59.0,30.0,1281.39
2022-06-13,JP,Nagoya,pm25,778,1.0,151.0,34.0,1861.44
2022-06-13,JP,Ōita,pm25,254,5.0,85.0,50.0,2435.68
2022-06-13,JP,Kobe,pm25,415,5.0,65.0,34.0,1320.61
2022-06-13,JP,Nagano,pm25,67,5.0,55.0,21.0,1836.53
2022-06-13,JP,Utsunomiya,pm25,420,5.0,57.0,21.0,1059.28
2022-06-13,JP,Kagoshima,pm25,93,5.0,68.0,38.0,2190.09
2022-06-13,SK,Košice,pm25,96,9.0,165.0,50.0,4533.23
2022-06-13,SK,Bratislava,pm25,93,13.0,85.0,38.0,2664.06
2022-06-13,FI,Vantaa,pm25,24,13.0,46.0,22.0,717.39
2022-06-13,FI,Turku,pm25,24,11.0,26.0,21.0,186.01
2022-06-13,FI,Helsinki,pm25,120,17.0,40.0,23.0,191.34
2022-06-13,FI,Tampere,pm25,95,7.0,27.0,20.0,113.46
2022-06-13,ET,Addis Ababa,pm25,24,63.0,151.0,93.0,4038.24
2022-06-13,CH,Zürich,pm25,23,1.0,2.0,1.0,2.37
2022-06-13,CO,Bogotá,pm25,310,5.0,152.0,30.0,6385.73
2022-06-13,CO,Medellín,pm25,194,17.0,72.0,48.0,1386.4
2022-06-13,DK,Copenhagen,pm25,24,5.0,48.0,19.0,805.22
2022-06-13,GB,Edinburgh,pm25,271,5.0,53.0,23.0,563.28
2022-06-13,GB,Norwich,pm25,15,17.0,25.0,21.0,84.1
2022-06-13,GB,Liverpool,pm25,37,5.0,25.0,17.0,305.12
2022-06-13,GB,Belfast,pm25,47,15.0,40.0,21.0,310.35
2022-06-13,GB,Coventry,pm25,53,17.0,72.0,23.0,677.73
2022-06-13,GB,Leeds,pm25,38,10.0,38.0,25.0,408.34
2022-06-13,GB,Cardiff,pm25,96,17.0,42.0,30.0,567.05
2022-06-13,GB,Bristol,pm25,66,21.0,59.0,34.0,921.82
2022-06-13,GB,London,pm25,549,1.0,72.0,25.0,1413.19
2022-06-13,GB,Birmingham,pm25,36,17.0,41.0,22.0,169.78
2022-06-13,GB,Sheffield,pm25,79,5.0,37.0,21.0,204.79
2022-06-13,GB,Newport,pm25,44,13.0,30.0,19.0,167.96
2022-06-13,GB,Leicester,pm25,21,21.0,34.0,24.0,137.33
2022-06-13,GB,Manchester,pm25,75,5.0,30.0,21.0,301.21
2022-06-13,GB,Reading,pm25,35,5.0,25.0,9.0,285.58
2022-06-13,GB,Plymouth,pm25,26,9.0,30.0,17.0,463.82
2022-06-13,GB,Glasgow,pm25,569,7.0,45.0,24.0,502.7
2022-06-13,GB,Preston,pm25,43,13.0,38.0,20.0,235.35
2022-06-13,GB,Swansea,pm25,159,5.0,87.0,25.0,2178.85
2022-06-13,GB,Southend-on-Sea,pm25,39,12.0,29.0,21.0,172.73
2022-06-13,ID,Jakarta,pm25,69,42.0,154.0,89.0,9517.9
2022-06-13,NP,Kathmandu,pm25,71,61.0,157.0,123.0,4857.42
2022-06-13,NP,Pokhara,pm25,24,57.0,79.0,68.0,403.89
2022-06-13,AU,Sydney,pm25,149,1.0,108.0,26.0,5677.76
2022-06-13,AU,Newcastle,pm25,138,1.0,143.0,19.0,7879.11
2022-06-13,AU,Launceston,pm25,165,5.0,247.0,57.0,28547.4
2022-06-13,AU,Hobart,pm25,57,5.0,38.0,5.0,614.2
2022-06-13,AU,Darwin,pm25,48,30.0,156.0,87.0,16472.1
2022-06-13,AU,Melbourne,pm25,157,1.0,144.0,19.0,5743.29
2022-06-13,AU,Canberra,pm25,31,5.0,62.0,23.0,2083.98
2022-06-13,AU,Adelaide,pm25,92,1.0,65.0,17.0,2399.26
2022-06-13,AU,Brisbane,pm25,216,2.0,60.0,20.0,1748.87
2022-06-13,AU,Perth,pm25,76,2.0,19.0,6.0,155.06
2022-06-13,AU,Wollongong,pm25,38,3.0,88.0,19.0,3899.29
2022-06-13,CI,Abidjan,pm25,24,25.0,80.0,38.0,2065.2
2022-06-13,GH,Accra,pm25,24,21.0,85.0,50.0,3905.14
2022-06-13,IQ,Baghdad,pm25,14,151.0,372.0,185.0,50123.4
2022-06-13,IS,Reykjavík,pm25,72,1.0,19.0,16.0,443.75
2022-06-13,NL,Utrecht,pm25,46,2.0,66.0,31.0,2981.94
2022-06-13,NL,Nijmegen,pm25,24,10.0,56.0,29.0,1904.57
2022-06-13,NL,Haarlem,pm25,138,2.0,68.0,29.0,1093.96
2022-06-13,NL,Eindhoven,pm25,22,9.0,80.0,44.0,3835.93
2022-06-13,NL,Rotterdam,pm25,191,8.0,52.0,22.0,819.93
2022-06-13,NL,Amsterdam,pm25,250,1.0,55.0,26.0,1255.9
2022-06-13,NL,Dordrecht,pm25,20,1.0,61.0,22.0,2683.45
2022-06-13,NL,Breda,pm25,24,17.0,50.0,29.0,840.58
2022-06-13,NL,Groningen,pm25,48,2.0,57.0,18.0,1650.74
2022-06-13,NL,Maastricht,pm25,94,5.0,152.0,30.0,3325.75
2022-06-13,NL,The Hague,pm25,70,3.0,55.0,22.0,933.52
2022-06-13,PT,Lisbon,pm25,92,16.0,64.0,41.0,1509.5
2022-06-13,PT,Funchal,pm25,71,1.0,49.0,26.0,1972.66
2022-06-13,CA,Hamilton,pm25,85,5.0,55.0,17.0,1033.45
2022-06-13,CA,Calgary,pm25,92,4.0,43.0,20.0,866.45
2022-06-13,CA,Halifax,pm25,46,16.0,50.0,28.0,688.7
2022-06-13,CA,Kitchener,pm25,47,5.0,46.0,17.0,1239.54
2022-06-13,CA,Edmonton,pm25,133,5.0,55.0,20.0,1431.89
2022-06-13,CA,Mississauga,pm25,47,5.0,57.0,13.0,871.94
2022-06-13,CA,Québec,pm25,175,16.0,54.0,31.0,1037.3
2022-06-13,CA,Vancouver,pm25,23,3.0,22.0,6.0,345.65
2022-06-13,CA,Victoria,pm25,39,5.0,30.0,17.0,400.28
2022-06-13,CA,Montréal,pm25,379,9.0,65.0,33.0,1606.35
2022-06-13,CA,Toronto,pm25,134,5.0,63.0,21.0,1077.8
2022-06-13,CA,Ottawa,pm25,56,5.0,42.0,21.0,942.07
2022-06-13,CA,London,pm25,45,5.0,53.0,21.0,976.18
2022-06-13,US,Oklahoma City,pm25,96,51.0,90.0,72.0,1016.7
2022-06-13,US,Raleigh,pm25,71,13.0,65.0,51.0,2236.54
2022-06-13,US,Memphis,pm25,65,39.0,97.0,69.0,1668.74
2022-06-13,US,Jackson,pm25,71,52.0,135.0,103.0,4046.42
2022-06-13,US,Boston,pm25,123,5.0,57.0,25.0,1025.68
2022-06-13,US,Richmond,pm25,96,28.0,58.0,43.0,504.5
2022-06-13,US,Portland,pm25,160,5.0,27.0,10.0,232.69
2022-06-13,US,Boise,pm25,67,5.0,34.0,13.0,586.43
2022-06-13,US,Austin,pm25,47,55.0,142.0,99.0,3889.99
2022-06-13,US,Honolulu,pm25,44,5.0,42.0,17.0,863.78
2022-06-13,US,Fresno,pm25,42,2.0,33.0,13.0,436.36
2022-06-13,US,Milwaukee,pm25,144,12.0,64.0,28.0,2079.27
2022-06-13,US,Hartford,pm25,48,21.0,53.0,31.0,345.46
2022-06-13,US,Washington D.C.,pm25,117,5.0,57.0,36.0,1029.14
2022-06-13,US,Chicago,pm25,236,2.0,80.0,35.0,4407.82
2022-06-13,US,Houston,pm25,96,68.0,152.0,98.0,2517.45
2022-06-13,US,Indianapolis,pm25,96,26.0,88.0,55.0,1087.29
2022-06-13,US,Charlotte,pm25,71,17.0,65.0,46.0,935.71
2022-06-13,US,Sacramento,pm25,66,3.0,56.0,13.0,810.25
2022-06-13,US,Oakland,pm25,114,5.0,55.0,21.0,1418.49
2022-06-13,US,Providence,pm25,38,5.0,50.0,25.0,1094.4
2022-06-13,US,Staten Island,pm25,116,6.0,62.0,40.0,1860.17
2022-06-13,US,Brooklyn,pm25,117,3.0,69.0,32.0,2076.11
2022-06-13,US,Springfield,pm25,72,35.0,74.0,55.0,911.22
2022-06-13,US,The Bronx,pm25,46,5.0,69.0,25.0,1712.99
2022-06-13,US,San Jose,pm25,89,5.0,55.0,21.0,1365.32
2022-06-13,US,Los Angeles,pm25,24,29.0,58.0,42.0,583.48
2022-06-13,US,Detroit,pm25,168,20.0,55.0,32.0,635.07
2022-06-13,US,Little Rock,pm25,24,54.0,123.0,92.0,5685.2
2022-06-13,US,Baltimore,pm25,48,13.0,55.0,38.0,1020.53
2022-06-13,US,Phoenix,pm25,162,2.0,71.0,23.0,2464.5
2022-06-13,US,Omaha,pm25,24,13.0,68.0,46.0,1697.97
2022-06-13,US,El Paso,pm25,168,5.0,163.0,34.0,6021.45
2022-06-13,US,Dallas,pm25,24,68.0,117.0,95.0,1172.1
2022-06-13,US,Seattle,pm25,239,3.0,55.0,15.0,600.15
2022-06-13,US,Manhattan,pm25,72,5.0,65.0,28.0,1670.49
2022-06-13,US,Miami,pm25,87,35.0,64.0,49.0,369.27
2022-06-13,US,Jacksonville,pm25,143,26.0,62.0,36.0,702.74
2022-06-13,US,San Antonio,pm25,94,59.0,141.0,101.0,2796.53
2022-06-13,US,Philadelphia,pm25,94,13.0,75.0,40.0,2085.99
2022-06-13,US,San Diego,pm25,24,7.0,60.0,47.0,2300.85
2022-06-13,US,Columbus,pm25,47,24.0,65.0,46.0,849.61
2022-06-13,US,Saint Paul,pm25,132,5.0,53.0,25.0,1093.18
2022-06-13,US,Denver,pm25,155,21.0,127.0,55.0,5002.91
2022-06-13,US,Salt Lake City,pm25,216,6.0,73.0,15.0,3776.5
2022-06-13,US,Albuquerque,pm25,67,27.0,85.0,38.0,1278.47
2022-06-13,US,San Francisco,pm25,70,9.0,53.0,25.0,1065.71
2022-06-13,US,Salem,pm25,70,6.0,23.0,9.0,189.74
2022-06-13,US,Madison,pm25,48,12.0,60.0,27.0,1900.0
2022-06-13,US,Nashville,pm25,72,8.0,70.0,57.0,849.7
2022-06-13,US,Tucson,pm25,152,9.0,95.0,42.0,1699.11
2022-06-13,US,Queens,pm25,91,4.0,62.0,40.0,2546.3
2022-06-13,US,Tallahassee,pm25,67,13.0,103.0,53.0,3630.86
2022-06-13,US,Fort Worth,pm25,48,63.0,120.0,91.0,1602.41
2022-06-13,RS,Novi Sad,pm25,48,2.0,53.0,7.0,3691.17
2022-06-13,RS,Niš,pm25,48,9.0,59.0,36.0,1990.57
2022-06-13,RS,Belgrade,pm25,120,18.0,67.0,47.0,1724.72
2022-06-13,CY,Nicosia,pm25,24,54.0,70.0,63.0,241.58
2022-06-13,CY,Limassol,pm25,24,29.0,62.0,51.0,823.19
2022-06-13,HR,Zagreb,pm25,24,28.0,63.0,45.0,1392.39
2022-06-13,HR,Rijeka,pm25,24,25.0,45.0,34.0,303.7
2022-06-13,MK,Skopje,pm25,167,5.0,84.0,40.0,3581.32
2022-06-14,GE,Tbilisi,pm25,96,41.0,83.0,52.0,898.81
2022-06-14,HU,Győr,pm25,48,17.0,70.0,34.0,2612.48
2022-06-14,HU,Szeged,pm25,20,13.0,55.0,34.0,1945.76
2022-06-14,HU,Kecskemét,pm25,42,21.0,34.0,25.0,208.13
2022-06-14,HU,Miskolc,pm25,99,13.0,122.0,25.0,2195.72
2022-06-14,HU,Budapest,pm25,311,9.0,46.0,25.0,465.73
2022-06-14,JP,Fukuoka,pm25,372,5.0,85.0,17.0,1156.83
2022-06-14,JP,Kanazawa,pm25,164,5.0,57.0,34.0,1423.26
2022-06-14,JP,Kumamoto,pm25,286,5.0,72.0,13.0,1692.96
2022-06-14,JP,Akita,pm25,44,5.0,50.0,17.0,1512.47
2022-06-14,JP,Kochi,pm25,44,5.0,50.0,17.0,1425.09
2022-06-14,JP,Gifu-shi,pm25,150,5.0,65.0,30.0,2684.37
2022-06-14,JP,Kyoto,pm25,539,5.0,61.0,25.0,1821.46
2022-06-14,JP,Hiroshima,pm25,296,5.0,76.0,30.0,2435.96
2022-06-14,JP,Shizuoka,pm25,231,5.0,70.0,13.0,1406.5
2022-06-14,JP,Chiba,pm25,739,5.0,151.0,25.0,1885.86
2022-06-14,JP,Sapporo,pm25,188,5.0,68.0,25.0,1303.88
2022-06-14,JP,Yokohama,pm25,482,1.0,65.0,25.0,1370.29
2022-06-14,JP,Tokyo,pm25,2422,1.0,91.0,30.0,1095.97
2022-06-14,JP,Saitama,pm25,488,5.0,57.0,25.0,964.72
2022-06-14,JP,Naha,pm25,142,5.0,68.0,25.0,1540.1
2022-06-14,JP,Nagasaki,pm25,126,5.0,59.0,9.0,662.46
2022-06-14,JP,Toyama,pm25,190,5.0,76.0,34.0,2178.61
2022-06-14,JP,Niigata,pm25,210,5.0,57.0,21.0,997.5
2022-06-14,JP,Nara-shi,pm25,166,5.0,59.0,17.0,2155.51
2022-06-14,JP,Okayama,pm25,280,5.0,65.0,25.0,1671.56
2022-06-14,JP,Sendai,pm25,397,5.0,68.0,25.0,710.71
2022-06-14,JP,Osaka,pm25,1208,5.0,95.0,21.0,2005.56
2022-06-14,JP,Miyazaki,pm25,112,5.0,53.0,17.0,2530.24
2022-06-14,JP,Matsuyama,pm25,145,5.0,82.0,34.0,3803.54
2022-06-14,JP,Wakayama,pm25,271,5.0,61.0,34.0,2391.51
2022-06-14,JP,Takamatsu,pm25,215,5.0,57.0,21.0,1427.38
2022-06-14,JP,Nagoya,pm25,740,5.0,53.0,21.0,982.91
2022-06-14,JP,Ōita,pm25,232,5.0,57.0,30.0,2027.83
2022-06-14,JP,Kobe,pm25,385,5.0,57.0,21.0,1762.27
2022-06-14,JP,Nagano,pm25,35,5.0,50.0,9.0,917.98
2022-06-14,JP,Utsunomiya,pm25,420,5.0,53.0,21.0,1002.47
2022-06-14,JP,Kagoshima,pm25,92,5.0,30.0,13.0,337.8
2022-06-14,SK,Košice,pm25,94,13.0,93.0,42.0,2353.45
2022-06-14,SK,Bratislava,pm25,96,5.0,65.0,25.0,1696.82
2022-06-14,FI,Vantaa,pm25,24,7.0,52.0,25.0,1050.85
2022-06-14,FI,Turku,pm25,23,6.0,28.0,13.0,366.76
2022-06-14,FI,Helsinki,pm25,120,10.0,55.0,22.0,458.79
2022-06-14,FI,Tampere,pm25,89,1.0,46.0,21.0,1207.71
2022-06-14,ET,Addis Ababa,pm25,24,63.0,160.0,112.0,9755.92
2022-06-14,CH,Zürich,pm25,16,1.0,2.0,1.0,2.67
2022-06-14,CO,Bogotá,pm25,329,5.0,155.0,46.0,7096.27
2022-06-14,CO,Medellín,pm25,239,13.0,76.0,42.0,1678.3
2022-06-14,DK,Copenhagen,pm25,24,12.0,36.0,21.0,384.06
2022-06-14,GB,Edinburgh,pm25,260,5.0,61.0,13.0,478.21
2022-06-14,GB,Norwich,pm25,9,21.0,27.0,25.0,48.61
2022-06-14,GB,Liverpool,pm25,22,9.0,30.0,17.0,244.44
2022-06-14,GB,Belfast,pm25,36,17.0,30.0,23.0,88.06
2022-06-14,GB,Coventry,pm25,18,24.0,33.0,27.0,85.36
2022-06-14,GB,Leeds,pm25,26,21.0,61.0,31.0,1260.45
2022-06-14,GB,Cardiff,pm25,95,21.0,46.0,30.0,534.65
2022-06-14,GB,Bristol,pm25,61,17.0,63.0,34.0,956.54
2022-06-14,GB,London,pm25,485,7.0,86.0,32.0,1462.65
2022-06-14,GB,Birmingham,pm25,10,30.0,62.0,34.0,904.89
2022-06-14,GB,Sheffield,pm25,58,17.0,129.0,26.0,3044.95
2022-06-14,GB,Newport,pm25,38,17.0,30.0,21.0,110.78
2022-06-14,GB,Leicester,pm25,5,30.0,36.0,30.0,72.0
2022-06-14,GB,Manchester,pm25,52,9.0,38.0,25.0,473.59
2022-06-14,GB,Reading,pm25,36,5.0,30.0,13.0,580.06
2022-06-14,GB,Plymouth,pm25,28,9.0,23.0,17.0,204.34
2022-06-14,GB,Glasgow,pm25,534,9.0,33.0,16.0,133.53
2022-06-14,GB,Preston,pm25,28,15.0,34.0,21.0,216.02
2022-06-14,GB,Swansea,pm25,159,5.0,61.0,25.0,1880.05
2022-06-14,GB,Southend-on-Sea,pm25,28,20.0,46.0,28.0,612.95
2022-06-14,ID,Jakarta,pm25,61,46.0,165.0,114.0,10859.9
2022-06-14,NP,Kathmandu,pm25,71,17.0,171.0,134.0,14591.9
2022-06-14,NP,Pokhara,pm25,17,53.0,77.0,69.0,555.07
2022-06-14,AU,Sydney,pm25,164,1.0,114.0,35.0,6961.51
2022-06-14,AU,Newcastle,pm25,129,1.0,109.0,47.0,5843.03
2022-06-14,AU,Launceston,pm25,164,5.0,208.0,63.0,20298.6
2022-06-14,AU,Hobart,pm25,67,5.0,76.0,13.0,3085.01
2022-06-14,AU,Darwin,pm25,62,2.0,275.0,107.0,41765.2
2022-06-14,AU,Melbourne,pm25,144,1.0,101.0,20.0,4603.48
2022-06-14,AU,Canberra,pm25,45,4.0,89.0,21.0,3892.4
2022-06-14,AU,Adelaide,pm25,77,5.0,38.0,15.0,727.75
2022-06-14,AU,Brisbane,pm25,216,1.0,69.0,26.0,1589.11
2022-06-14,AU,Perth,pm25,74,2.0,22.0,9.0,168.75
2022-06-14,AU,Wollongong,pm25,42,3.0,61.0,21.0,2754.27
2022-06-14,CI,Abidjan,pm25,24,42.0,127.0,61.0,3859.71
2022-06-14,GH,Accra,pm25,23,38.0,117.0,61.0,3618.1
2022-06-14,IQ,Baghdad,pm25,24,158.0,200.0,168.0,1637.37
2022-06-14,IS,Reykjavík,pm25,72,2.0,19.0,12.0,118.97
2022-06-14,NL,Utrecht,pm25,45,17.0,57.0,32.0,973.62
2022-06-14,NL,Nijmegen,pm25,24,12.0,40.0,27.0,571.23
2022-06-14,NL,Haarlem,pm25,141,1.0,84.0,23.0,2288.3
2022-06-14,NL,Eindhoven,pm25,23,26.0,68.0,49.0,1793.6
2022-06-14,NL,Rotterdam,pm25,192,15.0,64.0,25.0,555.44
2022-06-14,NL,Amsterdam,pm25,237,2.0,59.0,28.0,1265.12
2022-06-14,NL,Dordrecht,pm25,17,1.0,34.0,13.0,1108.09
2022-06-14,NL,Breda,pm25,24,20.0,50.0,30.0,623.03
2022-06-14,NL,Groningen,pm25,48,2.0,39.0,22.0,959.85
2022-06-14,NL,Maastricht,pm25,94,5.0,61.0,34.0,1547.66
2022-06-14,NL,The Hague,pm25,72,2.0,65.0,20.0,870.26
2022-06-14,PT,Lisbon,pm25,95,19.0,64.0,43.0,1022.65
2022-06-14,PT,Funchal,pm25,66,2.0,42.0,22.0,836.36
2022-06-14,CA,Hamilton,pm25,88,9.0,91.0,38.0,2008.0
2022-06-14,CA,Calgary,pm25,82,1.0,12.0,4.0,54.57
2022-06-14,CA,Halifax,pm25,46,6.0,28.0,13.0,269.33
2022-06-14,CA,Kitchener,pm25,47,9.0,50.0,30.0,1384.01
2022-06-14,CA,Edmonton,pm25,134,1.0,74.0,21.0,4012.36
2022-06-14,CA,Mississauga,pm25,66,9.0,65.0,25.0,1323.31
2022-06-14,CA,Québec,pm25,154,12.0,49.0,22.0,451.01
2022-06-14,CA,Vancouver,pm25,22,8.0,24.0,15.0,265.13
2022-06-14,CA,Victoria,pm25,42,5.0,34.0,13.0,323.12
2022-06-14,CA,Montréal,pm25,374,6.0,67.0,24.0,839.39
2022-06-14,CA,Toronto,pm25,140,9.0,74.0,25.0,1621.12
2022-06-14,CA,Ottawa,pm25,69,9.0,40.0,29.0,648.06
2022-06-14,CA,London,pm25,47,9.0,38.0,21.0,578.19
2022-06-14,US,Oklahoma City,pm25,96,64.0,109.0,87.0,1532.37
2022-06-14,US,Raleigh,pm25,71,9.0,61.0,38.0,2376.4
2022-06-14,US,Memphis,pm25,69,82.0,115.0,97.0,312.19
2022-06-14,US,Jackson,pm25,72,58.0,111.0,93.0,1447.42
2022-06-14,US,Boston,pm25,111,5.0,53.0,25.0,857.85
2022-06-14,US,Richmond,pm25,96,17.0,61.0,43.0,2483.29
2022-06-14,US,Portland,pm25,166,5.0,32.0,17.0,254.49
2022-06-14,US,Boise,pm25,95,5.0,59.0,30.0,2102.62
2022-06-14,US,Austin,pm25,48,50.0,109.0,74.0,2418.87
2022-06-14,US,Honolulu,pm25,40,5.0,30.0,17.0,407.64
2022-06-14,US,Fresno,pm25,47,3.0,55.0,23.0,1084.88
2022-06-14,US,Milwaukee,pm25,144,32.0,74.0,59.0,1116.96
2022-06-14,US,Hartford,pm25,48,21.0,46.0,25.0,159.72
2022-06-14,US,Washington D.C.,pm25,120,13.0,58.0,40.0,779.81
2022-06-14,US,Chicago,pm25,239,15.0,100.0,63.0,2226.27
2022-06-14,US,Houston,pm25,95,60.0,127.0,85.0,2777.64
2022-06-14,US,Indianapolis,pm25,100,40.0,91.0,70.0,1323.36
2022-06-14,US,Atlanta,pm25,14,72.0,86.0,75.0,242.64
2022-06-14,US,Charlotte,pm25,72,13.0,70.0,38.0,1958.92
2022-06-14,US,Sacramento,pm25,69,2.0,80.0,21.0,2039.11
2022-06-14,US,Oakland,pm25,119,5.0,70.0,38.0,2554.82
2022-06-14,US,Providence,pm25,43,5.0,65.0,13.0,1675.58
2022-06-14,US,Staten Island,pm25,114,2.0,60.0,30.0,2052.28
2022-06-14,US,Brooklyn,pm25,115,2.0,44.0,16.0,1037.89
2022-06-14,US,Springfield,pm25,72,51.0,97.0,77.0,1337.46
2022-06-14,US,The Bronx,pm25,45,2.0,22.0,8.0,442.5
2022-06-14,US,San Jose,pm25,94,9.0,70.0,42.0,1836.35
2022-06-14,US,Los Angeles,pm25,24,33.0,70.0,55.0,898.53
2022-06-14,US,Detroit,pm25,167,20.0,60.0,34.0,683.93
2022-06-14,US,Little Rock,pm25,23,83.0,114.0,95.0,718.06
2022-06-14,US,Baltimore,pm25,46,17.0,59.0,38.0,1142.22
2022-06-14,US,Phoenix,pm25,150,2.0,88.0,22.0,2147.44
2022-06-14,US,Omaha,pm25,47,53.0,154.0,82.0,5146.5
2022-06-14,US,El Paso,pm25,162,5.0,103.0,38.0,3090.29
2022-06-14,US,Dallas,pm25,24,65.0,127.0,104.0,4725.63
2022-06-14,US,Seattle,pm25,252,5.0,114.0,17.0,1799.0
2022-06-14,US,Manhattan,pm25,71,2.0,48.0,17.0,833.69
2022-06-14,US,Miami,pm25,71,34.0,124.0,73.0,6608.08
2022-06-14,US,Jacksonville,pm25,144,14.0,104.0,59.0,2702.14
2022-06-14,US,San Antonio,pm25,94,52.0,104.0,80.0,1270.32
2022-06-14,US,Philadelphia,pm25,64,4.0,124.0,36.0,4768.39
2022-06-14,US,San Diego,pm25,24,46.0,111.0,56.0,2279.11
2022-06-14,US,Columbus,pm25,48,3.0,71.0,52.0,4644.04
2022-06-14,US,Saint Paul,pm25,143,5.0,95.0,55.0,5702.38
2022-06-14,US,Denver,pm25,147,25.0,70.0,42.0,1145.22
2022-06-14,US,Salt Lake City,pm25,216,6.0,56.0,19.0,1119.28
2022-06-14,US,Albuquerque,pm25,70,15.0,55.0,25.0,758.88
2022-06-14,US,San Francisco,pm25,72,9.0,72.0,38.0,2579.34
2022-06-14,US,Salem,pm25,72,9.0,23.0,14.0,168.94
2022-06-14,US,Madison,pm25,47,30.0,74.0,59.0,1780.41
2022-06-14,US,Nashville,pm25,72,53.0,118.0,84.0,3499.81
2022-06-14,US,Tucson,pm25,141,5.0,104.0,34.0,4486.85
2022-06-14,US,Queens,pm25,90,1.0,154.0,22.0,7812.86
2022-06-14,US,Tallahassee,pm25,70,3.0,142.0,73.0,7476.15
2022-06-14,US,Fort Worth,pm25,48,68.0,128.0,102.0,3568.93
2022-06-14,RS,Novi Sad,pm25,48,2.0,52.0,4.0,2376.8
2022-06-14,RS,Niš,pm25,48,13.0,59.0,37.0,2185.09
2022-06-14,RS,Belgrade,pm25,120,15.0,57.0,25.0,812.34
2022-06-14,CY,Nicosia,pm25,24,40.0,67.0,58.0,382.54
2022-06-14,CY,Limassol,pm25,24,39.0,72.0,51.0,874.18
2022-06-14,HR,Zagreb,pm25,24,22.0,60.0,27.0,1078.68
2022-06-14,HR,Rijeka,pm25,24,14.0,25.0,18.0,105.14
2022-06-14,MK,Skopje,pm25,167,5.0,82.0,35.0,3154.57
2022-06-15,GE,Tbilisi,pm25,96,34.0,67.0,51.0,672.91
2022-06-15,HU,Győr,pm25,46,25.0,91.0,46.0,2896.27
2022-06-15,HU,Szeged,pm25,24,17.0,57.0,34.0,1775.87
2022-06-15,HU,Kecskemét,pm25,40,13.0,30.0,21.0,363.97
2022-06-15,HU,Miskolc,pm25,108,13.0,61.0,25.0,1425.88
2022-06-15,HU,Budapest,pm25,247,9.0,192.0,21.0,4320.32
2022-06-15,JP,Fukuoka,pm25,381,5.0,137.0,17.0,1767.07
2022-06-15,JP,Kanazawa,pm25,159,5.0,55.0,25.0,1357.53
2022-06-15,JP,Kumamoto,pm25,297,5.0,523.0,21.0,16032.0
2022-06-15,JP,Akita,pm25,43,5.0,63.0,25.0,1455.42
2022-06-15,JP,Kochi,pm25,40,5.0,65.0,17.0,1663.69
2022-06-15,JP,Gifu-shi,pm25,144,5.0,70.0,25.0,2168.06
2022-06-15,JP,Kyoto,pm25,476,5.0,61.0,17.0,1080.68
2022-06-15,JP,Hiroshima,pm25,305,5.0,89.0,34.0,2861.38
2022-06-15,JP,Shizuoka,pm25,166,5.0,70.0,13.0,1126.51
2022-06-15,JP,Chiba,pm25,709,5.0,65.0,17.0,1318.95
2022-06-15,JP,Sapporo,pm25,206,5.0,68.0,25.0,1367.11
2022-06-15,JP,Yokohama,pm25,511,1.0,61.0,21.0,1327.15
2022-06-15,JP,Tokyo,pm25,2407,1.0,74.0,25.0,831.41
2022-06-15,JP,Saitama,pm25,494,5.0,55.0,30.0,632.51
2022-06-15,JP,Naha,pm25,136,5.0,68.0,17.0,967.84
2022-06-15,JP,Nagasaki,pm25,157,5.0,53.0,13.0,832.76
2022-06-15,JP,Toyama,pm25,183,5.0,80.0,34.0,2448.33
2022-06-15,JP,Niigata,pm25,204,5.0,53.0,13.0,846.28
2022-06-15,JP,Nara-shi,pm25,155,5.0,50.0,13.0,1668.8
2022-06-15,JP,Okayama,pm25,256,5.0,70.0,21.0,2968.47
2022-06-15,JP,Sendai,pm25,436,5.0,50.0,25.0,753.66
2022-06-15,JP,Osaka,pm25,1078,5.0,89.0,17.0,2164.14
2022-06-15,JP,Miyazaki,pm25,125,5.0,112.0,38.0,3819.16
2022-06-15,JP,Matsuyama,pm25,140,5.0,78.0,34.0,2218.47
2022-06-15,JP,Wakayama,pm25,253,5.0,63.0,17.0,1260.62
2022-06-15,JP,Takamatsu,pm25,212,5.0,61.0,21.0,1862.12
2022-06-15,JP,Nagoya,pm25,732,1.0,82.0,17.0,1244.64
2022-06-15,JP,Ōita,pm25,245,5.0,87.0,38.0,2900.5
2022-06-15,JP,Kobe,pm25,362,5.0,65.0,17.0,1892.62
2022-06-15,JP,Nagano,pm25,26,5.0,63.0,9.0,2121.35
2022-06-15,JP,Utsunomiya,pm25,425,5.0,50.0,25.0,689.87
2022-06-15,JP,Kagoshima,pm25,88,5.0,53.0,17.0,705.72
2022-06-15,SK,Košice,pm25,96,21.0,78.0,46.0,1725.5
2022-06-15,SK,Bratislava,pm25,96,21.0,57.0,42.0,711.93
2022-06-15,FI,Vantaa,pm25,22,2.0,22.0,9.0,351.34
2022-06-15,FI,Turku,pm25,24,7.0,16.0,11.0,54.78
2022-06-15,FI,Helsinki,pm25,118,6.0,58.0,13.0,288.29
2022-06-15,FI,Tampere,pm25,93,3.0,17.0,10.0,85.72
2022-06-15,ET,Addis Ababa,pm25,24,95.0,189.0,117.0,3835.58
2022-06-15,CH,Zürich,pm25,21,1.0,3.0,2.0,3.48
2022-06-15,CO,Bogotá,pm25,330,9.0,168.0,57.0,9043.95
2022-06-15,CO,Medellín,pm25,291,21.0,93.0,55.0,2419.34
2022-06-15,DK,Copenhagen,pm25,24,10.0,35.0,21.0,360.85
2022-06-15,GB,Edinburgh,pm25,273,11.0,65.0,20.0,471.16
2022-06-15,GB,Norwich,pm25,17,25.0,37.0,26.0,205.66
2022-06-15,GB,Liverpool,pm25,40,9.0,61.0,21.0,1042.15
2022-06-15,GB,Belfast,pm25,30,17.0,43.0,24.0,345.16
2022-06-15,GB,Coventry,pm25,47,25.0,61.0,34.0,925.09
2022-06-15,GB,Leeds,pm25,27,25.0,57.0,38.0,654.87
2022-06-15,GB,Cardiff,pm25,109,13.0,61.0,38.0,1427.2
2022-06-15,GB,Bristol,pm25,68,21.0,63.0,42.0,941.53
2022-06-15,GB,London,pm25,514,20.0,88.0,50.0,1878.07
2022-06-15,GB,Birmingham,pm25,42,30.0,105.0,44.0,2000.75
2022-06-15,GB,Sheffield,pm25,70,25.0,65.0,42.0,1087.7
2022-06-15,GB,Newport,pm25,41,13.0,42.0,29.0,779.51
2022-06-15,GB,Leicester,pm25,18,30.0,56.0,34.0,627.61
2022-06-15,GB,Manchester,pm25,80,13.0,74.0,34.0,1461.11
2022-06-15,GB,Reading,pm25,46,5.0,42.0,25.0,896.27
2022-06-15,GB,Plymouth,pm25,35,13.0,30.0,21.0,333.87
2022-06-15,GB,Glasgow,pm25,559,11.0,53.0,18.0,165.67
2022-06-15,GB,Preston,pm25,41,15.0,51.0,26.0,641.9
2022-06-15,GB,Swansea,pm25,168,9.0,114.0,38.0,2842.86
2022-06-15,GB,Southend-on-Sea,pm25,32,25.0,62.0,46.0,1146.09
2022-06-15,ID,Jakarta,pm25,71,50.0,199.0,156.0,14242.0
2022-06-15,NP,Kathmandu,pm25,72,30.0,168.0,137.0,19716.5
2022-06-15,AU,Sydney,pm25,160,1.0,86.0,32.0,3695.87
2022-06-15,AU,Newcastle,pm25,136,1.0,93.0,28.0,4148.1
2022-06-15,AU,Launceston,pm25,156,5.0,137.0,21.0,9293.61
2022-06-15,AU,Hobart,pm25,71,5.0,102.0,30.0,5605.71
2022-06-15,AU,Darwin,pm25,72,6.0,219.0,72.0,37699.4
2022-06-15,AU,Melbourne,pm25,98,1.0,39.0,13.0,715.08
2022-06-15,AU,Canberra,pm25,62,5.0,101.0,29.0,4816.26
2022-06-15,AU,Adelaide,pm25,88,3.0,40.0,21.0,622.38
2022-06-15,AU,Brisbane,pm25,216,3.0,71.0,29.0,2550.6
2022-06-15,AU,Perth,pm25,70,2.0,34.0,7.0,275.91
2022-06-15,AU,Wollongong,pm25,39,2.0,69.0,25.0,2750.09
2022-06-15,CI,Abidjan,pm25,24,30.0,85.0,63.0,2616.45
2022-06-15,GH,Accra,pm25,24,30.0,97.0,63.0,3105.2
2022-06-15,IQ,Baghdad,pm25,24,153.0,189.0,166.0,740.42
2022-06-15,IS,Reykjavík,pm25,72,7.0,23.0,11.0,197.02
2022-06-15,NL,Utrecht,pm25,47,21.0,75.0,39.0,1420.24
2022-06-15,NL,Nijmegen,pm25,24,20.0,49.0,35.0,516.94
2022-06-15,NL,Haarlem,pm25,141,3.0,78.0,38.0,2080.46
2022-06-15,NL,Eindhoven,pm25,24,27.0,78.0,46.0,1475.58
2022-06-15,NL,Rotterdam,pm25,183,19.0,73.0,31.0,381.83
2022-06-15,NL,Amsterdam,pm25,243,12.0,71.0,33.0,1239.91
2022-06-15,NL,Dordrecht,pm25,20,1.0,59.0,18.0,2725.76
2022-06-15,NL,Breda,pm25,14,26.0,57.0,43.0,1055.66
2022-06-15,NL,Groningen,pm25,48,6.0,52.0,32.0,974.04
2022-06-15,NL,Maastricht,pm25,96,17.0,82.0,50.0,1298.84
2022-06-15,NL,The Hague,pm25,70,12.0,66.0,34.0,1017.31
2022-06-15,PT,Lisbon,pm25,88,25.0,60.0,48.0,650.77
2022-06-15,PT,Funchal,pm25,65,1.0,31.0,17.0,601.16
2022-06-15,CA,Hamilton,pm25,96,9.0,82.0,46.0,2919.16
2022-06-15,CA,Calgary,pm25,92,3.0,63.0,31.0,2836.17
2022-06-15,CA,Halifax,pm25,46,10.0,28.0,20.0,170.22
2022-06-15,CA,Kitchener,pm25,46,9.0,158.0,57.0,21822.0
2022-06-15,CA,Edmonton,pm25,138,5.0,77.0,33.0,3626.65
2022-06-15,CA,Mississauga,pm25,72,13.0,89.0,30.0,2518.75
2022-06-15,CA,Québec,pm25,176,12.0,57.0,29.0,1284.55
2022-06-15,CA,Vancouver,pm25,23,16.0,27.0,20.0,59.37
2022-06-15,CA,Victoria,pm25,43,9.0,42.0,21.0,625.2
2022-06-15,CA,Montréal,pm25,380,6.0,73.0,22.0,1425.0
2022-06-15,CA,Toronto,pm25,136,5.0,57.0,25.0,1634.49
2022-06-15,CA,Ottawa,pm25,66,9.0,35.0,27.0,402.54
2022-06-15,CA,London,pm25,41,17.0,153.0,74.0,15413.2
2022-06-15,US,Oklahoma City,pm25,96,29.0,109.0,55.0,4143.95
2022-06-15,US,Raleigh,pm25,72,5.0,61.0,42.0,1551.89
2022-06-15,US,Memphis,pm25,72,79.0,117.0,89.0,537.98
2022-06-15,US,Jackson,pm25,72,73.0,118.0,90.0,1238.64
2022-06-15,US,Boston,pm25,127,5.0,57.0,17.0,791.07
2022-06-15,US,Richmond,pm25,90,27.0,52.0,40.0,343.86
2022-06-15,US,Portland,pm25,168,9.0,64.0,23.0,508.35
2022-06-15,US,Boise,pm25,87,5.0,46.0,21.0,1235.09
2022-06-15,US,Austin,pm25,48,17.0,80.0,61.0,1851.91
2022-06-15,US,Honolulu,pm25,36,5.0,30.0,13.0,592.79
2022-06-15,US,Fresno,pm25,46,9.0,53.0,30.0,1058.92
2022-06-15,US,Milwaukee,pm25,144,25.0,107.0,76.0,3661.92
2022-06-15,US,Hartford,pm25,48,18.0,38.0,25.0,233.46
2022-06-15,US,Washington D.C.,pm25,120,13.0,68.0,40.0,976.3
2022-06-15,US,Chicago,pm25,240,22.0,139.0,82.0,3342.03
2022-06-15,US,Houston,pm25,95,55.0,90.0,76.0,749.68
2022-06-15,US,Indianapolis,pm25,96,73.0,125.0,92.0,2063.07
2022-06-15,US,Atlanta,pm25,9,65.0,90.0,73.0,652.5
2022-06-15,US,Charlotte,pm25,71,30.0,74.0,52.0,823.96
2022-06-15,US,Sacramento,pm25,72,9.0,59.0,30.0,1008.45
2022-06-15,US,Oakland,pm25,119,9.0,78.0,55.0,2363.27
2022-06-15,US,Providence,pm25,41,5.0,46.0,13.0,665.5
2022-06-15,US,Staten Island,pm25,109,1.0,63.0,33.0,2920.75
2022-06-15,US,Brooklyn,pm25,120,1.0,54.0,20.0,1132.3
2022-06-15,US,Springfield,pm25,72,71.0,149.0,96.0,2438.68
2022-06-15,US,The Bronx,pm25,48,1.0,28.0,13.0,381.21
2022-06-15,US,San Jose,pm25,95,17.0,87.0,46.0,2402.87
2022-06-15,US,Los Angeles,pm25,24,38.0,83.0,59.0,1162.32
2022-06-15,US,Detroit,pm25,168,19.0,125.0,75.0,6448.44
2022-06-15,US,Little Rock,pm25,23,61.0,88.0,70.0,727.87
2022-06-15,US,Baltimore,pm25,46,25.0,63.0,38.0,1028.54
2022-06-15,US,Phoenix,pm25,148,1.0,89.0,27.0,1926.39
2022-06-15,US,Omaha,pm25,37,5.0,70.0,21.0,2143.3
2022-06-15,US,El Paso,pm25,166,5.0,156.0,42.0,6908.08
2022-06-15,US,Dallas,pm25,23,25.0,104.0,55.0,3147.67
2022-06-15,US,Seattle,pm25,258,9.0,61.0,25.0,1141.36
2022-06-15,US,Manhattan,pm25,69,3.0,43.0,22.0,872.23
2022-06-15,US,Miami,pm25,71,33.0,110.0,83.0,2700.14
2022-06-15,US,Jacksonville,pm25,140,28.0,82.0,45.0,809.86
2022-06-15,US,San Antonio,pm25,93,2.0,111.0,65.0,3705.21
2022-06-15,US,Philadelphia,pm25,54,5.0,57.0,27.0,2170.57
2022-06-15,US,San Diego,pm25,24,40.0,79.0,65.0,1308.7
2022-06-15,US,Columbus,pm25,48,51.0,94.0,75.0,1184.68
2022-06-15,US,Saint Paul,pm25,126,5.0,151.0,13.0,2286.54
2022-06-15,US,Denver,pm25,134,9.0,38.0,25.0,429.35
2022-06-15,US,Salt Lake City,pm25,216,16.0,51.0,26.0,469.49
2022-06-15,US,Albuquerque,pm25,71,16.0,63.0,37.0,1581.35
2022-06-15,US,San Francisco,pm25,71,25.0,70.0,50.0,1621.65
2022-06-15,US,Salem,pm25,71,16.0,40.0,20.0,122.74
2022-06-15,US,Madison,pm25,39,33.0,97.0,67.0,2350.24
2022-06-15,US,Nashville,pm25,72,25.0,122.0,75.0,2706.85
2022-06-15,US,Tucson,pm25,140,5.0,97.0,34.0,4041.14
2022-06-15,US,Queens,pm25,91,2.0,59.0,20.0,2347.33
2022-06-15,US,Tallahassee,pm25,59,14.0,71.0,43.0,2660.73
2022-06-15,US,Fort Worth,pm25,48,30.0,82.0,57.0,1193.83
2022-06-15,RS,Novi Sad,pm25,48,1.0,53.0,4.0,3220.35
2022-06-15,RS,Niš,pm25,48,14.0,54.0,28.0,1359.84
2022-06-15,RS,Belgrade,pm25,120,11.0,129.0,34.0,3602.97
2022-06-15,CY,Nicosia,pm25,24,49.0,78.0,62.0,560.42
2022-06-15,CY,Limassol,pm25,24,55.0,72.0,64.0,141.29
2022-06-15,HR,Zagreb,pm25,24,32.0,61.0,47.0,1125.43
2022-06-15,HR,Rijeka,pm25,24,17.0,33.0,23.0,234.19
2022-06-15,MK,Skopje,pm25,168,5.0,72.0,34.0,2560.78
2022-06-16,GE,Tbilisi,pm25,96,33.0,51.0,40.0,114.46
2022-06-16,HU,Győr,pm25,46,9.0,85.0,50.0,4002.43
2022-06-16,HU,Szeged,pm25,23,17.0,46.0,34.0,1127.15
2022-06-16,HU,Kecskemét,pm25,39,13.0,38.0,21.0,637.1
2022-06-16,HU,Miskolc,pm25,105,13.0,59.0,30.0,1912.07
2022-06-16,HU,Budapest,pm25,115,30.0,142.0,42.0,4684.74
2022-06-16,JP,Fukuoka,pm25,392,9.0,104.0,42.0,2631.74
2022-06-16,JP,Kanazawa,pm25,183,5.0,70.0,42.0,3503.74
2022-06-16,JP,Kumamoto,pm25,341,5.0,147.0,34.0,5365.4
2022-06-16,JP,Akita,pm25,43,5.0,87.0,42.0,4764.44
2022-06-16,JP,Kochi,pm25,47,9.0,65.0,50.0,2585.49
2022-06-16,JP,Gifu-shi,pm25,157,5.0,76.0,38.0,2695.06
2022-06-16,JP,Kyoto,pm25,568,5.0,82.0,53.0,4158.83
2022-06-16,JP,Hiroshima,pm25,334,5.0,87.0,57.0,2165.56
2022-06-16,JP,Shizuoka,pm25,253,5.0,82.0,30.0,3175.39
2022-06-16,JP,Chiba,pm25,771,5.0,129.0,46.0,4027.93
2022-06-16,JP,Sapporo,pm25,176,5.0,72.0,17.0,1722.6
2022-06-16,JP,Yokohama,pm25,543,1.0,78.0,42.0,2503.34
2022-06-16,JP,Tokyo,pm25,2482,1.0,134.0,53.0,2410.33
2022-06-16,JP,Saitama,pm25,485,5.0,91.0,38.0,2920.98
2022-06-16,JP,Naha,pm25,120,5.0,34.0,9.0,516.0
2022-06-16,JP,Nagasaki,pm25,168,5.0,55.0,17.0,582.91
2022-06-16,JP,Toyama,pm25,175,5.0,82.0,46.0,4411.07
2022-06-16,JP,Niigata,pm25,206,5.0,68.0,30.0,2307.16
2022-06-16,JP,Nara-shi,pm25,183,13.0,72.0,46.0,2664.49
2022-06-16,JP,Okayama,pm25,271,5.0,109.0,63.0,2922.03
2022-06-16,JP,Sendai,pm25,448,5.0,57.0,30.0,1466.51
2022-06-16,JP,Osaka,pm25,1404,5.0,87.0,50.0,2632.81
2022-06-16,JP,Miyazaki,pm25,134,5.0,89.0,46.0,3031.52
2022-06-16,JP,Matsuyama,pm25,154,5.0,97.0,50.0,3107.16
2022-06-16,JP,Wakayama,pm25,283,5.0,70.0,38.0,2861.71
2022-06-16,JP,Takamatsu,pm25,239,5.0,89.0,46.0,2911.57
2022-06-16,JP,Nagoya,pm25,787,5.0,144.0,42.0,2475.69
2022-06-16,JP,Ōita,pm25,264,13.0,109.0,57.0,2454.61
2022-06-16,JP,Kobe,pm25,401,5.0,72.0,38.0,1571.99
2022-06-16,JP,Nagano,pm25,65,5.0,76.0,34.0,4808.34
2022-06-16,JP,Utsunomiya,pm25,425,9.0,76.0,38.0,1798.98
2022-06-16,JP,Kagoshima,pm25,88,5.0,55.0,25.0,1015.53
2022-06-16,SK,Košice,pm25,96,21.0,97.0,53.0,1391.34
2022-06-16,SK,Bratislava,pm25,96,17.0,68.0,50.0,1052.84
2022-06-16,FI,Vantaa,pm25,21,3.0,29.0,11.0,472.9
2022-06-16,FI,Turku,pm25,24,6.0,15.0,9.0,59.71
2022-06-16,FI,Helsinki,pm25,120,6.0,24.0,11.0,100.44
2022-06-16,FI,Tampere,pm25,96,7.0,43.0,12.0,214.5
2022-06-16,ET,Addis Ababa,pm25,24,72.0,172.0,112.0,10918.5
2022-06-16,CH,Zürich,pm25,23,1.0,3.0,2.0,3.16
2022-06-16,CO,Bogotá,pm25,314,5.0,168.0,58.0,8835.75
2022-06-16,CO,Medellín,pm25,265,21.0,91.0,63.0,2070.87
2022-06-16,DK,Copenhagen,pm25,24,14.0,77.0,34.0,2160.42
2022-06-16,GB,Edinburgh,pm25,280,10.0,57.0,20.0,686.84
2022-06-16,GB,Norwich,pm25,17,39.0,74.0,53.0,1055.29
2022-06-16,GB,Liverpool,pm25,34,11.0,63.0,25.0,1420.83
2022-06-16,GB,Belfast,pm25,33,19.0,35.0,25.0,125.7
2022-06-16,GB,Coventry,pm25,52,20.0,45.0,34.0,248.76
2022-06-16,GB,Leeds,pm25,13,23.0,35.0,30.0,180.0
2022-06-16,GB,Cardiff,pm25,140,9.0,57.0,38.0,1436.2
2022-06-16,GB,Bristol,pm25,66,21.0,72.0,50.0,1442.63
2022-06-16,GB,London,pm25,511,8.0,104.0,53.0,2360.16
2022-06-16,GB,Birmingham,pm25,28,26.0,55.0,42.0,466.71
2022-06-16,GB,Sheffield,pm25,75,21.0,54.0,31.0,499.81
2022-06-16,GB,Newport,pm25,42,20.0,48.0,25.0,406.13
2022-06-16,GB,Leicester,pm25,15,42.0,58.0,47.0,238.38
2022-06-16,GB,Manchester,pm25,66,21.0,56.0,30.0,633.56
2022-06-16,GB,Reading,pm25,46,5.0,46.0,17.0,946.05
2022-06-16,GB,Plymouth,pm25,41,13.0,59.0,21.0,1001.48
2022-06-16,GB,Glasgow,pm25,560,12.0,73.0,23.0,587.93
2022-06-16,GB,Preston,pm25,38,17.0,46.0,25.0,349.14
2022-06-16,GB,Swansea,pm25,164,5.0,117.0,38.0,3898.59
2022-06-16,GB,Southend-on-Sea,pm25,27,38.0,58.0,46.0,343.85
2022-06-16,ID,Jakarta,pm25,71,46.0,287.0,135.0,18181.6
2022-06-16,NP,Kathmandu,pm25,72,74.0,153.0,109.0,3720.84
2022-06-16,AU,Sydney,pm25,160,1.0,57.0,18.0,1321.08
2022-06-16,AU,Newcastle,pm25,139,1.0,75.0,20.0,2122.86
2022-06-16,AU,Launceston,pm25,152,5.0,154.0,17.0,10831.6
2022-06-16,AU,Hobart,pm25,69,5.0,85.0,38.0,3738.12
2022-06-16,AU,Darwin,pm25,72,16.0,161.0,71.0,21356.5
2022-06-16,AU,Melbourne,pm25,120,1.0,51.0,16.0,1231.04
2022-06-16,AU,Canberra,pm25,58,1.0,65.0,16.0,1655.0
2022-06-16,AU,Adelaide,pm25,79,5.0,57.0,15.0,1071.12
2022-06-16,AU,Brisbane,pm25,214,1.0,83.0,38.0,2916.07
2022-06-16,AU,Perth,pm25,86,2.0,42.0,10.0,403.56
2022-06-16,AU,Wollongong,pm25,36,2.0,31.0,11.0,545.87
2022-06-16,CI,Abidjan,pm25,23,13.0,80.0,50.0,3978.93
2022-06-16,GH,Accra,pm25,24,5.0,107.0,42.0,4461.14
2022-06-16,IQ,Baghdad,pm25,24,153.0,286.0,166.0,7267.75
2022-06-16,IS,Reykjavík,pm25,72,11.0,25.0,15.0,129.0
2022-06-16,KG,Bishkek,pm25,4,5.0,21.0,9.0,533.33
2022-06-16,NL,Utrecht,pm25,46,18.0,162.0,40.0,4349.86
2022-06-16,NL,Nijmegen,pm25,24,13.0,57.0,29.0,1238.19
2022-06-16,NL,Haarlem,pm25,140,3.0,95.0,38.0,2703.47
2022-06-16,NL,Eindhoven,pm25,24,22.0,71.0,43.0,1545.43
2022-06-16,NL,Rotterdam,pm25,168,15.0,65.0,33.0,368.47
2022-06-16,NL,Amsterdam,pm25,262,1.0,62.0,33.0,1340.44
2022-06-16,NL,Dordrecht,pm25,24,14.0,58.0,34.0,1378.19
2022-06-16,NL,Groningen,pm25,48,8.0,49.0,22.0,1163.76
2022-06-16,NL,Maastricht,pm25,95,9.0,72.0,34.0,1896.0
2022-06-16,NL,The Hague,pm25,67,4.0,76.0,35.0,1434.84
2022-06-16,PT,Lisbon,pm25,96,10.0,51.0,27.0,1133.08
2022-06-16,PT,Funchal,pm25,66,1.0,28.0,14.0,580.94
2022-06-16,CA,Hamilton,pm25,92,9.0,124.0,68.0,8098.62
2022-06-16,CA,Calgary,pm25,84,12.0,54.0,30.0,822.94
2022-06-16,CA,Halifax,pm25,46,20.0,32.0,25.0,65.16
2022-06-16,CA,Kitchener,pm25,47,5.0,102.0,78.0,9910.09
2022-06-16,CA,Edmonton,pm25,138,11.0,83.0,48.0,3202.42
2022-06-16,CA,Mississauga,pm25,70,13.0,124.0,55.0,7288.52
2022-06-16,CA,Québec,pm25,172,16.0,54.0,31.0,455.32
2022-06-16,CA,Vancouver,pm25,23,16.0,42.0,25.0,327.11
2022-06-16,CA,Victoria,pm25,45,5.0,46.0,25.0,1278.74
2022-06-16,CA,Montréal,pm25,416,9.0,58.0,33.0,1182.91
2022-06-16,CA,Toronto,pm25,139,21.0,112.0,55.0,4078.68
2022-06-16,CA,Ottawa,pm25,63,21.0,93.0,47.0,3007.92
2022-06-16,CA,London,pm25,46,5.0,89.0,74.0,4600.87
2022-06-16,US,Oklahoma City,pm25,96,57.0,98.0,82.0,1148.42
2022-06-16,US,Raleigh,pm25,71,5.0,68.0,34.0,1738.27
2022-06-16,US,Memphis,pm25,72,53.0,106.0,81.0,1003.1
2022-06-16,US,Jackson,pm25,72,19.0,94.0,70.0,4341.28
2022-06-16,US,Boston,pm25,92,5.0,46.0,21.0,415.37
2022-06-16,US,Richmond,pm25,94,24.0,50.0,34.0,401.04
2022-06-16,US,Portland,pm25,168,5.0,53.0,15.0,727.22
2022-06-16,US,Boise,pm25,92,5.0,38.0,17.0,824.02
2022-06-16,US,Austin,pm25,48,65.0,134.0,95.0,2123.19
2022-06-16,US,Honolulu,pm25,28,5.0,50.0,13.0,907.35
2022-06-16,US,Fresno,pm25,48,5.0,40.0,27.0,788.19
2022-06-16,US,Milwaukee,pm25,144,17.0,91.0,28.0,1863.84
2022-06-16,US,Hartford,pm25,48,16.0,28.0,20.0,41.48
2022-06-16,US,Washington D.C.,pm25,112,9.0,63.0,32.0,1069.95
2022-06-16,US,Chicago,pm25,240,11.0,159.0,33.0,4303.34
2022-06-16,US,Houston,pm25,96,65.0,146.0,98.0,3378.73
2022-06-16,US,Indianapolis,pm25,96,29.0,85.0,65.0,2351.0
2022-06-16,US,Atlanta,pm25,10,59.0,62.0,61.0,9.89
2022-06-16,US,Charlotte,pm25,72,9.0,78.0,42.0,3134.33
2022-06-16,US,Sacramento,pm25,72,5.0,78.0,30.0,2777.27
2022-06-16,US,Oakland,pm25,116,5.0,119.0,21.0,1714.69
2022-06-16,US,Providence,pm25,31,5.0,34.0,13.0,582.47
2022-06-16,US,Staten Island,pm25,92,1.0,51.0,16.0,1327.51
2022-06-16,US,Brooklyn,pm25,98,1.0,41.0,11.0,894.48
2022-06-16,US,Springfield,pm25,72,35.0,132.0,62.0,2386.05
2022-06-16,US,The Bronx,pm25,33,1.0,27.0,5.0,392.18
2022-06-16,US,San Jose,pm25,89,5.0,50.0,21.0,897.27
2022-06-16,US,Los Angeles,pm25,24,48.0,95.0,67.0,1374.71
2022-06-16,US,Detroit,pm25,168,20.0,129.0,76.0,7432.09
2022-06-16,US,Little Rock,pm25,23,64.0,93.0,80.0,442.57
2022-06-16,US,Baltimore,pm25,48,17.0,53.0,32.0,479.5
2022-06-16,US,Phoenix,pm25,146,3.0,70.0,34.0,2028.94
2022-06-16,US,Omaha,pm25,41,5.0,53.0,21.0,1665.38
2022-06-16,US,El Paso,pm25,164,13.0,195.0,42.0,6897.7
2022-06-16,US,Dallas,pm25,24,68.0,127.0,99.0,3602.59
2022-06-16,US,Seattle,pm25,250,5.0,61.0,28.0,2361.49
2022-06-16,US,Manhattan,pm25,56,1.0,31.0,9.0,608.26
2022-06-16,US,Miami,pm25,55,29.0,48.0,35.0,225.04
2022-06-16,US,Jacksonville,pm25,139,2.0,70.0,46.0,1259.27
2022-06-16,US,San Antonio,pm25,93,84.0,141.0,112.0,1556.41
2022-06-16,US,Philadelphia,pm25,50,1.0,53.0,24.0,1860.98
2022-06-16,US,San Diego,pm25,23,51.0,85.0,63.0,805.1
2022-06-16,US,Columbus,pm25,48,42.0,85.0,62.0,832.18
2022-06-16,US,Saint Paul,pm25,127,5.0,38.0,17.0,581.3
2022-06-16,US,Denver,pm25,152,17.0,53.0,34.0,691.02
2022-06-16,US,Salt Lake City,pm25,216,9.0,60.0,22.0,926.85
2022-06-16,US,Albuquerque,pm25,71,25.0,95.0,49.0,2114.21
2022-06-16,US,San Francisco,pm25,68,5.0,42.0,21.0,939.63
2022-06-16,US,Salem,pm25,72,5.0,23.0,13.0,274.98
2022-06-16,US,Madison,pm25,48,17.0,52.0,22.0,301.59
2022-06-16,US,Nashville,pm25,72,28.0,109.0,52.0,2604.41
2022-06-16,US,Tucson,pm25,153,9.0,70.0,38.0,1654.34
2022-06-16,US,Queens,pm25,71,1.0,30.0,13.0,758.54
2022-06-16,US,Tallahassee,pm25,62,3.0,68.0,52.0,1515.11
2022-06-16,US,Fort Worth,pm25,48,68.0,153.0,105.0,4673.4
2022-06-16,RS,Novi Sad,pm25,48,1.0,61.0,10.0,3527.64
2022-06-16,RS,Niš,pm25,48,16.0,53.0,34.0,1394.47
2022-06-16,RS,Belgrade,pm25,120,12.0,84.0,39.0,3706.3
2022-06-16,CY,Nicosia,pm25,24,11.0,67.0,54.0,1187.75
2022-06-16,CY,Limassol,pm25,24,30.0,75.0,57.0,1250.43
2022-06-16,HR,Zagreb,pm25,24,39.0,65.0,50.0,459.4
2022-06-16,HR,Rijeka,pm25,24,30.0,46.0,35.0,197.97
2022-06-16,MK,Skopje,pm25,165,9.0,89.0,38.0,3155.68
2022-06-17,GE,Tbilisi,pm25,96,37.0,59.0,45.0,306.45
2022-06-17,HU,Győr,pm25,48,17.0,59.0,38.0,1408.72
2022-06-17,HU,Szeged,pm25,22,17.0,50.0,30.0,1693.1
2022-06-17,HU,Pécs,pm25,45,21.0,38.0,34.0,194.27
2022-06-17,HU,Kecskemét,pm25,40,17.0,38.0,21.0,322.46
2022-06-17,HU,Miskolc,pm25,111,9.0,74.0,34.0,2288.55
2022-06-17,HU,Budapest,pm25,174,9.0,34.0,21.0,480.85
2022-06-17,JP,Fukuoka,pm25,379,5.0,153.0,38.0,3425.71
2022-06-17,JP,Kanazawa,pm25,229,21.0,74.0,53.0,620.24
2022-06-17,JP,Kumamoto,pm25,334,5.0,151.0,34.0,5586.01
2022-06-17,JP,Akita,pm25,48,21.0,102.0,63.0,2696.98
2022-06-17,JP,Kochi,pm25,48,53.0,78.0,63.0,447.16
2022-06-17,JP,Gifu-shi,pm25,165,5.0,97.0,63.0,2885.45
2022-06-17,JP,Kyoto,pm25,583,21.0,97.0,65.0,1135.72
2022-06-17,JP,Hiroshima,pm25,333,13.0,93.0,61.0,1752.35
2022-06-17,JP,Shizuoka,pm25,261,9.0,109.0,61.0,2031.52
2022-06-17,JP,Chiba,pm25,782,9.0,122.0,63.0,2581.07
2022-06-17,JP,Sapporo,pm25,203,5.0,63.0,25.0,2028.22
2022-06-17,JP,Yokohama,pm25,549,1.0,107.0,61.0,2839.52
2022-06-17,JP,Tokyo,pm25,2550,13.0,129.0,74.0,1676.78
2022-06-17,JP,Saitama,pm25,482,38.0,102.0,63.0,1108.71
2022-06-17,JP,Naha,pm25,134,5.0,30.0,13.0,332.14
2022-06-17,JP,Nagasaki,pm25,175,5.0,55.0,21.0,919.4
2022-06-17,JP,Toyama,pm25,191,38.0,85.0,59.0,628.41
2022-06-17,JP,Niigata,pm25,211,21.0,72.0,55.0,1143.58
2022-06-17,JP,Nara-shi,pm25,188,34.0,85.0,59.0,617.32
2022-06-17,JP,Okayama,pm25,264,50.0,99.0,70.0,747.74
2022-06-17,JP,Sendai,pm25,440,13.0,65.0,42.0,865.23
2022-06-17,JP,Osaka,pm25,1460,5.0,122.0,55.0,1445.75
2022-06-17,JP,Miyazaki,pm25,136,5.0,132.0,57.0,3743.11
2022-06-17,JP,Matsuyama,pm25,166,5.0,97.0,61.0,2258.67
2022-06-17,JP,Wakayama,pm25,285,21.0,72.0,46.0,1267.6
2022-06-17,JP,Takamatsu,pm25,239,34.0,91.0,61.0,785.26
2022-06-17,JP,Nagoya,pm25,784,25.0,142.0,61.0,1196.11
2022-06-17,JP,Ōita,pm25,264,9.0,112.0,61.0,2346.74
2022-06-17,JP,Kobe,pm25,409,17.0,85.0,50.0,2040.56
2022-06-17,JP,Nagano,pm25,71,38.0,80.0,59.0,933.94
2022-06-17,JP,Utsunomiya,pm25,429,13.0,102.0,53.0,1597.92
2022-06-17,JP,Kagoshima,pm25,91,9.0,65.0,34.0,1624.29
2022-06-17,SK,Košice,pm25,96,9.0,154.0,50.0,7525.89
2022-06-17,SK,Bratislava,pm25,96,5.0,57.0,30.0,1541.5
2022-06-17,FI,Vantaa,pm25,23,4.0,52.0,15.0,1610.59
2022-06-17,FI,Turku,pm25,24,7.0,23.0,12.0,185.2
2022-06-17,FI,Helsinki,pm25,120,4.0,53.0,13.0,844.37
2022-06-17,FI,Tampere,pm25,96,5.0,23.0,9.0,77.94
2022-06-17,ET,Addis Ababa,pm25,24,80.0,174.0,122.0,9319.11
2022-06-17,CH,Zürich,pm25,21,1.0,3.0,2.0,5.29
2022-06-17,CO,Bogotá,pm25,319,3.0,155.0,63.0,10260.9
2022-06-17,CO,Medellín,pm25,267,25.0,109.0,61.0,1820.53
2022-06-17,DK,Copenhagen,pm25,24,23.0,61.0,39.0,880.8
2022-06-17,GB,Edinburgh,pm25,264,3.0,57.0,15.0,867.35
2022-06-17,GB,Norwich,pm25,19,43.0,64.0,52.0,316.9
2022-06-17,GB,Liverpool,pm25,42,11.0,55.0,30.0,1433.45
2022-06-17,GB,Belfast,pm25,38,14.0,34.0,21.0,175.51
2022-06-17,GB,Coventry,pm25,62,21.0,63.0,33.0,1570.39
2022-06-17,GB,Leeds,pm25,20,21.0,48.0,26.0,840.42
2022-06-17,GB,Cardiff,pm25,96,25.0,85.0,53.0,1693.4
2022-06-17,GB,Bristol,pm25,67,34.0,89.0,57.0,2625.68
2022-06-17,GB,London,pm25,541,7.0,144.0,53.0,3006.06
2022-06-17,GB,Birmingham,pm25,46,24.0,57.0,36.0,1011.65
2022-06-17,GB,Sheffield,pm25,91,9.0,63.0,28.0,1740.99
2022-06-17,GB,Newport,pm25,45,25.0,70.0,50.0,2091.19
2022-06-17,GB,Leicester,pm25,23,34.0,58.0,42.0,712.73
2022-06-17,GB,Manchester,pm25,81,13.0,56.0,28.0,1601.23
2022-06-17,GB,Reading,pm25,48,13.0,53.0,25.0,1112.91
2022-06-17,GB,Plymouth,pm25,46,17.0,68.0,45.0,1767.29
2022-06-17,GB,Glasgow,pm25,567,4.0,62.0,17.0,869.45
2022-06-17,GB,Preston,pm25,42,13.0,49.0,30.0,1021.25
2022-06-17,GB,Swansea,pm25,166,5.0,95.0,46.0,2529.45
2022-06-17,GB,Southend-on-Sea,pm25,44,38.0,80.0,51.0,907.25
2022-06-17,ID,Jakarta,pm25,71,50.0,179.0,134.0,11981.5
2022-06-17,NP,Kathmandu,pm25,72,25.0,129.0,70.0,5181.78
2022-06-17,NP,Pokhara,pm25,12,27.0,59.0,36.0,1335.38
2022-06-17,AU,Sydney,pm25,158,1.0,86.0,18.0,1703.43
2022-06-17,AU,Newcastle,pm25,134,2.0,107.0,20.0,4438.48
2022-06-17,AU,Launceston,pm25,164,5.0,173.0,53.0,20901.8
2022-06-17,AU,Hobart,pm25,71,5.0,117.0,21.0,6979.23
2022-06-17,AU,Darwin,pm25,72,18.0,159.0,85.0,12350.4
2022-06-17,AU,Melbourne,pm25,138,1.0,128.0,20.0,5201.63
2022-06-17,AU,Canberra,pm25,62,1.0,118.0,19.0,6451.67
2022-06-17,AU,Adelaide,pm25,92,5.0,70.0,21.0,2214.94
2022-06-17,AU,Brisbane,pm25,216,1.0,78.0,28.0,3314.19
2022-06-17,AU,Perth,pm25,73,2.0,20.0,6.0,253.35
2022-06-17,AU,Wollongong,pm25,32,1.0,29.0,11.0,514.18
2022-06-17,CI,Abidjan,pm25,24,9.0,74.0,55.0,4318.19
2022-06-17,GH,Accra,pm25,22,21.0,152.0,46.0,7706.6
2022-06-17,IQ,Baghdad,pm25,21,161.0,449.0,205.0,112080.0
2022-06-17,IS,Reykjavík,pm25,72,4.0,18.0,12.0,106.43
2022-06-17,NL,Utrecht,pm25,47,22.0,82.0,56.0,1324.01
2022-06-17,NL,Nijmegen,pm25,24,20.0,58.0,39.0,1064.06
2022-06-17,NL,Haarlem,pm25,144,14.0,131.0,53.0,1770.45
2022-06-17,NL,Eindhoven,pm25,24,24.0,90.0,53.0,4303.19
2022-06-17,NL,Rotterdam,pm25,132,16.0,64.0,44.0,922.69
2022-06-17,NL,Amsterdam,pm25,261,20.0,75.0,52.0,1080.61
2022-06-17,NL,Dordrecht,pm25,24,30.0,63.0,51.0,788.68
2022-06-17,NL,Breda,pm25,9,15.0,56.0,42.0,2019.44
2022-06-17,NL,Groningen,pm25,48,19.0,69.0,42.0,1506.06
2022-06-17,NL,Maastricht,pm25,95,5.0,65.0,34.0,1515.38
2022-06-17,NL,The Hague,pm25,72,20.0,66.0,46.0,1038.84
2022-06-17,PT,Lisbon,pm25,81,12.0,39.0,21.0,656.35
2022-06-17,PT,Funchal,pm25,52,1.0,44.0,13.0,430.18
2022-06-17,CA,Hamilton,pm25,73,5.0,42.0,13.0,552.79
2022-06-17,CA,Calgary,pm25,78,5.0,55.0,26.0,1629.79
2022-06-17,CA,Halifax,pm25,46,15.0,35.0,20.0,292.66
2022-06-17,CA,Kitchener,pm25,31,5.0,25.0,13.0,350.28
2022-06-17,CA,Edmonton,pm25,135,3.0,90.0,25.0,4738.88
2022-06-17,CA,Mississauga,pm25,62,5.0,70.0,17.0,1904.79
2022-06-17,CA,Québec,pm25,171,7.0,54.0,27.0,1591.47
2022-06-17,CA,Vancouver,pm25,23,6.0,15.0,10.0,73.83
2022-06-17,CA,Victoria,pm25,37,5.0,38.0,13.0,942.34
2022-06-17,CA,Montréal,pm25,385,3.0,65.0,27.0,2760.04
2022-06-17,CA,Toronto,pm25,135,5.0,87.0,21.0,1654.16
2022-06-17,CA,Ottawa,pm25,56,5.0,55.0,17.0,2557.4
2022-06-17,CA,London,pm25,41,5.0,46.0,17.0,908.24
2022-06-17,US,Oklahoma City,pm25,96,73.0,112.0,98.0,732.63
2022-06-17,US,Raleigh,pm25,68,5.0,70.0,45.0,2587.29
2022-06-17,US,Memphis,pm25,71,57.0,100.0,71.0,579.55
2022-06-17,US,Jackson,pm25,72,26.0,60.0,52.0,461.4
2022-06-17,US,Boston,pm25,129,5.0,70.0,30.0,1263.92
2022-06-17,US,Richmond,pm25,96,20.0,57.0,43.0,1069.08
2022-06-17,US,Portland,pm25,165,9.0,39.0,19.0,269.62
2022-06-17,US,Boise,pm25,93,5.0,57.0,25.0,1345.35
2022-06-17,US,Austin,pm25,31,46.0,109.0,89.0,3128.99
2022-06-17,US,Honolulu,pm25,40,5.0,38.0,13.0,676.35
2022-06-17,US,Fresno,pm25,44,7.0,45.0,19.0,826.48
2022-06-17,US,Milwaukee,pm25,144,14.0,42.0,20.0,333.38
2022-06-17,US,Hartford,pm25,48,24.0,57.0,30.0,879.29
2022-06-17,US,Washington D.C.,pm25,119,9.0,59.0,30.0,1669.48
2022-06-17,US,Chicago,pm25,236,8.0,68.0,23.0,985.27
2022-06-17,US,Houston,pm25,95,43.0,107.0,79.0,2153.66
2022-06-17,US,Indianapolis,pm25,96,17.0,65.0,31.0,2490.87
2022-06-17,US,Atlanta,pm25,24,36.0,61.0,54.0,444.06
2022-06-17,US,Charlotte,pm25,71,17.0,59.0,42.0,1414.54
2022-06-17,US,Sacramento,pm25,67,5.0,60.0,17.0,930.86
2022-06-17,US,Oakland,pm25,102,5.0,142.0,17.0,2046.03
2022-06-17,US,Providence,pm25,43,5.0,57.0,30.0,1815.18
2022-06-17,US,Staten Island,pm25,114,2.0,154.0,34.0,4335.76
2022-06-17,US,Brooklyn,pm25,120,1.0,72.0,23.0,3017.7
2022-06-17,US,Springfield,pm25,70,2.0,81.0,28.0,2931.98
2022-06-17,US,The Bronx,pm25,48,1.0,53.0,16.0,2614.73
2022-06-17,US,San Jose,pm25,82,5.0,34.0,13.0,558.88
2022-06-17,US,Los Angeles,pm25,24,36.0,71.0,58.0,722.54
2022-06-17,US,Detroit,pm25,168,14.0,84.0,31.0,1018.91
2022-06-17,US,Little Rock,pm25,23,13.0,81.0,16.0,9698.85
2022-06-17,US,Baltimore,pm25,47,9.0,97.0,38.0,2577.28
2022-06-17,US,Phoenix,pm25,143,8.0,82.0,30.0,2359.82
2022-06-17,US,Omaha,pm25,48,5.0,53.0,25.0,1178.09
2022-06-17,US,El Paso,pm25,166,17.0,103.0,55.0,2805.11
2022-06-17,US,Dallas,pm25,24,55.0,149.0,104.0,5728.91
2022-06-17,US,Seattle,pm25,243,5.0,59.0,25.0,940.5
2022-06-17,US,Manhattan,pm25,71,2.0,59.0,23.0,2372.42
2022-06-17,US,Miami,pm25,47,23.0,66.0,34.0,1308.8
2022-06-17,US,Jacksonville,pm25,142,7.0,72.0,31.0,1226.66
2022-06-17,US,San Antonio,pm25,94,50.0,176.0,85.0,5703.4
2022-06-17,US,Philadelphia,pm25,56,2.0,94.0,34.0,4719.99
2022-06-17,US,San Diego,pm25,10,54.0,73.0,61.0,306.22
2022-06-17,US,Columbus,pm25,48,7.0,66.0,27.0,3681.06
2022-06-17,US,Saint Paul,pm25,126,5.0,91.0,17.0,2264.3
2022-06-17,US,Denver,pm25,158,25.0,89.0,50.0,846.67
2022-06-17,US,Salt Lake City,pm25,216,15.0,152.0,43.0,10863.0
2022-06-17,US,Albuquerque,pm25,72,14.0,102.0,51.0,4047.74
2022-06-17,US,San Francisco,pm25,69,5.0,107.0,17.0,4351.21
2022-06-17,US,Salem,pm25,72,8.0,28.0,15.0,75.76
2022-06-17,US,Madison,pm25,48,14.0,30.0,20.0,206.36
2022-06-17,US,Nashville,pm25,72,5.0,78.0,50.0,2476.15
2022-06-17,US,Tucson,pm25,163,5.0,97.0,34.0,2729.82
2022-06-17,US,Queens,pm25,96,3.0,61.0,28.0,2981.18
2022-06-17,US,Tallahassee,pm25,71,5.0,66.0,46.0,1638.99
2022-06-17,US,Fort Worth,pm25,48,56.0,135.0,97.0,3418.61
2022-06-17,RS,Novi Sad,pm25,48,2.0,56.0,4.0,4388.72
2022-06-17,RS,Niš,pm25,48,24.0,69.0,47.0,1446.88
2022-06-17,RS,Belgrade,pm25,120,15.0,76.0,40.0,2570.9
2022-06-17,CY,Nicosia,pm25,24,41.0,76.0,58.0,766.5
2022-06-17,CY,Limassol,pm25,24,53.0,74.0,60.0,313.62
2022-06-17,HR,Zagreb,pm25,24,31.0,63.0,45.0,719.93
2022-06-17,HR,Rijeka,pm25,24,23.0,43.0,27.0,382.83
2022-06-17,MK,Skopje,pm25,168,9.0,91.0,50.0,3455.65
2022-06-18,GE,Tbilisi,pm25,96,46.0,102.0,52.0,2995.16
2022-06-18,HU,Győr,pm25,46,13.0,55.0,21.0,1753.31
2022-06-18,HU,Szeged,pm25,24,13.0,57.0,38.0,1949.57
2022-06-18,HU,Pécs,pm25,63,13.0,42.0,21.0,777.37
2022-06-18,HU,Kecskemét,pm25,32,17.0,50.0,34.0,1027.38
2022-06-18,HU,Miskolc,pm25,115,9.0,76.0,30.0,2777.95
2022-06-18,HU,Budapest,pm25,237,9.0,53.0,21.0,563.02
2022-06-18,JP,Fukuoka,pm25,373,5.0,147.0,25.0,3260.02
2022-06-18,JP,Kanazawa,pm25,240,13.0,82.0,61.0,916.44
2022-06-18,JP,Kumamoto,pm25,340,5.0,142.0,42.0,5626.32
2022-06-18,JP,Akita,pm25,37,5.0,74.0,53.0,2131.14
2022-06-18,JP,Kochi,pm25,45,9.0,80.0,50.0,5745.74
2022-06-18,JP,Gifu-shi,pm25,161,5.0,99.0,65.0,4872.31
2022-06-18,JP,Kyoto,pm25,577,5.0,112.0,65.0,3410.4
2022-06-18,JP,Hiroshima,pm25,334,30.0,129.0,76.0,1514.42
2022-06-18,JP,Shizuoka,pm25,257,5.0,112.0,59.0,5877.16
2022-06-18,JP,Chiba,pm25,720,5.0,129.0,55.0,7424.74
2022-06-18,JP,Sapporo,pm25,212,5.0,82.0,42.0,2604.92
2022-06-18,JP,Yokohama,pm25,513,1.0,95.0,55.0,8538.18
2022-06-18,JP,Tokyo,pm25,2526,1.0,151.0,70.0,8805.02
2022-06-18,JP,Saitama,pm25,499,5.0,119.0,76.0,8472.22
2022-06-18,JP,Naha,pm25,116,5.0,34.0,13.0,679.93
2022-06-18,JP,Nagasaki,pm25,184,5.0,61.0,21.0,936.58
2022-06-18,JP,Toyama,pm25,186,34.0,112.0,65.0,1408.57
2022-06-18,JP,Niigata,pm25,213,42.0,80.0,59.0,366.55
2022-06-18,JP,Nara-shi,pm25,188,13.0,89.0,65.0,2642.97
2022-06-18,JP,Okayama,pm25,261,9.0,80.0,53.0,3804.35
2022-06-18,JP,Sendai,pm25,478,25.0,97.0,63.0,1512.79
2022-06-18,JP,Osaka,pm25,1461,5.0,164.0,57.0,3104.32
2022-06-18,JP,Miyazaki,pm25,124,5.0,102.0,34.0,4795.18
2022-06-18,JP,Matsuyama,pm25,167,13.0,124.0,74.0,3983.21
2022-06-18,JP,Wakayama,pm25,278,5.0,74.0,34.0,3520.8
2022-06-18,JP,Takamatsu,pm25,224,5.0,82.0,46.0,3929.21
2022-06-18,JP,Nagoya,pm25,735,5.0,122.0,57.0,7467.78
2022-06-18,JP,Ōita,pm25,263,9.0,117.0,72.0,2628.67
2022-06-18,JP,Kobe,pm25,424,5.0,97.0,38.0,3893.11
2022-06-18,JP,Nagano,pm25,69,42.0,91.0,68.0,1112.32
2022-06-18,JP,Utsunomiya,pm25,432,9.0,153.0,72.0,4849.81
2022-06-18,JP,Kagoshima,pm25,89,5.0,78.0,30.0,2441.46
2022-06-18,SK,Košice,pm25,96,13.0,97.0,46.0,1463.42
2022-06-18,SK,Bratislava,pm25,96,13.0,50.0,30.0,648.31
2022-06-18,FI,Vantaa,pm25,23,4.0,46.0,23.0,1563.52
2022-06-18,FI,Turku,pm25,24,5.0,46.0,17.0,1856.23
2022-06-18,FI,Helsinki,pm25,120,8.0,61.0,20.0,1917.3
2022-06-18,FI,Tampere,pm25,96,5.0,55.0,12.0,1461.79
2022-06-18,ET,Addis Ababa,pm25,24,61.0,169.0,97.0,8213.02
2022-06-18,CH,Zürich,pm25,20,1.0,5.0,2.0,10.82
2022-06-18,CO,Bogotá,pm25,325,1.0,160.0,53.0,11322.7
2022-06-18,CO,Medellín,pm25,318,25.0,122.0,65.0,3614.2
2022-06-18,DK,Copenhagen,pm25,24,13.0,56.0,35.0,813.9
2022-06-18,GB,Edinburgh,pm25,258,12.0,55.0,22.0,626.72
2022-06-18,GB,Norwich,pm25,17,21.0,46.0,34.0,601.84
2022-06-18,GB,Liverpool,pm25,34,13.0,34.0,30.0,295.61
2022-06-18,GB,Belfast,pm25,47,18.0,42.0,25.0,322.7
2022-06-18,GB,Coventry,pm25,47,18.0,42.0,36.0,396.46
2022-06-18,GB,Leeds,pm25,18,9.0,32.0,26.0,230.59
2022-06-18,GB,Cardiff,pm25,96,21.0,82.0,46.0,3198.12
2022-06-18,GB,Bristol,pm25,66,25.0,99.0,55.0,3710.17
2022-06-18,GB,London,pm25,526,4.0,233.0,46.0,4167.79
2022-06-18,GB,Birmingham,pm25,35,30.0,49.0,37.0,284.4
2022-06-18,GB,Sheffield,pm25,63,13.0,36.0,28.0,207.74
2022-06-18,GB,Newport,pm25,47,16.0,55.0,23.0,1580.14
2022-06-18,GB,Leicester,pm25,19,23.0,38.0,30.0,249.41
2022-06-18,GB,Manchester,pm25,78,10.0,44.0,31.0,694.11
2022-06-18,GB,Reading,pm25,39,5.0,46.0,17.0,1533.54
2022-06-18,GB,Plymouth,pm25,43,13.0,46.0,34.0,977.27
2022-06-18,GB,Glasgow,pm25,568,14.0,47.0,26.0,503.21
2022-06-18,GB,Preston,pm25,41,15.0,37.0,30.0,178.38
2022-06-18,GB,Swansea,pm25,151,5.0,68.0,30.0,2874.46
2022-06-18,GB,Southend-on-Sea,pm25,43,20.0,70.0,43.0,1746.45
2022-06-18,ID,Jakarta,pm25,71,50.0,199.0,141.0,16742.2
2022-06-18,NP,Kathmandu,pm25,72,38.0,103.0,72.0,2315.4
2022-06-18,NP,Pokhara,pm25,24,14.0,60.0,36.0,1273.03
2022-06-18,AU,Sydney,pm25,154,1.0,70.0,17.0,1424.9
2022-06-18,AU,Newcastle,pm25,133,1.0,80.0,16.0,1115.12
2022-06-18,AU,Launceston,pm25,165,5.0,185.0,38.0,18037.0
2022-06-18,AU,Hobart,pm25,71,5.0,144.0,34.0,9706.39
2022-06-18,AU,Darwin,pm25,72,19.0,177.0,65.0,13581.8
2022-06-18,AU,Melbourne,pm25,142,4.0,99.0,41.0,4284.1
2022-06-18,AU,Canberra,pm25,66,7.0,156.0,42.0,11601.0
2022-06-18,AU,Adelaide,pm25,90,1.0,59.0,17.0,1628.76
2022-06-18,AU,Brisbane,pm25,216,3.0,96.0,25.0,4285.26
2022-06-18,AU,Perth,pm25,74,2.0,17.0,5.0,262.54
2022-06-18,AU,Wollongong,pm25,36,1.0,46.0,17.0,1226.25
2022-06-18,CI,Abidjan,pm25,24,21.0,95.0,50.0,4310.42
2022-06-18,GH,Accra,pm25,24,30.0,78.0,46.0,1980.22
2022-06-18,IQ,Baghdad,pm25,24,161.0,378.0,192.0,49711.0
2022-06-18,IS,Reykjavík,pm25,80,2.0,24.0,15.0,185.47
2022-06-18,NL,Utrecht,pm25,48,1.0,78.0,51.0,4167.76
2022-06-18,NL,Nijmegen,pm25,24,35.0,74.0,56.0,1124.28
2022-06-18,NL,Haarlem,pm25,137,2.0,109.0,42.0,3303.65
2022-06-18,NL,Eindhoven,pm25,24,46.0,79.0,61.0,614.77
2022-06-18,NL,Rotterdam,pm25,144,17.0,79.0,48.0,2033.38
2022-06-18,NL,Amsterdam,pm25,255,4.0,79.0,40.0,3188.03
2022-06-18,NL,Dordrecht,pm25,24,9.0,71.0,59.0,3173.62
2022-06-18,NL,Breda,pm25,24,9.0,74.0,52.0,3186.5
2022-06-18,NL,Groningen,pm25,48,5.0,73.0,28.0,4390.05
2022-06-18,NL,Maastricht,pm25,96,17.0,91.0,42.0,1459.05
2022-06-18,NL,The Hague,pm25,72,8.0,69.0,37.0,2506.64
2022-06-18,PT,Lisbon,pm25,90,12.0,35.0,17.0,181.88
2022-06-18,PT,Funchal,pm25,69,2.0,30.0,17.0,472.61
2022-06-18,CA,Hamilton,pm25,58,5.0,46.0,9.0,658.75
2022-06-18,CA,Calgary,pm25,92,2.0,59.0,28.0,2306.36
2022-06-18,CA,Halifax,pm25,28,6.0,42.0,21.0,1167.45
2022-06-18,CA,Kitchener,pm25,33,5.0,30.0,13.0,484.68
2022-06-18,CA,Edmonton,pm25,138,3.0,100.0,26.0,5593.89
2022-06-18,CA,Mississauga,pm25,55,5.0,38.0,13.0,505.71
2022-06-18,CA,Québec,pm25,167,5.0,27.0,9.0,236.25
2022-06-18,CA,Vancouver,pm25,22,8.0,27.0,18.0,325.89
2022-06-18,CA,Victoria,pm25,34,5.0,30.0,13.0,448.71
2022-06-18,CA,Montréal,pm25,349,3.0,30.0,9.0,461.85
2022-06-18,CA,Toronto,pm25,111,5.0,50.0,17.0,734.21
2022-06-18,CA,Ottawa,pm25,40,5.0,18.0,9.0,227.28
2022-06-18,CA,London,pm25,30,5.0,34.0,17.0,588.61
2022-06-18,US,Oklahoma City,pm25,96,43.0,95.0,63.0,1523.98
2022-06-18,US,Raleigh,pm25,66,5.0,55.0,30.0,1511.55
2022-06-18,US,Memphis,pm25,71,3.0,72.0,39.0,2835.67
2022-06-18,US,Jackson,pm25,72,39.0,65.0,54.0,397.18
2022-06-18,US,Boston,pm25,128,5.0,55.0,13.0,720.72
2022-06-18,US,Richmond,pm25,96,15.0,33.0,22.0,306.25
2022-06-18,US,Portland,pm25,168,9.0,49.0,19.0,365.42
2022-06-18,US,Boise,pm25,82,5.0,34.0,13.0,703.55
2022-06-18,US,Austin,pm25,24,9.0,80.0,53.0,3214.49
2022-06-18,US,Honolulu,pm25,48,5.0,42.0,21.0,785.51
2022-06-18,US,Fresno,pm25,33,3.0,42.0,20.0,1202.8
2022-06-18,US,Milwaukee,pm25,142,13.0,49.0,17.0,352.93
2022-06-18,US,Hartford,pm25,48,4.0,45.0,11.0,738.51
2022-06-18,US,Washington D.C.,pm25,114,5.0,42.0,20.0,419.78
2022-06-18,US,Chicago,pm25,235,1.0,44.0,15.0,321.91
2022-06-18,US,Houston,pm25,96,18.0,70.0,55.0,909.36
2022-06-18,US,Indianapolis,pm25,79,14.0,78.0,18.0,921.41
2022-06-18,US,Atlanta,pm25,24,22.0,52.0,34.0,1038.48
2022-06-18,US,Charlotte,pm25,71,5.0,59.0,29.0,1796.85
2022-06-18,US,Sacramento,pm25,69,5.0,65.0,13.0,920.73
2022-06-18,US,Oakland,pm25,105,5.0,42.0,17.0,774.45
2022-06-18,US,Providence,pm25,40,5.0,38.0,9.0,1008.71
2022-06-18,US,Staten Island,pm25,96,1.0,97.0,18.0,3098.55
2022-06-18,US,Brooklyn,pm25,88,1.0,34.0,8.0,511.5
2022-06-18,US,Springfield,pm25,71,2.0,57.0,20.0,1292.93
2022-06-18,US,The Bronx,pm25,32,1.0,12.0,4.0,108.23
2022-06-18,US,San Jose,pm25,86,5.0,46.0,17.0,770.29
2022-06-18,US,Los Angeles,pm25,24,26.0,66.0,45.0,1161.74
2022-06-18,US,Detroit,pm25,168,15.0,57.0,20.0,578.39
2022-06-18,US,Little Rock,pm25,24,12.0,43.0,15.0,505.05
2022-06-18,US,Baltimore,pm25,47,13.0,42.0,20.0,397.31
2022-06-18,US,Phoenix,pm25,141,7.0,127.0,36.0,1926.69
2022-06-18,US,Omaha,pm25,45,13.0,95.0,38.0,8184.37
2022-06-18,US,El Paso,pm25,168,5.0,91.0,42.0,3106.73
2022-06-18,US,Dallas,pm25,24,30.0,61.0,46.0,808.68
2022-06-18,US,Seattle,pm25,218,5.0,38.0,17.0,507.8
2022-06-18,US,Manhattan,pm25,52,1.0,38.0,9.0,747.3
2022-06-18,US,Miami,pm25,47,19.0,38.0,27.0,225.22
2022-06-18,US,Jacksonville,pm25,144,12.0,72.0,40.0,1216.27
2022-06-18,US,San Antonio,pm25,94,5.0,87.0,57.0,3803.19
2022-06-18,US,Philadelphia,pm25,57,2.0,55.0,17.0,1547.29
2022-06-18,US,Columbus,pm25,48,3.0,57.0,15.0,1019.41
2022-06-18,US,Saint Paul,pm25,135,5.0,59.0,17.0,947.88
2022-06-18,US,Denver,pm25,140,9.0,53.0,21.0,889.3
2022-06-18,US,Salt Lake City,pm25,216,25.0,158.0,70.0,10997.7
2022-06-18,US,Albuquerque,pm25,72,15.0,59.0,33.0,1759.14
2022-06-18,US,San Francisco,pm25,70,5.0,74.0,21.0,2008.11
2022-06-18,US,Salem,pm25,72,9.0,25.0,15.0,111.22
2022-06-18,US,Madison,pm25,48,13.0,57.0,17.0,605.51
2022-06-18,US,Nashville,pm25,71,5.0,53.0,30.0,1260.1
2022-06-18,US,Tucson,pm25,167,5.0,87.0,25.0,1542.79
2022-06-18,US,Queens,pm25,74,1.0,25.0,9.0,405.26
2022-06-18,US,Tallahassee,pm25,71,11.0,73.0,50.0,1212.04
2022-06-18,US,Fort Worth,pm25,48,42.0,71.0,56.0,591.91
2022-06-18,RS,Novi Sad,pm25,48,1.0,51.0,5.0,2582.27
2022-06-18,RS,Niš,pm25,48,20.0,63.0,43.0,1290.49
2022-06-18,RS,Belgrade,pm25,120,9.0,152.0,38.0,4547.66
2022-06-18,CY,Nicosia,pm25,24,18.0,85.0,59.0,1775.87
2022-06-18,CY,Limassol,pm25,24,41.0,76.0,57.0,987.66
2022-06-18,HR,Zagreb,pm25,24,16.0,58.0,31.0,2100.42
2022-06-18,HR,Rijeka,pm25,24,12.0,48.0,23.0,1016.45
2022-06-18,MK,Skopje,pm25,164,5.0,88.0,36.0,2710.55
2022-06-19,GE,Tbilisi,pm25,96,51.0,117.0,58.0,5188.77
2022-06-19,HU,Győr,pm25,46,5.0,59.0,30.0,1906.05
2022-06-19,HU,Szeged,pm25,21,9.0,50.0,34.0,2282.57
2022-06-19,HU,Pécs,pm25,45,13.0,57.0,17.0,1678.36
2022-06-19,HU,Kecskemét,pm25,44,9.0,50.0,21.0,1999.43
2022-06-19,HU,Miskolc,pm25,103,13.0,65.0,30.0,1490.44
2022-06-19,HU,Budapest,pm25,53,30.0,55.0,38.0,505.52
2022-06-19,JP,Fukuoka,pm25,383,5.0,151.0,38.0,3519.4
2022-06-19,JP,Kanazawa,pm25,237,5.0,80.0,42.0,2316.21
2022-06-19,JP,Kumamoto,pm25,322,5.0,107.0,34.0,3241.18
2022-06-19,JP,Akita,pm25,48,5.0,80.0,57.0,2330.42
2022-06-19,JP,Kochi,pm25,48,5.0,61.0,30.0,2006.59
2022-06-19,JP,Gifu-shi,pm25,150,5.0,85.0,38.0,4075.16
2022-06-19,JP,Kyoto,pm25,582,5.0,89.0,50.0,3465.6
2022-06-19,JP,Hiroshima,pm25,329,5.0,112.0,63.0,4271.07
2022-06-19,JP,Shizuoka,pm25,234,5.0,89.0,25.0,2847.65
2022-06-19,JP,Chiba,pm25,712,5.0,87.0,30.0,2932.95
2022-06-19,JP,Sapporo,pm25,216,9.0,93.0,55.0,1019.5
2022-06-19,JP,Yokohama,pm25,516,1.0,78.0,25.0,2161.15
2022-06-19,JP,Tokyo,pm25,2520,1.0,134.0,34.0,2160.57
2022-06-19,JP,Saitama,pm25,498,5.0,91.0,42.0,3337.18
2022-06-19,JP,Naha,pm25,120,5.0,55.0,9.0,827.18
2022-06-19,JP,Nagasaki,pm25,182,5.0,50.0,21.0,917.96
2022-06-19,JP,Toyama,pm25,186,9.0,104.0,57.0,2455.01
2022-06-19,JP,Niigata,pm25,216,21.0,89.0,55.0,2036.43
2022-06-19,JP,Nara-shi,pm25,190,9.0,80.0,46.0,2669.53
2022-06-19,JP,Okayama,pm25,260,5.0,93.0,57.0,4121.08
2022-06-19,JP,Sendai,pm25,475,46.0,127.0,70.0,1457.69
2022-06-19,JP,Osaka,pm25,1432,5.0,107.0,38.0,3082.34
2022-06-19,JP,Miyazaki,pm25,139,5.0,95.0,50.0,3592.23
2022-06-19,JP,Matsuyama,pm25,167,5.0,93.0,57.0,3613.23
2022-06-19,JP,Wakayama,pm25,282,5.0,70.0,25.0,2393.17
2022-06-19,JP,Takamatsu,pm25,240,5.0,76.0,53.0,2931.51
2022-06-19,JP,Nagoya,pm25,752,5.0,107.0,25.0,3316.04
2022-06-19,JP,Ōita,pm25,261,9.0,87.0,61.0,1694.79
2022-06-19,JP,Kobe,pm25,418,5.0,104.0,25.0,3062.07
2022-06-19,JP,Nagano,pm25,72,25.0,85.0,61.0,1962.03
2022-06-19,JP,Utsunomiya,pm25,407,5.0,107.0,55.0,4151.73
2022-06-19,JP,Kagoshima,pm25,88,9.0,68.0,30.0,1600.1
2022-06-19,SK,Košice,pm25,96,13.0,122.0,55.0,2076.63
2022-06-19,SK,Bratislava,pm25,96,21.0,57.0,38.0,731.71
2022-06-19,FI,Vantaa,pm25,17,5.0,55.0,30.0,2750.29
2022-06-19,FI,Turku,pm25,24,3.0,32.0,11.0,496.79
2022-06-19,FI,Helsinki,pm25,120,2.0,57.0,11.0,3285.33
2022-06-19,FI,Tampere,pm25,96,3.0,56.0,12.0,1697.46
2022-06-19,ET,Addis Ababa,pm25,24,34.0,151.0,74.0,9612.59
2022-06-19,CH,Zürich,pm25,23,1.0,4.0,2.0,6.01
2022-06-19,CO,Bogotá,pm25,327,5.0,95.0,42.0,4385.72
2022-06-19,CO,Medellín,pm25,278,17.0,99.0,53.0,3227.33
2022-06-19,DK,Copenhagen,pm25,24,16.0,40.0,28.0,356.36
2022-06-19,GB,Edinburgh,pm25,258,5.0,63.0,17.0,1484.63
2022-06-19,GB,Norwich,pm25,21,17.0,29.0,19.0,139.62
2022-06-19,GB,Liverpool,pm25,35,17.0,87.0,25.0,1473.5
2022-06-19,GB,Belfast,pm25,54,14.0,47.0,27.0,331.09
2022-06-19,GB,Coventry,pm25,54,19.0,41.0,24.0,257.74
2022-06-19,GB,Leeds,pm25,13,21.0,32.0,25.0,132.31
2022-06-19,GB,Cardiff,pm25,88,21.0,55.0,34.0,1051.72
2022-06-19,GB,Bristol,pm25,66,17.0,57.0,34.0,892.36
2022-06-19,GB,London,pm25,522,3.0,62.0,26.0,1315.89
2022-06-19,GB,Birmingham,pm25,37,23.0,49.0,30.0,474.97
2022-06-19,GB,Sheffield,pm25,70,17.0,55.0,25.0,505.85
2022-06-19,GB,Newport,pm25,46,8.0,30.0,14.0,398.07
2022-06-19,GB,Leicester,pm25,23,17.0,37.0,25.0,214.03
2022-06-19,GB,Manchester,pm25,80,17.0,52.0,32.0,908.63
2022-06-19,GB,Reading,pm25,22,5.0,13.0,9.0,113.94
2022-06-19,GB,Plymouth,pm25,41,9.0,38.0,17.0,486.56
2022-06-19,GB,Glasgow,pm25,567,5.0,58.0,18.0,1640.96
2022-06-19,GB,Preston,pm25,41,14.0,50.0,30.0,887.9
2022-06-19,GB,Swansea,pm25,150,5.0,42.0,21.0,781.21
2022-06-19,GB,Southend-on-Sea,pm25,19,17.0,42.0,21.0,313.16
2022-06-19,ID,Jakarta,pm25,71,65.0,168.0,132.0,9024.78
2022-06-19,NP,Kathmandu,pm25,72,13.0,92.0,68.0,2689.01
2022-06-19,NP,Pokhara,pm25,24,12.0,50.0,24.0,1625.49
2022-06-19,AU,Sydney,pm25,154,2.0,59.0,17.0,1006.4
2022-06-19,AU,Newcastle,pm25,125,2.0,39.0,13.0,580.93
2022-06-19,AU,Launceston,pm25,159,5.0,179.0,34.0,20069.8
2022-06-19,AU,Hobart,pm25,66,5.0,93.0,34.0,5027.44
2022-06-19,AU,Darwin,pm25,72,12.0,126.0,63.0,4863.09
2022-06-19,AU,Melbourne,pm25,139,6.0,114.0,45.0,7084.06
2022-06-19,AU,Canberra,pm25,64,9.0,157.0,36.0,19740.2
2022-06-19,AU,Adelaide,pm25,86,3.0,28.0,13.0,339.1
2022-06-19,AU,Brisbane,pm25,216,2.0,76.0,21.0,2775.7
2022-06-19,AU,Perth,pm25,74,2.0,20.0,6.0,231.08
2022-06-19,AU,Wollongong,pm25,43,1.0,44.0,14.0,1012.82
2022-06-19,CI,Abidjan,pm25,24,9.0,97.0,34.0,5867.75
2022-06-19,GH,Accra,pm25,24,38.0,153.0,65.0,8705.2
2022-06-19,IQ,Baghdad,pm25,24,155.0,353.0,165.0,27591.3
2022-06-19,IS,Reykjavík,pm25,91,1.0,71.0,14.0,3280.19
2022-06-19,NL,Utrecht,pm25,48,1.0,50.0,26.0,1338.56
2022-06-19,NL,Nijmegen,pm25,24,10.0,46.0,29.0,836.79
2022-06-19,NL,Haarlem,pm25,134,1.0,73.0,23.0,1879.34
2022-06-19,NL,Eindhoven,pm25,24,4.0,61.0,36.0,1539.84
2022-06-19,NL,Rotterdam,pm25,162,6.0,48.0,24.0,367.72
2022-06-19,NL,Amsterdam,pm25,258,2.0,40.0,21.0,590.97
2022-06-19,NL,Dordrecht,pm25,24,13.0,46.0,30.0,852.01
2022-06-19,NL,Breda,pm25,24,5.0,31.0,15.0,470.27
2022-06-19,NL,Groningen,pm25,47,1.0,52.0,21.0,1085.98
2022-06-19,NL,Maastricht,pm25,92,5.0,70.0,30.0,2243.67
2022-06-19,NL,The Hague,pm25,69,1.0,41.0,22.0,576.85
2022-06-19,PT,Lisbon,pm25,92,10.0,60.0,19.0,1261.97
2022-06-19,PT,Funchal,pm25,54,1.0,28.0,14.0,591.2
2022-06-19,CA,Hamilton,pm25,74,5.0,78.0,13.0,1257.85
2022-06-19,CA,Calgary,pm25,47,1.0,52.0,13.0,920.53
2022-06-19,CA,Halifax,pm25,46,8.0,30.0,17.0,373.16
2022-06-19,CA,Kitchener,pm25,26,5.0,34.0,9.0,775.46
2022-06-19,CA,Edmonton,pm25,122,2.0,114.0,21.0,3866.89
2022-06-19,CA,Mississauga,pm25,65,5.0,89.0,17.0,2943.28
2022-06-19,CA,Québec,pm25,142,7.0,35.0,14.0,243.3
2022-06-19,CA,Vancouver,pm25,21,13.0,27.0,21.0,139.48
2022-06-19,CA,Victoria,pm25,30,5.0,21.0,13.0,217.75
2022-06-19,CA,Montréal,pm25,345,3.0,41.0,12.0,422.5
2022-06-19,CA,Toronto,pm25,117,5.0,38.0,17.0,605.5
2022-06-19,CA,Ottawa,pm25,54,5.0,38.0,16.0,587.42
2022-06-19,CA,London,pm25,46,9.0,46.0,21.0,791.1
2022-06-19,US,Oklahoma City,pm25,96,32.0,63.0,50.0,824.9
2022-06-19,US,Raleigh,pm25,63,5.0,61.0,17.0,890.05
2022-06-19,US,Memphis,pm25,71,14.0,45.0,24.0,408.53
2022-06-19,US,Jackson,pm25,72,22.0,59.0,35.0,818.59
2022-06-19,US,Boston,pm25,111,5.0,42.0,17.0,643.12
2022-06-19,US,Richmond,pm25,96,14.0,40.0,17.0,464.84
2022-06-19,US,Portland,pm25,166,5.0,48.0,13.0,760.6
2022-06-19,US,Boise,pm25,74,5.0,59.0,9.0,544.1
2022-06-19,US,Austin,pm25,24,17.0,53.0,30.0,1278.1
2022-06-19,US,Honolulu,pm25,45,5.0,30.0,17.0,462.09
2022-06-19,US,Fresno,pm25,44,2.0,34.0,17.0,682.6
2022-06-19,US,Milwaukee,pm25,144,16.0,56.0,26.0,858.05
2022-06-19,US,Hartford,pm25,48,13.0,21.0,17.0,49.22
2022-06-19,US,Washington D.C.,pm25,116,5.0,34.0,17.0,331.3
2022-06-19,US,Chicago,pm25,240,4.0,59.0,23.0,914.2
2022-06-19,US,Houston,pm25,96,17.0,70.0,49.0,776.14
2022-06-19,US,Indianapolis,pm25,78,4.0,77.0,25.0,1895.06
2022-06-19,US,Atlanta,pm25,24,18.0,56.0,22.0,994.33
2022-06-19,US,Charlotte,pm25,72,5.0,102.0,17.0,1801.41
2022-06-19,US,Sacramento,pm25,63,5.0,42.0,18.0,879.99
2022-06-19,US,Oakland,pm25,117,5.0,63.0,30.0,1403.4
2022-06-19,US,Providence,pm25,34,5.0,38.0,9.0,769.39
2022-06-19,US,Staten Island,pm25,96,1.0,91.0,16.0,2214.79
2022-06-19,US,Brooklyn,pm25,92,1.0,28.0,9.0,563.83
2022-06-19,US,Springfield,pm25,70,11.0,53.0,21.0,607.99
2022-06-19,US,The Bronx,pm25,33,1.0,18.0,6.0,249.22
2022-06-19,US,San Jose,pm25,87,5.0,147.0,25.0,3450.39
2022-06-19,US,Los Angeles,pm25,24,35.0,65.0,50.0,434.62
2022-06-19,US,Detroit,pm25,168,21.0,86.0,36.0,2218.59
2022-06-19,US,Little Rock,pm25,23,1.0,17.0,10.0,255.46
2022-06-19,US,Baltimore,pm25,48,5.0,54.0,18.0,1096.86
2022-06-19,US,Phoenix,pm25,139,5.0,152.0,29.0,3025.37
2022-06-19,US,Omaha,pm25,48,13.0,93.0,42.0,2503.4
2022-06-19,US,El Paso,pm25,168,5.0,89.0,30.0,3123.65
2022-06-19,US,Dallas,pm25,24,25.0,65.0,50.0,1144.62
2022-06-19,US,Seattle,pm25,224,5.0,50.0,16.0,619.38
2022-06-19,US,Manhattan,pm25,57,2.0,32.0,11.0,563.13
2022-06-19,US,Miami,pm25,47,16.0,31.0,24.0,114.71
2022-06-19,US,Jacksonville,pm25,144,25.0,152.0,42.0,1563.77
2022-06-19,US,San Antonio,pm25,93,3.0,62.0,30.0,2739.47
2022-06-19,US,Philadelphia,pm25,65,2.0,151.0,18.0,4209.29
2022-06-19,US,Columbus,pm25,47,5.0,59.0,19.0,1628.45
2022-06-19,US,Saint Paul,pm25,141,5.0,70.0,34.0,2956.01
2022-06-19,US,Denver,pm25,136,5.0,21.0,9.0,191.55
2022-06-19,US,Salt Lake City,pm25,216,11.0,147.0,42.0,8940.16
2022-06-19,US,Albuquerque,pm25,72,13.0,40.0,22.0,255.76
2022-06-19,US,San Francisco,pm25,72,13.0,80.0,34.0,3075.9
2022-06-19,US,Salem,pm25,72,7.0,26.0,9.0,283.09
2022-06-19,US,Madison,pm25,48,16.0,36.0,19.0,194.61
2022-06-19,US,Nashville,pm25,70,5.0,41.0,20.0,624.53
2022-06-19,US,Tucson,pm25,168,9.0,72.0,30.0,1444.64
2022-06-19,US,Queens,pm25,84,1.0,28.0,12.0,590.51
2022-06-19,US,Tallahassee,pm25,71,23.0,92.0,48.0,2049.03
2022-06-19,US,Fort Worth,pm25,48,3.0,68.0,51.0,1274.46
2022-06-19,RS,Novi Sad,pm25,48,1.0,57.0,5.0,3489.43
2022-06-19,RS,Niš,pm25,48,9.0,59.0,26.0,2002.48
2022-06-19,RS,Belgrade,pm25,120,13.0,90.0,39.0,2778.03
2022-06-19,CY,Nicosia,pm25,24,31.0,79.0,64.0,1100.27
2022-06-19,CY,Limassol,pm25,24,36.0,79.0,59.0,1044.33
2022-06-19,HR,Zagreb,pm25,23,27.0,68.0,50.0,2334.31
2022-06-19,HR,Rijeka,pm25,23,17.0,55.0,25.0,1685.89
2022-06-19,MK,Skopje,pm25,118,5.0,70.0,35.0,2541.21
2022-06-20,GE,Tbilisi,pm25,96,53.0,106.0,56.0,3100.56
2022-06-20,HU,Győr,pm25,48,25.0,76.0,50.0,2137.85
2022-06-20,HU,Szeged,pm25,24,17.0,59.0,30.0,2210.43
2022-06-20,HU,Pécs,pm25,69,25.0,55.0,38.0,967.02
2022-06-20,HU,Kecskemét,pm25,48,17.0,59.0,34.0,1401.68
2022-06-20,HU,Miskolc,pm25,114,17.0,74.0,34.0,1644.96
2022-06-20,HU,Budapest,pm25,97,17.0,157.0,34.0,5039.93
2022-06-20,JP,Fukuoka,pm25,387,5.0,102.0,34.0,3120.23
2022-06-20,JP,Kanazawa,pm25,239,5.0,70.0,50.0,2103.21
2022-06-20,JP,Kumamoto,pm25,305,5.0,119.0,25.0,3416.74
2022-06-20,JP,Akita,pm25,48,30.0,82.0,53.0,1527.41
2022-06-20,JP,Kochi,pm25,48,5.0,87.0,53.0,3559.46
2022-06-20,JP,Gifu-shi,pm25,161,5.0,119.0,65.0,3840.81
2022-06-20,JP,Kyoto,pm25,586,9.0,114.0,70.0,3579.66
2022-06-20,JP,Hiroshima,pm25,335,9.0,112.0,63.0,2024.73
2022-06-20,JP,Shizuoka,pm25,257,5.0,89.0,46.0,2579.26
2022-06-20,JP,Chiba,pm25,754,5.0,129.0,50.0,3062.79
2022-06-20,JP,Sapporo,pm25,211,5.0,74.0,34.0,2175.17
2022-06-20,JP,Yokohama,pm25,539,1.0,95.0,46.0,3177.15
2022-06-20,JP,Tokyo,pm25,2472,1.0,127.0,55.0,1885.31
2022-06-20,JP,Saitama,pm25,493,25.0,80.0,59.0,932.97
2022-06-20,JP,Naha,pm25,129,5.0,38.0,13.0,810.28
2022-06-20,JP,Nagasaki,pm25,159,5.0,57.0,13.0,842.58
2022-06-20,JP,Toyama,pm25,186,30.0,99.0,55.0,1215.66
2022-06-20,JP,Niigata,pm25,213,17.0,85.0,53.0,1051.57
2022-06-20,JP,Nara-shi,pm25,178,21.0,89.0,55.0,2208.46
2022-06-20,JP,Okayama,pm25,276,21.0,99.0,61.0,3035.62
2022-06-20,JP,Sendai,pm25,466,30.0,153.0,57.0,684.58
2022-06-20,JP,Osaka,pm25,1443,5.0,112.0,59.0,3719.36
2022-06-20,JP,Miyazaki,pm25,122,5.0,65.0,25.0,2321.76
2022-06-20,JP,Matsuyama,pm25,168,13.0,119.0,68.0,2819.28
2022-06-20,JP,Wakayama,pm25,286,5.0,78.0,46.0,4015.37
2022-06-20,JP,Takamatsu,pm25,236,9.0,87.0,55.0,3351.41
2022-06-20,JP,Nagoya,pm25,765,5.0,119.0,59.0,3211.98
2022-06-20,JP,Ōita,pm25,258,9.0,87.0,53.0,2166.95
2022-06-20,JP,Kobe,pm25,428,5.0,93.0,57.0,3157.51
2022-06-20,JP,Nagano,pm25,70,21.0,91.0,55.0,2554.12
2022-06-20,JP,Utsunomiya,pm25,408,30.0,89.0,61.0,1427.12
2022-06-20,JP,Kagoshima,pm25,82,5.0,61.0,21.0,1090.26
2022-06-20,SK,Košice,pm25,96,34.0,89.0,59.0,1267.57
2022-06-20,SK,Bratislava,pm25,95,17.0,99.0,50.0,1740.06
2022-06-20,FI,Vantaa,pm25,24,3.0,30.0,14.0,547.37
2022-06-20,FI,Turku,pm25,24,4.0,24.0,10.0,274.78
2022-06-20,FI,Helsinki,pm25,120,4.0,52.0,12.0,568.22
2022-06-20,FI,Tampere,pm25,96,6.0,26.0,14.0,213.79
2022-06-20,ET,Addis Ababa,pm25,24,34.0,139.0,87.0,11396.5
2022-06-20,CH,Zürich,pm25,21,1.0,3.0,2.0,3.48
2022-06-20,CO,Bogotá,pm25,316,5.0,107.0,30.0,5063.31
2022-06-20,CO,Medellín,pm25,262,13.0,68.0,46.0,1491.13
2022-06-20,DK,Copenhagen,pm25,24,18.0,58.0,27.0,1051.88
2022-06-20,GB,Edinburgh,pm25,259,12.0,61.0,20.0,549.04
2022-06-20,GB,Norwich,pm25,23,17.0,36.0,27.0,283.56
2022-06-20,GB,Liverpool,pm25,28,17.0,38.0,22.0,276.61
2022-06-20,GB,Belfast,pm25,38,24.0,46.0,30.0,217.58
2022-06-20,GB,Coventry,pm25,43,18.0,59.0,23.0,764.44
2022-06-20,GB,Leeds,pm25,20,16.0,32.0,18.0,127.47
2022-06-20,GB,Cardiff,pm25,96,30.0,68.0,46.0,800.42
2022-06-20,GB,Bristol,pm25,59,25.0,55.0,38.0,645.98
2022-06-20,GB,London,pm25,536,3.0,149.0,30.0,1871.69
2022-06-20,GB,Birmingham,pm25,31,21.0,45.0,30.0,368.58
2022-06-20,GB,Sheffield,pm25,60,13.0,34.0,24.0,246.73
2022-06-20,GB,Newport,pm25,42,13.0,24.0,18.0,51.81
2022-06-20,GB,Leicester,pm25,18,18.0,61.0,21.0,1102.22
2022-06-20,GB,Manchester,pm25,79,9.0,39.0,23.0,375.64
2022-06-20,GB,Reading,pm25,43,5.0,38.0,13.0,818.85
2022-06-20,GB,Plymouth,pm25,40,17.0,102.0,25.0,3011.69
2022-06-20,GB,Glasgow,pm25,565,3.0,38.0,23.0,250.79
2022-06-20,GB,Preston,pm25,38,14.0,32.0,21.0,98.26
2022-06-20,GB,Swansea,pm25,163,9.0,68.0,30.0,1219.04
2022-06-20,GB,Southend-on-Sea,pm25,35,17.0,35.0,29.0,306.52
2022-06-20,ID,Jakarta,pm25,71,74.0,183.0,142.0,8069.36
2022-06-20,NP,Kathmandu,pm25,71,65.0,122.0,82.0,1458.49
2022-06-20,NP,Pokhara,pm25,24,37.0,72.0,51.0,786.88
2022-06-20,AU,Sydney,pm25,163,1.0,62.0,20.0,1443.56
2022-06-20,AU,Newcastle,pm25,129,1.0,66.0,15.0,1580.78
2022-06-20,AU,Launceston,pm25,142,9.0,142.0,13.0,7676.28
2022-06-20,AU,Hobart,pm25,56,5.0,57.0,17.0,1643.63
2022-06-20,AU,Darwin,pm25,72,25.0,111.0,64.0,4387.32
2022-06-20,AU,Melbourne,pm25,128,3.0,79.0,23.0,3313.29
2022-06-20,AU,Canberra,pm25,66,1.0,109.0,35.0,8028.85
2022-06-20,AU,Adelaide,pm25,84,2.0,46.0,13.0,883.85
2022-06-20,AU,Brisbane,pm25,213,1.0,74.0,18.0,1371.79
2022-06-20,AU,Perth,pm25,78,2.0,22.0,7.0,167.7
2022-06-20,AU,Wollongong,pm25,40,1.0,46.0,16.0,1640.87
2022-06-20,CI,Abidjan,pm25,24,9.0,70.0,50.0,4005.63
2022-06-20,GH,Accra,pm25,24,17.0,119.0,50.0,4346.07
2022-06-20,IQ,Baghdad,pm25,24,168.0,426.0,190.0,31580.6
2022-06-20,IS,Reykjavík,pm25,94,1.0,28.0,10.0,276.72
2022-06-20,KG,Bishkek,pm25,24,25.0,82.0,42.0,1829.98
2022-06-20,NL,Utrecht,pm25,48,19.0,58.0,33.0,694.26
2022-06-20,NL,Nijmegen,pm25,24,12.0,49.0,22.0,780.85
2022-06-20,NL,Haarlem,pm25,140,1.0,63.0,25.0,1520.21
2022-06-20,NL,Eindhoven,pm25,23,4.0,80.0,51.0,3596.21
2022-06-20,NL,Rotterdam,pm25,192,4.0,52.0,23.0,319.9
2022-06-20,NL,Amsterdam,pm25,246,2.0,53.0,24.0,827.95
2022-06-20,NL,Dordrecht,pm25,24,9.0,50.0,26.0,909.78
2022-06-20,NL,Breda,pm25,24,6.0,35.0,23.0,664.06
2022-06-20,NL,Groningen,pm25,48,2.0,53.0,18.0,858.93
2022-06-20,NL,Maastricht,pm25,85,9.0,63.0,25.0,1596.56
2022-06-20,NL,The Hague,pm25,67,1.0,45.0,23.0,896.83
2022-06-20,PT,Lisbon,pm25,65,11.0,62.0,18.0,1207.35
2022-06-20,PT,Funchal,pm25,52,1.0,44.0,13.0,1053.91
2022-06-20,CA,Hamilton,pm25,80,9.0,61.0,25.0,1384.61
2022-06-20,CA,Calgary,pm25,81,1.0,33.0,12.0,545.58
2022-06-20,CA,Halifax,pm25,46,4.0,18.0,10.0,125.55
2022-06-20,CA,Kitchener,pm25,42,9.0,63.0,25.0,2671.81
2022-06-20,CA,Edmonton,pm25,132,6.0,55.0,16.0,1389.75
2022-06-20,CA,Mississauga,pm25,72,9.0,61.0,25.0,1343.65
2022-06-20,CA,Québec,pm25,154,9.0,44.0,20.0,325.86
2022-06-20,CA,Vancouver,pm25,23,7.0,11.0,9.0,12.65
2022-06-20,CA,Victoria,pm25,38,5.0,34.0,13.0,599.84
2022-06-20,CA,Montréal,pm25,410,15.0,86.0,35.0,1634.51
2022-06-20,CA,Toronto,pm25,140,9.0,57.0,25.0,1015.97
2022-06-20,CA,Ottawa,pm25,72,25.0,53.0,42.0,528.35
2022-06-20,CA,London,pm25,46,21.0,65.0,34.0,988.73
2022-06-20,US,Oklahoma City,pm25,96,30.0,68.0,51.0,529.88
2022-06-20,US,Raleigh,pm25,70,5.0,55.0,26.0,1190.93
2022-06-20,US,Memphis,pm25,72,10.0,65.0,35.0,1186.13
2022-06-20,US,Jackson,pm25,72,27.0,65.0,51.0,726.99
2022-06-20,US,Boston,pm25,126,5.0,46.0,25.0,622.72
2022-06-20,US,Richmond,pm25,96,15.0,44.0,25.0,429.43
2022-06-20,US,Portland,pm25,165,5.0,59.0,14.0,442.45
2022-06-20,US,Boise,pm25,71,5.0,30.0,13.0,604.28
2022-06-20,US,Austin,pm25,24,17.0,61.0,34.0,1809.55
2022-06-20,US,Honolulu,pm25,32,5.0,55.0,17.0,934.67
2022-06-20,US,Fresno,pm25,47,8.0,46.0,24.0,823.37
2022-06-20,US,Milwaukee,pm25,143,20.0,55.0,26.0,738.12
2022-06-20,US,Hartford,pm25,47,15.0,50.0,22.0,508.98
2022-06-20,US,Washington D.C.,pm25,117,5.0,46.0,23.0,498.78
2022-06-20,US,Chicago,pm25,234,5.0,57.0,28.0,695.38
2022-06-20,US,Houston,pm25,79,30.0,73.0,54.0,874.12
2022-06-20,US,Indianapolis,pm25,91,5.0,74.0,30.0,1993.12
2022-06-20,US,Atlanta,pm25,24,41.0,80.0,52.0,737.66
2022-06-20,US,Charlotte,pm25,72,9.0,57.0,29.0,1345.19
2022-06-20,US,Sacramento,pm25,72,5.0,73.0,25.0,1791.97
2022-06-20,US,Oakland,pm25,119,5.0,63.0,38.0,1313.43
2022-06-20,US,Providence,pm25,39,5.0,107.0,17.0,5762.0
2022-06-20,US,Staten Island,pm25,117,5.0,65.0,21.0,2013.07
2022-06-20,US,Brooklyn,pm25,119,1.0,87.0,18.0,2449.18
2022-06-20,US,Springfield,pm25,71,14.0,69.0,30.0,1639.13
2022-06-20,US,The Bronx,pm25,48,4.0,49.0,10.0,1530.14
2022-06-20,US,San Jose,pm25,95,5.0,89.0,30.0,1820.28
2022-06-20,US,Los Angeles,pm25,24,29.0,73.0,55.0,1033.32
2022-06-20,US,Detroit,pm25,168,23.0,70.0,39.0,1314.49
2022-06-20,US,Little Rock,pm25,23,10.0,20.0,13.0,41.34
2022-06-20,US,Baltimore,pm25,48,9.0,61.0,30.0,1160.07
2022-06-20,US,Phoenix,pm25,135,1.0,116.0,25.0,3221.52
2022-06-20,US,Omaha,pm25,48,25.0,70.0,53.0,1024.22
2022-06-20,US,El Paso,pm25,158,3.0,65.0,21.0,1441.26
2022-06-20,US,Dallas,pm25,24,25.0,65.0,46.0,1189.78
2022-06-20,US,Seattle,pm25,218,5.0,53.0,20.0,876.32
2022-06-20,US,Manhattan,pm25,71,1.0,68.0,18.0,2123.65
2022-06-20,US,Miami,pm25,59,15.0,41.0,26.0,272.51
2022-06-20,US,Jacksonville,pm25,144,13.0,49.0,30.0,394.05
2022-06-20,US,San Antonio,pm25,93,13.0,68.0,41.0,2054.71
2022-06-20,US,Philadelphia,pm25,58,5.0,82.0,30.0,1822.12
2022-06-20,US,Columbus,pm25,48,8.0,55.0,35.0,1587.51
2022-06-20,US,Saint Paul,pm25,141,17.0,78.0,42.0,1593.21
2022-06-20,US,Denver,pm25,137,9.0,38.0,17.0,253.31
2022-06-20,US,Salt Lake City,pm25,216,3.0,105.0,13.0,1401.92
2022-06-20,US,Albuquerque,pm25,72,17.0,84.0,24.0,1254.92
2022-06-20,US,San Francisco,pm25,71,17.0,74.0,42.0,1748.66
2022-06-20,US,Salem,pm25,72,8.0,24.0,11.0,187.02
2022-06-20,US,Madison,pm25,48,18.0,46.0,27.0,710.53
2022-06-20,US,Nashville,pm25,71,5.0,63.0,34.0,1584.66
2022-06-20,US,Tucson,pm25,163,5.0,65.0,30.0,1589.53
2022-06-20,US,Queens,pm25,95,1.0,118.0,23.0,6096.11
2022-06-20,US,Tallahassee,pm25,72,11.0,57.0,38.0,831.5
2022-06-20,US,Fort Worth,pm25,47,14.0,65.0,51.0,877.58
2022-06-20,RS,Novi Sad,pm25,48,1.0,60.0,3.0,4133.33
2022-06-20,RS,Niš,pm25,48,9.0,48.0,18.0,769.0
2022-06-20,RS,Belgrade,pm25,119,13.0,55.0,28.0,1268.6
2022-06-20,CY,Nicosia,pm25,24,53.0,77.0,66.0,413.62
2022-06-20,CY,Limassol,pm25,24,61.0,81.0,66.0,306.01
2022-06-20,HR,Zagreb,pm25,24,28.0,59.0,50.0,1003.41
2022-06-20,HR,Rijeka,pm25,24,36.0,60.0,46.0,512.1
2022-06-20,MK,Skopje,pm25,119,9.0,91.0,40.0,2726.74
2022-06-21,GE,Tbilisi,pm25,96,50.0,82.0,53.0,1153.38
2022-06-21,HU,Győr,pm25,46,21.0,76.0,46.0,2858.63
2022-06-21,HU,Szeged,pm25,23,25.0,78.0,53.0,2143.48
2022-06-21,HU,Pécs,pm25,57,21.0,50.0,42.0,771.71
2022-06-21,HU,Kecskemét,pm25,32,13.0,61.0,21.0,2772.54
2022-06-21,HU,Miskolc,pm25,102,9.0,68.0,17.0,3128.38
2022-06-21,HU,Budapest,pm25,110,5.0,63.0,21.0,2237.08
2022-06-21,JP,Fukuoka,pm25,348,5.0,152.0,17.0,2628.59
2022-06-21,JP,Kanazawa,pm25,240,17.0,82.0,65.0,890.85
2022-06-21,JP,Kumamoto,pm25,305,5.0,129.0,21.0,3513.81
2022-06-21,JP,Akita,pm25,47,25.0,147.0,59.0,3683.01
2022-06-21,JP,Kochi,pm25,43,5.0,63.0,21.0,3088.83
2022-06-21,JP,Gifu-shi,pm25,170,5.0,104.0,72.0,6350.9
2022-06-21,JP,Kyoto,pm25,571,5.0,80.0,38.0,3382.1
2022-06-21,JP,Hiroshima,pm25,293,5.0,104.0,25.0,3508.61
2022-06-21,JP,Shizuoka,pm25,248,5.0,91.0,46.0,4394.66
2022-06-21,JP,Chiba,pm25,770,5.0,134.0,57.0,3266.45
2022-06-21,JP,Sapporo,pm25,202,5.0,89.0,25.0,1513.51
2022-06-21,JP,Yokohama,pm25,532,1.0,139.0,63.0,6299.1
2022-06-21,JP,Tokyo,pm25,2473,5.0,263.0,63.0,2502.77
2022-06-21,JP,Saitama,pm25,497,25.0,95.0,63.0,822.18
2022-06-21,JP,Naha,pm25,135,5.0,50.0,17.0,867.43
2022-06-21,JP,Nagasaki,pm25,145,5.0,50.0,13.0,1390.84
2022-06-21,JP,Toyama,pm25,190,34.0,95.0,61.0,1226.9
2022-06-21,JP,Niigata,pm25,212,21.0,80.0,59.0,457.02
2022-06-21,JP,Nara-shi,pm25,156,5.0,63.0,34.0,2380.75
2022-06-21,JP,Okayama,pm25,275,5.0,87.0,34.0,3493.32
2022-06-21,JP,Sendai,pm25,453,13.0,80.0,50.0,1269.48
2022-06-21,JP,Osaka,pm25,1343,5.0,76.0,25.0,1726.11
2022-06-21,JP,Miyazaki,pm25,134,5.0,91.0,34.0,3616.15
2022-06-21,JP,Matsuyama,pm25,146,5.0,85.0,25.0,4365.76
2022-06-21,JP,Wakayama,pm25,272,5.0,50.0,21.0,874.26
2022-06-21,JP,Takamatsu,pm25,218,5.0,65.0,25.0,2821.96
2022-06-21,JP,Nagoya,pm25,734,5.0,95.0,57.0,6132.99
2022-06-21,JP,Ōita,pm25,231,5.0,70.0,25.0,1966.43
2022-06-21,JP,Kobe,pm25,405,5.0,53.0,17.0,673.97
2022-06-21,JP,Nagano,pm25,72,34.0,95.0,61.0,1801.02
2022-06-21,JP,Utsunomiya,pm25,387,17.0,85.0,61.0,950.7
2022-06-21,JP,Kagoshima,pm25,87,5.0,61.0,25.0,1539.35
2022-06-21,SK,Košice,pm25,96,5.0,184.0,42.0,9350.52
2022-06-21,SK,Bratislava,pm25,90,5.0,57.0,25.0,1595.47
2022-06-21,FI,Vantaa,pm25,24,6.0,43.0,17.0,969.11
2022-06-21,FI,Turku,pm25,24,6.0,32.0,16.0,339.13
2022-06-21,FI,Helsinki,pm25,120,11.0,56.0,21.0,479.7
2022-06-21,FI,Tampere,pm25,96,8.0,98.0,15.0,1169.1
2022-06-21,ET,Addis Ababa,pm25,24,72.0,157.0,124.0,8097.32
2022-06-21,CH,Zürich,pm25,24,1.0,3.0,2.0,3.41
2022-06-21,CO,Bogotá,pm25,329,4.0,137.0,50.0,6414.37
2022-06-21,CO,Medellín,pm25,251,17.0,87.0,55.0,1579.0
2022-06-21,DK,Copenhagen,pm25,24,22.0,51.0,39.0,754.71
2022-06-21,GB,Edinburgh,pm25,272,2.0,254.0,9.0,3099.59
2022-06-21,GB,Norwich,pm25,16,25.0,43.0,31.0,206.29
2022-06-21,GB,Liverpool,pm25,31,18.0,58.0,30.0,967.25
2022-06-21,GB,Belfast,pm25,56,4.0,34.0,21.0,481.97
2022-06-21,GB,Coventry,pm25,53,22.0,37.0,27.0,158.45
2022-06-21,GB,Leeds,pm25,33,21.0,57.0,28.0,1173.3
2022-06-21,GB,Cardiff,pm25,99,30.0,72.0,59.0,481.73
2022-06-21,GB,Bristol,pm25,66,30.0,70.0,50.0,596.84
2022-06-21,GB,London,pm25,550,3.0,165.0,34.0,1902.2
2022-06-21,GB,Birmingham,pm25,32,30.0,67.0,40.0,844.35
2022-06-21,GB,Sheffield,pm25,79,17.0,61.0,21.0,687.57
2022-06-21,GB,Newport,pm25,41,21.0,43.0,26.0,256.61
2022-06-21,GB,Leicester,pm25,19,28.0,53.0,34.0,299.83
2022-06-21,GB,Manchester,pm25,80,13.0,53.0,28.0,550.44
2022-06-21,GB,Reading,pm25,48,13.0,46.0,25.0,853.62
2022-06-21,GB,Plymouth,pm25,46,25.0,50.0,33.0,301.51
2022-06-21,GB,Glasgow,pm25,564,1.0,59.0,7.0,226.12
2022-06-21,GB,Preston,pm25,41,13.0,47.0,26.0,444.12
2022-06-21,GB,Swansea,pm25,166,17.0,114.0,46.0,2230.58
2022-06-21,GB,Southend-on-Sea,pm25,42,25.0,79.0,30.0,1416.36
2022-06-21,ID,Jakarta,pm25,71,70.0,167.0,122.0,8844.11
2022-06-21,NP,Kathmandu,pm25,48,38.0,107.0,72.0,1964.24
2022-06-21,NP,Pokhara,pm25,24,47.0,72.0,59.0,460.8
2022-06-21,AU,Sydney,pm25,157,1.0,70.0,34.0,2378.14
2022-06-21,AU,Newcastle,pm25,139,4.0,75.0,30.0,1914.33
2022-06-21,AU,Launceston,pm25,144,5.0,151.0,13.0,7023.81
2022-06-21,AU,Hobart,pm25,56,5.0,61.0,13.0,1207.95
2022-06-21,AU,Darwin,pm25,72,31.0,143.0,74.0,5033.7
2022-06-21,AU,Melbourne,pm25,133,1.0,67.0,18.0,2157.93
2022-06-21,AU,Canberra,pm25,69,1.0,133.0,36.0,13906.2
2022-06-21,AU,Adelaide,pm25,88,2.0,53.0,17.0,618.98
2022-06-21,AU,Brisbane,pm25,214,1.0,74.0,21.0,2103.72
2022-06-21,AU,Perth,pm25,75,2.0,30.0,9.0,385.24
2022-06-21,AU,Wollongong,pm25,38,1.0,86.0,19.0,3676.42
2022-06-21,CI,Abidjan,pm25,22,9.0,78.0,50.0,4652.9
2022-06-21,GH,Accra,pm25,24,13.0,80.0,34.0,3736.45
2022-06-21,IQ,Baghdad,pm25,22,153.0,460.0,183.0,102007.0
2022-06-21,IS,Reykjavík,pm25,96,4.0,27.0,12.0,308.99
2022-06-21,KG,Bishkek,pm25,24,30.0,72.0,46.0,1571.88
2022-06-21,NL,Utrecht,pm25,46,11.0,65.0,32.0,1360.66
2022-06-21,NL,Nijmegen,pm25,24,1.0,47.0,26.0,1146.07
2022-06-21,NL,Haarlem,pm25,139,3.0,85.0,35.0,2193.32
2022-06-21,NL,Eindhoven,pm25,23,24.0,69.0,54.0,1477.19
2022-06-21,NL,Rotterdam,pm25,192,16.0,55.0,31.0,612.87
2022-06-21,NL,Amsterdam,pm25,237,2.0,60.0,32.0,1196.07
2022-06-21,NL,Dordrecht,pm25,24,18.0,69.0,34.0,1325.49
2022-06-21,NL,Breda,pm25,24,11.0,41.0,26.0,613.32
2022-06-21,NL,Groningen,pm25,48,5.0,60.0,21.0,1095.42
2022-06-21,NL,Maastricht,pm25,94,5.0,72.0,34.0,1284.58
2022-06-21,NL,The Hague,pm25,72,7.0,72.0,35.0,1426.19
2022-06-21,PT,Lisbon,pm25,82,12.0,49.0,21.0,668.14
2022-06-21,PT,Funchal,pm25,50,1.0,19.0,9.0,319.76
2022-06-21,CA,Hamilton,pm25,90,21.0,80.0,55.0,1200.24
2022-06-21,CA,Calgary,pm25,92,5.0,41.0,20.0,673.07
2022-06-21,CA,Halifax,pm25,46,6.0,16.0,10.0,54.67
2022-06-21,CA,Kitchener,pm25,46,34.0,78.0,53.0,1113.08
2022-06-21,CA,Edmonton,pm25,134,3.0,63.0,25.0,1607.14
2022-06-21,CA,Mississauga,pm25,72,38.0,97.0,55.0,1758.21
2022-06-21,CA,Québec,pm25,174,16.0,53.0,33.0,988.65
2022-06-21,CA,Vancouver,pm25,23,10.0,38.0,23.0,791.66
2022-06-21,CA,Victoria,pm25,35,5.0,42.0,17.0,895.58
2022-06-21,CA,Montréal,pm25,442,21.0,73.0,40.0,1102.29
2022-06-21,CA,Toronto,pm25,135,13.0,151.0,46.0,3663.33
2022-06-21,CA,Ottawa,pm25,61,13.0,53.0,29.0,907.12
2022-06-21,CA,London,pm25,42,34.0,63.0,50.0,528.39
2022-06-21,US,Oklahoma City,pm25,96,39.0,71.0,58.0,665.32
2022-06-21,US,Raleigh,pm25,68,21.0,63.0,38.0,1011.62
2022-06-21,US,Memphis,pm25,71,2.0,83.0,56.0,1371.89
2022-06-21,US,Jackson,pm25,71,16.0,63.0,45.0,1121.98
2022-06-21,US,Boston,pm25,119,9.0,53.0,25.0,566.71
2022-06-21,US,Richmond,pm25,96,24.0,46.0,29.0,300.87
2022-06-21,US,Portland,pm25,165,5.0,59.0,16.0,742.07
2022-06-21,US,Boise,pm25,78,5.0,65.0,17.0,1076.02
2022-06-21,US,Austin,pm25,24,9.0,63.0,42.0,2959.13
2022-06-21,US,Honolulu,pm25,26,5.0,38.0,17.0,1124.55
2022-06-21,US,Fresno,pm25,48,5.0,64.0,36.0,1707.3
2022-06-21,US,Milwaukee,pm25,141,27.0,57.0,39.0,723.16
2022-06-21,US,Hartford,pm25,48,32.0,53.0,37.0,266.22
2022-06-21,US,Washington D.C.,pm25,113,17.0,55.0,29.0,556.37
2022-06-21,US,Chicago,pm25,219,6.0,98.0,45.0,1325.75
2022-06-21,US,Houston,pm25,72,18.0,72.0,54.0,1102.66
2022-06-21,US,Indianapolis,pm25,102,19.0,97.0,47.0,1018.8
2022-06-21,US,Atlanta,pm25,24,43.0,67.0,56.0,640.0
2022-06-21,US,Charlotte,pm25,72,17.0,68.0,42.0,1293.79
2022-06-21,US,Sacramento,pm25,63,5.0,53.0,17.0,1534.91
2022-06-21,US,Oakland,pm25,120,5.0,65.0,38.0,1897.18
2022-06-21,US,Providence,pm25,47,5.0,76.0,25.0,4541.48
2022-06-21,US,Staten Island,pm25,120,21.0,98.0,54.0,1457.79
2022-06-21,US,Brooklyn,pm25,119,24.0,100.0,44.0,1942.01
2022-06-21,US,Springfield,pm25,72,26.0,60.0,51.0,609.56
2022-06-21,US,The Bronx,pm25,48,24.0,72.0,42.0,1657.0
2022-06-21,US,San Jose,pm25,87,5.0,70.0,25.0,1966.09
2022-06-21,US,Los Angeles,pm25,24,59.0,77.0,69.0,239.13
2022-06-21,US,Detroit,pm25,168,40.0,102.0,54.0,1183.7
2022-06-21,US,Little Rock,pm25,24,12.0,56.0,15.0,1290.14
2022-06-21,US,Baltimore,pm25,46,25.0,70.0,43.0,923.21
2022-06-21,US,Phoenix,pm25,171,5.0,108.0,30.0,3089.08
2022-06-21,US,Omaha,pm25,44,5.0,55.0,25.0,1732.73
2022-06-21,US,El Paso,pm25,151,5.0,61.0,17.0,1425.43
2022-06-21,US,Dallas,pm25,23,5.0,91.0,59.0,2381.46
2022-06-21,US,Seattle,pm25,231,5.0,243.0,30.0,5767.42
2022-06-21,US,Manhattan,pm25,72,14.0,75.0,44.0,1519.52
2022-06-21,US,Miami,pm25,71,16.0,41.0,26.0,254.19
2022-06-21,US,Jacksonville,pm25,142,9.0,73.0,27.0,811.24
2022-06-21,US,San Antonio,pm25,93,12.0,78.0,48.0,1923.31
2022-06-21,US,Philadelphia,pm25,60,26.0,75.0,44.0,1159.69
2022-06-21,US,San Diego,pm25,23,30.0,99.0,62.0,2198.58
2022-06-21,US,Columbus,pm25,48,23.0,55.0,45.0,652.09
2022-06-21,US,Saint Paul,pm25,112,5.0,82.0,17.0,1822.51
2022-06-21,US,Denver,pm25,121,9.0,30.0,17.0,103.2
2022-06-21,US,Salt Lake City,pm25,216,5.0,80.0,15.0,875.77
2022-06-21,US,Albuquerque,pm25,71,4.0,37.0,17.0,558.13
2022-06-21,US,San Francisco,pm25,70,5.0,68.0,38.0,1868.01
2022-06-21,US,Salem,pm25,72,8.0,28.0,15.0,219.24
2022-06-21,US,Madison,pm25,45,20.0,57.0,33.0,1134.77
2022-06-21,US,Nashville,pm25,72,5.0,75.0,56.0,1758.8
2022-06-21,US,Tucson,pm25,163,5.0,82.0,21.0,1396.0
2022-06-21,US,Queens,pm25,96,22.0,100.0,52.0,2429.68
2022-06-21,US,Tallahassee,pm25,70,3.0,59.0,43.0,1764.9
2022-06-21,US,Fort Worth,pm25,46,34.0,74.0,56.0,742.65
2022-06-21,RS,Novi Sad,pm25,48,1.0,58.0,3.0,5072.91
2022-06-21,RS,Niš,pm25,48,22.0,71.0,40.0,1626.37
2022-06-21,RS,Belgrade,pm25,120,27.0,83.0,51.0,1464.75
2022-06-21,CY,Nicosia,pm25,24,44.0,94.0,70.0,1597.1
2022-06-21,CY,Limassol,pm25,24,37.0,84.0,64.0,1523.19
2022-06-21,HR,Zagreb,pm25,23,45.0,70.0,53.0,368.1
2022-06-21,HR,Rijeka,pm25,24,37.0,56.0,46.0,324.18
2022-06-21,MK,Skopje,pm25,145,25.0,162.0,56.0,11549.0
2022-06-22,GE,Tbilisi,pm25,96,17.0,79.0,42.0,1822.25
2022-06-22,HU,Győr,pm25,48,13.0,68.0,42.0,2580.99
2022-06-22,HU,Szeged,pm25,23,5.0,53.0,34.0,2524.47
2022-06-22,HU,Pécs,pm25,39,17.0,25.0,21.0,71.9
2022-06-22,HU,Kecskemét,pm25,42,9.0,46.0,17.0,1196.98
2022-06-22,HU,Miskolc,pm25,81,9.0,63.0,17.0,1996.19
2022-06-22,HU,Budapest,pm25,168,5.0,53.0,21.0,1025.39
2022-06-22,JP,Fukuoka,pm25,364,5.0,129.0,21.0,2921.31
2022-06-22,JP,Kanazawa,pm25,239,5.0,76.0,46.0,2750.86
2022-06-22,JP,Kumamoto,pm25,302,5.0,154.0,21.0,5014.48
2022-06-22,JP,Akita,pm25,47,25.0,93.0,55.0,1300.27
2022-06-22,JP,Kochi,pm25,47,9.0,78.0,59.0,3419.49
2022-06-22,JP,Gifu-shi,pm25,159,5.0,78.0,30.0,3221.51
2022-06-22,JP,Kyoto,pm25,513,5.0,72.0,30.0,2623.13
2022-06-22,JP,Hiroshima,pm25,285,5.0,74.0,34.0,2928.47
2022-06-22,JP,Shizuoka,pm25,200,5.0,68.0,21.0,2574.19
2022-06-22,JP,Chiba,pm25,776,5.0,112.0,53.0,4612.2
2022-06-22,JP,Sapporo,pm25,212,9.0,82.0,34.0,1598.32
2022-06-22,JP,Yokohama,pm25,503,1.0,122.0,50.0,6364.79
2022-06-22,JP,Tokyo,pm25,2460,5.0,114.0,55.0,4394.14
2022-06-22,JP,Saitama,pm25,503,9.0,82.0,57.0,2063.78
2022-06-22,JP,Naha,pm25,119,5.0,57.0,9.0,970.9
2022-06-22,JP,Nagasaki,pm25,176,5.0,57.0,21.0,944.2
2022-06-22,JP,Toyama,pm25,192,17.0,95.0,65.0,1505.23
2022-06-22,JP,Niigata,pm25,210,42.0,87.0,61.0,495.23
2022-06-22,JP,Nara-shi,pm25,154,5.0,57.0,25.0,2196.14
2022-06-22,JP,Okayama,pm25,280,5.0,80.0,38.0,3551.28
2022-06-22,JP,Sendai,pm25,452,5.0,57.0,34.0,708.88
2022-06-22,JP,Osaka,pm25,1242,5.0,109.0,30.0,3070.11
2022-06-22,JP,Miyazaki,pm25,123,5.0,78.0,42.0,3107.47
2022-06-22,JP,Matsuyama,pm25,144,5.0,74.0,34.0,2953.63
2022-06-22,JP,Wakayama,pm25,288,13.0,78.0,46.0,1463.03
2022-06-22,JP,Takamatsu,pm25,225,5.0,72.0,34.0,2372.21
2022-06-22,JP,Nagoya,pm25,729,5.0,82.0,25.0,2704.69
2022-06-22,JP,Ōita,pm25,246,5.0,68.0,38.0,2288.28
2022-06-22,JP,Kobe,pm25,397,5.0,68.0,34.0,2905.08
2022-06-22,JP,Nagano,pm25,72,17.0,78.0,57.0,2061.62
2022-06-22,JP,Utsunomiya,pm25,432,25.0,74.0,55.0,783.06
2022-06-22,JP,Kagoshima,pm25,86,5.0,93.0,21.0,2341.79
2022-06-22,SK,Košice,pm25,96,5.0,63.0,34.0,1649.15
2022-06-22,SK,Bratislava,pm25,95,9.0,61.0,34.0,1521.06
2022-06-22,FI,Vantaa,pm25,24,5.0,52.0,20.0,1654.49
2022-06-22,FI,Turku,pm25,24,9.0,27.0,18.0,219.4
2022-06-22,FI,Helsinki,pm25,117,13.0,54.0,20.0,356.09
2022-06-22,FI,Tampere,pm25,96,8.0,27.0,19.0,120.05
2022-06-22,ET,Addis Ababa,pm25,22,38.0,167.0,80.0,13281.6
2022-06-22,CH,Zürich,pm25,17,1.0,2.0,2.0,2.57
2022-06-22,CO,Bogotá,pm25,316,5.0,129.0,30.0,6041.79
2022-06-22,CO,Medellín,pm25,258,17.0,93.0,63.0,1937.34
2022-06-22,DK,Copenhagen,pm25,24,13.0,43.0,33.0,656.07
2022-06-22,GB,Edinburgh,pm25,279,2.0,68.0,10.0,628.32
2022-06-22,GB,Norwich,pm25,17,30.0,55.0,34.0,498.46
2022-06-22,GB,Liverpool,pm25,31,9.0,30.0,17.0,381.81
2022-06-22,GB,Belfast,pm25,38,10.0,39.0,21.0,541.48
2022-06-22,GB,Coventry,pm25,59,26.0,46.0,35.0,303.6
2022-06-22,GB,Leeds,pm25,31,21.0,53.0,38.0,948.56
2022-06-22,GB,Cardiff,pm25,120,21.0,74.0,55.0,1772.28
2022-06-22,GB,Bristol,pm25,68,25.0,78.0,46.0,1117.05
2022-06-22,GB,London,pm25,555,2.0,76.0,38.0,2851.31
2022-06-22,GB,Birmingham,pm25,36,28.0,59.0,38.0,665.04
2022-06-22,GB,Sheffield,pm25,69,15.0,46.0,25.0,453.82
2022-06-22,GB,Newport,pm25,43,16.0,43.0,26.0,416.06
2022-06-22,GB,Leicester,pm25,24,26.0,51.0,43.0,432.97
2022-06-22,GB,Manchester,pm25,83,5.0,53.0,20.0,1031.72
2022-06-22,GB,Reading,pm25,48,9.0,46.0,21.0,1433.6
2022-06-22,GB,Plymouth,pm25,34,25.0,50.0,34.0,278.25
2022-06-22,GB,Glasgow,pm25,566,2.0,22.0,8.0,151.2
2022-06-22,GB,Preston,pm25,38,7.0,30.0,15.0,332.58
2022-06-22,GB,Swansea,pm25,166,13.0,104.0,46.0,2667.79
2022-06-22,GB,Southend-on-Sea,pm25,38,15.0,81.0,42.0,4206.21
2022-06-22,ID,Jakarta,pm25,71,53.0,177.0,127.0,9231.59
2022-06-22,NP,Kathmandu,pm25,47,42.0,107.0,72.0,1974.22
2022-06-22,NP,Pokhara,pm25,24,23.0,60.0,35.0,1671.23
2022-06-22,AU,Sydney,pm25,150,1.0,100.0,20.0,3792.19
2022-06-22,AU,Newcastle,pm25,134,1.0,98.0,25.0,4292.7
2022-06-22,AU,Launceston,pm25,163,5.0,185.0,38.0,13755.6
2022-06-22,AU,Hobart,pm25,65,5.0,129.0,17.0,7008.03
2022-06-22,AU,Darwin,pm25,69,1.0,90.0,52.0,3343.12
2022-06-22,AU,Melbourne,pm25,137,4.0,60.0,19.0,1291.93
2022-06-22,AU,Canberra,pm25,61,9.0,99.0,30.0,5259.1
2022-06-22,AU,Adelaide,pm25,88,5.0,57.0,13.0,834.45
2022-06-22,AU,Brisbane,pm25,214,3.0,87.0,33.0,2769.17
2022-06-22,AU,Perth,pm25,85,2.0,20.0,8.0,232.24
2022-06-22,AU,Wollongong,pm25,35,2.0,58.0,14.0,2231.82
2022-06-22,CI,Abidjan,pm25,24,9.0,76.0,42.0,2799.84
2022-06-22,GH,Accra,pm25,24,21.0,102.0,38.0,3433.03
2022-06-22,IQ,Baghdad,pm25,18,157.0,467.0,172.0,127017.0
2022-06-22,IS,Reykjavík,pm25,96,5.0,51.0,14.0,911.51
2022-06-22,KG,Bishkek,pm25,22,38.0,70.0,53.0,951.6
2022-06-22,NL,Utrecht,pm25,48,4.0,59.0,35.0,1968.93
2022-06-22,NL,Nijmegen,pm25,24,4.0,54.0,33.0,1408.1
2022-06-22,NL,Haarlem,pm25,141,5.0,89.0,36.0,2395.5
2022-06-22,NL,Eindhoven,pm25,23,8.0,85.0,52.0,4423.0
2022-06-22,NL,Rotterdam,pm25,187,5.0,68.0,37.0,1716.45
2022-06-22,NL,Amsterdam,pm25,245,2.0,56.0,34.0,1889.23
2022-06-22,NL,Dordrecht,pm25,24,17.0,53.0,34.0,1041.29
2022-06-22,NL,Breda,pm25,24,16.0,100.0,29.0,3378.97
2022-06-22,NL,Groningen,pm25,45,3.0,70.0,32.0,2041.09
2022-06-22,NL,Maastricht,pm25,95,9.0,63.0,38.0,1738.5
2022-06-22,NL,The Hague,pm25,72,6.0,59.0,36.0,1718.71
2022-06-22,PT,Lisbon,pm25,96,11.0,39.0,20.0,439.46
2022-06-22,PT,Funchal,pm25,60,1.0,32.0,8.0,625.55
2022-06-22,CA,Hamilton,pm25,86,5.0,87.0,53.0,3633.97
2022-06-22,CA,Calgary,pm25,89,1.0,50.0,10.0,1444.22
2022-06-22,CA,Halifax,pm25,46,9.0,15.0,12.0,29.05
2022-06-22,CA,Kitchener,pm25,46,13.0,82.0,61.0,3500.87
2022-06-22,CA,Edmonton,pm25,126,1.0,76.0,19.0,3530.45
2022-06-22,CA,Mississauga,pm25,70,5.0,91.0,55.0,4880.2
2022-06-22,CA,Québec,pm25,156,14.0,49.0,29.0,442.34
2022-06-22,CA,Vancouver,pm25,20,1.0,30.0,4.0,626.95
2022-06-22,CA,Victoria,pm25,29,5.0,38.0,13.0,793.37
2022-06-22,CA,Montréal,pm25,376,18.0,65.0,35.0,781.05
2022-06-22,CA,Toronto,pm25,141,13.0,95.0,57.0,3178.07
2022-06-22,CA,Ottawa,pm25,66,34.0,63.0,42.0,431.04
2022-06-22,CA,London,pm25,44,9.0,68.0,46.0,3321.37
2022-06-22,US,Oklahoma City,pm25,95,43.0,85.0,61.0,782.22
2022-06-22,US,Raleigh,pm25,72,34.0,68.0,53.0,626.35
2022-06-22,US,Memphis,pm25,70,23.0,71.0,59.0,545.11
2022-06-22,US,Jackson,pm25,72,26.0,60.0,50.0,529.01
2022-06-22,US,Boston,pm25,134,5.0,42.0,25.0,487.54
2022-06-22,US,Richmond,pm25,69,31.0,63.0,50.0,756.32
2022-06-22,US,Portland,pm25,166,5.0,39.0,13.0,299.8
2022-06-22,US,Boise,pm25,84,5.0,42.0,17.0,985.46
2022-06-22,US,Austin,pm25,24,17.0,55.0,42.0,906.3
2022-06-22,US,Honolulu,pm25,43,5.0,25.0,13.0,356.68
2022-06-22,US,Fresno,pm25,47,5.0,91.0,34.0,4108.82
2022-06-22,US,Milwaukee,pm25,144,15.0,53.0,21.0,328.67
2022-06-22,US,Hartford,pm25,48,30.0,52.0,36.0,418.99
2022-06-22,US,Washington D.C.,pm25,118,21.0,74.0,43.0,1299.06
2022-06-22,US,Chicago,pm25,233,9.0,74.0,24.0,1277.82
2022-06-22,US,Houston,pm25,72,21.0,95.0,51.0,1568.1
2022-06-22,US,Indianapolis,pm25,100,17.0,77.0,45.0,3116.28
2022-06-22,US,Atlanta,pm25,24,55.0,69.0,60.0,177.1
2022-06-22,US,Charlotte,pm25,70,25.0,70.0,42.0,1642.79
2022-06-22,US,Sacramento,pm25,72,9.0,95.0,34.0,2472.8
2022-06-22,US,Oakland,pm25,116,13.0,82.0,50.0,1993.37
2022-06-22,US,Providence,pm25,46,9.0,55.0,17.0,1754.14
2022-06-22,US,Staten Island,pm25,110,3.0,72.0,31.0,2726.19
2022-06-22,US,Brooklyn,pm25,116,1.0,62.0,30.0,2016.48
2022-06-22,US,Springfield,pm25,62,1.0,76.0,30.0,2418.65
2022-06-22,US,The Bronx,pm25,48,1.0,53.0,26.0,1735.89
2022-06-22,US,San Jose,pm25,96,5.0,147.0,34.0,3931.87
2022-06-22,US,Los Angeles,pm25,24,56.0,84.0,63.0,588.68
2022-06-22,US,Detroit,pm25,167,20.0,82.0,40.0,2205.49
2022-06-22,US,Little Rock,pm25,21,10.0,77.0,24.0,4004.48
2022-06-22,US,Baltimore,pm25,48,17.0,80.0,49.0,1108.93
2022-06-22,US,Phoenix,pm25,183,1.0,86.0,18.0,2553.43
2022-06-22,US,Omaha,pm25,47,5.0,59.0,25.0,916.92
2022-06-22,US,El Paso,pm25,157,3.0,60.0,19.0,1441.45
2022-06-22,US,Dallas,pm25,24,21.0,78.0,42.0,2272.17
2022-06-22,US,Seattle,pm25,221,3.0,50.0,17.0,966.33
2022-06-22,US,Manhattan,pm25,70,2.0,75.0,33.0,3015.41
2022-06-22,US,Miami,pm25,70,16.0,31.0,21.0,81.29
2022-06-22,US,Jacksonville,pm25,139,11.0,108.0,35.0,1415.39
2022-06-22,US,San Antonio,pm25,94,6.0,82.0,48.0,2377.14
2022-06-22,US,Philadelphia,pm25,60,5.0,113.0,45.0,2484.23
2022-06-22,US,San Diego,pm25,24,47.0,74.0,61.0,461.45
2022-06-22,US,Columbus,pm25,48,16.0,63.0,49.0,1891.9
2022-06-22,US,Saint Paul,pm25,125,5.0,42.0,13.0,696.39
2022-06-22,US,Denver,pm25,135,17.0,50.0,25.0,420.69
2022-06-22,US,Salt Lake City,pm25,216,9.0,66.0,24.0,1361.02
2022-06-22,US,Albuquerque,pm25,70,5.0,40.0,20.0,837.56
2022-06-22,US,San Francisco,pm25,71,17.0,74.0,46.0,2209.69
2022-06-22,US,Salem,pm25,72,10.0,20.0,12.0,69.01
2022-06-22,US,Madison,pm25,48,16.0,35.0,20.0,114.82
2022-06-22,US,Nashville,pm25,72,42.0,81.0,61.0,582.22
2022-06-22,US,Tucson,pm25,141,5.0,68.0,13.0,697.56
2022-06-22,US,Queens,pm25,92,1.0,59.0,25.0,1843.07
2022-06-22,US,Tallahassee,pm25,72,5.0,106.0,44.0,3482.69
2022-06-22,US,Fort Worth,pm25,47,17.0,63.0,50.0,896.02
2022-06-22,RS,Novi Sad,pm25,48,1.0,58.0,2.0,2994.88
2022-06-22,RS,Niš,pm25,48,18.0,70.0,45.0,2597.83
2022-06-22,RS,Belgrade,pm25,120,11.0,107.0,24.0,2538.15
2022-06-22,CY,Nicosia,pm25,21,10.0,84.0,66.0,3720.29
2022-06-22,CY,Limassol,pm25,24,35.0,73.0,61.0,903.03
2022-06-22,HR,Zagreb,pm25,23,34.0,68.0,53.0,678.73
2022-06-22,HR,Rijeka,pm25,24,47.0,65.0,54.0,145.14
2022-06-22,MK,Skopje,pm25,164,14.0,93.0,55.0,3042.19
2022-06-23,GE,Tbilisi,pm25,96,16.0,39.0,29.0,369.95
2022-06-23,HU,Győr,pm25,24,21.0,59.0,50.0,2468.04
2022-06-23,HU,Szeged,pm25,23,17.0,65.0,34.0,1787.83
2022-06-23,HU,Pécs,pm25,48,25.0,53.0,34.0,799.15
2022-06-23,HU,Kecskemét,pm25,38,13.0,59.0,25.0,3347.31
2022-06-23,HU,Miskolc,pm25,78,13.0,57.0,25.0,1487.06
2022-06-23,HU,Budapest,pm25,239,13.0,50.0,25.0,652.01
2022-06-23,JP,Fukuoka,pm25,363,5.0,160.0,30.0,2586.67
2022-06-23,JP,Kanazawa,pm25,233,5.0,59.0,30.0,2099.78
2022-06-23,JP,Kumamoto,pm25,340,5.0,147.0,30.0,4441.0
2022-06-23,JP,Akita,pm25,46,5.0,72.0,46.0,1783.25
2022-06-23,JP,Kochi,pm25,48,17.0,82.0,59.0,1886.65
2022-06-23,JP,Gifu-shi,pm25,180,5.0,74.0,46.0,2595.44
2022-06-23,JP,Kyoto,pm25,572,9.0,95.0,55.0,2231.19
2022-06-23,JP,Hiroshima,pm25,329,5.0,80.0,50.0,2275.01
2022-06-23,JP,Shizuoka,pm25,253,5.0,74.0,34.0,1941.87
2022-06-23,JP,Chiba,pm25,768,5.0,87.0,42.0,2122.59
2022-06-23,JP,Sapporo,pm25,206,5.0,46.0,21.0,878.6
2022-06-23,JP,Yokohama,pm25,548,1.0,109.0,50.0,4175.29
2022-06-23,JP,Tokyo,pm25,2500,1.0,109.0,46.0,1099.71
2022-06-23,JP,Saitama,pm25,492,17.0,117.0,53.0,1142.09
2022-06-23,JP,Naha,pm25,125,5.0,59.0,9.0,786.29
2022-06-23,JP,Nagasaki,pm25,177,5.0,61.0,21.0,832.74
2022-06-23,JP,Toyama,pm25,191,5.0,82.0,42.0,2249.45
2022-06-23,JP,Niigata,pm25,213,9.0,82.0,50.0,2380.71
2022-06-23,JP,Nara-shi,pm25,190,30.0,72.0,53.0,815.31
2022-06-23,JP,Okayama,pm25,286,30.0,78.0,55.0,1122.34
2022-06-23,JP,Sendai,pm25,435,9.0,68.0,30.0,1365.49
2022-06-23,JP,Osaka,pm25,1396,5.0,102.0,55.0,1661.24
2022-06-23,JP,Miyazaki,pm25,132,5.0,89.0,46.0,2863.53
2022-06-23,JP,Matsuyama,pm25,161,9.0,99.0,46.0,3491.23
2022-06-23,JP,Wakayama,pm25,264,30.0,87.0,57.0,1001.53
2022-06-23,JP,Takamatsu,pm25,238,9.0,78.0,50.0,2114.72
2022-06-23,JP,Nagoya,pm25,763,1.0,104.0,46.0,1347.98
2022-06-23,JP,Ōita,pm25,237,5.0,74.0,30.0,2548.18
2022-06-23,JP,Kobe,pm25,424,9.0,93.0,57.0,1247.88
2022-06-23,JP,Nagano,pm25,69,5.0,55.0,17.0,1869.86
2022-06-23,JP,Utsunomiya,pm25,423,17.0,63.0,46.0,835.2
2022-06-23,JP,Kagoshima,pm25,91,5.0,65.0,25.0,1392.05
2022-06-23,SK,Košice,pm25,95,13.0,122.0,50.0,5947.44
2022-06-23,SK,Bratislava,pm25,96,17.0,72.0,42.0,1223.0
2022-06-23,FI,Vantaa,pm25,24,19.0,54.0,33.0,891.01
2022-06-23,FI,Turku,pm25,24,13.0,40.0,21.0,616.45
2022-06-23,FI,Helsinki,pm25,120,15.0,45.0,28.0,546.3
2022-06-23,FI,Tampere,pm25,96,10.0,35.0,20.0,457.04
2022-06-23,ET,Addis Ababa,pm25,24,63.0,167.0,127.0,6693.84
2022-06-23,CH,Zürich,pm25,18,1.0,6.0,1.0,13.89
2022-06-23,CO,Bogotá,pm25,324,1.0,162.0,46.0,7900.63
2022-06-23,CO,Medellín,pm25,230,13.0,87.0,61.0,2568.82
2022-06-23,DK,Copenhagen,pm25,24,15.0,69.0,37.0,1271.52
2022-06-23,GB,Edinburgh,pm25,283,8.0,79.0,15.0,1050.74
2022-06-23,GB,Norwich,pm25,24,30.0,75.0,39.0,1540.71
2022-06-23,GB,Liverpool,pm25,44,9.0,55.0,32.0,1493.59
2022-06-23,GB,Belfast,pm25,36,17.0,58.0,30.0,513.99
2022-06-23,GB,Coventry,pm25,56,25.0,38.0,32.0,144.91
2022-06-23,GB,Leeds,pm25,44,16.0,70.0,38.0,2102.6
2022-06-23,GB,Cardiff,pm25,120,13.0,72.0,53.0,1639.41
2022-06-23,GB,Bristol,pm25,68,34.0,70.0,53.0,943.13
2022-06-23,GB,London,pm25,577,9.0,96.0,53.0,2305.59
2022-06-23,GB,Birmingham,pm25,37,25.0,64.0,32.0,675.29
2022-06-23,GB,Sheffield,pm25,80,15.0,59.0,26.0,737.21
2022-06-23,GB,Newport,pm25,47,13.0,53.0,28.0,746.27
2022-06-23,GB,Leicester,pm25,22,19.0,38.0,28.0,304.42
2022-06-23,GB,Manchester,pm25,78,5.0,55.0,29.0,1168.68
2022-06-23,GB,Reading,pm25,44,9.0,55.0,30.0,1520.59
2022-06-23,GB,Plymouth,pm25,41,9.0,53.0,30.0,420.05
2022-06-23,GB,Glasgow,pm25,571,9.0,44.0,23.0,381.63
2022-06-23,GB,Preston,pm25,45,13.0,42.0,30.0,600.28
2022-06-23,GB,Swansea,pm25,167,5.0,95.0,50.0,2930.96
2022-06-23,GB,Southend-on-Sea,pm25,47,27.0,88.0,57.0,2703.8
2022-06-23,ID,Jakarta,pm25,71,53.0,174.0,134.0,13206.8
2022-06-23,NP,Kathmandu,pm25,48,13.0,107.0,61.0,5387.16
2022-06-23,NP,Pokhara,pm25,6,32.0,55.0,46.0,821.67
2022-06-23,AU,Sydney,pm25,152,2.0,79.0,25.0,2558.34
2022-06-23,AU,Newcastle,pm25,127,2.0,99.0,30.0,4756.59
2022-06-23,AU,Launceston,pm25,139,5.0,117.0,13.0,2310.43
2022-06-23,AU,Hobart,pm25,60,5.0,65.0,13.0,1835.08
2022-06-23,AU,Darwin,pm25,61,1.0,131.0,52.0,5745.71
2022-06-23,AU,Melbourne,pm25,123,1.0,33.0,14.0,589.17
2022-06-23,AU,Canberra,pm25,62,2.0,93.0,18.0,3600.88
2022-06-23,AU,Adelaide,pm25,87,5.0,52.0,17.0,860.2
2022-06-23,AU,Brisbane,pm25,215,1.0,98.0,47.0,4388.22
2022-06-23,AU,Perth,pm25,86,2.0,25.0,10.0,259.2
2022-06-23,AU,Wollongong,pm25,29,1.0,38.0,9.0,688.3
2022-06-23,CI,Abidjan,pm25,24,30.0,112.0,53.0,4655.0
2022-06-23,GH,Accra,pm25,24,5.0,97.0,46.0,7117.81
2022-06-23,IQ,Baghdad,pm25,24,129.0,254.0,171.0,5226.67
2022-06-23,IS,Reykjavík,pm25,96,4.0,26.0,10.0,207.68
2022-06-23,KG,Bishkek,pm25,24,30.0,70.0,50.0,1383.41
2022-06-23,NL,Utrecht,pm25,48,25.0,67.0,51.0,1062.13
2022-06-23,NL,Nijmegen,pm25,24,29.0,59.0,46.0,902.01
2022-06-23,NL,Haarlem,pm25,142,1.0,122.0,52.0,4359.43
2022-06-23,NL,Eindhoven,pm25,24,17.0,73.0,54.0,1969.28
2022-06-23,NL,Rotterdam,pm25,192,18.0,68.0,50.0,691.61
2022-06-23,NL,Amsterdam,pm25,263,11.0,101.0,47.0,2311.45
2022-06-23,NL,Dordrecht,pm25,24,22.0,72.0,50.0,2001.67
2022-06-23,NL,Breda,pm25,24,26.0,66.0,48.0,1121.58
2022-06-23,NL,Groningen,pm25,48,3.0,72.0,30.0,2428.93
2022-06-23,NL,Maastricht,pm25,95,17.0,70.0,42.0,1187.67
2022-06-23,NL,The Hague,pm25,72,25.0,80.0,52.0,1636.9
2022-06-23,PT,Lisbon,pm25,87,10.0,48.0,20.0,692.25
2022-06-23,PT,Funchal,pm25,54,1.0,32.0,18.0,794.44
2022-06-23,CA,Hamilton,pm25,78,5.0,117.0,25.0,3389.07
2022-06-23,CA,Calgary,pm25,65,1.0,60.0,7.0,2267.68
2022-06-23,CA,Halifax,pm25,46,4.0,23.0,9.0,201.76
2022-06-23,CA,Kitchener,pm25,41,5.0,46.0,17.0,1237.6
2022-06-23,CA,Edmonton,pm25,118,1.0,56.0,15.0,1420.96
2022-06-23,CA,Mississauga,pm25,56,5.0,65.0,13.0,1236.88
2022-06-23,CA,Québec,pm25,167,12.0,49.0,27.0,349.21
2022-06-23,CA,Vancouver,pm25,23,6.0,21.0,9.0,133.12
2022-06-23,CA,Victoria,pm25,40,5.0,38.0,13.0,843.53
2022-06-23,CA,Montréal,pm25,403,12.0,57.0,30.0,669.43
2022-06-23,CA,Toronto,pm25,133,5.0,53.0,17.0,1557.61
2022-06-23,CA,Ottawa,pm25,71,13.0,53.0,30.0,869.11
2022-06-23,CA,London,pm25,24,5.0,38.0,9.0,830.36
2022-06-23,US,Oklahoma City,pm25,96,37.0,81.0,56.0,1311.09
2022-06-23,US,Raleigh,pm25,70,5.0,53.0,32.0,1143.73
2022-06-23,US,Memphis,pm25,71,9.0,68.0,35.0,1954.05
2022-06-23,US,Jackson,pm25,72,21.0,73.0,56.0,733.11
2022-06-23,US,Boston,pm25,130,9.0,42.0,30.0,560.13
2022-06-23,US,Richmond,pm25,63,8.0,24.0,18.0,104.47
2022-06-23,US,Portland,pm25,165,5.0,34.0,14.0,173.53
2022-06-23,US,Boise,pm25,89,5.0,42.0,13.0,760.08
2022-06-23,US,Austin,pm25,24,17.0,78.0,50.0,2450.14
2022-06-23,US,Honolulu,pm25,37,5.0,30.0,13.0,684.57
2022-06-23,US,Fresno,pm25,48,5.0,54.0,25.0,959.58
2022-06-23,US,Milwaukee,pm25,144,13.0,49.0,21.0,287.74
2022-06-23,US,Hartford,pm25,48,20.0,54.0,25.0,671.13
2022-06-23,US,Washington D.C.,pm25,107,5.0,34.0,17.0,462.32
2022-06-23,US,Chicago,pm25,229,3.0,72.0,22.0,1439.91
2022-06-23,US,Houston,pm25,72,5.0,70.0,42.0,1660.55
2022-06-23,US,Indianapolis,pm25,94,16.0,154.0,29.0,3132.38
2022-06-23,US,Atlanta,pm25,24,52.0,77.0,56.0,961.45
2022-06-23,US,Charlotte,pm25,71,20.0,59.0,42.0,1058.39
2022-06-23,US,Sacramento,pm25,70,5.0,60.0,29.0,1304.8
2022-06-23,US,Oakland,pm25,118,9.0,61.0,30.0,1219.77
2022-06-23,US,Providence,pm25,43,5.0,46.0,21.0,1191.21
2022-06-23,US,Staten Island,pm25,105,2.0,80.0,21.0,1620.52
2022-06-23,US,Brooklyn,pm25,115,2.0,56.0,18.0,932.02
2022-06-23,US,Springfield,pm25,71,6.0,72.0,26.0,1812.7
2022-06-23,US,The Bronx,pm25,48,3.0,31.0,15.0,454.88
2022-06-23,US,San Jose,pm25,84,9.0,63.0,38.0,2199.96
2022-06-23,US,Los Angeles,pm25,24,45.0,78.0,55.0,979.84
2022-06-23,US,Detroit,pm25,168,13.0,67.0,22.0,1004.06
2022-06-23,US,Little Rock,pm25,22,10.0,60.0,45.0,1649.7
2022-06-23,US,Baltimore,pm25,39,5.0,34.0,13.0,547.1
2022-06-23,US,Phoenix,pm25,184,3.0,155.0,27.0,6134.27
2022-06-23,US,Omaha,pm25,45,5.0,59.0,25.0,1096.18
2022-06-23,US,El Paso,pm25,165,5.0,53.0,21.0,992.58
2022-06-23,US,Dallas,pm25,23,30.0,65.0,46.0,767.11
2022-06-23,US,Seattle,pm25,211,3.0,53.0,17.0,942.49
2022-06-23,US,Manhattan,pm25,69,1.0,48.0,18.0,1344.6
2022-06-23,US,Miami,pm25,71,16.0,27.0,22.0,67.41
2022-06-23,US,Jacksonville,pm25,142,30.0,95.0,53.0,1534.14
2022-06-23,US,San Antonio,pm25,92,15.0,87.0,59.0,2754.61
2022-06-23,US,Philadelphia,pm25,69,1.0,56.0,20.0,996.64
2022-06-23,US,San Diego,pm25,24,19.0,68.0,53.0,2370.14
2022-06-23,US,Columbus,pm25,48,5.0,31.0,19.0,385.53
2022-06-23,US,Saint Paul,pm25,141,5.0,78.0,21.0,1327.4
2022-06-23,US,Denver,pm25,149,13.0,57.0,25.0,607.7
2022-06-23,US,Salt Lake City,pm25,216,15.0,151.0,31.0,4048.84
2022-06-23,US,Albuquerque,pm25,72,10.0,44.0,25.0,602.94
2022-06-23,US,San Francisco,pm25,71,5.0,55.0,25.0,1006.19
2022-06-23,US,Salem,pm25,72,10.0,17.0,13.0,26.74
2022-06-23,US,Madison,pm25,48,20.0,35.0,24.0,143.76
2022-06-23,US,Nashville,pm25,70,9.0,70.0,38.0,2792.26
2022-06-23,US,Tucson,pm25,122,5.0,147.0,13.0,2422.96
2022-06-23,US,Queens,pm25,94,2.0,46.0,19.0,1051.48
2022-06-23,US,Tallahassee,pm25,69,14.0,113.0,59.0,2084.4
2022-06-23,US,Fort Worth,pm25,48,22.0,74.0,51.0,1089.68
2022-06-23,RS,Novi Sad,pm25,48,1.0,68.0,33.0,4928.09
2022-06-23,RS,Niš,pm25,48,14.0,59.0,38.0,1570.0
2022-06-23,RS,Belgrade,pm25,120,30.0,155.0,55.0,2692.44
2022-06-23,CY,Nicosia,pm25,24,41.0,72.0,54.0,480.58
2022-06-23,CY,Limassol,pm25,24,52.0,76.0,65.0,295.92
2022-06-23,HR,Zagreb,pm25,24,23.0,60.0,35.0,1585.92
2022-06-23,HR,Rijeka,pm25,24,46.0,71.0,56.0,667.81
2022-06-23,MK,Skopje,pm25,168,15.0,97.0,59.0,3613.24
2022-06-24,GE,Tbilisi,pm25,96,31.0,51.0,40.0,201.15
2022-06-24,HU,Győr,pm25,6,5.0,13.0,13.0,170.67
2022-06-24,HU,Szeged,pm25,23,13.0,59.0,34.0,1387.23
2022-06-24,HU,Pécs,pm25,58,25.0,55.0,38.0,1380.17
2022-06-24,HU,Kecskemét,pm25,36,17.0,38.0,30.0,464.25
2022-06-24,HU,Miskolc,pm25,114,13.0,70.0,30.0,2041.9
2022-06-24,HU,Budapest,pm25,283,13.0,50.0,30.0,748.25
2022-06-24,JP,Fukuoka,pm25,383,5.0,89.0,25.0,1847.01
2022-06-24,JP,Kanazawa,pm25,235,5.0,61.0,38.0,1611.04
2022-06-24,JP,Kumamoto,pm25,304,5.0,107.0,21.0,2657.39
2022-06-24,JP,Akita,pm25,43,5.0,74.0,34.0,2929.92
2022-06-24,JP,Kochi,pm25,48,34.0,72.0,53.0,685.21
2022-06-24,JP,Gifu-shi,pm25,192,13.0,93.0,50.0,1784.01
2022-06-24,JP,Kyoto,pm25,574,5.0,102.0,57.0,1201.66
2022-06-24,JP,Hiroshima,pm25,333,5.0,149.0,46.0,2462.21
2022-06-24,JP,Shizuoka,pm25,256,5.0,85.0,30.0,1595.04
2022-06-24,JP,Chiba,pm25,751,5.0,142.0,34.0,2975.05
2022-06-24,JP,Sapporo,pm25,157,5.0,50.0,13.0,973.4
2022-06-24,JP,Yokohama,pm25,533,1.0,99.0,34.0,2766.25
2022-06-24,JP,Tokyo,pm25,2516,1.0,139.0,38.0,1446.9
2022-06-24,JP,Saitama,pm25,488,9.0,61.0,38.0,914.86
2022-06-24,JP,Naha,pm25,114,5.0,61.0,13.0,1162.28
2022-06-24,JP,Nagasaki,pm25,185,5.0,57.0,21.0,1179.76
2022-06-24,JP,Toyama,pm25,187,5.0,151.0,38.0,2744.48
2022-06-24,JP,Niigata,pm25,213,5.0,68.0,30.0,1889.07
2022-06-24,JP,Nara-shi,pm25,192,13.0,70.0,46.0,1096.89
2022-06-24,JP,Okayama,pm25,280,25.0,95.0,57.0,1345.06
2022-06-24,JP,Sendai,pm25,449,13.0,89.0,46.0,1626.18
2022-06-24,JP,Osaka,pm25,1452,5.0,109.0,53.0,1648.71
2022-06-24,JP,Miyazaki,pm25,137,5.0,74.0,42.0,2203.24
2022-06-24,JP,Matsuyama,pm25,161,9.0,107.0,46.0,2853.44
2022-06-24,JP,Wakayama,pm25,266,30.0,70.0,50.0,586.14
2022-06-24,JP,Takamatsu,pm25,240,17.0,82.0,53.0,1316.18
2022-06-24,JP,Nagoya,pm25,771,17.0,137.0,46.0,1242.21
2022-06-24,JP,Ōita,pm25,235,5.0,55.0,21.0,1426.14
2022-06-24,JP,Kobe,pm25,430,13.0,74.0,55.0,818.58
2022-06-24,JP,Nagano,pm25,69,5.0,68.0,30.0,2733.97
2022-06-24,JP,Utsunomiya,pm25,432,17.0,72.0,46.0,1370.61
2022-06-24,JP,Kagoshima,pm25,83,5.0,61.0,21.0,1372.26
2022-06-24,SK,Košice,pm25,95,21.0,139.0,50.0,3106.3
2022-06-24,SK,Bratislava,pm25,96,30.0,72.0,46.0,661.82
2022-06-24,FI,Vantaa,pm25,24,5.0,50.0,27.0,1277.61
2022-06-24,FI,Turku,pm25,24,20.0,44.0,30.0,353.84
2022-06-24,FI,Helsinki,pm25,120,10.0,41.0,24.0,489.17
2022-06-24,FI,Tampere,pm25,96,13.0,43.0,26.0,534.94
2022-06-24,ET,Addis Ababa,pm25,24,38.0,137.0,89.0,5076.5
2022-06-24,CH,Zürich,pm25,15,1.0,1.0,1.0,0.0
2022-06-24,CO,Bogotá,pm25,327,5.0,155.0,53.0,7521.96
2022-06-24,CO,Medellín,pm25,244,21.0,97.0,57.0,1776.6
2022-06-24,DK,Copenhagen,pm25,24,4.0,63.0,54.0,2692.1
2022-06-24,GB,Edinburgh,pm25,285,13.0,82.0,28.0,1536.19
2022-06-24,GB,Norwich,pm25,22,20.0,85.0,61.0,1762.62
2022-06-24,GB,Liverpool,pm25,40,38.0,117.0,42.0,1667.89
2022-06-24,GB,Belfast,pm25,45,14.0,53.0,34.0,696.46
2022-06-24,GB,Coventry,pm25,51,8.0,72.0,46.0,2049.33
2022-06-24,GB,Leeds,pm25,38,38.0,82.0,65.0,935.48
2022-06-24,GB,Cardiff,pm25,129,5.0,76.0,50.0,2379.8
2022-06-24,GB,Bristol,pm25,72,13.0,76.0,50.0,1205.91
2022-06-24,GB,London,pm25,566,5.0,95.0,41.0,2785.37
2022-06-24,GB,Birmingham,pm25,35,11.0,70.0,52.0,1730.79
2022-06-24,GB,Sheffield,pm25,75,13.0,77.0,46.0,3031.81
2022-06-24,GB,Newport,pm25,44,12.0,66.0,38.0,2397.94
2022-06-24,GB,Leicester,pm25,22,11.0,78.0,50.0,2227.29
2022-06-24,GB,Manchester,pm25,71,15.0,66.0,42.0,1639.97
2022-06-24,GB,Reading,pm25,41,9.0,46.0,25.0,1026.44
2022-06-24,GB,Plymouth,pm25,29,13.0,63.0,34.0,1303.2
2022-06-24,GB,Glasgow,pm25,572,11.0,61.0,22.0,650.44
2022-06-24,GB,Preston,pm25,38,11.0,66.0,42.0,1143.04
2022-06-24,GB,Swansea,pm25,164,5.0,95.0,30.0,2668.25
2022-06-24,GB,Southend-on-Sea,pm25,47,21.0,77.0,50.0,2388.23
2022-06-24,ID,Jakarta,pm25,71,82.0,189.0,158.0,7204.39
2022-06-24,NP,Kathmandu,pm25,47,34.0,104.0,70.0,2528.38
2022-06-24,AU,Sydney,pm25,158,1.0,74.0,19.0,1783.34
2022-06-24,AU,Newcastle,pm25,130,1.0,84.0,17.0,2458.71
2022-06-24,AU,Launceston,pm25,141,5.0,99.0,9.0,1816.93
2022-06-24,AU,Hobart,pm25,58,5.0,65.0,9.0,1725.61
2022-06-24,AU,Darwin,pm25,72,1.0,155.0,45.0,8498.31
2022-06-24,AU,Melbourne,pm25,143,1.0,64.0,18.0,2243.67
2022-06-24,AU,Canberra,pm25,51,2.0,64.0,16.0,2608.43
2022-06-24,AU,Adelaide,pm25,89,1.0,40.0,17.0,824.5
2022-06-24,AU,Brisbane,pm25,216,2.0,103.0,51.0,4578.53
2022-06-24,AU,Perth,pm25,84,2.0,32.0,6.0,356.82
2022-06-24,AU,Wollongong,pm25,36,1.0,63.0,9.0,2535.11
2022-06-24,CI,Abidjan,pm25,24,9.0,61.0,25.0,2320.42
2022-06-24,GH,Accra,pm25,22,9.0,109.0,59.0,5656.71
2022-06-24,IQ,Baghdad,pm25,24,157.0,215.0,167.0,2865.14
2022-06-24,IS,Reykjavík,pm25,96,5.0,24.0,11.0,159.35
2022-06-24,KG,Bishkek,pm25,24,30.0,87.0,55.0,1564.28
2022-06-24,NL,Utrecht,pm25,48,20.0,80.0,43.0,2194.11
2022-06-24,NL,Nijmegen,pm25,24,11.0,60.0,32.0,2564.35
2022-06-24,NL,Haarlem,pm25,141,3.0,113.0,48.0,3320.21
2022-06-24,NL,Eindhoven,pm25,23,3.0,73.0,36.0,4268.77
2022-06-24,NL,Rotterdam,pm25,191,14.0,76.0,45.0,2055.85
2022-06-24,NL,Amsterdam,pm25,263,3.0,84.0,39.0,3190.63
2022-06-24,NL,Dordrecht,pm25,24,22.0,69.0,46.0,1666.67
2022-06-24,NL,Breda,pm25,24,22.0,71.0,43.0,1928.24
2022-06-24,NL,Groningen,pm25,48,1.0,71.0,39.0,2289.75
2022-06-24,NL,Maastricht,pm25,85,5.0,46.0,21.0,1235.76
2022-06-24,NL,The Hague,pm25,72,2.0,110.0,36.0,6480.66
2022-06-24,PT,Lisbon,pm25,84,14.0,45.0,19.0,413.82
2022-06-24,PT,Funchal,pm25,52,1.0,30.0,17.0,834.52
2022-06-24,CA,Hamilton,pm25,87,5.0,149.0,21.0,6122.38
2022-06-24,CA,Calgary,pm25,74,1.0,33.0,18.0,632.89
2022-06-24,CA,Halifax,pm25,46,4.0,53.0,16.0,1450.77
2022-06-24,CA,Kitchener,pm25,37,13.0,55.0,25.0,1454.35
2022-06-24,CA,Edmonton,pm25,119,4.0,70.0,19.0,1261.69
2022-06-24,CA,Mississauga,pm25,63,9.0,99.0,21.0,2003.82
2022-06-24,CA,Québec,pm25,178,18.0,78.0,35.0,1112.21
2022-06-24,CA,Vancouver,pm25,23,5.0,31.0,8.0,469.96
2022-06-24,CA,Victoria,pm25,37,5.0,50.0,21.0,886.94
2022-06-24,CA,Montréal,pm25,404,12.0,70.0,30.0,1088.21
2022-06-24,CA,Toronto,pm25,142,9.0,78.0,25.0,2360.8
2022-06-24,CA,Ottawa,pm25,68,9.0,38.0,27.0,597.54
2022-06-24,CA,London,pm25,32,5.0,38.0,21.0,731.57
2022-06-24,US,Oklahoma City,pm25,96,40.0,80.0,56.0,684.24
2022-06-24,US,Raleigh,pm25,65,9.0,57.0,30.0,1003.13
2022-06-24,US,Memphis,pm25,72,25.0,55.0,38.0,774.45
2022-06-24,US,Jackson,pm25,72,32.0,73.0,53.0,1509.06
2022-06-24,US,Boston,pm25,124,5.0,59.0,30.0,913.63
2022-06-24,US,Richmond,pm25,96,20.0,41.0,28.0,246.51
2022-06-24,US,Portland,pm25,167,9.0,34.0,13.0,255.24
2022-06-24,US,Boise,pm25,76,5.0,30.0,13.0,392.72
2022-06-24,US,Austin,pm25,24,13.0,63.0,34.0,1962.59
2022-06-24,US,Honolulu,pm25,29,5.0,25.0,9.0,338.52
2022-06-24,US,Fresno,pm25,48,13.0,91.0,61.0,5962.55
2022-06-24,US,Milwaukee,pm25,144,20.0,50.0,29.0,282.56
2022-06-24,US,Hartford,pm25,48,24.0,51.0,29.0,495.73
2022-06-24,US,Washington D.C.,pm25,116,5.0,55.0,27.0,846.4
2022-06-24,US,Chicago,pm25,233,12.0,78.0,32.0,1434.2
2022-06-24,US,Houston,pm25,72,9.0,65.0,40.0,1976.71
2022-06-24,US,Indianapolis,pm25,99,1.0,168.0,35.0,4424.42
2022-06-24,US,Atlanta,pm25,24,35.0,62.0,52.0,407.54
2022-06-24,US,Charlotte,pm25,72,21.0,57.0,37.0,705.73
2022-06-24,US,Sacramento,pm25,68,5.0,82.0,25.0,2729.23
2022-06-24,US,Oakland,pm25,116,5.0,85.0,34.0,3328.39
2022-06-24,US,Providence,pm25,35,5.0,53.0,21.0,1852.64
2022-06-24,US,Staten Island,pm25,117,3.0,53.0,28.0,1645.11
2022-06-24,US,Brooklyn,pm25,120,3.0,62.0,30.0,1794.69
2022-06-24,US,Springfield,pm25,71,12.0,66.0,31.0,1439.33
2022-06-24,US,The Bronx,pm25,48,13.0,55.0,26.0,1448.78
2022-06-24,US,San Jose,pm25,88,5.0,65.0,34.0,2132.12
2022-06-24,US,Los Angeles,pm25,24,40.0,77.0,60.0,1061.09
2022-06-24,US,Detroit,pm25,167,20.0,95.0,33.0,1950.13
2022-06-24,US,Little Rock,pm25,23,29.0,69.0,59.0,859.76
2022-06-24,US,Baltimore,pm25,48,5.0,57.0,36.0,2121.7
2022-06-24,US,Phoenix,pm25,182,1.0,117.0,20.0,2093.72
2022-06-24,US,Omaha,pm25,43,5.0,38.0,17.0,934.55
2022-06-24,US,El Paso,pm25,155,1.0,63.0,17.0,1805.23
2022-06-24,US,Dallas,pm25,24,38.0,63.0,46.0,341.09
2022-06-24,US,Seattle,pm25,183,5.0,50.0,19.0,734.14
2022-06-24,US,Manhattan,pm25,67,1.0,54.0,25.0,2070.09
2022-06-24,US,Miami,pm25,71,18.0,45.0,26.0,611.7
2022-06-24,US,Jacksonville,pm25,141,8.0,80.0,58.0,2389.49
2022-06-24,US,San Antonio,pm25,88,13.0,72.0,46.0,2295.99
2022-06-24,US,Philadelphia,pm25,94,2.0,70.0,32.0,1825.72
2022-06-24,US,San Diego,pm25,24,28.0,66.0,50.0,1211.23
2022-06-24,US,Columbus,pm25,48,1.0,95.0,21.0,2406.37
2022-06-24,US,Saint Paul,pm25,123,5.0,161.0,21.0,2890.21
2022-06-24,US,Denver,pm25,151,9.0,53.0,21.0,555.36
2022-06-24,US,Salt Lake City,pm25,216,12.0,160.0,28.0,4803.48
2022-06-24,US,Albuquerque,pm25,72,8.0,55.0,15.0,610.63
2022-06-24,US,San Francisco,pm25,71,5.0,68.0,38.0,2390.13
2022-06-24,US,Salem,pm25,71,11.0,18.0,13.0,24.79
2022-06-24,US,Madison,pm25,46,23.0,38.0,27.0,110.52
2022-06-24,US,Nashville,pm25,73,5.0,64.0,37.0,1078.68
2022-06-24,US,Tucson,pm25,127,5.0,57.0,17.0,1067.6
2022-06-24,US,Queens,pm25,96,5.0,56.0,33.0,1280.17
2022-06-24,US,Tallahassee,pm25,71,16.0,85.0,60.0,2075.26
2022-06-24,US,Fort Worth,pm25,48,3.0,63.0,50.0,1600.0
2022-06-24,RS,Novi Sad,pm25,48,5.0,57.0,10.0,2722.27
2022-06-24,RS,Niš,pm25,48,11.0,58.0,39.0,2165.74
2022-06-24,RS,Belgrade,pm25,120,15.0,95.0,48.0,5182.59
2022-06-24,CY,Nicosia,pm25,24,53.0,89.0,74.0,926.94
2022-06-24,CY,Limassol,pm25,24,53.0,92.0,75.0,911.88
2022-06-24,HR,Zagreb,pm25,24,38.0,74.0,56.0,1128.62
2022-06-24,HR,Rijeka,pm25,24,64.0,71.0,69.0,22.83
2022-06-24,MK,Skopje,pm25,168,12.0,99.0,57.0,4451.97
2022-06-25,GE,Tbilisi,pm25,96,34.0,60.0,42.0,627.92
2022-06-25,HU,Szeged,pm25,24,17.0,61.0,34.0,1622.88
2022-06-25,HU,Pécs,pm25,69,9.0,57.0,38.0,3218.82
2022-06-25,HU,Kecskemét,pm25,36,17.0,46.0,34.0,757.87
2022-06-25,HU,Miskolc,pm25,118,17.0,61.0,30.0,1450.8
2022-06-25,HU,Budapest,pm25,334,9.0,53.0,25.0,893.14
2022-06-25,JP,Fukuoka,pm25,375,5.0,109.0,21.0,2429.61
2022-06-25,JP,Kanazawa,pm25,224,5.0,57.0,34.0,1768.32
2022-06-25,JP,Kumamoto,pm25,311,5.0,112.0,25.0,2599.48
2022-06-25,JP,Akita,pm25,46,5.0,80.0,59.0,3368.87
2022-06-25,JP,Kochi,pm25,48,5.0,68.0,42.0,2760.21
2022-06-25,JP,Gifu-shi,pm25,180,5.0,93.0,42.0,3464.0
2022-06-25,JP,Kyoto,pm25,575,13.0,76.0,55.0,1144.48
2022-06-25,JP,Hiroshima,pm25,302,5.0,65.0,25.0,2143.0
2022-06-25,JP,Shizuoka,pm25,252,5.0,89.0,50.0,2335.1
2022-06-25,JP,Chiba,pm25,787,5.0,114.0,50.0,2568.59
2022-06-25,JP,Sapporo,pm25,200,5.0,93.0,30.0,2908.58
2022-06-25,JP,Yokohama,pm25,542,1.0,114.0,50.0,3385.76
2022-06-25,JP,Tokyo,pm25,2553,1.0,137.0,53.0,2275.86
2022-06-25,JP,Saitama,pm25,500,5.0,82.0,50.0,1947.97
2022-06-25,JP,Naha,pm25,106,5.0,59.0,9.0,1147.86
2022-06-25,JP,Nagasaki,pm25,173,5.0,53.0,21.0,1524.1
2022-06-25,JP,Toyama,pm25,175,5.0,95.0,34.0,2295.13
2022-06-25,JP,Niigata,pm25,213,13.0,74.0,38.0,1247.09
2022-06-25,JP,Nara-shi,pm25,189,5.0,70.0,46.0,1630.53
2022-06-25,JP,Okayama,pm25,287,5.0,65.0,38.0,1803.55
2022-06-25,JP,Sendai,pm25,477,13.0,70.0,42.0,1260.24
2022-06-25,JP,Osaka,pm25,1461,5.0,119.0,50.0,1786.7
2022-06-25,JP,Miyazaki,pm25,129,5.0,213.0,30.0,5162.49
2022-06-25,JP,Matsuyama,pm25,147,5.0,74.0,34.0,3845.68
2022-06-25,JP,Wakayama,pm25,277,5.0,76.0,50.0,1593.72
2022-06-25,JP,Takamatsu,pm25,233,5.0,87.0,34.0,2648.51
2022-06-25,JP,Nagoya,pm25,781,5.0,134.0,46.0,1805.63
2022-06-25,JP,Ōita,pm25,232,5.0,55.0,21.0,1831.26
2022-06-25,JP,Kobe,pm25,423,5.0,76.0,50.0,1681.11
2022-06-25,JP,Nagano,pm25,71,9.0,87.0,42.0,2822.95
2022-06-25,JP,Utsunomiya,pm25,400,13.0,89.0,50.0,1038.56
2022-06-25,JP,Kagoshima,pm25,82,5.0,50.0,17.0,974.68
2022-06-25,SK,Košice,pm25,96,17.0,104.0,57.0,2071.51
2022-06-25,SK,Bratislava,pm25,81,5.0,65.0,17.0,2896.53
2022-06-25,FI,Vantaa,pm25,24,5.0,55.0,38.0,1967.75
2022-06-25,FI,Turku,pm25,24,19.0,51.0,33.0,840.8
2022-06-25,FI,Helsinki,pm25,120,14.0,51.0,24.0,439.95
2022-06-25,FI,Tampere,pm25,96,11.0,52.0,31.0,704.68
2022-06-25,ET,Addis Ababa,pm25,24,46.0,194.0,89.0,19261.1
2022-06-25,CH,Zürich,pm25,21,1.0,3.0,1.0,4.33
2022-06-25,CO,Bogotá,pm25,322,5.0,168.0,34.0,7710.83
2022-06-25,CO,Medellín,pm25,227,25.0,89.0,57.0,1776.28
2022-06-25,DK,Copenhagen,pm25,24,35.0,83.0,54.0,907.23
2022-06-25,GB,Edinburgh,pm25,282,5.0,68.0,11.0,2077.38
2022-06-25,GB,Norwich,pm25,22,19.0,46.0,23.0,552.99
2022-06-25,GB,Liverpool,pm25,38,9.0,38.0,21.0,831.64
2022-06-25,GB,Belfast,pm25,53,4.0,30.0,23.0,522.97
2022-06-25,GB,Coventry,pm25,71,11.0,38.0,21.0,413.33
2022-06-25,GB,Leeds,pm25,45,15.0,61.0,38.0,1688.18
2022-06-25,GB,Cardiff,pm25,138,5.0,53.0,38.0,2040.55
2022-06-25,GB,Bristol,pm25,71,13.0,53.0,25.0,783.14
2022-06-25,GB,London,pm25,552,5.0,173.0,27.0,1845.42
2022-06-25,GB,Birmingham,pm25,45,11.0,46.0,21.0,858.0
2022-06-25,GB,Sheffield,pm25,85,10.0,61.0,25.0,1237.12
2022-06-25,GB,Newport,pm25,47,12.0,21.0,17.0,80.38
2022-06-25,GB,Leicester,pm25,22,11.0,50.0,25.0,956.1
2022-06-25,GB,Manchester,pm25,83,5.0,42.0,18.0,466.71
2022-06-25,GB,Reading,pm25,40,5.0,97.0,17.0,3596.38
2022-06-25,GB,Plymouth,pm25,32,5.0,30.0,17.0,736.13
2022-06-25,GB,Glasgow,pm25,572,6.0,41.0,12.0,530.04
2022-06-25,GB,Preston,pm25,42,8.0,42.0,15.0,802.55
2022-06-25,GB,Swansea,pm25,169,5.0,78.0,25.0,2481.17
2022-06-25,GB,Southend-on-Sea,pm25,43,11.0,146.0,26.0,6585.43
2022-06-25,ID,Jakarta,pm25,71,63.0,175.0,151.0,9375.76
2022-06-25,NP,Kathmandu,pm25,48,30.0,158.0,65.0,4536.01
2022-06-25,NP,Biratnagar,pm25,15,42.0,132.0,56.0,4468.29
2022-06-25,AU,Sydney,pm25,159,1.0,108.0,15.0,4757.81
2022-06-25,AU,Newcastle,pm25,135,1.0,115.0,19.0,4924.51
2022-06-25,AU,Launceston,pm25,152,5.0,25.0,9.0,240.59
2022-06-25,AU,Hobart,pm25,55,5.0,89.0,5.0,2197.86
2022-06-25,AU,Darwin,pm25,70,29.0,105.0,70.0,2526.34
2022-06-25,AU,Melbourne,pm25,145,1.0,62.0,16.0,1735.68
2022-06-25,AU,Canberra,pm25,62,1.0,65.0,17.0,3248.07
2022-06-25,AU,Adelaide,pm25,91,5.0,55.0,17.0,1167.26
2022-06-25,AU,Brisbane,pm25,214,1.0,141.0,46.0,8158.51
2022-06-25,AU,Perth,pm25,89,2.0,44.0,13.0,938.91
2022-06-25,AU,Wollongong,pm25,40,3.0,82.0,11.0,4317.33
2022-06-25,CI,Abidjan,pm25,24,9.0,152.0,55.0,13253.0
2022-06-25,GH,Accra,pm25,24,9.0,129.0,46.0,13314.1
2022-06-25,IQ,Baghdad,pm25,24,154.0,333.0,174.0,23212.2
2022-06-25,IS,Reykjavík,pm25,96,4.0,26.0,12.0,220.74
2022-06-25,KG,Bishkek,pm25,6,30.0,57.0,38.0,1298.67
2022-06-25,NL,Utrecht,pm25,48,14.0,62.0,30.0,936.17
2022-06-25,NL,Nijmegen,pm25,24,10.0,52.0,27.0,913.32
2022-06-25,NL,Haarlem,pm25,139,1.0,97.0,29.0,3096.74
2022-06-25,NL,Eindhoven,pm25,24,20.0,74.0,52.0,1743.41
2022-06-25,NL,Rotterdam,pm25,192,10.0,51.0,23.0,554.2
2022-06-25,NL,Amsterdam,pm25,264,1.0,66.0,30.0,1783.62
2022-06-25,NL,Dordrecht,pm25,24,1.0,38.0,25.0,955.65
2022-06-25,NL,Breda,pm25,24,14.0,49.0,28.0,936.5
2022-06-25,NL,Groningen,pm25,48,12.0,66.0,33.0,2458.65
2022-06-25,NL,Maastricht,pm25,89,5.0,50.0,17.0,845.8
2022-06-25,NL,The Hague,pm25,69,2.0,52.0,19.0,1037.8
2022-06-25,PT,Lisbon,pm25,91,13.0,26.0,18.0,101.97
2022-06-25,PT,Funchal,pm25,61,1.0,29.0,13.0,553.5
2022-06-25,CA,Hamilton,pm25,87,13.0,95.0,38.0,3315.17
2022-06-25,CA,Calgary,pm25,75,10.0,33.0,20.0,276.31
2022-06-25,CA,Halifax,pm25,46,2.0,29.0,17.0,770.18
2022-06-25,CA,Kitchener,pm25,43,25.0,61.0,38.0,905.81
2022-06-25,CA,Edmonton,pm25,115,10.0,75.0,23.0,646.03
2022-06-25,CA,Mississauga,pm25,72,30.0,82.0,46.0,678.18
2022-06-25,CA,Québec,pm25,180,16.0,85.0,40.0,1928.08
2022-06-25,CA,Vancouver,pm25,23,7.0,49.0,15.0,1350.43
2022-06-25,CA,Victoria,pm25,46,9.0,42.0,21.0,780.76
2022-06-25,CA,Montréal,pm25,396,21.0,160.0,42.0,2306.32
2022-06-25,CA,Toronto,pm25,138,17.0,97.0,42.0,2096.96
2022-06-25,CA,Ottawa,pm25,68,13.0,85.0,38.0,1263.73
2022-06-25,CA,London,pm25,38,17.0,70.0,34.0,1355.4
2022-06-25,US,Oklahoma City,pm25,96,34.0,63.0,51.0,308.1
2022-06-25,US,Raleigh,pm25,70,9.0,61.0,34.0,1295.74
2022-06-25,US,Memphis,pm25,72,20.0,67.0,51.0,666.18
2022-06-25,US,Jackson,pm25,72,30.0,67.0,46.0,428.68
2022-06-25,US,Boston,pm25,112,13.0,61.0,38.0,762.25
2022-06-25,US,Richmond,pm25,96,29.0,48.0,36.0,157.32
2022-06-25,US,Portland,pm25,158,5.0,46.0,13.0,697.72
2022-06-25,US,Boise,pm25,83,5.0,53.0,17.0,1049.1
2022-06-25,US,Austin,pm25,24,5.0,59.0,30.0,1826.67
2022-06-25,US,Honolulu,pm25,37,5.0,34.0,13.0,528.03
2022-06-25,US,Fresno,pm25,43,5.0,60.0,34.0,2065.86
2022-06-25,US,Milwaukee,pm25,144,21.0,53.0,31.0,302.23
2022-06-25,US,Hartford,pm25,48,33.0,52.0,42.0,226.95
2022-06-25,US,Washington D.C.,pm25,120,17.0,59.0,34.0,634.72
2022-06-25,US,Chicago,pm25,216,17.0,73.0,35.0,1221.8
2022-06-25,US,Houston,pm25,72,13.0,62.0,40.0,1260.28
2022-06-25,US,Indianapolis,pm25,98,23.0,177.0,52.0,6485.03
2022-06-25,US,Atlanta,pm25,24,35.0,53.0,41.0,196.45
2022-06-25,US,Charlotte,pm25,72,9.0,57.0,32.0,1284.31
2022-06-25,US,Sacramento,pm25,70,5.0,101.0,42.0,2309.0
2022-06-25,US,Oakland,pm25,120,25.0,72.0,50.0,1025.75
2022-06-25,US,Providence,pm25,46,5.0,57.0,34.0,1871.85
2022-06-25,US,Staten Island,pm25,120,10.0,67.0,46.0,1446.61
2022-06-25,US,Brooklyn,pm25,120,3.0,82.0,43.0,3198.62
2022-06-25,US,Springfield,pm25,71,11.0,69.0,41.0,1192.31
2022-06-25,US,The Bronx,pm25,48,3.0,56.0,39.0,3325.89
2022-06-25,US,San Jose,pm25,95,9.0,87.0,46.0,2432.92
2022-06-25,US,Los Angeles,pm25,24,50.0,79.0,59.0,473.9
2022-06-25,US,Detroit,pm25,168,9.0,73.0,36.0,1043.71
2022-06-25,US,Little Rock,pm25,23,61.0,80.0,67.0,315.3
2022-06-25,US,Baltimore,pm25,48,5.0,55.0,42.0,996.13
2022-06-25,US,Phoenix,pm25,187,1.0,93.0,19.0,2183.49
2022-06-25,US,Omaha,pm25,44,5.0,63.0,30.0,2330.5
2022-06-25,US,El Paso,pm25,136,5.0,124.0,21.0,3858.81
2022-06-25,US,Dallas,pm25,22,9.0,76.0,30.0,2390.15
2022-06-25,US,Seattle,pm25,203,5.0,50.0,25.0,1009.72
2022-06-25,US,Manhattan,pm25,72,9.0,60.0,38.0,1954.01
2022-06-25,US,Miami,pm25,71,19.0,53.0,34.0,675.8
2022-06-25,US,Jacksonville,pm25,143,1.0,49.0,20.0,578.12
2022-06-25,US,San Antonio,pm25,79,8.0,72.0,33.0,2366.86
2022-06-25,US,Philadelphia,pm25,96,7.0,90.0,41.0,1570.87
2022-06-25,US,San Diego,pm25,24,30.0,73.0,46.0,1162.45
2022-06-25,US,Columbus,pm25,48,20.0,61.0,39.0,1065.21
2022-06-25,US,Saint Paul,pm25,122,5.0,53.0,17.0,1331.34
2022-06-25,US,Denver,pm25,148,9.0,38.0,21.0,431.58
2022-06-25,US,Salt Lake City,pm25,216,8.0,141.0,18.0,1323.02
2022-06-25,US,Albuquerque,pm25,72,8.0,25.0,15.0,143.93
2022-06-25,US,San Francisco,pm25,72,5.0,95.0,46.0,1838.5
2022-06-25,US,Salem,pm25,71,9.0,21.0,12.0,49.52
2022-06-25,US,Madison,pm25,48,22.0,46.0,30.0,466.77
2022-06-25,US,Nashville,pm25,72,25.0,65.0,55.0,606.05
2022-06-25,US,Tucson,pm25,126,5.0,34.0,13.0,402.06
2022-06-25,US,Queens,pm25,96,2.0,68.0,46.0,1882.67
2022-06-25,US,Tallahassee,pm25,56,4.0,70.0,37.0,2407.43
2022-06-25,US,Fort Worth,pm25,48,9.0,56.0,39.0,1432.32
2022-06-25,RS,Novi Sad,pm25,48,5.0,55.0,16.0,3356.24
2022-06-25,RS,Niš,pm25,48,17.0,60.0,40.0,1628.51
2022-06-25,RS,Belgrade,pm25,120,25.0,70.0,50.0,1042.34
2022-06-25,CY,Nicosia,pm25,24,13.0,72.0,26.0,1247.54
2022-06-25,CY,Limassol,pm25,24,11.0,91.0,45.0,3726.67
2022-06-25,HR,Zagreb,pm25,24,31.0,70.0,51.0,2149.28
2022-06-25,HR,Rijeka,pm25,24,29.0,68.0,36.0,1917.61
2022-06-25,MK,Skopje,pm25,161,11.0,136.0,51.0,4755.63
2022-06-26,GE,Tbilisi,pm25,96,28.0,58.0,45.0,714.74
2022-06-26,HU,Szeged,pm25,23,9.0,53.0,38.0,1976.05
2022-06-26,HU,Pécs,pm25,60,9.0,25.0,17.0,172.48
2022-06-26,HU,Kecskemét,pm25,46,9.0,42.0,17.0,953.62
2022-06-26,HU,Miskolc,pm25,112,21.0,68.0,34.0,1189.81
2022-06-26,HU,Budapest,pm25,335,5.0,53.0,25.0,1098.98
2022-06-26,JP,Fukuoka,pm25,360,5.0,156.0,21.0,3378.85
2022-06-26,JP,Kanazawa,pm25,222,5.0,55.0,25.0,1286.86
2022-06-26,JP,Kumamoto,pm25,296,5.0,154.0,21.0,7330.49
2022-06-26,JP,Akita,pm25,46,5.0,74.0,46.0,3010.4
2022-06-26,JP,Kochi,pm25,45,5.0,59.0,30.0,2545.64
2022-06-26,JP,Gifu-shi,pm25,189,5.0,78.0,46.0,2117.57
2022-06-26,JP,Kyoto,pm25,566,9.0,87.0,42.0,1369.18
2022-06-26,JP,Hiroshima,pm25,301,5.0,74.0,30.0,2438.62
2022-06-26,JP,Shizuoka,pm25,254,5.0,93.0,38.0,2898.62
2022-06-26,JP,Chiba,pm25,781,5.0,129.0,46.0,2805.44
2022-06-26,JP,Sapporo,pm25,207,5.0,161.0,50.0,2737.91
2022-06-26,JP,Yokohama,pm25,530,1.0,137.0,42.0,3154.55
2022-06-26,JP,Tokyo,pm25,2541,1.0,149.0,42.0,1906.93
2022-06-26,JP,Saitama,pm25,503,9.0,74.0,53.0,1543.73
2022-06-26,JP,Naha,pm25,136,5.0,46.0,17.0,1045.81
2022-06-26,JP,Nagasaki,pm25,166,5.0,61.0,17.0,1079.67
2022-06-26,JP,Toyama,pm25,184,5.0,70.0,34.0,1692.84
2022-06-26,JP,Niigata,pm25,209,9.0,57.0,34.0,1328.57
2022-06-26,JP,Nara-shi,pm25,180,5.0,61.0,38.0,1360.95
2022-06-26,JP,Okayama,pm25,281,9.0,76.0,38.0,2415.51
2022-06-26,JP,Sendai,pm25,478,5.0,72.0,46.0,1666.99
2022-06-26,JP,Osaka,pm25,1439,5.0,114.0,34.0,1510.11
2022-06-26,JP,Miyazaki,pm25,126,5.0,144.0,30.0,3501.13
2022-06-26,JP,Matsuyama,pm25,142,5.0,85.0,34.0,3291.03
2022-06-26,JP,Wakayama,pm25,284,5.0,68.0,30.0,1264.33
2022-06-26,JP,Takamatsu,pm25,237,5.0,61.0,30.0,1815.79
2022-06-26,JP,Nagoya,pm25,784,1.0,132.0,42.0,1833.97
2022-06-26,JP,Ōita,pm25,232,5.0,72.0,21.0,2835.13
2022-06-26,JP,Kobe,pm25,407,5.0,61.0,30.0,1074.91
2022-06-26,JP,Nagano,pm25,70,5.0,70.0,38.0,2730.26
2022-06-26,JP,Utsunomiya,pm25,394,17.0,78.0,53.0,1421.15
2022-06-26,JP,Kagoshima,pm25,83,5.0,61.0,21.0,967.33
2022-06-26,SK,Košice,pm25,96,30.0,82.0,57.0,554.1
2022-06-26,SK,Bratislava,pm25,92,13.0,78.0,34.0,1872.12
2022-06-26,FI,Vantaa,pm25,24,29.0,61.0,45.0,665.43
2022-06-26,FI,Turku,pm25,24,30.0,56.0,40.0,780.87
2022-06-26,FI,Helsinki,pm25,120,17.0,59.0,35.0,712.08
2022-06-26,FI,Tampere,pm25,96,20.0,61.0,39.0,1246.24
2022-06-26,ET,Addis Ababa,pm25,24,68.0,167.0,99.0,10075.4
2022-06-26,CH,Zürich,pm25,22,1.0,3.0,1.0,3.23
2022-06-26,CO,Bogotá,pm25,305,5.0,102.0,30.0,4356.73
2022-06-26,CO,Medellín,pm25,280,13.0,78.0,50.0,1577.33
2022-06-26,DK,Copenhagen,pm25,24,40.0,81.0,56.0,1261.67
2022-06-26,GB,Edinburgh,pm25,280,3.0,42.0,11.0,366.22
2022-06-26,GB,Norwich,pm25,18,17.0,48.0,17.0,643.4
2022-06-26,GB,Liverpool,pm25,22,5.0,30.0,13.0,474.57
2022-06-26,GB,Belfast,pm25,40,7.0,28.0,17.0,303.18
2022-06-26,GB,Coventry,pm25,59,14.0,31.0,17.0,82.58
2022-06-26,GB,Leeds,pm25,35,17.0,46.0,30.0,477.65
2022-06-26,GB,Cardiff,pm25,142,9.0,53.0,30.0,1242.79
2022-06-26,GB,Bristol,pm25,65,9.0,59.0,30.0,798.22
2022-06-26,GB,London,pm25,512,1.0,117.0,22.0,2011.12
2022-06-26,GB,Birmingham,pm25,41,17.0,39.0,21.0,165.5
2022-06-26,GB,Sheffield,pm25,79,10.0,30.0,18.0,98.83
2022-06-26,GB,Newport,pm25,43,9.0,31.0,19.0,199.19
2022-06-26,GB,Leicester,pm25,16,15.0,25.0,19.0,105.33
2022-06-26,GB,Manchester,pm25,78,5.0,35.0,21.0,550.44
2022-06-26,GB,Reading,pm25,27,5.0,17.0,9.0,148.15
2022-06-26,GB,Plymouth,pm25,40,5.0,38.0,26.0,866.61
2022-06-26,GB,Glasgow,pm25,571,3.0,36.0,10.0,234.12
2022-06-26,GB,Preston,pm25,42,11.0,29.0,17.0,176.29
2022-06-26,GB,Swansea,pm25,192,5.0,74.0,30.0,2390.45
2022-06-26,GB,Southend-on-Sea,pm25,40,13.0,30.0,17.0,185.84
2022-06-26,ID,Jakarta,pm25,71,59.0,173.0,124.0,11561.1
2022-06-26,NP,Kathmandu,pm25,48,21.0,76.0,50.0,2432.51
2022-06-26,NP,Biratnagar,pm25,24,20.0,60.0,35.0,1436.74
2022-06-26,AU,Sydney,pm25,164,1.0,108.0,38.0,6640.24
2022-06-26,AU,Newcastle,pm25,135,1.0,125.0,43.0,8424.71
2022-06-26,AU,Launceston,pm25,149,5.0,188.0,9.0,14475.2
2022-06-26,AU,Hobart,pm25,41,5.0,91.0,9.0,3677.7
2022-06-26,AU,Darwin,pm25,72,9.0,73.0,38.0,2368.71
2022-06-26,AU,Melbourne,pm25,147,1.0,60.0,17.0,1580.25
2022-06-26,AU,Canberra,pm25,66,4.0,84.0,29.0,4402.82
2022-06-26,AU,Adelaide,pm25,91,3.0,61.0,21.0,2007.04
2022-06-26,AU,Brisbane,pm25,216,1.0,132.0,56.0,8770.52
2022-06-26,AU,Perth,pm25,80,2.0,32.0,12.0,709.21
2022-06-26,AU,Wollongong,pm25,40,2.0,54.0,15.0,1298.44
2022-06-26,CI,Abidjan,pm25,24,13.0,61.0,25.0,1297.23
2022-06-26,GH,Accra,pm25,24,17.0,76.0,46.0,2620.58
2022-06-26,IQ,Baghdad,pm25,17,173.0,406.0,262.0,62689.9
2022-06-26,IS,Reykjavík,pm25,96,3.0,17.0,11.0,169.58
2022-06-26,KG,Bishkek,pm25,3,21.0,55.0,53.0,3640.0
2022-06-26,NL,Utrecht,pm25,48,10.0,60.0,29.0,1223.4
2022-06-26,NL,Nijmegen,pm25,24,18.0,55.0,29.0,1297.23
2022-06-26,NL,Haarlem,pm25,141,4.0,106.0,34.0,2167.94
2022-06-26,NL,Eindhoven,pm25,24,33.0,64.0,56.0,524.33
2022-06-26,NL,Rotterdam,pm25,192,11.0,57.0,31.0,1108.66
2022-06-26,NL,Amsterdam,pm25,264,1.0,66.0,34.0,1642.53
2022-06-26,NL,Dordrecht,pm25,24,5.0,52.0,30.0,1744.28
2022-06-26,NL,Breda,pm25,24,17.0,52.0,29.0,887.17
2022-06-26,NL,Groningen,pm25,48,2.0,65.0,30.0,2675.3
2022-06-26,NL,Maastricht,pm25,89,5.0,42.0,17.0,804.34
2022-06-26,NL,The Hague,pm25,71,5.0,53.0,23.0,1202.27
2022-06-26,PT,Lisbon,pm25,96,11.0,39.0,18.0,396.84
2022-06-26,PT,Funchal,pm25,72,1.0,58.0,15.0,1493.36
2022-06-26,CA,Hamilton,pm25,95,34.0,109.0,59.0,1652.1
2022-06-26,CA,Calgary,pm25,85,5.0,236.0,17.0,8662.28
2022-06-26,CA,Halifax,pm25,46,11.0,37.0,21.0,431.88
2022-06-26,CA,Kitchener,pm25,45,25.0,95.0,61.0,2511.01
2022-06-26,CA,Edmonton,pm25,129,2.0,107.0,29.0,2546.51
2022-06-26,CA,Mississauga,pm25,72,25.0,89.0,50.0,2266.9
2022-06-26,CA,Québec,pm25,183,16.0,61.0,42.0,766.36
2022-06-26,CA,Vancouver,pm25,23,17.0,56.0,30.0,1760.2
2022-06-26,CA,Victoria,pm25,46,9.0,61.0,21.0,1425.11
2022-06-26,CA,Montréal,pm25,402,27.0,161.0,50.0,3277.31
2022-06-26,CA,Toronto,pm25,137,17.0,70.0,42.0,931.06
2022-06-26,CA,Ottawa,pm25,70,25.0,55.0,47.0,621.9
2022-06-26,CA,London,pm25,48,13.0,112.0,42.0,5127.07
2022-06-26,US,Oklahoma City,pm25,96,18.0,59.0,28.0,1206.81
2022-06-26,US,Raleigh,pm25,68,5.0,53.0,30.0,992.88
2022-06-26,US,Memphis,pm25,72,4.0,70.0,51.0,1846.47
2022-06-26,US,Jackson,pm25,72,21.0,67.0,53.0,1427.59
2022-06-26,US,Boston,pm25,140,25.0,70.0,50.0,658.93
2022-06-26,US,Richmond,pm25,96,25.0,47.0,31.0,630.16
2022-06-26,US,Portland,pm25,168,5.0,57.0,17.0,1000.06
2022-06-26,US,Boise,pm25,80,5.0,55.0,21.0,1840.12
2022-06-26,US,Austin,pm25,14,13.0,65.0,38.0,2176.7
2022-06-26,US,Honolulu,pm25,37,5.0,65.0,13.0,1378.0
2022-06-26,US,Fresno,pm25,46,2.0,48.0,25.0,1732.53
2022-06-26,US,Milwaukee,pm25,144,15.0,49.0,21.0,602.83
2022-06-26,US,Hartford,pm25,48,24.0,61.0,55.0,1204.14
2022-06-26,US,Washington D.C.,pm25,119,13.0,50.0,30.0,532.6
2022-06-26,US,Chicago,pm25,216,4.0,62.0,23.0,1624.99
2022-06-26,US,Houston,pm25,72,21.0,63.0,41.0,976.59
2022-06-26,US,Indianapolis,pm25,96,18.0,75.0,32.0,2123.55
2022-06-26,US,Atlanta,pm25,24,45.0,55.0,50.0,93.84
2022-06-26,US,Charlotte,pm25,72,13.0,59.0,32.0,978.31
2022-06-26,US,Sacramento,pm25,69,5.0,63.0,25.0,2288.65
2022-06-26,US,Oakland,pm25,119,9.0,61.0,25.0,1183.17
2022-06-26,US,Providence,pm25,48,9.0,70.0,50.0,2207.73
2022-06-26,US,Staten Island,pm25,115,5.0,72.0,48.0,3267.68
2022-06-26,US,Brooklyn,pm25,120,5.0,80.0,40.0,3306.5
2022-06-26,US,Springfield,pm25,69,2.0,58.0,23.0,1569.2
2022-06-26,US,The Bronx,pm25,48,5.0,55.0,32.0,3082.27
2022-06-26,US,San Jose,pm25,90,5.0,72.0,34.0,2678.25
2022-06-26,US,Los Angeles,pm25,24,50.0,87.0,59.0,1259.98
2022-06-26,US,Detroit,pm25,168,7.0,74.0,45.0,1578.71
2022-06-26,US,Little Rock,pm25,22,29.0,105.0,73.0,3059.74
2022-06-26,US,Baltimore,pm25,47,20.0,45.0,34.0,420.71
2022-06-26,US,Phoenix,pm25,186,1.0,93.0,20.0,2529.86
2022-06-26,US,Omaha,pm25,48,5.0,55.0,30.0,1284.66
2022-06-26,US,El Paso,pm25,168,5.0,105.0,25.0,3408.95
2022-06-26,US,Dallas,pm25,24,5.0,97.0,38.0,3163.46
2022-06-26,US,Seattle,pm25,212,5.0,61.0,34.0,1255.73
2022-06-26,US,Manhattan,pm25,72,11.0,65.0,45.0,2604.79
2022-06-26,US,Miami,pm25,71,18.0,47.0,29.0,535.88
2022-06-26,US,Jacksonville,pm25,140,2.0,48.0,20.0,497.71
2022-06-26,US,San Antonio,pm25,91,3.0,84.0,31.0,3068.68
2022-06-26,US,Philadelphia,pm25,95,7.0,58.0,33.0,1365.78
2022-06-26,US,San Diego,pm25,24,28.0,68.0,54.0,963.46
2022-06-26,US,Columbus,pm25,48,16.0,64.0,36.0,1078.09
2022-06-26,US,Saint Paul,pm25,122,5.0,76.0,13.0,946.55
2022-06-26,US,Denver,pm25,134,9.0,42.0,21.0,494.86
2022-06-26,US,Salt Lake City,pm25,216,10.0,68.0,19.0,1291.91
2022-06-26,US,Albuquerque,pm25,72,8.0,45.0,18.0,693.04
2022-06-26,US,San Francisco,pm25,68,5.0,63.0,21.0,1432.37
2022-06-26,US,Salem,pm25,72,11.0,28.0,15.0,139.43
2022-06-26,US,Madison,pm25,48,15.0,36.0,20.0,256.66
2022-06-26,US,Nashville,pm25,69,33.0,70.0,56.0,462.35
2022-06-26,US,Tucson,pm25,129,5.0,46.0,17.0,585.78
2022-06-26,US,Queens,pm25,95,1.0,74.0,39.0,3306.05
2022-06-26,US,Tallahassee,pm25,64,1.0,59.0,23.0,1730.62
2022-06-26,US,Fort Worth,pm25,47,9.0,60.0,42.0,1402.6
2022-06-26,RS,Novi Sad,pm25,48,1.0,58.0,8.0,3139.98
2022-06-26,RS,Niš,pm25,48,13.0,53.0,34.0,1444.25
2022-06-26,RS,Belgrade,pm25,120,8.0,77.0,38.0,3185.6
2022-06-26,CY,Nicosia,pm25,24,14.0,52.0,29.0,1154.76
2022-06-26,CY,Limassol,pm25,24,26.0,75.0,46.0,1958.84
2022-06-26,HR,Zagreb,pm25,24,27.0,58.0,38.0,1169.11
2022-06-26,HR,Rijeka,pm25,24,25.0,38.0,28.0,188.91
2022-06-26,MK,Skopje,pm25,168,5.0,70.0,30.0,1832.81
2022-06-27,GE,Tbilisi,pm25,96,17.0,44.0,30.0,697.04
2022-06-27,HU,Győr,pm25,22,17.0,68.0,25.0,3042.08
2022-06-27,HU,Szeged,pm25,23,17.0,53.0,34.0,956.92
2022-06-27,HU,Pécs,pm25,72,21.0,42.0,25.0,307.17
2022-06-27,HU,Kecskemét,pm25,36,25.0,61.0,42.0,1194.44
2022-06-27,HU,Miskolc,pm25,111,17.0,65.0,34.0,1446.18
2022-06-27,HU,Budapest,pm25,281,21.0,68.0,38.0,954.42
2022-06-27,JP,Fukuoka,pm25,381,5.0,152.0,38.0,3369.67
2022-06-27,JP,Kanazawa,pm25,232,5.0,63.0,30.0,1451.33
2022-06-27,JP,Kumamoto,pm25,348,5.0,164.0,38.0,6468.71
2022-06-27,JP,Akita,pm25,43,5.0,76.0,42.0,2517.29
2022-06-27,JP,Kochi,pm25,48,13.0,63.0,42.0,2159.13
2022-06-27,JP,Gifu-shi,pm25,182,5.0,85.0,53.0,2437.67
2022-06-27,JP,Kyoto,pm25,571,9.0,74.0,46.0,1367.76
2022-06-27,JP,Hiroshima,pm25,321,5.0,80.0,46.0,2693.52
2022-06-27,JP,Shizuoka,pm25,251,5.0,99.0,46.0,3219.55
2022-06-27,JP,Chiba,pm25,777,5.0,155.0,53.0,3805.95
2022-06-27,JP,Sapporo,pm25,206,5.0,91.0,30.0,1580.44
2022-06-27,JP,Yokohama,pm25,509,1.0,149.0,50.0,4273.59
2022-06-27,JP,Tokyo,pm25,2537,5.0,161.0,55.0,2159.17
2022-06-27,JP,Saitama,pm25,497,21.0,85.0,50.0,925.37
2022-06-27,JP,Naha,pm25,142,5.0,53.0,21.0,1009.1
2022-06-27,JP,Nagasaki,pm25,184,5.0,59.0,21.0,1602.37
2022-06-27,JP,Toyama,pm25,192,9.0,68.0,38.0,1697.38
2022-06-27,JP,Niigata,pm25,210,13.0,61.0,38.0,1435.33
2022-06-27,JP,Nara-shi,pm25,187,13.0,59.0,38.0,786.64
2022-06-27,JP,Okayama,pm25,282,25.0,91.0,55.0,1305.39
2022-06-27,JP,Sendai,pm25,462,5.0,57.0,21.0,1139.1
2022-06-27,JP,Osaka,pm25,1390,5.0,109.0,34.0,1655.57
2022-06-27,JP,Miyazaki,pm25,125,5.0,72.0,34.0,2408.97
2022-06-27,JP,Matsuyama,pm25,168,5.0,82.0,42.0,2847.28
2022-06-27,JP,Wakayama,pm25,281,5.0,68.0,25.0,1248.57
2022-06-27,JP,Takamatsu,pm25,233,9.0,78.0,42.0,1825.33
2022-06-27,JP,Nagoya,pm25,780,9.0,114.0,53.0,1567.48
2022-06-27,JP,Ōita,pm25,253,5.0,99.0,42.0,5043.03
2022-06-27,JP,Kobe,pm25,415,9.0,74.0,30.0,1172.38
2022-06-27,JP,Nagano,pm25,68,9.0,61.0,34.0,1640.41
2022-06-27,JP,Utsunomiya,pm25,387,13.0,107.0,55.0,1880.12
2022-06-27,JP,Kagoshima,pm25,91,5.0,104.0,25.0,2255.6
2022-06-27,SK,Košice,pm25,94,17.0,109.0,53.0,1878.83
2022-06-27,SK,Bratislava,pm25,92,30.0,65.0,50.0,671.93
2022-06-27,FI,Vantaa,pm25,24,9.0,70.0,52.0,1399.11
2022-06-27,FI,Turku,pm25,24,29.0,58.0,46.0,416.5
2022-06-27,FI,Helsinki,pm25,120,21.0,126.0,52.0,1482.52
2022-06-27,FI,Tampere,pm25,96,27.0,69.0,52.0,1024.49
2022-06-27,ET,Addis Ababa,pm25,22,34.0,179.0,78.0,18206.9
2022-06-27,CH,Zürich,pm25,18,1.0,2.0,1.0,1.47
2022-06-27,CO,Bogotá,pm25,288,13.0,115.0,55.0,3982.82
2022-06-27,CO,Medellín,pm25,285,21.0,76.0,50.0,2323.77
2022-06-27,DK,Copenhagen,pm25,23,5.0,87.0,59.0,3715.73
2022-06-27,GB,Edinburgh,pm25,283,2.0,50.0,14.0,658.58
2022-06-27,GB,Norwich,pm25,10,15.0,53.0,17.0,1237.78
2022-06-27,GB,Liverpool,pm25,20,9.0,30.0,13.0,233.13
2022-06-27,GB,Belfast,pm25,41,4.0,29.0,17.0,238.38
2022-06-27,GB,Coventry,pm25,44,13.0,23.0,18.0,74.57
2022-06-27,GB,Leeds,pm25,35,15.0,42.0,30.0,652.81
2022-06-27,GB,Cardiff,pm25,140,5.0,57.0,30.0,1425.56
2022-06-27,GB,Bristol,pm25,64,13.0,57.0,25.0,1276.51
2022-06-27,GB,London,pm25,524,2.0,70.0,24.0,1303.48
2022-06-27,GB,Birmingham,pm25,23,17.0,26.0,21.0,75.42
2022-06-27,GB,Sheffield,pm25,55,10.0,34.0,20.0,249.21
2022-06-27,GB,Newport,pm25,43,8.0,25.0,13.0,279.01
2022-06-27,GB,Leicester,pm25,15,17.0,46.0,21.0,494.29
2022-06-27,GB,Manchester,pm25,81,5.0,27.0,17.0,305.69
2022-06-27,GB,Reading,pm25,29,5.0,21.0,9.0,229.75
2022-06-27,GB,Plymouth,pm25,32,9.0,31.0,23.0,412.97
2022-06-27,GB,Glasgow,pm25,570,3.0,25.0,14.0,174.72
2022-06-27,GB,Preston,pm25,43,10.0,22.0,16.0,127.26
2022-06-27,GB,Swansea,pm25,154,5.0,74.0,25.0,1449.87
2022-06-27,GB,Southend-on-Sea,pm25,41,8.0,30.0,17.0,198.11
2022-06-27,ID,Jakarta,pm25,61,56.0,159.0,122.0,11190.5
2022-06-27,NP,Kathmandu,pm25,46,13.0,97.0,57.0,3128.43
2022-06-27,NP,Biratnagar,pm25,24,27.0,82.0,42.0,1433.62
2022-06-27,AU,Sydney,pm25,156,1.0,98.0,18.0,2981.22
2022-06-27,AU,Newcastle,pm25,137,1.0,93.0,21.0,3677.07
2022-06-27,AU,Launceston,pm25,159,5.0,164.0,55.0,16516.2
2022-06-27,AU,Hobart,pm25,64,5.0,74.0,9.0,1189.48
2022-06-27,AU,Darwin,pm25,72,7.0,111.0,44.0,5405.35
2022-06-27,AU,Melbourne,pm25,155,1.0,76.0,22.0,2802.0
2022-06-27,AU,Canberra,pm25,68,2.0,97.0,20.0,5395.15
2022-06-27,AU,Adelaide,pm25,95,3.0,82.0,34.0,3375.26
2022-06-27,AU,Brisbane,pm25,215,2.0,90.0,43.0,5202.92
2022-06-27,AU,Perth,pm25,75,2.0,34.0,9.0,492.34
2022-06-27,AU,Wollongong,pm25,37,1.0,41.0,10.0,1051.14
2022-06-27,CI,Abidjan,pm25,24,13.0,104.0,38.0,3799.13
2022-06-27,GH,Accra,pm25,24,21.0,142.0,46.0,7161.96
2022-06-27,IQ,Baghdad,pm25,17,177.0,590.0,315.0,153197.0
2022-06-27,IS,Reykjavík,pm25,96,1.0,21.0,11.0,179.14
2022-06-27,KG,Bishkek,pm25,18,5.0,55.0,30.0,2551.76
2022-06-27,NL,Utrecht,pm25,48,16.0,62.0,37.0,1135.0
2022-06-27,NL,Nijmegen,pm25,24,13.0,53.0,32.0,1085.43
2022-06-27,NL,Haarlem,pm25,129,2.0,72.0,39.0,2265.74
2022-06-27,NL,Eindhoven,pm25,24,43.0,78.0,58.0,703.41
2022-06-27,NL,Rotterdam,pm25,192,8.0,55.0,29.0,1123.84
2022-06-27,NL,Amsterdam,pm25,248,1.0,65.0,32.0,1930.29
2022-06-27,NL,Dordrecht,pm25,24,1.0,54.0,25.0,1710.14
2022-06-27,NL,Breda,pm25,24,13.0,60.0,38.0,1942.61
2022-06-27,NL,Groningen,pm25,48,11.0,52.0,25.0,779.72
2022-06-27,NL,Maastricht,pm25,93,5.0,61.0,25.0,1313.82
2022-06-27,NL,The Hague,pm25,61,5.0,55.0,28.0,1298.49
2022-06-27,PT,Lisbon,pm25,89,14.0,34.0,19.0,242.37
2022-06-27,PT,Funchal,pm25,48,3.0,32.0,22.0,455.39
2022-06-27,CA,Hamilton,pm25,58,5.0,55.0,13.0,2461.22
2022-06-27,CA,Calgary,pm25,79,10.0,66.0,34.0,2572.13
2022-06-27,CA,Halifax,pm25,46,11.0,27.0,20.0,133.55
2022-06-27,CA,Kitchener,pm25,24,5.0,38.0,5.0,897.37
2022-06-27,CA,Edmonton,pm25,123,9.0,60.0,25.0,1279.58
2022-06-27,CA,Mississauga,pm25,61,5.0,55.0,9.0,1909.76
2022-06-27,CA,Québec,pm25,187,7.0,60.0,35.0,2702.18
2022-06-27,CA,Vancouver,pm25,22,16.0,39.0,29.0,544.09
2022-06-27,CA,Victoria,pm25,46,9.0,76.0,34.0,1949.31
2022-06-27,CA,Montréal,pm25,387,3.0,96.0,33.0,3321.23
2022-06-27,CA,Toronto,pm25,129,5.0,57.0,17.0,1680.78
2022-06-27,CA,Ottawa,pm25,61,5.0,55.0,16.0,2920.62
2022-06-27,CA,London,pm25,26,5.0,34.0,13.0,787.45
2022-06-27,US,Oklahoma City,pm25,96,25.0,56.0,38.0,584.07
2022-06-27,US,Raleigh,pm25,69,5.0,63.0,25.0,1562.71
2022-06-27,US,Memphis,pm25,70,10.0,45.0,26.0,577.61
2022-06-27,US,Jackson,pm25,72,10.0,56.0,47.0,1572.39
2022-06-27,US,Boston,pm25,124,5.0,57.0,21.0,853.16
2022-06-27,US,Richmond,pm25,96,24.0,54.0,34.0,437.15
2022-06-27,US,Portland,pm25,168,5.0,66.0,26.0,1700.64
2022-06-27,US,Boise,pm25,92,9.0,46.0,21.0,1038.53
2022-06-27,US,Austin,pm25,26,13.0,82.0,46.0,4002.05
2022-06-27,US,Honolulu,pm25,36,5.0,30.0,13.0,484.35
2022-06-27,US,Fresno,pm25,45,1.0,57.0,20.0,1899.55
2022-06-27,US,Milwaukee,pm25,143,16.0,40.0,23.0,176.86
2022-06-27,US,Hartford,pm25,48,20.0,50.0,31.0,643.4
2022-06-27,US,Washington D.C.,pm25,120,13.0,53.0,35.0,690.97
2022-06-27,US,Chicago,pm25,224,5.0,82.0,23.0,873.96
2022-06-27,US,Houston,pm25,72,5.0,74.0,42.0,2700.06
2022-06-27,US,Indianapolis,pm25,95,17.0,66.0,23.0,552.68
2022-06-27,US,Atlanta,pm25,24,27.0,59.0,45.0,962.88
2022-06-27,US,Charlotte,pm25,72,9.0,74.0,26.0,2009.2
2022-06-27,US,Sacramento,pm25,66,5.0,117.0,25.0,3597.31
2022-06-27,US,Oakland,pm25,117,9.0,74.0,25.0,1210.59
2022-06-27,US,Providence,pm25,33,5.0,46.0,21.0,1184.96
2022-06-27,US,Staten Island,pm25,110,1.0,109.0,31.0,4401.28
2022-06-27,US,Brooklyn,pm25,117,1.0,69.0,25.0,2895.05
2022-06-27,US,Springfield,pm25,69,2.0,60.0,25.0,1279.24
2022-06-27,US,The Bronx,pm25,46,3.0,48.0,25.0,1698.55
2022-06-27,US,San Jose,pm25,91,5.0,59.0,30.0,1840.59
2022-06-27,US,Los Angeles,pm25,24,45.0,82.0,57.0,663.32
2022-06-27,US,Detroit,pm25,167,14.0,43.0,23.0,376.23
2022-06-27,US,Little Rock,pm25,21,1.0,38.0,26.0,906.33
2022-06-27,US,Baltimore,pm25,48,13.0,65.0,30.0,1051.63
2022-06-27,US,Phoenix,pm25,183,2.0,155.0,20.0,4496.99
2022-06-27,US,Omaha,pm25,46,13.0,59.0,38.0,1012.37
2022-06-27,US,El Paso,pm25,165,5.0,104.0,25.0,3224.1
2022-06-27,US,Dallas,pm25,22,5.0,80.0,38.0,3681.13
2022-06-27,US,Seattle,pm25,232,13.0,82.0,43.0,1787.05
2022-06-27,US,Manhattan,pm25,71,2.0,72.0,29.0,2884.85
2022-06-27,US,Miami,pm25,94,18.0,55.0,26.0,309.45
2022-06-27,US,Jacksonville,pm25,141,5.0,57.0,24.0,860.62
2022-06-27,US,San Antonio,pm25,92,1.0,78.0,34.0,3131.78
2022-06-27,US,Philadelphia,pm25,92,6.0,154.0,34.0,3366.49
2022-06-27,US,San Diego,pm25,24,38.0,74.0,55.0,879.13
2022-06-27,US,Columbus,pm25,48,4.0,36.0,19.0,379.98
2022-06-27,US,Saint Paul,pm25,141,5.0,61.0,30.0,1525.43
2022-06-27,US,Denver,pm25,139,9.0,38.0,21.0,478.22
2022-06-27,US,Salt Lake City,pm25,216,9.0,157.0,26.0,4008.66
2022-06-27,US,Albuquerque,pm25,72,7.0,50.0,24.0,985.63
2022-06-27,US,San Francisco,pm25,70,5.0,55.0,25.0,1360.76
2022-06-27,US,Salem,pm25,72,9.0,30.0,22.0,367.41
2022-06-27,US,Madison,pm25,44,19.0,50.0,25.0,831.33
2022-06-27,US,Nashville,pm25,46,5.0,47.0,29.0,1299.81
2022-06-27,US,Tucson,pm25,145,5.0,46.0,21.0,746.84
2022-06-27,US,Queens,pm25,86,2.0,59.0,28.0,2192.2
2022-06-27,US,Tallahassee,pm25,68,3.0,73.0,28.0,2684.62
2022-06-27,US,Fort Worth,pm25,48,8.0,82.0,38.0,3069.5
2022-06-27,RS,Novi Sad,pm25,48,2.0,45.0,5.0,1543.29
2022-06-27,RS,Niš,pm25,48,19.0,58.0,36.0,1153.88
2022-06-27,RS,Belgrade,pm25,120,16.0,102.0,40.0,2394.45
2022-06-27,CY,Nicosia,pm25,24,1.0,74.0,46.0,2497.66
2022-06-27,CY,Limassol,pm25,24,35.0,66.0,52.0,743.03
2022-06-27,HR,Zagreb,pm25,24,42.0,66.0,53.0,494.71
2022-06-27,HR,Rijeka,pm25,24,26.0,53.0,34.0,619.55
2022-06-27,MK,Skopje,pm25,158,12.0,82.0,41.0,2523.24
2022-06-28,GE,Tbilisi,pm25,96,23.0,54.0,38.0,754.47
2022-06-28,HU,Győr,pm25,44,9.0,151.0,50.0,19880.4
2022-06-28,HU,Szeged,pm25,23,25.0,61.0,46.0,1092.02
2022-06-28,HU,Pécs,pm25,72,21.0,61.0,38.0,1092.66
2022-06-28,HU,Kecskemét,pm25,45,25.0,65.0,42.0,1806.04
2022-06-28,HU,Miskolc,pm25,97,25.0,72.0,38.0,1096.66
2022-06-28,HU,Budapest,pm25,279,17.0,249.0,42.0,3844.69
2022-06-28,JP,Fukuoka,pm25,377,5.0,158.0,34.0,2669.76
2022-06-28,JP,Kanazawa,pm25,230,5.0,59.0,30.0,1428.67
2022-06-28,JP,Kumamoto,pm25,330,5.0,161.0,38.0,6048.71
2022-06-28,JP,Akita,pm25,44,5.0,70.0,46.0,3317.78
2022-06-28,JP,Kochi,pm25,47,5.0,50.0,21.0,1293.16
2022-06-28,JP,Gifu-shi,pm25,182,5.0,87.0,42.0,2616.39
2022-06-28,JP,Kyoto,pm25,559,5.0,70.0,34.0,1459.18
2022-06-28,JP,Hiroshima,pm25,271,5.0,93.0,21.0,1652.8
2022-06-28,JP,Shizuoka,pm25,255,5.0,87.0,46.0,2609.97
2022-06-28,JP,Chiba,pm25,778,5.0,156.0,53.0,5297.77
2022-06-28,JP,Sapporo,pm25,188,5.0,80.0,21.0,2154.49
2022-06-28,JP,Yokohama,pm25,505,1.0,147.0,53.0,4048.01
2022-06-28,JP,Tokyo,pm25,2498,5.0,157.0,57.0,2465.81
2022-06-28,JP,Saitama,pm25,494,30.0,99.0,59.0,1567.82
2022-06-28,JP,Naha,pm25,137,5.0,55.0,21.0,1391.31
2022-06-28,JP,Nagasaki,pm25,182,5.0,55.0,21.0,1024.87
2022-06-28,JP,Toyama,pm25,182,5.0,74.0,34.0,2211.03
2022-06-28,JP,Niigata,pm25,212,13.0,76.0,42.0,2398.26
2022-06-28,JP,Nara-shi,pm25,183,5.0,57.0,30.0,1183.06
2022-06-28,JP,Okayama,pm25,281,17.0,68.0,42.0,1263.98
2022-06-28,JP,Sendai,pm25,432,5.0,80.0,30.0,3684.59
2022-06-28,JP,Osaka,pm25,1359,5.0,112.0,25.0,1411.67
2022-06-28,JP,Miyazaki,pm25,121,5.0,80.0,34.0,2791.03
2022-06-28,JP,Matsuyama,pm25,146,5.0,72.0,25.0,2637.2
2022-06-28,JP,Wakayama,pm25,253,5.0,59.0,21.0,735.81
2022-06-28,JP,Takamatsu,pm25,222,5.0,57.0,30.0,1614.51
2022-06-28,JP,Nagoya,pm25,778,9.0,109.0,50.0,1883.31
2022-06-28,JP,Ōita,pm25,255,5.0,85.0,38.0,2125.98
2022-06-28,JP,Kobe,pm25,410,5.0,59.0,25.0,778.89
2022-06-28,JP,Nagano,pm25,71,9.0,89.0,46.0,3560.56
2022-06-28,JP,Utsunomiya,pm25,385,25.0,91.0,50.0,1419.49
2022-06-28,JP,Kagoshima,pm25,87,5.0,95.0,25.0,2214.97
2022-06-28,SK,Košice,pm25,96,38.0,129.0,59.0,3097.24
2022-06-28,SK,Bratislava,pm25,94,5.0,61.0,38.0,1630.29
2022-06-28,FI,Vantaa,pm25,23,15.0,61.0,52.0,968.73
2022-06-28,FI,Turku,pm25,24,36.0,70.0,51.0,674.33
2022-06-28,FI,Helsinki,pm25,120,33.0,96.0,60.0,1309.03
2022-06-28,FI,Tampere,pm25,96,29.0,84.0,59.0,1406.3
2022-06-28,ET,Addis Ababa,pm25,24,42.0,158.0,95.0,13153.0
2022-06-28,CH,Zürich,pm25,23,1.0,11.0,2.0,39.92
2022-06-28,CO,Bogotá,pm25,306,5.0,152.0,61.0,8436.27
2022-06-28,CO,Medellín,pm25,235,21.0,76.0,46.0,1706.37
2022-06-28,DK,Copenhagen,pm25,23,4.0,53.0,17.0,1702.02
2022-06-28,GB,Edinburgh,pm25,282,4.0,53.0,19.0,770.05
2022-06-28,GB,Norwich,pm25,22,17.0,24.0,17.0,58.96
2022-06-28,GB,Liverpool,pm25,17,13.0,38.0,17.0,597.21
2022-06-28,GB,Belfast,pm25,47,12.0,47.0,25.0,636.47
2022-06-28,GB,Coventry,pm25,60,16.0,153.0,21.0,3299.45
2022-06-28,GB,Leeds,pm25,42,17.0,46.0,30.0,421.05
2022-06-28,GB,Cardiff,pm25,138,9.0,55.0,30.0,1306.6
2022-06-28,GB,Bristol,pm25,65,9.0,53.0,30.0,1364.87
2022-06-28,GB,London,pm25,534,3.0,68.0,23.0,1285.99
2022-06-28,GB,Birmingham,pm25,35,19.0,52.0,24.0,284.82
2022-06-28,GB,Sheffield,pm25,87,9.0,30.0,21.0,154.78
2022-06-28,GB,Newport,pm25,39,7.0,31.0,25.0,444.59
2022-06-28,GB,Leicester,pm25,24,16.0,28.0,23.0,79.11
2022-06-28,GB,Manchester,pm25,77,9.0,47.0,25.0,447.53
2022-06-28,GB,Reading,pm25,36,5.0,30.0,9.0,667.71
2022-06-28,GB,Plymouth,pm25,43,9.0,43.0,25.0,873.03
2022-06-28,GB,Glasgow,pm25,570,3.0,42.0,15.0,338.82
2022-06-28,GB,Preston,pm25,43,16.0,33.0,22.0,197.85
2022-06-28,GB,Swansea,pm25,167,5.0,68.0,25.0,1768.08
2022-06-28,GB,Southend-on-Sea,pm25,38,12.0,28.0,20.0,215.54
2022-06-28,ID,Jakarta,pm25,47,58.0,159.0,100.0,7645.64
2022-06-28,NP,Kathmandu,pm25,48,25.0,89.0,59.0,2123.67
2022-06-28,NP,Biratnagar,pm25,24,12.0,78.0,37.0,3517.32
2022-06-28,AU,Sydney,pm25,144,1.0,44.0,12.0,694.58
2022-06-28,AU,Newcastle,pm25,130,2.0,52.0,12.0,584.74
2022-06-28,AU,Launceston,pm25,155,5.0,159.0,17.0,12585.4
2022-06-28,AU,Hobart,pm25,56,5.0,46.0,9.0,887.97
2022-06-28,AU,Darwin,pm25,69,3.0,74.0,33.0,2119.26
2022-06-28,AU,Melbourne,pm25,159,2.0,83.0,27.0,3030.38
2022-06-28,AU,Canberra,pm25,65,2.0,112.0,29.0,8200.35
2022-06-28,AU,Adelaide,pm25,94,2.0,124.0,17.0,3020.04
2022-06-28,AU,Brisbane,pm25,216,2.0,53.0,20.0,1123.3
2022-06-28,AU,Perth,pm25,81,2.0,22.0,8.0,356.69
2022-06-28,AU,Wollongong,pm25,40,1.0,108.0,12.0,4762.97
2022-06-28,CI,Abidjan,pm25,24,25.0,72.0,50.0,1838.84
2022-06-28,GH,Accra,pm25,24,38.0,153.0,59.0,10232.0
2022-06-28,IQ,Baghdad,pm25,22,161.0,273.0,180.0,9849.7
2022-06-28,IS,Reykjavík,pm25,96,4.0,27.0,12.0,252.21
2022-06-28,KG,Bishkek,pm25,24,5.0,59.0,17.0,1486.5
2022-06-28,NL,Utrecht,pm25,47,1.0,59.0,31.0,1742.36
2022-06-28,NL,Nijmegen,pm25,24,8.0,52.0,34.0,1730.42
2022-06-28,NL,Haarlem,pm25,117,5.0,65.0,30.0,2033.91
2022-06-28,NL,Eindhoven,pm25,23,35.0,65.0,53.0,654.31
2022-06-28,NL,Rotterdam,pm25,192,10.0,57.0,20.0,706.01
2022-06-28,NL,Amsterdam,pm25,234,1.0,60.0,26.0,1524.1
2022-06-28,NL,Dordrecht,pm25,24,13.0,46.0,30.0,972.88
2022-06-28,NL,Breda,pm25,20,12.0,50.0,27.0,1244.84
2022-06-28,NL,Groningen,pm25,48,12.0,45.0,26.0,501.63
2022-06-28,NL,Maastricht,pm25,90,5.0,55.0,21.0,838.26
2022-06-28,NL,The Hague,pm25,48,13.0,39.0,21.0,495.16
2022-06-28,PT,Lisbon,pm25,82,15.0,41.0,21.0,486.69
2022-06-28,PT,Funchal,pm25,52,1.0,31.0,13.0,725.68
2022-06-28,CA,Hamilton,pm25,81,5.0,53.0,17.0,1351.68
2022-06-28,CA,Calgary,pm25,69,3.0,64.0,38.0,1966.96
2022-06-28,CA,Halifax,pm25,46,15.0,31.0,19.0,139.66
2022-06-28,CA,Kitchener,pm25,38,5.0,55.0,25.0,2039.69
2022-06-28,CA,Edmonton,pm25,136,5.0,73.0,21.0,2184.18
2022-06-28,CA,Mississauga,pm25,70,5.0,50.0,17.0,864.51
2022-06-28,CA,Québec,pm25,126,9.0,40.0,20.0,254.27
2022-06-28,CA,Vancouver,pm25,23,13.0,35.0,25.0,562.21
2022-06-28,CA,Victoria,pm25,37,5.0,42.0,17.0,964.22
2022-06-28,CA,Montréal,pm25,326,3.0,56.0,20.0,1101.01
2022-06-28,CA,Toronto,pm25,141,5.0,59.0,21.0,1151.05
2022-06-28,CA,Ottawa,pm25,60,5.0,61.0,18.0,996.67
2022-06-28,CA,London,pm25,37,9.0,21.0,13.0,134.77
2022-06-28,US,Oklahoma City,pm25,96,28.0,66.0,43.0,557.83
2022-06-28,US,Raleigh,pm25,71,9.0,46.0,31.0,723.9
2022-06-28,US,Memphis,pm25,72,20.0,49.0,37.0,577.83
2022-06-28,US,Jackson,pm25,72,14.0,53.0,33.0,536.24
2022-06-28,US,Boston,pm25,114,5.0,53.0,25.0,1088.8
2022-06-28,US,Richmond,pm25,96,17.0,43.0,20.0,466.89
2022-06-28,US,Portland,pm25,168,8.0,38.0,16.0,417.05
2022-06-28,US,Boise,pm25,82,5.0,59.0,21.0,1238.39
2022-06-28,US,Austin,pm25,48,9.0,82.0,38.0,3065.81
2022-06-28,US,Honolulu,pm25,39,5.0,42.0,13.0,566.6
2022-06-28,US,Fresno,pm25,46,4.0,44.0,17.0,1138.36
2022-06-28,US,Milwaukee,pm25,144,22.0,52.0,44.0,631.73
2022-06-28,US,Hartford,pm25,48,10.0,27.0,15.0,205.39
2022-06-28,US,Washington D.C.,pm25,114,5.0,42.0,18.0,439.21
2022-06-28,US,Chicago,pm25,239,12.0,69.0,38.0,873.35
2022-06-28,US,Houston,pm25,70,6.0,67.0,45.0,1628.37
2022-06-28,US,Indianapolis,pm25,81,21.0,161.0,38.0,3220.69
2022-06-28,US,Atlanta,pm25,24,37.0,55.0,47.0,448.53
2022-06-28,US,Charlotte,pm25,71,21.0,57.0,35.0,789.65
2022-06-28,US,Sacramento,pm25,72,9.0,123.0,25.0,4202.58
2022-06-28,US,Oakland,pm25,116,9.0,59.0,34.0,1200.44
2022-06-28,US,Providence,pm25,38,5.0,38.0,17.0,1000.4
2022-06-28,US,Staten Island,pm25,82,2.0,87.0,23.0,3586.54
2022-06-28,US,Brooklyn,pm25,74,1.0,54.0,13.0,2288.38
2022-06-28,US,Springfield,pm25,72,11.0,71.0,35.0,2736.76
2022-06-28,US,The Bronx,pm25,20,2.0,42.0,10.0,2191.58
2022-06-28,US,San Jose,pm25,95,5.0,55.0,30.0,1088.19
2022-06-28,US,Los Angeles,pm25,24,47.0,85.0,59.0,869.49
2022-06-28,US,Detroit,pm25,166,14.0,153.0,35.0,2924.44
2022-06-28,US,Little Rock,pm25,24,21.0,78.0,36.0,1914.18
2022-06-28,US,Baltimore,pm25,48,5.0,53.0,25.0,930.05
2022-06-28,US,Phoenix,pm25,178,3.0,66.0,21.0,1108.15
2022-06-28,US,Omaha,pm25,46,5.0,53.0,30.0,958.96
2022-06-28,US,El Paso,pm25,158,5.0,84.0,25.0,3363.5
2022-06-28,US,Dallas,pm25,24,5.0,53.0,38.0,1225.2
2022-06-28,US,Seattle,pm25,216,4.0,53.0,21.0,1257.3
2022-06-28,US,Manhattan,pm25,60,1.0,87.0,13.0,1939.31
2022-06-28,US,Miami,pm25,92,9.0,23.0,17.0,75.81
2022-06-28,US,Jacksonville,pm25,136,3.0,57.0,28.0,843.81
2022-06-28,US,San Antonio,pm25,92,5.0,78.0,38.0,2300.93
2022-06-28,US,Philadelphia,pm25,92,1.0,65.0,18.0,1604.38
2022-06-28,US,San Diego,pm25,24,37.0,63.0,53.0,410.71
2022-06-28,US,Columbus,pm25,46,4.0,42.0,18.0,414.85
2022-06-28,US,Saint Paul,pm25,142,5.0,57.0,25.0,1535.75
2022-06-28,US,Denver,pm25,136,9.0,78.0,21.0,2007.28
2022-06-28,US,Salt Lake City,pm25,216,15.0,85.0,28.0,1420.55
2022-06-28,US,Albuquerque,pm25,72,15.0,57.0,37.0,1055.63
2022-06-28,US,San Francisco,pm25,72,5.0,53.0,34.0,1082.81
2022-06-28,US,Salem,pm25,72,8.0,28.0,15.0,216.4
2022-06-28,US,Madison,pm25,48,38.0,51.0,44.0,181.17
2022-06-28,US,Nashville,pm25,52,9.0,64.0,29.0,1064.42
2022-06-28,US,Tucson,pm25,153,5.0,57.0,21.0,730.78
2022-06-28,US,Queens,pm25,68,2.0,58.0,15.0,916.81
2022-06-28,US,Tallahassee,pm25,67,4.0,110.0,46.0,2274.65
2022-06-28,US,Fort Worth,pm25,48,13.0,76.0,38.0,1855.59
2022-06-28,RS,Novi Sad,pm25,48,3.0,56.0,8.0,4206.31
2022-06-28,RS,Niš,pm25,48,19.0,55.0,39.0,1077.87
2022-06-28,RS,Belgrade,pm25,120,19.0,88.0,49.0,3424.87
2022-06-28,CY,Nicosia,pm25,24,16.0,58.0,41.0,996.94
2022-06-28,CY,Limassol,pm25,24,14.0,70.0,55.0,2492.75
2022-06-28,HR,Zagreb,pm25,23,55.0,89.0,65.0,1005.65
2022-06-28,HR,Rijeka,pm25,24,47.0,91.0,53.0,1291.29
2022-06-28,MK,Skopje,pm25,144,9.0,74.0,42.0,2521.68
2022-06-29,GE,Tbilisi,pm25,96,31.0,57.0,43.0,483.89
2022-06-29,HU,Győr,pm25,46,5.0,99.0,34.0,9725.91
2022-06-29,HU,Szeged,pm25,23,17.0,61.0,38.0,1381.46
2022-06-29,HU,Pécs,pm25,69,25.0,53.0,42.0,667.6
2022-06-29,HU,Kecskemét,pm25,46,21.0,65.0,53.0,2566.61
2022-06-29,HU,Miskolc,pm25,119,25.0,78.0,50.0,1445.25
2022-06-29,HU,Budapest,pm25,267,9.0,68.0,42.0,1593.82
2022-06-29,JP,Fukuoka,pm25,378,5.0,161.0,30.0,2740.21
2022-06-29,JP,Kanazawa,pm25,230,5.0,59.0,30.0,1425.44
2022-06-29,JP,Kumamoto,pm25,319,5.0,159.0,30.0,6405.2
2022-06-29,JP,Akita,pm25,47,5.0,68.0,53.0,2048.46
2022-06-29,JP,Kochi,pm25,47,5.0,57.0,25.0,1464.13
2022-06-29,JP,Gifu-shi,pm25,182,5.0,167.0,42.0,3820.35
2022-06-29,JP,Kyoto,pm25,561,5.0,61.0,30.0,1395.23
2022-06-29,JP,Hiroshima,pm25,281,5.0,63.0,21.0,1631.91
2022-06-29,JP,Shizuoka,pm25,240,5.0,78.0,42.0,2787.81
2022-06-29,JP,Chiba,pm25,740,5.0,117.0,42.0,3081.48
2022-06-29,JP,Sapporo,pm25,182,5.0,57.0,25.0,1275.73
2022-06-29,JP,Yokohama,pm25,499,1.0,142.0,50.0,3873.74
2022-06-29,JP,Tokyo,pm25,2446,5.0,156.0,57.0,1533.14
2022-06-29,JP,Saitama,pm25,499,30.0,89.0,59.0,1328.71
2022-06-29,JP,Naha,pm25,120,5.0,46.0,17.0,974.34
2022-06-29,JP,Nagasaki,pm25,188,5.0,59.0,21.0,942.73
2022-06-29,JP,Toyama,pm25,191,5.0,76.0,42.0,2088.75
2022-06-29,JP,Niigata,pm25,211,21.0,72.0,50.0,670.07
2022-06-29,JP,Nara-shi,pm25,177,5.0,53.0,25.0,1170.74
2022-06-29,JP,Okayama,pm25,287,5.0,72.0,34.0,1546.38
2022-06-29,JP,Sendai,pm25,467,25.0,82.0,50.0,1011.51
2022-06-29,JP,Osaka,pm25,1352,5.0,89.0,21.0,1253.09
2022-06-29,JP,Miyazaki,pm25,129,5.0,65.0,25.0,2857.13
2022-06-29,JP,Matsuyama,pm25,142,5.0,82.0,25.0,2285.27
2022-06-29,JP,Wakayama,pm25,225,5.0,63.0,17.0,813.12
2022-06-29,JP,Takamatsu,pm25,225,5.0,59.0,30.0,1714.41
2022-06-29,JP,Nagoya,pm25,776,5.0,107.0,46.0,1541.04
2022-06-29,JP,Ōita,pm25,248,5.0,72.0,34.0,1954.6
2022-06-29,JP,Kobe,pm25,410,5.0,78.0,25.0,848.14
2022-06-29,JP,Nagano,pm25,70,25.0,93.0,57.0,1933.78
2022-06-29,JP,Utsunomiya,pm25,380,42.0,99.0,68.0,1339.03
2022-06-29,JP,Kagoshima,pm25,88,5.0,91.0,21.0,1590.42
2022-06-29,SK,Košice,pm25,96,42.0,156.0,65.0,1726.32
2022-06-29,SK,Bratislava,pm25,94,9.0,95.0,53.0,1009.08
2022-06-29,FI,Vantaa,pm25,24,9.0,45.0,28.0,832.17
2022-06-29,FI,Turku,pm25,23,10.0,92.0,54.0,3410.67
2022-06-29,FI,Helsinki,pm25,120,2.0,59.0,30.0,1373.83
2022-06-29,FI,Tampere,pm25,96,13.0,64.0,43.0,1385.6
2022-06-29,ET,Addis Ababa,pm25,24,59.0,179.0,95.0,17265.2
2022-06-29,CH,Zürich,pm25,19,2.0,3.0,2.0,1.4
2022-06-29,CO,Bogotá,pm25,330,9.0,164.0,68.0,8576.98
2022-06-29,CO,Medellín,pm25,257,17.0,74.0,46.0,1431.81
2022-06-29,DK,Copenhagen,pm25,24,3.0,82.0,28.0,3315.2
2022-06-29,GB,Edinburgh,pm25,285,3.0,55.0,10.0,633.95
2022-06-29,GB,Norwich,pm25,24,16.0,26.0,17.0,70.36
2022-06-29,GB,Liverpool,pm25,32,6.0,30.0,17.0,310.55
2022-06-29,GB,Belfast,pm25,46,13.0,34.0,25.0,308.14
2022-06-29,GB,Coventry,pm25,56,10.0,52.0,17.0,600.83
2022-06-29,GB,Leeds,pm25,28,17.0,42.0,25.0,325.34
2022-06-29,GB,Cardiff,pm25,131,5.0,55.0,30.0,1511.84
2022-06-29,GB,Bristol,pm25,70,9.0,61.0,30.0,1748.21
2022-06-29,GB,London,pm25,525,4.0,200.0,25.0,1852.49
2022-06-29,GB,Birmingham,pm25,36,13.0,32.0,21.0,163.32
2022-06-29,GB,Sheffield,pm25,62,9.0,38.0,17.0,214.91
2022-06-29,GB,Newport,pm25,46,5.0,30.0,15.0,490.96
2022-06-29,GB,Leicester,pm25,20,16.0,25.0,20.0,86.82
2022-06-29,GB,Manchester,pm25,83,5.0,40.0,18.0,564.89
2022-06-29,GB,Reading,pm25,37,5.0,30.0,9.0,677.99
2022-06-29,GB,Plymouth,pm25,34,5.0,34.0,17.0,892.66
2022-06-29,GB,Glasgow,pm25,570,7.0,40.0,17.0,221.17
2022-06-29,GB,Preston,pm25,43,10.0,25.0,17.0,98.74
2022-06-29,GB,Swansea,pm25,179,5.0,59.0,25.0,1675.73
2022-06-29,GB,Southend-on-Sea,pm25,44,8.0,30.0,19.0,230.42
2022-06-29,ID,Jakarta,pm25,47,57.0,170.0,87.0,6402.44
2022-06-29,NP,Kathmandu,pm25,48,9.0,163.0,46.0,5870.31
2022-06-29,NP,Biratnagar,pm25,14,5.0,43.0,17.0,1887.47
2022-06-29,AU,Sydney,pm25,160,1.0,65.0,20.0,1291.69
2022-06-29,AU,Newcastle,pm25,141,1.0,87.0,27.0,2933.4
2022-06-29,AU,Launceston,pm25,151,5.0,87.0,17.0,2478.02
2022-06-29,AU,Hobart,pm25,70,5.0,65.0,13.0,1869.4
2022-06-29,AU,Darwin,pm25,65,5.0,61.0,22.0,1411.91
2022-06-29,AU,Melbourne,pm25,156,2.0,59.0,20.0,1303.63
2022-06-29,AU,Canberra,pm25,69,1.0,131.0,33.0,12019.6
2022-06-29,AU,Adelaide,pm25,72,3.0,59.0,19.0,1012.39
2022-06-29,AU,Brisbane,pm25,142,2.0,31.0,18.0,488.93
2022-06-29,AU,Perth,pm25,76,2.0,19.0,4.0,197.86
2022-06-29,AU,Wollongong,pm25,36,1.0,34.0,14.0,1061.8
2022-06-29,CI,Abidjan,pm25,24,38.0,74.0,59.0,1229.49
2022-06-29,GH,Accra,pm25,24,30.0,91.0,55.0,1913.26
2022-06-29,IQ,Baghdad,pm25,24,119.0,208.0,164.0,2844.93
2022-06-29,IS,Reykjavík,pm25,96,6.0,34.0,13.0,257.79
2022-06-29,KG,Bishkek,pm25,23,9.0,55.0,25.0,2100.4
2022-06-29,NL,Utrecht,pm25,48,22.0,65.0,41.0,1094.04
2022-06-29,NL,Nijmegen,pm25,24,22.0,59.0,35.0,1642.01
2022-06-29,NL,Haarlem,pm25,129,3.0,116.0,43.0,3743.02
2022-06-29,NL,Eindhoven,pm25,13,58.0,80.0,73.0,557.31
2022-06-29,NL,Rotterdam,pm25,190,1.0,59.0,30.0,1202.99
2022-06-29,NL,Amsterdam,pm25,246,2.0,65.0,33.0,1213.19
2022-06-29,NL,Dordrecht,pm25,24,9.0,57.0,38.0,1586.88
2022-06-29,NL,Breda,pm25,24,29.0,66.0,41.0,1177.61
2022-06-29,NL,Groningen,pm25,48,2.0,79.0,34.0,1618.19
2022-06-29,NL,Maastricht,pm25,92,9.0,50.0,30.0,820.11
2022-06-29,NL,The Hague,pm25,53,16.0,57.0,27.0,1264.01
2022-06-29,PT,Lisbon,pm25,91,15.0,39.0,19.0,219.52
2022-06-29,PT,Funchal,pm25,48,1.0,27.0,19.0,584.24
2022-06-29,CA,Hamilton,pm25,96,9.0,68.0,30.0,1771.7
2022-06-29,CA,Calgary,pm25,84,3.0,35.0,10.0,435.85
2022-06-29,CA,Halifax,pm25,46,20.0,39.0,25.0,196.08
2022-06-29,CA,Kitchener,pm25,42,9.0,68.0,21.0,2023.93
2022-06-29,CA,Edmonton,pm25,134,3.0,85.0,18.0,3498.59
2022-06-29,CA,Mississauga,pm25,66,9.0,61.0,25.0,1411.38
2022-06-29,CA,Québec,pm25,170,9.0,40.0,25.0,275.51
2022-06-29,CA,Vancouver,pm25,23,9.0,22.0,12.0,79.29
2022-06-29,CA,Victoria,pm25,34,5.0,34.0,13.0,733.05
2022-06-29,CA,Montréal,pm25,341,6.0,70.0,21.0,1380.51
2022-06-29,CA,Toronto,pm25,140,5.0,61.0,21.0,1744.47
2022-06-29,CA,Ottawa,pm25,52,9.0,30.0,22.0,288.63
2022-06-29,CA,London,pm25,41,9.0,55.0,21.0,2053.56
2022-06-29,US,Oklahoma City,pm25,96,28.0,56.0,43.0,591.42
2022-06-29,US,Raleigh,pm25,72,5.0,68.0,41.0,1476.55
2022-06-29,US,Memphis,pm25,68,17.0,59.0,36.0,943.25
2022-06-29,US,Jackson,pm25,72,12.0,61.0,35.0,1024.1
2022-06-29,US,Boston,pm25,114,9.0,55.0,25.0,751.64
2022-06-29,US,Richmond,pm25,96,23.0,68.0,30.0,1654.21
2022-06-29,US,Portland,pm25,167,12.0,40.0,18.0,216.39
2022-06-29,US,Boise,pm25,73,9.0,70.0,25.0,1973.36
2022-06-29,US,Austin,pm25,47,17.0,65.0,42.0,1788.62
2022-06-29,US,Honolulu,pm25,46,5.0,42.0,17.0,881.62
2022-06-29,US,Fresno,pm25,46,4.0,55.0,23.0,1801.05
2022-06-29,US,Milwaukee,pm25,143,24.0,60.0,38.0,514.13
2022-06-29,US,Hartford,pm25,48,16.0,47.0,24.0,313.17
2022-06-29,US,Washington D.C.,pm25,119,21.0,55.0,30.0,619.88
2022-06-29,US,Chicago,pm25,238,17.0,93.0,43.0,1455.42
2022-06-29,US,Houston,pm25,82,9.0,71.0,48.0,1741.14
2022-06-29,US,Indianapolis,pm25,88,25.0,75.0,43.0,724.55
2022-06-29,US,Atlanta,pm25,24,34.0,50.0,43.0,228.91
2022-06-29,US,Charlotte,pm25,69,5.0,53.0,30.0,1301.95
2022-06-29,US,Sacramento,pm25,70,5.0,56.0,30.0,1353.17
2022-06-29,US,Oakland,pm25,111,9.0,57.0,34.0,1059.0
2022-06-29,US,Providence,pm25,41,5.0,55.0,17.0,2120.61
2022-06-29,US,Staten Island,pm25,113,2.0,91.0,29.0,2079.59
2022-06-29,US,Brooklyn,pm25,107,2.0,67.0,33.0,2416.0
2022-06-29,US,Springfield,pm25,72,2.0,59.0,38.0,1110.56
2022-06-29,US,The Bronx,pm25,46,2.0,67.0,31.0,2598.8
2022-06-29,US,San Jose,pm25,96,9.0,59.0,34.0,1237.88
2022-06-29,US,Los Angeles,pm25,24,43.0,69.0,59.0,315.58
2022-06-29,US,Detroit,pm25,168,17.0,68.0,44.0,1365.9
2022-06-29,US,Little Rock,pm25,24,18.0,55.0,30.0,1152.59
2022-06-29,US,Baltimore,pm25,46,13.0,59.0,31.0,1041.02
2022-06-29,US,Phoenix,pm25,183,2.0,212.0,25.0,5217.68
2022-06-29,US,Omaha,pm25,44,5.0,70.0,30.0,2233.62
2022-06-29,US,El Paso,pm25,142,5.0,81.0,21.0,2160.85
2022-06-29,US,Dallas,pm25,21,9.0,78.0,50.0,1910.9
2022-06-29,US,Seattle,pm25,212,3.0,42.0,13.0,697.24
2022-06-29,US,Manhattan,pm25,68,2.0,59.0,27.0,2090.79
2022-06-29,US,Miami,pm25,93,10.0,35.0,19.0,173.75
2022-06-29,US,Jacksonville,pm25,140,3.0,68.0,20.0,964.62
2022-06-29,US,San Antonio,pm25,94,5.0,96.0,45.0,2195.84
2022-06-29,US,Philadelphia,pm25,91,6.0,64.0,32.0,1529.6
2022-06-29,US,San Diego,pm25,24,33.0,65.0,51.0,889.11
2022-06-29,US,Columbus,pm25,48,7.0,37.0,24.0,359.93
2022-06-29,US,Saint Paul,pm25,131,5.0,46.0,21.0,835.09
2022-06-29,US,Denver,pm25,139,9.0,50.0,17.0,414.27
2022-06-29,US,Salt Lake City,pm25,216,15.0,108.0,33.0,2419.48
2022-06-29,US,Albuquerque,pm25,72,16.0,47.0,28.0,637.75
2022-06-29,US,San Francisco,pm25,72,9.0,55.0,34.0,1026.82
2022-06-29,US,Salem,pm25,72,11.0,36.0,16.0,157.7
2022-06-29,US,Madison,pm25,48,28.0,69.0,39.0,821.12
2022-06-29,US,Nashville,pm25,65,13.0,67.0,46.0,1747.91
2022-06-29,US,Tucson,pm25,154,5.0,42.0,17.0,661.23
2022-06-29,US,Queens,pm25,96,3.0,59.0,27.0,1424.73
2022-06-29,US,Tallahassee,pm25,68,2.0,62.0,24.0,1837.47
2022-06-29,US,Fort Worth,pm25,48,21.0,70.0,47.0,1643.19
2022-06-29,RS,Novi Sad,pm25,48,4.0,55.0,13.0,3303.81
2022-06-29,RS,Niš,pm25,48,16.0,51.0,29.0,828.49
2022-06-29,RS,Belgrade,pm25,120,15.0,115.0,34.0,2234.48
2022-06-29,CY,Nicosia,pm25,24,10.0,60.0,38.0,1262.32
2022-06-29,CY,Limassol,pm25,24,26.0,56.0,42.0,777.97
2022-06-29,HR,Zagreb,pm25,24,52.0,69.0,57.0,242.59
2022-06-29,HR,Rijeka,pm25,24,51.0,73.0,59.0,423.46
2022-06-29,MK,Skopje,pm25,132,5.0,159.0,40.0,17870.5
2022-06-30,GE,Tbilisi,pm25,96,37.0,76.0,50.0,1085.13
2022-06-30,HU,Győr,pm25,46,21.0,93.0,57.0,4976.66
2022-06-30,HU,Szeged,pm25,24,21.0,70.0,46.0,1809.11
2022-06-30,HU,Pécs,pm25,72,34.0,61.0,50.0,738.86
2022-06-30,HU,Kecskemét,pm25,46,25.0,65.0,53.0,1865.74
2022-06-30,HU,Miskolc,pm25,116,21.0,76.0,46.0,2057.82
2022-06-30,HU,Budapest,pm25,357,13.0,61.0,42.0,1428.64
2022-06-30,JP,Fukuoka,pm25,368,5.0,93.0,42.0,2488.38
2022-06-30,JP,Kanazawa,pm25,236,5.0,61.0,38.0,1534.26
2022-06-30,JP,Kumamoto,pm25,323,5.0,171.0,38.0,8398.58
2022-06-30,JP,Akita,pm25,40,5.0,76.0,53.0,2662.76
2022-06-30,JP,Kochi,pm25,48,5.0,57.0,25.0,1141.13
2022-06-30,JP,Gifu-shi,pm25,184,5.0,93.0,53.0,2866.65
2022-06-30,JP,Kyoto,pm25,567,5.0,160.0,55.0,5509.03
2022-06-30,JP,Hiroshima,pm25,307,5.0,74.0,34.0,2731.76
2022-06-30,JP,Shizuoka,pm25,257,5.0,119.0,46.0,3511.1
2022-06-30,JP,Chiba,pm25,768,5.0,167.0,61.0,5879.62
2022-06-30,JP,Sapporo,pm25,190,5.0,70.0,17.0,1165.86
2022-06-30,JP,Yokohama,pm25,505,1.0,161.0,57.0,5273.85
2022-06-30,JP,Tokyo,pm25,2532,1.0,162.0,65.0,3087.31
2022-06-30,JP,Saitama,pm25,492,25.0,97.0,63.0,1473.29
2022-06-30,JP,Naha,pm25,131,9.0,53.0,21.0,981.72
2022-06-30,JP,Nagasaki,pm25,187,5.0,59.0,21.0,1064.37
2022-06-30,JP,Toyama,pm25,187,5.0,74.0,46.0,1672.93
2022-06-30,JP,Niigata,pm25,211,17.0,59.0,38.0,671.87
2022-06-30,JP,Nara-shi,pm25,174,5.0,85.0,46.0,3176.77
2022-06-30,JP,Okayama,pm25,285,17.0,89.0,50.0,2205.48
2022-06-30,JP,Sendai,pm25,443,5.0,61.0,30.0,947.06
2022-06-30,JP,Osaka,pm25,1408,5.0,122.0,46.0,3928.15
2022-06-30,JP,Miyazaki,pm25,121,5.0,87.0,21.0,2824.89
2022-06-30,JP,Matsuyama,pm25,156,5.0,104.0,30.0,3111.17
2022-06-30,JP,Wakayama,pm25,256,5.0,93.0,38.0,3133.37
2022-06-30,JP,Takamatsu,pm25,239,5.0,74.0,42.0,2053.66
2022-06-30,JP,Nagoya,pm25,773,5.0,132.0,55.0,1560.06
2022-06-30,JP,Ōita,pm25,246,5.0,158.0,38.0,11188.0
2022-06-30,JP,Kobe,pm25,417,5.0,89.0,38.0,3446.72
2022-06-30,JP,Nagano,pm25,72,17.0,68.0,53.0,1695.9
2022-06-30,JP,Utsunomiya,pm25,381,34.0,91.0,63.0,693.9
2022-06-30,JP,Kagoshima,pm25,87,5.0,104.0,21.0,1771.96
2022-06-30,SK,Košice,pm25,96,34.0,132.0,59.0,2572.12
2022-06-30,SK,Bratislava,pm25,95,13.0,82.0,46.0,2633.17
2022-06-30,FI,Vantaa,pm25,24,19.0,46.0,31.0,421.72
2022-06-30,FI,Turku,pm25,24,25.0,78.0,45.0,1326.67
2022-06-30,FI,Helsinki,pm25,120,15.0,60.0,28.0,1019.92
2022-06-30,FI,Tampere,pm25,94,8.0,155.0,34.0,3653.54
2022-06-30,ET,Addis Ababa,pm25,24,34.0,164.0,82.0,11233.0
2022-06-30,CH,Zürich,pm25,23,2.0,4.0,3.0,4.03
2022-06-30,CO,Bogotá,pm25,330,5.0,162.0,61.0,9073.38
2022-06-30,CO,Medellín,pm25,262,17.0,78.0,50.0,1650.61
2022-06-30,DK,Copenhagen,pm25,24,6.0,46.0,28.0,811.29
2022-06-30,GB,Edinburgh,pm25,267,5.0,50.0,12.0,362.73
2022-06-30,GB,Norwich,pm25,20,17.0,73.0,18.0,1626.21
2022-06-30,GB,Liverpool,pm25,27,8.0,34.0,17.0,374.87
2022-06-30,GB,Belfast,pm25,43,15.0,34.0,25.0,191.92
2022-06-30,GB,Coventry,pm25,56,10.0,24.0,13.0,78.39
2022-06-30,GB,Leeds,pm25,39,13.0,50.0,30.0,1247.13
2022-06-30,GB,Cardiff,pm25,142,5.0,53.0,34.0,1277.41
2022-06-30,GB,Bristol,pm25,69,9.0,46.0,34.0,1559.9
2022-06-30,GB,London,pm25,512,5.0,89.0,23.0,1460.19
2022-06-30,GB,Birmingham,pm25,43,13.0,28.0,17.0,176.37
2022-06-30,GB,Sheffield,pm25,67,5.0,47.0,13.0,389.11
2022-06-30,GB,Newport,pm25,40,8.0,33.0,13.0,181.44
2022-06-30,GB,Leicester,pm25,14,17.0,35.0,19.0,216.32
2022-06-30,GB,Manchester,pm25,75,5.0,31.0,17.0,286.29
2022-06-30,GB,Reading,pm25,31,5.0,17.0,5.0,130.07
2022-06-30,GB,Plymouth,pm25,37,9.0,24.0,21.0,291.11
2022-06-30,GB,Glasgow,pm25,568,6.0,52.0,16.0,254.87
2022-06-30,GB,Preston,pm25,45,8.0,29.0,13.0,307.8
2022-06-30,GB,Swansea,pm25,185,5.0,87.0,21.0,1352.97
2022-06-30,GB,Southend-on-Sea,pm25,42,11.0,28.0,17.0,141.3
2022-06-30,ID,Jakarta,pm25,50,5.0,174.0,104.0,13458.9
2022-06-30,NP,Kathmandu,pm25,57,5.0,85.0,55.0,3250.6
2022-06-30,NP,Biratnagar,pm25,8,48.0,125.0,57.0,6059.82
2022-06-30,AU,Sydney,pm25,159,1.0,60.0,21.0,1752.21
2022-06-30,AU,Newcastle,pm25,143,6.0,75.0,31.0,2174.64
2022-06-30,AU,Launceston,pm25,152,5.0,153.0,21.0,8066.06
2022-06-30,AU,Hobart,pm25,65,5.0,99.0,13.0,5522.12
2022-06-30,AU,Darwin,pm25,69,4.0,67.0,19.0,1381.76
2022-06-30,AU,Melbourne,pm25,165,4.0,111.0,34.0,4464.2
2022-06-30,AU,Canberra,pm25,65,9.0,73.0,35.0,3120.6
2022-06-30,AU,Adelaide,pm25,92,1.0,53.0,17.0,1001.19
2022-06-30,AU,Brisbane,pm25,162,2.0,53.0,22.0,947.6
2022-06-30,AU,Perth,pm25,73,2.0,14.0,5.0,123.79
2022-06-30,AU,Wollongong,pm25,40,3.0,76.0,22.0,2087.53
2022-06-30,CI,Abidjan,pm25,22,5.0,91.0,57.0,6369.26
2022-06-30,GH,Accra,pm25,24,5.0,82.0,50.0,4092.1
2022-06-30,IQ,Baghdad,pm25,24,109.0,242.0,166.0,7197.61
2022-06-30,IS,Reykjavík,pm25,96,6.0,59.0,22.0,3831.43
2022-06-30,KG,Bishkek,pm25,24,25.0,85.0,46.0,3065.92
2022-06-30,NL,Utrecht,pm25,48,2.0,79.0,30.0,5354.75
2022-06-30,NL,Nijmegen,pm25,24,25.0,86.0,47.0,2879.13
2022-06-30,NL,Haarlem,pm25,130,1.0,127.0,24.0,10246.4
2022-06-30,NL,Eindhoven,pm25,8,5.0,55.0,30.0,2284.11
2022-06-30,NL,Rotterdam,pm25,190,4.0,61.0,21.0,1850.63
2022-06-30,NL,Amsterdam,pm25,256,1.0,102.0,25.0,8015.15
2022-06-30,NL,Dordrecht,pm25,24,1.0,65.0,25.0,3299.55
2022-06-30,NL,Breda,pm25,24,1.0,79.0,29.0,4490.65
2022-06-30,NL,Groningen,pm25,48,17.0,80.0,43.0,2739.57
2022-06-30,NL,Maastricht,pm25,87,5.0,65.0,42.0,2499.97
2022-06-30,NL,The Hague,pm25,65,1.0,51.0,15.0,1237.35
2022-06-30,PT,Lisbon,pm25,93,15.0,49.0,20.0,315.75
2022-06-30,PT,Funchal,pm25,55,1.0,20.0,10.0,148.74
2022-06-30,CA,Hamilton,pm25,92,9.0,74.0,46.0,2499.53
2022-06-30,CA,Calgary,pm25,92,5.0,68.0,40.0,2689.31
2022-06-30,CA,Winnipeg,pm25,11,13.0,25.0,14.0,118.0
2022-06-30,CA,Halifax,pm25,46,15.0,41.0,24.0,336.21
2022-06-30,CA,Kitchener,pm25,48,21.0,74.0,38.0,1986.22
2022-06-30,CA,Edmonton,pm25,138,16.0,79.0,53.0,1552.62
2022-06-30,CA,Mississauga,pm25,72,9.0,61.0,30.0,2372.06
2022-06-30,CA,Québec,pm25,149,12.0,35.0,20.0,190.66
2022-06-30,CA,Vancouver,pm25,22,7.0,27.0,10.0,389.7
2022-06-30,CA,Victoria,pm25,45,5.0,46.0,21.0,947.37
2022-06-30,CA,Montréal,pm25,337,6.0,58.0,21.0,855.77
2022-06-30,CA,Toronto,pm25,137,5.0,70.0,30.0,2091.37
2022-06-30,CA,Ottawa,pm25,72,5.0,29.0,22.0,438.52
2022-06-30,CA,London,pm25,48,9.0,63.0,34.0,1237.38
2022-06-30,US,Oklahoma City,pm25,96,30.0,64.0,52.0,633.04
2022-06-30,US,Raleigh,pm25,70,13.0,61.0,37.0,1142.5
2022-06-30,US,Memphis,pm25,71,8.0,57.0,26.0,1559.7
2022-06-30,US,Jackson,pm25,72,10.0,35.0,23.0,382.82
2022-06-30,US,Boston,pm25,111,5.0,53.0,25.0,764.12
2022-06-30,US,Richmond,pm25,96,34.0,69.0,50.0,602.89
2022-06-30,US,Portland,pm25,155,5.0,65.0,21.0,666.55
2022-06-30,US,Boise,pm25,92,5.0,53.0,17.0,1359.39
2022-06-30,US,Austin,pm25,45,9.0,70.0,50.0,2505.59
2022-06-30,US,Honolulu,pm25,44,5.0,50.0,21.0,949.01
2022-06-30,US,Fresno,pm25,48,7.0,50.0,28.0,1405.53
2022-06-30,US,Milwaukee,pm25,142,29.0,54.0,38.0,251.8
2022-06-30,US,Hartford,pm25,47,24.0,44.0,28.0,197.36
2022-06-30,US,Washington D.C.,pm25,116,21.0,65.0,45.0,789.09
2022-06-30,US,Chicago,pm25,240,11.0,80.0,37.0,999.25
2022-06-30,US,Houston,pm25,94,5.0,57.0,23.0,2160.55
2022-06-30,US,Indianapolis,pm25,96,25.0,68.0,49.0,1121.04
2022-06-30,US,Atlanta,pm25,24,25.0,49.0,30.0,734.18
2022-06-30,US,Charlotte,pm25,71,9.0,61.0,25.0,940.12
2022-06-30,US,Sacramento,pm25,72,13.0,59.0,30.0,1141.41
2022-06-30,US,Oakland,pm25,110,5.0,42.0,25.0,587.8
2022-06-30,US,Providence,pm25,43,5.0,63.0,17.0,1875.02
2022-06-30,US,Staten Island,pm25,108,5.0,171.0,46.0,5585.31
2022-06-30,US,Brooklyn,pm25,119,1.0,68.0,33.0,2643.84
2022-06-30,US,Springfield,pm25,72,19.0,68.0,42.0,858.56
2022-06-30,US,The Bronx,pm25,46,3.0,68.0,30.0,3767.07
2022-06-30,US,San Jose,pm25,94,9.0,85.0,30.0,1396.33
2022-06-30,US,Los Angeles,pm25,24,50.0,77.0,66.0,526.07
2022-06-30,US,Detroit,pm25,167,26.0,127.0,50.0,3026.21
2022-06-30,US,Little Rock,pm25,23,2.0,78.0,31.0,2394.74
2022-06-30,US,Baltimore,pm25,48,13.0,57.0,41.0,810.43
2022-06-30,US,Phoenix,pm25,188,1.0,57.0,24.0,1479.03
2022-06-30,US,Omaha,pm25,45,5.0,82.0,38.0,2573.64
2022-06-30,US,El Paso,pm25,144,5.0,106.0,21.0,4807.12
2022-06-30,US,Dallas,pm25,14,30.0,144.0,57.0,6950.55
2022-06-30,US,Seattle,pm25,232,5.0,50.0,21.0,1057.2
2022-06-30,US,Manhattan,pm25,71,6.0,94.0,37.0,3282.78
2022-06-30,US,Miami,pm25,93,14.0,38.0,28.0,263.82
2022-06-30,US,Jacksonville,pm25,141,4.0,60.0,25.0,1066.22
2022-06-30,US,San Antonio,pm25,92,3.0,78.0,42.0,2599.41
2022-06-30,US,Philadelphia,pm25,94,11.0,75.0,38.0,1631.33
2022-06-30,US,San Diego,pm25,24,40.0,76.0,59.0,1008.97
2022-06-30,US,Columbus,pm25,48,10.0,63.0,31.0,1614.02
2022-06-30,US,Saint Paul,pm25,87,5.0,42.0,21.0,641.49
2022-06-30,US,Denver,pm25,148,5.0,34.0,17.0,313.4
2022-06-30,US,Salt Lake City,pm25,216,19.0,107.0,34.0,1182.67
2022-06-30,US,Albuquerque,pm25,72,18.0,65.0,26.0,619.28
2022-06-30,US,San Francisco,pm25,69,5.0,57.0,30.0,1248.11
2022-06-30,US,Salem,pm25,72,12.0,74.0,18.0,2505.51
2022-06-30,US,Madison,pm25,48,29.0,43.0,34.0,151.05
2022-06-30,US,Nashville,pm25,72,9.0,68.0,30.0,1238.87
2022-06-30,US,Tucson,pm25,148,5.0,42.0,21.0,740.61
2022-06-30,US,Queens,pm25,96,8.0,63.0,39.0,2124.84
2022-06-30,US,Tallahassee,pm25,70,7.0,69.0,29.0,1524.49
2022-06-30,US,Fort Worth,pm25,48,9.0,74.0,54.0,2546.1
2022-06-30,RS,Novi Sad,pm25,48,3.0,86.0,7.0,4645.46
2022-06-30,RS,Niš,pm25,48,16.0,49.0,30.0,893.33
2022-06-30,RS,Belgrade,pm25,117,21.0,78.0,41.0,1865.97
2022-06-30,CY,Nicosia,pm25,24,12.0,49.0,33.0,1059.93
2022-06-30,CY,Limassol,pm25,24,15.0,61.0,52.0,1074.62
2022-06-30,HR,Zagreb,pm25,24,50.0,71.0,57.0,462.45
2022-06-30,HR,Rijeka,pm25,24,32.0,52.0,45.0,280.27
2022-06-30,MK,Skopje,pm25,154,13.0,97.0,47.0,3178.75
2022-07-01,GE,Tbilisi,pm25,96,45.0,76.0,52.0,853.47
2022-07-01,HU,Győr,pm25,46,9.0,104.0,55.0,7567.38
2022-07-01,HU,Szeged,pm25,23,21.0,70.0,50.0,2201.46
2022-07-01,HU,Pécs,pm25,72,53.0,80.0,59.0,468.15
2022-07-01,HU,Kecskemét,pm25,44,46.0,82.0,57.0,853.3
2022-07-01,HU,Miskolc,pm25,96,38.0,85.0,53.0,926.03
2022-07-01,HU,Budapest,pm25,218,30.0,82.0,50.0,872.35
2022-07-01,JP,Fukuoka,pm25,377,13.0,104.0,53.0,2442.08
2022-07-01,JP,Kanazawa,pm25,236,5.0,57.0,30.0,1273.05
2022-07-01,JP,Kumamoto,pm25,326,5.0,237.0,65.0,8356.4
2022-07-01,JP,Akita,pm25,43,9.0,80.0,30.0,2067.11
2022-07-01,JP,Kochi,pm25,47,13.0,76.0,57.0,2189.94
2022-07-01,JP,Gifu-shi,pm25,189,9.0,95.0,55.0,3775.2
2022-07-01,JP,Kyoto,pm25,557,13.0,102.0,63.0,1989.05
2022-07-01,JP,Hiroshima,pm25,327,5.0,109.0,53.0,3797.83
2022-07-01,JP,Shizuoka,pm25,250,9.0,142.0,50.0,3467.35
2022-07-01,JP,Chiba,pm25,780,5.0,171.0,57.0,5166.77
2022-07-01,JP,Sapporo,pm25,199,5.0,93.0,21.0,1328.63
2022-07-01,JP,Yokohama,pm25,503,1.0,160.0,50.0,6605.68
2022-07-01,JP,Tokyo,pm25,2560,1.0,161.0,63.0,2772.84
2022-07-01,JP,Saitama,pm25,503,21.0,107.0,72.0,1254.32
2022-07-01,JP,Naha,pm25,137,5.0,46.0,21.0,766.17
2022-07-01,JP,Nagasaki,pm25,188,5.0,114.0,50.0,5729.26
2022-07-01,JP,Toyama,pm25,192,9.0,70.0,42.0,1293.9
2022-07-01,JP,Niigata,pm25,214,9.0,93.0,38.0,1248.61
2022-07-01,JP,Nara-shi,pm25,181,34.0,91.0,70.0,809.41
2022-07-01,JP,Okayama,pm25,286,25.0,91.0,61.0,1937.46
2022-07-01,JP,Sendai,pm25,462,17.0,70.0,42.0,1228.59
2022-07-01,JP,Osaka,pm25,1403,5.0,151.0,61.0,3937.38
2022-07-01,JP,Miyazaki,pm25,127,5.0,65.0,25.0,2428.86
2022-07-01,JP,Matsuyama,pm25,145,5.0,85.0,34.0,3378.99
2022-07-01,JP,Wakayama,pm25,284,5.0,109.0,57.0,3022.97
2022-07-01,JP,Takamatsu,pm25,238,9.0,91.0,59.0,2970.97
2022-07-01,JP,Nagoya,pm25,761,5.0,310.0,61.0,2456.97
2022-07-01,JP,Ōita,pm25,259,5.0,149.0,50.0,6777.78
2022-07-01,JP,Kobe,pm25,411,5.0,122.0,59.0,3617.75
2022-07-01,JP,Nagano,pm25,70,9.0,117.0,55.0,3590.48
2022-07-01,JP,Utsunomiya,pm25,381,46.0,85.0,63.0,812.31
2022-07-01,JP,Kagoshima,pm25,87,5.0,117.0,21.0,3169.62
2022-07-01,SK,Košice,pm25,96,34.0,117.0,68.0,1949.82
2022-07-01,SK,Bratislava,pm25,91,9.0,107.0,61.0,2474.95
2022-07-01,FI,Vantaa,pm25,24,25.0,50.0,36.0,569.98
2022-07-01,FI,Turku,pm25,24,19.0,69.0,55.0,1434.18
2022-07-01,FI,Helsinki,pm25,120,18.0,93.0,31.0,1944.2
2022-07-01,FI,Tampere,pm25,96,8.0,53.0,32.0,605.58
2022-07-01,ET,Addis Ababa,pm25,24,50.0,157.0,99.0,14677.4
2022-07-01,CH,Zürich,pm25,17,1.0,5.0,1.0,14.04
2022-07-01,CO,Bogotá,pm25,325,5.0,154.0,53.0,7329.07
2022-07-01,CO,Medellín,pm25,314,30.0,97.0,59.0,1940.22
2022-07-01,DK,Copenhagen,pm25,24,10.0,65.0,35.0,2022.61
2022-07-01,GB,Edinburgh,pm25,281,4.0,53.0,13.0,588.63
2022-07-01,GB,Norwich,pm25,8,8.0,21.0,17.0,206.96
2022-07-01,GB,Liverpool,pm25,30,8.0,25.0,14.0,172.64
2022-07-01,GB,Belfast,pm25,53,9.0,28.0,17.0,194.08
2022-07-01,GB,Coventry,pm25,56,9.0,24.0,15.0,112.0
2022-07-01,GB,Leeds,pm25,41,13.0,50.0,34.0,986.2
2022-07-01,GB,Cardiff,pm25,143,9.0,53.0,34.0,1635.87
2022-07-01,GB,Bristol,pm25,70,9.0,57.0,34.0,1733.55
2022-07-01,GB,London,pm25,533,1.0,74.0,24.0,1390.2
2022-07-01,GB,Birmingham,pm25,38,11.0,40.0,17.0,288.45
2022-07-01,GB,Sheffield,pm25,68,7.0,564.0,19.0,78198.2
2022-07-01,GB,Newport,pm25,42,5.0,34.0,13.0,268.9
2022-07-01,GB,Leicester,pm25,20,17.0,36.0,20.0,275.24
2022-07-01,GB,Manchester,pm25,73,9.0,42.0,24.0,637.55
2022-07-01,GB,Reading,pm25,21,5.0,13.0,5.0,73.14
2022-07-01,GB,Plymouth,pm25,33,5.0,21.0,13.0,201.72
2022-07-01,GB,Glasgow,pm25,561,4.0,40.0,12.0,199.73
2022-07-01,GB,Preston,pm25,42,7.0,32.0,17.0,393.41
2022-07-01,GB,Swansea,pm25,175,5.0,61.0,25.0,1462.17
2022-07-01,GB,Southend-on-Sea,pm25,46,11.0,27.0,15.0,101.22
2022-07-01,ID,Jakarta,pm25,60,9.0,169.0,119.0,36755.3
2022-07-01,NP,Kathmandu,pm25,72,46.0,102.0,68.0,1366.92
2022-07-01,NP,Biratnagar,pm25,24,51.0,74.0,60.0,449.55
2022-07-01,AU,Sydney,pm25,166,2.0,54.0,25.0,1003.18
2022-07-01,AU,Newcastle,pm25,133,4.0,56.0,21.0,1219.42
2022-07-01,AU,Launceston,pm25,164,5.0,165.0,25.0,18360.9
2022-07-01,AU,Hobart,pm25,65,5.0,80.0,13.0,4865.35
2022-07-01,AU,Darwin,pm25,57,1.0,41.0,10.0,917.69
2022-07-01,AU,Melbourne,pm25,165,2.0,113.0,43.0,5137.09
2022-07-01,AU,Canberra,pm25,61,3.0,95.0,30.0,4375.57
2022-07-01,AU,Adelaide,pm25,94,5.0,56.0,17.0,1183.06
2022-07-01,AU,Brisbane,pm25,216,1.0,55.0,24.0,1633.27
2022-07-01,AU,Perth,pm25,81,2.0,36.0,5.0,618.9
2022-07-01,AU,Wollongong,pm25,34,2.0,41.0,10.0,718.25
2022-07-01,CI,Abidjan,pm25,24,34.0,104.0,68.0,2764.76
2022-07-01,GH,Accra,pm25,24,25.0,89.0,55.0,2247.81
2022-07-01,IQ,Baghdad,pm25,24,132.0,200.0,160.0,3434.33
2022-07-01,IS,Reykjavík,pm25,90,5.0,37.0,14.0,302.84
2022-07-01,KG,Bishkek,pm25,13,5.0,59.0,9.0,3587.56
2022-07-01,NL,Utrecht,pm25,48,6.0,62.0,34.0,2002.73
2022-07-01,NL,Nijmegen,pm25,24,10.0,71.0,32.0,2998.68
2022-07-01,NL,Haarlem,pm25,139,2.0,74.0,24.0,1740.66
2022-07-01,NL,Eindhoven,pm25,23,31.0,58.0,46.0,773.4
2022-07-01,NL,Rotterdam,pm25,191,1.0,52.0,21.0,1102.33
2022-07-01,NL,Amsterdam,pm25,247,1.0,55.0,20.0,1466.62
2022-07-01,NL,Dordrecht,pm25,24,13.0,42.0,26.0,426.07
2022-07-01,NL,Breda,pm25,24,16.0,46.0,31.0,580.42
2022-07-01,NL,Groningen,pm25,44,3.0,62.0,17.0,2027.67
2022-07-01,NL,Maastricht,pm25,93,5.0,50.0,17.0,879.54
2022-07-01,NL,The Hague,pm25,66,1.0,45.0,19.0,957.15
2022-07-01,PT,Lisbon,pm25,76,10.0,110.0,20.0,4225.82
2022-07-01,PT,Funchal,pm25,56,1.0,34.0,14.0,730.75
2022-07-01,CA,Hamilton,pm25,94,13.0,93.0,50.0,2293.47
2022-07-01,CA,Calgary,pm25,92,10.0,75.0,42.0,2738.89
2022-07-01,CA,Winnipeg,pm25,24,14.0,34.0,18.0,401.74
2022-07-01,CA,Halifax,pm25,46,20.0,54.0,29.0,382.63
2022-07-01,CA,Kitchener,pm25,46,21.0,87.0,53.0,1995.0
2022-07-01,CA,Edmonton,pm25,138,18.0,103.0,53.0,2813.31
2022-07-01,CA,Mississauga,pm25,70,25.0,89.0,50.0,1994.19
2022-07-01,CA,Québec,pm25,177,16.0,55.0,33.0,884.09
2022-07-01,CA,Vancouver,pm25,23,8.0,32.0,15.0,584.03
2022-07-01,CA,Victoria,pm25,43,5.0,157.0,17.0,5236.53
2022-07-01,CA,Montréal,pm25,401,12.0,74.0,38.0,1856.39
2022-07-01,CA,Toronto,pm25,141,25.0,82.0,46.0,1507.31
2022-07-01,CA,Ottawa,pm25,69,13.0,53.0,38.0,941.6
2022-07-01,CA,London,pm25,47,21.0,65.0,50.0,768.09
2022-07-01,US,Oklahoma City,pm25,96,14.0,65.0,52.0,1464.35
2022-07-01,US,Raleigh,pm25,70,5.0,53.0,23.0,1066.82
2022-07-01,US,Memphis,pm25,69,12.0,30.0,22.0,104.11
2022-07-01,US,Jackson,pm25,72,10.0,57.0,25.0,803.63
2022-07-01,US,Boston,pm25,114,34.0,68.0,46.0,608.33
2022-07-01,US,Richmond,pm25,96,22.0,51.0,36.0,365.41
2022-07-01,US,Portland,pm25,167,13.0,58.0,23.0,662.7
2022-07-01,US,Boise,pm25,90,5.0,59.0,25.0,1736.69
2022-07-01,US,Austin,pm25,44,5.0,50.0,30.0,1367.2
2022-07-01,US,Honolulu,pm25,45,5.0,42.0,17.0,574.83
2022-07-01,US,Fresno,pm25,47,5.0,57.0,33.0,1379.81
2022-07-01,US,Milwaukee,pm25,144,20.0,71.0,35.0,751.6
2022-07-01,US,Hartford,pm25,48,35.0,65.0,53.0,657.0
2022-07-01,US,Washington D.C.,pm25,120,17.0,74.0,46.0,1051.72
2022-07-01,US,Chicago,pm25,239,9.0,69.0,38.0,1311.13
2022-07-01,US,Houston,pm25,89,2.0,64.0,23.0,2238.46
2022-07-01,US,Indianapolis,pm25,96,35.0,77.0,58.0,609.13
2022-07-01,US,Atlanta,pm25,24,22.0,53.0,29.0,660.85
2022-07-01,US,Charlotte,pm25,66,5.0,57.0,21.0,926.01
2022-07-01,US,Sacramento,pm25,71,5.0,58.0,25.0,1389.48
2022-07-01,US,Oakland,pm25,111,5.0,46.0,21.0,931.52
2022-07-01,US,Providence,pm25,48,5.0,65.0,42.0,2604.89
2022-07-01,US,Staten Island,pm25,114,10.0,173.0,54.0,3177.68
2022-07-01,US,Brooklyn,pm25,120,6.0,72.0,54.0,1998.64
2022-07-01,US,Springfield,pm25,72,23.0,63.0,47.0,692.72
2022-07-01,US,The Bronx,pm25,48,6.0,63.0,54.0,2745.37
2022-07-01,US,San Jose,pm25,95,5.0,53.0,25.0,1116.66
2022-07-01,US,Los Angeles,pm25,24,48.0,78.0,58.0,815.0
2022-07-01,US,Detroit,pm25,168,33.0,83.0,55.0,1255.51
2022-07-01,US,Little Rock,pm25,24,10.0,32.0,22.0,428.1
2022-07-01,US,Baltimore,pm25,48,21.0,55.0,42.0,889.36
2022-07-01,US,Phoenix,pm25,179,1.0,121.0,25.0,1677.52
2022-07-01,US,Omaha,pm25,46,5.0,65.0,30.0,2458.4
2022-07-01,US,El Paso,pm25,108,5.0,95.0,21.0,5634.63
2022-07-01,US,Dallas,pm25,21,5.0,42.0,25.0,868.0
2022-07-01,US,Seattle,pm25,229,5.0,55.0,25.0,1210.09
2022-07-01,US,Manhattan,pm25,72,18.0,79.0,53.0,1454.41
2022-07-01,US,Miami,pm25,94,19.0,35.0,26.0,137.07
2022-07-01,US,Jacksonville,pm25,142,3.0,68.0,25.0,1099.46
2022-07-01,US,San Antonio,pm25,76,3.0,82.0,17.0,3192.0
2022-07-01,US,Philadelphia,pm25,96,7.0,73.0,46.0,1725.97
2022-07-01,US,San Diego,pm25,24,45.0,68.0,60.0,356.23
2022-07-01,US,Columbus,pm25,48,13.0,58.0,46.0,1069.22
2022-07-01,US,Saint Paul,pm25,92,5.0,80.0,13.0,2245.54
2022-07-01,US,Denver,pm25,145,9.0,46.0,21.0,690.46
2022-07-01,US,Salt Lake City,pm25,216,11.0,74.0,22.0,1076.67
2022-07-01,US,Albuquerque,pm25,72,13.0,44.0,23.0,306.43
2022-07-01,US,San Francisco,pm25,46,5.0,46.0,25.0,1056.22
2022-07-01,US,Salem,pm25,72,18.0,61.0,29.0,1076.46
2022-07-01,US,Madison,pm25,48,20.0,42.0,30.0,420.41
2022-07-01,US,Nashville,pm25,70,9.0,57.0,33.0,1254.97
2022-07-01,US,Tucson,pm25,120,5.0,93.0,17.0,1144.19
2022-07-01,US,Queens,pm25,96,15.0,65.0,54.0,1312.05
2022-07-01,US,Tallahassee,pm25,65,3.0,66.0,30.0,1695.28
2022-07-01,US,Fort Worth,pm25,46,5.0,86.0,34.0,1882.63
2022-07-01,RS,Novi Sad,pm25,48,2.0,74.0,6.0,6734.25
2022-07-01,RS,Niš,pm25,48,9.0,53.0,31.0,1665.09
2022-07-01,RS,Belgrade,pm25,119,19.0,74.0,53.0,2543.52
2022-07-01,CY,Nicosia,pm25,24,17.0,66.0,50.0,1532.16
2022-07-01,CY,Limassol,pm25,24,40.0,75.0,59.0,440.22
2022-07-01,HR,Zagreb,pm25,24,29.0,56.0,43.0,825.92
2022-07-01,HR,Rijeka,pm25,24,32.0,60.0,39.0,1004.76
2022-07-01,MK,Skopje,pm25,168,15.0,86.0,53.0,2913.88
2022-07-02,GE,Tbilisi,pm25,96,27.0,70.0,41.0,978.79
2022-07-02,HU,Győr,pm25,48,13.0,72.0,25.0,2866.31
2022-07-02,HU,Szeged,pm25,24,21.0,74.0,46.0,2997.1
2022-07-02,HU,Pécs,pm25,36,13.0,57.0,17.0,2326.86
2022-07-02,HU,Kecskemét,pm25,46,21.0,57.0,30.0,952.77
2022-07-02,HU,Miskolc,pm25,120,34.0,93.0,46.0,1598.85
2022-07-02,HU,Budapest,pm25,278,9.0,85.0,25.0,1468.67
2022-07-02,JP,Fukuoka,pm25,368,5.0,93.0,55.0,2858.77
2022-07-02,JP,Kanazawa,pm25,237,9.0,74.0,38.0,1544.67
2022-07-02,JP,Kumamoto,pm25,292,5.0,104.0,38.0,4987.85
2022-07-02,JP,Akita,pm25,44,5.0,112.0,46.0,4629.02
2022-07-02,JP,Kochi,pm25,45,9.0,85.0,53.0,5152.68
2022-07-02,JP,Gifu-shi,pm25,185,5.0,93.0,50.0,4636.53
2022-07-02,JP,Kyoto,pm25,556,5.0,97.0,57.0,4493.06
2022-07-02,JP,Hiroshima,pm25,335,9.0,122.0,72.0,2272.72
2022-07-02,JP,Shizuoka,pm25,253,5.0,102.0,34.0,3915.54
2022-07-02,JP,Chiba,pm25,752,5.0,152.0,38.0,5687.55
2022-07-02,JP,Sapporo,pm25,198,5.0,85.0,25.0,2441.15
2022-07-02,JP,Yokohama,pm25,512,1.0,152.0,38.0,4716.17
2022-07-02,JP,Tokyo,pm25,2558,5.0,158.0,57.0,3467.09
2022-07-02,JP,Saitama,pm25,498,21.0,122.0,57.0,2824.33
2022-07-02,JP,Naha,pm25,134,5.0,30.0,13.0,366.94
2022-07-02,JP,Nagasaki,pm25,192,30.0,93.0,70.0,1464.79
2022-07-02,JP,Toyama,pm25,188,9.0,124.0,42.0,2445.36
2022-07-02,JP,Niigata,pm25,212,9.0,59.0,34.0,1016.83
2022-07-02,JP,Nara-shi,pm25,192,13.0,95.0,65.0,3446.91
2022-07-02,JP,Okayama,pm25,282,5.0,82.0,34.0,3570.61
2022-07-02,JP,Sendai,pm25,475,13.0,63.0,38.0,1083.39
2022-07-02,JP,Osaka,pm25,1403,5.0,129.0,34.0,4045.36
2022-07-02,JP,Miyazaki,pm25,122,5.0,181.0,25.0,6089.3
2022-07-02,JP,Matsuyama,pm25,159,5.0,89.0,57.0,3222.95
2022-07-02,JP,Wakayama,pm25,285,5.0,93.0,25.0,2971.12
2022-07-02,JP,Takamatsu,pm25,236,5.0,87.0,38.0,4516.47
2022-07-02,JP,Nagoya,pm25,743,5.0,99.0,21.0,2762.47
2022-07-02,JP,Ōita,pm25,221,5.0,61.0,25.0,1862.23
2022-07-02,JP,Kobe,pm25,412,5.0,89.0,21.0,1653.74
2022-07-02,JP,Nagano,pm25,71,9.0,97.0,46.0,2766.94
2022-07-02,JP,Utsunomiya,pm25,387,38.0,107.0,65.0,1506.45
2022-07-02,JP,Kagoshima,pm25,88,9.0,53.0,21.0,784.38
2022-07-02,SK,Košice,pm25,96,34.0,169.0,65.0,7747.79
2022-07-02,SK,Bratislava,pm25,78,5.0,59.0,21.0,1038.35
2022-07-02,FI,Vantaa,pm25,24,29.0,58.0,40.0,499.13
2022-07-02,FI,Turku,pm25,24,11.0,102.0,55.0,4889.11
2022-07-02,FI,Helsinki,pm25,120,26.0,76.0,45.0,1187.45
2022-07-02,FI,Tampere,pm25,96,14.0,58.0,41.0,746.37
2022-07-02,ET,Addis Ababa,pm25,24,87.0,206.0,139.0,8093.26
2022-07-02,CH,Zürich,pm25,23,1.0,7.0,1.0,19.92
2022-07-02,CO,Bogotá,pm25,325,5.0,122.0,34.0,5823.44
2022-07-02,CO,Medellín,pm25,319,13.0,97.0,65.0,1938.96
2022-07-02,DK,Copenhagen,pm25,24,12.0,54.0,24.0,1494.78
2022-07-02,GB,Edinburgh,pm25,280,2.0,50.0,8.0,527.45
2022-07-02,GB,Norwich,pm25,13,7.0,21.0,13.0,159.74
2022-07-02,GB,Liverpool,pm25,40,9.0,25.0,12.0,200.1
2022-07-02,GB,Belfast,pm25,30,10.0,18.0,13.0,40.1
2022-07-02,GB,Coventry,pm25,59,9.0,26.0,13.0,96.86
2022-07-02,GB,Leeds,pm25,30,9.0,114.0,17.0,4075.41
2022-07-02,GB,Cardiff,pm25,142,9.0,53.0,30.0,1664.11
2022-07-02,GB,Bristol,pm25,69,9.0,59.0,30.0,1439.83
2022-07-02,GB,London,pm25,533,1.0,59.0,18.0,1165.72
2022-07-02,GB,Birmingham,pm25,38,9.0,52.0,13.0,499.55
2022-07-02,GB,Sheffield,pm25,77,9.0,160.0,13.0,5930.54
2022-07-02,GB,Newport,pm25,39,5.0,18.0,9.0,127.1
2022-07-02,GB,Leicester,pm25,12,13.0,22.0,17.0,113.56
2022-07-02,GB,Manchester,pm25,68,5.0,27.0,15.0,240.25
2022-07-02,GB,Reading,pm25,4,5.0,5.0,5.0,0.0
2022-07-02,GB,Plymouth,pm25,33,5.0,27.0,17.0,480.47
2022-07-02,GB,Glasgow,pm25,568,4.0,38.0,10.0,129.13
2022-07-02,GB,Preston,pm25,35,8.0,24.0,12.0,170.22
2022-07-02,GB,Swansea,pm25,156,5.0,68.0,25.0,1446.75
2022-07-02,GB,Southend-on-Sea,pm25,34,8.0,23.0,13.0,161.78
2022-07-02,ID,Jakarta,pm25,71,5.0,180.0,157.0,49051.3
2022-07-02,NP,Kathmandu,pm25,72,30.0,161.0,61.0,6243.5
2022-07-02,NP,Biratnagar,pm25,24,17.0,75.0,33.0,1883.89
2022-07-02,AU,Sydney,pm25,146,1.0,42.0,11.0,771.07
2022-07-02,AU,Newcastle,pm25,136,1.0,73.0,19.0,2065.32
2022-07-02,AU,Launceston,pm25,167,5.0,223.0,46.0,16802.0
2022-07-02,AU,Hobart,pm25,52,5.0,163.0,9.0,9727.19
2022-07-02,AU,Darwin,pm25,55,1.0,75.0,18.0,3303.58
2022-07-02,AU,Melbourne,pm25,157,2.0,71.0,23.0,1932.64
2022-07-02,AU,Canberra,pm25,57,1.0,39.0,8.0,672.18
2022-07-02,AU,Adelaide,pm25,89,3.0,82.0,21.0,3057.52
2022-07-02,AU,Brisbane,pm25,212,1.0,52.0,12.0,971.39
2022-07-02,AU,Perth,pm25,78,2.0,56.0,8.0,1446.68
2022-07-02,AU,Wollongong,pm25,34,1.0,68.0,13.0,2071.95
2022-07-02,CI,Abidjan,pm25,24,25.0,61.0,46.0,784.06
2022-07-02,GH,Accra,pm25,24,30.0,85.0,53.0,1592.16
2022-07-02,IQ,Baghdad,pm25,24,82.0,247.0,161.0,21207.8
2022-07-02,IS,Reykjavík,pm25,96,6.0,22.0,17.0,358.29
2022-07-02,KG,Bishkek,pm25,11,5.0,25.0,17.0,442.18
2022-07-02,NL,Utrecht,pm25,46,9.0,60.0,32.0,1557.2
2022-07-02,NL,Nijmegen,pm25,24,16.0,56.0,27.0,1405.14
2022-07-02,NL,Haarlem,pm25,139,2.0,113.0,23.0,3919.9
2022-07-02,NL,Rotterdam,pm25,191,3.0,58.0,15.0,415.0
2022-07-02,NL,Amsterdam,pm25,255,1.0,70.0,19.0,1111.69
2022-07-02,NL,Dordrecht,pm25,24,13.0,46.0,25.0,955.2
2022-07-02,NL,Breda,pm25,24,11.0,57.0,24.0,1458.1
2022-07-02,NL,Groningen,pm25,46,2.0,45.0,22.0,820.81
2022-07-02,NL,Maastricht,pm25,94,5.0,46.0,21.0,946.36
2022-07-02,NL,The Hague,pm25,71,3.0,47.0,15.0,490.43
2022-07-02,PT,Lisbon,pm25,82,15.0,48.0,19.0,398.8
2022-07-02,PT,Funchal,pm25,54,1.0,25.0,8.0,386.95
2022-07-02,CA,Hamilton,pm25,79,5.0,68.0,17.0,3625.34
2022-07-02,CA,Calgary,pm25,92,13.0,84.0,30.0,1785.0
2022-07-02,CA,Winnipeg,pm25,24,13.0,39.0,15.0,417.97
2022-07-02,CA,Halifax,pm25,46,18.0,34.0,25.0,157.55
2022-07-02,CA,Kitchener,pm25,43,5.0,82.0,17.0,3364.47
2022-07-02,CA,Edmonton,pm25,138,16.0,68.0,30.0,1979.77
2022-07-02,CA,Mississauga,pm25,61,9.0,68.0,17.0,2924.61
2022-07-02,CA,Québec,pm25,177,7.0,57.0,29.0,1885.07
2022-07-02,CA,Vancouver,pm25,23,15.0,52.0,30.0,1218.62
2022-07-02,CA,Victoria,pm25,45,5.0,42.0,17.0,960.45
2022-07-02,CA,Montréal,pm25,393,12.0,93.0,35.0,2620.53
2022-07-02,CA,Toronto,pm25,134,9.0,74.0,30.0,2148.22
2022-07-02,CA,Ottawa,pm25,59,9.0,53.0,25.0,1584.99
2022-07-02,CA,London,pm25,41,5.0,59.0,30.0,2466.48
2022-07-02,US,Oklahoma City,pm25,94,20.0,54.0,33.0,503.73
2022-07-02,US,Raleigh,pm25,67,5.0,38.0,18.0,524.59
2022-07-02,US,Memphis,pm25,50,14.0,35.0,23.0,163.74
2022-07-02,US,Jackson,pm25,70,13.0,42.0,25.0,393.59
2022-07-02,US,Boston,pm25,122,9.0,59.0,30.0,1449.22
2022-07-02,US,Richmond,pm25,96,15.0,59.0,20.0,619.03
2022-07-02,US,Portland,pm25,167,9.0,48.0,24.0,679.87
2022-07-02,US,Boise,pm25,92,5.0,55.0,25.0,1668.69
2022-07-02,US,Austin,pm25,47,5.0,57.0,42.0,1825.39
2022-07-02,US,Honolulu,pm25,46,5.0,42.0,17.0,842.43
2022-07-02,US,Fresno,pm25,46,3.0,49.0,17.0,899.41
2022-07-02,US,Milwaukee,pm25,144,29.0,71.0,38.0,522.96
2022-07-02,US,Hartford,pm25,48,24.0,54.0,33.0,680.69
2022-07-02,US,Washington D.C.,pm25,116,5.0,46.0,25.0,865.93
2022-07-02,US,Chicago,pm25,240,12.0,133.0,44.0,2726.97
2022-07-02,US,Houston,pm25,93,1.0,57.0,34.0,1418.31
2022-07-02,US,Indianapolis,pm25,96,28.0,82.0,43.0,734.16
2022-07-02,US,Atlanta,pm25,24,30.0,55.0,40.0,670.85
2022-07-02,US,Charlotte,pm25,70,5.0,53.0,21.0,1100.17
2022-07-02,US,Sacramento,pm25,72,5.0,46.0,21.0,1041.27
2022-07-02,US,Oakland,pm25,102,5.0,38.0,13.0,712.74
2022-07-02,US,Providence,pm25,47,9.0,61.0,34.0,2087.24
2022-07-02,US,Staten Island,pm25,120,12.0,56.0,30.0,1616.8
2022-07-02,US,Brooklyn,pm25,118,2.0,59.0,25.0,1831.92
2022-07-02,US,Springfield,pm25,72,14.0,141.0,38.0,3417.96
2022-07-02,US,The Bronx,pm25,47,5.0,52.0,25.0,1113.77
2022-07-02,US,San Jose,pm25,84,5.0,25.0,13.0,348.34
2022-07-02,US,Los Angeles,pm25,24,34.0,73.0,51.0,1164.93
2022-07-02,US,Detroit,pm25,168,25.0,123.0,40.0,2310.17
2022-07-02,US,Little Rock,pm25,24,5.0,30.0,19.0,407.75
2022-07-02,US,Baltimore,pm25,46,5.0,44.0,29.0,836.41
2022-07-02,US,Phoenix,pm25,187,3.0,99.0,22.0,2221.01
2022-07-02,US,Omaha,pm25,47,5.0,70.0,21.0,2493.57
2022-07-02,US,El Paso,pm25,98,5.0,87.0,17.0,4606.85
2022-07-02,US,Dallas,pm25,23,5.0,53.0,34.0,2256.05
2022-07-02,US,Seattle,pm25,233,5.0,55.0,30.0,835.69
2022-07-02,US,Manhattan,pm25,72,2.0,82.0,31.0,2946.57
2022-07-02,US,Miami,pm25,94,20.0,35.0,26.0,98.27
2022-07-02,US,Jacksonville,pm25,143,1.0,70.0,25.0,1094.57
2022-07-02,US,San Antonio,pm25,69,7.0,80.0,37.0,3137.48
2022-07-02,US,Philadelphia,pm25,95,3.0,93.0,30.0,2008.16
2022-07-02,US,San Diego,pm25,24,38.0,70.0,53.0,1007.66
2022-07-02,US,Columbus,pm25,48,13.0,90.0,36.0,2175.96
2022-07-02,US,Saint Paul,pm25,94,5.0,80.0,34.0,2802.38
2022-07-02,US,Denver,pm25,124,9.0,50.0,21.0,380.32
2022-07-02,US,Salt Lake City,pm25,216,7.0,127.0,15.0,1334.69
2022-07-02,US,Albuquerque,pm25,72,10.0,27.0,18.0,154.86
2022-07-02,US,San Francisco,pm25,45,5.0,55.0,17.0,1227.1
2022-07-02,US,Salem,pm25,72,14.0,39.0,21.0,521.11
2022-07-02,US,Madison,pm25,48,18.0,67.0,32.0,473.08
2022-07-02,US,Nashville,pm25,54,17.0,48.0,28.0,774.11
2022-07-02,US,Tucson,pm25,64,5.0,34.0,17.0,488.96
2022-07-02,US,Queens,pm25,96,5.0,64.0,33.0,2373.16
2022-07-02,US,Tallahassee,pm25,65,1.0,66.0,22.0,1538.74
2022-07-02,US,Fort Worth,pm25,48,5.0,69.0,34.0,3140.1
2022-07-02,RS,Novi Sad,pm25,48,1.0,78.0,6.0,4086.65
2022-07-02,RS,Niš,pm25,41,31.0,66.0,52.0,985.56
2022-07-02,RS,Belgrade,pm25,120,18.0,83.0,39.0,1985.58
2022-07-02,CY,Nicosia,pm25,24,26.0,73.0,49.0,1396.07
2022-07-02,CY,Limassol,pm25,24,47.0,76.0,60.0,472.39
2022-07-02,HR,Zagreb,pm25,24,10.0,51.0,12.0,876.36
2022-07-02,HR,Rijeka,pm25,24,16.0,53.0,20.0,1713.32
2022-07-02,MK,Skopje,pm25,124,15.0,99.0,53.0,3236.45
2022-07-03,GE,Tbilisi,pm25,96,31.0,60.0,54.0,552.84
2022-07-03,HU,Győr,pm25,46,21.0,70.0,38.0,1817.28
2022-07-03,HU,Szeged,pm25,23,17.0,61.0,38.0,1461.66
2022-07-03,HU,Pécs,pm25,64,21.0,42.0,25.0,309.2
2022-07-03,HU,Kecskemét,pm25,44,25.0,55.0,42.0,955.28
2022-07-03,HU,Miskolc,pm25,108,17.0,61.0,34.0,1234.11
2022-07-03,HU,Budapest,pm25,298,9.0,57.0,34.0,1118.66
2022-07-03,JP,Fukuoka,pm25,361,5.0,85.0,30.0,3350.4
2022-07-03,JP,Kanazawa,pm25,217,5.0,68.0,38.0,3309.36
2022-07-03,JP,Kumamoto,pm25,258,5.0,65.0,13.0,1339.97
2022-07-03,JP,Akita,pm25,44,5.0,68.0,25.0,2524.24
2022-07-03,JP,Kochi,pm25,37,5.0,42.0,17.0,874.23
2022-07-03,JP,Gifu-shi,pm25,153,5.0,70.0,21.0,2356.82
2022-07-03,JP,Kyoto,pm25,529,5.0,57.0,21.0,1304.79
2022-07-03,JP,Hiroshima,pm25,268,5.0,87.0,21.0,2387.46
2022-07-03,JP,Shizuoka,pm25,242,5.0,68.0,21.0,2156.24
2022-07-03,JP,Chiba,pm25,746,5.0,139.0,34.0,4909.77
2022-07-03,JP,Sapporo,pm25,208,5.0,109.0,38.0,3287.73
2022-07-03,JP,Yokohama,pm25,527,1.0,112.0,30.0,3547.59
2022-07-03,JP,Tokyo,pm25,2556,1.0,156.0,42.0,3645.08
2022-07-03,JP,Saitama,pm25,466,5.0,97.0,46.0,3261.82
2022-07-03,JP,Naha,pm25,117,5.0,34.0,13.0,524.28
2022-07-03,JP,Nagasaki,pm25,165,5.0,93.0,25.0,8286.17
2022-07-03,JP,Toyama,pm25,189,5.0,102.0,46.0,3566.84
2022-07-03,JP,Niigata,pm25,216,5.0,72.0,38.0,1719.98
2022-07-03,JP,Nara-shi,pm25,189,5.0,59.0,30.0,1668.9
2022-07-03,JP,Okayama,pm25,281,5.0,59.0,21.0,1250.29
2022-07-03,JP,Sendai,pm25,474,17.0,72.0,50.0,1248.68
2022-07-03,JP,Osaka,pm25,1309,5.0,72.0,17.0,994.41
2022-07-03,JP,Miyazaki,pm25,105,5.0,57.0,17.0,2641.29
2022-07-03,JP,Matsuyama,pm25,154,5.0,97.0,42.0,3563.21
2022-07-03,JP,Wakayama,pm25,240,5.0,55.0,13.0,507.01
2022-07-03,JP,Takamatsu,pm25,224,5.0,55.0,17.0,1022.28
2022-07-03,JP,Nagoya,pm25,662,1.0,55.0,1.0,480.93
2022-07-03,JP,Ōita,pm25,196,5.0,70.0,13.0,815.9
2022-07-03,JP,Kobe,pm25,402,5.0,80.0,17.0,595.03
2022-07-03,JP,Nagano,pm25,72,9.0,151.0,42.0,5187.69
2022-07-03,JP,Utsunomiya,pm25,425,5.0,114.0,68.0,5228.64
2022-07-03,JP,Kagoshima,pm25,76,5.0,55.0,13.0,1073.96
2022-07-03,SK,Košice,pm25,96,17.0,109.0,50.0,2566.46
2022-07-03,SK,Bratislava,pm25,94,5.0,55.0,30.0,1157.2
2022-07-03,FI,Vantaa,pm25,23,1.0,49.0,13.0,999.92
2022-07-03,FI,Turku,pm25,20,1.0,33.0,16.0,779.24
2022-07-03,FI,Helsinki,pm25,116,1.0,40.0,17.0,361.02
2022-07-03,FI,Tampere,pm25,94,1.0,38.0,16.0,478.1
2022-07-03,ET,Addis Ababa,pm25,24,65.0,152.0,93.0,4536.5
2022-07-03,CH,Zürich,pm25,23,1.0,5.0,2.0,15.65
2022-07-03,CO,Bogotá,pm25,322,3.0,82.0,21.0,2369.81
2022-07-03,CO,Medellín,pm25,256,13.0,87.0,57.0,1451.81
2022-07-03,DK,Copenhagen,pm25,24,16.0,65.0,39.0,1488.41
2022-07-03,GB,Edinburgh,pm25,283,3.0,50.0,9.0,583.43
2022-07-03,GB,Norwich,pm25,24,7.0,28.0,13.0,211.14
2022-07-03,GB,Liverpool,pm25,37,9.0,21.0,13.0,87.25
2022-07-03,GB,Belfast,pm25,33,4.0,18.0,9.0,84.05
2022-07-03,GB,Coventry,pm25,57,10.0,25.0,13.0,107.2
2022-07-03,GB,Leeds,pm25,33,13.0,46.0,25.0,1080.3
2022-07-03,GB,Cardiff,pm25,138,5.0,55.0,30.0,1524.67
2022-07-03,GB,Bristol,pm25,68,5.0,61.0,34.0,1604.93
2022-07-03,GB,London,pm25,518,2.0,76.0,18.0,1201.03
2022-07-03,GB,Birmingham,pm25,42,13.0,18.0,14.0,22.89
2022-07-03,GB,Sheffield,pm25,70,10.0,38.0,14.0,499.27
2022-07-03,GB,Newport,pm25,41,5.0,21.0,13.0,240.26
2022-07-03,GB,Leicester,pm25,21,13.0,24.0,17.0,135.33
2022-07-03,GB,Manchester,pm25,70,11.0,23.0,16.0,82.5
2022-07-03,GB,Reading,pm25,18,5.0,25.0,13.0,468.5
2022-07-03,GB,Plymouth,pm25,26,5.0,21.0,13.0,239.46
2022-07-03,GB,Glasgow,pm25,548,3.0,37.0,11.0,159.99
2022-07-03,GB,Preston,pm25,41,9.0,27.0,13.0,167.52
2022-07-03,GB,Swansea,pm25,153,5.0,59.0,17.0,1538.96
2022-07-03,GB,Southend-on-Sea,pm25,48,8.0,25.0,13.0,116.38
2022-07-03,ID,Jakarta,pm25,69,5.0,177.0,95.0,40436.2
2022-07-03,NP,Kathmandu,pm25,72,30.0,97.0,65.0,2532.82
2022-07-03,NP,Biratnagar,pm25,24,31.0,81.0,46.0,2003.89
2022-07-03,AU,Sydney,pm25,149,1.0,36.0,13.0,594.99
2022-07-03,AU,Newcastle,pm25,132,1.0,104.0,19.0,2309.66
2022-07-03,AU,Launceston,pm25,166,5.0,238.0,42.0,21079.8
2022-07-03,AU,Hobart,pm25,55,5.0,78.0,9.0,4617.86
2022-07-03,AU,Darwin,pm25,46,3.0,146.0,20.0,11153.6
2022-07-03,AU,Melbourne,pm25,160,1.0,82.0,26.0,2986.91
2022-07-03,AU,Canberra,pm25,55,1.0,50.0,8.0,1280.69
2022-07-03,AU,Adelaide,pm25,87,5.0,69.0,17.0,1999.51
2022-07-03,AU,Brisbane,pm25,206,1.0,66.0,15.0,1757.43
2022-07-03,AU,Perth,pm25,81,2.0,36.0,8.0,587.28
2022-07-03,AU,Wollongong,pm25,47,1.0,47.0,14.0,888.07
2022-07-03,CI,Abidjan,pm25,24,30.0,63.0,46.0,712.16
2022-07-03,GH,Accra,pm25,24,25.0,122.0,57.0,6965.92
2022-07-03,IQ,Baghdad,pm25,16,127.0,393.0,194.0,79659.3
2022-07-03,IS,Reykjavík,pm25,96,4.0,23.0,11.0,194.0
2022-07-03,KG,Bishkek,pm25,16,5.0,61.0,13.0,3595.62
2022-07-03,NL,Utrecht,pm25,46,3.0,54.0,29.0,1391.4
2022-07-03,NL,Nijmegen,pm25,23,15.0,63.0,33.0,1714.31
2022-07-03,NL,Haarlem,pm25,134,1.0,96.0,20.0,1854.32
2022-07-03,NL,Rotterdam,pm25,192,6.0,43.0,16.0,293.21
2022-07-03,NL,Amsterdam,pm25,243,1.0,51.0,18.0,906.84
2022-07-03,NL,Dordrecht,pm25,24,13.0,46.0,30.0,825.15
2022-07-03,NL,Breda,pm25,24,1.0,28.0,15.0,649.49
2022-07-03,NL,Groningen,pm25,45,4.0,52.0,22.0,1553.16
2022-07-03,NL,Maastricht,pm25,96,5.0,61.0,25.0,1874.66
2022-07-03,NL,The Hague,pm25,67,1.0,28.0,14.0,277.01
2022-07-03,PT,Lisbon,pm25,95,21.0,58.0,34.0,761.32
2022-07-03,PT,Funchal,pm25,51,1.0,25.0,13.0,441.21
2022-07-03,CA,Hamilton,pm25,76,5.0,42.0,13.0,810.13
2022-07-03,CA,Calgary,pm25,92,8.0,49.0,19.0,877.02
2022-07-03,CA,Winnipeg,pm25,24,21.0,32.0,25.0,93.03
2022-07-03,CA,Halifax,pm25,46,19.0,31.0,25.0,111.56
2022-07-03,CA,Kitchener,pm25,39,5.0,72.0,17.0,2632.43
2022-07-03,CA,Edmonton,pm25,129,5.0,76.0,32.0,2288.97
2022-07-03,CA,Mississauga,pm25,64,5.0,50.0,17.0,665.94
2022-07-03,CA,Québec,pm25,150,7.0,40.0,14.0,433.25
2022-07-03,CA,Vancouver,pm25,23,2.0,32.0,14.0,862.02
2022-07-03,CA,Victoria,pm25,39,5.0,38.0,13.0,740.9
2022-07-03,CA,Montréal,pm25,333,3.0,64.0,15.0,2048.4
2022-07-03,CA,Toronto,pm25,122,5.0,63.0,13.0,686.31
2022-07-03,CA,Ottawa,pm25,57,5.0,20.0,13.0,254.2
2022-07-03,CA,London,pm25,36,5.0,46.0,25.0,2027.21
2022-07-03,US,Oklahoma City,pm25,96,20.0,60.0,37.0,626.95
2022-07-03,US,Raleigh,pm25,69,5.0,57.0,30.0,1725.58
2022-07-03,US,Memphis,pm25,65,16.0,47.0,21.0,417.54
2022-07-03,US,Jackson,pm25,72,14.0,64.0,28.0,727.54
2022-07-03,US,Boston,pm25,120,5.0,85.0,30.0,1466.38
2022-07-03,US,Richmond,pm25,96,20.0,73.0,37.0,1889.64
2022-07-03,US,Portland,pm25,163,8.0,30.0,17.0,216.33
2022-07-03,US,Boise,pm25,85,5.0,59.0,25.0,1795.11
2022-07-03,US,Austin,pm25,46,5.0,61.0,30.0,1858.07
2022-07-03,US,Honolulu,pm25,39,5.0,46.0,13.0,1102.02
2022-07-03,US,Fresno,pm25,46,5.0,68.0,24.0,2492.7
2022-07-03,US,Milwaukee,pm25,144,25.0,152.0,41.0,2881.99
2022-07-03,US,Hartford,pm25,48,11.0,51.0,23.0,1544.46
2022-07-03,US,Washington D.C.,pm25,117,5.0,109.0,30.0,2259.32
2022-07-03,US,Chicago,pm25,240,16.0,168.0,48.0,5145.56
2022-07-03,US,Houston,pm25,94,3.0,61.0,29.0,971.57
2022-07-03,US,Indianapolis,pm25,96,35.0,200.0,50.0,9608.28
2022-07-03,US,Atlanta,pm25,24,31.0,61.0,37.0,975.0
2022-07-03,US,Charlotte,pm25,72,5.0,65.0,30.0,1264.21
2022-07-03,US,Sacramento,pm25,69,3.0,46.0,17.0,1041.92
2022-07-03,US,Oakland,pm25,103,5.0,34.0,13.0,419.06
2022-07-03,US,Providence,pm25,41,5.0,70.0,25.0,2628.2
2022-07-03,US,Staten Island,pm25,119,2.0,89.0,29.0,2581.64
2022-07-03,US,Brooklyn,pm25,104,2.0,63.0,31.0,3170.63
2022-07-03,US,Springfield,pm25,72,14.0,152.0,42.0,4663.59
2022-07-03,US,The Bronx,pm25,38,2.0,60.0,13.0,3136.51
2022-07-03,US,San Jose,pm25,78,5.0,25.0,13.0,269.7
2022-07-03,US,Los Angeles,pm25,24,34.0,63.0,49.0,708.97
2022-07-03,US,Detroit,pm25,168,14.0,107.0,29.0,2614.01
2022-07-03,US,Little Rock,pm25,22,9.0,58.0,19.0,1051.8
2022-07-03,US,Baltimore,pm25,47,5.0,161.0,36.0,9431.63
2022-07-03,US,Phoenix,pm25,186,4.0,156.0,25.0,3578.83
2022-07-03,US,Omaha,pm25,48,5.0,139.0,38.0,6696.17
2022-07-03,US,El Paso,pm25,118,5.0,69.0,25.0,2590.8
2022-07-03,US,Dallas,pm25,23,13.0,70.0,46.0,1810.75
2022-07-03,US,Seattle,pm25,235,5.0,55.0,25.0,776.84
2022-07-03,US,Manhattan,pm25,69,2.0,95.0,23.0,5388.52
2022-07-03,US,Miami,pm25,94,18.0,31.0,25.0,66.92
2022-07-03,US,Jacksonville,pm25,142,8.0,148.0,24.0,2893.98
2022-07-03,US,San Antonio,pm25,69,1.0,69.0,34.0,2337.34
2022-07-03,US,Philadelphia,pm25,95,3.0,74.0,27.0,2222.65
2022-07-03,US,San Diego,pm25,24,28.0,59.0,44.0,784.93
2022-07-03,US,Columbus,pm25,48,20.0,103.0,38.0,2540.41
2022-07-03,US,Saint Paul,pm25,96,5.0,93.0,21.0,2249.41
2022-07-03,US,Denver,pm25,134,9.0,53.0,17.0,836.86
2022-07-03,US,Salt Lake City,pm25,216,8.0,94.0,21.0,2714.8
2022-07-03,US,Albuquerque,pm25,72,13.0,55.0,21.0,765.53
2022-07-03,US,San Francisco,pm25,43,5.0,38.0,13.0,699.62
2022-07-03,US,Salem,pm25,72,11.0,24.0,19.0,90.75
2022-07-03,US,Madison,pm25,48,29.0,69.0,36.0,770.42
2022-07-03,US,Nashville,pm25,49,16.0,48.0,30.0,796.1
2022-07-03,US,Tucson,pm25,59,5.0,59.0,17.0,1327.86
2022-07-03,US,Queens,pm25,90,3.0,74.0,25.0,3165.7
2022-07-03,US,Tallahassee,pm25,68,3.0,54.0,20.0,802.01
2022-07-03,US,Fort Worth,pm25,46,9.0,65.0,46.0,1446.86
2022-07-03,RS,Novi Sad,pm25,48,1.0,59.0,3.0,4024.68
2022-07-03,RS,Niš,pm25,24,33.0,61.0,45.0,958.24
2022-07-03,RS,Belgrade,pm25,120,23.0,77.0,43.0,1714.38
2022-07-03,CY,Nicosia,pm25,24,26.0,64.0,48.0,967.81
2022-07-03,CY,Limassol,pm25,24,43.0,67.0,56.0,384.06
2022-07-03,HR,Zagreb,pm25,24,20.0,55.0,28.0,700.8
2022-07-03,HR,Rijeka,pm25,24,12.0,39.0,18.0,626.02
2022-07-04,GE,Tbilisi,pm25,96,34.0,54.0,42.0,386.89
2022-07-04,HU,Győr,pm25,26,30.0,76.0,38.0,2226.95
2022-07-04,HU,Szeged,pm25,23,13.0,59.0,46.0,2488.97
2022-07-04,HU,Pécs,pm25,60,21.0,53.0,25.0,1258.58
2022-07-04,HU,Kecskemét,pm25,46,9.0,57.0,25.0,2544.58
2022-07-04,HU,Miskolc,pm25,115,17.0,85.0,34.0,2209.44
2022-07-04,HU,Budapest,pm25,292,9.0,61.0,34.0,1316.93
2022-07-04,JP,Fukuoka,pm25,341,5.0,95.0,17.0,2332.09
2022-07-04,JP,Kanazawa,pm25,209,5.0,50.0,17.0,760.18
2022-07-04,JP,Kumamoto,pm25,243,5.0,87.0,13.0,1172.35
2022-07-04,JP,Akita,pm25,44,5.0,55.0,25.0,1413.89
2022-07-04,JP,Kochi,pm25,40,5.0,46.0,13.0,1269.33
2022-07-04,JP,Gifu-shi,pm25,166,5.0,70.0,25.0,2086.64
2022-07-04,JP,Kyoto,pm25,527,5.0,55.0,21.0,1246.94
2022-07-04,JP,Hiroshima,pm25,257,5.0,72.0,21.0,1597.83
2022-07-04,JP,Shizuoka,pm25,220,5.0,70.0,13.0,1491.59
2022-07-04,JP,Chiba,pm25,723,5.0,87.0,25.0,2699.83
2022-07-04,JP,Sapporo,pm25,211,9.0,127.0,55.0,2378.22
2022-07-04,JP,Yokohama,pm25,477,1.0,76.0,21.0,1613.86
2022-07-04,JP,Tokyo,pm25,2476,1.0,74.0,34.0,1788.33
2022-07-04,JP,Saitama,pm25,473,5.0,78.0,38.0,1349.04
2022-07-04,JP,Naha,pm25,138,5.0,46.0,17.0,1171.37
2022-07-04,JP,Nagasaki,pm25,136,5.0,65.0,13.0,923.55
2022-07-04,JP,Toyama,pm25,170,5.0,57.0,21.0,1642.84
2022-07-04,JP,Niigata,pm25,203,5.0,61.0,25.0,954.06
2022-07-04,JP,Nara-shi,pm25,179,5.0,50.0,17.0,732.13
2022-07-04,JP,Okayama,pm25,257,5.0,55.0,13.0,864.21
2022-07-04,JP,Sendai,pm25,474,9.0,72.0,42.0,1399.12
2022-07-04,JP,Osaka,pm25,1356,5.0,93.0,17.0,1129.21
2022-07-04,JP,Miyazaki,pm25,101,5.0,63.0,30.0,2566.06
2022-07-04,JP,Matsuyama,pm25,123,5.0,80.0,21.0,2293.77
2022-07-04,JP,Wakayama,pm25,245,5.0,53.0,13.0,592.17
2022-07-04,JP,Takamatsu,pm25,194,5.0,53.0,13.0,629.63
2022-07-04,JP,Nagoya,pm25,701,1.0,63.0,21.0,1321.07
2022-07-04,JP,Ōita,pm25,193,5.0,46.0,13.0,649.11
2022-07-04,JP,Kobe,pm25,402,5.0,59.0,17.0,621.89
2022-07-04,JP,Nagano,pm25,48,5.0,34.0,13.0,627.23
2022-07-04,JP,Utsunomiya,pm25,406,13.0,74.0,42.0,1017.3
2022-07-04,JP,Kagoshima,pm25,80,5.0,53.0,17.0,1231.8
2022-07-04,SK,Košice,pm25,96,5.0,144.0,53.0,5119.03
2022-07-04,SK,Bratislava,pm25,91,17.0,74.0,50.0,1178.27
2022-07-04,FI,Vantaa,pm25,24,3.0,32.0,19.0,683.46
2022-07-04,FI,Turku,pm25,22,10.0,50.0,17.0,807.19
2022-07-04,FI,Helsinki,pm25,119,4.0,39.0,18.0,390.56
2022-07-04,FI,Tampere,pm25,96,3.0,43.0,17.0,336.97
2022-07-04,ET,Addis Ababa,pm25,24,53.0,142.0,72.0,5185.2
2022-07-04,CH,Zürich,pm25,21,1.0,5.0,1.0,9.57
2022-07-04,CO,Bogotá,pm25,308,1.0,91.0,23.0,2303.67
2022-07-04,CO,Medellín,pm25,238,13.0,63.0,42.0,1052.14
2022-07-04,DK,Copenhagen,pm25,24,5.0,44.0,18.0,1065.8
2022-07-04,GB,Edinburgh,pm25,282,4.0,50.0,10.0,542.65
2022-07-04,GB,Norwich,pm25,18,15.0,23.0,17.0,30.46
2022-07-04,GB,Liverpool,pm25,37,9.0,34.0,13.0,289.54
2022-07-04,GB,Belfast,pm25,43,9.0,21.0,12.0,61.87
2022-07-04,GB,Coventry,pm25,37,9.0,17.0,12.0,51.86
2022-07-04,GB,Leeds,pm25,34,9.0,42.0,16.0,789.66
2022-07-04,GB,Cardiff,pm25,128,5.0,53.0,30.0,2299.79
2022-07-04,GB,Bristol,pm25,63,17.0,46.0,30.0,845.52
2022-07-04,GB,London,pm25,546,1.0,63.0,21.0,1222.16
2022-07-04,GB,Birmingham,pm25,25,9.0,19.0,13.0,63.4
2022-07-04,GB,Sheffield,pm25,78,9.0,55.0,12.0,821.77
2022-07-04,GB,Newport,pm25,38,4.0,13.0,9.0,79.46
2022-07-04,GB,Leicester,pm25,16,13.0,28.0,14.0,253.17
2022-07-04,GB,Manchester,pm25,70,10.0,41.0,15.0,282.58
2022-07-04,GB,Reading,pm25,27,5.0,17.0,9.0,123.08
2022-07-04,GB,Plymouth,pm25,20,5.0,15.0,10.0,88.29
2022-07-04,GB,Glasgow,pm25,543,4.0,24.0,9.0,195.31
2022-07-04,GB,Preston,pm25,44,10.0,17.0,13.0,28.37
2022-07-04,GB,Swansea,pm25,145,5.0,76.0,17.0,1683.48
2022-07-04,GB,Southend-on-Sea,pm25,48,10.0,27.0,15.0,262.44
2022-07-04,ID,Jakarta,pm25,68,5.0,127.0,59.0,11773.9
2022-07-04,NP,Kathmandu,pm25,72,30.0,98.0,67.0,2410.51
2022-07-04,NP,Biratnagar,pm25,24,51.0,110.0,64.0,1883.75
2022-07-04,AU,Sydney,pm25,149,1.0,93.0,12.0,1847.85
2022-07-04,AU,Newcastle,pm25,128,1.0,50.0,18.0,1114.08
2022-07-04,AU,Launceston,pm25,168,5.0,171.0,59.0,18690.5
2022-07-04,AU,Hobart,pm25,64,5.0,55.0,9.0,1721.82
2022-07-04,AU,Darwin,pm25,26,2.0,158.0,45.0,15609.8
2022-07-04,AU,Melbourne,pm25,159,1.0,60.0,22.0,1859.71
2022-07-04,AU,Canberra,pm25,58,1.0,68.0,13.0,1978.55
2022-07-04,AU,Adelaide,pm25,75,1.0,35.0,13.0,633.83
2022-07-04,AU,Brisbane,pm25,149,3.0,52.0,19.0,704.51
2022-07-04,AU,Perth,pm25,79,2.0,66.0,7.0,1075.74
2022-07-04,AU,Wollongong,pm25,43,1.0,39.0,15.0,651.0
2022-07-04,CI,Abidjan,pm25,24,21.0,65.0,46.0,2452.39
2022-07-04,GH,Accra,pm25,24,34.0,99.0,59.0,2550.85
2022-07-04,IQ,Baghdad,pm25,24,154.0,467.0,182.0,107223.0
2022-07-04,IS,Reykjavík,pm25,96,7.0,49.0,11.0,310.68
2022-07-04,KG,Bishkek,pm25,24,13.0,74.0,30.0,2553.89
2022-07-04,NL,Utrecht,pm25,47,9.0,63.0,29.0,1517.92
2022-07-04,NL,Nijmegen,pm25,31,12.0,53.0,27.0,914.26
2022-07-04,NL,Haarlem,pm25,136,2.0,71.0,21.0,1321.33
2022-07-04,NL,Rotterdam,pm25,192,6.0,46.0,18.0,335.91
2022-07-04,NL,Amsterdam,pm25,247,1.0,61.0,16.0,814.69
2022-07-04,NL,Dordrecht,pm25,23,9.0,71.0,33.0,2500.4
2022-07-04,NL,Breda,pm25,24,13.0,56.0,25.0,1574.18
2022-07-04,NL,Groningen,pm25,47,1.0,43.0,22.0,1051.63
2022-07-04,NL,Maastricht,pm25,94,5.0,55.0,25.0,1342.04
2022-07-04,NL,The Hague,pm25,62,1.0,45.0,18.0,590.77
2022-07-04,PT,Lisbon,pm25,78,16.0,196.0,35.0,9176.48
2022-07-04,PT,Funchal,pm25,56,1.0,22.0,8.0,440.31
2022-07-04,CA,Hamilton,pm25,92,5.0,87.0,38.0,3270.53
2022-07-04,CA,Calgary,pm25,92,3.0,62.0,18.0,3062.8
2022-07-04,CA,Winnipeg,pm25,24,21.0,39.0,28.0,148.68
2022-07-04,CA,Halifax,pm25,46,9.0,33.0,15.0,576.1
2022-07-04,CA,Kitchener,pm25,48,13.0,72.0,42.0,2570.1
2022-07-04,CA,Edmonton,pm25,130,8.0,99.0,51.0,3267.52
2022-07-04,CA,Mississauga,pm25,71,9.0,72.0,25.0,1642.21
2022-07-04,CA,Québec,pm25,159,7.0,42.0,16.0,275.04
2022-07-04,CA,Vancouver,pm25,23,4.0,15.0,10.0,109.53
2022-07-04,CA,Victoria,pm25,35,5.0,34.0,17.0,838.71
2022-07-04,CA,Montréal,pm25,329,9.0,93.0,21.0,1425.5
2022-07-04,CA,Toronto,pm25,138,9.0,57.0,25.0,1160.61
2022-07-04,CA,Ottawa,pm25,55,9.0,31.0,22.0,397.71
2022-07-04,CA,London,pm25,43,9.0,91.0,50.0,4580.63
2022-07-04,US,Oklahoma City,pm25,96,18.0,64.0,38.0,1173.81
2022-07-04,US,Raleigh,pm25,71,13.0,79.0,42.0,1878.05
2022-07-04,US,Memphis,pm25,71,18.0,78.0,33.0,1684.74
2022-07-04,US,Jackson,pm25,72,18.0,103.0,29.0,2825.16
2022-07-04,US,Boston,pm25,118,5.0,134.0,25.0,5459.16
2022-07-04,US,Richmond,pm25,96,19.0,155.0,54.0,4308.03
2022-07-04,US,Portland,pm25,163,5.0,201.0,15.0,8807.56
2022-07-04,US,Boise,pm25,86,5.0,292.0,17.0,22212.6
2022-07-04,US,Austin,pm25,47,5.0,65.0,34.0,2325.6
2022-07-04,US,Honolulu,pm25,43,5.0,38.0,13.0,632.82
2022-07-04,US,Fresno,pm25,40,3.0,159.0,13.0,12004.9
2022-07-04,US,Milwaukee,pm25,144,18.0,150.0,52.0,3787.17
2022-07-04,US,Hartford,pm25,48,15.0,152.0,20.0,9606.17
2022-07-04,US,Washington D.C.,pm25,120,5.0,155.0,34.0,7562.36
2022-07-04,US,Chicago,pm25,240,19.0,211.0,55.0,10111.9
2022-07-04,US,Houston,pm25,94,15.0,65.0,35.0,1209.08
2022-07-04,US,Indianapolis,pm25,96,47.0,195.0,60.0,16680.2
2022-07-04,US,Atlanta,pm25,24,37.0,83.0,57.0,1314.33
2022-07-04,US,Charlotte,pm25,72,9.0,184.0,38.0,10317.2
2022-07-04,US,Sacramento,pm25,54,2.0,149.0,13.0,8084.05
2022-07-04,US,Oakland,pm25,91,5.0,246.0,13.0,15467.0
2022-07-04,US,Providence,pm25,42,5.0,109.0,13.0,5229.59
2022-07-04,US,Staten Island,pm25,111,1.0,216.0,17.0,20845.9
2022-07-04,US,Brooklyn,pm25,108,1.0,199.0,16.0,19184.2
2022-07-04,US,Springfield,pm25,72,22.0,145.0,47.0,3798.73
2022-07-04,US,The Bronx,pm25,39,1.0,199.0,13.0,30997.9
2022-07-04,US,San Jose,pm25,79,5.0,87.0,13.0,3372.72
2022-07-04,US,Los Angeles,pm25,24,38.0,169.0,52.0,12582.5
2022-07-04,US,Detroit,pm25,168,23.0,192.0,57.0,4214.81
2022-07-04,US,Little Rock,pm25,23,9.0,157.0,39.0,14436.8
2022-07-04,US,Baltimore,pm25,48,16.0,239.0,43.0,15769.3
2022-07-04,US,Phoenix,pm25,185,1.0,159.0,18.0,4803.17
2022-07-04,US,Omaha,pm25,47,5.0,181.0,30.0,16111.3
2022-07-04,US,El Paso,pm25,144,5.0,156.0,21.0,5919.44
2022-07-04,US,Dallas,pm25,13,13.0,57.0,25.0,1506.92
2022-07-04,US,Seattle,pm25,229,5.0,197.0,25.0,6723.15
2022-07-04,US,Manhattan,pm25,66,2.0,172.0,15.0,18913.9
2022-07-04,US,Miami,pm25,94,20.0,155.0,34.0,4294.33
2022-07-04,US,Jacksonville,pm25,144,6.0,132.0,24.0,4322.24
2022-07-04,US,San Antonio,pm25,65,5.0,78.0,37.0,2651.95
2022-07-04,US,Philadelphia,pm25,94,3.0,123.0,28.0,4298.36
2022-07-04,US,San Diego,pm25,24,23.0,59.0,43.0,822.32
2022-07-04,US,Columbus,pm25,48,19.0,141.0,50.0,5314.4
2022-07-04,US,Saint Paul,pm25,73,5.0,171.0,25.0,12288.4
2022-07-04,US,Denver,pm25,114,5.0,87.0,13.0,2570.41
2022-07-04,US,Salt Lake City,pm25,216,10.0,89.0,23.0,1900.55
2022-07-04,US,Albuquerque,pm25,72,14.0,109.0,25.0,2996.71
2022-07-04,US,San Francisco,pm25,38,5.0,104.0,9.0,5636.71
2022-07-04,US,Salem,pm25,72,9.0,157.0,17.0,9277.32
2022-07-04,US,Madison,pm25,48,21.0,69.0,51.0,2056.38
2022-07-04,US,Nashville,pm25,48,10.0,78.0,36.0,1321.63
2022-07-04,US,Tucson,pm25,91,5.0,112.0,21.0,7254.97
2022-07-04,US,Queens,pm25,90,4.0,187.0,24.0,21060.4
2022-07-04,US,Tallahassee,pm25,68,9.0,59.0,27.0,1644.06
2022-07-04,US,Fort Worth,pm25,48,5.0,108.0,31.0,3911.05
2022-07-04,RS,Novi Sad,pm25,48,2.0,50.0,3.0,3031.76
2022-07-04,RS,Niš,pm25,37,37.0,69.0,53.0,757.97
2022-07-04,RS,Belgrade,pm25,111,25.0,81.0,55.0,2146.9
2022-07-04,CY,Nicosia,pm25,24,21.0,71.0,48.0,1726.88
2022-07-04,CY,Limassol,pm25,16,45.0,72.0,59.0,526.96
2022-07-04,HR,Zagreb,pm25,23,38.0,60.0,49.0,393.64
2022-07-04,HR,Rijeka,pm25,24,29.0,52.0,37.0,358.1
2022-07-04,MK,Skopje,pm25,124,15.0,134.0,55.0,4446.45
2022-07-05,GE,Tbilisi,pm25,96,33.0,97.0,43.0,3020.67
2022-07-05,HU,Győr,pm25,30,9.0,97.0,38.0,7925.33
2022-07-05,HU,Szeged,pm25,19,34.0,104.0,55.0,2825.44
2022-07-05,HU,Pécs,pm25,66,17.0,42.0,25.0,320.75
2022-07-05,HU,Kecskemét,pm25,38,17.0,53.0,25.0,1329.14
2022-07-05,HU,Miskolc,pm25,65,30.0,74.0,42.0,1342.63
2022-07-05,HU,Budapest,pm25,213,13.0,57.0,25.0,716.55
2022-07-05,JP,Fukuoka,pm25,386,5.0,70.0,25.0,1629.18
2022-07-05,JP,Kanazawa,pm25,211,5.0,46.0,17.0,921.7
2022-07-05,JP,Kumamoto,pm25,289,5.0,467.0,25.0,22880.4
2022-07-05,JP,Akita,pm25,41,9.0,109.0,34.0,3464.98
2022-07-05,JP,Kochi,pm25,43,5.0,46.0,25.0,1195.63
2022-07-05,JP,Gifu-shi,pm25,150,5.0,65.0,17.0,1800.1
2022-07-05,JP,Kyoto,pm25,538,5.0,65.0,17.0,1253.81
2022-07-05,JP,Hiroshima,pm25,295,5.0,72.0,25.0,1914.11
2022-07-05,JP,Shizuoka,pm25,205,5.0,76.0,13.0,855.21
2022-07-05,JP,Chiba,pm25,659,5.0,89.0,17.0,1828.21
2022-07-05,JP,Sapporo,pm25,215,9.0,124.0,55.0,2006.47
2022-07-05,JP,Yokohama,pm25,449,1.0,127.0,13.0,1938.17
2022-07-05,JP,Tokyo,pm25,2296,1.0,157.0,21.0,1182.8
2022-07-05,JP,Saitama,pm25,474,5.0,59.0,25.0,1706.82
2022-07-05,JP,Naha,pm25,134,5.0,34.0,13.0,405.48
2022-07-05,JP,Nagasaki,pm25,174,5.0,63.0,25.0,2189.76
2022-07-05,JP,Toyama,pm25,179,5.0,76.0,25.0,2183.62
2022-07-05,JP,Niigata,pm25,191,5.0,61.0,30.0,963.46
2022-07-05,JP,Nara-shi,pm25,181,5.0,38.0,13.0,489.96
2022-07-05,JP,Okayama,pm25,267,5.0,139.0,17.0,3112.2
2022-07-05,JP,Sendai,pm25,466,13.0,76.0,50.0,1861.65
2022-07-05,JP,Osaka,pm25,1264,5.0,102.0,17.0,1589.07
2022-07-05,JP,Miyazaki,pm25,133,5.0,74.0,34.0,2555.89
2022-07-05,JP,Matsuyama,pm25,138,5.0,72.0,25.0,2129.1
2022-07-05,JP,Wakayama,pm25,229,5.0,61.0,17.0,2381.99
2022-07-05,JP,Takamatsu,pm25,196,5.0,70.0,17.0,1981.85
2022-07-05,JP,Nagoya,pm25,663,5.0,74.0,13.0,654.57
2022-07-05,JP,Ōita,pm25,217,5.0,59.0,21.0,1505.65
2022-07-05,JP,Kobe,pm25,407,5.0,151.0,21.0,2104.2
2022-07-05,JP,Nagano,pm25,61,5.0,38.0,17.0,648.29
2022-07-05,JP,Utsunomiya,pm25,403,5.0,82.0,42.0,3049.74
2022-07-05,JP,Kagoshima,pm25,88,5.0,70.0,25.0,1971.85
2022-07-05,SK,Košice,pm25,96,21.0,167.0,57.0,5766.87
2022-07-05,SK,Bratislava,pm25,93,5.0,65.0,34.0,1769.04
2022-07-05,FI,Vantaa,pm25,24,5.0,33.0,20.0,654.33
2022-07-05,FI,Turku,pm25,24,5.0,23.0,14.0,188.41
2022-07-05,FI,Helsinki,pm25,118,3.0,52.0,17.0,956.55
2022-07-05,FI,Tampere,pm25,96,2.0,45.0,16.0,501.36
2022-07-05,ET,Addis Ababa,pm25,24,70.0,159.0,114.0,3866.01
2022-07-05,CH,Zürich,pm25,19,1.0,2.0,1.0,2.63
2022-07-05,CO,Bogotá,pm25,314,5.0,157.0,30.0,6149.33
2022-07-05,CO,Medellín,pm25,216,13.0,80.0,46.0,1853.83
2022-07-05,DK,Copenhagen,pm25,23,5.0,54.0,22.0,1491.7
2022-07-05,GB,Edinburgh,pm25,279,3.0,34.0,12.0,344.28
2022-07-05,GB,Norwich,pm25,24,13.0,18.0,15.0,30.85
2022-07-05,GB,Liverpool,pm25,37,9.0,25.0,13.0,129.22
2022-07-05,GB,Belfast,pm25,42,4.0,29.0,17.0,418.86
2022-07-05,GB,Coventry,pm25,68,9.0,63.0,13.0,525.81
2022-07-05,GB,Leeds,pm25,35,13.0,50.0,17.0,1208.44
2022-07-05,GB,Cardiff,pm25,121,5.0,57.0,34.0,1810.5
2022-07-05,GB,Bristol,pm25,65,5.0,53.0,34.0,1578.53
2022-07-05,GB,London,pm25,557,1.0,82.0,21.0,1225.74
2022-07-05,GB,Birmingham,pm25,30,12.0,26.0,16.0,110.57
2022-07-05,GB,Sheffield,pm25,82,9.0,30.0,15.0,132.44
2022-07-05,GB,Newport,pm25,40,5.0,21.0,13.0,192.92
2022-07-05,GB,Leicester,pm25,16,13.0,38.0,17.0,353.33
2022-07-05,GB,Manchester,pm25,70,9.0,25.0,17.0,156.27
2022-07-05,GB,Reading,pm25,27,5.0,13.0,9.0,63.36
2022-07-05,GB,Plymouth,pm25,31,5.0,21.0,13.0,281.23
2022-07-05,GB,Glasgow,pm25,547,3.0,33.0,12.0,276.41
2022-07-05,GB,Preston,pm25,46,8.0,21.0,15.0,116.0
2022-07-05,GB,Swansea,pm25,153,5.0,46.0,25.0,1183.64
2022-07-05,GB,Southend-on-Sea,pm25,43,13.0,28.0,17.0,158.24
2022-07-05,ID,Jakarta,pm25,70,5.0,166.0,74.0,30854.2
2022-07-05,NP,Kathmandu,pm25,63,21.0,102.0,61.0,1994.8
2022-07-05,NP,Biratnagar,pm25,16,54.0,86.0,56.0,679.62
2022-07-05,AU,Sydney,pm25,151,1.0,160.0,12.0,2307.39
2022-07-05,AU,Newcastle,pm25,131,1.0,45.0,15.0,970.07
2022-07-05,AU,Launceston,pm25,165,5.0,193.0,65.0,19963.3
2022-07-05,AU,Hobart,pm25,71,5.0,87.0,13.0,4287.68
2022-07-05,AU,Darwin,pm25,26,4.0,78.0,42.0,3617.18
2022-07-05,AU,Melbourne,pm25,160,1.0,65.0,29.0,2188.49
2022-07-05,AU,Canberra,pm25,61,1.0,42.0,13.0,809.39
2022-07-05,AU,Adelaide,pm25,86,1.0,72.0,17.0,2452.88
2022-07-05,AU,Brisbane,pm25,142,1.0,53.0,20.0,1031.52
2022-07-05,AU,Perth,pm25,74,2.0,34.0,5.0,310.02
2022-07-05,AU,Wollongong,pm25,35,1.0,93.0,13.0,2936.05
2022-07-05,CI,Abidjan,pm25,24,34.0,102.0,63.0,3453.91
2022-07-05,GH,Accra,pm25,24,25.0,78.0,55.0,1736.94
2022-07-05,IQ,Baghdad,pm25,24,114.0,177.0,154.0,2502.54
2022-07-05,IS,Reykjavík,pm25,96,3.0,53.0,14.0,457.79
2022-07-05,KG,Bishkek,pm25,23,5.0,72.0,25.0,3700.0
2022-07-05,NL,Utrecht,pm25,48,9.0,63.0,30.0,1811.9
2022-07-05,NL,Nijmegen,pm25,46,4.0,71.0,27.0,2136.87
2022-07-05,NL,Haarlem,pm25,135,1.0,66.0,21.0,1316.61
2022-07-05,NL,Rotterdam,pm25,191,1.0,54.0,19.0,1016.6
2022-07-05,NL,Amsterdam,pm25,251,1.0,61.0,18.0,1035.73
2022-07-05,NL,Dordrecht,pm25,24,13.0,399.0,34.0,57360.9
2022-07-05,NL,Breda,pm25,23,3.0,64.0,25.0,3154.03
2022-07-05,NL,Groningen,pm25,48,3.0,35.0,16.0,709.36
2022-07-05,NL,Maastricht,pm25,95,5.0,53.0,25.0,1138.44
2022-07-05,NL,The Hague,pm25,67,5.0,44.0,17.0,686.16
2022-07-05,PT,Lisbon,pm25,88,21.0,67.0,41.0,1332.98
2022-07-05,PT,Funchal,pm25,53,1.0,22.0,14.0,440.6
2022-07-05,CA,Hamilton,pm25,89,17.0,76.0,53.0,2117.3
2022-07-05,CA,Calgary,pm25,92,1.0,31.0,6.0,327.9
2022-07-05,CA,Winnipeg,pm25,24,27.0,36.0,31.0,63.7
2022-07-05,CA,Halifax,pm25,46,13.0,32.0,20.0,260.73
2022-07-05,CA,Kitchener,pm25,46,5.0,89.0,59.0,5853.16
2022-07-05,CA,Edmonton,pm25,128,2.0,102.0,40.0,6283.15
2022-07-05,CA,Mississauga,pm25,72,17.0,91.0,46.0,3546.64
2022-07-05,CA,Québec,pm25,175,16.0,42.0,29.0,329.79
2022-07-05,CA,Vancouver,pm25,23,4.0,13.0,8.0,56.13
2022-07-05,CA,Victoria,pm25,34,5.0,38.0,21.0,910.95
2022-07-05,CA,Montréal,pm25,359,12.0,88.0,30.0,1273.87
2022-07-05,CA,Toronto,pm25,137,5.0,91.0,34.0,3376.11
2022-07-05,CA,Ottawa,pm25,66,9.0,53.0,34.0,892.36
2022-07-05,CA,London,pm25,44,17.0,70.0,46.0,2391.39
2022-07-05,US,Oklahoma City,pm25,96,29.0,54.0,42.0,330.52
2022-07-05,US,Raleigh,pm25,69,9.0,65.0,46.0,1327.83
2022-07-05,US,Memphis,pm25,60,2.0,55.0,38.0,747.19
2022-07-05,US,Jackson,pm25,72,10.0,51.0,31.0,911.69
2022-07-05,US,Boston,pm25,142,17.0,112.0,38.0,3538.38
2022-07-05,US,Richmond,pm25,96,18.0,118.0,44.0,2129.4
2022-07-05,US,Portland,pm25,167,15.0,201.0,38.0,10828.0
2022-07-05,US,Boise,pm25,82,5.0,301.0,53.0,56279.9
2022-07-05,US,Austin,pm25,45,13.0,85.0,46.0,2965.83
2022-07-05,US,Honolulu,pm25,40,5.0,46.0,17.0,1096.51
2022-07-05,US,Fresno,pm25,47,5.0,76.0,30.0,2374.49
2022-07-05,US,Milwaukee,pm25,144,13.0,119.0,28.0,1521.12
2022-07-05,US,Hartford,pm25,48,28.0,88.0,54.0,3003.08
2022-07-05,US,Washington D.C.,pm25,120,13.0,118.0,46.0,4650.28
2022-07-05,US,Chicago,pm25,240,1.0,100.0,34.0,2470.35
2022-07-05,US,Houston,pm25,95,1.0,79.0,46.0,1975.29
2022-07-05,US,Indianapolis,pm25,95,10.0,75.0,52.0,1350.74
2022-07-05,US,Atlanta,pm25,24,35.0,58.0,48.0,482.61
2022-07-05,US,Charlotte,pm25,68,5.0,179.0,38.0,15680.6
2022-07-05,US,Sacramento,pm25,65,2.0,114.0,14.0,4753.26
2022-07-05,US,Oakland,pm25,91,5.0,122.0,13.0,4669.6
2022-07-05,US,Providence,pm25,41,5.0,89.0,30.0,4621.39
2022-07-05,US,Staten Island,pm25,120,9.0,164.0,49.0,7853.24
2022-07-05,US,Brooklyn,pm25,120,5.0,157.0,47.0,9046.29
2022-07-05,US,Springfield,pm25,72,7.0,160.0,45.0,3082.46
2022-07-05,US,The Bronx,pm25,48,5.0,157.0,32.0,11627.2
2022-07-05,US,San Jose,pm25,70,5.0,91.0,21.0,4509.78
2022-07-05,US,Los Angeles,pm25,24,18.0,315.0,54.0,55109.1
2022-07-05,US,Detroit,pm25,168,15.0,161.0,37.0,2526.22
2022-07-05,US,Little Rock,pm25,23,25.0,55.0,43.0,631.19
2022-07-05,US,Baltimore,pm25,47,25.0,122.0,46.0,4442.31
2022-07-05,US,Phoenix,pm25,182,1.0,112.0,18.0,2840.57
2022-07-05,US,Omaha,pm25,43,5.0,59.0,30.0,1382.77
2022-07-05,US,El Paso,pm25,132,5.0,62.0,20.0,2197.62
2022-07-05,US,Seattle,pm25,245,13.0,197.0,48.0,6611.1
2022-07-05,US,Manhattan,pm25,72,10.0,167.0,40.0,10016.6
2022-07-05,US,Miami,pm25,93,14.0,47.0,25.0,310.46
2022-07-05,US,Jacksonville,pm25,136,4.0,66.0,33.0,1484.66
2022-07-05,US,San Antonio,pm25,82,29.0,91.0,55.0,1152.04
2022-07-05,US,Philadelphia,pm25,92,11.0,68.0,39.0,1274.05
2022-07-05,US,San Diego,pm25,24,15.0,58.0,35.0,2188.41
2022-07-05,US,Columbus,pm25,45,5.0,72.0,28.0,2795.73
2022-07-05,US,Saint Paul,pm25,95,5.0,65.0,17.0,2062.01
2022-07-05,US,Denver,pm25,120,9.0,57.0,17.0,626.54
2022-07-05,US,Salt Lake City,pm25,216,14.0,83.0,22.0,1441.21
2022-07-05,US,Albuquerque,pm25,65,12.0,45.0,18.0,399.85
2022-07-05,US,San Francisco,pm25,46,5.0,142.0,17.0,6738.42
2022-07-05,US,Salem,pm25,72,17.0,110.0,35.0,3630.12
2022-07-05,US,Madison,pm25,48,18.0,53.0,31.0,999.89
2022-07-05,US,Nashville,pm25,65,5.0,85.0,39.0,1437.41
2022-07-05,US,Tucson,pm25,139,5.0,53.0,17.0,1005.89
2022-07-05,US,Queens,pm25,96,5.0,167.0,41.0,15817.0
2022-07-05,US,Tallahassee,pm25,72,3.0,59.0,28.0,962.24
2022-07-05,US,Fort Worth,pm25,46,18.0,65.0,40.0,1109.63
2022-07-05,RS,Novi Sad,pm25,37,1.0,50.0,31.0,2826.31
2022-07-05,RS,Niš,pm25,48,32.0,70.0,53.0,1381.38
2022-07-05,RS,Belgrade,pm25,103,24.0,89.0,51.0,1776.69
2022-07-05,CY,Nicosia,pm25,24,10.0,61.0,29.0,1941.74
2022-07-05,CY,Limassol,pm25,16,24.0,73.0,54.0,1186.29
2022-07-05,HR,Zagreb,pm25,23,15.0,44.0,30.0,710.43
2022-07-05,HR,Rijeka,pm25,23,22.0,53.0,35.0,479.76
2022-07-05,MK,Skopje,pm25,144,15.0,111.0,57.0,3832.62
2022-07-06,GE,Tbilisi,pm25,96,49.0,101.0,57.0,2563.16
2022-07-06,HU,Győr,pm25,36,5.0,89.0,13.0,3472.25
2022-07-06,HU,Pécs,pm25,72,17.0,42.0,25.0,661.62
2022-07-06,HU,Kecskemét,pm25,19,13.0,46.0,21.0,1128.13
2022-07-06,HU,Miskolc,pm25,109,5.0,65.0,25.0,2350.47
2022-07-06,HU,Budapest,pm25,142,13.0,50.0,30.0,870.72
2022-07-06,JP,Fukuoka,pm25,395,5.0,114.0,38.0,1452.12
2022-07-06,JP,Kanazawa,pm25,238,5.0,61.0,42.0,1605.3
2022-07-06,JP,Kumamoto,pm25,300,5.0,134.0,38.0,5218.14
2022-07-06,JP,Akita,pm25,45,5.0,76.0,38.0,2288.13
2022-07-06,JP,Kochi,pm25,45,5.0,68.0,42.0,3031.89
2022-07-06,JP,Gifu-shi,pm25,165,5.0,161.0,30.0,4312.82
2022-07-06,JP,Kyoto,pm25,539,5.0,63.0,38.0,2068.53
2022-07-06,JP,Hiroshima,pm25,304,5.0,72.0,30.0,2499.81
2022-07-06,JP,Shizuoka,pm25,237,5.0,91.0,21.0,2749.9
2022-07-06,JP,Chiba,pm25,645,5.0,99.0,17.0,2298.79
2022-07-06,JP,Sapporo,pm25,210,5.0,99.0,42.0,1863.65
2022-07-06,JP,Yokohama,pm25,508,1.0,80.0,21.0,1802.91
2022-07-06,JP,Tokyo,pm25,2246,1.0,80.0,17.0,972.17
2022-07-06,JP,Saitama,pm25,466,5.0,104.0,17.0,910.77
2022-07-06,JP,Naha,pm25,127,5.0,42.0,9.0,992.35
2022-07-06,JP,Nagasaki,pm25,186,5.0,59.0,30.0,1354.3
2022-07-06,JP,Toyama,pm25,189,5.0,76.0,46.0,1715.99
2022-07-06,JP,Niigata,pm25,203,13.0,61.0,46.0,856.02
2022-07-06,JP,Nara-shi,pm25,179,5.0,61.0,38.0,2258.0
2022-07-06,JP,Okayama,pm25,279,9.0,65.0,34.0,1811.57
2022-07-06,JP,Sendai,pm25,465,9.0,68.0,30.0,1414.79
2022-07-06,JP,Osaka,pm25,1388,5.0,152.0,34.0,3034.02
2022-07-06,JP,Miyazaki,pm25,132,5.0,160.0,42.0,3593.88
2022-07-06,JP,Matsuyama,pm25,160,5.0,85.0,42.0,3096.54
2022-07-06,JP,Wakayama,pm25,284,13.0,70.0,38.0,1192.84
2022-07-06,JP,Takamatsu,pm25,233,5.0,70.0,30.0,1725.31
2022-07-06,JP,Nagoya,pm25,738,1.0,107.0,25.0,2419.81
2022-07-06,JP,Ōita,pm25,251,5.0,65.0,34.0,1954.77
2022-07-06,JP,Kobe,pm25,416,5.0,87.0,34.0,1903.27
2022-07-06,JP,Nagano,pm25,70,5.0,82.0,34.0,3757.51
2022-07-06,JP,Utsunomiya,pm25,369,5.0,57.0,17.0,1403.87
2022-07-06,JP,Kagoshima,pm25,74,5.0,65.0,21.0,1660.21
2022-07-06,SK,Košice,pm25,93,5.0,95.0,34.0,3757.31
2022-07-06,SK,Bratislava,pm25,94,9.0,87.0,34.0,2250.68
2022-07-06,FI,Vantaa,pm25,23,3.0,20.0,13.0,184.23
2022-07-06,FI,Turku,pm25,24,5.0,15.0,10.0,74.18
2022-07-06,FI,Helsinki,pm25,113,2.0,33.0,12.0,256.72
2022-07-06,FI,Tampere,pm25,94,2.0,20.0,8.0,88.95
2022-07-06,ET,Addis Ababa,pm25,24,59.0,175.0,107.0,11433.6
2022-07-06,CH,Zürich,pm25,22,1.0,3.0,2.0,2.51
2022-07-06,CO,Bogotá,pm25,318,5.0,144.0,34.0,5063.39
2022-07-06,CO,Medellín,pm25,220,17.0,78.0,50.0,1895.76
2022-07-06,DK,Copenhagen,pm25,24,10.0,45.0,22.0,786.3
2022-07-06,GB,Edinburgh,pm25,280,1.0,30.0,8.0,178.96
2022-07-06,GB,Norwich,pm25,22,10.0,90.0,20.0,2525.39
2022-07-06,GB,Liverpool,pm25,40,9.0,38.0,16.0,474.81
2022-07-06,GB,Belfast,pm25,26,8.0,27.0,16.0,204.81
2022-07-06,GB,Coventry,pm25,31,10.0,19.0,13.0,72.9
2022-07-06,GB,Leeds,pm25,36,13.0,104.0,22.0,2321.36
2022-07-06,GB,Cardiff,pm25,107,5.0,50.0,38.0,1796.19
2022-07-06,GB,Bristol,pm25,69,5.0,55.0,25.0,752.83
2022-07-06,GB,London,pm25,543,2.0,163.0,21.0,1835.48
2022-07-06,GB,Birmingham,pm25,24,12.0,18.0,13.0,38.48
2022-07-06,GB,Sheffield,pm25,59,11.0,34.0,13.0,160.21
2022-07-06,GB,Newport,pm25,44,4.0,19.0,9.0,144.0
2022-07-06,GB,Leicester,pm25,11,11.0,28.0,17.0,430.91
2022-07-06,GB,Manchester,pm25,72,13.0,26.0,19.0,97.74
2022-07-06,GB,Reading,pm25,27,5.0,21.0,5.0,237.95
2022-07-06,GB,Plymouth,pm25,34,5.0,30.0,17.0,432.27
2022-07-06,GB,Glasgow,pm25,542,1.0,87.0,10.0,622.39
2022-07-06,GB,Preston,pm25,37,9.0,23.0,17.0,104.73
2022-07-06,GB,Swansea,pm25,143,5.0,57.0,21.0,1630.46
2022-07-06,GB,Southend-on-Sea,pm25,39,7.0,28.0,15.0,270.28
2022-07-06,ID,Jakarta,pm25,71,25.0,174.0,73.0,15389.2
2022-07-06,NP,Kathmandu,pm25,70,38.0,137.0,78.0,3805.88
2022-07-06,NP,Biratnagar,pm25,22,52.0,91.0,76.0,1310.93
2022-07-06,AU,Sydney,pm25,152,1.0,170.0,10.0,3773.61
2022-07-06,AU,Newcastle,pm25,127,1.0,42.0,10.0,630.67
2022-07-06,AU,Launceston,pm25,153,5.0,199.0,38.0,19500.5
2022-07-06,AU,Hobart,pm25,65,5.0,80.0,30.0,4142.65
2022-07-06,AU,Darwin,pm25,24,5.0,63.0,17.0,3455.58
2022-07-06,AU,Melbourne,pm25,163,3.0,83.0,38.0,3200.48
2022-07-06,AU,Canberra,pm25,52,2.0,70.0,12.0,3079.08
2022-07-06,AU,Adelaide,pm25,94,5.0,67.0,30.0,2516.0
2022-07-06,AU,Brisbane,pm25,166,1.0,46.0,16.0,880.7
2022-07-06,AU,Perth,pm25,87,2.0,25.0,6.0,230.9
2022-07-06,AU,Wollongong,pm25,36,1.0,33.0,9.0,854.75
2022-07-06,CI,Abidjan,pm25,24,30.0,93.0,63.0,2320.42
2022-07-06,GH,Accra,pm25,24,34.0,104.0,59.0,4122.61
2022-07-06,IQ,Baghdad,pm25,24,147.0,201.0,170.0,1918.19
2022-07-06,IS,Reykjavík,pm25,96,3.0,23.0,11.0,267.18
2022-07-06,KG,Bishkek,pm25,24,17.0,74.0,46.0,1803.41
2022-07-06,NL,Utrecht,pm25,47,3.0,52.0,27.0,1053.28
2022-07-06,NL,Nijmegen,pm25,47,3.0,37.0,20.0,832.85
2022-07-06,NL,Haarlem,pm25,139,2.0,81.0,22.0,1356.71
2022-07-06,NL,Rotterdam,pm25,191,4.0,70.0,13.0,712.93
2022-07-06,NL,Amsterdam,pm25,252,1.0,54.0,16.0,821.23
2022-07-06,NL,Dordrecht,pm25,24,9.0,42.0,22.0,769.55
2022-07-06,NL,Breda,pm25,22,2.0,46.0,20.0,1105.04
2022-07-06,NL,Groningen,pm25,48,2.0,47.0,15.0,879.57
2022-07-06,NL,Maastricht,pm25,95,5.0,57.0,30.0,1302.05
2022-07-06,NL,The Hague,pm25,66,2.0,51.0,11.0,1150.0
2022-07-06,PT,Lisbon,pm25,94,23.0,62.0,43.0,924.87
2022-07-06,PT,Funchal,pm25,55,1.0,21.0,11.0,364.39
2022-07-06,CA,Hamilton,pm25,83,5.0,38.0,21.0,743.93
2022-07-06,CA,Calgary,pm25,92,5.0,74.0,26.0,3130.51
2022-07-06,CA,Winnipeg,pm25,24,18.0,38.0,29.0,345.22
2022-07-06,CA,Halifax,pm25,46,10.0,43.0,20.0,460.42
2022-07-06,CA,Kitchener,pm25,36,5.0,42.0,17.0,870.37
2022-07-06,CA,Edmonton,pm25,131,4.0,83.0,29.0,4140.03
2022-07-06,CA,Mississauga,pm25,51,5.0,76.0,17.0,1371.94
2022-07-06,CA,Québec,pm25,167,7.0,42.0,25.0,660.61
2022-07-06,CA,Vancouver,pm25,23,7.0,37.0,12.0,1113.48
2022-07-06,CA,Victoria,pm25,42,5.0,50.0,21.0,1140.63
2022-07-06,CA,Montréal,pm25,361,9.0,50.0,22.0,544.61
2022-07-06,CA,Toronto,pm25,124,5.0,59.0,17.0,1107.97
2022-07-06,CA,Ottawa,pm25,67,5.0,46.0,25.0,690.68
2022-07-06,CA,London,pm25,43,13.0,59.0,30.0,1132.78
2022-07-06,US,Oklahoma City,pm25,96,33.0,57.0,51.0,350.84
2022-07-06,US,Raleigh,pm25,68,5.0,57.0,30.0,1465.05
2022-07-06,US,Memphis,pm25,48,27.0,50.0,39.0,434.89
2022-07-06,US,Jackson,pm25,72,11.0,48.0,33.0,1014.13
2022-07-06,US,Boston,pm25,117,9.0,57.0,21.0,1184.62
2022-07-06,US,Richmond,pm25,96,20.0,37.0,27.0,251.56
2022-07-06,US,Portland,pm25,168,5.0,45.0,14.0,584.89
2022-07-06,US,Boise,pm25,89,5.0,50.0,25.0,1937.1
2022-07-06,US,Austin,pm25,43,5.0,93.0,38.0,2643.61
2022-07-06,US,Honolulu,pm25,35,5.0,30.0,13.0,396.52
2022-07-06,US,Fresno,pm25,44,5.0,50.0,25.0,1497.21
2022-07-06,US,Milwaukee,pm25,142,16.0,52.0,28.0,404.82
2022-07-06,US,Hartford,pm25,47,13.0,44.0,22.0,1161.28
2022-07-06,US,Washington D.C.,pm25,116,5.0,53.0,25.0,711.8
2022-07-06,US,Chicago,pm25,239,6.0,64.0,27.0,1283.71
2022-07-06,US,Houston,pm25,95,3.0,58.0,30.0,1211.38
2022-07-06,US,Indianapolis,pm25,95,12.0,86.0,43.0,4392.78
2022-07-06,US,Atlanta,pm25,24,36.0,50.0,43.0,121.45
2022-07-06,US,Charlotte,pm25,50,5.0,53.0,22.0,1212.65
2022-07-06,US,Sacramento,pm25,56,2.0,73.0,13.0,1281.35
2022-07-06,US,Oakland,pm25,68,5.0,30.0,9.0,438.29
2022-07-06,US,Providence,pm25,34,5.0,53.0,21.0,1975.84
2022-07-06,US,Staten Island,pm25,109,1.0,81.0,30.0,2930.44
2022-07-06,US,Brooklyn,pm25,93,1.0,55.0,23.0,2582.67
2022-07-06,US,Springfield,pm25,72,3.0,63.0,33.0,1902.72
2022-07-06,US,The Bronx,pm25,33,1.0,38.0,13.0,1624.68
2022-07-06,US,San Jose,pm25,74,5.0,30.0,9.0,334.91
2022-07-06,US,Los Angeles,pm25,24,15.0,56.0,33.0,1481.67
2022-07-06,US,Detroit,pm25,168,20.0,78.0,36.0,1982.63
2022-07-06,US,Little Rock,pm25,23,40.0,56.0,51.0,204.51
2022-07-06,US,Baltimore,pm25,40,5.0,44.0,27.0,1236.18
2022-07-06,US,Phoenix,pm25,181,1.0,51.0,16.0,1498.36
2022-07-06,US,Omaha,pm25,27,5.0,30.0,9.0,437.18
2022-07-06,US,El Paso,pm25,98,2.0,62.0,17.0,1740.74
2022-07-06,US,Seattle,pm25,257,5.0,97.0,33.0,3413.61
2022-07-06,US,Manhattan,pm25,54,1.0,53.0,22.0,2600.77
2022-07-06,US,Miami,pm25,94,16.0,48.0,39.0,673.99
2022-07-06,US,Jacksonville,pm25,140,17.0,67.0,26.0,444.92
2022-07-06,US,San Antonio,pm25,85,3.0,67.0,41.0,2092.66
2022-07-06,US,Philadelphia,pm25,86,3.0,75.0,31.0,1874.77
2022-07-06,US,San Diego,pm25,24,11.0,48.0,26.0,954.71
2022-07-06,US,Columbus,pm25,43,5.0,37.0,17.0,559.79
2022-07-06,US,Saint Paul,pm25,108,5.0,38.0,17.0,697.66
2022-07-06,US,Denver,pm25,145,9.0,55.0,21.0,885.61
2022-07-06,US,Salt Lake City,pm25,216,9.0,74.0,18.0,1015.05
2022-07-06,US,Albuquerque,pm25,71,10.0,36.0,19.0,186.04
2022-07-06,US,San Francisco,pm25,59,5.0,25.0,9.0,211.15
2022-07-06,US,Salem,pm25,72,7.0,36.0,9.0,345.77
2022-07-06,US,Madison,pm25,48,16.0,51.0,23.0,960.74
2022-07-06,US,Nashville,pm25,72,21.0,65.0,41.0,1038.86
2022-07-06,US,Tucson,pm25,146,5.0,68.0,21.0,1372.15
2022-07-06,US,Queens,pm25,76,1.0,55.0,21.0,2026.1
2022-07-06,US,Tallahassee,pm25,71,2.0,55.0,28.0,968.66
2022-07-06,US,Fort Worth,pm25,47,9.0,59.0,42.0,1959.66
2022-07-06,RS,Novi Sad,pm25,24,12.0,50.0,26.0,966.3
2022-07-06,RS,Niš,pm25,48,19.0,66.0,47.0,1251.48
2022-07-06,RS,Belgrade,pm25,120,12.0,62.0,36.0,1956.87
2022-07-06,CY,Nicosia,pm25,24,20.0,79.0,56.0,1196.79
2022-07-06,CY,Limassol,pm25,21,17.0,74.0,62.0,2598.48
2022-07-06,HR,Zagreb,pm25,24,19.0,57.0,28.0,1240.42
2022-07-06,HR,Rijeka,pm25,24,12.0,23.0,16.0,100.8
2022-07-06,MK,Skopje,pm25,24,13.0,67.0,36.0,2943.03
2022-07-07,GE,Tbilisi,pm25,73,54.0,81.0,63.0,785.28
2022-07-07,HU,Győr,pm25,48,9.0,53.0,17.0,1533.46
2022-07-07,HU,Pécs,pm25,72,13.0,34.0,30.0,502.75
2022-07-07,HU,Kecskemét,pm25,20,13.0,46.0,21.0,782.0
2022-07-07,HU,Miskolc,pm25,102,17.0,89.0,38.0,3000.58
2022-07-07,HU,Budapest,pm25,204,9.0,38.0,30.0,527.14
2022-07-07,JP,Fukuoka,pm25,380,5.0,82.0,30.0,1469.8
2022-07-07,JP,Kanazawa,pm25,238,5.0,72.0,46.0,1036.25
2022-07-07,JP,Kumamoto,pm25,244,5.0,162.0,25.0,9076.92
2022-07-07,JP,Akita,pm25,44,5.0,102.0,34.0,4252.83
2022-07-07,JP,Kochi,pm25,47,21.0,70.0,55.0,1161.59
2022-07-07,JP,Gifu-shi,pm25,179,5.0,89.0,50.0,2698.13
2022-07-07,JP,Kyoto,pm25,575,13.0,80.0,53.0,895.98
2022-07-07,JP,Hiroshima,pm25,292,5.0,89.0,30.0,2641.48
2022-07-07,JP,Shizuoka,pm25,251,5.0,70.0,30.0,1670.26
2022-07-07,JP,Chiba,pm25,666,5.0,80.0,17.0,1916.57
2022-07-07,JP,Sapporo,pm25,208,9.0,114.0,42.0,3184.71
2022-07-07,JP,Yokohama,pm25,500,1.0,80.0,17.0,1773.17
2022-07-07,JP,Tokyo,pm25,2341,1.0,82.0,17.0,1025.44
2022-07-07,JP,Saitama,pm25,456,5.0,57.0,17.0,853.29
2022-07-07,JP,Naha,pm25,129,5.0,30.0,13.0,435.85
2022-07-07,JP,Nagasaki,pm25,182,5.0,61.0,21.0,1150.65
2022-07-07,JP,Toyama,pm25,192,30.0,87.0,55.0,1080.54
2022-07-07,JP,Niigata,pm25,212,30.0,68.0,46.0,474.85
2022-07-07,JP,Nara-shi,pm25,190,34.0,72.0,53.0,554.27
2022-07-07,JP,Okayama,pm25,284,13.0,117.0,53.0,3705.59
2022-07-07,JP,Sendai,pm25,454,5.0,61.0,21.0,731.99
2022-07-07,JP,Osaka,pm25,1426,5.0,109.0,53.0,1414.51
2022-07-07,JP,Miyazaki,pm25,129,5.0,156.0,50.0,5662.32
2022-07-07,JP,Matsuyama,pm25,164,5.0,104.0,53.0,2717.72
2022-07-07,JP,Wakayama,pm25,283,25.0,91.0,53.0,1143.21
2022-07-07,JP,Takamatsu,pm25,238,9.0,85.0,46.0,1768.59
2022-07-07,JP,Nagoya,pm25,771,5.0,112.0,38.0,3146.7
2022-07-07,JP,Ōita,pm25,248,5.0,74.0,38.0,2137.32
2022-07-07,JP,Kobe,pm25,425,5.0,82.0,53.0,1153.14
2022-07-07,JP,Nagano,pm25,70,9.0,76.0,42.0,2742.37
2022-07-07,JP,Utsunomiya,pm25,383,5.0,57.0,17.0,932.83
2022-07-07,JP,Kagoshima,pm25,85,9.0,63.0,21.0,1593.28
2022-07-07,SK,Košice,pm25,94,5.0,114.0,42.0,3392.78
2022-07-07,SK,Bratislava,pm25,95,9.0,95.0,34.0,2134.01
2022-07-07,FI,Vantaa,pm25,24,6.0,29.0,16.0,233.89
2022-07-07,FI,Turku,pm25,24,5.0,27.0,11.0,291.88
2022-07-07,FI,Helsinki,pm25,117,4.0,33.0,12.0,386.73
2022-07-07,FI,Tampere,pm25,95,3.0,34.0,9.0,172.5
2022-07-07,ET,Addis Ababa,pm25,24,42.0,152.0,74.0,6518.84
2022-07-07,CH,Zürich,pm25,18,1.0,2.0,1.0,2.52
2022-07-07,CO,Bogotá,pm25,323,5.0,165.0,46.0,8358.5
2022-07-07,CO,Medellín,pm25,243,21.0,82.0,57.0,1526.06
2022-07-07,DK,Copenhagen,pm25,24,12.0,45.0,25.0,1026.01
2022-07-07,GB,Edinburgh,pm25,276,5.0,38.0,9.0,148.88
2022-07-07,GB,Norwich,pm25,14,13.0,25.0,17.0,184.89
2022-07-07,GB,Liverpool,pm25,35,17.0,38.0,21.0,260.55
2022-07-07,GB,Belfast,pm25,42,7.0,33.0,15.0,352.71
2022-07-07,GB,Coventry,pm25,70,9.0,59.0,14.0,2007.91
2022-07-07,GB,Leeds,pm25,35,8.0,42.0,25.0,1146.0
2022-07-07,GB,Cardiff,pm25,104,5.0,63.0,34.0,1675.16
2022-07-07,GB,Bristol,pm25,66,21.0,78.0,34.0,2082.12
2022-07-07,GB,London,pm25,542,1.0,72.0,21.0,1830.82
2022-07-07,GB,Birmingham,pm25,46,10.0,37.0,19.0,759.27
2022-07-07,GB,Sheffield,pm25,69,5.0,30.0,15.0,215.49
2022-07-07,GB,Newport,pm25,45,5.0,42.0,14.0,835.4
2022-07-07,GB,Leicester,pm25,24,9.0,33.0,13.0,426.3
2022-07-07,GB,Manchester,pm25,72,11.0,24.0,17.0,146.13
2022-07-07,GB,Reading,pm25,24,5.0,13.0,9.0,86.96
2022-07-07,GB,Plymouth,pm25,44,9.0,27.0,17.0,180.91
2022-07-07,GB,Glasgow,pm25,548,4.0,38.0,9.0,114.13
2022-07-07,GB,Preston,pm25,39,11.0,22.0,14.0,95.55
2022-07-07,GB,Swansea,pm25,149,5.0,59.0,21.0,2057.24
2022-07-07,GB,Southend-on-Sea,pm25,44,8.0,34.0,13.0,502.71
2022-07-07,ID,Jakarta,pm25,70,30.0,192.0,82.0,22035.3
2022-07-07,NP,Kathmandu,pm25,72,21.0,84.0,63.0,2217.18
2022-07-07,NP,Biratnagar,pm25,24,39.0,75.0,62.0,1051.01
2022-07-07,AU,Sydney,pm25,150,1.0,79.0,11.0,1459.42
2022-07-07,AU,Newcastle,pm25,116,1.0,51.0,12.0,1079.02
2022-07-07,AU,Launceston,pm25,160,5.0,160.0,21.0,12180.5
2022-07-07,AU,Hobart,pm25,55,5.0,65.0,9.0,2434.02
2022-07-07,AU,Melbourne,pm25,162,3.0,92.0,30.0,3804.71
2022-07-07,AU,Canberra,pm25,65,1.0,84.0,24.0,3229.72
2022-07-07,AU,Adelaide,pm25,95,3.0,73.0,30.0,1888.28
2022-07-07,AU,Brisbane,pm25,201,1.0,56.0,15.0,953.26
2022-07-07,AU,Perth,pm25,75,2.0,19.0,5.0,161.99
2022-07-07,AU,Wollongong,pm25,34,1.0,57.0,11.0,2288.67
2022-07-07,CI,Abidjan,pm25,24,34.0,89.0,59.0,2066.09
2022-07-07,GH,Accra,pm25,24,25.0,87.0,59.0,1872.97
2022-07-07,IQ,Baghdad,pm25,24,114.0,184.0,152.0,5160.87
2022-07-07,IS,Reykjavík,pm25,96,2.0,57.0,23.0,1946.09
2022-07-07,KG,Bishkek,pm25,24,17.0,61.0,30.0,1764.28
2022-07-07,NL,Utrecht,pm25,48,11.0,49.0,29.0,813.03
2022-07-07,NL,Nijmegen,pm25,48,7.0,39.0,20.0,562.06
2022-07-07,NL,Haarlem,pm25,142,1.0,81.0,23.0,2679.39
2022-07-07,NL,Eindhoven,pm25,10,33.0,58.0,44.0,973.78
2022-07-07,NL,Rotterdam,pm25,190,5.0,38.0,20.0,307.19
2022-07-07,NL,Amsterdam,pm25,250,1.0,50.0,21.0,816.31
2022-07-07,NL,Dordrecht,pm25,24,9.0,46.0,26.0,1511.3
2022-07-07,NL,Breda,pm25,24,3.0,42.0,16.0,1449.78
2022-07-07,NL,Groningen,pm25,45,3.0,38.0,17.0,817.25
2022-07-07,NL,Maastricht,pm25,94,5.0,57.0,25.0,1436.05
2022-07-07,NL,The Hague,pm25,66,4.0,51.0,21.0,768.38
2022-07-07,PT,Lisbon,pm25,79,27.0,63.0,43.0,869.96
2022-07-07,PT,Funchal,pm25,54,1.0,38.0,19.0,904.06
2022-07-07,CA,Hamilton,pm25,92,9.0,63.0,30.0,1570.9
2022-07-07,CA,Calgary,pm25,88,4.0,50.0,21.0,927.63
2022-07-07,CA,Winnipeg,pm25,24,19.0,31.0,23.0,88.41
2022-07-07,CA,Halifax,pm25,46,12.0,25.0,19.0,200.55
2022-07-07,CA,Kitchener,pm25,42,9.0,34.0,25.0,704.99
2022-07-07,CA,Edmonton,pm25,123,1.0,138.0,24.0,12082.5
2022-07-07,CA,Mississauga,pm25,70,9.0,50.0,21.0,710.43
2022-07-07,CA,Québec,pm25,150,14.0,42.0,20.0,263.57
2022-07-07,CA,Vancouver,pm25,23,3.0,28.0,13.0,371.58
2022-07-07,CA,Victoria,pm25,32,5.0,38.0,17.0,587.06
2022-07-07,CA,Montréal,pm25,418,12.0,55.0,27.0,941.08
2022-07-07,CA,Toronto,pm25,135,9.0,68.0,21.0,1382.34
2022-07-07,CA,Ottawa,pm25,59,9.0,42.0,21.0,313.62
2022-07-07,CA,London,pm25,46,5.0,42.0,25.0,1196.97
2022-07-07,US,Oklahoma City,pm25,95,29.0,57.0,43.0,476.46
2022-07-07,US,Raleigh,pm25,61,9.0,63.0,34.0,1615.37
2022-07-07,US,Memphis,pm25,47,33.0,52.0,40.0,299.74
2022-07-07,US,Jackson,pm25,72,13.0,60.0,30.0,987.04
2022-07-07,US,Boston,pm25,116,9.0,59.0,30.0,741.52
2022-07-07,US,Richmond,pm25,96,19.0,39.0,30.0,334.65
2022-07-07,US,Portland,pm25,167,9.0,38.0,14.0,318.1
2022-07-07,US,Boise,pm25,94,5.0,55.0,25.0,1825.1
2022-07-07,US,Austin,pm25,44,5.0,55.0,21.0,2203.44
2022-07-07,US,Honolulu,pm25,33,5.0,104.0,17.0,3140.06
2022-07-07,US,Fresno,pm25,46,1.0,40.0,25.0,1159.05
2022-07-07,US,Milwaukee,pm25,144,25.0,70.0,33.0,407.2
2022-07-07,US,Hartford,pm25,48,19.0,32.0,24.0,109.93
2022-07-07,US,Washington D.C.,pm25,120,5.0,46.0,25.0,777.59
2022-07-07,US,Chicago,pm25,240,16.0,60.0,36.0,1229.78
2022-07-07,US,Houston,pm25,88,2.0,61.0,27.0,1678.84
2022-07-07,US,Indianapolis,pm25,96,8.0,66.0,36.0,1252.18
2022-07-07,US,Atlanta,pm25,24,28.0,43.0,35.0,198.53
2022-07-07,US,Charlotte,pm25,64,12.0,53.0,29.0,1072.52
2022-07-07,US,Sacramento,pm25,59,1.0,67.0,12.0,1906.72
2022-07-07,US,Oakland,pm25,72,5.0,25.0,9.0,248.61
2022-07-07,US,Providence,pm25,35,5.0,50.0,17.0,1550.81
2022-07-07,US,Staten Island,pm25,111,1.0,42.0,15.0,1397.77
2022-07-07,US,Brooklyn,pm25,102,1.0,53.0,10.0,1048.5
2022-07-07,US,Springfield,pm25,70,1.0,60.0,25.0,2197.95
2022-07-07,US,The Bronx,pm25,37,1.0,12.0,6.0,112.55
2022-07-07,US,San Jose,pm25,71,5.0,21.0,9.0,295.92
2022-07-07,US,Los Angeles,pm25,24,27.0,64.0,43.0,805.15
2022-07-07,US,Detroit,pm25,168,22.0,63.0,36.0,884.16
2022-07-07,US,Little Rock,pm25,24,33.0,54.0,43.0,433.62
2022-07-07,US,Baltimore,pm25,44,5.0,34.0,18.0,350.46
2022-07-07,US,Phoenix,pm25,185,2.0,68.0,18.0,1681.48
2022-07-07,US,Omaha,pm25,33,5.0,76.0,17.0,1776.33
2022-07-07,US,El Paso,pm25,122,5.0,52.0,20.0,1107.49
2022-07-07,US,Seattle,pm25,236,5.0,63.0,13.0,1209.64
2022-07-07,US,Manhattan,pm25,63,1.0,30.0,10.0,374.55
2022-07-07,US,Miami,pm25,94,18.0,35.0,28.0,224.75
2022-07-07,US,Jacksonville,pm25,141,7.0,58.0,31.0,854.85
2022-07-07,US,San Antonio,pm25,85,5.0,72.0,30.0,1817.09
2022-07-07,US,Philadelphia,pm25,82,1.0,57.0,23.0,955.65
2022-07-07,US,San Diego,pm25,22,17.0,48.0,32.0,576.19
2022-07-07,US,Columbus,pm25,48,2.0,40.0,22.0,662.82
2022-07-07,US,Saint Paul,pm25,97,5.0,57.0,17.0,1061.38
2022-07-07,US,Denver,pm25,146,9.0,55.0,17.0,594.21
2022-07-07,US,Salt Lake City,pm25,216,11.0,74.0,22.0,700.59
2022-07-07,US,Albuquerque,pm25,72,12.0,46.0,17.0,382.63
2022-07-07,US,San Francisco,pm25,54,5.0,30.0,9.0,373.18
2022-07-07,US,Salem,pm25,71,6.0,16.0,9.0,40.57
2022-07-07,US,Madison,pm25,48,19.0,51.0,27.0,579.13
2022-07-07,US,Nashville,pm25,71,13.0,107.0,40.0,1739.04
2022-07-07,US,Tucson,pm25,140,5.0,34.0,17.0,608.46
2022-07-07,US,Queens,pm25,67,2.0,34.0,16.0,672.37
2022-07-07,US,Tallahassee,pm25,69,3.0,62.0,26.0,1138.38
2022-07-07,US,Fort Worth,pm25,47,1.0,50.0,25.0,1332.31
2022-07-07,RS,Novi Sad,pm25,24,20.0,46.0,32.0,516.07
2022-07-07,RS,Niš,pm25,48,18.0,62.0,35.0,1435.96
2022-07-07,RS,Belgrade,pm25,120,14.0,87.0,32.0,2016.8
2022-07-07,CY,Nicosia,pm25,12,36.0,75.0,57.0,777.2
2022-07-07,CY,Limassol,pm25,24,47.0,73.0,63.0,665.05
2022-07-07,HR,Zagreb,pm25,24,24.0,58.0,30.0,851.23
2022-07-07,HR,Rijeka,pm25,24,3.0,26.0,20.0,471.29
2022-07-07,MK,Skopje,pm25,78,1.0,156.0,36.0,7598.55
2022-07-08,GE,Tbilisi,pm25,24,73.0,86.0,80.0,132.1
2022-07-08,HU,Győr,pm25,46,30.0,99.0,46.0,4027.98
2022-07-08,HU,Pécs,pm25,69,21.0,46.0,34.0,512.19
2022-07-08,HU,Kecskemét,pm25,20,21.0,38.0,30.0,229.76
2022-07-08,HU,Miskolc,pm25,117,13.0,76.0,30.0,1662.35
2022-07-08,HU,Budapest,pm25,275,13.0,53.0,30.0,534.92
2022-07-08,JP,Fukuoka,pm25,389,5.0,154.0,25.0,1778.21
2022-07-08,JP,Kanazawa,pm25,240,9.0,74.0,55.0,802.95
2022-07-08,JP,Kumamoto,pm25,259,5.0,161.0,25.0,6612.31
2022-07-08,JP,Akita,pm25,40,5.0,70.0,17.0,2589.99
2022-07-08,JP,Kochi,pm25,48,9.0,93.0,59.0,1579.56
2022-07-08,JP,Gifu-shi,pm25,115,13.0,87.0,53.0,2875.63
2022-07-08,JP,Kyoto,pm25,579,9.0,95.0,57.0,969.92
2022-07-08,JP,Hiroshima,pm25,325,5.0,85.0,50.0,2811.25
2022-07-08,JP,Shizuoka,pm25,238,5.0,65.0,21.0,1207.85
2022-07-08,JP,Chiba,pm25,698,5.0,102.0,21.0,2575.8
2022-07-08,JP,Sapporo,pm25,197,5.0,76.0,21.0,1890.93
2022-07-08,JP,Yokohama,pm25,497,1.0,82.0,21.0,2393.71
2022-07-08,JP,Tokyo,pm25,2439,1.0,95.0,21.0,1581.19
2022-07-08,JP,Saitama,pm25,467,5.0,57.0,21.0,1261.43
2022-07-08,JP,Naha,pm25,128,5.0,38.0,9.0,812.04
2022-07-08,JP,Nagasaki,pm25,180,5.0,63.0,17.0,1003.76
2022-07-08,JP,Toyama,pm25,192,21.0,93.0,57.0,1042.34
2022-07-08,JP,Niigata,pm25,209,5.0,50.0,21.0,1207.77
2022-07-08,JP,Nara-shi,pm25,188,34.0,78.0,59.0,476.17
2022-07-08,JP,Okayama,pm25,288,30.0,147.0,61.0,2350.12
2022-07-08,JP,Sendai,pm25,457,5.0,57.0,21.0,1813.96
2022-07-08,JP,Osaka,pm25,1447,5.0,102.0,50.0,1702.32
2022-07-08,JP,Miyazaki,pm25,131,5.0,164.0,46.0,4393.39
2022-07-08,JP,Matsuyama,pm25,165,5.0,95.0,53.0,2896.13
2022-07-08,JP,Wakayama,pm25,287,17.0,76.0,46.0,867.74
2022-07-08,JP,Takamatsu,pm25,239,17.0,82.0,46.0,1611.33
2022-07-08,JP,Nagoya,pm25,767,5.0,124.0,38.0,2305.9
2022-07-08,JP,Ōita,pm25,254,5.0,97.0,53.0,3283.31
2022-07-08,JP,Kobe,pm25,425,9.0,102.0,42.0,1581.38
2022-07-08,JP,Nagano,pm25,72,5.0,89.0,46.0,3690.7
2022-07-08,JP,Utsunomiya,pm25,390,5.0,59.0,21.0,1129.73
2022-07-08,JP,Kagoshima,pm25,83,9.0,61.0,21.0,937.67
2022-07-08,SK,Košice,pm25,95,5.0,154.0,50.0,4585.5
2022-07-08,SK,Bratislava,pm25,94,9.0,99.0,25.0,2838.6
2022-07-08,FI,Vantaa,pm25,24,2.0,23.0,13.0,333.89
2022-07-08,FI,Turku,pm25,24,4.0,20.0,8.0,165.2
2022-07-08,FI,Helsinki,pm25,117,1.0,59.0,8.0,654.36
2022-07-08,FI,Tampere,pm25,93,3.0,11.0,5.0,38.56
2022-07-08,ET,Addis Ababa,pm25,24,38.0,153.0,95.0,10950.0
2022-07-08,CH,Zürich,pm25,22,1.0,3.0,1.0,2.51
2022-07-08,CO,Bogotá,pm25,331,5.0,160.0,50.0,8743.26
2022-07-08,CO,Medellín,pm25,242,21.0,83.0,57.0,1437.15
2022-07-08,DK,Copenhagen,pm25,24,14.0,42.0,25.0,433.46
2022-07-08,GB,Edinburgh,pm25,283,2.0,38.0,6.0,230.74
2022-07-08,GB,Norwich,pm25,15,21.0,49.0,26.0,552.86
2022-07-08,GB,Liverpool,pm25,43,16.0,42.0,24.0,412.92
2022-07-08,GB,Belfast,pm25,52,6.0,32.0,17.0,235.1
2022-07-08,GB,Coventry,pm25,57,15.0,49.0,30.0,426.96
2022-07-08,GB,Leeds,pm25,35,13.0,53.0,30.0,1122.05
2022-07-08,GB,Cardiff,pm25,108,5.0,59.0,38.0,1792.8
2022-07-08,GB,Bristol,pm25,65,13.0,107.0,38.0,3845.54
2022-07-08,GB,London,pm25,533,1.0,129.0,37.0,2014.65
2022-07-08,GB,Birmingham,pm25,35,19.0,62.0,37.0,1368.35
2022-07-08,GB,Sheffield,pm25,83,9.0,30.0,17.0,88.97
2022-07-08,GB,Newport,pm25,40,8.0,34.0,17.0,390.76
2022-07-08,GB,Leicester,pm25,19,12.0,32.0,22.0,237.84
2022-07-08,GB,Manchester,pm25,72,17.0,28.0,21.0,93.1
2022-07-08,GB,Reading,pm25,38,5.0,34.0,13.0,853.88
2022-07-08,GB,Plymouth,pm25,38,9.0,32.0,21.0,252.29
2022-07-08,GB,Glasgow,pm25,527,2.0,32.0,5.0,94.19
2022-07-08,GB,Preston,pm25,45,11.0,33.0,17.0,221.8
2022-07-08,GB,Swansea,pm25,151,5.0,70.0,25.0,1720.82
2022-07-08,GB,Southend-on-Sea,pm25,45,13.0,54.0,32.0,1226.34
2022-07-08,ID,Jakarta,pm25,61,34.0,156.0,82.0,9992.3
2022-07-08,NP,Kathmandu,pm25,72,25.0,92.0,63.0,1948.73
2022-07-08,NP,Biratnagar,pm25,24,47.0,101.0,63.0,1782.88
2022-07-08,AU,Sydney,pm25,148,1.0,59.0,13.0,1159.92
2022-07-08,AU,Newcastle,pm25,127,1.0,64.0,12.0,1095.61
2022-07-08,AU,Launceston,pm25,131,5.0,169.0,30.0,11189.4
2022-07-08,AU,Hobart,pm25,43,5.0,46.0,9.0,965.16
2022-07-08,AU,Darwin,pm25,30,5.0,144.0,28.0,5961.71
2022-07-08,AU,Melbourne,pm25,166,1.0,53.0,22.0,1409.48
2022-07-08,AU,Canberra,pm25,65,2.0,85.0,22.0,4210.31
2022-07-08,AU,Adelaide,pm25,94,5.0,279.0,34.0,10187.9
2022-07-08,AU,Brisbane,pm25,206,1.0,53.0,11.0,620.17
2022-07-08,AU,Perth,pm25,79,2.0,39.0,7.0,357.8
2022-07-08,AU,Wollongong,pm25,33,1.0,24.0,11.0,304.85
2022-07-08,CI,Abidjan,pm25,24,50.0,76.0,61.0,498.1
2022-07-08,GH,Accra,pm25,24,42.0,149.0,61.0,6251.29
2022-07-08,IQ,Baghdad,pm25,24,124.0,277.0,155.0,7864.56
2022-07-08,IS,Reykjavík,pm25,96,7.0,45.0,14.0,1072.98
2022-07-08,KG,Bishkek,pm25,22,5.0,61.0,9.0,3056.56
2022-07-08,NL,Utrecht,pm25,48,9.0,61.0,32.0,1370.9
2022-07-08,NL,Nijmegen,pm25,48,5.0,70.0,27.0,2277.44
2022-07-08,NL,Haarlem,pm25,142,1.0,106.0,28.0,2421.7
2022-07-08,NL,Eindhoven,pm25,24,31.0,65.0,50.0,799.55
2022-07-08,NL,Rotterdam,pm25,192,11.0,53.0,24.0,622.02
2022-07-08,NL,Amsterdam,pm25,257,1.0,162.0,24.0,2320.15
2022-07-08,NL,Dordrecht,pm25,24,5.0,46.0,30.0,866.09
2022-07-08,NL,Breda,pm25,24,12.0,54.0,34.0,1345.14
2022-07-08,NL,Groningen,pm25,46,3.0,56.0,23.0,1185.02
2022-07-08,NL,Maastricht,pm25,94,9.0,53.0,25.0,921.83
2022-07-08,NL,The Hague,pm25,72,9.0,61.0,24.0,1259.34
2022-07-08,PT,Lisbon,pm25,82,31.0,78.0,54.0,867.5
2022-07-08,PT,Funchal,pm25,58,3.0,37.0,15.0,753.62
2022-07-08,CA,Hamilton,pm25,24,17.0,42.0,21.0,905.15
2022-07-08,CA,Calgary,pm25,92,5.0,58.0,17.0,1566.42
2022-07-08,CA,Winnipeg,pm25,24,27.0,51.0,36.0,429.49
2022-07-08,CA,Halifax,pm25,46,19.0,41.0,22.0,195.69
2022-07-08,CA,Kitchener,pm25,9,17.0,38.0,30.0,589.44
2022-07-08,CA,Edmonton,pm25,137,7.0,107.0,23.0,8373.99
2022-07-08,CA,Mississauga,pm25,24,5.0,50.0,25.0,1607.54
2022-07-08,CA,Québec,pm25,156,5.0,52.0,25.0,739.97
2022-07-08,CA,Victoria,pm25,33,5.0,50.0,13.0,1256.84
2022-07-08,CA,Montréal,pm25,381,9.0,62.0,30.0,822.82
2022-07-08,CA,Toronto,pm25,38,5.0,57.0,30.0,1094.28
2022-07-08,CA,Ottawa,pm25,53,9.0,33.0,27.0,601.32
2022-07-08,CA,London,pm25,10,21.0,38.0,34.0,303.22
2022-07-08,US,Oklahoma City,pm25,95,17.0,53.0,34.0,507.66
2022-07-08,US,Raleigh,pm25,70,9.0,87.0,33.0,2749.87
2022-07-08,US,Memphis,pm25,48,29.0,46.0,38.0,214.68
2022-07-08,US,Jackson,pm25,72,15.0,54.0,29.0,977.15
2022-07-08,US,Boston,pm25,114,5.0,50.0,25.0,501.2
2022-07-08,US,Richmond,pm25,96,20.0,37.0,31.0,241.82
2022-07-08,US,Portland,pm25,166,5.0,26.0,13.0,154.21
2022-07-08,US,Boise,pm25,68,5.0,46.0,30.0,753.32
2022-07-08,US,Austin,pm25,47,5.0,65.0,30.0,2602.28
2022-07-08,US,Honolulu,pm25,37,5.0,30.0,13.0,215.35
2022-07-08,US,Fresno,pm25,47,9.0,53.0,25.0,1456.73
2022-07-08,US,Milwaukee,pm25,144,17.0,55.0,30.0,986.49
2022-07-08,US,Hartford,pm25,48,22.0,61.0,29.0,489.89
2022-07-08,US,Washington D.C.,pm25,114,9.0,61.0,25.0,794.73
2022-07-08,US,Chicago,pm25,237,14.0,67.0,35.0,1226.43
2022-07-08,US,Houston,pm25,95,3.0,64.0,33.0,2057.23
2022-07-08,US,Indianapolis,pm25,96,18.0,56.0,35.0,903.82
2022-07-08,US,Atlanta,pm25,24,23.0,47.0,41.0,407.81
2022-07-08,US,Charlotte,pm25,69,5.0,63.0,25.0,1520.67
2022-07-08,US,Sacramento,pm25,63,3.0,27.0,13.0,337.78
2022-07-08,US,Oakland,pm25,106,5.0,38.0,13.0,416.14
2022-07-08,US,Providence,pm25,40,5.0,46.0,21.0,1427.94
2022-07-08,US,Staten Island,pm25,108,4.0,70.0,26.0,2326.07
2022-07-08,US,Brooklyn,pm25,118,5.0,61.0,28.0,1641.92
2022-07-08,US,Springfield,pm25,70,5.0,48.0,24.0,963.4
2022-07-08,US,The Bronx,pm25,46,5.0,41.0,21.0,844.99
2022-07-08,US,San Jose,pm25,78,5.0,38.0,17.0,569.67
2022-07-08,US,Los Angeles,pm25,21,21.0,73.0,49.0,2285.48
2022-07-08,US,Detroit,pm25,164,22.0,79.0,39.0,1520.37
2022-07-08,US,Little Rock,pm25,23,24.0,54.0,45.0,668.73
2022-07-08,US,Baltimore,pm25,48,13.0,52.0,32.0,724.14
2022-07-08,US,Phoenix,pm25,189,1.0,48.0,17.0,651.04
2022-07-08,US,Omaha,pm25,37,5.0,68.0,17.0,2304.44
2022-07-08,US,El Paso,pm25,125,5.0,73.0,17.0,1152.84
2022-07-08,US,Dallas,pm25,10,13.0,38.0,30.0,644.44
2022-07-08,US,Seattle,pm25,232,5.0,89.0,13.0,1101.02
2022-07-08,US,Manhattan,pm25,72,2.0,62.0,25.0,2230.86
2022-07-08,US,Miami,pm25,94,15.0,36.0,25.0,242.26
2022-07-08,US,Jacksonville,pm25,144,2.0,57.0,26.0,912.89
2022-07-08,US,San Antonio,pm25,93,3.0,61.0,37.0,2227.26
2022-07-08,US,Philadelphia,pm25,93,1.0,61.0,28.0,1376.82
2022-07-08,US,San Diego,pm25,24,28.0,60.0,40.0,889.84
2022-07-08,US,Columbus,pm25,48,9.0,41.0,26.0,384.43
2022-07-08,US,Saint Paul,pm25,81,5.0,42.0,21.0,613.59
2022-07-08,US,Denver,pm25,141,9.0,34.0,17.0,275.88
2022-07-08,US,Salt Lake City,pm25,213,8.0,52.0,23.0,885.25
2022-07-08,US,Albuquerque,pm25,72,14.0,43.0,19.0,330.89
2022-07-08,US,San Francisco,pm25,64,5.0,42.0,17.0,765.04
2022-07-08,US,Salem,pm25,72,6.0,20.0,10.0,57.74
2022-07-08,US,Madison,pm25,48,23.0,62.0,35.0,1183.68
2022-07-08,US,Nashville,pm25,72,13.0,89.0,40.0,1670.04
2022-07-08,US,Tucson,pm25,137,5.0,38.0,17.0,908.67
2022-07-08,US,Queens,pm25,76,2.0,41.0,26.0,1398.66
2022-07-08,US,Tallahassee,pm25,69,8.0,57.0,23.0,1245.12
2022-07-08,US,Fort Worth,pm25,46,11.0,65.0,33.0,1708.31
2022-07-08,RS,Novi Sad,pm25,24,20.0,91.0,29.0,2472.16
2022-07-08,RS,Niš,pm25,48,26.0,63.0,42.0,657.38
2022-07-08,RS,Belgrade,pm25,120,13.0,52.0,34.0,898.99
2022-07-08,CY,Nicosia,pm25,20,12.0,94.0,68.0,2415.24
2022-07-08,CY,Limassol,pm25,24,53.0,86.0,70.0,993.03
2022-07-08,HR,Zagreb,pm25,24,10.0,59.0,21.0,3667.75
2022-07-08,HR,Rijeka,pm25,17,3.0,15.0,6.0,130.66
2022-07-08,MK,Skopje,pm25,137,5.0,159.0,51.0,14057.1
2022-07-09,GE,Tbilisi,pm25,96,56.0,79.0,62.0,613.68
2022-07-09,HU,Győr,pm25,46,17.0,72.0,38.0,3327.96
2022-07-09,HU,Pécs,pm25,63,13.0,34.0,21.0,411.84
2022-07-09,HU,Kecskemét,pm25,19,13.0,25.0,21.0,147.84
2022-07-09,HU,Miskolc,pm25,104,13.0,57.0,25.0,1196.88
2022-07-09,HU,Budapest,pm25,233,5.0,38.0,21.0,474.01
2022-07-09,JP,Fukuoka,pm25,398,5.0,153.0,46.0,4069.41
2022-07-09,JP,Kanazawa,pm25,230,5.0,72.0,42.0,2311.43
2022-07-09,JP,Kumamoto,pm25,312,5.0,165.0,42.0,8909.51
2022-07-09,JP,Akita,pm25,40,5.0,104.0,25.0,3242.3
2022-07-09,JP,Kochi,pm25,47,5.0,59.0,25.0,2006.7
2022-07-09,JP,Gifu-shi,pm25,179,5.0,80.0,38.0,3497.98
2022-07-09,JP,Kyoto,pm25,571,5.0,82.0,53.0,3552.98
2022-07-09,JP,Hiroshima,pm25,333,5.0,89.0,50.0,2021.78
2022-07-09,JP,Shizuoka,pm25,249,5.0,80.0,25.0,2019.42
2022-07-09,JP,Chiba,pm25,735,5.0,124.0,25.0,2963.51
2022-07-09,JP,Sapporo,pm25,190,5.0,227.0,21.0,4805.38
2022-07-09,JP,Yokohama,pm25,510,1.0,109.0,25.0,2494.18
2022-07-09,JP,Tokyo,pm25,2546,5.0,127.0,30.0,1575.77
2022-07-09,JP,Saitama,pm25,494,5.0,63.0,30.0,1161.68
2022-07-09,JP,Naha,pm25,119,5.0,38.0,17.0,948.6
2022-07-09,JP,Nagasaki,pm25,191,5.0,74.0,50.0,1390.1
2022-07-09,JP,Toyama,pm25,189,5.0,142.0,53.0,2401.31
2022-07-09,JP,Niigata,pm25,215,5.0,42.0,21.0,723.77
2022-07-09,JP,Nara-shi,pm25,190,5.0,68.0,38.0,3281.62
2022-07-09,JP,Okayama,pm25,286,5.0,95.0,55.0,1371.78
2022-07-09,JP,Sendai,pm25,445,5.0,46.0,17.0,708.03
2022-07-09,JP,Osaka,pm25,1423,5.0,104.0,46.0,2462.45
2022-07-09,JP,Miyazaki,pm25,134,5.0,74.0,38.0,3221.06
2022-07-09,JP,Matsuyama,pm25,152,5.0,74.0,34.0,2822.33
2022-07-09,JP,Wakayama,pm25,283,5.0,68.0,34.0,1677.09
2022-07-09,JP,Takamatsu,pm25,240,5.0,74.0,42.0,1800.48
2022-07-09,JP,Nagoya,pm25,771,5.0,91.0,38.0,1702.47
2022-07-09,JP,Ōita,pm25,252,5.0,78.0,50.0,2658.79
2022-07-09,JP,Kobe,pm25,415,9.0,93.0,38.0,1432.33
2022-07-09,JP,Nagano,pm25,72,9.0,80.0,42.0,3325.92
2022-07-09,JP,Utsunomiya,pm25,398,5.0,57.0,21.0,1271.04
2022-07-09,JP,Kagoshima,pm25,92,5.0,72.0,46.0,2355.7
2022-07-09,SK,Košice,pm25,95,5.0,112.0,30.0,5087.98
2022-07-09,SK,Bratislava,pm25,91,5.0,42.0,21.0,728.87
2022-07-09,FI,Vantaa,pm25,23,3.0,28.0,13.0,343.56
2022-07-09,FI,Turku,pm25,24,1.0,20.0,8.0,257.66
2022-07-09,FI,Helsinki,pm25,117,2.0,40.0,11.0,530.07
2022-07-09,FI,Tampere,pm25,94,1.0,18.0,5.0,59.66
2022-07-09,ET,Addis Ababa,pm25,24,38.0,160.0,82.0,12634.3
2022-07-09,CH,Zürich,pm25,21,1.0,15.0,2.0,259.48
2022-07-09,CO,Bogotá,pm25,324,5.0,129.0,32.0,4747.03
2022-07-09,CO,Medellín,pm25,210,13.0,93.0,55.0,3148.04
2022-07-09,DK,Copenhagen,pm25,24,1.0,34.0,23.0,615.87
2022-07-09,GB,Edinburgh,pm25,278,2.0,59.0,12.0,673.03
2022-07-09,GB,Norwich,pm25,9,16.0,43.0,20.0,695.28
2022-07-09,GB,Liverpool,pm25,31,13.0,38.0,18.0,298.13
2022-07-09,GB,Belfast,pm25,47,4.0,24.0,12.0,257.32
2022-07-09,GB,Coventry,pm25,55,12.0,25.0,18.0,71.28
2022-07-09,GB,Leeds,pm25,34,9.0,50.0,18.0,1014.77
2022-07-09,GB,Cardiff,pm25,111,5.0,57.0,42.0,1657.08
2022-07-09,GB,Bristol,pm25,65,17.0,59.0,34.0,1037.97
2022-07-09,GB,London,pm25,540,1.0,87.0,23.0,1755.92
2022-07-09,GB,Birmingham,pm25,41,17.0,30.0,20.0,213.02
2022-07-09,GB,Sheffield,pm25,63,9.0,25.0,15.0,150.68
2022-07-09,GB,Newport,pm25,41,7.0,22.0,13.0,103.31
2022-07-09,GB,Leicester,pm25,18,13.0,36.0,17.0,606.05
2022-07-09,GB,Manchester,pm25,72,4.0,35.0,17.0,636.9
2022-07-09,GB,Reading,pm25,35,5.0,17.0,5.0,116.17
2022-07-09,GB,Plymouth,pm25,29,5.0,30.0,17.0,257.19
2022-07-09,GB,Glasgow,pm25,524,2.0,36.0,11.0,273.88
2022-07-09,GB,Preston,pm25,35,5.0,26.0,15.0,184.32
2022-07-09,GB,Swansea,pm25,147,5.0,55.0,21.0,2105.89
2022-07-09,GB,Southend-on-Sea,pm25,41,11.0,30.0,19.0,251.69
2022-07-09,ID,Jakarta,pm25,71,38.0,145.0,80.0,4985.2
2022-07-09,NP,Kathmandu,pm25,72,13.0,81.0,54.0,2351.76
2022-07-09,NP,Biratnagar,pm25,24,44.0,82.0,61.0,1530.85
2022-07-09,AU,Sydney,pm25,153,1.0,83.0,16.0,2727.61
2022-07-09,AU,Newcastle,pm25,134,1.0,106.0,16.0,6271.83
2022-07-09,AU,Launceston,pm25,150,5.0,165.0,13.0,10208.0
2022-07-09,AU,Hobart,pm25,64,5.0,87.0,17.0,4101.5
2022-07-09,AU,Darwin,pm25,46,3.0,128.0,31.0,6279.87
2022-07-09,AU,Melbourne,pm25,161,1.0,117.0,21.0,3867.12
2022-07-09,AU,Canberra,pm25,66,3.0,78.0,21.0,4440.04
2022-07-09,AU,Adelaide,pm25,91,3.0,163.0,23.0,6537.64
2022-07-09,AU,Brisbane,pm25,211,1.0,102.0,15.0,5908.22
2022-07-09,AU,Perth,pm25,59,2.0,22.0,4.0,117.57
2022-07-09,AU,Wollongong,pm25,36,3.0,56.0,14.0,1746.25
2022-07-09,CI,Abidjan,pm25,24,34.0,65.0,53.0,508.97
2022-07-09,GH,Accra,pm25,24,34.0,97.0,63.0,1202.83
2022-07-09,IQ,Baghdad,pm25,24,119.0,350.0,198.0,43641.4
2022-07-09,IS,Reykjavík,pm25,96,3.0,20.0,12.0,196.19
2022-07-09,KG,Bishkek,pm25,9,5.0,46.0,17.0,1815.28
2022-07-09,NL,Utrecht,pm25,48,13.0,65.0,37.0,2394.78
2022-07-09,NL,Nijmegen,pm25,45,5.0,71.0,36.0,3146.28
2022-07-09,NL,Haarlem,pm25,136,1.0,65.0,21.0,1619.29
2022-07-09,NL,Eindhoven,pm25,24,33.0,94.0,63.0,2345.2
2022-07-09,NL,Rotterdam,pm25,191,2.0,74.0,24.0,2820.98
2022-07-09,NL,Amsterdam,pm25,255,2.0,61.0,21.0,1051.76
2022-07-09,NL,Dordrecht,pm25,24,9.0,59.0,29.0,2282.16
2022-07-09,NL,Breda,pm25,24,6.0,73.0,38.0,5069.49
2022-07-09,NL,Groningen,pm25,46,3.0,55.0,22.0,963.25
2022-07-09,NL,Maastricht,pm25,95,5.0,76.0,38.0,2493.59
2022-07-09,NL,The Hague,pm25,69,4.0,61.0,24.0,2234.67
2022-07-09,PT,Lisbon,pm25,88,23.0,69.0,48.0,1230.38
2022-07-09,PT,Funchal,pm25,70,1.0,39.0,26.0,670.48
2022-07-09,CA,Hamilton,pm25,75,5.0,55.0,17.0,951.29
2022-07-09,CA,Calgary,pm25,92,6.0,35.0,16.0,338.84
2022-07-09,CA,Winnipeg,pm25,24,2.0,44.0,25.0,859.93
2022-07-09,CA,Halifax,pm25,46,11.0,24.0,18.0,119.32
2022-07-09,CA,Kitchener,pm25,28,5.0,57.0,17.0,1907.66
2022-07-09,CA,Edmonton,pm25,132,1.0,127.0,15.0,6799.0
2022-07-09,CA,Mississauga,pm25,55,5.0,46.0,9.0,1196.23
2022-07-09,CA,Québec,pm25,143,5.0,47.0,12.0,673.58
2022-07-09,CA,Vancouver,pm25,23,7.0,25.0,15.0,377.71
2022-07-09,CA,Victoria,pm25,28,5.0,25.0,13.0,375.87
2022-07-09,CA,Montréal,pm25,304,3.0,368.0,14.0,4584.17
2022-07-09,CA,Toronto,pm25,111,5.0,142.0,13.0,3268.54
2022-07-09,CA,Ottawa,pm25,47,5.0,29.0,14.0,333.45
2022-07-09,CA,London,pm25,31,5.0,55.0,13.0,954.07
2022-07-09,US,Oklahoma City,pm25,96,16.0,47.0,27.0,448.6
2022-07-09,US,Raleigh,pm25,71,8.0,53.0,30.0,1045.11
2022-07-09,US,Memphis,pm25,48,20.0,53.0,32.0,661.27
2022-07-09,US,Jackson,pm25,72,15.0,58.0,30.0,691.27
2022-07-09,US,Boston,pm25,120,9.0,74.0,30.0,959.53
2022-07-09,US,Richmond,pm25,96,10.0,37.0,24.0,330.42
2022-07-09,US,Portland,pm25,167,8.0,32.0,13.0,125.94
2022-07-09,US,Boise,pm25,45,5.0,51.0,21.0,1057.09
2022-07-09,US,Austin,pm25,47,5.0,59.0,25.0,2372.36
2022-07-09,US,Honolulu,pm25,41,5.0,34.0,13.0,419.56
2022-07-09,US,Fresno,pm25,45,4.0,76.0,17.0,3621.77
2022-07-09,US,Milwaukee,pm25,144,14.0,48.0,20.0,496.47
2022-07-09,US,Hartford,pm25,48,16.0,40.0,22.0,507.22
2022-07-09,US,Washington D.C.,pm25,120,5.0,42.0,25.0,531.7
2022-07-09,US,Chicago,pm25,240,1.0,52.0,20.0,781.66
2022-07-09,US,Houston,pm25,96,5.0,63.0,34.0,1449.91
2022-07-09,US,Indianapolis,pm25,96,17.0,62.0,34.0,1142.09
2022-07-09,US,Atlanta,pm25,24,20.0,41.0,28.0,281.14
2022-07-09,US,Charlotte,pm25,65,5.0,57.0,21.0,806.24
2022-07-09,US,Sacramento,pm25,65,5.0,65.0,17.0,2153.16
2022-07-09,US,Oakland,pm25,104,5.0,57.0,17.0,1139.37
2022-07-09,US,Providence,pm25,39,5.0,57.0,25.0,1669.37
2022-07-09,US,Staten Island,pm25,116,8.0,151.0,36.0,3109.01
2022-07-09,US,Brooklyn,pm25,101,2.0,56.0,24.0,2220.52
2022-07-09,US,Springfield,pm25,69,8.0,52.0,30.0,1186.69
2022-07-09,US,The Bronx,pm25,44,2.0,43.0,15.0,1485.16
2022-07-09,US,San Jose,pm25,87,5.0,38.0,17.0,619.45
2022-07-09,US,Los Angeles,pm25,24,34.0,74.0,51.0,1378.68
2022-07-09,US,Detroit,pm25,168,13.0,45.0,20.0,322.03
2022-07-09,US,Little Rock,pm25,24,2.0,51.0,35.0,1919.93
2022-07-09,US,Baltimore,pm25,47,5.0,56.0,27.0,1414.96
2022-07-09,US,Phoenix,pm25,191,1.0,49.0,18.0,782.82
2022-07-09,US,Omaha,pm25,45,5.0,38.0,21.0,659.36
2022-07-09,US,El Paso,pm25,127,5.0,57.0,25.0,1735.78
2022-07-09,US,Dallas,pm25,23,13.0,72.0,34.0,2335.22
2022-07-09,US,Seattle,pm25,237,5.0,36.0,13.0,426.64
2022-07-09,US,Manhattan,pm25,66,2.0,59.0,21.0,2470.42
2022-07-09,US,Miami,pm25,94,14.0,40.0,29.0,413.27
2022-07-09,US,Jacksonville,pm25,141,5.0,54.0,27.0,702.85
2022-07-09,US,San Antonio,pm25,93,4.0,79.0,42.0,2055.17
2022-07-09,US,Philadelphia,pm25,96,6.0,53.0,32.0,1065.04
2022-07-09,US,San Diego,pm25,24,15.0,53.0,38.0,1093.89
2022-07-09,US,Columbus,pm25,48,15.0,47.0,34.0,451.38
2022-07-09,US,Saint Paul,pm25,69,5.0,50.0,17.0,1245.38
2022-07-09,US,Denver,pm25,109,5.0,30.0,13.0,231.76
2022-07-09,US,Salt Lake City,pm25,216,9.0,152.0,25.0,4139.41
2022-07-09,US,Albuquerque,pm25,72,5.0,32.0,16.0,293.79
2022-07-09,US,San Francisco,pm25,65,5.0,46.0,17.0,1030.66
2022-07-09,US,Salem,pm25,72,9.0,23.0,12.0,89.36
2022-07-09,US,Madison,pm25,48,15.0,37.0,23.0,440.0
2022-07-09,US,Nashville,pm25,65,1.0,92.0,30.0,3824.05
2022-07-09,US,Tucson,pm25,151,5.0,61.0,17.0,1367.26
2022-07-09,US,Queens,pm25,91,4.0,48.0,23.0,1847.89
2022-07-09,US,Tallahassee,pm25,72,1.0,47.0,21.0,748.35
2022-07-09,US,Fort Worth,pm25,46,9.0,61.0,32.0,2289.31
2022-07-09,RS,Novi Sad,pm25,24,16.0,56.0,22.0,985.92
2022-07-09,RS,Niš,pm25,48,45.0,82.0,64.0,667.94
2022-07-09,RS,Belgrade,pm25,120,13.0,52.0,27.0,763.19
2022-07-09,CY,Nicosia,pm25,24,19.0,81.0,69.0,1597.39
2022-07-09,CY,Limassol,pm25,24,58.0,86.0,75.0,511.14
2022-07-09,HR,Zagreb,pm25,24,15.0,52.0,19.0,884.33
2022-07-09,HR,Rijeka,pm25,24,8.0,15.0,10.0,58.53
2022-07-09,MK,Skopje,pm25,157,4.0,158.0,58.0,19947.3
2022-07-10,GE,Tbilisi,pm25,96,57.0,89.0,63.0,1073.68
2022-07-10,HU,Győr,pm25,42,9.0,55.0,25.0,3227.22
2022-07-10,HU,Pécs,pm25,36,9.0,17.0,13.0,67.43
2022-07-10,HU,Kecskemét,pm25,19,9.0,17.0,13.0,79.53
2022-07-10,HU,Miskolc,pm25,105,9.0,50.0,21.0,892.47
2022-07-10,HU,Budapest,pm25,248,9.0,34.0,17.0,250.23
2022-07-10,JP,Fukuoka,pm25,404,5.0,85.0,46.0,2867.61
2022-07-10,JP,Kanazawa,pm25,216,5.0,53.0,21.0,910.87
2022-07-10,JP,Kumamoto,pm25,360,5.0,162.0,57.0,6014.17
2022-07-10,JP,Akita,pm25,37,5.0,91.0,17.0,4630.2
2022-07-10,JP,Kochi,pm25,46,5.0,46.0,25.0,1373.6
2022-07-10,JP,Gifu-shi,pm25,156,5.0,65.0,17.0,1838.1
2022-07-10,JP,Kyoto,pm25,528,5.0,57.0,25.0,1416.7
2022-07-10,JP,Hiroshima,pm25,329,5.0,82.0,53.0,2122.54
2022-07-10,JP,Shizuoka,pm25,243,5.0,61.0,17.0,1253.33
2022-07-10,JP,Chiba,pm25,714,5.0,102.0,21.0,2205.03
2022-07-10,JP,Sapporo,pm25,198,5.0,97.0,25.0,1925.51
2022-07-10,JP,Yokohama,pm25,518,1.0,99.0,21.0,1436.61
2022-07-10,JP,Tokyo,pm25,2527,1.0,147.0,25.0,1138.15
2022-07-10,JP,Saitama,pm25,483,5.0,59.0,30.0,1223.3
2022-07-10,JP,Naha,pm25,139,5.0,38.0,17.0,700.57
2022-07-10,JP,Nagasaki,pm25,192,5.0,78.0,55.0,1130.78
2022-07-10,JP,Toyama,pm25,192,9.0,87.0,38.0,1847.68
2022-07-10,JP,Niigata,pm25,212,5.0,53.0,25.0,1247.04
2022-07-10,JP,Nara-shi,pm25,187,5.0,53.0,21.0,906.77
2022-07-10,JP,Okayama,pm25,284,17.0,74.0,38.0,1348.34
2022-07-10,JP,Sendai,pm25,454,5.0,74.0,38.0,3042.86
2022-07-10,JP,Osaka,pm25,1368,5.0,109.0,21.0,1798.64
2022-07-10,JP,Miyazaki,pm25,138,9.0,104.0,55.0,3358.42
2022-07-10,JP,Matsuyama,pm25,166,17.0,107.0,65.0,2866.39
2022-07-10,JP,Wakayama,pm25,282,5.0,134.0,21.0,2109.1
2022-07-10,JP,Takamatsu,pm25,238,5.0,76.0,38.0,2011.93
2022-07-10,JP,Nagoya,pm25,740,5.0,55.0,17.0,752.45
2022-07-10,JP,Ōita,pm25,250,9.0,80.0,57.0,1617.26
2022-07-10,JP,Kobe,pm25,396,5.0,74.0,21.0,1015.04
2022-07-10,JP,Nagano,pm25,71,9.0,78.0,30.0,2281.37
2022-07-10,JP,Utsunomiya,pm25,446,5.0,72.0,38.0,1978.3
2022-07-10,JP,Kagoshima,pm25,96,38.0,99.0,57.0,1095.09
2022-07-10,SK,Košice,pm25,74,9.0,42.0,25.0,829.54
2022-07-10,SK,Bratislava,pm25,84,5.0,38.0,17.0,597.71
2022-07-10,FI,Vantaa,pm25,24,3.0,22.0,11.0,230.42
2022-07-10,FI,Turku,pm25,24,2.0,28.0,13.0,470.42
2022-07-10,FI,Helsinki,pm25,116,2.0,28.0,8.0,225.8
2022-07-10,FI,Tampere,pm25,96,1.0,17.0,7.0,87.77
2022-07-10,ET,Addis Ababa,pm25,24,30.0,155.0,70.0,12708.7
2022-07-10,CH,Zürich,pm25,17,1.0,8.0,2.0,29.04
2022-07-10,CO,Bogotá,pm25,316,4.0,104.0,26.0,4146.12
2022-07-10,CO,Medellín,pm25,238,17.0,87.0,50.0,2102.61
2022-07-10,DK,Copenhagen,pm25,24,7.0,39.0,26.0,627.75
2022-07-10,GB,Edinburgh,pm25,279,3.0,151.0,5.0,1285.88
2022-07-10,GB,Norwich,pm25,24,13.0,25.0,20.0,88.24
2022-07-10,GB,Liverpool,pm25,40,9.0,30.0,13.0,247.64
2022-07-10,GB,Belfast,pm25,45,13.0,33.0,21.0,238.71
2022-07-10,GB,Coventry,pm25,68,13.0,63.0,18.0,415.11
2022-07-10,GB,Leeds,pm25,27,5.0,55.0,25.0,1330.26
2022-07-10,GB,Cardiff,pm25,114,5.0,85.0,38.0,3062.57
2022-07-10,GB,Bristol,pm25,70,13.0,55.0,30.0,1182.91
2022-07-10,GB,London,pm25,510,3.0,95.0,30.0,1768.77
2022-07-10,GB,Birmingham,pm25,38,14.0,26.0,19.0,82.5
2022-07-10,GB,Sheffield,pm25,65,5.0,30.0,13.0,140.93
2022-07-10,GB,Newport,pm25,40,7.0,22.0,12.0,130.15
2022-07-10,GB,Leicester,pm25,13,14.0,57.0,21.0,2740.9
2022-07-10,GB,Manchester,pm25,72,7.0,19.0,13.0,88.45
2022-07-10,GB,Reading,pm25,46,5.0,30.0,9.0,596.83
2022-07-10,GB,Plymouth,pm25,44,8.0,25.0,13.0,188.12
2022-07-10,GB,Glasgow,pm25,514,2.0,26.0,5.0,76.2
2022-07-10,GB,Preston,pm25,33,7.0,19.0,11.0,72.18
2022-07-10,GB,Swansea,pm25,162,5.0,78.0,30.0,2831.64
2022-07-10,GB,Southend-on-Sea,pm25,37,13.0,28.0,18.0,109.44
2022-07-10,ID,Jakarta,pm25,71,42.0,167.0,85.0,9595.05
2022-07-10,NP,Kathmandu,pm25,71,5.0,87.0,50.0,2311.96
2022-07-10,NP,Biratnagar,pm25,24,44.0,85.0,57.0,1302.83
2022-07-10,AU,Sydney,pm25,153,1.0,50.0,16.0,782.57
2022-07-10,AU,Newcastle,pm25,132,3.0,98.0,23.0,3644.77
2022-07-10,AU,Launceston,pm25,165,5.0,173.0,55.0,19448.6
2022-07-10,AU,Hobart,pm25,69,5.0,124.0,25.0,5478.03
2022-07-10,AU,Darwin,pm25,47,1.0,80.0,34.0,3985.98
2022-07-10,AU,Melbourne,pm25,165,1.0,117.0,46.0,3629.99
2022-07-10,AU,Canberra,pm25,69,1.0,80.0,22.0,2522.65
2022-07-10,AU,Adelaide,pm25,93,3.0,68.0,25.0,3323.87
2022-07-10,AU,Brisbane,pm25,216,2.0,99.0,22.0,3789.91
2022-07-10,AU,Perth,pm25,74,2.0,20.0,5.0,119.61
2022-07-10,AU,Wollongong,pm25,40,1.0,48.0,13.0,1275.87
2022-07-10,CI,Abidjan,pm25,24,42.0,63.0,53.0,428.62
2022-07-10,GH,Accra,pm25,24,46.0,99.0,63.0,2105.63
2022-07-10,IQ,Baghdad,pm25,15,68.0,444.0,114.0,149482.0
2022-07-10,IS,Reykjavík,pm25,96,3.0,20.0,10.0,140.91
2022-07-10,KG,Bishkek,pm25,11,5.0,65.0,13.0,3584.91
2022-07-10,NL,Utrecht,pm25,48,7.0,52.0,31.0,728.58
2022-07-10,NL,Nijmegen,pm25,48,11.0,51.0,23.0,915.85
2022-07-10,NL,Haarlem,pm25,141,2.0,76.0,23.0,1531.02
2022-07-10,NL,Eindhoven,pm25,24,19.0,59.0,41.0,1115.2
2022-07-10,NL,Rotterdam,pm25,192,7.0,58.0,15.0,392.2
2022-07-10,NL,Amsterdam,pm25,261,1.0,69.0,18.0,865.39
2022-07-10,NL,Dordrecht,pm25,24,9.0,34.0,21.0,408.1
2022-07-10,NL,Breda,pm25,24,8.0,41.0,21.0,740.0
2022-07-10,NL,Groningen,pm25,48,2.0,54.0,15.0,959.57
2022-07-10,NL,Maastricht,pm25,90,5.0,65.0,21.0,1142.39
2022-07-10,NL,The Hague,pm25,69,3.0,27.0,15.0,335.46
2022-07-10,PT,Lisbon,pm25,96,26.0,75.0,44.0,1465.15
2022-07-10,PT,Funchal,pm25,72,4.0,51.0,31.0,1352.52
2022-07-10,CA,Hamilton,pm25,93,9.0,65.0,34.0,2020.07
2022-07-10,CA,Calgary,pm25,92,3.0,27.0,13.0,295.31
2022-07-10,CA,Winnipeg,pm25,17,2.0,32.0,28.0,1281.4
2022-07-10,CA,Halifax,pm25,46,11.0,19.0,13.0,45.61
2022-07-10,CA,Kitchener,pm25,46,17.0,72.0,46.0,1869.08
2022-07-10,CA,Edmonton,pm25,121,3.0,78.0,13.0,1559.2
2022-07-10,CA,Mississauga,pm25,71,13.0,93.0,34.0,1434.99
2022-07-10,CA,Québec,pm25,177,12.0,53.0,29.0,898.01
2022-07-10,CA,Vancouver,pm25,13,8.0,20.0,11.0,217.31
2022-07-10,CA,Victoria,pm25,35,5.0,25.0,13.0,670.92
2022-07-10,CA,Montréal,pm25,379,12.0,64.0,27.0,1236.52
2022-07-10,CA,Toronto,pm25,132,5.0,166.0,30.0,14696.3
2022-07-10,CA,Ottawa,pm25,71,9.0,57.0,31.0,1763.98
2022-07-10,CA,London,pm25,44,9.0,61.0,30.0,1523.82
2022-07-10,US,Oklahoma City,pm25,95,15.0,33.0,24.0,172.78
2022-07-10,US,Raleigh,pm25,67,5.0,34.0,17.0,590.1
2022-07-10,US,Memphis,pm25,48,20.0,52.0,37.0,514.88
2022-07-10,US,Jackson,pm25,72,11.0,47.0,27.0,602.54
2022-07-10,US,Boston,pm25,115,5.0,85.0,21.0,1880.38
2022-07-10,US,Richmond,pm25,96,20.0,42.0,34.0,408.36
2022-07-10,US,Portland,pm25,168,9.0,54.0,15.0,203.63
2022-07-10,US,Boise,pm25,40,3.0,42.0,15.0,924.62
2022-07-10,US,Austin,pm25,47,9.0,78.0,34.0,3147.66
2022-07-10,US,Honolulu,pm25,42,5.0,42.0,17.0,721.07
2022-07-10,US,Fresno,pm25,48,5.0,53.0,25.0,1155.11
2022-07-10,US,Milwaukee,pm25,143,18.0,58.0,25.0,1166.89
2022-07-10,US,Hartford,pm25,48,13.0,41.0,20.0,321.26
2022-07-10,US,Washington D.C.,pm25,120,9.0,46.0,31.0,581.73
2022-07-10,US,Chicago,pm25,239,1.0,58.0,22.0,793.86
2022-07-10,US,Houston,pm25,93,1.0,60.0,25.0,1077.83
2022-07-10,US,Indianapolis,pm25,96,16.0,60.0,24.0,1227.42
2022-07-10,US,Atlanta,pm25,24,24.0,47.0,35.0,508.68
2022-07-10,US,Charlotte,pm25,55,5.0,38.0,17.0,581.76
2022-07-10,US,Sacramento,pm25,68,5.0,75.0,23.0,2569.05
2022-07-10,US,Oakland,pm25,116,5.0,63.0,25.0,1356.26
2022-07-10,US,Providence,pm25,39,5.0,50.0,21.0,1558.8
2022-07-10,US,Staten Island,pm25,119,2.0,78.0,30.0,2308.37
2022-07-10,US,Brooklyn,pm25,101,1.0,51.0,20.0,1988.74
2022-07-10,US,Springfield,pm25,72,3.0,58.0,28.0,687.31
2022-07-10,US,The Bronx,pm25,39,1.0,38.0,13.0,948.66
2022-07-10,US,San Jose,pm25,92,9.0,61.0,25.0,805.38
2022-07-10,US,Los Angeles,pm25,24,45.0,68.0,56.0,398.48
2022-07-10,US,Detroit,pm25,168,18.0,79.0,31.0,882.54
2022-07-10,US,Little Rock,pm25,24,3.0,73.0,33.0,2955.49
2022-07-10,US,Baltimore,pm25,47,9.0,56.0,34.0,1396.94
2022-07-10,US,Phoenix,pm25,190,1.0,48.0,13.0,620.69
2022-07-10,US,Omaha,pm25,40,5.0,38.0,21.0,629.64
2022-07-10,US,El Paso,pm25,145,5.0,58.0,25.0,1459.2
2022-07-10,US,Dallas,pm25,24,13.0,72.0,21.0,1229.84
2022-07-10,US,Seattle,pm25,250,5.0,50.0,18.0,702.51
2022-07-10,US,Manhattan,pm25,59,2.0,58.0,17.0,1342.28
2022-07-10,US,Miami,pm25,94,15.0,40.0,27.0,405.69
2022-07-10,US,Jacksonville,pm25,144,11.0,56.0,23.0,427.25
2022-07-10,US,San Antonio,pm25,94,2.0,69.0,41.0,1955.56
2022-07-10,US,Philadelphia,pm25,94,4.0,60.0,35.0,1655.7
2022-07-10,US,San Diego,pm25,24,33.0,60.0,48.0,629.98
2022-07-10,US,Columbus,pm25,48,1.0,40.0,26.0,725.09
2022-07-10,US,Saint Paul,pm25,84,5.0,102.0,17.0,4069.66
2022-07-10,US,Denver,pm25,105,5.0,25.0,17.0,220.51
2022-07-10,US,Salt Lake City,pm25,213,9.0,269.0,41.0,13172.7
2022-07-10,US,Albuquerque,pm25,70,10.0,29.0,17.0,152.36
2022-07-10,US,San Francisco,pm25,69,5.0,97.0,30.0,2182.69
2022-07-10,US,Salem,pm25,72,10.0,24.0,14.0,54.83
2022-07-10,US,Madison,pm25,48,18.0,43.0,24.0,396.1
2022-07-10,US,Nashville,pm25,70,4.0,85.0,32.0,3058.35
2022-07-10,US,Tucson,pm25,121,5.0,34.0,13.0,540.36
2022-07-10,US,Queens,pm25,87,1.0,51.0,20.0,1663.02
2022-07-10,US,Tallahassee,pm25,70,2.0,57.0,23.0,1043.45
2022-07-10,US,Fort Worth,pm25,46,5.0,57.0,30.0,1812.54
2022-07-10,RS,Novi Sad,pm25,24,11.0,29.0,19.0,345.05
2022-07-10,RS,Niš,pm25,48,16.0,72.0,40.0,3164.22
2022-07-10,RS,Belgrade,pm25,120,8.0,45.0,21.0,568.31
2022-07-10,CY,Nicosia,pm25,24,25.0,84.0,54.0,1989.78
2022-07-10,CY,Limassol,pm25,24,40.0,73.0,56.0,594.49
2022-07-10,HR,Zagreb,pm25,24,14.0,53.0,28.0,1233.84
2022-07-10,HR,Rijeka,pm25,24,13.0,22.0,15.0,35.92
2022-07-10,MK,Skopje,pm25,168,5.0,157.0,29.0,13776.6
2022-07-11,GE,Tbilisi,pm25,96,55.0,86.0,62.0,593.2
2022-07-11,HU,Győr,pm25,44,13.0,59.0,25.0,1403.89
2022-07-11,HU,Pécs,pm25,60,13.0,30.0,17.0,211.81
2022-07-11,HU,Kecskemét,pm25,18,9.0,21.0,13.0,198.69
2022-07-11,HU,Miskolc,pm25,106,9.0,55.0,17.0,1407.13
2022-07-11,HU,Budapest,pm25,252,5.0,53.0,21.0,713.4
2022-07-11,JP,Fukuoka,pm25,402,9.0,104.0,57.0,4628.38
2022-07-11,JP,Kanazawa,pm25,231,5.0,50.0,21.0,1156.35
2022-07-11,JP,Kumamoto,pm25,359,5.0,166.0,68.0,6479.85
2022-07-11,JP,Akita,pm25,44,9.0,144.0,38.0,7125.3
2022-07-11,JP,Kochi,pm25,46,5.0,55.0,25.0,1949.94
2022-07-11,JP,Gifu-shi,pm25,169,5.0,76.0,30.0,2596.43
2022-07-11,JP,Kyoto,pm25,572,5.0,158.0,42.0,2201.91
2022-07-11,JP,Hiroshima,pm25,302,5.0,89.0,34.0,2436.08
2022-07-11,JP,Shizuoka,pm25,248,5.0,80.0,25.0,1861.05
2022-07-11,JP,Chiba,pm25,677,5.0,134.0,25.0,4409.51
2022-07-11,JP,Sapporo,pm25,205,5.0,97.0,30.0,2414.46
2022-07-11,JP,Yokohama,pm25,485,1.0,137.0,21.0,4179.27
2022-07-11,JP,Tokyo,pm25,2494,1.0,134.0,34.0,2753.58
2022-07-11,JP,Saitama,pm25,479,5.0,87.0,34.0,2366.71
2022-07-11,JP,Naha,pm25,129,5.0,42.0,13.0,911.53
2022-07-11,JP,Nagasaki,pm25,192,13.0,95.0,55.0,2615.51
2022-07-11,JP,Toyama,pm25,186,5.0,72.0,30.0,1835.23
2022-07-11,JP,Niigata,pm25,210,5.0,57.0,25.0,1067.16
2022-07-11,JP,Nara-shi,pm25,186,9.0,61.0,38.0,1152.11
2022-07-11,JP,Okayama,pm25,280,9.0,95.0,46.0,3910.12
2022-07-11,JP,Sendai,pm25,443,5.0,59.0,21.0,1546.96
2022-07-11,JP,Osaka,pm25,1406,5.0,89.0,30.0,1602.13
2022-07-11,JP,Miyazaki,pm25,137,5.0,107.0,46.0,3874.39
2022-07-11,JP,Matsuyama,pm25,165,5.0,93.0,50.0,2998.58
2022-07-11,JP,Wakayama,pm25,280,5.0,65.0,25.0,1096.48
2022-07-11,JP,Takamatsu,pm25,238,5.0,87.0,42.0,2747.33
2022-07-11,JP,Nagoya,pm25,749,5.0,154.0,25.0,2719.34
2022-07-11,JP,Ōita,pm25,261,5.0,85.0,53.0,2319.91
2022-07-11,JP,Kobe,pm25,414,5.0,72.0,25.0,951.0
2022-07-11,JP,Nagano,pm25,72,9.0,102.0,34.0,3011.64
2022-07-11,JP,Utsunomiya,pm25,454,5.0,72.0,30.0,1702.38
2022-07-11,JP,Kagoshima,pm25,90,50.0,107.0,68.0,1802.75
2022-07-11,SK,Košice,pm25,66,9.0,68.0,17.0,1535.45
2022-07-11,SK,Bratislava,pm25,79,5.0,72.0,17.0,1840.48
2022-07-11,FI,Vantaa,pm25,24,14.0,47.0,21.0,734.49
2022-07-11,FI,Turku,pm25,24,7.0,21.0,15.0,191.72
2022-07-11,FI,Helsinki,pm25,120,10.0,56.0,16.0,667.09
2022-07-11,FI,Tampere,pm25,96,3.0,25.0,11.0,172.87
2022-07-11,ET,Addis Ababa,pm25,24,5.0,112.0,70.0,8798.1
2022-07-11,CH,Zürich,pm25,8,1.0,1.0,1.0,0.0
2022-07-11,CO,Bogotá,pm25,324,5.0,151.0,38.0,5130.79
2022-07-11,CO,Medellín,pm25,296,13.0,85.0,46.0,1949.01
2022-07-11,DK,Copenhagen,pm25,24,13.0,38.0,24.0,344.93
2022-07-11,GB,Edinburgh,pm25,279,5.0,181.0,14.0,1636.0
2022-07-11,GB,Norwich,pm25,13,19.0,38.0,30.0,360.26
2022-07-11,GB,Liverpool,pm25,44,13.0,59.0,25.0,1285.81
2022-07-11,GB,Belfast,pm25,51,13.0,68.0,25.0,858.01
2022-07-11,GB,Coventry,pm25,53,16.0,39.0,22.0,164.51
2022-07-11,GB,Leeds,pm25,44,13.0,55.0,25.0,1308.35
2022-07-11,GB,Cardiff,pm25,122,5.0,65.0,42.0,3174.45
2022-07-11,GB,Bristol,pm25,63,13.0,61.0,46.0,1165.9
2022-07-11,GB,London,pm25,494,7.0,124.0,34.0,2351.18
2022-07-11,GB,Birmingham,pm25,44,15.0,40.0,19.0,215.03
2022-07-11,GB,Sheffield,pm25,86,9.0,46.0,16.0,572.09
2022-07-11,GB,Newport,pm25,42,8.0,26.0,18.0,261.09
2022-07-11,GB,Leicester,pm25,22,17.0,50.0,21.0,719.57
2022-07-11,GB,Manchester,pm25,78,13.0,53.0,21.0,561.23
2022-07-11,GB,Reading,pm25,44,5.0,30.0,13.0,507.57
2022-07-11,GB,Plymouth,pm25,43,9.0,38.0,21.0,240.62
2022-07-11,GB,Glasgow,pm25,521,5.0,78.0,16.0,471.01
2022-07-11,GB,Preston,pm25,46,9.0,42.0,18.0,376.42
2022-07-11,GB,Swansea,pm25,157,5.0,102.0,34.0,3399.41
2022-07-11,GB,Southend-on-Sea,pm25,36,16.0,32.0,19.0,131.07
2022-07-11,ID,Jakarta,pm25,71,63.0,168.0,124.0,8180.64
2022-07-11,NP,Kathmandu,pm25,71,30.0,97.0,65.0,1904.38
2022-07-11,NP,Biratnagar,pm25,24,43.0,155.0,62.0,4591.88
2022-07-11,AU,Sydney,pm25,154,1.0,72.0,15.0,1683.24
2022-07-11,AU,Newcastle,pm25,129,2.0,61.0,15.0,1414.57
2022-07-11,AU,Launceston,pm25,150,5.0,155.0,17.0,10713.8
2022-07-11,AU,Hobart,pm25,64,5.0,78.0,17.0,2487.21
2022-07-11,AU,Darwin,pm25,48,1.0,72.0,34.0,3007.02
2022-07-11,AU,Melbourne,pm25,163,1.0,71.0,21.0,2149.39
2022-07-11,AU,Canberra,pm25,64,4.0,97.0,40.0,5209.21
2022-07-11,AU,Adelaide,pm25,86,3.0,44.0,17.0,855.87
2022-07-11,AU,Brisbane,pm25,216,3.0,56.0,19.0,1353.74
2022-07-11,AU,Perth,pm25,85,2.0,24.0,8.0,269.38
2022-07-11,AU,Wollongong,pm25,39,1.0,81.0,11.0,1983.94
2022-07-11,CI,Abidjan,pm25,24,9.0,87.0,50.0,3084.06
2022-07-11,GH,Accra,pm25,24,30.0,78.0,55.0,2151.29
2022-07-11,IQ,Baghdad,pm25,24,137.0,580.0,221.0,163735.0
2022-07-11,IS,Reykjavík,pm25,96,2.0,14.0,10.0,88.67
2022-07-11,KG,Bishkek,pm25,19,5.0,42.0,13.0,817.6
2022-07-11,NL,Utrecht,pm25,48,3.0,52.0,23.0,1164.89
2022-07-11,NL,Nijmegen,pm25,41,1.0,61.0,15.0,1248.3
2022-07-11,NL,Haarlem,pm25,131,1.0,90.0,16.0,2286.14
2022-07-11,NL,Eindhoven,pm25,24,31.0,63.0,46.0,793.03
2022-07-11,NL,Rotterdam,pm25,192,6.0,33.0,18.0,409.59
2022-07-11,NL,Amsterdam,pm25,230,1.0,49.0,13.0,645.97
2022-07-11,NL,Dordrecht,pm25,24,5.0,34.0,17.0,650.85
2022-07-11,NL,Breda,pm25,24,5.0,56.0,26.0,2197.37
2022-07-11,NL,Groningen,pm25,40,2.0,29.0,11.0,428.66
2022-07-11,NL,Maastricht,pm25,92,5.0,63.0,25.0,1893.49
2022-07-11,NL,The Hague,pm25,66,3.0,28.0,10.0,320.77
2022-07-11,PT,Lisbon,pm25,94,24.0,52.0,37.0,377.26
2022-07-11,PT,Funchal,pm25,69,4.0,58.0,37.0,2397.74
2022-07-11,CA,Hamilton,pm25,95,9.0,63.0,30.0,1868.67
2022-07-11,CA,Calgary,pm25,91,5.0,45.0,18.0,825.07
2022-07-11,CA,Winnipeg,pm25,24,20.0,30.0,23.0,121.74
2022-07-11,CA,Halifax,pm25,45,14.0,20.0,17.0,30.59
2022-07-11,CA,Kitchener,pm25,47,13.0,74.0,46.0,2785.98
2022-07-11,CA,Edmonton,pm25,135,5.0,87.0,17.0,2144.2
2022-07-11,CA,Mississauga,pm25,71,13.0,154.0,34.0,3431.59
2022-07-11,CA,Québec,pm25,141,25.0,54.0,35.0,616.13
2022-07-11,CA,Vancouver,pm25,23,12.0,45.0,22.0,464.23
2022-07-11,CA,Victoria,pm25,42,5.0,34.0,17.0,548.43
2022-07-11,CA,Montréal,pm25,369,12.0,90.0,41.0,1320.07
2022-07-11,CA,Toronto,pm25,125,5.0,182.0,38.0,12338.0
2022-07-11,CA,Ottawa,pm25,68,21.0,55.0,38.0,748.47
2022-07-11,CA,London,pm25,46,9.0,80.0,34.0,2928.7
2022-07-11,US,Oklahoma City,pm25,96,20.0,60.0,40.0,989.68
2022-07-11,US,Raleigh,pm25,72,9.0,50.0,30.0,777.87
2022-07-11,US,Memphis,pm25,59,17.0,72.0,36.0,1025.52
2022-07-11,US,Jackson,pm25,72,15.0,59.0,31.0,1041.28
2022-07-11,US,Boston,pm25,125,17.0,63.0,30.0,715.02
2022-07-11,US,Richmond,pm25,96,22.0,45.0,27.0,409.87
2022-07-11,US,Portland,pm25,165,10.0,34.0,21.0,183.12
2022-07-11,US,Boise,pm25,44,5.0,30.0,17.0,417.94
2022-07-11,US,Austin,pm25,46,13.0,59.0,38.0,1761.61
2022-07-11,US,Honolulu,pm25,30,5.0,53.0,13.0,1603.95
2022-07-11,US,Fresno,pm25,48,21.0,68.0,42.0,1041.68
2022-07-11,US,Milwaukee,pm25,144,15.0,44.0,28.0,413.61
2022-07-11,US,Hartford,pm25,48,23.0,45.0,30.0,448.72
2022-07-11,US,Washington D.C.,pm25,120,13.0,46.0,31.0,507.72
2022-07-11,US,Chicago,pm25,234,3.0,53.0,28.0,838.88
2022-07-11,US,Houston,pm25,92,3.0,135.0,32.0,4040.84
2022-07-11,US,Indianapolis,pm25,98,13.0,93.0,48.0,2099.98
2022-07-11,US,Atlanta,pm25,24,14.0,40.0,23.0,467.54
2022-07-11,US,Charlotte,pm25,71,9.0,53.0,21.0,913.27
2022-07-11,US,Sacramento,pm25,69,9.0,53.0,25.0,704.83
2022-07-11,US,Oakland,pm25,115,5.0,119.0,34.0,2630.57
2022-07-11,US,Providence,pm25,43,5.0,50.0,17.0,1519.3
2022-07-11,US,Staten Island,pm25,114,3.0,65.0,30.0,2411.19
2022-07-11,US,Brooklyn,pm25,118,4.0,55.0,18.0,1392.6
2022-07-11,US,Springfield,pm25,72,16.0,58.0,32.0,1034.36
2022-07-11,US,The Bronx,pm25,48,7.0,33.0,13.0,503.39
2022-07-11,US,San Jose,pm25,94,5.0,59.0,30.0,2066.06
2022-07-11,US,Los Angeles,pm25,24,39.0,85.0,55.0,1659.06
2022-07-11,US,Detroit,pm25,168,25.0,91.0,45.0,1909.09
2022-07-11,US,Little Rock,pm25,22,1.0,59.0,31.0,4119.76
2022-07-11,US,Baltimore,pm25,46,13.0,57.0,38.0,820.33
2022-07-11,US,Phoenix,pm25,184,2.0,51.0,23.0,949.89
2022-07-11,US,Omaha,pm25,37,5.0,42.0,17.0,817.9
2022-07-11,US,El Paso,pm25,140,5.0,61.0,30.0,1913.08
2022-07-11,US,Dallas,pm25,23,21.0,63.0,34.0,1228.06
2022-07-11,US,Seattle,pm25,244,5.0,57.0,21.0,901.54
2022-07-11,US,Manhattan,pm25,72,7.0,46.0,21.0,738.21
2022-07-11,US,Miami,pm25,94,7.0,43.0,27.0,595.24
2022-07-11,US,Jacksonville,pm25,141,10.0,52.0,20.0,619.03
2022-07-11,US,San Antonio,pm25,91,5.0,63.0,37.0,1937.79
2022-07-11,US,Philadelphia,pm25,63,2.0,112.0,25.0,3150.97
2022-07-11,US,San Diego,pm25,24,33.0,60.0,51.0,788.24
2022-07-11,US,Columbus,pm25,48,14.0,53.0,38.0,736.59
2022-07-11,US,Saint Paul,pm25,99,5.0,46.0,19.0,798.6
2022-07-11,US,Denver,pm25,151,9.0,55.0,30.0,1178.61
2022-07-11,US,Salt Lake City,pm25,193,10.0,115.0,40.0,2392.9
2022-07-11,US,Albuquerque,pm25,72,10.0,33.0,20.0,239.15
2022-07-11,US,San Francisco,pm25,68,5.0,63.0,34.0,2221.87
2022-07-11,US,Salem,pm25,72,12.0,27.0,19.0,108.17
2022-07-11,US,Madison,pm25,48,16.0,45.0,25.0,532.34
2022-07-11,US,Nashville,pm25,60,1.0,78.0,34.0,2319.08
2022-07-11,US,Tucson,pm25,131,5.0,85.0,17.0,1691.9
2022-07-11,US,Queens,pm25,90,1.0,35.0,18.0,918.7
2022-07-11,US,Tallahassee,pm25,70,4.0,47.0,26.0,891.6
2022-07-11,US,Fort Worth,pm25,46,5.0,68.0,42.0,2400.73
2022-07-11,RS,Novi Sad,pm25,35,10.0,34.0,17.0,428.69
2022-07-11,RS,Niš,pm25,48,10.0,54.0,17.0,1307.64
2022-07-11,RS,Belgrade,pm25,120,6.0,64.0,16.0,661.0
2022-07-11,CY,Nicosia,pm25,24,23.0,68.0,55.0,1701.45
2022-07-11,CY,Limassol,pm25,24,28.0,63.0,55.0,1393.46
2022-07-11,HR,Zagreb,pm25,24,13.0,42.0,19.0,725.92
2022-07-11,HR,Rijeka,pm25,24,10.0,18.0,12.0,50.65
2022-07-11,MK,Skopje,pm25,165,1.0,90.0,23.0,2281.07
2022-07-12,GE,Tbilisi,pm25,96,29.0,65.0,48.0,690.58
2022-07-12,HU,Győr,pm25,46,17.0,59.0,25.0,2146.59
2022-07-12,HU,Pécs,pm25,60,13.0,34.0,17.0,280.14
2022-07-12,HU,Kecskemét,pm25,14,9.0,25.0,13.0,334.95
2022-07-12,HU,Miskolc,pm25,47,9.0,53.0,25.0,1831.49
2022-07-12,HU,Budapest,pm25,239,5.0,68.0,17.0,704.31
2022-07-12,JP,Fukuoka,pm25,395,5.0,102.0,30.0,2210.19
2022-07-12,JP,Kanazawa,pm25,231,5.0,53.0,25.0,1364.0
2022-07-12,JP,Kumamoto,pm25,339,5.0,160.0,59.0,7364.4
2022-07-12,JP,Akita,pm25,36,5.0,50.0,17.0,1534.0
2022-07-12,JP,Kochi,pm25,48,9.0,68.0,38.0,1558.23
2022-07-12,JP,Gifu-shi,pm25,175,5.0,74.0,25.0,2237.28
2022-07-12,JP,Kyoto,pm25,564,5.0,129.0,34.0,2407.24
2022-07-12,JP,Hiroshima,pm25,305,5.0,85.0,30.0,2692.26
2022-07-12,JP,Shizuoka,pm25,242,5.0,68.0,17.0,1161.77
2022-07-12,JP,Chiba,pm25,665,5.0,122.0,21.0,4419.11
2022-07-12,JP,Sapporo,pm25,169,5.0,70.0,13.0,1086.98
2022-07-12,JP,Yokohama,pm25,470,1.0,109.0,17.0,3602.88
2022-07-12,JP,Tokyo,pm25,2426,1.0,102.0,34.0,2959.97
2022-07-12,JP,Saitama,pm25,474,5.0,70.0,25.0,2385.76
2022-07-12,JP,Naha,pm25,122,5.0,34.0,9.0,772.98
2022-07-12,JP,Nagasaki,pm25,187,5.0,70.0,38.0,2043.01
2022-07-12,JP,Toyama,pm25,189,9.0,70.0,34.0,2056.37
2022-07-12,JP,Niigata,pm25,213,9.0,55.0,25.0,1047.32
2022-07-12,JP,Nara-shi,pm25,192,5.0,68.0,38.0,1785.49
2022-07-12,JP,Okayama,pm25,281,5.0,82.0,46.0,2502.81
2022-07-12,JP,Sendai,pm25,377,5.0,34.0,9.0,329.82
2022-07-12,JP,Osaka,pm25,1411,5.0,142.0,30.0,2019.32
2022-07-12,JP,Miyazaki,pm25,133,5.0,114.0,59.0,5385.13
2022-07-12,JP,Matsuyama,pm25,161,9.0,85.0,34.0,2774.22
2022-07-12,JP,Wakayama,pm25,259,5.0,91.0,25.0,1357.28
2022-07-12,JP,Takamatsu,pm25,237,5.0,72.0,38.0,2356.92
2022-07-12,JP,Nagoya,pm25,708,1.0,70.0,17.0,723.58
2022-07-12,JP,Ōita,pm25,258,5.0,80.0,42.0,2672.05
2022-07-12,JP,Kobe,pm25,416,5.0,97.0,30.0,1923.19
2022-07-12,JP,Nagano,pm25,65,5.0,61.0,21.0,2475.98
2022-07-12,JP,Utsunomiya,pm25,423,5.0,55.0,21.0,1074.72
2022-07-12,JP,Kagoshima,pm25,94,25.0,102.0,65.0,5022.39
2022-07-12,SK,Košice,pm25,82,5.0,46.0,21.0,875.88
2022-07-12,SK,Bratislava,pm25,92,5.0,82.0,21.0,2267.68
2022-07-12,FI,Vantaa,pm25,24,16.0,35.0,24.0,180.42
2022-07-12,FI,Turku,pm25,24,8.0,19.0,15.0,93.84
2022-07-12,FI,Helsinki,pm25,120,15.0,53.0,30.0,806.72
2022-07-12,FI,Tampere,pm25,96,10.0,40.0,18.0,281.07
2022-07-12,ET,Addis Ababa,pm25,24,25.0,134.0,91.0,9093.84
2022-07-12,CH,Zürich,pm25,19,1.0,2.0,1.0,1.75
2022-07-12,CO,Bogotá,pm25,295,5.0,160.0,34.0,7536.86
2022-07-12,CO,Medellín,pm25,263,17.0,102.0,61.0,2905.91
2022-07-12,DK,Copenhagen,pm25,23,20.0,51.0,33.0,831.19
2022-07-12,GB,Edinburgh,pm25,264,5.0,63.0,21.0,1000.32
2022-07-12,GB,Norwich,pm25,19,17.0,61.0,23.0,1005.91
2022-07-12,GB,Liverpool,pm25,35,17.0,50.0,34.0,1141.06
2022-07-12,GB,Belfast,pm25,79,22.0,86.0,46.0,1258.69
2022-07-12,GB,Coventry,pm25,53,15.0,27.0,19.0,81.73
2022-07-12,GB,Leeds,pm25,37,17.0,55.0,31.0,1336.97
2022-07-12,GB,Cardiff,pm25,64,5.0,50.0,17.0,2615.81
2022-07-12,GB,Bristol,pm25,71,17.0,59.0,42.0,1627.69
2022-07-12,GB,London,pm25,471,5.0,93.0,38.0,1971.21
2022-07-12,GB,Birmingham,pm25,45,10.0,33.0,22.0,181.77
2022-07-12,GB,Sheffield,pm25,80,17.0,46.0,21.0,300.89
2022-07-12,GB,Newport,pm25,46,9.0,55.0,21.0,995.66
2022-07-12,GB,Leicester,pm25,22,21.0,32.0,22.0,89.89
2022-07-12,GB,Manchester,pm25,73,19.0,51.0,24.0,317.71
2022-07-12,GB,Reading,pm25,25,5.0,38.0,17.0,1163.23
2022-07-12,GB,Plymouth,pm25,46,14.0,34.0,22.0,156.13
2022-07-12,GB,Glasgow,pm25,540,3.0,57.0,24.0,854.44
2022-07-12,GB,Preston,pm25,39,18.0,50.0,25.0,456.07
2022-07-12,GB,Swansea,pm25,167,5.0,265.0,34.0,11724.9
2022-07-12,GB,Southend-on-Sea,pm25,40,17.0,54.0,26.0,767.08
2022-07-12,ID,Jakarta,pm25,68,65.0,174.0,127.0,10739.9
2022-07-12,NP,Kathmandu,pm25,72,17.0,76.0,55.0,2062.72
2022-07-12,NP,Biratnagar,pm25,23,35.0,80.0,51.0,1246.56
2022-07-12,AU,Sydney,pm25,166,2.0,84.0,32.0,3329.84
2022-07-12,AU,Newcastle,pm25,133,1.0,68.0,24.0,2060.02
2022-07-12,AU,Launceston,pm25,160,5.0,159.0,17.0,5369.56
2022-07-12,AU,Hobart,pm25,70,5.0,61.0,13.0,2741.14
2022-07-12,AU,Darwin,pm25,48,1.0,81.0,36.0,3368.07
2022-07-12,AU,Melbourne,pm25,164,3.0,67.0,24.0,1444.17
2022-07-12,AU,Canberra,pm25,71,1.0,140.0,31.0,10389.8
2022-07-12,AU,Adelaide,pm25,93,5.0,90.0,25.0,1923.59
2022-07-12,AU,Brisbane,pm25,200,1.0,56.0,22.0,1594.79
2022-07-12,AU,Perth,pm25,85,2.0,44.0,8.0,828.0
2022-07-12,AU,Wollongong,pm25,42,1.0,62.0,19.0,2094.38
2022-07-12,CI,Abidjan,pm25,24,25.0,68.0,42.0,1263.46
2022-07-12,GH,Accra,pm25,24,30.0,65.0,50.0,1108.62
2022-07-12,IQ,Baghdad,pm25,24,61.0,139.0,109.0,2532.59
2022-07-12,IS,Reykjavík,pm25,96,4.0,23.0,8.0,101.13
2022-07-12,KG,Bishkek,pm25,14,5.0,25.0,13.0,356.04
2022-07-12,NL,Utrecht,pm25,42,14.0,61.0,35.0,1619.51
2022-07-12,NL,Nijmegen,pm25,47,2.0,53.0,23.0,1415.93
2022-07-12,NL,Haarlem,pm25,138,3.0,116.0,43.0,3722.71
2022-07-12,NL,Eindhoven,pm25,23,23.0,76.0,52.0,1940.4
2022-07-12,NL,Rotterdam,pm25,191,8.0,92.0,26.0,1702.05
2022-07-12,NL,Amsterdam,pm25,245,1.0,70.0,35.0,2334.3
2022-07-12,NL,Dordrecht,pm25,24,17.0,67.0,34.0,1335.63
2022-07-12,NL,Breda,pm25,24,17.0,64.0,36.0,2010.14
2022-07-12,NL,Groningen,pm25,48,2.0,69.0,19.0,2085.74
2022-07-12,NL,Maastricht,pm25,94,5.0,61.0,21.0,1800.51
2022-07-12,NL,The Hague,pm25,67,1.0,62.0,34.0,1985.57
2022-07-12,PT,Lisbon,pm25,93,30.0,77.0,51.0,1010.29
2022-07-12,PT,Funchal,pm25,61,3.0,45.0,19.0,1577.76
2022-07-12,CA,Hamilton,pm25,95,9.0,93.0,34.0,4002.32
2022-07-12,CA,Calgary,pm25,81,3.0,55.0,25.0,1257.18
2022-07-12,CA,Winnipeg,pm25,24,20.0,31.0,24.0,92.01
2022-07-12,CA,Halifax,pm25,46,13.0,22.0,16.0,38.42
2022-07-12,CA,Kitchener,pm25,43,9.0,78.0,25.0,4437.24
2022-07-12,CA,Edmonton,pm25,138,5.0,143.0,28.0,9092.15
2022-07-12,CA,Mississauga,pm25,70,9.0,78.0,30.0,3749.24
2022-07-12,CA,Québec,pm25,177,14.0,54.0,38.0,1613.13
2022-07-12,CA,Vancouver,pm25,23,8.0,28.0,13.0,521.11
2022-07-12,CA,Victoria,pm25,39,5.0,38.0,13.0,705.18
2022-07-12,CA,Montréal,pm25,397,6.0,64.0,30.0,1564.09
2022-07-12,CA,Toronto,pm25,118,5.0,50.0,25.0,1188.03
2022-07-12,CA,Ottawa,pm25,70,9.0,50.0,29.0,1048.5
2022-07-12,CA,London,pm25,46,5.0,63.0,21.0,2226.54
2022-07-12,US,Oklahoma City,pm25,96,24.0,56.0,35.0,673.39
2022-07-12,US,Raleigh,pm25,67,5.0,140.0,38.0,4657.65
2022-07-12,US,Memphis,pm25,72,34.0,61.0,50.0,256.31
2022-07-12,US,Jackson,pm25,71,21.0,62.0,38.0,859.07
2022-07-12,US,Boston,pm25,128,13.0,61.0,30.0,860.59
2022-07-12,US,Richmond,pm25,96,18.0,38.0,32.0,267.36
2022-07-12,US,Portland,pm25,168,9.0,53.0,16.0,459.32
2022-07-12,US,Boise,pm25,46,5.0,54.0,24.0,1230.65
2022-07-12,US,Austin,pm25,47,5.0,65.0,38.0,2831.54
2022-07-12,US,Honolulu,pm25,31,5.0,38.0,13.0,738.45
2022-07-12,US,Fresno,pm25,48,13.0,85.0,42.0,2183.68
2022-07-12,US,Milwaukee,pm25,142,15.0,38.0,23.0,207.37
2022-07-12,US,Hartford,pm25,48,23.0,50.0,28.0,640.53
2022-07-12,US,Washington D.C.,pm25,115,5.0,61.0,25.0,808.8
2022-07-12,US,Chicago,pm25,237,2.0,60.0,23.0,865.65
2022-07-12,US,Houston,pm25,96,10.0,78.0,40.0,2896.28
2022-07-12,US,Indianapolis,pm25,96,18.0,54.0,29.0,956.67
2022-07-12,US,Atlanta,pm25,24,33.0,50.0,39.0,260.85
2022-07-12,US,Charlotte,pm25,71,5.0,42.0,25.0,510.25
2022-07-12,US,Sacramento,pm25,56,2.0,53.0,16.0,800.26
2022-07-12,US,Oakland,pm25,97,5.0,38.0,13.0,497.97
2022-07-12,US,Providence,pm25,43,5.0,50.0,21.0,1531.95
2022-07-12,US,Staten Island,pm25,117,5.0,109.0,39.0,4093.87
2022-07-12,US,Brooklyn,pm25,116,3.0,66.0,34.0,2134.68
2022-07-12,US,Springfield,pm25,69,6.0,45.0,22.0,461.91
2022-07-12,US,The Bronx,pm25,48,8.0,49.0,35.0,2218.72
2022-07-12,US,San Jose,pm25,78,5.0,63.0,21.0,1297.82
2022-07-12,US,Los Angeles,pm25,24,35.0,84.0,56.0,2004.57
2022-07-12,US,Detroit,pm25,167,12.0,75.0,33.0,1027.6
2022-07-12,US,Little Rock,pm25,22,25.0,57.0,46.0,818.7
2022-07-12,US,Baltimore,pm25,38,13.0,42.0,30.0,474.89
2022-07-12,US,Phoenix,pm25,185,5.0,53.0,25.0,867.23
2022-07-12,US,Omaha,pm25,47,13.0,57.0,25.0,1429.49
2022-07-12,US,El Paso,pm25,144,5.0,64.0,25.0,1440.34
2022-07-12,US,Dallas,pm25,23,21.0,57.0,34.0,837.47
2022-07-12,US,Seattle,pm25,253,5.0,76.0,21.0,956.44
2022-07-12,US,Manhattan,pm25,72,6.0,61.0,33.0,2212.94
2022-07-12,US,Miami,pm25,93,13.0,47.0,30.0,658.26
2022-07-12,US,Jacksonville,pm25,140,11.0,56.0,22.0,696.38
2022-07-12,US,San Antonio,pm25,94,5.0,71.0,45.0,2083.52
2022-07-12,US,Philadelphia,pm25,85,2.0,122.0,28.0,3258.13
2022-07-12,US,San Diego,pm25,24,28.0,55.0,45.0,837.1
2022-07-12,US,Columbus,pm25,48,8.0,49.0,28.0,1201.49
2022-07-12,US,Saint Paul,pm25,111,5.0,50.0,21.0,1011.34
2022-07-12,US,Denver,pm25,156,13.0,57.0,34.0,1022.22
2022-07-12,US,Salt Lake City,pm25,216,10.0,78.0,40.0,1807.28
2022-07-12,US,Albuquerque,pm25,66,14.0,39.0,20.0,382.42
2022-07-12,US,San Francisco,pm25,58,5.0,102.0,13.0,4668.32
2022-07-12,US,Salem,pm25,72,11.0,26.0,16.0,181.85
2022-07-12,US,Madison,pm25,48,15.0,52.0,21.0,416.1
2022-07-12,US,Nashville,pm25,48,17.0,61.0,38.0,822.06
2022-07-12,US,Tucson,pm25,145,5.0,46.0,17.0,599.45
2022-07-12,US,Queens,pm25,95,5.0,61.0,30.0,2329.13
2022-07-12,US,Tallahassee,pm25,66,3.0,53.0,22.0,900.63
2022-07-12,US,Fort Worth,pm25,40,9.0,68.0,40.0,2297.85
2022-07-12,RS,Novi Sad,pm25,48,10.0,34.0,19.0,342.02
2022-07-12,RS,Niš,pm25,47,12.0,56.0,26.0,1011.73
2022-07-12,RS,Belgrade,pm25,120,9.0,67.0,24.0,2151.59
2022-07-12,CY,Nicosia,pm25,24,28.0,65.0,52.0,1032.75
2022-07-12,CY,Limassol,pm25,24,51.0,73.0,58.0,284.06
2022-07-12,HR,Zagreb,pm25,24,15.0,50.0,30.0,1092.45
2022-07-12,HR,Rijeka,pm25,15,7.0,15.0,14.0,76.0
2022-07-12,MK,Skopje,pm25,168,8.0,82.0,24.0,2531.87
2022-07-13,GE,Tbilisi,pm25,96,42.0,68.0,55.0,498.41
2022-07-13,HU,Győr,pm25,48,17.0,59.0,30.0,1588.94
2022-07-13,HU,Pécs,pm25,60,9.0,25.0,13.0,201.76
2022-07-13,HU,Kecskemét,pm25,13,9.0,21.0,13.0,143.59
2022-07-13,HU,Budapest,pm25,118,9.0,30.0,17.0,322.71
2022-07-13,JP,Fukuoka,pm25,391,5.0,85.0,34.0,1771.38
2022-07-13,JP,Kanazawa,pm25,228,5.0,46.0,17.0,759.8
2022-07-13,JP,Kumamoto,pm25,325,5.0,153.0,38.0,3628.11
2022-07-13,JP,Akita,pm25,35,5.0,53.0,13.0,1596.35
2022-07-13,JP,Kochi,pm25,45,13.0,68.0,42.0,1195.43
2022-07-13,JP,Gifu-shi,pm25,167,5.0,65.0,21.0,1917.05
2022-07-13,JP,Kyoto,pm25,550,5.0,57.0,25.0,1104.05
2022-07-13,JP,Hiroshima,pm25,308,5.0,80.0,30.0,2305.05
2022-07-13,JP,Shizuoka,pm25,228,5.0,65.0,17.0,1291.29
2022-07-13,JP,Chiba,pm25,624,5.0,74.0,13.0,1242.35
2022-07-13,JP,Sapporo,pm25,195,5.0,78.0,17.0,1251.11
2022-07-13,JP,Yokohama,pm25,420,1.0,59.0,13.0,1404.3
2022-07-13,JP,Tokyo,pm25,2316,1.0,76.0,13.0,905.81
2022-07-13,JP,Saitama,pm25,465,5.0,42.0,13.0,554.15
2022-07-13,JP,Naha,pm25,105,5.0,38.0,13.0,1197.07
2022-07-13,JP,Nagasaki,pm25,184,5.0,63.0,34.0,1357.98
2022-07-13,JP,Toyama,pm25,192,5.0,65.0,30.0,1380.21
2022-07-13,JP,Niigata,pm25,210,5.0,42.0,21.0,597.06
2022-07-13,JP,Nara-shi,pm25,186,5.0,55.0,25.0,1129.46
2022-07-13,JP,Okayama,pm25,281,9.0,85.0,34.0,1926.86
2022-07-13,JP,Sendai,pm25,341,5.0,42.0,13.0,597.25
2022-07-13,JP,Osaka,pm25,1368,5.0,85.0,25.0,1607.81
2022-07-13,JP,Miyazaki,pm25,107,5.0,137.0,57.0,4511.19
2022-07-13,JP,Matsuyama,pm25,153,5.0,76.0,30.0,2244.5
2022-07-13,JP,Wakayama,pm25,235,5.0,63.0,30.0,1090.56
2022-07-13,JP,Takamatsu,pm25,236,5.0,57.0,25.0,1498.92
2022-07-13,JP,Nagoya,pm25,684,1.0,91.0,25.0,1360.6
2022-07-13,JP,Ōita,pm25,251,5.0,175.0,38.0,3028.3
2022-07-13,JP,Kobe,pm25,415,5.0,93.0,25.0,1687.82
2022-07-13,JP,Nagano,pm25,53,5.0,42.0,17.0,1135.33
2022-07-13,JP,Utsunomiya,pm25,397,5.0,55.0,17.0,1058.86
2022-07-13,JP,Kagoshima,pm25,96,9.0,65.0,38.0,1049.0
2022-07-13,SK,Košice,pm25,96,9.0,57.0,34.0,1385.4
2022-07-13,SK,Bratislava,pm25,93,5.0,61.0,25.0,1505.54
2022-07-13,FI,Vantaa,pm25,23,6.0,53.0,28.0,1708.85
2022-07-13,FI,Turku,pm25,24,8.0,33.0,15.0,471.14
2022-07-13,FI,Helsinki,pm25,117,3.0,162.0,38.0,3903.77
2022-07-13,FI,Tampere,pm25,96,14.0,56.0,31.0,1131.0
2022-07-13,ET,Addis Ababa,pm25,24,55.0,152.0,82.0,6085.2
2022-07-13,CH,Zürich,pm25,19,1.0,3.0,2.0,3.33
2022-07-13,CO,Bogotá,pm25,313,3.0,127.0,34.0,6076.6
2022-07-13,CO,Medellín,pm25,242,13.0,97.0,55.0,2219.87
2022-07-13,DK,Copenhagen,pm25,24,18.0,53.0,32.0,849.78
2022-07-13,GB,Edinburgh,pm25,272,5.0,50.0,16.0,320.94
2022-07-13,GB,Norwich,pm25,19,18.0,41.0,30.0,230.94
2022-07-13,GB,Liverpool,pm25,27,16.0,42.0,30.0,832.59
2022-07-13,GB,Belfast,pm25,61,9.0,38.0,21.0,497.67
2022-07-13,GB,Coventry,pm25,59,13.0,33.0,22.0,211.75
2022-07-13,GB,Leeds,pm25,35,17.0,46.0,30.0,715.29
2022-07-13,GB,Cardiff,pm25,30,5.0,25.0,13.0,407.54
2022-07-13,GB,Bristol,pm25,68,21.0,59.0,42.0,1005.82
2022-07-13,GB,London,pm25,494,8.0,119.0,34.0,2026.8
2022-07-13,GB,Birmingham,pm25,40,15.0,44.0,23.0,392.51
2022-07-13,GB,Sheffield,pm25,56,15.0,30.0,21.0,99.97
2022-07-13,GB,Newport,pm25,48,10.0,34.0,21.0,359.56
2022-07-13,GB,Leicester,pm25,21,15.0,31.0,25.0,166.29
2022-07-13,GB,Manchester,pm25,78,15.0,78.0,22.0,1363.23
2022-07-13,GB,Plymouth,pm25,34,5.0,53.0,25.0,792.76
2022-07-13,GB,Glasgow,pm25,515,5.0,39.0,17.0,212.78
2022-07-13,GB,Preston,pm25,29,11.0,34.0,15.0,304.48
2022-07-13,GB,Swansea,pm25,106,5.0,63.0,25.0,1408.94
2022-07-13,GB,Southend-on-Sea,pm25,41,18.0,45.0,31.0,514.9
2022-07-13,ID,Jakarta,pm25,71,55.0,158.0,107.0,10078.7
2022-07-13,NP,Kathmandu,pm25,72,13.0,97.0,55.0,2957.18
2022-07-13,NP,Biratnagar,pm25,24,20.0,152.0,48.0,6384.18
2022-07-13,AU,Sydney,pm25,147,2.0,92.0,14.0,2476.75
2022-07-13,AU,Newcastle,pm25,139,1.0,34.0,13.0,566.33
2022-07-13,AU,Launceston,pm25,123,5.0,236.0,13.0,25346.4
2022-07-13,AU,Hobart,pm25,64,5.0,72.0,17.0,2882.85
2022-07-13,AU,Darwin,pm25,45,4.0,74.0,25.0,2282.45
2022-07-13,AU,Melbourne,pm25,160,2.0,60.0,20.0,1558.07
2022-07-13,AU,Canberra,pm25,63,1.0,95.0,29.0,3824.89
2022-07-13,AU,Adelaide,pm25,88,2.0,82.0,29.0,2401.12
2022-07-13,AU,Brisbane,pm25,141,1.0,58.0,16.0,1450.04
2022-07-13,AU,Perth,pm25,89,2.0,35.0,11.0,521.78
2022-07-13,AU,Wollongong,pm25,39,2.0,21.0,8.0,229.37
2022-07-13,CI,Abidjan,pm25,24,25.0,78.0,53.0,2377.32
2022-07-13,GH,Accra,pm25,24,25.0,112.0,53.0,4326.67
2022-07-13,IQ,Baghdad,pm25,24,74.0,366.0,153.0,62283.2
2022-07-13,IS,Reykjavík,pm25,96,3.0,32.0,11.0,221.71
2022-07-13,KG,Bishkek,pm25,12,5.0,17.0,13.0,247.27
2022-07-13,NL,Utrecht,pm25,47,6.0,68.0,36.0,2089.12
2022-07-13,NL,Nijmegen,pm25,48,13.0,66.0,40.0,1867.02
2022-07-13,NL,Haarlem,pm25,135,3.0,125.0,41.0,3807.61
2022-07-13,NL,Eindhoven,pm25,24,5.0,90.0,60.0,4468.53
2022-07-13,NL,Rotterdam,pm25,192,10.0,60.0,35.0,475.34
2022-07-13,NL,Amsterdam,pm25,260,2.0,82.0,35.0,2000.9
2022-07-13,NL,Dordrecht,pm25,24,25.0,59.0,38.0,1162.54
2022-07-13,NL,Breda,pm25,24,15.0,63.0,41.0,1621.67
2022-07-13,NL,Groningen,pm25,47,9.0,65.0,37.0,1529.99
2022-07-13,NL,Maastricht,pm25,93,5.0,46.0,30.0,1138.69
2022-07-13,NL,The Hague,pm25,72,14.0,57.0,38.0,786.01
2022-07-13,PT,Lisbon,pm25,96,37.0,68.0,54.0,409.95
2022-07-13,PT,Funchal,pm25,55,2.0,37.0,17.0,544.69
2022-07-13,CA,Hamilton,pm25,83,9.0,63.0,17.0,1010.67
2022-07-13,CA,Calgary,pm25,76,4.0,63.0,21.0,2125.18
2022-07-13,CA,Winnipeg,pm25,24,32.0,51.0,37.0,184.93
2022-07-13,CA,Halifax,pm25,45,18.0,37.0,28.0,209.52
2022-07-13,CA,Kitchener,pm25,33,9.0,46.0,21.0,1299.03
2022-07-13,CA,Edmonton,pm25,131,5.0,151.0,16.0,3021.75
2022-07-13,CA,Mississauga,pm25,68,9.0,50.0,21.0,752.87
2022-07-13,CA,Québec,pm25,168,16.0,55.0,31.0,614.22
2022-07-13,CA,Vancouver,pm25,23,6.0,18.0,13.0,149.49
2022-07-13,CA,Victoria,pm25,39,5.0,38.0,17.0,914.71
2022-07-13,CA,Montréal,pm25,367,6.0,47.0,27.0,857.07
2022-07-13,CA,Toronto,pm25,125,5.0,102.0,25.0,1976.58
2022-07-13,CA,Ottawa,pm25,60,5.0,42.0,20.0,1336.23
2022-07-13,CA,London,pm25,43,9.0,50.0,17.0,1195.39
2022-07-13,US,Oklahoma City,pm25,95,21.0,52.0,29.0,237.6
2022-07-13,US,Raleigh,pm25,71,9.0,63.0,42.0,1644.78
2022-07-13,US,Memphis,pm25,72,24.0,74.0,35.0,820.94
2022-07-13,US,Jackson,pm25,72,13.0,59.0,39.0,1325.44
2022-07-13,US,Boston,pm25,131,17.0,57.0,30.0,713.48
2022-07-13,US,Richmond,pm25,96,19.0,45.0,32.0,521.34
2022-07-13,US,Portland,pm25,167,9.0,30.0,16.0,162.6
2022-07-13,US,Boise,pm25,48,4.0,51.0,25.0,1178.09
2022-07-13,US,Austin,pm25,47,13.0,76.0,50.0,2508.15
2022-07-13,US,Honolulu,pm25,44,5.0,38.0,17.0,602.71
2022-07-13,US,Fresno,pm25,48,5.0,61.0,30.0,1510.63
2022-07-13,US,Milwaukee,pm25,142,18.0,45.0,28.0,260.31
2022-07-13,US,Hartford,pm25,47,24.0,39.0,30.0,155.54
2022-07-13,US,Washington D.C.,pm25,116,5.0,57.0,30.0,876.25
2022-07-13,US,Chicago,pm25,237,6.0,66.0,26.0,880.53
2022-07-13,US,Houston,pm25,96,4.0,87.0,42.0,3257.79
2022-07-13,US,Indianapolis,pm25,96,27.0,50.0,36.0,330.04
2022-07-13,US,Atlanta,pm25,24,23.0,50.0,38.0,516.23
2022-07-13,US,Charlotte,pm25,65,5.0,55.0,21.0,1055.97
2022-07-13,US,Sacramento,pm25,49,1.0,74.0,13.0,2174.31
2022-07-13,US,Oakland,pm25,86,5.0,38.0,13.0,639.92
2022-07-13,US,Providence,pm25,48,5.0,42.0,21.0,1034.45
2022-07-13,US,Staten Island,pm25,100,5.0,89.0,33.0,2994.12
2022-07-13,US,Brooklyn,pm25,120,5.0,54.0,25.0,2259.66
2022-07-13,US,Springfield,pm25,72,13.0,81.0,31.0,956.24
2022-07-13,US,The Bronx,pm25,48,8.0,52.0,19.0,2193.17
2022-07-13,US,San Jose,pm25,66,5.0,34.0,13.0,574.61
2022-07-13,US,Los Angeles,pm25,24,26.0,68.0,40.0,1835.92
2022-07-13,US,Detroit,pm25,168,27.0,93.0,44.0,1042.29
2022-07-13,US,Little Rock,pm25,23,22.0,70.0,40.0,2458.85
2022-07-13,US,Baltimore,pm25,30,9.0,51.0,33.0,1022.48
2022-07-13,US,Phoenix,pm25,188,3.0,125.0,25.0,3042.81
2022-07-13,US,Omaha,pm25,47,9.0,76.0,25.0,1805.54
2022-07-13,US,El Paso,pm25,135,5.0,65.0,34.0,2074.7
2022-07-13,US,Dallas,pm25,24,38.0,63.0,46.0,660.22
2022-07-13,US,Seattle,pm25,253,5.0,89.0,21.0,1081.6
2022-07-13,US,Manhattan,pm25,71,3.0,57.0,25.0,2098.57
2022-07-13,US,Miami,pm25,94,15.0,49.0,28.0,667.3
2022-07-13,US,Jacksonville,pm25,134,20.0,57.0,32.0,664.41
2022-07-13,US,San Antonio,pm25,88,13.0,77.0,56.0,1436.17
2022-07-13,US,Philadelphia,pm25,84,5.0,167.0,33.0,7245.1
2022-07-13,US,San Diego,pm25,24,18.0,46.0,33.0,598.26
2022-07-13,US,Columbus,pm25,48,5.0,37.0,28.0,567.87
2022-07-13,US,Saint Paul,pm25,111,5.0,38.0,21.0,688.96
2022-07-13,US,Denver,pm25,144,13.0,46.0,25.0,691.17
2022-07-13,US,Salt Lake City,pm25,216,14.0,73.0,33.0,1537.38
2022-07-13,US,Albuquerque,pm25,70,13.0,35.0,23.0,291.2
2022-07-13,US,San Francisco,pm25,58,5.0,42.0,13.0,841.06
2022-07-13,US,Salem,pm25,71,12.0,21.0,15.0,48.26
2022-07-13,US,Madison,pm25,48,16.0,40.0,25.0,440.83
2022-07-13,US,Nashville,pm25,48,5.0,42.0,24.0,923.05
2022-07-13,US,Tucson,pm25,159,5.0,53.0,17.0,657.05
2022-07-13,US,Queens,pm25,94,1.0,59.0,33.0,1938.13
2022-07-13,US,Tallahassee,pm25,66,3.0,44.0,20.0,675.01
2022-07-13,US,Fort Worth,pm25,39,3.0,63.0,53.0,1682.6
2022-07-13,RS,Novi Sad,pm25,48,7.0,30.0,16.0,343.29
2022-07-13,RS,Niš,pm25,48,10.0,55.0,24.0,1187.22
2022-07-13,RS,Belgrade,pm25,120,10.0,42.0,19.0,627.52
2022-07-13,CY,Nicosia,pm25,24,15.0,67.0,53.0,1512.16
2022-07-13,CY,Limassol,pm25,24,40.0,67.0,55.0,534.78
2022-07-13,HR,Zagreb,pm25,24,9.0,36.0,19.0,808.53
2022-07-13,MK,Skopje,pm25,168,5.0,121.0,27.0,3947.3
2022-07-14,GE,Tbilisi,pm25,96,23.0,67.0,49.0,961.49
2022-07-14,HU,Győr,pm25,42,13.0,57.0,42.0,3119.02
2022-07-14,HU,Pécs,pm25,54,13.0,50.0,21.0,888.55
2022-07-14,HU,Kecskemét,pm25,21,9.0,30.0,21.0,320.48
2022-07-14,HU,Miskolc,pm25,45,9.0,59.0,21.0,2572.27
2022-07-14,HU,Budapest,pm25,158,5.0,46.0,17.0,733.33
2022-07-14,JP,Fukuoka,pm25,401,9.0,149.0,42.0,2236.24
2022-07-14,JP,Kanazawa,pm25,229,5.0,50.0,25.0,1004.69
2022-07-14,JP,Kumamoto,pm25,277,5.0,155.0,34.0,1981.22
2022-07-14,JP,Akita,pm25,42,5.0,74.0,30.0,2621.07
2022-07-14,JP,Kochi,pm25,48,13.0,85.0,53.0,1350.48
2022-07-14,JP,Gifu-shi,pm25,178,5.0,87.0,30.0,2766.39
2022-07-14,JP,Kyoto,pm25,565,5.0,72.0,42.0,1921.24
2022-07-14,JP,Hiroshima,pm25,325,5.0,82.0,46.0,2600.57
2022-07-14,JP,Shizuoka,pm25,248,5.0,63.0,21.0,1437.52
2022-07-14,JP,Chiba,pm25,683,5.0,99.0,17.0,2268.35
2022-07-14,JP,Sapporo,pm25,202,5.0,91.0,42.0,4947.18
2022-07-14,JP,Yokohama,pm25,475,1.0,78.0,17.0,1498.01
2022-07-14,JP,Tokyo,pm25,2442,1.0,144.0,17.0,847.88
2022-07-14,JP,Saitama,pm25,479,5.0,55.0,17.0,645.35
2022-07-14,JP,Naha,pm25,134,5.0,38.0,17.0,901.92
2022-07-14,JP,Nagasaki,pm25,183,5.0,72.0,30.0,1236.75
2022-07-14,JP,Toyama,pm25,184,5.0,87.0,30.0,1689.6
2022-07-14,JP,Niigata,pm25,184,5.0,34.0,13.0,414.27
2022-07-14,JP,Nara-shi,pm25,184,13.0,70.0,42.0,1209.94
2022-07-14,JP,Okayama,pm25,284,17.0,70.0,38.0,1031.71
2022-07-14,JP,Sendai,pm25,461,5.0,57.0,34.0,1436.59
2022-07-14,JP,Osaka,pm25,1404,5.0,80.0,38.0,1851.79
2022-07-14,JP,Miyazaki,pm25,98,9.0,89.0,42.0,2755.37
2022-07-14,JP,Matsuyama,pm25,156,5.0,89.0,42.0,2527.5
2022-07-14,JP,Wakayama,pm25,257,9.0,65.0,34.0,1091.17
2022-07-14,JP,Takamatsu,pm25,238,9.0,63.0,30.0,1582.65
2022-07-14,JP,Nagoya,pm25,732,5.0,102.0,34.0,1518.87
2022-07-14,JP,Ōita,pm25,256,5.0,80.0,50.0,2465.1
2022-07-14,JP,Kobe,pm25,422,5.0,65.0,30.0,1013.85
2022-07-14,JP,Nagano,pm25,30,5.0,30.0,9.0,508.23
2022-07-14,JP,Utsunomiya,pm25,410,5.0,321.0,21.0,3010.65
2022-07-14,JP,Kagoshima,pm25,93,5.0,63.0,25.0,1228.87
2022-07-14,SK,Košice,pm25,96,5.0,70.0,46.0,2095.81
2022-07-14,SK,Bratislava,pm25,91,9.0,59.0,30.0,1545.33
2022-07-14,FI,Vantaa,pm25,22,1.0,26.0,8.0,391.08
2022-07-14,FI,Turku,pm25,22,1.0,20.0,7.0,248.51
2022-07-14,FI,Helsinki,pm25,113,5.0,93.0,14.0,1066.43
2022-07-14,FI,Tampere,pm25,93,3.0,50.0,11.0,1278.3
2022-07-14,ET,Addis Ababa,pm25,24,17.0,160.0,65.0,7640.0
2022-07-14,CH,Zürich,pm25,21,1.0,2.0,2.0,1.29
2022-07-14,CO,Bogotá,pm25,333,13.0,157.0,76.0,7138.4
2022-07-14,CO,Medellín,pm25,200,21.0,97.0,55.0,2281.74
2022-07-14,DK,Copenhagen,pm25,24,10.0,59.0,21.0,873.84
2022-07-14,GB,Edinburgh,pm25,274,5.0,42.0,12.0,302.7
2022-07-14,GB,Norwich,pm25,17,19.0,27.0,23.0,54.04
2022-07-14,GB,Liverpool,pm25,18,15.0,25.0,17.0,93.89
2022-07-14,GB,Belfast,pm25,44,13.0,65.0,21.0,940.63
2022-07-14,GB,Coventry,pm25,64,13.0,26.0,20.0,88.55
2022-07-14,GB,Leeds,pm25,39,12.0,42.0,19.0,889.97
2022-07-14,GB,Cardiff,pm25,28,5.0,25.0,9.0,420.74
2022-07-14,GB,Bristol,pm25,72,13.0,76.0,34.0,1414.79
2022-07-14,GB,London,pm25,514,3.0,82.0,30.0,1635.42
2022-07-14,GB,Birmingham,pm25,36,14.0,28.0,21.0,116.79
2022-07-14,GB,Sheffield,pm25,52,11.0,27.0,17.0,142.56
2022-07-14,GB,Newport,pm25,40,9.0,25.0,13.0,193.44
2022-07-14,GB,Leicester,pm25,18,14.0,28.0,20.0,141.05
2022-07-14,GB,Manchester,pm25,74,15.0,32.0,21.0,137.14
2022-07-14,GB,Plymouth,pm25,40,9.0,25.0,17.0,215.79
2022-07-14,GB,Glasgow,pm25,522,1.0,26.0,11.0,178.73
2022-07-14,GB,Preston,pm25,39,13.0,52.0,17.0,369.45
2022-07-14,GB,Swansea,pm25,62,5.0,38.0,13.0,519.9
2022-07-14,GB,Southend-on-Sea,pm25,43,16.0,43.0,30.0,400.26
2022-07-14,ID,Jakarta,pm25,47,42.0,157.0,90.0,12454.7
2022-07-14,NP,Kathmandu,pm25,72,30.0,93.0,61.0,2398.4
2022-07-14,NP,Biratnagar,pm25,24,19.0,38.0,29.0,427.54
2022-07-14,AU,Sydney,pm25,155,1.0,63.0,12.0,930.51
2022-07-14,AU,Newcastle,pm25,116,1.0,65.0,16.0,1386.76
2022-07-14,AU,Launceston,pm25,163,5.0,235.0,42.0,21655.0
2022-07-14,AU,Hobart,pm25,63,5.0,87.0,13.0,3261.45
2022-07-14,AU,Darwin,pm25,47,6.0,90.0,35.0,3013.31
2022-07-14,AU,Melbourne,pm25,162,1.0,65.0,22.0,1745.78
2022-07-14,AU,Canberra,pm25,66,2.0,108.0,22.0,6909.81
2022-07-14,AU,Adelaide,pm25,94,5.0,82.0,34.0,3617.94
2022-07-14,AU,Brisbane,pm25,152,1.0,50.0,15.0,1051.76
2022-07-14,AU,Perth,pm25,83,2.0,16.0,7.0,125.89
2022-07-14,AU,Wollongong,pm25,40,1.0,36.0,10.0,734.97
2022-07-14,CI,Abidjan,pm25,24,25.0,78.0,59.0,2107.37
2022-07-14,GH,Accra,pm25,24,25.0,99.0,55.0,2437.37
2022-07-14,IQ,Baghdad,pm25,24,70.0,421.0,152.0,85210.0
2022-07-14,IS,Reykjavík,pm25,96,5.0,19.0,11.0,191.77
2022-07-14,KG,Bishkek,pm25,5,5.0,25.0,5.0,768.0
2022-07-14,NL,Utrecht,pm25,47,4.0,47.0,26.0,1192.04
2022-07-14,NL,Nijmegen,pm25,47,2.0,55.0,26.0,1479.77
2022-07-14,NL,Haarlem,pm25,132,1.0,60.0,19.0,2175.69
2022-07-14,NL,Eindhoven,pm25,21,6.0,73.0,52.0,2930.48
2022-07-14,NL,Rotterdam,pm25,189,2.0,62.0,21.0,642.1
2022-07-14,NL,Amsterdam,pm25,244,1.0,52.0,18.0,840.1
2022-07-14,NL,Dordrecht,pm25,24,5.0,60.0,25.0,1723.48
2022-07-14,NL,Breda,pm25,24,10.0,74.0,21.0,2102.83
2022-07-14,NL,Groningen,pm25,46,5.0,39.0,18.0,566.86
2022-07-14,NL,Maastricht,pm25,93,5.0,55.0,30.0,938.77
2022-07-14,NL,The Hague,pm25,65,2.0,29.0,21.0,343.09
2022-07-14,PT,Lisbon,pm25,90,18.0,66.0,52.0,1153.67
2022-07-14,PT,Funchal,pm25,62,1.0,33.0,17.0,889.68
2022-07-14,CA,Hamilton,pm25,78,9.0,57.0,17.0,917.23
2022-07-14,CA,Calgary,pm25,78,7.0,72.0,29.0,1236.6
2022-07-14,CA,Winnipeg,pm25,23,27.0,32.0,30.0,25.65
2022-07-14,CA,Halifax,pm25,46,15.0,47.0,30.0,497.72
2022-07-14,CA,Kitchener,pm25,41,9.0,30.0,17.0,275.02
2022-07-14,CA,Edmonton,pm25,138,6.0,151.0,30.0,6259.66
2022-07-14,CA,Mississauga,pm25,65,9.0,42.0,17.0,857.46
2022-07-14,CA,Québec,pm25,166,14.0,47.0,25.0,279.5
2022-07-14,CA,Vancouver,pm25,22,14.0,59.0,20.0,798.96
2022-07-14,CA,Victoria,pm25,41,5.0,42.0,13.0,1063.48
2022-07-14,CA,Montréal,pm25,381,3.0,93.0,22.0,1631.43
2022-07-14,CA,Toronto,pm25,130,5.0,55.0,21.0,1049.19
2022-07-14,CA,Ottawa,pm25,65,5.0,29.0,20.0,407.89
2022-07-14,CA,London,pm25,41,9.0,55.0,25.0,917.4
2022-07-14,US,Oklahoma City,pm25,96,23.0,62.0,45.0,711.01
2022-07-14,US,Raleigh,pm25,72,5.0,59.0,34.0,2190.11
2022-07-14,US,Memphis,pm25,63,24.0,53.0,37.0,318.66
2022-07-14,US,Jackson,pm25,72,15.0,54.0,29.0,400.55
2022-07-14,US,Boston,pm25,137,9.0,57.0,38.0,646.58
2022-07-14,US,Richmond,pm25,96,27.0,52.0,38.0,485.67
2022-07-14,US,Portland,pm25,164,12.0,34.0,18.0,221.54
2022-07-14,US,Boise,pm25,47,17.0,59.0,35.0,1186.0
2022-07-14,US,Austin,pm25,44,13.0,59.0,38.0,1440.18
2022-07-14,US,Honolulu,pm25,43,5.0,38.0,13.0,732.39
2022-07-14,US,Fresno,pm25,48,5.0,68.0,38.0,2431.7
2022-07-14,US,Milwaukee,pm25,143,14.0,47.0,22.0,514.87
2022-07-14,US,Hartford,pm25,48,24.0,44.0,31.0,215.46
2022-07-14,US,Washington D.C.,pm25,115,9.0,53.0,30.0,643.22
2022-07-14,US,Chicago,pm25,240,7.0,57.0,27.0,793.05
2022-07-14,US,Houston,pm25,95,4.0,58.0,32.0,1860.74
2022-07-14,US,Indianapolis,pm25,96,23.0,57.0,32.0,468.73
2022-07-14,US,Atlanta,pm25,24,29.0,56.0,41.0,506.88
2022-07-14,US,Charlotte,pm25,71,5.0,53.0,25.0,1270.11
2022-07-14,US,Sacramento,pm25,68,13.0,55.0,30.0,1279.71
2022-07-14,US,Oakland,pm25,117,5.0,65.0,42.0,1389.05
2022-07-14,US,Providence,pm25,48,5.0,50.0,30.0,1725.07
2022-07-14,US,Staten Island,pm25,94,3.0,64.0,33.0,2493.52
2022-07-14,US,Brooklyn,pm25,118,1.0,60.0,19.0,1787.13
2022-07-14,US,Springfield,pm25,70,18.0,63.0,33.0,750.69
2022-07-14,US,The Bronx,pm25,48,5.0,50.0,16.0,954.45
2022-07-14,US,San Jose,pm25,90,5.0,82.0,30.0,2384.85
2022-07-14,US,Los Angeles,pm25,24,24.0,63.0,38.0,1236.5
2022-07-14,US,Detroit,pm25,168,28.0,92.0,43.0,1031.07
2022-07-14,US,Little Rock,pm25,16,18.0,44.0,31.0,615.33
2022-07-14,US,Baltimore,pm25,46,13.0,62.0,31.0,1869.87
2022-07-14,US,Phoenix,pm25,189,8.0,60.0,28.0,1070.61
2022-07-14,US,Omaha,pm25,48,5.0,42.0,25.0,744.1
2022-07-14,US,El Paso,pm25,154,5.0,66.0,38.0,1611.65
2022-07-14,US,Dallas,pm25,23,17.0,72.0,38.0,1733.52
2022-07-14,US,Seattle,pm25,252,5.0,65.0,25.0,1042.11
2022-07-14,US,Manhattan,pm25,68,5.0,57.0,19.0,1614.55
2022-07-14,US,Miami,pm25,93,24.0,59.0,44.0,1068.25
2022-07-14,US,Jacksonville,pm25,135,6.0,84.0,28.0,1631.14
2022-07-14,US,San Antonio,pm25,92,5.0,88.0,35.0,2658.23
2022-07-14,US,Philadelphia,pm25,94,5.0,82.0,39.0,2092.02
2022-07-14,US,San Diego,pm25,24,22.0,58.0,32.0,1140.22
2022-07-14,US,Columbus,pm25,46,9.0,40.0,25.0,530.44
2022-07-14,US,Saint Paul,pm25,78,9.0,42.0,21.0,694.22
2022-07-14,US,Denver,pm25,132,9.0,46.0,21.0,400.51
2022-07-14,US,Salt Lake City,pm25,216,7.0,92.0,20.0,1829.23
2022-07-14,US,Albuquerque,pm25,71,23.0,48.0,32.0,474.83
2022-07-14,US,San Francisco,pm25,72,17.0,76.0,42.0,1233.52
2022-07-14,US,Salem,pm25,72,10.0,23.0,18.0,120.91
2022-07-14,US,Madison,pm25,48,19.0,47.0,28.0,328.72
2022-07-14,US,Nashville,pm25,49,9.0,59.0,38.0,820.83
2022-07-14,US,Tucson,pm25,152,5.0,53.0,25.0,1183.14
2022-07-14,US,Queens,pm25,96,3.0,59.0,28.0,2284.1
2022-07-14,US,Tallahassee,pm25,68,1.0,55.0,19.0,936.9
2022-07-14,US,Fort Worth,pm25,48,5.0,68.0,46.0,2594.88
2022-07-14,RS,Novi Sad,pm25,48,7.0,35.0,18.0,422.97
2022-07-14,RS,Niš,pm25,48,9.0,52.0,21.0,916.95
2022-07-14,RS,Belgrade,pm25,120,9.0,84.0,23.0,1439.66
2022-07-14,CY,Nicosia,pm25,24,12.0,66.0,45.0,1929.55
2022-07-14,CY,Limassol,pm25,24,50.0,90.0,57.0,1526.88
2022-07-14,HR,Zagreb,pm25,24,19.0,55.0,27.0,1076.45
2022-07-14,MK,Skopje,pm25,167,1.0,114.0,29.0,3951.58
2022-07-15,GE,Tbilisi,pm25,95,21.0,61.0,37.0,821.89
2022-07-15,HU,Győr,pm25,46,9.0,102.0,53.0,8429.02
2022-07-15,HU,Pécs,pm25,69,17.0,50.0,25.0,571.3
2022-07-15,HU,Kecskemét,pm25,24,17.0,42.0,25.0,485.63
2022-07-15,HU,Miskolc,pm25,116,13.0,80.0,30.0,1729.18
2022-07-15,HU,Budapest,pm25,223,9.0,55.0,25.0,746.81
2022-07-15,JP,Fukuoka,pm25,395,9.0,139.0,42.0,2089.96
2022-07-15,JP,Kanazawa,pm25,211,5.0,55.0,21.0,798.0
2022-07-15,JP,Kumamoto,pm25,287,5.0,129.0,34.0,2546.7
2022-07-15,JP,Akita,pm25,39,5.0,63.0,17.0,2254.18
2022-07-15,JP,Kochi,pm25,48,17.0,95.0,42.0,2514.46
2022-07-15,JP,Gifu-shi,pm25,176,5.0,68.0,30.0,2463.51
2022-07-15,JP,Kyoto,pm25,561,9.0,87.0,57.0,1830.04
2022-07-15,JP,Hiroshima,pm25,333,5.0,82.0,46.0,1753.46
2022-07-15,JP,Shizuoka,pm25,229,5.0,59.0,13.0,994.24
2022-07-15,JP,Chiba,pm25,666,5.0,93.0,17.0,1617.86
2022-07-15,JP,Sapporo,pm25,211,5.0,61.0,25.0,1319.59
2022-07-15,JP,Yokohama,pm25,494,1.0,55.0,17.0,939.43
2022-07-15,JP,Tokyo,pm25,2505,1.0,65.0,21.0,682.66
2022-07-15,JP,Saitama,pm25,490,5.0,53.0,25.0,729.79
2022-07-15,JP,Naha,pm25,144,5.0,53.0,25.0,1136.85
2022-07-15,JP,Nagasaki,pm25,187,5.0,85.0,42.0,1919.63
2022-07-15,JP,Toyama,pm25,177,5.0,102.0,21.0,2251.53
2022-07-15,JP,Niigata,pm25,194,5.0,38.0,17.0,631.11
2022-07-15,JP,Nara-shi,pm25,187,25.0,72.0,50.0,974.8
2022-07-15,JP,Okayama,pm25,286,17.0,97.0,50.0,1337.99
2022-07-15,JP,Sendai,pm25,455,5.0,68.0,21.0,1846.93
2022-07-15,JP,Osaka,pm25,1430,5.0,153.0,50.0,1769.91
2022-07-15,JP,Miyazaki,pm25,110,5.0,112.0,34.0,4199.11
2022-07-15,JP,Matsuyama,pm25,161,9.0,74.0,42.0,2729.5
2022-07-15,JP,Wakayama,pm25,282,5.0,68.0,42.0,1201.25
2022-07-15,JP,Takamatsu,pm25,240,17.0,70.0,46.0,1337.75
2022-07-15,JP,Nagoya,pm25,752,1.0,78.0,25.0,2333.23
2022-07-15,JP,Ōita,pm25,250,5.0,65.0,34.0,1961.87
2022-07-15,JP,Kobe,pm25,428,5.0,95.0,42.0,1357.68
2022-07-15,JP,Nagano,pm25,38,5.0,34.0,13.0,715.96
2022-07-15,JP,Utsunomiya,pm25,436,5.0,61.0,21.0,1403.35
2022-07-15,JP,Kagoshima,pm25,85,13.0,65.0,25.0,1216.64
2022-07-15,SK,Košice,pm25,93,13.0,82.0,50.0,2096.96
2022-07-15,SK,Bratislava,pm25,91,5.0,57.0,25.0,1625.07
2022-07-15,FI,Vantaa,pm25,24,3.0,25.0,13.0,324.62
2022-07-15,FI,Turku,pm25,24,2.0,12.0,6.0,43.48
2022-07-15,FI,Helsinki,pm25,116,1.0,38.0,8.0,322.19
2022-07-15,FI,Tampere,pm25,91,2.0,23.0,4.0,111.79
2022-07-15,ET,Addis Ababa,pm25,20,46.0,169.0,82.0,12022.4
2022-07-15,CH,Zürich,pm25,20,2.0,3.0,2.0,0.5
2022-07-15,CO,Bogotá,pm25,334,13.0,168.0,65.0,5979.37
2022-07-15,CO,Medellín,pm25,267,21.0,96.0,59.0,2102.7
2022-07-15,DK,Copenhagen,pm25,24,16.0,40.0,25.0,471.88
2022-07-15,GB,Edinburgh,pm25,279,2.0,34.0,11.0,238.18
2022-07-15,GB,Norwich,pm25,21,10.0,25.0,19.0,113.57
2022-07-15,GB,Liverpool,pm25,22,13.0,23.0,15.0,66.95
2022-07-15,GB,Belfast,pm25,41,8.0,26.0,17.0,146.89
2022-07-15,GB,Coventry,pm25,47,12.0,27.0,17.0,93.03
2022-07-15,GB,Leeds,pm25,32,13.0,50.0,26.0,1110.28
2022-07-15,GB,Cardiff,pm25,88,5.0,53.0,21.0,1857.22
2022-07-15,GB,Bristol,pm25,68,21.0,59.0,34.0,1149.62
2022-07-15,GB,London,pm25,519,1.0,72.0,24.0,1272.67
2022-07-15,GB,Birmingham,pm25,44,13.0,29.0,17.0,89.4
2022-07-15,GB,Sheffield,pm25,50,8.0,37.0,18.0,297.31
2022-07-15,GB,Newport,pm25,47,9.0,34.0,15.0,567.68
2022-07-15,GB,Leicester,pm25,23,13.0,33.0,18.0,238.1
2022-07-15,GB,Manchester,pm25,73,15.0,40.0,21.0,269.07
2022-07-15,GB,Plymouth,pm25,36,9.0,25.0,13.0,170.92
2022-07-15,GB,Glasgow,pm25,541,1.0,25.0,11.0,196.09
2022-07-15,GB,Preston,pm25,42,11.0,32.0,18.0,209.53
2022-07-15,GB,Swansea,pm25,81,5.0,107.0,21.0,5268.36
2022-07-15,GB,Southend-on-Sea,pm25,37,17.0,54.0,25.0,614.65
2022-07-15,ID,Jakarta,pm25,47,38.0,143.0,73.0,6426.81
2022-07-15,NP,Kathmandu,pm25,65,17.0,99.0,53.0,4656.94
2022-07-15,NP,Biratnagar,pm25,16,21.0,60.0,32.0,937.96
2022-07-15,AU,Sydney,pm25,159,3.0,104.0,21.0,3689.14
2022-07-15,AU,Newcastle,pm25,136,1.0,108.0,17.0,4646.4
2022-07-15,AU,Launceston,pm25,155,5.0,164.0,38.0,17493.4
2022-07-15,AU,Hobart,pm25,70,5.0,61.0,21.0,2644.14
2022-07-15,AU,Darwin,pm25,48,2.0,86.0,48.0,3427.97
2022-07-15,AU,Melbourne,pm25,162,2.0,67.0,26.0,2547.43
2022-07-15,AU,Canberra,pm25,69,6.0,112.0,40.0,6951.44
2022-07-15,AU,Adelaide,pm25,76,3.0,50.0,17.0,1453.38
2022-07-15,AU,Brisbane,pm25,216,3.0,61.0,21.0,1469.96
2022-07-15,AU,Perth,pm25,78,2.0,30.0,5.0,333.16
2022-07-15,AU,Wollongong,pm25,34,3.0,88.0,25.0,3846.13
2022-07-15,CI,Abidjan,pm25,24,25.0,93.0,53.0,2966.67
2022-07-15,GH,Accra,pm25,24,21.0,74.0,53.0,1631.3
2022-07-15,IQ,Baghdad,pm25,24,78.0,184.0,144.0,12835.4
2022-07-15,IS,Reykjavík,pm25,95,4.0,28.0,12.0,245.47
2022-07-15,KG,Bishkek,pm25,17,5.0,61.0,21.0,2017.21
2022-07-15,NL,Utrecht,pm25,48,7.0,60.0,22.0,1183.39
2022-07-15,NL,Nijmegen,pm25,47,5.0,53.0,20.0,834.49
2022-07-15,NL,Haarlem,pm25,138,1.0,61.0,21.0,1445.11
2022-07-15,NL,Eindhoven,pm25,24,18.0,58.0,42.0,999.98
2022-07-15,NL,Rotterdam,pm25,192,1.0,290.0,16.0,4296.83
2022-07-15,NL,Amsterdam,pm25,234,1.0,61.0,15.0,776.18
2022-07-15,NL,Dordrecht,pm25,24,9.0,30.0,17.0,431.29
2022-07-15,NL,Breda,pm25,23,7.0,39.0,20.0,692.65
2022-07-15,NL,Groningen,pm25,43,1.0,32.0,14.0,556.9
2022-07-15,NL,Maastricht,pm25,84,9.0,61.0,25.0,996.82
2022-07-15,NL,The Hague,pm25,69,2.0,62.0,15.0,908.03
2022-07-15,PT,Lisbon,pm25,92,29.0,62.0,51.0,493.73
2022-07-15,PT,Funchal,pm25,61,1.0,47.0,25.0,1676.72
2022-07-15,CA,Hamilton,pm25,81,5.0,57.0,17.0,1187.0
2022-07-15,CA,Calgary,pm25,92,7.0,70.0,32.0,1621.61
2022-07-15,CA,Winnipeg,pm25,24,15.0,34.0,29.0,278.68
2022-07-15,CA,Halifax,pm25,46,5.0,39.0,20.0,929.26
2022-07-15,CA,Kitchener,pm25,41,9.0,55.0,30.0,2439.22
2022-07-15,CA,Edmonton,pm25,127,10.0,163.0,31.0,16014.8
2022-07-15,CA,Mississauga,pm25,66,9.0,57.0,25.0,1071.4
2022-07-15,CA,Québec,pm25,163,16.0,60.0,25.0,397.22
2022-07-15,CA,Vancouver,pm25,23,9.0,23.0,15.0,160.83
2022-07-15,CA,Victoria,pm25,39,5.0,38.0,17.0,917.3
2022-07-15,CA,Montréal,pm25,383,9.0,67.0,24.0,806.96
2022-07-15,CA,Toronto,pm25,133,9.0,68.0,21.0,1205.89
2022-07-15,CA,Ottawa,pm25,57,13.0,38.0,25.0,365.87
2022-07-15,CA,London,pm25,43,13.0,55.0,30.0,788.67
2022-07-15,US,Oklahoma City,pm25,95,27.0,53.0,43.0,425.95
2022-07-15,US,Raleigh,pm25,71,13.0,55.0,38.0,1258.51
2022-07-15,US,Memphis,pm25,70,28.0,58.0,43.0,384.04
2022-07-15,US,Jackson,pm25,72,13.0,60.0,32.0,767.46
2022-07-15,US,Boston,pm25,140,5.0,59.0,30.0,651.34
2022-07-15,US,Richmond,pm25,96,33.0,53.0,43.0,271.51
2022-07-15,US,Portland,pm25,167,5.0,46.0,15.0,208.03
2022-07-15,US,Boise,pm25,44,5.0,55.0,30.0,2417.42
2022-07-15,US,Austin,pm25,45,5.0,57.0,30.0,2466.64
2022-07-15,US,Honolulu,pm25,29,5.0,30.0,13.0,472.56
2022-07-15,US,Fresno,pm25,48,17.0,57.0,36.0,1176.13
2022-07-15,US,Milwaukee,pm25,144,14.0,52.0,26.0,441.91
2022-07-15,US,Hartford,pm25,48,20.0,59.0,30.0,707.19
2022-07-15,US,Washington D.C.,pm25,120,5.0,53.0,38.0,839.36
2022-07-15,US,Chicago,pm25,240,8.0,67.0,30.0,1416.65
2022-07-15,US,Houston,pm25,91,1.0,59.0,34.0,2011.89
2022-07-15,US,Indianapolis,pm25,96,27.0,89.0,48.0,1100.39
2022-07-15,US,Atlanta,pm25,24,37.0,59.0,46.0,629.49
2022-07-15,US,Charlotte,pm25,72,9.0,61.0,38.0,1091.35
2022-07-15,US,Sacramento,pm25,72,9.0,52.0,30.0,1098.92
2022-07-15,US,Oakland,pm25,102,5.0,53.0,30.0,907.61
2022-07-15,US,Providence,pm25,46,9.0,53.0,21.0,1085.16
2022-07-15,US,Staten Island,pm25,93,5.0,55.0,27.0,1419.04
2022-07-15,US,Brooklyn,pm25,119,3.0,49.0,25.0,1378.5
2022-07-15,US,Springfield,pm25,72,18.0,56.0,35.0,662.58
2022-07-15,US,The Bronx,pm25,46,5.0,49.0,18.0,1480.58
2022-07-15,US,San Jose,pm25,96,5.0,59.0,34.0,1193.54
2022-07-15,US,Los Angeles,pm25,24,25.0,65.0,52.0,1838.48
2022-07-15,US,Detroit,pm25,168,24.0,102.0,39.0,2205.81
2022-07-15,US,Little Rock,pm25,23,5.0,62.0,45.0,1879.84
2022-07-15,US,Baltimore,pm25,48,21.0,51.0,38.0,466.27
2022-07-15,US,Phoenix,pm25,186,7.0,59.0,24.0,1011.05
2022-07-15,US,Omaha,pm25,48,13.0,65.0,38.0,1121.13
2022-07-15,US,El Paso,pm25,135,5.0,71.0,34.0,2015.26
2022-07-15,US,Dallas,pm25,14,30.0,57.0,46.0,680.93
2022-07-15,US,Seattle,pm25,245,5.0,57.0,17.0,964.23
2022-07-15,US,Manhattan,pm25,61,2.0,76.0,22.0,1992.95
2022-07-15,US,Miami,pm25,94,14.0,55.0,24.0,947.1
2022-07-15,US,Jacksonville,pm25,141,4.0,88.0,25.0,1410.97
2022-07-15,US,San Antonio,pm25,92,2.0,54.0,29.0,1458.6
2022-07-15,US,Philadelphia,pm25,95,8.0,55.0,36.0,927.3
2022-07-15,US,San Diego,pm25,24,18.0,69.0,43.0,1519.93
2022-07-15,US,Columbus,pm25,48,10.0,50.0,31.0,546.31
2022-07-15,US,Saint Paul,pm25,37,5.0,38.0,17.0,717.25
2022-07-15,US,Denver,pm25,140,9.0,42.0,21.0,259.02
2022-07-15,US,Salt Lake City,pm25,216,5.0,68.0,28.0,1730.04
2022-07-15,US,Albuquerque,pm25,72,14.0,48.0,33.0,400.21
2022-07-15,US,San Francisco,pm25,72,9.0,61.0,34.0,1700.26
2022-07-15,US,Salem,pm25,71,5.0,28.0,12.0,186.18
2022-07-15,US,Madison,pm25,48,7.0,42.0,23.0,752.18
2022-07-15,US,Nashville,pm25,48,13.0,61.0,49.0,1199.98
2022-07-15,US,Tucson,pm25,161,9.0,53.0,25.0,994.4
2022-07-15,US,Queens,pm25,96,9.0,52.0,24.0,950.53
2022-07-15,US,Tallahassee,pm25,71,1.0,34.0,22.0,389.85
2022-07-15,US,Fort Worth,pm25,46,5.0,59.0,30.0,1539.58
2022-07-15,RS,Novi Sad,pm25,48,14.0,54.0,26.0,1186.81
2022-07-15,RS,Niš,pm25,48,10.0,55.0,23.0,1353.46
2022-07-15,RS,Belgrade,pm25,120,13.0,104.0,28.0,2937.36
2022-07-15,CY,Nicosia,pm25,24,18.0,64.0,51.0,1552.17
2022-07-15,CY,Limassol,pm25,24,42.0,76.0,59.0,800.58
2022-07-15,HR,Zagreb,pm25,24,25.0,53.0,38.0,649.55
2022-07-15,MK,Skopje,pm25,105,9.0,105.0,26.0,4408.79
2022-07-16,GE,Tbilisi,pm25,72,41.0,89.0,61.0,1643.66
2022-07-16,HU,Győr,pm25,48,13.0,80.0,34.0,4728.92
2022-07-16,HU,Pécs,pm25,45,17.0,34.0,25.0,137.0
2022-07-16,HU,Kecskemét,pm25,17,13.0,38.0,21.0,618.68
2022-07-16,HU,Miskolc,pm25,92,13.0,61.0,21.0,1296.15
2022-07-16,HU,Budapest,pm25,159,5.0,34.0,21.0,164.48
2022-07-16,JP,Fukuoka,pm25,388,5.0,102.0,30.0,3696.55
2022-07-16,JP,Kanazawa,pm25,226,5.0,57.0,30.0,1261.78
2022-07-16,JP,Kumamoto,pm25,294,5.0,82.0,34.0,2667.73
2022-07-16,JP,Akita,pm25,24,5.0,57.0,13.0,1386.07
2022-07-16,JP,Kochi,pm25,48,5.0,63.0,34.0,2646.34
2022-07-16,JP,Gifu-shi,pm25,171,5.0,74.0,30.0,2171.72
2022-07-16,JP,Kyoto,pm25,564,5.0,72.0,42.0,1848.29
2022-07-16,JP,Hiroshima,pm25,329,5.0,76.0,42.0,2241.25
2022-07-16,JP,Shizuoka,pm25,217,5.0,72.0,13.0,1282.95
2022-07-16,JP,Chiba,pm25,722,5.0,95.0,25.0,2375.03
2022-07-16,JP,Sapporo,pm25,207,5.0,57.0,21.0,1112.4
2022-07-16,JP,Yokohama,pm25,489,1.0,50.0,17.0,971.81
2022-07-16,JP,Tokyo,pm25,2487,1.0,107.0,17.0,1030.27
2022-07-16,JP,Saitama,pm25,469,5.0,63.0,17.0,584.93
2022-07-16,JP,Naha,pm25,144,9.0,46.0,21.0,1033.59
2022-07-16,JP,Nagasaki,pm25,183,5.0,85.0,30.0,4666.02
2022-07-16,JP,Toyama,pm25,187,5.0,107.0,30.0,1976.43
2022-07-16,JP,Niigata,pm25,210,5.0,38.0,17.0,438.2
2022-07-16,JP,Nara-shi,pm25,189,5.0,65.0,42.0,1589.97
2022-07-16,JP,Okayama,pm25,281,5.0,72.0,38.0,1813.63
2022-07-16,JP,Sendai,pm25,324,5.0,50.0,13.0,615.24
2022-07-16,JP,Osaka,pm25,1436,5.0,82.0,34.0,1781.08
2022-07-16,JP,Miyazaki,pm25,131,5.0,156.0,38.0,5335.2
2022-07-16,JP,Matsuyama,pm25,152,5.0,74.0,25.0,2302.24
2022-07-16,JP,Wakayama,pm25,276,5.0,65.0,25.0,1402.26
2022-07-16,JP,Takamatsu,pm25,239,9.0,63.0,38.0,1337.26
2022-07-16,JP,Nagoya,pm25,768,5.0,78.0,25.0,1721.8
2022-07-16,JP,Ōita,pm25,248,5.0,74.0,34.0,2370.46
2022-07-16,JP,Kobe,pm25,424,5.0,68.0,34.0,1284.16
2022-07-16,JP,Nagano,pm25,53,5.0,38.0,17.0,624.65
2022-07-16,JP,Utsunomiya,pm25,377,5.0,57.0,17.0,1447.27
2022-07-16,JP,Kagoshima,pm25,92,5.0,82.0,38.0,2624.01
2022-07-16,SK,Košice,pm25,94,21.0,80.0,38.0,1977.75
2022-07-16,SK,Bratislava,pm25,95,9.0,65.0,25.0,1159.12
2022-07-16,FI,Vantaa,pm25,24,4.0,20.0,9.0,135.58
2022-07-16,FI,Turku,pm25,24,3.0,13.0,8.0,70.27
2022-07-16,FI,Helsinki,pm25,118,1.0,31.0,6.0,131.95
2022-07-16,FI,Tampere,pm25,94,2.0,15.0,5.0,65.93
2022-07-16,ET,Addis Ababa,pm25,24,65.0,187.0,124.0,14525.2
2022-07-16,CH,Zürich,pm25,16,1.0,2.0,2.0,2.29
2022-07-16,CO,Bogotá,pm25,330,5.0,160.0,57.0,11428.5
2022-07-16,CO,Medellín,pm25,189,30.0,95.0,65.0,1717.29
2022-07-16,DK,Copenhagen,pm25,24,11.0,43.0,25.0,968.97
2022-07-16,GB,Edinburgh,pm25,283,9.0,55.0,18.0,450.31
2022-07-16,GB,Norwich,pm25,19,8.0,20.0,13.0,78.77
2022-07-16,GB,Liverpool,pm25,21,13.0,43.0,20.0,458.33
2022-07-16,GB,Belfast,pm25,51,13.0,33.0,25.0,240.52
2022-07-16,GB,Coventry,pm25,63,13.0,49.0,19.0,716.04
2022-07-16,GB,Leeds,pm25,43,15.0,55.0,30.0,1347.32
2022-07-16,GB,Cardiff,pm25,131,5.0,55.0,30.0,1190.22
2022-07-16,GB,Bristol,pm25,71,21.0,68.0,46.0,2310.41
2022-07-16,GB,London,pm25,504,3.0,80.0,25.0,1302.68
2022-07-16,GB,Birmingham,pm25,48,17.0,65.0,33.0,1458.51
2022-07-16,GB,Sheffield,pm25,68,8.0,54.0,17.0,1792.87
2022-07-16,GB,Newport,pm25,42,13.0,43.0,21.0,464.51
2022-07-16,GB,Leicester,pm25,19,13.0,35.0,24.0,530.41
2022-07-16,GB,Manchester,pm25,73,17.0,44.0,26.0,653.88
2022-07-16,GB,Reading,pm25,11,5.0,57.0,25.0,2910.18
2022-07-16,GB,Plymouth,pm25,42,5.0,28.0,21.0,489.66
2022-07-16,GB,Glasgow,pm25,564,1.0,54.0,16.0,542.22
2022-07-16,GB,Preston,pm25,42,12.0,40.0,17.0,430.8
2022-07-16,GB,Swansea,pm25,117,5.0,93.0,30.0,3875.91
2022-07-16,GB,Southend-on-Sea,pm25,35,11.0,26.0,18.0,151.97
2022-07-16,ID,Jakarta,pm25,45,25.0,158.0,55.0,6062.25
2022-07-16,NP,Kathmandu,pm25,48,25.0,82.0,50.0,2134.4
2022-07-16,AU,Sydney,pm25,159,3.0,109.0,27.0,5726.96
2022-07-16,AU,Newcastle,pm25,133,2.0,228.0,29.0,7289.98
2022-07-16,AU,Launceston,pm25,155,5.0,212.0,17.0,18422.9
2022-07-16,AU,Hobart,pm25,57,5.0,82.0,13.0,2406.97
2022-07-16,AU,Darwin,pm25,48,16.0,138.0,54.0,4841.12
2022-07-16,AU,Melbourne,pm25,158,1.0,51.0,14.0,991.9
2022-07-16,AU,Canberra,pm25,71,9.0,126.0,44.0,6313.68
2022-07-16,AU,Adelaide,pm25,86,3.0,29.0,13.0,374.26
2022-07-16,AU,Brisbane,pm25,216,1.0,100.0,31.0,4606.95
2022-07-16,AU,Perth,pm25,82,2.0,29.0,8.0,283.92
2022-07-16,AU,Wollongong,pm25,38,1.0,42.0,18.0,1269.08
2022-07-16,CI,Abidjan,pm25,24,17.0,72.0,46.0,2102.59
2022-07-16,GH,Accra,pm25,23,34.0,95.0,57.0,1472.25
2022-07-16,IQ,Baghdad,pm25,24,134.0,469.0,211.0,176539.0
2022-07-16,IS,Reykjavík,pm25,96,1.0,26.0,11.0,223.92
2022-07-16,KG,Bishkek,pm25,22,9.0,50.0,25.0,1677.06
2022-07-16,NL,Utrecht,pm25,45,1.0,52.0,29.0,1141.43
2022-07-16,NL,Nijmegen,pm25,47,4.0,47.0,16.0,789.56
2022-07-16,NL,Haarlem,pm25,134,1.0,55.0,18.0,1017.96
2022-07-16,NL,Eindhoven,pm25,24,13.0,68.0,51.0,1796.23
2022-07-16,NL,Rotterdam,pm25,186,3.0,38.0,14.0,251.29
2022-07-16,NL,Amsterdam,pm25,236,1.0,42.0,16.0,597.58
2022-07-16,NL,Dordrecht,pm25,24,1.0,46.0,17.0,1441.96
2022-07-16,NL,Breda,pm25,23,2.0,39.0,17.0,1217.47
2022-07-16,NL,Groningen,pm25,43,1.0,40.0,18.0,632.53
2022-07-16,NL,Maastricht,pm25,89,5.0,68.0,30.0,1979.14
2022-07-16,NL,The Hague,pm25,67,2.0,38.0,14.0,247.01
2022-07-16,PT,Lisbon,pm25,96,27.0,68.0,40.0,820.66
2022-07-16,PT,Funchal,pm25,67,1.0,40.0,20.0,1490.68
2022-07-16,CA,Hamilton,pm25,95,9.0,59.0,38.0,1231.05
2022-07-16,CA,Calgary,pm25,89,9.0,76.0,41.0,1908.13
2022-07-16,CA,Winnipeg,pm25,24,13.0,26.0,18.0,201.72
2022-07-16,CA,Halifax,pm25,46,22.0,49.0,30.0,524.02
2022-07-16,CA,Kitchener,pm25,45,21.0,53.0,34.0,756.43
2022-07-16,CA,Edmonton,pm25,112,9.0,70.0,31.0,1319.02
2022-07-16,CA,Mississauga,pm25,72,17.0,117.0,34.0,2555.48
2022-07-16,CA,Québec,pm25,172,20.0,81.0,35.0,1368.01
2022-07-16,CA,Vancouver,pm25,22,4.0,22.0,9.0,144.42
2022-07-16,CA,Victoria,pm25,32,5.0,34.0,13.0,530.6
2022-07-16,CA,Montréal,pm25,394,12.0,81.0,35.0,1438.9
2022-07-16,CA,Toronto,pm25,123,9.0,57.0,38.0,1099.55
2022-07-16,CA,Ottawa,pm25,64,9.0,60.0,31.0,870.91
2022-07-16,CA,London,pm25,47,9.0,63.0,38.0,1773.69
2022-07-16,US,Oklahoma City,pm25,96,19.0,61.0,45.0,1144.61
2022-07-16,US,Raleigh,pm25,71,17.0,63.0,43.0,1391.32
2022-07-16,US,Memphis,pm25,72,25.0,58.0,47.0,607.59
2022-07-16,US,Jackson,pm25,72,16.0,62.0,27.0,904.21
2022-07-16,US,Boston,pm25,110,17.0,59.0,30.0,703.8
2022-07-16,US,Richmond,pm25,96,25.0,54.0,40.0,452.19
2022-07-16,US,Portland,pm25,162,5.0,20.0,11.0,102.39
2022-07-16,US,Boise,pm25,91,3.0,52.0,27.0,1256.68
2022-07-16,US,Austin,pm25,48,21.0,91.0,59.0,3396.15
2022-07-16,US,Honolulu,pm25,24,9.0,38.0,17.0,484.27
2022-07-16,US,Fresno,pm25,48,13.0,60.0,46.0,1268.72
2022-07-16,US,Milwaukee,pm25,100,17.0,69.0,35.0,1634.12
2022-07-16,US,Hartford,pm25,48,31.0,39.0,34.0,30.39
2022-07-16,US,Washington D.C.,pm25,120,5.0,61.0,34.0,1145.43
2022-07-16,US,Chicago,pm25,240,3.0,60.0,27.0,1893.38
2022-07-16,US,Houston,pm25,96,10.0,108.0,76.0,5343.05
2022-07-16,US,Indianapolis,pm25,96,36.0,66.0,52.0,419.84
2022-07-16,US,Atlanta,pm25,24,27.0,42.0,35.0,178.53
2022-07-16,US,Charlotte,pm25,68,9.0,63.0,31.0,1871.86
2022-07-16,US,Sacramento,pm25,71,5.0,62.0,21.0,1091.12
2022-07-16,US,Oakland,pm25,83,5.0,55.0,25.0,1603.69
2022-07-16,US,Providence,pm25,40,5.0,53.0,25.0,2425.1
2022-07-16,US,Staten Island,pm25,111,5.0,72.0,40.0,2449.58
2022-07-16,US,Brooklyn,pm25,120,17.0,67.0,32.0,1179.71
2022-07-16,US,Springfield,pm25,72,21.0,70.0,49.0,892.94
2022-07-16,US,The Bronx,pm25,48,18.0,61.0,29.0,1194.82
2022-07-16,US,San Jose,pm25,95,5.0,50.0,21.0,1095.51
2022-07-16,US,Los Angeles,pm25,24,52.0,71.0,60.0,274.33
2022-07-16,US,Detroit,pm25,168,24.0,59.0,37.0,651.9
2022-07-16,US,Little Rock,pm25,24,18.0,65.0,49.0,1595.65
2022-07-16,US,Baltimore,pm25,48,9.0,53.0,40.0,1737.29
2022-07-16,US,Phoenix,pm25,190,3.0,70.0,27.0,1752.93
2022-07-16,US,Omaha,pm25,48,17.0,72.0,50.0,1050.31
2022-07-16,US,El Paso,pm25,137,5.0,68.0,25.0,1717.79
2022-07-16,US,Seattle,pm25,230,4.0,30.0,12.0,369.26
2022-07-16,US,Manhattan,pm25,71,3.0,65.0,31.0,1847.96
2022-07-16,US,Miami,pm25,94,12.0,38.0,23.0,459.99
2022-07-16,US,Jacksonville,pm25,144,5.0,56.0,30.0,1329.22
2022-07-16,US,San Antonio,pm25,94,13.0,120.0,65.0,4340.61
2022-07-16,US,Philadelphia,pm25,96,5.0,76.0,44.0,1481.31
2022-07-16,US,San Diego,pm25,24,31.0,68.0,53.0,693.75
2022-07-16,US,Columbus,pm25,48,19.0,58.0,38.0,1129.79
2022-07-16,US,Saint Paul,pm25,24,5.0,55.0,21.0,1200.87
2022-07-16,US,Denver,pm25,135,13.0,38.0,21.0,270.88
2022-07-16,US,Salt Lake City,pm25,216,12.0,85.0,25.0,1406.91
2022-07-16,US,Albuquerque,pm25,72,13.0,53.0,32.0,529.67
2022-07-16,US,San Francisco,pm25,66,5.0,65.0,25.0,2966.0
2022-07-16,US,Salem,pm25,72,5.0,22.0,11.0,106.54
2022-07-16,US,Madison,pm25,48,10.0,50.0,25.0,1223.83
2022-07-16,US,Nashville,pm25,48,25.0,63.0,51.0,656.7
2022-07-16,US,Tucson,pm25,166,5.0,46.0,25.0,832.05
2022-07-16,US,Queens,pm25,96,1.0,51.0,30.0,1213.67
2022-07-16,US,Tallahassee,pm25,71,11.0,52.0,31.0,972.63
2022-07-16,US,Fort Worth,pm25,47,13.0,53.0,30.0,1183.16
2022-07-16,RS,Novi Sad,pm25,48,15.0,68.0,28.0,1235.7
2022-07-16,RS,Niš,pm25,48,13.0,53.0,25.0,1229.57
2022-07-16,RS,Belgrade,pm25,120,13.0,153.0,30.0,3593.41
2022-07-16,CY,Nicosia,pm25,24,25.0,67.0,42.0,1144.93
2022-07-16,CY,Limassol,pm25,24,24.0,86.0,44.0,1852.1
2022-07-16,HR,Zagreb,pm25,24,26.0,45.0,30.0,300.22
2022-07-16,MK,Skopje,pm25,111,12.0,82.0,42.0,3063.48
2022-07-17,GE,Tbilisi,pm25,72,27.0,77.0,48.0,1508.92
2022-07-17,HU,Győr,pm25,34,5.0,65.0,13.0,5854.26
2022-07-17,HU,Pécs,pm25,39,9.0,21.0,13.0,104.94
2022-07-17,HU,Kecskemét,pm25,13,9.0,34.0,17.0,617.31
2022-07-17,HU,Miskolc,pm25,83,9.0,57.0,21.0,1563.25
2022-07-17,HU,Budapest,pm25,120,5.0,53.0,13.0,676.12
2022-07-17,JP,Fukuoka,pm25,401,5.0,107.0,46.0,2011.35
2022-07-17,JP,Kanazawa,pm25,226,5.0,59.0,25.0,1649.71
2022-07-17,JP,Kumamoto,pm25,316,5.0,87.0,50.0,2827.78
2022-07-17,JP,Akita,pm25,40,5.0,46.0,21.0,1151.05
2022-07-17,JP,Kochi,pm25,48,5.0,65.0,38.0,2432.91
2022-07-17,JP,Gifu-shi,pm25,167,5.0,76.0,25.0,2672.83
2022-07-17,JP,Kyoto,pm25,548,5.0,70.0,42.0,2567.4
2022-07-17,JP,Hiroshima,pm25,330,5.0,80.0,50.0,2524.45
2022-07-17,JP,Shizuoka,pm25,216,5.0,91.0,21.0,3264.33
2022-07-17,JP,Chiba,pm25,712,5.0,119.0,25.0,3660.33
2022-07-17,JP,Sapporo,pm25,195,5.0,59.0,17.0,1244.94
2022-07-17,JP,Yokohama,pm25,521,1.0,76.0,21.0,3008.11
2022-07-17,JP,Tokyo,pm25,2484,1.0,95.0,21.0,2766.8
2022-07-17,JP,Saitama,pm25,489,5.0,97.0,21.0,1654.31
2022-07-17,JP,Naha,pm25,144,5.0,50.0,30.0,1114.68
2022-07-17,JP,Nagasaki,pm25,192,5.0,68.0,46.0,1543.99
2022-07-17,JP,Toyama,pm25,178,5.0,74.0,30.0,2229.68
2022-07-17,JP,Niigata,pm25,212,5.0,50.0,21.0,507.92
2022-07-17,JP,Nara-shi,pm25,192,9.0,68.0,38.0,2252.93
2022-07-17,JP,Okayama,pm25,285,5.0,82.0,50.0,3537.35
2022-07-17,JP,Sendai,pm25,454,5.0,59.0,25.0,1667.21
2022-07-17,JP,Osaka,pm25,1435,5.0,109.0,42.0,2630.0
2022-07-17,JP,Miyazaki,pm25,140,5.0,102.0,53.0,2230.82
2022-07-17,JP,Matsuyama,pm25,163,5.0,87.0,42.0,2969.43
2022-07-17,JP,Wakayama,pm25,282,5.0,76.0,42.0,2649.55
2022-07-17,JP,Takamatsu,pm25,239,5.0,70.0,42.0,1607.56
2022-07-17,JP,Nagoya,pm25,735,5.0,99.0,30.0,2457.02
2022-07-17,JP,Ōita,pm25,256,5.0,618.0,50.0,15284.2
2022-07-17,JP,Kobe,pm25,421,5.0,91.0,46.0,2706.98
2022-07-17,JP,Nagano,pm25,46,5.0,42.0,13.0,642.59
2022-07-17,JP,Utsunomiya,pm25,413,5.0,65.0,21.0,857.19
2022-07-17,JP,Kagoshima,pm25,94,9.0,82.0,42.0,1671.97
2022-07-17,SK,Košice,pm25,92,9.0,89.0,30.0,2825.4
2022-07-17,SK,Bratislava,pm25,83,5.0,42.0,17.0,606.89
2022-07-17,FI,Vantaa,pm25,24,2.0,17.0,9.0,124.93
2022-07-17,FI,Turku,pm25,24,5.0,15.0,8.0,46.09
2022-07-17,FI,Helsinki,pm25,116,3.0,21.0,6.0,98.25
2022-07-17,FI,Tampere,pm25,94,2.0,20.0,5.0,86.15
2022-07-17,ET,Addis Ababa,pm25,24,57.0,154.0,99.0,6571.29
2022-07-17,CH,Zürich,pm25,11,1.0,2.0,1.0,2.73
2022-07-17,CO,Bogotá,pm25,316,5.0,99.0,25.0,3457.48
2022-07-17,CO,Medellín,pm25,272,23.0,95.0,57.0,1832.72
2022-07-17,DK,Copenhagen,pm25,24,20.0,51.0,29.0,643.41
2022-07-17,GB,Edinburgh,pm25,282,13.0,63.0,28.0,547.29
2022-07-17,GB,Norwich,pm25,24,15.0,37.0,19.0,331.3
2022-07-17,GB,Liverpool,pm25,18,32.0,57.0,38.0,505.26
2022-07-17,GB,Belfast,pm25,59,25.0,54.0,34.0,419.4
2022-07-17,GB,Coventry,pm25,43,21.0,53.0,33.0,774.52
2022-07-17,GB,Leeds,pm25,40,25.0,61.0,46.0,711.53
2022-07-17,GB,Cardiff,pm25,144,5.0,65.0,30.0,2800.41
2022-07-17,GB,Bristol,pm25,61,21.0,59.0,46.0,831.85
2022-07-17,GB,London,pm25,505,5.0,89.0,30.0,1876.49
2022-07-17,GB,Birmingham,pm25,30,38.0,69.0,46.0,1091.54
2022-07-17,GB,Sheffield,pm25,55,25.0,56.0,45.0,805.27
2022-07-17,GB,Newport,pm25,46,17.0,38.0,25.0,588.66
2022-07-17,GB,Leicester,pm25,18,25.0,52.0,30.0,644.48
2022-07-17,GB,Manchester,pm25,68,25.0,53.0,41.0,651.74
2022-07-17,GB,Reading,pm25,21,5.0,53.0,30.0,2060.9
2022-07-17,GB,Plymouth,pm25,38,13.0,30.0,25.0,164.56
2022-07-17,GB,Glasgow,pm25,556,1.0,63.0,27.0,417.3
2022-07-17,GB,Preston,pm25,40,22.0,54.0,39.0,789.0
2022-07-17,GB,Swansea,pm25,120,5.0,91.0,30.0,2510.07
2022-07-17,GB,Southend-on-Sea,pm25,48,13.0,56.0,23.0,1277.85
2022-07-17,ID,Jakarta,pm25,47,46.0,156.0,76.0,7411.58
2022-07-17,NP,Kathmandu,pm25,48,17.0,82.0,55.0,2468.35
2022-07-17,AU,Sydney,pm25,134,1.0,33.0,9.0,446.65
2022-07-17,AU,Newcastle,pm25,141,1.0,104.0,22.0,3335.81
2022-07-17,AU,Launceston,pm25,135,5.0,42.0,9.0,332.34
2022-07-17,AU,Hobart,pm25,34,5.0,21.0,5.0,205.49
2022-07-17,AU,Darwin,pm25,48,12.0,141.0,57.0,4437.45
2022-07-17,AU,Melbourne,pm25,116,1.0,59.0,16.0,1711.74
2022-07-17,AU,Canberra,pm25,53,1.0,51.0,14.0,1162.07
2022-07-17,AU,Adelaide,pm25,89,3.0,69.0,21.0,1519.11
2022-07-17,AU,Brisbane,pm25,214,3.0,91.0,25.0,3237.27
2022-07-17,AU,Perth,pm25,72,2.0,27.0,5.0,176.32
2022-07-17,AU,Wollongong,pm25,33,1.0,55.0,14.0,1637.58
2022-07-17,CI,Abidjan,pm25,23,13.0,57.0,38.0,1078.93
2022-07-17,GH,Accra,pm25,24,30.0,456.0,55.0,75755.9
2022-07-17,IQ,Baghdad,pm25,24,124.0,181.0,153.0,2695.92
2022-07-17,IS,Reykjavík,pm25,96,7.0,21.0,13.0,63.6
2022-07-17,KG,Bishkek,pm25,20,17.0,80.0,34.0,2618.32
2022-07-17,NL,Utrecht,pm25,48,10.0,53.0,29.0,1415.89
2022-07-17,NL,Nijmegen,pm25,48,4.0,56.0,22.0,1316.45
2022-07-17,NL,Haarlem,pm25,141,3.0,93.0,26.0,2423.33
2022-07-17,NL,Eindhoven,pm25,24,26.0,67.0,48.0,940.8
2022-07-17,NL,Rotterdam,pm25,191,11.0,62.0,20.0,953.12
2022-07-17,NL,Amsterdam,pm25,254,1.0,56.0,20.0,1239.81
2022-07-17,NL,Dordrecht,pm25,24,9.0,38.0,22.0,548.04
2022-07-17,NL,Breda,pm25,24,10.0,59.0,25.0,1335.05
2022-07-17,NL,Groningen,pm25,47,4.0,61.0,25.0,1460.83
2022-07-17,NL,Maastricht,pm25,94,5.0,59.0,30.0,1194.31
2022-07-17,NL,The Hague,pm25,70,1.0,51.0,22.0,977.55
2022-07-17,PT,Lisbon,pm25,96,23.0,57.0,38.0,641.58
2022-07-17,PT,Funchal,pm25,69,1.0,30.0,17.0,591.07
2022-07-17,CA,Hamilton,pm25,96,17.0,93.0,57.0,2675.68
2022-07-17,CA,Calgary,pm25,92,9.0,55.0,25.0,1036.14
2022-07-17,CA,Winnipeg,pm25,19,5.0,65.0,14.0,2019.53
2022-07-17,CA,Halifax,pm25,46,20.0,40.0,23.0,355.21
2022-07-17,CA,Kitchener,pm25,46,21.0,74.0,53.0,1403.07
2022-07-17,CA,Edmonton,pm25,115,8.0,51.0,25.0,836.45
2022-07-17,CA,Mississauga,pm25,69,9.0,127.0,42.0,2515.92
2022-07-17,CA,Québec,pm25,159,31.0,82.0,49.0,876.96
2022-07-17,CA,Vancouver,pm25,23,7.0,10.0,9.0,12.37
2022-07-17,CA,Victoria,pm25,39,5.0,25.0,13.0,216.57
2022-07-17,CA,Montréal,pm25,429,30.0,83.0,47.0,796.42
2022-07-17,CA,Toronto,pm25,115,9.0,59.0,42.0,1385.0
2022-07-17,CA,Ottawa,pm25,61,21.0,63.0,44.0,1184.15
2022-07-17,CA,London,pm25,39,13.0,50.0,38.0,1250.32
2022-07-17,US,Oklahoma City,pm25,96,27.0,61.0,40.0,576.45
2022-07-17,US,Raleigh,pm25,71,5.0,53.0,34.0,882.44
2022-07-17,US,Memphis,pm25,72,36.0,62.0,46.0,422.63
2022-07-17,US,Jackson,pm25,72,15.0,62.0,37.0,1172.25
2022-07-17,US,Boston,pm25,118,13.0,65.0,38.0,804.3
2022-07-17,US,Richmond,pm25,96,29.0,48.0,40.0,217.5
2022-07-17,US,Portland,pm25,156,5.0,21.0,10.0,46.94
2022-07-17,US,Boise,pm25,95,5.0,56.0,28.0,1445.87
2022-07-17,US,Austin,pm25,48,65.0,129.0,89.0,2659.25
2022-07-17,US,Honolulu,pm25,19,5.0,42.0,21.0,1143.16
2022-07-17,US,Fresno,pm25,47,9.0,62.0,42.0,1841.91
2022-07-17,US,Milwaukee,pm25,96,24.0,70.0,34.0,977.67
2022-07-17,US,Hartford,pm25,48,32.0,48.0,40.0,248.86
2022-07-17,US,Washington D.C.,pm25,119,5.0,55.0,33.0,775.49
2022-07-17,US,Chicago,pm25,240,20.0,66.0,37.0,1262.68
2022-07-17,US,Houston,pm25,96,62.0,130.0,91.0,1137.19
2022-07-17,US,Indianapolis,pm25,100,5.0,66.0,39.0,1239.53
2022-07-17,US,Atlanta,pm25,19,30.0,54.0,38.0,407.02
2022-07-17,US,Charlotte,pm25,72,10.0,50.0,30.0,722.52
2022-07-17,US,Sacramento,pm25,68,5.0,57.0,28.0,1496.38
2022-07-17,US,Oakland,pm25,96,5.0,61.0,46.0,1323.3
2022-07-17,US,Providence,pm25,43,5.0,59.0,34.0,2248.37
2022-07-17,US,Staten Island,pm25,118,3.0,72.0,37.0,2002.06
2022-07-17,US,Brooklyn,pm25,120,5.0,66.0,34.0,1609.44
2022-07-17,US,Springfield,pm25,72,8.0,75.0,43.0,1598.01
2022-07-17,US,The Bronx,pm25,48,9.0,66.0,38.0,2067.16
2022-07-17,US,San Jose,pm25,95,17.0,68.0,38.0,1612.41
2022-07-17,US,Los Angeles,pm25,24,35.0,71.0,58.0,980.27
2022-07-17,US,Detroit,pm25,168,20.0,69.0,35.0,1048.38
2022-07-17,US,Little Rock,pm25,24,17.0,76.0,50.0,2400.42
2022-07-17,US,Baltimore,pm25,48,21.0,59.0,40.0,1104.75
2022-07-17,US,Phoenix,pm25,191,1.0,74.0,25.0,1899.8
2022-07-17,US,Omaha,pm25,47,13.0,65.0,38.0,2205.36
2022-07-17,US,El Paso,pm25,153,5.0,67.0,30.0,2158.71
2022-07-17,US,Seattle,pm25,236,5.0,34.0,13.0,450.35
2022-07-17,US,Manhattan,pm25,72,13.0,56.0,34.0,965.68
2022-07-17,US,Miami,pm25,94,14.0,55.0,31.0,1021.43
2022-07-17,US,Jacksonville,pm25,144,7.0,59.0,20.0,633.5
2022-07-17,US,San Antonio,pm25,94,54.0,116.0,93.0,1986.95
2022-07-17,US,Philadelphia,pm25,95,6.0,101.0,38.0,1881.02
2022-07-17,US,San Diego,pm25,24,39.0,70.0,51.0,543.46
2022-07-17,US,Columbus,pm25,48,3.0,55.0,37.0,2242.7
2022-07-17,US,Saint Paul,pm25,33,9.0,53.0,28.0,788.01
2022-07-17,US,Denver,pm25,122,9.0,42.0,25.0,589.09
2022-07-17,US,Salt Lake City,pm25,216,4.0,154.0,28.0,4708.5
2022-07-17,US,Albuquerque,pm25,72,7.0,34.0,23.0,220.44
2022-07-17,US,San Francisco,pm25,72,21.0,95.0,46.0,1776.43
2022-07-17,US,Salem,pm25,72,8.0,15.0,10.0,34.86
2022-07-17,US,Madison,pm25,48,20.0,62.0,33.0,982.02
2022-07-17,US,Nashville,pm25,47,25.0,65.0,46.0,1000.19
2022-07-17,US,Tucson,pm25,163,5.0,55.0,25.0,1078.65
2022-07-17,US,Queens,pm25,96,6.0,51.0,28.0,1166.11
2022-07-17,US,Tallahassee,pm25,72,10.0,52.0,25.0,878.8
2022-07-17,US,Fort Worth,pm25,48,38.0,112.0,76.0,2723.93
2022-07-17,RS,Novi Sad,pm25,48,7.0,51.0,15.0,1400.78
2022-07-17,RS,Niš,pm25,48,14.0,67.0,29.0,1362.96
2022-07-17,RS,Belgrade,pm25,120,7.0,170.0,25.0,6800.05
2022-07-17,CY,Nicosia,pm25,24,5.0,65.0,33.0,2862.54
2022-07-17,CY,Limassol,pm25,24,41.0,75.0,56.0,939.71
2022-07-17,HR,Zagreb,pm25,24,15.0,34.0,21.0,338.97
2022-07-17,MK,Skopje,pm25,122,9.0,88.0,36.0,2354.04
2022-07-18,GE,Tbilisi,pm25,88,27.0,54.0,43.0,469.19
2022-07-18,HU,Győr,pm25,46,13.0,87.0,25.0,5864.27
2022-07-18,HU,Pécs,pm25,42,13.0,30.0,17.0,271.62
2022-07-18,HU,Kecskemét,pm25,16,9.0,30.0,17.0,382.96
2022-07-18,HU,Miskolc,pm25,92,9.0,50.0,17.0,1334.4
2022-07-18,HU,Budapest,pm25,187,9.0,34.0,17.0,276.12
2022-07-18,JP,Fukuoka,pm25,395,5.0,132.0,38.0,1662.97
2022-07-18,JP,Kanazawa,pm25,238,5.0,65.0,42.0,1560.39
2022-07-18,JP,Kumamoto,pm25,298,5.0,112.0,38.0,1505.79
2022-07-18,JP,Akita,pm25,45,5.0,55.0,25.0,1165.73
2022-07-18,JP,Kochi,pm25,48,30.0,102.0,55.0,2114.46
2022-07-18,JP,Gifu-shi,pm25,189,5.0,87.0,53.0,3139.82
2022-07-18,JP,Kyoto,pm25,582,17.0,107.0,61.0,1008.74
2022-07-18,JP,Hiroshima,pm25,336,13.0,97.0,57.0,1781.15
2022-07-18,JP,Shizuoka,pm25,254,5.0,85.0,50.0,2682.57
2022-07-18,JP,Chiba,pm25,791,5.0,282.0,50.0,4936.59
2022-07-18,JP,Sapporo,pm25,197,5.0,46.0,13.0,766.64
2022-07-18,JP,Yokohama,pm25,544,1.0,102.0,50.0,3148.87
2022-07-18,JP,Tokyo,pm25,2552,1.0,124.0,50.0,4111.79
2022-07-18,JP,Saitama,pm25,500,5.0,175.0,38.0,3600.0
2022-07-18,JP,Naha,pm25,144,9.0,57.0,25.0,1203.81
2022-07-18,JP,Nagasaki,pm25,187,5.0,63.0,34.0,921.92
2022-07-18,JP,Toyama,pm25,192,9.0,89.0,50.0,2034.67
2022-07-18,JP,Niigata,pm25,214,13.0,63.0,38.0,1716.26
2022-07-18,JP,Nara-shi,pm25,187,25.0,78.0,55.0,760.73
2022-07-18,JP,Okayama,pm25,286,38.0,87.0,55.0,686.01
2022-07-18,JP,Sendai,pm25,447,5.0,61.0,30.0,1436.33
2022-07-18,JP,Osaka,pm25,1466,5.0,109.0,53.0,1519.89
2022-07-18,JP,Miyazaki,pm25,139,5.0,95.0,53.0,2264.56
2022-07-18,JP,Matsuyama,pm25,165,9.0,102.0,57.0,2558.74
2022-07-18,JP,Wakayama,pm25,284,5.0,137.0,53.0,1976.68
2022-07-18,JP,Takamatsu,pm25,237,13.0,76.0,53.0,1480.1
2022-07-18,JP,Nagoya,pm25,785,1.0,152.0,55.0,1477.7
2022-07-18,JP,Ōita,pm25,257,5.0,95.0,53.0,2809.25
2022-07-18,JP,Kobe,pm25,423,9.0,80.0,53.0,1253.96
2022-07-18,JP,Nagano,pm25,51,13.0,82.0,38.0,3283.21
2022-07-18,JP,Utsunomiya,pm25,403,5.0,82.0,38.0,2411.78
2022-07-18,JP,Kagoshima,pm25,89,13.0,76.0,38.0,1977.93
2022-07-18,SK,Košice,pm25,94,9.0,107.0,46.0,4588.1
2022-07-18,SK,Bratislava,pm25,91,5.0,61.0,21.0,1196.81
2022-07-18,FI,Vantaa,pm25,23,6.0,19.0,12.0,175.38
2022-07-18,FI,Turku,pm25,24,4.0,20.0,11.0,179.06
2022-07-18,FI,Helsinki,pm25,119,4.0,28.0,8.0,180.37
2022-07-18,FI,Tampere,pm25,92,3.0,22.0,5.0,139.9
2022-07-18,ET,Addis Ababa,pm25,24,61.0,178.0,99.0,15543.3
2022-07-18,CH,Zürich,pm25,17,1.0,3.0,2.0,5.29
2022-07-18,CO,Bogotá,pm25,311,5.0,132.0,25.0,5303.43
2022-07-18,CO,Medellín,pm25,245,21.0,70.0,50.0,1041.72
2022-07-18,DK,Copenhagen,pm25,24,25.0,57.0,40.0,774.77
2022-07-18,GB,Edinburgh,pm25,281,18.0,70.0,34.0,1299.63
2022-07-18,GB,Norwich,pm25,17,28.0,47.0,30.0,364.71
2022-07-18,GB,Liverpool,pm25,29,21.0,99.0,37.0,2292.59
2022-07-18,GB,Belfast,pm25,44,30.0,51.0,38.0,261.76
2022-07-18,GB,Coventry,pm25,65,24.0,50.0,27.0,364.72
2022-07-18,GB,Leeds,pm25,34,30.0,63.0,42.0,877.76
2022-07-18,GB,Cardiff,pm25,130,5.0,68.0,38.0,2541.83
2022-07-18,GB,Bristol,pm25,64,25.0,74.0,53.0,1822.54
2022-07-18,GB,London,pm25,511,5.0,117.0,46.0,3022.73
2022-07-18,GB,Birmingham,pm25,37,34.0,71.0,41.0,1058.11
2022-07-18,GB,Sheffield,pm25,77,21.0,45.0,30.0,288.62
2022-07-18,GB,Newport,pm25,41,24.0,42.0,30.0,208.74
2022-07-18,GB,Leicester,pm25,24,25.0,43.0,27.0,335.63
2022-07-18,GB,Manchester,pm25,77,23.0,54.0,32.0,550.07
2022-07-18,GB,Reading,pm25,39,9.0,38.0,25.0,812.04
2022-07-18,GB,Plymouth,pm25,45,17.0,48.0,28.0,566.19
2022-07-18,GB,Glasgow,pm25,561,1.0,62.0,33.0,1213.76
2022-07-18,GB,Preston,pm25,39,21.0,53.0,38.0,455.59
2022-07-18,GB,Swansea,pm25,142,5.0,87.0,34.0,3276.96
2022-07-18,GB,Southend-on-Sea,pm25,41,18.0,52.0,30.0,593.11
2022-07-18,ID,Jakarta,pm25,47,72.0,178.0,129.0,10873.3
2022-07-18,NP,Kathmandu,pm25,48,21.0,80.0,55.0,1934.32
2022-07-18,AU,Sydney,pm25,155,1.0,50.0,15.0,1273.2
2022-07-18,AU,Newcastle,pm25,125,2.0,42.0,17.0,929.32
2022-07-18,AU,Launceston,pm25,136,5.0,197.0,9.0,11426.2
2022-07-18,AU,Hobart,pm25,53,5.0,63.0,9.0,1390.78
2022-07-18,AU,Darwin,pm25,47,8.0,159.0,58.0,9079.94
2022-07-18,AU,Melbourne,pm25,151,1.0,52.0,20.0,1424.11
2022-07-18,AU,Canberra,pm25,57,1.0,55.0,18.0,2141.0
2022-07-18,AU,Adelaide,pm25,88,1.0,61.0,17.0,1671.24
2022-07-18,AU,Brisbane,pm25,215,1.0,58.0,20.0,1525.18
2022-07-18,AU,Perth,pm25,73,2.0,16.0,5.0,83.9
2022-07-18,AU,Wollongong,pm25,31,3.0,37.0,17.0,813.16
2022-07-18,CI,Abidjan,pm25,24,38.0,63.0,46.0,556.94
2022-07-18,GH,Accra,pm25,24,30.0,102.0,55.0,3326.94
2022-07-18,IQ,Baghdad,pm25,24,70.0,160.0,112.0,6813.26
2022-07-18,IS,Reykjavík,pm25,96,4.0,55.0,11.0,718.34
2022-07-18,KG,Bishkek,pm25,12,21.0,42.0,38.0,354.77
2022-07-18,NL,Utrecht,pm25,48,2.0,70.0,40.0,2117.97
2022-07-18,NL,Nijmegen,pm25,48,11.0,61.0,30.0,1410.99
2022-07-18,NL,Haarlem,pm25,143,1.0,106.0,45.0,2396.27
2022-07-18,NL,Eindhoven,pm25,22,23.0,84.0,45.0,2530.76
2022-07-18,NL,Rotterdam,pm25,190,9.0,119.0,31.0,1549.39
2022-07-18,NL,Amsterdam,pm25,264,7.0,102.0,38.0,1644.83
2022-07-18,NL,Dordrecht,pm25,24,22.0,113.0,38.0,4011.3
2022-07-18,NL,Breda,pm25,24,16.0,76.0,44.0,2211.88
2022-07-18,NL,Groningen,pm25,46,12.0,67.0,33.0,1647.03
2022-07-18,NL,Maastricht,pm25,91,5.0,78.0,34.0,2284.28
2022-07-18,NL,The Hague,pm25,72,2.0,186.0,28.0,4707.42
2022-07-18,PT,Lisbon,pm25,75,13.0,46.0,28.0,631.61
2022-07-18,PT,Funchal,pm25,71,2.0,56.0,22.0,1624.13
2022-07-18,CA,Hamilton,pm25,84,9.0,70.0,25.0,2688.38
2022-07-18,CA,Calgary,pm25,91,6.0,52.0,21.0,1440.94
2022-07-18,CA,Winnipeg,pm25,24,31.0,61.0,43.0,824.28
2022-07-18,CA,Halifax,pm25,46,11.0,42.0,27.0,530.96
2022-07-18,CA,Kitchener,pm25,45,5.0,65.0,30.0,3681.28
2022-07-18,CA,Edmonton,pm25,106,10.0,59.0,24.0,1333.63
2022-07-18,CA,Mississauga,pm25,72,9.0,78.0,30.0,3447.03
2022-07-18,CA,Québec,pm25,182,18.0,71.0,52.0,865.34
2022-07-18,CA,Vancouver,pm25,23,6.0,27.0,14.0,364.31
2022-07-18,CA,Victoria,pm25,38,5.0,59.0,13.0,1323.21
2022-07-18,CA,Montréal,pm25,423,3.0,85.0,51.0,3005.45
2022-07-18,CA,Toronto,pm25,99,5.0,57.0,13.0,1007.99
2022-07-18,CA,Ottawa,pm25,68,30.0,59.0,46.0,741.38
2022-07-18,CA,London,pm25,47,5.0,61.0,21.0,1250.2
2022-07-18,US,Oklahoma City,pm25,96,32.0,72.0,49.0,966.95
2022-07-18,US,Raleigh,pm25,67,5.0,74.0,23.0,1040.68
2022-07-18,US,Memphis,pm25,72,12.0,76.0,24.0,4201.11
2022-07-18,US,Jackson,pm25,72,17.0,76.0,54.0,2162.46
2022-07-18,US,Boston,pm25,123,9.0,59.0,34.0,905.08
2022-07-18,US,Richmond,pm25,96,18.0,40.0,27.0,310.8
2022-07-18,US,Portland,pm25,160,5.0,47.0,14.0,166.97
2022-07-18,US,Boise,pm25,86,5.0,57.0,23.0,1294.97
2022-07-18,US,Austin,pm25,47,17.0,104.0,76.0,3780.32
2022-07-18,US,Honolulu,pm25,32,5.0,38.0,13.0,975.12
2022-07-18,US,Fresno,pm25,48,13.0,63.0,38.0,1752.34
2022-07-18,US,Milwaukee,pm25,126,26.0,59.0,36.0,504.54
2022-07-18,US,Hartford,pm25,48,24.0,56.0,35.0,699.57
2022-07-18,US,Washington D.C.,pm25,116,5.0,61.0,30.0,1261.06
2022-07-18,US,Chicago,pm25,238,14.0,58.0,36.0,846.21
2022-07-18,US,Houston,pm25,94,9.0,103.0,72.0,5981.0
2022-07-18,US,Indianapolis,pm25,96,20.0,63.0,41.0,892.33
2022-07-18,US,Atlanta,pm25,24,22.0,52.0,30.0,1023.32
2022-07-18,US,Charlotte,pm25,71,9.0,55.0,21.0,845.23
2022-07-18,US,Sacramento,pm25,70,9.0,66.0,42.0,1863.81
2022-07-18,US,Oakland,pm25,108,21.0,70.0,50.0,972.97
2022-07-18,US,Providence,pm25,36,5.0,50.0,30.0,1869.71
2022-07-18,US,Staten Island,pm25,119,4.0,67.0,40.0,2906.0
2022-07-18,US,Brooklyn,pm25,110,2.0,73.0,37.0,2639.66
2022-07-18,US,Springfield,pm25,72,20.0,70.0,37.0,963.0
2022-07-18,US,The Bronx,pm25,42,2.0,73.0,46.0,5056.21
2022-07-18,US,San Jose,pm25,94,17.0,87.0,50.0,1770.98
2022-07-18,US,Los Angeles,pm25,24,43.0,68.0,55.0,348.24
2022-07-18,US,Detroit,pm25,168,22.0,73.0,42.0,1289.81
2022-07-18,US,Little Rock,pm25,23,12.0,101.0,79.0,7882.92
2022-07-18,US,Baltimore,pm25,45,5.0,43.0,32.0,1183.77
2022-07-18,US,Phoenix,pm25,188,2.0,70.0,25.0,1214.6
2022-07-18,US,Omaha,pm25,44,5.0,55.0,25.0,1182.43
2022-07-18,US,El Paso,pm25,149,13.0,88.0,59.0,2089.39
2022-07-18,US,Dallas,pm25,13,76.0,102.0,85.0,485.26
2022-07-18,US,Seattle,pm25,258,5.0,46.0,21.0,593.57
2022-07-18,US,Manhattan,pm25,68,1.0,66.0,36.0,3452.67
2022-07-18,US,Miami,pm25,93,30.0,69.0,58.0,795.95
2022-07-18,US,Jacksonville,pm25,141,12.0,86.0,31.0,1602.19
2022-07-18,US,San Antonio,pm25,94,15.0,102.0,72.0,3205.69
2022-07-18,US,Philadelphia,pm25,66,3.0,114.0,35.0,2911.0
2022-07-18,US,San Diego,pm25,23,31.0,73.0,52.0,1297.15
2022-07-18,US,Columbus,pm25,48,6.0,40.0,25.0,739.29
2022-07-18,US,Saint Paul,pm25,58,5.0,63.0,26.0,1366.93
2022-07-18,US,Denver,pm25,151,9.0,46.0,21.0,524.79
2022-07-18,US,Salt Lake City,pm25,216,4.0,59.0,30.0,1271.42
2022-07-18,US,Albuquerque,pm25,72,15.0,58.0,27.0,593.99
2022-07-18,US,San Francisco,pm25,69,21.0,87.0,50.0,1473.28
2022-07-18,US,Salem,pm25,72,11.0,18.0,13.0,25.9
2022-07-18,US,Madison,pm25,48,23.0,43.0,31.0,239.93
2022-07-18,US,Nashville,pm25,53,5.0,93.0,32.0,1974.56
2022-07-18,US,Tucson,pm25,161,5.0,61.0,25.0,1035.61
2022-07-18,US,Queens,pm25,93,1.0,52.0,32.0,1925.5
2022-07-18,US,Tallahassee,pm25,56,2.0,47.0,25.0,652.88
2022-07-18,US,Fort Worth,pm25,48,65.0,111.0,82.0,844.26
2022-07-18,RS,Novi Sad,pm25,48,9.0,45.0,16.0,902.94
2022-07-18,RS,Niš,pm25,48,10.0,66.0,23.0,1244.18
2022-07-18,RS,Belgrade,pm25,120,9.0,68.0,22.0,2253.54
2022-07-18,CY,Nicosia,pm25,24,19.0,62.0,41.0,1170.14
2022-07-18,CY,Limassol,pm25,24,32.0,62.0,53.0,732.97
2022-07-18,HR,Zagreb,pm25,24,15.0,52.0,30.0,1601.45
2022-07-18,MK,Skopje,pm25,123,1.0,157.0,30.0,7111.15
2022-07-19,GE,Tbilisi,pm25,96,28.0,55.0,44.0,495.01
2022-07-19,HU,Győr,pm25,30,17.0,89.0,50.0,5841.66
2022-07-19,HU,Pécs,pm25,45,13.0,34.0,17.0,234.82
2022-07-19,HU,Kecskemét,pm25,14,9.0,30.0,25.0,561.32
2022-07-19,HU,Miskolc,pm25,74,13.0,59.0,21.0,1267.92
2022-07-19,HU,Budapest,pm25,134,9.0,53.0,21.0,608.68
2022-07-19,JP,Fukuoka,pm25,386,5.0,74.0,30.0,2043.81
2022-07-19,JP,Kanazawa,pm25,210,5.0,59.0,17.0,2295.97
2022-07-19,JP,Kumamoto,pm25,291,5.0,132.0,30.0,2505.13
2022-07-19,JP,Akita,pm25,42,5.0,61.0,34.0,1406.25
2022-07-19,JP,Kochi,pm25,47,5.0,95.0,50.0,3238.55
2022-07-19,JP,Gifu-shi,pm25,175,5.0,74.0,30.0,3720.41
2022-07-19,JP,Kyoto,pm25,576,5.0,85.0,34.0,2205.58
2022-07-19,JP,Hiroshima,pm25,287,5.0,63.0,25.0,2098.64
2022-07-19,JP,Shizuoka,pm25,242,5.0,76.0,25.0,3448.09
2022-07-19,JP,Chiba,pm25,741,5.0,85.0,34.0,2977.64
2022-07-19,JP,Sapporo,pm25,211,5.0,95.0,30.0,2544.35
2022-07-19,JP,Yokohama,pm25,510,1.0,72.0,25.0,2814.07
2022-07-19,JP,Tokyo,pm25,2496,1.0,102.0,30.0,4469.74
2022-07-19,JP,Saitama,pm25,495,13.0,107.0,70.0,925.05
2022-07-19,JP,Naha,pm25,129,5.0,46.0,17.0,1360.32
2022-07-19,JP,Nagasaki,pm25,187,5.0,59.0,34.0,1349.01
2022-07-19,JP,Toyama,pm25,185,5.0,129.0,34.0,3804.11
2022-07-19,JP,Niigata,pm25,214,5.0,63.0,42.0,1500.66
2022-07-19,JP,Nara-shi,pm25,180,5.0,89.0,25.0,1331.33
2022-07-19,JP,Okayama,pm25,286,5.0,72.0,34.0,2450.36
2022-07-19,JP,Sendai,pm25,440,25.0,74.0,42.0,863.25
2022-07-19,JP,Osaka,pm25,1409,5.0,72.0,34.0,1616.49
2022-07-19,JP,Miyazaki,pm25,137,9.0,124.0,38.0,3106.74
2022-07-19,JP,Matsuyama,pm25,160,5.0,76.0,25.0,2655.94
2022-07-19,JP,Wakayama,pm25,283,9.0,59.0,34.0,1313.39
2022-07-19,JP,Takamatsu,pm25,232,5.0,70.0,30.0,2922.12
2022-07-19,JP,Nagoya,pm25,731,5.0,68.0,25.0,1973.76
2022-07-19,JP,Ōita,pm25,237,5.0,144.0,30.0,2818.69
2022-07-19,JP,Kobe,pm25,423,5.0,78.0,30.0,2007.5
2022-07-19,JP,Nagano,pm25,60,13.0,144.0,42.0,2978.14
2022-07-19,JP,Utsunomiya,pm25,403,34.0,99.0,57.0,1248.0
2022-07-19,JP,Kagoshima,pm25,89,5.0,76.0,34.0,1646.91
2022-07-19,SK,Košice,pm25,91,21.0,95.0,57.0,2603.44
2022-07-19,SK,Bratislava,pm25,91,9.0,65.0,38.0,1375.74
2022-07-19,FI,Vantaa,pm25,23,2.0,38.0,20.0,900.83
2022-07-19,FI,Turku,pm25,24,7.0,37.0,16.0,497.81
2022-07-19,FI,Helsinki,pm25,118,4.0,38.0,17.0,713.45
2022-07-19,FI,Tampere,pm25,95,5.0,34.0,11.0,237.93
2022-07-19,ET,Addis Ababa,pm25,24,70.0,152.0,104.0,6375.0
2022-07-19,CH,Zürich,pm25,22,1.0,3.0,2.0,3.23
2022-07-19,CO,Bogotá,pm25,322,5.0,114.0,34.0,5574.71
2022-07-19,CO,Medellín,pm25,219,21.0,70.0,46.0,1024.52
2022-07-19,DK,Copenhagen,pm25,24,23.0,68.0,55.0,820.8
2022-07-19,GB,Edinburgh,pm25,282,23.0,80.0,45.0,995.47
2022-07-19,GB,Norwich,pm25,24,25.0,54.0,35.0,603.03
2022-07-19,GB,Liverpool,pm25,45,25.0,63.0,53.0,543.16
2022-07-19,GB,Belfast,pm25,51,10.0,53.0,38.0,806.6
2022-07-19,GB,Coventry,pm25,72,30.0,77.0,51.0,2062.82
2022-07-19,GB,Leeds,pm25,44,34.0,76.0,59.0,610.42
2022-07-19,GB,Cardiff,pm25,142,5.0,82.0,57.0,2911.57
2022-07-19,GB,Bristol,pm25,48,34.0,74.0,55.0,1147.34
2022-07-19,GB,London,pm25,416,5.0,129.0,54.0,3379.26
2022-07-19,GB,Birmingham,pm25,47,33.0,74.0,53.0,1264.22
2022-07-19,GB,Sheffield,pm25,92,30.0,85.0,53.0,1872.27
2022-07-19,GB,Newport,pm25,38,40.0,91.0,59.0,2353.6
2022-07-19,GB,Leicester,pm25,24,30.0,75.0,46.0,1690.71
2022-07-19,GB,Manchester,pm25,85,34.0,72.0,55.0,737.89
2022-07-19,GB,Reading,pm25,36,25.0,82.0,42.0,1874.63
2022-07-19,GB,Plymouth,pm25,46,30.0,124.0,65.0,4070.49
2022-07-19,GB,Glasgow,pm25,555,1.0,158.0,37.0,1414.53
2022-07-19,GB,Preston,pm25,45,34.0,68.0,50.0,776.28
2022-07-19,GB,Swansea,pm25,168,13.0,119.0,65.0,4323.23
2022-07-19,GB,Southend-on-Sea,pm25,48,25.0,123.0,51.0,3533.93
2022-07-19,ID,Jakarta,pm25,71,76.0,163.0,114.0,7720.0
2022-07-19,NP,Kathmandu,pm25,47,5.0,91.0,42.0,4444.1
2022-07-19,AU,Sydney,pm25,150,1.0,64.0,14.0,1096.71
2022-07-19,AU,Newcastle,pm25,137,2.0,48.0,14.0,641.24
2022-07-19,AU,Launceston,pm25,162,5.0,198.0,46.0,24649.6
2022-07-19,AU,Hobart,pm25,72,9.0,76.0,25.0,2758.71
2022-07-19,AU,Darwin,pm25,49,18.0,150.0,61.0,9642.48
2022-07-19,AU,Melbourne,pm25,161,2.0,64.0,30.0,2009.27
2022-07-19,AU,Canberra,pm25,61,2.0,54.0,15.0,1912.87
2022-07-19,AU,Adelaide,pm25,68,3.0,57.0,17.0,2042.84
2022-07-19,AU,Brisbane,pm25,215,2.0,60.0,20.0,1227.59
2022-07-19,AU,Perth,pm25,74,2.0,24.0,5.0,211.97
2022-07-19,AU,Wollongong,pm25,38,1.0,33.0,11.0,778.61
2022-07-19,CI,Abidjan,pm25,24,34.0,87.0,55.0,1773.26
2022-07-19,GH,Accra,pm25,24,38.0,104.0,61.0,2648.41
2022-07-19,IQ,Baghdad,pm25,24,102.0,186.0,139.0,4918.84
2022-07-19,IS,Reykjavík,pm25,96,3.0,53.0,14.0,1474.73
2022-07-19,NL,Utrecht,pm25,48,24.0,79.0,54.0,1614.02
2022-07-19,NL,Nijmegen,pm25,48,16.0,69.0,41.0,2010.2
2022-07-19,NL,Haarlem,pm25,141,8.0,101.0,57.0,2018.2
2022-07-19,NL,Eindhoven,pm25,24,28.0,95.0,61.0,4209.49
2022-07-19,NL,Rotterdam,pm25,189,25.0,98.0,46.0,814.36
2022-07-19,NL,Amsterdam,pm25,264,22.0,89.0,53.0,1354.64
2022-07-19,NL,Dordrecht,pm25,24,30.0,80.0,55.0,2004.28
2022-07-19,NL,Breda,pm25,24,35.0,86.0,55.0,2432.17
2022-07-19,NL,Groningen,pm25,48,29.0,83.0,51.0,1180.99
2022-07-19,NL,Maastricht,pm25,91,13.0,63.0,38.0,1615.84
2022-07-19,NL,The Hague,pm25,72,23.0,67.0,49.0,1065.76
2022-07-19,PT,Lisbon,pm25,90,13.0,52.0,23.0,518.47
2022-07-19,PT,Funchal,pm25,69,2.0,176.0,34.0,8173.26
2022-07-19,CA,Hamilton,pm25,85,9.0,59.0,34.0,1530.52
2022-07-19,CA,Calgary,pm25,92,4.0,53.0,22.0,2086.91
2022-07-19,CA,Winnipeg,pm25,24,11.0,69.0,33.0,2250.14
2022-07-19,CA,Halifax,pm25,46,5.0,38.0,12.0,600.55
2022-07-19,CA,Kitchener,pm25,44,9.0,59.0,38.0,1574.57
2022-07-19,CA,Edmonton,pm25,119,3.0,55.0,13.0,564.02
2022-07-19,CA,Mississauga,pm25,70,9.0,65.0,30.0,1698.02
2022-07-19,CA,Québec,pm25,186,14.0,54.0,35.0,627.71
2022-07-19,CA,Vancouver,pm25,23,9.0,24.0,18.0,228.97
2022-07-19,CA,Victoria,pm25,40,5.0,46.0,17.0,1004.0
2022-07-19,CA,Montréal,pm25,351,9.0,85.0,38.0,2478.98
2022-07-19,CA,Toronto,pm25,128,9.0,112.0,34.0,3513.09
2022-07-19,CA,Ottawa,pm25,71,17.0,70.0,40.0,2393.55
2022-07-19,CA,London,pm25,47,25.0,85.0,42.0,1639.49
2022-07-19,US,Oklahoma City,pm25,96,34.0,91.0,56.0,1583.05
2022-07-19,US,Raleigh,pm25,71,9.0,46.0,30.0,844.78
2022-07-19,US,Memphis,pm25,71,14.0,65.0,39.0,1276.03
2022-07-19,US,Jackson,pm25,72,15.0,65.0,28.0,1091.35
2022-07-19,US,Boston,pm25,122,5.0,97.0,25.0,2351.83
2022-07-19,US,Richmond,pm25,95,25.0,40.0,30.0,191.19
2022-07-19,US,Portland,pm25,167,13.0,38.0,21.0,351.87
2022-07-19,US,Boise,pm25,94,5.0,59.0,18.0,1010.8
2022-07-19,US,Austin,pm25,48,5.0,65.0,30.0,2765.51
2022-07-19,US,Honolulu,pm25,39,5.0,38.0,17.0,639.27
2022-07-19,US,Fresno,pm25,26,13.0,72.0,38.0,2241.54
2022-07-19,US,Milwaukee,pm25,144,25.0,55.0,36.0,521.86
2022-07-19,US,Hartford,pm25,48,20.0,56.0,33.0,1189.77
2022-07-19,US,Washington D.C.,pm25,113,9.0,59.0,30.0,1293.41
2022-07-19,US,Chicago,pm25,239,16.0,69.0,39.0,850.39
2022-07-19,US,Houston,pm25,92,5.0,63.0,34.0,2725.56
2022-07-19,US,Indianapolis,pm25,96,37.0,93.0,48.0,1035.89
2022-07-19,US,Atlanta,pm25,24,22.0,53.0,35.0,468.68
2022-07-19,US,Charlotte,pm25,71,9.0,46.0,25.0,561.23
2022-07-19,US,Sacramento,pm25,65,2.0,147.0,25.0,4508.28
2022-07-19,US,Oakland,pm25,115,5.0,152.0,25.0,2486.59
2022-07-19,US,Providence,pm25,38,5.0,50.0,25.0,1545.67
2022-07-19,US,Staten Island,pm25,98,2.0,167.0,38.0,4252.57
2022-07-19,US,Brooklyn,pm25,105,3.0,57.0,33.0,1888.23
2022-07-19,US,Springfield,pm25,72,34.0,79.0,47.0,668.78
2022-07-19,US,The Bronx,pm25,28,3.0,33.0,21.0,727.2
2022-07-19,US,San Jose,pm25,94,5.0,65.0,34.0,1620.73
2022-07-19,US,Los Angeles,pm25,24,27.0,64.0,49.0,889.11
2022-07-19,US,Detroit,pm25,167,34.0,71.0,45.0,675.78
2022-07-19,US,Little Rock,pm25,22,42.0,72.0,55.0,605.28
2022-07-19,US,Baltimore,pm25,47,5.0,80.0,42.0,3394.63
2022-07-19,US,Phoenix,pm25,188,10.0,63.0,25.0,991.34
2022-07-19,US,Omaha,pm25,41,5.0,55.0,21.0,1510.44
2022-07-19,US,El Paso,pm25,140,17.0,149.0,55.0,4837.76
2022-07-19,US,Dallas,pm25,24,25.0,74.0,46.0,1955.36
2022-07-19,US,Seattle,pm25,249,5.0,63.0,24.0,1138.82
2022-07-19,US,Manhattan,pm25,59,2.0,57.0,31.0,1971.47
2022-07-19,US,Miami,pm25,94,32.0,73.0,57.0,853.2
2022-07-19,US,Jacksonville,pm25,132,3.0,48.0,27.0,696.69
2022-07-19,US,San Antonio,pm25,94,10.0,80.0,46.0,2378.83
2022-07-19,US,Philadelphia,pm25,87,4.0,78.0,50.0,2495.89
2022-07-19,US,San Diego,pm25,23,31.0,68.0,53.0,806.76
2022-07-19,US,Columbus,pm25,48,10.0,63.0,37.0,1224.82
2022-07-19,US,Saint Paul,pm25,81,5.0,48.0,25.0,1022.53
2022-07-19,US,Denver,pm25,146,13.0,50.0,21.0,399.91
2022-07-19,US,Salt Lake City,pm25,215,18.0,82.0,35.0,1978.91
2022-07-19,US,Albuquerque,pm25,71,15.0,62.0,23.0,1035.17
2022-07-19,US,San Francisco,pm25,68,5.0,53.0,25.0,1357.73
2022-07-19,US,Salem,pm25,72,14.0,28.0,21.0,120.41
2022-07-19,US,Madison,pm25,48,24.0,57.0,33.0,1017.38
2022-07-19,US,Nashville,pm25,73,9.0,72.0,48.0,1409.9
2022-07-19,US,Tucson,pm25,162,5.0,82.0,25.0,1549.33
2022-07-19,US,Queens,pm25,85,1.0,60.0,35.0,2496.19
2022-07-19,US,Tallahassee,pm25,58,8.0,51.0,25.0,847.88
2022-07-19,US,Fort Worth,pm25,47,16.0,87.0,57.0,2498.07
2022-07-19,RS,Novi Sad,pm25,48,10.0,47.0,16.0,1162.87
2022-07-19,RS,Niš,pm25,48,11.0,53.0,27.0,1395.53
2022-07-19,RS,Belgrade,pm25,120,9.0,88.0,32.0,3495.08
2022-07-19,CY,Nicosia,pm25,24,30.0,62.0,45.0,843.7
2022-07-19,CY,Limassol,pm25,24,26.0,64.0,51.0,764.77
2022-07-19,HR,Zagreb,pm25,24,16.0,64.0,28.0,2338.26
2022-07-19,MK,Skopje,pm25,164,10.0,162.0,41.0,12647.4
2022-07-20,GE,Tbilisi,pm25,96,25.0,45.0,33.0,274.1
2022-07-20,HU,Győr,pm25,48,17.0,119.0,50.0,6426.37
2022-07-20,HU,Pécs,pm25,54,17.0,55.0,21.0,891.23
2022-07-20,HU,Kecskemét,pm25,21,13.0,42.0,25.0,944.57
2022-07-20,HU,Miskolc,pm25,110,13.0,89.0,30.0,2185.54
2022-07-20,HU,Budapest,pm25,186,9.0,68.0,30.0,1042.45
2022-07-20,JP,Fukuoka,pm25,394,5.0,117.0,50.0,1788.2
2022-07-20,JP,Kanazawa,pm25,232,5.0,61.0,30.0,1977.48
2022-07-20,JP,Kumamoto,pm25,293,5.0,65.0,30.0,1960.0
2022-07-20,JP,Akita,pm25,45,5.0,91.0,34.0,4395.68
2022-07-20,JP,Kochi,pm25,46,17.0,68.0,46.0,1646.85
2022-07-20,JP,Gifu-shi,pm25,148,5.0,72.0,34.0,2801.16
2022-07-20,JP,Kyoto,pm25,572,5.0,191.0,38.0,3500.99
2022-07-20,JP,Hiroshima,pm25,319,5.0,82.0,42.0,3130.38
2022-07-20,JP,Shizuoka,pm25,241,5.0,95.0,34.0,3167.93
2022-07-20,JP,Chiba,pm25,766,5.0,149.0,42.0,4836.77
2022-07-20,JP,Sapporo,pm25,196,5.0,89.0,25.0,1738.13
2022-07-20,JP,Yokohama,pm25,498,1.0,93.0,46.0,2974.46
2022-07-20,JP,Tokyo,pm25,2459,1.0,132.0,42.0,4382.72
2022-07-20,JP,Saitama,pm25,491,5.0,127.0,34.0,4820.99
2022-07-20,JP,Naha,pm25,125,5.0,38.0,17.0,802.24
2022-07-20,JP,Nagasaki,pm25,183,5.0,76.0,38.0,1860.74
2022-07-20,JP,Toyama,pm25,190,5.0,91.0,42.0,3565.61
2022-07-20,JP,Niigata,pm25,210,5.0,53.0,21.0,977.7
2022-07-20,JP,Nara-shi,pm25,189,5.0,87.0,34.0,1643.47
2022-07-20,JP,Okayama,pm25,286,13.0,80.0,46.0,1647.29
2022-07-20,JP,Sendai,pm25,413,5.0,68.0,25.0,1568.51
2022-07-20,JP,Osaka,pm25,1381,5.0,97.0,38.0,1988.06
2022-07-20,JP,Miyazaki,pm25,133,5.0,89.0,34.0,3585.07
2022-07-20,JP,Matsuyama,pm25,159,5.0,85.0,38.0,2771.74
2022-07-20,JP,Wakayama,pm25,283,9.0,70.0,34.0,1401.57
2022-07-20,JP,Takamatsu,pm25,237,5.0,61.0,34.0,1285.12
2022-07-20,JP,Nagoya,pm25,687,5.0,97.0,38.0,2688.29
2022-07-20,JP,Ōita,pm25,256,5.0,134.0,53.0,5487.87
2022-07-20,JP,Kobe,pm25,416,5.0,89.0,42.0,1298.2
2022-07-20,JP,Nagano,pm25,70,9.0,85.0,30.0,2890.48
2022-07-20,JP,Utsunomiya,pm25,398,5.0,97.0,46.0,3033.25
2022-07-20,JP,Kagoshima,pm25,96,5.0,85.0,30.0,2159.37
2022-07-20,SK,Košice,pm25,96,34.0,119.0,63.0,2658.37
2022-07-20,SK,Bratislava,pm25,78,17.0,63.0,42.0,1180.87
2022-07-20,FI,Vantaa,pm25,24,4.0,22.0,11.0,218.84
2022-07-20,FI,Turku,pm25,24,4.0,33.0,13.0,593.84
2022-07-20,FI,Helsinki,pm25,117,3.0,30.0,7.0,159.25
2022-07-20,FI,Tampere,pm25,94,3.0,50.0,8.0,561.1
2022-07-20,ET,Addis Ababa,pm25,13,57.0,149.0,104.0,8427.56
2022-07-20,CH,Zürich,pm25,23,2.0,4.0,3.0,2.92
2022-07-20,CO,Bogotá,pm25,315,5.0,122.0,25.0,3872.92
2022-07-20,CO,Medellín,pm25,238,13.0,74.0,53.0,1422.31
2022-07-20,DK,Copenhagen,pm25,24,35.0,66.0,55.0,650.85
2022-07-20,GB,Edinburgh,pm25,279,6.0,80.0,22.0,2184.71
2022-07-20,GB,Norwich,pm25,22,51.0,110.0,72.0,2289.44
2022-07-20,GB,Liverpool,pm25,38,21.0,61.0,46.0,761.37
2022-07-20,GB,Belfast,pm25,69,6.0,38.0,17.0,645.77
2022-07-20,GB,Coventry,pm25,61,15.0,94.0,66.0,2112.33
2022-07-20,GB,Leeds,pm25,39,49.0,68.0,59.0,173.78
2022-07-20,GB,Cardiff,pm25,134,5.0,65.0,42.0,2609.95
2022-07-20,GB,Bristol,pm25,21,17.0,74.0,55.0,969.62
2022-07-20,GB,London,pm25,413,5.0,127.0,59.0,1970.22
2022-07-20,GB,Birmingham,pm25,40,19.0,73.0,59.0,1150.87
2022-07-20,GB,Sheffield,pm25,79,5.0,92.0,61.0,2054.53
2022-07-20,GB,Newport,pm25,48,17.0,91.0,54.0,3443.61
2022-07-20,GB,Leicester,pm25,20,29.0,100.0,62.0,2472.5
2022-07-20,GB,Manchester,pm25,85,21.0,70.0,39.0,1585.58
2022-07-20,GB,Reading,pm25,36,5.0,61.0,34.0,1813.11
2022-07-20,GB,Plymouth,pm25,42,5.0,68.0,53.0,1646.74
2022-07-20,GB,Glasgow,pm25,546,1.0,30.0,10.0,179.08
2022-07-20,GB,Preston,pm25,39,18.0,56.0,34.0,1513.6
2022-07-20,GB,Swansea,pm25,130,5.0,107.0,38.0,2921.28
2022-07-20,GB,Southend-on-Sea,pm25,44,29.0,134.0,61.0,4208.6
2022-07-20,ID,Jakarta,pm25,70,87.0,175.0,139.0,6598.77
2022-07-20,NP,Kathmandu,pm25,55,9.0,95.0,53.0,2674.32
2022-07-20,NP,Biratnagar,pm25,7,34.0,55.0,52.0,518.1
2022-07-20,AU,Sydney,pm25,158,1.0,39.0,14.0,727.47
2022-07-20,AU,Newcastle,pm25,120,1.0,49.0,15.0,1312.97
2022-07-20,AU,Launceston,pm25,161,5.0,204.0,46.0,24022.5
2022-07-20,AU,Hobart,pm25,68,5.0,95.0,21.0,5666.55
2022-07-20,AU,Darwin,pm25,48,17.0,166.0,61.0,6273.79
2022-07-20,AU,Melbourne,pm25,166,4.0,105.0,48.0,2854.05
2022-07-20,AU,Canberra,pm25,53,2.0,54.0,16.0,1566.02
2022-07-20,AU,Adelaide,pm25,81,2.0,61.0,17.0,1470.0
2022-07-20,AU,Brisbane,pm25,214,1.0,53.0,17.0,823.55
2022-07-20,AU,Perth,pm25,70,2.0,10.0,5.0,58.19
2022-07-20,AU,Wollongong,pm25,31,2.0,72.0,10.0,1721.89
2022-07-20,CI,Abidjan,pm25,24,21.0,70.0,50.0,1137.1
2022-07-20,GH,Accra,pm25,24,42.0,114.0,59.0,4153.03
2022-07-20,IQ,Baghdad,pm25,24,132.0,243.0,157.0,4676.5
2022-07-20,IS,Reykjavík,pm25,96,7.0,57.0,16.0,1647.51
2022-07-20,NL,Utrecht,pm25,48,28.0,114.0,59.0,3307.62
2022-07-20,NL,Nijmegen,pm25,48,25.0,97.0,53.0,3352.97
2022-07-20,NL,Haarlem,pm25,143,11.0,151.0,56.0,4817.33
2022-07-20,NL,Eindhoven,pm25,24,24.0,98.0,60.0,3057.81
2022-07-20,NL,Rotterdam,pm25,192,32.0,140.0,65.0,4605.39
2022-07-20,NL,Amsterdam,pm25,264,17.0,135.0,54.0,3823.41
2022-07-20,NL,Dordrecht,pm25,24,46.0,119.0,59.0,3714.71
2022-07-20,NL,Breda,pm25,24,34.0,98.0,58.0,2148.53
2022-07-20,NL,Groningen,pm25,48,7.0,92.0,51.0,2437.8
2022-07-20,NL,Maastricht,pm25,95,25.0,97.0,53.0,3141.48
2022-07-20,NL,The Hague,pm25,72,18.0,136.0,62.0,5816.4
2022-07-20,PT,Lisbon,pm25,72,13.0,43.0,23.0,394.65
2022-07-20,PT,Funchal,pm25,66,3.0,176.0,33.0,5467.35
2022-07-20,CA,Hamilton,pm25,93,13.0,68.0,38.0,1419.98
2022-07-20,CA,Calgary,pm25,89,3.0,43.0,9.0,795.63
2022-07-20,CA,Winnipeg,pm25,24,25.0,59.0,47.0,1125.49
2022-07-20,CA,Halifax,pm25,46,20.0,38.0,28.0,273.96
2022-07-20,CA,Kitchener,pm25,46,17.0,59.0,46.0,1469.94
2022-07-20,CA,Edmonton,pm25,107,2.0,55.0,16.0,673.04
2022-07-20,CA,Mississauga,pm25,71,13.0,63.0,38.0,1765.89
2022-07-20,CA,Québec,pm25,158,22.0,60.0,33.0,960.79
2022-07-20,CA,Vancouver,pm25,23,9.0,31.0,17.0,371.82
2022-07-20,CA,Victoria,pm25,40,5.0,42.0,21.0,992.81
2022-07-20,CA,Montréal,pm25,353,18.0,99.0,49.0,1560.33
2022-07-20,CA,Toronto,pm25,140,5.0,70.0,34.0,1945.68
2022-07-20,CA,Ottawa,pm25,67,21.0,63.0,40.0,1101.09
2022-07-20,CA,London,pm25,48,9.0,65.0,38.0,1686.91
2022-07-20,US,Oklahoma City,pm25,96,34.0,82.0,58.0,643.03
2022-07-20,US,Raleigh,pm25,70,5.0,78.0,39.0,1889.49
2022-07-20,US,Memphis,pm25,72,22.0,58.0,43.0,1093.42
2022-07-20,US,Jackson,pm25,72,23.0,55.0,38.0,657.42
2022-07-20,US,Boston,pm25,117,34.0,72.0,50.0,735.2
2022-07-20,US,Richmond,pm25,96,23.0,52.0,32.0,588.0
2022-07-20,US,Portland,pm25,167,9.0,40.0,18.0,395.01
2022-07-20,US,Boise,pm25,94,5.0,55.0,25.0,1290.31
2022-07-20,US,Austin,pm25,47,17.0,76.0,42.0,2063.48
2022-07-20,US,Honolulu,pm25,35,5.0,46.0,17.0,926.17
2022-07-20,US,Fresno,pm25,30,9.0,108.0,25.0,7187.23
2022-07-20,US,Milwaukee,pm25,144,15.0,69.0,48.0,1031.76
2022-07-20,US,Hartford,pm25,48,36.0,60.0,50.0,566.6
2022-07-20,US,Washington D.C.,pm25,118,5.0,55.0,35.0,949.05
2022-07-20,US,Chicago,pm25,237,14.0,106.0,48.0,1292.06
2022-07-20,US,Houston,pm25,94,10.0,65.0,46.0,1216.06
2022-07-20,US,Indianapolis,pm25,89,38.0,70.0,54.0,521.26
2022-07-20,US,Atlanta,pm25,24,30.0,43.0,35.0,163.75
2022-07-20,US,Charlotte,pm25,71,13.0,59.0,30.0,1251.2
2022-07-20,US,Sacramento,pm25,70,2.0,59.0,21.0,1203.77
2022-07-20,US,Oakland,pm25,96,5.0,34.0,17.0,484.7
2022-07-20,US,Providence,pm25,47,21.0,65.0,50.0,809.12
2022-07-20,US,Staten Island,pm25,61,37.0,173.0,59.0,4484.63
2022-07-20,US,Brooklyn,pm25,48,3.0,71.0,53.0,3126.06
2022-07-20,US,Springfield,pm25,57,21.0,79.0,55.0,1874.44
2022-07-20,US,San Jose,pm25,94,5.0,61.0,25.0,1191.64
2022-07-20,US,Los Angeles,pm25,24,34.0,79.0,50.0,1268.41
2022-07-20,US,Detroit,pm25,168,38.0,149.0,53.0,1838.48
2022-07-20,US,Little Rock,pm25,22,30.0,59.0,51.0,890.41
2022-07-20,US,Baltimore,pm25,48,17.0,60.0,50.0,949.43
2022-07-20,US,Phoenix,pm25,188,3.0,49.0,22.0,904.74
2022-07-20,US,Omaha,pm25,48,9.0,72.0,50.0,3252.87
2022-07-20,US,El Paso,pm25,142,5.0,104.0,30.0,3679.77
2022-07-20,US,Dallas,pm25,24,34.0,57.0,46.0,561.58
2022-07-20,US,Seattle,pm25,261,9.0,82.0,25.0,1533.61
2022-07-20,US,Manhattan,pm25,48,29.0,71.0,55.0,851.17
2022-07-20,US,Miami,pm25,94,15.0,45.0,23.0,664.66
2022-07-20,US,Jacksonville,pm25,139,6.0,50.0,28.0,665.2
2022-07-20,US,San Antonio,pm25,94,19.0,73.0,51.0,1598.16
2022-07-20,US,Philadelphia,pm25,96,18.0,66.0,51.0,619.14
2022-07-20,US,San Diego,pm25,24,30.0,65.0,52.0,724.06
2022-07-20,US,Columbus,pm25,48,9.0,69.0,47.0,1422.54
2022-07-20,US,Saint Paul,pm25,95,5.0,77.0,47.0,3114.18
2022-07-20,US,Denver,pm25,152,13.0,42.0,25.0,505.42
2022-07-20,US,Salt Lake City,pm25,216,14.0,71.0,35.0,1198.25
2022-07-20,US,Albuquerque,pm25,72,15.0,66.0,21.0,640.69
2022-07-20,US,San Francisco,pm25,60,5.0,34.0,17.0,514.23
2022-07-20,US,Salem,pm25,72,12.0,43.0,24.0,348.26
2022-07-20,US,Madison,pm25,47,25.0,72.0,48.0,1390.96
2022-07-20,US,Nashville,pm25,72,30.0,63.0,48.0,461.53
2022-07-20,US,Tucson,pm25,154,5.0,53.0,25.0,1130.28
2022-07-20,US,Queens,pm25,69,14.0,69.0,57.0,988.41
2022-07-20,US,Tallahassee,pm25,66,1.0,50.0,23.0,1044.4
2022-07-20,US,Fort Worth,pm25,46,25.0,151.0,51.0,3436.08
2022-07-20,RS,Novi Sad,pm25,48,11.0,52.0,18.0,1118.56
2022-07-20,RS,Niš,pm25,48,10.0,59.0,24.0,1559.36
2022-07-20,RS,Belgrade,pm25,120,12.0,239.0,35.0,9362.11
2022-07-20,CY,Nicosia,pm25,18,14.0,89.0,52.0,3197.12
2022-07-20,CY,Limassol,pm25,24,37.0,70.0,56.0,530.71
2022-07-20,HR,Zagreb,pm25,24,14.0,55.0,39.0,2460.42
2022-07-20,MK,Skopje,pm25,168,8.0,116.0,37.0,3753.07
2022-07-21,GE,Tbilisi,pm25,96,21.0,40.0,31.0,269.05
2022-07-21,HU,Győr,pm25,44,17.0,114.0,42.0,6404.33
2022-07-21,HU,Pécs,pm25,67,17.0,50.0,25.0,962.24
2022-07-21,HU,Kecskemét,pm25,48,21.0,57.0,38.0,1423.76
2022-07-21,HU,Miskolc,pm25,115,13.0,95.0,34.0,2485.79
2022-07-21,HU,Budapest,pm25,158,21.0,57.0,30.0,790.02
2022-07-21,JP,Fukuoka,pm25,381,5.0,104.0,46.0,1873.4
2022-07-21,JP,Kanazawa,pm25,237,9.0,70.0,46.0,1059.77
2022-07-21,JP,Kumamoto,pm25,321,5.0,74.0,38.0,2413.11
2022-07-21,JP,Akita,pm25,43,13.0,63.0,21.0,1535.87
2022-07-21,JP,Kochi,pm25,44,34.0,85.0,59.0,929.83
2022-07-21,JP,Gifu-shi,pm25,142,9.0,89.0,53.0,2136.23
2022-07-21,JP,Kyoto,pm25,557,9.0,89.0,57.0,1235.69
2022-07-21,JP,Hiroshima,pm25,330,5.0,89.0,57.0,2368.19
2022-07-21,JP,Shizuoka,pm25,257,9.0,93.0,46.0,2119.08
2022-07-21,JP,Chiba,pm25,737,5.0,95.0,38.0,2749.21
2022-07-21,JP,Sapporo,pm25,205,5.0,70.0,21.0,1458.53
2022-07-21,JP,Yokohama,pm25,503,1.0,72.0,46.0,1714.14
2022-07-21,JP,Tokyo,pm25,2515,1.0,119.0,50.0,995.0
2022-07-21,JP,Saitama,pm25,491,17.0,74.0,53.0,812.95
2022-07-21,JP,Naha,pm25,133,5.0,42.0,17.0,762.72
2022-07-21,JP,Nagasaki,pm25,191,5.0,68.0,34.0,1815.93
2022-07-21,JP,Toyama,pm25,187,13.0,109.0,50.0,1492.25
2022-07-21,JP,Niigata,pm25,212,9.0,57.0,25.0,835.83
2022-07-21,JP,Nara-shi,pm25,184,21.0,76.0,53.0,840.84
2022-07-21,JP,Okayama,pm25,280,34.0,89.0,59.0,1017.74
2022-07-21,JP,Sendai,pm25,427,13.0,65.0,34.0,1000.46
2022-07-21,JP,Osaka,pm25,1428,5.0,129.0,55.0,1911.48
2022-07-21,JP,Miyazaki,pm25,134,5.0,109.0,50.0,3110.25
2022-07-21,JP,Matsuyama,pm25,166,13.0,102.0,53.0,2417.4
2022-07-21,JP,Wakayama,pm25,281,21.0,234.0,53.0,2595.4
2022-07-21,JP,Takamatsu,pm25,237,13.0,91.0,55.0,1674.99
2022-07-21,JP,Nagoya,pm25,749,5.0,122.0,59.0,1487.81
2022-07-21,JP,Ōita,pm25,258,5.0,87.0,50.0,4025.11
2022-07-21,JP,Kobe,pm25,423,13.0,72.0,53.0,812.83
2022-07-21,JP,Nagano,pm25,61,25.0,85.0,53.0,1662.3
2022-07-21,JP,Utsunomiya,pm25,406,13.0,74.0,38.0,1475.47
2022-07-21,JP,Kagoshima,pm25,86,13.0,89.0,38.0,2617.57
2022-07-21,SK,Košice,pm25,96,34.0,87.0,57.0,1551.26
2022-07-21,SK,Bratislava,pm25,72,25.0,68.0,50.0,794.65
2022-07-21,FI,Vantaa,pm25,24,18.0,52.0,33.0,1091.14
2022-07-21,FI,Turku,pm25,24,19.0,51.0,33.0,858.19
2022-07-21,FI,Helsinki,pm25,120,7.0,64.0,25.0,1675.12
2022-07-21,FI,Tampere,pm25,96,9.0,48.0,23.0,952.42
2022-07-21,ET,Addis Ababa,pm25,24,34.0,165.0,93.0,20417.4
2022-07-21,CH,Zürich,pm25,22,2.0,4.0,3.0,5.04
2022-07-21,CO,Bogotá,pm25,304,5.0,129.0,34.0,5689.49
2022-07-21,CO,Medellín,pm25,252,30.0,85.0,57.0,1003.97
2022-07-21,DK,Copenhagen,pm25,24,33.0,105.0,62.0,2450.85
2022-07-21,GB,Edinburgh,pm25,281,5.0,57.0,12.0,571.62
2022-07-21,GB,Norwich,pm25,23,16.0,72.0,50.0,2635.45
2022-07-21,GB,Liverpool,pm25,30,12.0,30.0,21.0,202.82
2022-07-21,GB,Belfast,pm25,49,9.0,27.0,17.0,182.37
2022-07-21,GB,Coventry,pm25,68,17.0,55.0,30.0,1015.23
2022-07-21,GB,Leeds,pm25,43,12.0,70.0,50.0,1995.02
2022-07-21,GB,Cardiff,pm25,128,5.0,50.0,30.0,1925.59
2022-07-21,GB,Bristol,pm25,23,17.0,65.0,34.0,1236.64
2022-07-21,GB,London,pm25,491,5.0,91.0,33.0,1866.02
2022-07-21,GB,Birmingham,pm25,46,17.0,51.0,31.0,726.92
2022-07-21,GB,Sheffield,pm25,80,14.0,57.0,31.0,1142.02
2022-07-21,GB,Newport,pm25,46,9.0,35.0,15.0,541.6
2022-07-21,GB,Leicester,pm25,22,13.0,53.0,30.0,972.83
2022-07-21,GB,Manchester,pm25,80,5.0,62.0,21.0,2560.4
2022-07-21,GB,Reading,pm25,42,9.0,38.0,21.0,555.57
2022-07-21,GB,Plymouth,pm25,39,5.0,34.0,17.0,658.66
2022-07-21,GB,Glasgow,pm25,552,2.0,43.0,11.0,173.85
2022-07-21,GB,Preston,pm25,40,12.0,28.0,17.0,170.67
2022-07-21,GB,Swansea,pm25,131,5.0,63.0,21.0,1151.67
2022-07-21,GB,Southend-on-Sea,pm25,41,16.0,50.0,36.0,567.51
2022-07-21,ID,Jakarta,pm25,71,80.0,167.0,129.0,5050.18
2022-07-21,NP,Kathmandu,pm25,71,13.0,116.0,59.0,5374.84
2022-07-21,NP,Biratnagar,pm25,24,33.0,63.0,46.0,900.85
2022-07-21,AU,Sydney,pm25,159,1.0,45.0,15.0,840.81
2022-07-21,AU,Newcastle,pm25,125,1.0,66.0,15.0,1143.18
2022-07-21,AU,Launceston,pm25,144,5.0,175.0,42.0,16942.1
2022-07-21,AU,Hobart,pm25,70,5.0,112.0,30.0,4996.97
2022-07-21,AU,Darwin,pm25,61,18.0,110.0,60.0,5405.15
2022-07-21,AU,Melbourne,pm25,167,2.0,137.0,56.0,5156.68
2022-07-21,AU,Canberra,pm25,57,1.0,66.0,13.0,2146.41
2022-07-21,AU,Adelaide,pm25,91,5.0,78.0,21.0,1924.2
2022-07-21,AU,Brisbane,pm25,206,1.0,67.0,16.0,976.84
2022-07-21,AU,Perth,pm25,69,2.0,10.0,6.0,66.27
2022-07-21,AU,Wollongong,pm25,39,1.0,73.0,9.0,3092.2
2022-07-21,CI,Abidjan,pm25,24,21.0,63.0,38.0,1073.32
2022-07-21,GH,Accra,pm25,24,30.0,122.0,59.0,6102.54
2022-07-21,IQ,Baghdad,pm25,24,158.0,466.0,192.0,49778.0
2022-07-21,IS,Reykjavík,pm25,96,4.0,57.0,11.0,1060.74
2022-07-21,NL,Utrecht,pm25,46,1.0,75.0,32.0,3965.29
2022-07-21,NL,Nijmegen,pm25,46,5.0,75.0,35.0,4057.26
2022-07-21,NL,Haarlem,pm25,140,1.0,110.0,45.0,3912.29
2022-07-21,NL,Eindhoven,pm25,24,7.0,91.0,50.0,3795.92
2022-07-21,NL,Rotterdam,pm25,191,1.0,72.0,34.0,3247.33
2022-07-21,NL,Amsterdam,pm25,243,1.0,97.0,35.0,4611.54
2022-07-21,NL,Dordrecht,pm25,24,9.0,59.0,25.0,2337.23
2022-07-21,NL,Breda,pm25,24,12.0,58.0,31.0,1789.49
2022-07-21,NL,Groningen,pm25,45,4.0,73.0,43.0,3196.64
2022-07-21,NL,Maastricht,pm25,94,5.0,55.0,34.0,1355.7
2022-07-21,NL,The Hague,pm25,66,1.0,73.0,32.0,4236.94
2022-07-21,PT,Lisbon,pm25,85,17.0,65.0,35.0,1401.18
2022-07-21,PT,Funchal,pm25,51,1.0,46.0,28.0,1569.46
2022-07-21,CA,Hamilton,pm25,70,5.0,55.0,30.0,1154.46
2022-07-21,CA,Calgary,pm25,92,8.0,70.0,34.0,1482.32
2022-07-21,CA,Winnipeg,pm25,24,20.0,26.0,23.0,27.17
2022-07-21,CA,Halifax,pm25,46,28.0,63.0,48.0,843.85
2022-07-21,CA,Kitchener,pm25,43,9.0,53.0,25.0,1468.67
2022-07-21,CA,Edmonton,pm25,116,3.0,459.0,26.0,27002.8
2022-07-21,CA,Mississauga,pm25,67,13.0,61.0,30.0,1855.22
2022-07-21,CA,Québec,pm25,189,9.0,58.0,47.0,1661.05
2022-07-21,CA,Vancouver,pm25,23,9.0,45.0,23.0,756.21
2022-07-21,CA,Victoria,pm25,45,5.0,178.0,21.0,6291.34
2022-07-21,CA,Montréal,pm25,447,6.0,104.0,40.0,1956.77
2022-07-21,CA,Toronto,pm25,135,9.0,149.0,30.0,3309.88
2022-07-21,CA,Ottawa,pm25,72,5.0,53.0,29.0,2120.46
2022-07-21,CA,London,pm25,46,9.0,63.0,30.0,1799.21
2022-07-21,US,Oklahoma City,pm25,95,25.0,69.0,46.0,1439.95
2022-07-21,US,Raleigh,pm25,67,5.0,63.0,35.0,1795.25
2022-07-21,US,Memphis,pm25,68,38.0,90.0,53.0,1731.68
2022-07-21,US,Jackson,pm25,71,23.0,67.0,44.0,856.71
2022-07-21,US,Boston,pm25,120,17.0,89.0,55.0,921.38
2022-07-21,US,Richmond,pm25,96,26.0,60.0,40.0,1007.76
2022-07-21,US,Portland,pm25,168,9.0,52.0,23.0,538.29
2022-07-21,US,Boise,pm25,96,5.0,63.0,30.0,2135.36
2022-07-21,US,Austin,pm25,47,21.0,85.0,57.0,1614.03
2022-07-21,US,Honolulu,pm25,38,5.0,42.0,13.0,1202.05
2022-07-21,US,Fresno,pm25,39,5.0,72.0,30.0,2951.75
2022-07-21,US,Milwaukee,pm25,144,17.0,85.0,47.0,2498.6
2022-07-21,US,Hartford,pm25,45,28.0,59.0,53.0,401.09
2022-07-21,US,Washington D.C.,pm25,120,9.0,63.0,38.0,1072.2
2022-07-21,US,Chicago,pm25,230,17.0,87.0,52.0,2226.67
2022-07-21,US,Houston,pm25,96,50.0,84.0,61.0,649.79
2022-07-21,US,Indianapolis,pm25,96,35.0,87.0,65.0,831.89
2022-07-21,US,Atlanta,pm25,24,18.0,54.0,38.0,800.85
2022-07-21,US,Charlotte,pm25,72,9.0,61.0,30.0,1033.38
2022-07-21,US,Sacramento,pm25,68,3.0,53.0,14.0,791.78
2022-07-21,US,Oakland,pm25,105,5.0,42.0,17.0,1047.06
2022-07-21,US,Providence,pm25,47,13.0,70.0,50.0,1936.19
2022-07-21,US,Staten Island,pm25,105,3.0,155.0,53.0,4987.71
2022-07-21,US,Brooklyn,pm25,125,11.0,79.0,51.0,1662.84
2022-07-21,US,Springfield,pm25,63,8.0,130.0,68.0,7309.91
2022-07-21,US,The Bronx,pm25,40,11.0,58.0,43.0,1972.59
2022-07-21,US,San Jose,pm25,90,5.0,55.0,21.0,1053.09
2022-07-21,US,Los Angeles,pm25,24,32.0,64.0,56.0,606.09
2022-07-21,US,Detroit,pm25,167,34.0,68.0,50.0,565.63
2022-07-21,US,Little Rock,pm25,23,13.0,65.0,48.0,2313.56
2022-07-21,US,Baltimore,pm25,42,17.0,59.0,43.0,1397.96
2022-07-21,US,Phoenix,pm25,192,11.0,76.0,33.0,1603.08
2022-07-21,US,Omaha,pm25,44,5.0,65.0,34.0,2843.99
2022-07-21,US,El Paso,pm25,130,9.0,132.0,30.0,4122.5
2022-07-21,US,Dallas,pm25,24,30.0,63.0,42.0,924.06
2022-07-21,US,Seattle,pm25,259,5.0,82.0,30.0,1339.8
2022-07-21,US,Manhattan,pm25,65,5.0,72.0,52.0,2936.48
2022-07-21,US,Miami,pm25,93,16.0,41.0,28.0,439.3
2022-07-21,US,Jacksonville,pm25,140,20.0,68.0,46.0,1047.11
2022-07-21,US,San Antonio,pm25,94,30.0,92.0,65.0,981.9
2022-07-21,US,Philadelphia,pm25,93,22.0,86.0,48.0,1126.73
2022-07-21,US,San Diego,pm25,24,26.0,60.0,48.0,769.28
2022-07-21,US,Columbus,pm25,48,23.0,64.0,54.0,1174.57
2022-07-21,US,Saint Paul,pm25,94,5.0,42.0,20.0,783.79
2022-07-21,US,Denver,pm25,147,13.0,46.0,25.0,410.87
2022-07-21,US,Salt Lake City,pm25,216,16.0,71.0,30.0,954.47
2022-07-21,US,Albuquerque,pm25,72,15.0,33.0,21.0,180.42
2022-07-21,US,San Francisco,pm25,58,5.0,50.0,17.0,1128.08
2022-07-21,US,Salem,pm25,72,7.0,39.0,18.0,314.21
2022-07-21,US,Madison,pm25,48,17.0,65.0,34.0,2795.04
2022-07-21,US,Nashville,pm25,72,13.0,91.0,53.0,2019.76
2022-07-21,US,Tucson,pm25,157,5.0,55.0,25.0,1487.87
2022-07-21,US,Queens,pm25,92,15.0,77.0,53.0,1260.76
2022-07-21,US,Tallahassee,pm25,71,3.0,64.0,36.0,1976.9
2022-07-21,US,Fort Worth,pm25,35,30.0,69.0,50.0,1028.44
2022-07-21,RS,Novi Sad,pm25,48,18.0,48.0,26.0,568.93
2022-07-21,RS,Niš,pm25,48,18.0,69.0,30.0,1373.6
2022-07-21,RS,Belgrade,pm25,120,20.0,148.0,40.0,4148.08
2022-07-21,CY,Nicosia,pm25,24,24.0,69.0,45.0,1642.88
2022-07-21,CY,Limassol,pm25,24,26.0,65.0,55.0,1223.46
2022-07-21,HR,Zagreb,pm25,24,20.0,61.0,41.0,1696.5
2022-07-21,MK,Skopje,pm25,168,10.0,132.0,34.0,4359.75
2022-07-22,GE,Tbilisi,pm25,96,19.0,42.0,22.0,374.7
2022-07-22,HU,Győr,pm25,40,17.0,137.0,46.0,14013.3
2022-07-22,HU,Pécs,pm25,66,21.0,42.0,30.0,447.27
2022-07-22,HU,Kecskemét,pm25,46,13.0,59.0,25.0,2026.43
2022-07-22,HU,Miskolc,pm25,112,21.0,89.0,38.0,1824.77
2022-07-22,HU,Budapest,pm25,268,9.0,55.0,34.0,793.45
2022-07-22,JP,Fukuoka,pm25,388,9.0,132.0,50.0,1472.11
2022-07-22,JP,Kanazawa,pm25,223,5.0,53.0,21.0,816.34
2022-07-22,JP,Kumamoto,pm25,297,5.0,72.0,42.0,2115.27
2022-07-22,JP,Akita,pm25,37,13.0,61.0,25.0,1950.2
2022-07-22,JP,Kochi,pm25,48,13.0,89.0,50.0,2354.45
2022-07-22,JP,Gifu-shi,pm25,170,5.0,93.0,38.0,3093.65
2022-07-22,JP,Kyoto,pm25,580,5.0,80.0,46.0,2682.24
2022-07-22,JP,Hiroshima,pm25,298,5.0,74.0,25.0,2503.77
2022-07-22,JP,Shizuoka,pm25,255,5.0,78.0,42.0,2492.54
2022-07-22,JP,Chiba,pm25,784,5.0,117.0,53.0,2462.53
2022-07-22,JP,Sapporo,pm25,206,5.0,109.0,30.0,2537.12
2022-07-22,JP,Yokohama,pm25,522,1.0,72.0,50.0,1630.52
2022-07-22,JP,Tokyo,pm25,2546,1.0,117.0,53.0,927.87
2022-07-22,JP,Saitama,pm25,496,17.0,74.0,53.0,444.84
2022-07-22,JP,Naha,pm25,134,5.0,42.0,17.0,823.32
2022-07-22,JP,Nagasaki,pm25,189,5.0,65.0,38.0,1351.06
2022-07-22,JP,Toyama,pm25,174,5.0,114.0,25.0,1849.07
2022-07-22,JP,Niigata,pm25,206,5.0,42.0,21.0,455.98
2022-07-22,JP,Nara-shi,pm25,189,5.0,107.0,42.0,2393.2
2022-07-22,JP,Okayama,pm25,281,5.0,80.0,34.0,3302.16
2022-07-22,JP,Sendai,pm25,466,5.0,61.0,25.0,1383.65
2022-07-22,JP,Osaka,pm25,1418,5.0,91.0,42.0,2468.55
2022-07-22,JP,Miyazaki,pm25,130,5.0,89.0,38.0,3632.85
2022-07-22,JP,Matsuyama,pm25,164,13.0,95.0,46.0,2782.38
2022-07-22,JP,Wakayama,pm25,276,5.0,76.0,42.0,2010.27
2022-07-22,JP,Takamatsu,pm25,231,5.0,80.0,38.0,2201.94
2022-07-22,JP,Nagoya,pm25,766,1.0,112.0,46.0,2757.02
2022-07-22,JP,Ōita,pm25,257,5.0,72.0,46.0,2995.68
2022-07-22,JP,Kobe,pm25,422,5.0,76.0,42.0,2383.35
2022-07-22,JP,Nagano,pm25,69,9.0,63.0,34.0,1544.08
2022-07-22,JP,Utsunomiya,pm25,408,9.0,82.0,50.0,1648.0
2022-07-22,JP,Kagoshima,pm25,91,5.0,78.0,38.0,1800.51
2022-07-22,SK,Košice,pm25,96,17.0,119.0,68.0,4580.82
2022-07-22,SK,Bratislava,pm25,71,30.0,63.0,50.0,623.23
2022-07-22,FI,Vantaa,pm25,24,35.0,81.0,46.0,2587.66
2022-07-22,FI,Turku,pm25,24,26.0,66.0,53.0,1773.75
2022-07-22,FI,Helsinki,pm25,118,23.0,90.0,46.0,3360.8
2022-07-22,FI,Tampere,pm25,96,31.0,70.0,48.0,422.6
2022-07-22,ET,Addis Ababa,pm25,23,50.0,173.0,91.0,15262.6
2022-07-22,CH,Zürich,pm25,23,2.0,4.0,3.0,4.07
2022-07-22,CO,Bogotá,pm25,315,5.0,151.0,57.0,7748.22
2022-07-22,CO,Medellín,pm25,250,21.0,87.0,61.0,1612.02
2022-07-22,DK,Copenhagen,pm25,24,7.0,52.0,28.0,1174.33
2022-07-22,GB,Edinburgh,pm25,279,3.0,46.0,13.0,288.4
2022-07-22,GB,Norwich,pm25,20,13.0,21.0,17.0,71.16
2022-07-22,GB,Liverpool,pm25,44,12.0,55.0,25.0,1312.07
2022-07-22,GB,Belfast,pm25,39,12.0,32.0,17.0,233.05
2022-07-22,GB,Coventry,pm25,52,15.0,35.0,22.0,164.42
2022-07-22,GB,Leeds,pm25,33,18.0,65.0,42.0,1653.41
2022-07-22,GB,Cardiff,pm25,139,13.0,61.0,34.0,2165.35
2022-07-22,GB,Bristol,pm25,13,25.0,63.0,34.0,878.08
2022-07-22,GB,London,pm25,508,5.0,72.0,22.0,1223.69
2022-07-22,GB,Birmingham,pm25,39,16.0,52.0,30.0,623.05
2022-07-22,GB,Sheffield,pm25,68,13.0,42.0,21.0,307.12
2022-07-22,GB,Newport,pm25,47,24.0,44.0,30.0,301.29
2022-07-22,GB,Leicester,pm25,19,13.0,25.0,20.0,106.96
2022-07-22,GB,Manchester,pm25,78,13.0,56.0,27.0,1077.84
2022-07-22,GB,Reading,pm25,39,5.0,17.0,13.0,156.76
2022-07-22,GB,Plymouth,pm25,46,9.0,30.0,17.0,182.43
2022-07-22,GB,Glasgow,pm25,561,5.0,43.0,12.0,247.57
2022-07-22,GB,Preston,pm25,38,13.0,51.0,25.0,1017.93
2022-07-22,GB,Swansea,pm25,164,5.0,61.0,30.0,1524.13
2022-07-22,GB,Southend-on-Sea,pm25,38,15.0,34.0,21.0,98.75
2022-07-22,ID,Jakarta,pm25,71,34.0,179.0,132.0,14275.1
2022-07-22,NP,Kathmandu,pm25,55,13.0,108.0,53.0,3995.32
2022-07-22,NP,Biratnagar,pm25,24,19.0,73.0,43.0,3159.13
2022-07-22,AU,Sydney,pm25,136,1.0,39.0,10.0,586.4
2022-07-22,AU,Newcastle,pm25,133,1.0,53.0,16.0,1113.85
2022-07-22,AU,Launceston,pm25,137,5.0,178.0,34.0,23002.6
2022-07-22,AU,Hobart,pm25,61,5.0,99.0,25.0,5018.28
2022-07-22,AU,Darwin,pm25,72,30.0,164.0,72.0,5805.19
2022-07-22,AU,Melbourne,pm25,150,1.0,142.0,38.0,6870.98
2022-07-22,AU,Canberra,pm25,57,2.0,61.0,16.0,1818.85
2022-07-22,AU,Adelaide,pm25,84,2.0,78.0,13.0,2451.56
2022-07-22,AU,Brisbane,pm25,207,1.0,51.0,18.0,1083.19
2022-07-22,AU,Perth,pm25,74,2.0,24.0,6.0,153.77
2022-07-22,AU,Wollongong,pm25,36,1.0,40.0,10.0,1173.43
2022-07-22,CI,Abidjan,pm25,24,38.0,70.0,55.0,1016.5
2022-07-22,GH,Accra,pm25,24,42.0,134.0,61.0,6076.07
2022-07-22,IQ,Baghdad,pm25,24,142.0,394.0,177.0,68340.0
2022-07-22,IS,Reykjavík,pm25,96,2.0,25.0,11.0,231.1
2022-07-22,NL,Utrecht,pm25,47,7.0,55.0,23.0,1150.1
2022-07-22,NL,Nijmegen,pm25,47,9.0,47.0,24.0,898.74
2022-07-22,NL,Haarlem,pm25,132,1.0,64.0,18.0,2121.11
2022-07-22,NL,Eindhoven,pm25,24,28.0,74.0,42.0,1291.23
2022-07-22,NL,Rotterdam,pm25,191,2.0,40.0,17.0,254.94
2022-07-22,NL,Amsterdam,pm25,233,1.0,38.0,15.0,576.1
2022-07-22,NL,Dordrecht,pm25,24,5.0,52.0,21.0,958.19
2022-07-22,NL,Breda,pm25,24,8.0,50.0,21.0,1229.78
2022-07-22,NL,Groningen,pm25,44,4.0,37.0,16.0,401.67
2022-07-22,NL,Maastricht,pm25,90,5.0,59.0,25.0,1047.67
2022-07-22,NL,The Hague,pm25,65,5.0,40.0,13.0,338.76
2022-07-22,PT,Lisbon,pm25,89,27.0,85.0,43.0,1355.0
2022-07-22,PT,Funchal,pm25,62,4.0,98.0,28.0,5774.59
2022-07-22,CA,Hamilton,pm25,89,5.0,65.0,25.0,3031.12
2022-07-22,CA,Calgary,pm25,87,8.0,65.0,24.0,1420.69
2022-07-22,CA,Winnipeg,pm25,24,23.0,35.0,28.0,91.01
2022-07-22,CA,Halifax,pm25,46,17.0,51.0,29.0,842.36
2022-07-22,CA,Kitchener,pm25,40,5.0,59.0,25.0,2961.89
2022-07-22,CA,Edmonton,pm25,106,1.0,999.0,23.0,383790.0
2022-07-22,CA,Mississauga,pm25,71,9.0,59.0,38.0,1909.02
2022-07-22,CA,Québec,pm25,184,16.0,60.0,38.0,1783.18
2022-07-22,CA,Vancouver,pm25,22,11.0,45.0,19.0,632.12
2022-07-22,CA,Victoria,pm25,34,5.0,225.0,13.0,13916.7
2022-07-22,CA,Montréal,pm25,420,9.0,64.0,47.0,1581.89
2022-07-22,CA,Toronto,pm25,141,5.0,65.0,42.0,2091.85
2022-07-22,CA,Ottawa,pm25,71,9.0,63.0,44.0,2372.27
2022-07-22,CA,London,pm25,43,5.0,55.0,25.0,1458.28
2022-07-22,US,Oklahoma City,pm25,96,32.0,62.0,53.0,714.16
2022-07-22,US,Raleigh,pm25,69,21.0,67.0,50.0,1192.79
2022-07-22,US,Memphis,pm25,72,40.0,90.0,64.0,1497.87
2022-07-22,US,Jackson,pm25,72,13.0,61.0,27.0,1065.87
2022-07-22,US,Boston,pm25,128,25.0,72.0,46.0,971.66
2022-07-22,US,Richmond,pm25,96,28.0,62.0,55.0,1167.74
2022-07-22,US,Portland,pm25,163,6.0,25.0,12.0,167.81
2022-07-22,US,Boise,pm25,94,5.0,66.0,23.0,1814.9
2022-07-22,US,Austin,pm25,48,25.0,80.0,59.0,1466.1
2022-07-22,US,Honolulu,pm25,43,5.0,53.0,13.0,1055.98
2022-07-22,US,Fresno,pm25,43,5.0,59.0,25.0,2641.77
2022-07-22,US,Milwaukee,pm25,134,17.0,49.0,23.0,210.82
2022-07-22,US,Hartford,pm25,48,40.0,58.0,52.0,157.34
2022-07-22,US,Washington D.C.,pm25,119,17.0,61.0,46.0,971.39
2022-07-22,US,Chicago,pm25,236,2.0,57.0,25.0,928.77
2022-07-22,US,Houston,pm25,96,17.0,85.0,58.0,2178.25
2022-07-22,US,Indianapolis,pm25,95,18.0,73.0,41.0,3209.85
2022-07-22,US,Atlanta,pm25,24,31.0,54.0,40.0,403.7
2022-07-22,US,Charlotte,pm25,72,21.0,65.0,42.0,1066.13
2022-07-22,US,Sacramento,pm25,68,5.0,47.0,21.0,1093.91
2022-07-22,US,Oakland,pm25,120,5.0,59.0,30.0,1248.77
2022-07-22,US,Providence,pm25,48,25.0,72.0,42.0,1338.26
2022-07-22,US,Staten Island,pm25,115,1.0,95.0,52.0,2273.33
2022-07-22,US,Brooklyn,pm25,144,15.0,67.0,44.0,1288.49
2022-07-22,US,Springfield,pm25,72,9.0,86.0,44.0,5162.75
2022-07-22,US,The Bronx,pm25,48,21.0,52.0,33.0,717.16
2022-07-22,US,San Jose,pm25,96,9.0,68.0,30.0,1291.18
2022-07-22,US,Los Angeles,pm25,24,30.0,68.0,57.0,1441.72
2022-07-22,US,Detroit,pm25,168,21.0,62.0,33.0,862.47
2022-07-22,US,Little Rock,pm25,24,10.0,70.0,35.0,2267.17
2022-07-22,US,Baltimore,pm25,48,21.0,63.0,55.0,1177.34
2022-07-22,US,Phoenix,pm25,191,7.0,53.0,27.0,817.0
2022-07-22,US,Omaha,pm25,45,5.0,74.0,34.0,3118.91
2022-07-22,US,El Paso,pm25,147,5.0,142.0,30.0,3466.23
2022-07-22,US,Dallas,pm25,24,25.0,117.0,55.0,3651.72
2022-07-22,US,Seattle,pm25,245,5.0,107.0,17.0,1224.07
2022-07-22,US,Manhattan,pm25,70,7.0,58.0,41.0,1257.58
2022-07-22,US,Miami,pm25,94,20.0,53.0,40.0,972.79
2022-07-22,US,Jacksonville,pm25,142,18.0,72.0,40.0,1595.12
2022-07-22,US,San Antonio,pm25,94,22.0,76.0,57.0,2049.33
2022-07-22,US,Philadelphia,pm25,96,10.0,72.0,49.0,969.96
2022-07-22,US,San Diego,pm25,24,29.0,66.0,51.0,914.13
2022-07-22,US,Columbus,pm25,48,9.0,65.0,43.0,2300.27
2022-07-22,US,Saint Paul,pm25,96,5.0,46.0,22.0,552.0
2022-07-22,US,Denver,pm25,139,9.0,38.0,25.0,412.1
2022-07-22,US,Salt Lake City,pm25,216,11.0,82.0,30.0,1133.59
2022-07-22,US,Albuquerque,pm25,72,12.0,59.0,23.0,621.38
2022-07-22,US,San Francisco,pm25,71,5.0,72.0,38.0,1522.53
2022-07-22,US,Salem,pm25,72,6.0,16.0,10.0,69.19
2022-07-22,US,Madison,pm25,47,16.0,33.0,20.0,151.16
2022-07-22,US,Nashville,pm25,72,25.0,82.0,48.0,2532.67
2022-07-22,US,Tucson,pm25,163,9.0,53.0,25.0,1110.42
2022-07-22,US,Queens,pm25,96,11.0,66.0,50.0,1714.26
2022-07-22,US,Tallahassee,pm25,69,12.0,68.0,44.0,1166.53
2022-07-22,US,Fort Worth,pm25,48,38.0,144.0,61.0,2637.85
2022-07-22,RS,Novi Sad,pm25,48,12.0,66.0,27.0,2016.31
2022-07-22,RS,Niš,pm25,48,15.0,60.0,43.0,2199.93
2022-07-22,RS,Belgrade,pm25,120,13.0,80.0,37.0,3621.93
2022-07-22,CY,Nicosia,pm25,24,25.0,58.0,42.0,773.04
2022-07-22,CY,Limassol,pm25,24,16.0,65.0,53.0,1232.75
2022-07-22,HR,Zagreb,pm25,24,29.0,66.0,56.0,1440.42
2022-07-22,MK,Skopje,pm25,166,9.0,122.0,42.0,4101.18
2022-07-23,GE,Tbilisi,pm25,96,27.0,51.0,36.0,407.57
2022-07-23,HU,Győr,pm25,20,53.0,85.0,61.0,1198.84
2022-07-23,HU,Pécs,pm25,69,30.0,55.0,42.0,660.38
2022-07-23,HU,Kecskemét,pm25,39,30.0,80.0,55.0,2837.75
2022-07-23,HU,Miskolc,pm25,114,30.0,76.0,50.0,1145.34
2022-07-23,HU,Budapest,pm25,255,21.0,91.0,50.0,1447.44
2022-07-23,JP,Fukuoka,pm25,396,9.0,91.0,50.0,1354.6
2022-07-23,JP,Kanazawa,pm25,226,5.0,53.0,25.0,1048.55
2022-07-23,JP,Kumamoto,pm25,316,5.0,78.0,55.0,2196.47
2022-07-23,JP,Akita,pm25,38,5.0,63.0,17.0,1439.97
2022-07-23,JP,Kochi,pm25,48,9.0,55.0,25.0,1312.32
2022-07-23,JP,Gifu-shi,pm25,159,5.0,72.0,21.0,1968.25
2022-07-23,JP,Kyoto,pm25,548,5.0,149.0,25.0,2355.04
2022-07-23,JP,Hiroshima,pm25,285,5.0,78.0,25.0,1956.57
2022-07-23,JP,Shizuoka,pm25,254,5.0,82.0,34.0,2992.72
2022-07-23,JP,Chiba,pm25,769,5.0,153.0,46.0,4087.82
2022-07-23,JP,Sapporo,pm25,213,5.0,59.0,30.0,1321.4
2022-07-23,JP,Yokohama,pm25,545,1.0,78.0,42.0,2100.42
2022-07-23,JP,Tokyo,pm25,2560,1.0,151.0,50.0,1582.68
2022-07-23,JP,Saitama,pm25,497,5.0,137.0,34.0,2303.19
2022-07-23,JP,Naha,pm25,133,13.0,46.0,30.0,579.78
2022-07-23,JP,Nagasaki,pm25,189,9.0,70.0,42.0,1008.0
2022-07-23,JP,Toyama,pm25,169,5.0,122.0,21.0,2188.44
2022-07-23,JP,Niigata,pm25,208,5.0,50.0,17.0,815.16
2022-07-23,JP,Nara-shi,pm25,173,5.0,55.0,21.0,1137.62
2022-07-23,JP,Okayama,pm25,283,5.0,68.0,30.0,1823.72
2022-07-23,JP,Sendai,pm25,469,5.0,57.0,21.0,1172.55
2022-07-23,JP,Osaka,pm25,1336,5.0,76.0,21.0,1473.86
2022-07-23,JP,Miyazaki,pm25,136,5.0,87.0,55.0,2778.92
2022-07-23,JP,Matsuyama,pm25,154,5.0,65.0,25.0,2275.75
2022-07-23,JP,Wakayama,pm25,271,5.0,53.0,21.0,1142.1
2022-07-23,JP,Takamatsu,pm25,226,5.0,63.0,21.0,1539.5
2022-07-23,JP,Nagoya,pm25,730,5.0,78.0,17.0,1016.6
2022-07-23,JP,Ōita,pm25,256,5.0,70.0,46.0,2340.88
2022-07-23,JP,Kobe,pm25,403,5.0,61.0,21.0,1393.1
2022-07-23,JP,Nagano,pm25,57,5.0,50.0,17.0,941.79
2022-07-23,JP,Utsunomiya,pm25,410,5.0,80.0,30.0,1858.73
2022-07-23,JP,Kagoshima,pm25,93,13.0,80.0,42.0,1097.88
2022-07-23,SK,Košice,pm25,96,46.0,127.0,70.0,3339.0
2022-07-23,SK,Bratislava,pm25,68,21.0,68.0,55.0,1271.72
2022-07-23,FI,Vantaa,pm25,24,15.0,71.0,28.0,2486.67
2022-07-23,FI,Turku,pm25,24,4.0,58.0,21.0,2308.24
2022-07-23,FI,Helsinki,pm25,120,16.0,69.0,34.0,1777.64
2022-07-23,FI,Tampere,pm25,96,8.0,58.0,36.0,1941.15
2022-07-23,ET,Addis Ababa,pm25,24,80.0,171.0,112.0,9862.61
2022-07-23,CH,Zürich,pm25,13,2.0,3.0,3.0,2.69
2022-07-23,CO,Bogotá,pm25,316,5.0,164.0,64.0,7473.92
2022-07-23,CO,Medellín,pm25,288,17.0,80.0,55.0,1575.88
2022-07-23,DK,Copenhagen,pm25,24,10.0,29.0,19.0,250.85
2022-07-23,GB,Edinburgh,pm25,279,1.0,55.0,20.0,1392.56
2022-07-23,GB,Norwich,pm25,24,13.0,35.0,20.0,510.65
2022-07-23,GB,Liverpool,pm25,36,20.0,46.0,30.0,393.36
2022-07-23,GB,Belfast,pm25,51,7.0,33.0,21.0,274.9
2022-07-23,GB,Coventry,pm25,49,19.0,54.0,35.0,956.84
2022-07-23,GB,Leeds,pm25,35,17.0,55.0,34.0,889.7
2022-07-23,GB,Cardiff,pm25,124,9.0,46.0,25.0,921.81
2022-07-23,GB,London,pm25,502,3.0,70.0,25.0,1194.37
2022-07-23,GB,Birmingham,pm25,31,22.0,56.0,38.0,700.52
2022-07-23,GB,Sheffield,pm25,66,13.0,55.0,25.0,1402.7
2022-07-23,GB,Newport,pm25,45,13.0,30.0,18.0,191.04
2022-07-23,GB,Leicester,pm25,16,18.0,58.0,25.0,1933.17
2022-07-23,GB,Manchester,pm25,77,14.0,64.0,34.0,1457.26
2022-07-23,GB,Reading,pm25,44,5.0,21.0,9.0,247.61
2022-07-23,GB,Plymouth,pm25,43,13.0,50.0,21.0,858.16
2022-07-23,GB,Glasgow,pm25,540,1.0,92.0,18.0,1439.02
2022-07-23,GB,Preston,pm25,37,12.0,55.0,30.0,1279.1
2022-07-23,GB,Swansea,pm25,159,5.0,63.0,25.0,1785.76
2022-07-23,GB,Southend-on-Sea,pm25,46,15.0,46.0,21.0,584.18
2022-07-23,ID,Jakarta,pm25,68,46.0,152.0,87.0,6793.81
2022-07-23,NP,Kathmandu,pm25,48,19.0,74.0,42.0,2302.87
2022-07-23,NP,Biratnagar,pm25,23,1.0,44.0,14.0,1466.28
2022-07-23,AU,Sydney,pm25,156,1.0,65.0,17.0,1440.62
2022-07-23,AU,Newcastle,pm25,125,1.0,66.0,17.0,2320.39
2022-07-23,AU,Launceston,pm25,119,5.0,168.0,9.0,11374.3
2022-07-23,AU,Hobart,pm25,62,5.0,91.0,13.0,3737.0
2022-07-23,AU,Darwin,pm25,72,19.0,157.0,70.0,8767.29
2022-07-23,AU,Melbourne,pm25,158,1.0,124.0,39.0,5983.63
2022-07-23,AU,Canberra,pm25,61,1.0,104.0,27.0,7146.11
2022-07-23,AU,Adelaide,pm25,74,4.0,85.0,14.0,3733.18
2022-07-23,AU,Brisbane,pm25,214,1.0,54.0,11.0,669.77
2022-07-23,AU,Perth,pm25,69,2.0,16.0,5.0,83.06
2022-07-23,AU,Wollongong,pm25,39,3.0,99.0,18.0,3774.98
2022-07-23,CI,Abidjan,pm25,24,30.0,93.0,63.0,2141.67
2022-07-23,GH,Accra,pm25,24,46.0,95.0,61.0,2109.78
2022-07-23,IQ,Baghdad,pm25,24,76.0,173.0,142.0,8119.55
2022-07-23,IS,Reykjavík,pm25,96,3.0,18.0,13.0,121.26
2022-07-23,NL,Utrecht,pm25,48,1.0,62.0,26.0,2137.41
2022-07-23,NL,Nijmegen,pm25,48,6.0,55.0,26.0,1211.33
2022-07-23,NL,Haarlem,pm25,133,3.0,103.0,25.0,2903.85
2022-07-23,NL,Eindhoven,pm25,24,8.0,70.0,48.0,1874.76
2022-07-23,NL,Rotterdam,pm25,192,9.0,68.0,19.0,2054.62
2022-07-23,NL,Amsterdam,pm25,248,2.0,59.0,20.0,1197.31
2022-07-23,NL,Dordrecht,pm25,24,13.0,50.0,26.0,1043.89
2022-07-23,NL,Breda,pm25,24,5.0,51.0,23.0,1069.84
2022-07-23,NL,Groningen,pm25,47,4.0,33.0,15.0,636.45
2022-07-23,NL,Maastricht,pm25,95,9.0,68.0,34.0,1435.08
2022-07-23,NL,The Hague,pm25,71,4.0,65.0,21.0,2670.76
2022-07-23,PT,Lisbon,pm25,96,11.0,51.0,32.0,1066.88
2022-07-23,PT,Funchal,pm25,72,2.0,40.0,24.0,872.1
2022-07-23,CA,Hamilton,pm25,89,9.0,61.0,38.0,1680.59
2022-07-23,CA,Calgary,pm25,92,7.0,53.0,27.0,1148.67
2022-07-23,CA,Winnipeg,pm25,24,19.0,39.0,24.0,260.42
2022-07-23,CA,Halifax,pm25,46,27.0,56.0,50.0,467.71
2022-07-23,CA,Kitchener,pm25,47,9.0,61.0,38.0,1811.41
2022-07-23,CA,Edmonton,pm25,117,1.0,54.0,20.0,1700.74
2022-07-23,CA,Mississauga,pm25,69,9.0,72.0,34.0,2515.03
2022-07-23,CA,Québec,pm25,168,20.0,58.0,49.0,1002.51
2022-07-23,CA,Vancouver,pm25,23,8.0,28.0,14.0,204.31
2022-07-23,CA,Victoria,pm25,41,5.0,38.0,17.0,702.3
2022-07-23,CA,Montréal,pm25,411,15.0,65.0,35.0,1830.68
2022-07-23,CA,Toronto,pm25,129,5.0,68.0,25.0,1967.05
2022-07-23,CA,Ottawa,pm25,68,21.0,55.0,38.0,1070.74
2022-07-23,CA,London,pm25,46,5.0,99.0,30.0,4641.97
2022-07-23,US,Oklahoma City,pm25,96,31.0,58.0,52.0,459.84
2022-07-23,US,Raleigh,pm25,71,9.0,65.0,45.0,1776.31
2022-07-23,US,Memphis,pm25,72,20.0,55.0,33.0,590.42
2022-07-23,US,Jackson,pm25,72,17.0,66.0,30.0,995.12
2022-07-23,US,Boston,pm25,119,30.0,89.0,46.0,898.23
2022-07-23,US,Richmond,pm25,96,33.0,68.0,60.0,581.52
2022-07-23,US,Portland,pm25,167,5.0,24.0,15.0,153.22
2022-07-23,US,Boise,pm25,90,5.0,50.0,17.0,1201.98
2022-07-23,US,Austin,pm25,47,9.0,57.0,34.0,1414.05
2022-07-23,US,Honolulu,pm25,40,5.0,38.0,13.0,649.22
2022-07-23,US,Fresno,pm25,38,5.0,67.0,25.0,2895.63
2022-07-23,US,Milwaukee,pm25,120,15.0,58.0,25.0,689.74
2022-07-23,US,Hartford,pm25,48,33.0,55.0,47.0,522.7
2022-07-23,US,Washington D.C.,pm25,119,13.0,61.0,46.0,1072.69
2022-07-23,US,Chicago,pm25,240,3.0,64.0,25.0,1119.71
2022-07-23,US,Houston,pm25,95,5.0,61.0,37.0,1715.36
2022-07-23,US,Indianapolis,pm25,96,13.0,88.0,33.0,4443.18
2022-07-23,US,Atlanta,pm25,24,24.0,43.0,35.0,266.94
2022-07-23,US,Charlotte,pm25,72,17.0,57.0,34.0,1124.03
2022-07-23,US,Sacramento,pm25,58,5.0,51.0,25.0,889.28
2022-07-23,US,Oakland,pm25,115,5.0,38.0,17.0,752.56
2022-07-23,US,Providence,pm25,46,21.0,61.0,46.0,1265.14
2022-07-23,US,Staten Island,pm25,118,7.0,77.0,50.0,3626.83
2022-07-23,US,Brooklyn,pm25,143,7.0,102.0,49.0,3752.13
2022-07-23,US,Springfield,pm25,72,28.0,68.0,52.0,807.03
2022-07-23,US,The Bronx,pm25,48,7.0,73.0,42.0,3985.09
2022-07-23,US,San Jose,pm25,96,9.0,50.0,25.0,828.96
2022-07-23,US,Los Angeles,pm25,24,47.0,73.0,56.0,343.19
2022-07-23,US,Detroit,pm25,168,18.0,76.0,33.0,1442.73
2022-07-23,US,Little Rock,pm25,24,9.0,69.0,55.0,2377.32
2022-07-23,US,Baltimore,pm25,48,25.0,68.0,55.0,1159.84
2022-07-23,US,Phoenix,pm25,189,3.0,143.0,19.0,2622.52
2022-07-23,US,Omaha,pm25,47,9.0,76.0,42.0,1877.48
2022-07-23,US,El Paso,pm25,162,5.0,87.0,38.0,2910.25
2022-07-23,US,Dallas,pm25,23,13.0,68.0,34.0,1430.2
2022-07-23,US,Seattle,pm25,260,5.0,53.0,25.0,1081.59
2022-07-23,US,Manhattan,pm25,71,4.0,76.0,43.0,2495.36
2022-07-23,US,Miami,pm25,94,18.0,51.0,41.0,797.01
2022-07-23,US,Jacksonville,pm25,144,21.0,62.0,36.0,787.34
2022-07-23,US,San Antonio,pm25,94,4.0,64.0,38.0,1827.94
2022-07-23,US,Philadelphia,pm25,96,27.0,66.0,52.0,665.2
2022-07-23,US,San Diego,pm25,24,38.0,78.0,55.0,724.18
2022-07-23,US,Columbus,pm25,48,4.0,60.0,33.0,2206.17
2022-07-23,US,Saint Paul,pm25,95,9.0,57.0,34.0,1112.55
2022-07-23,US,Denver,pm25,145,13.0,53.0,21.0,450.23
2022-07-23,US,Salt Lake City,pm25,216,14.0,66.0,31.0,950.97
2022-07-23,US,Albuquerque,pm25,72,15.0,38.0,20.0,320.23
2022-07-23,US,San Francisco,pm25,64,5.0,82.0,25.0,1846.74
2022-07-23,US,Salem,pm25,72,10.0,20.0,13.0,60.28
2022-07-23,US,Madison,pm25,48,21.0,52.0,32.0,576.34
2022-07-23,US,Nashville,pm25,72,26.0,70.0,40.0,876.99
2022-07-23,US,Tucson,pm25,132,5.0,34.0,13.0,452.37
2022-07-23,US,Queens,pm25,96,11.0,113.0,53.0,4366.31
2022-07-23,US,Tallahassee,pm25,72,3.0,61.0,36.0,1289.3
2022-07-23,US,Fort Worth,pm25,47,15.0,61.0,42.0,1372.54
2022-07-23,RS,Novi Sad,pm25,48,22.0,74.0,33.0,1281.26
2022-07-23,RS,Niš,pm25,48,19.0,58.0,42.0,1254.73
2022-07-23,RS,Belgrade,pm25,120,18.0,152.0,45.0,5244.32
2022-07-23,CY,Nicosia,pm25,24,27.0,51.0,38.0,495.2
2022-07-23,CY,Limassol,pm25,24,22.0,67.0,54.0,1735.92
2022-07-23,HR,Zagreb,pm25,24,45.0,79.0,64.0,919.55
2022-07-23,MK,Skopje,pm25,168,11.0,110.0,47.0,3734.72
2022-07-24,GE,Tbilisi,pm25,96,27.0,47.0,35.0,308.71
2022-07-24,HU,Pécs,pm25,54,25.0,50.0,30.0,395.72
2022-07-24,HU,Kecskemét,pm25,40,21.0,74.0,38.0,2750.87
2022-07-24,HU,Miskolc,pm25,120,25.0,72.0,55.0,1433.14
2022-07-24,HU,Budapest,pm25,215,13.0,65.0,38.0,1829.22
2022-07-24,JP,Fukuoka,pm25,400,5.0,95.0,53.0,1307.26
2022-07-24,JP,Kanazawa,pm25,227,5.0,53.0,25.0,907.37
2022-07-24,JP,Kumamoto,pm25,324,5.0,89.0,55.0,2288.27
2022-07-24,JP,Akita,pm25,47,5.0,74.0,34.0,2313.37
2022-07-24,JP,Kochi,pm25,47,9.0,57.0,30.0,1605.96
2022-07-24,JP,Gifu-shi,pm25,174,5.0,70.0,30.0,2534.65
2022-07-24,JP,Kyoto,pm25,539,5.0,70.0,38.0,1535.69
2022-07-24,JP,Hiroshima,pm25,313,5.0,87.0,46.0,4209.17
2022-07-24,JP,Shizuoka,pm25,256,5.0,76.0,30.0,1904.0
2022-07-24,JP,Chiba,pm25,728,5.0,137.0,30.0,2929.56
2022-07-24,JP,Sapporo,pm25,182,5.0,50.0,13.0,739.2
2022-07-24,JP,Yokohama,pm25,550,1.0,65.0,30.0,1393.4
2022-07-24,JP,Tokyo,pm25,2546,1.0,132.0,38.0,1351.38
2022-07-24,JP,Saitama,pm25,493,9.0,70.0,38.0,1246.4
2022-07-24,JP,Naha,pm25,144,13.0,53.0,30.0,819.3
2022-07-24,JP,Nagasaki,pm25,189,13.0,63.0,50.0,820.2
2022-07-24,JP,Toyama,pm25,188,5.0,63.0,30.0,1548.05
2022-07-24,JP,Niigata,pm25,211,13.0,46.0,25.0,550.54
2022-07-24,JP,Nara-shi,pm25,186,13.0,59.0,34.0,989.0
2022-07-24,JP,Okayama,pm25,283,9.0,80.0,34.0,1641.48
2022-07-24,JP,Sendai,pm25,466,5.0,59.0,21.0,806.3
2022-07-24,JP,Osaka,pm25,1395,5.0,109.0,30.0,1644.73
2022-07-24,JP,Miyazaki,pm25,141,13.0,151.0,65.0,3207.23
2022-07-24,JP,Matsuyama,pm25,162,5.0,139.0,46.0,5007.73
2022-07-24,JP,Wakayama,pm25,282,5.0,89.0,30.0,1854.58
2022-07-24,JP,Takamatsu,pm25,236,5.0,63.0,30.0,1526.48
2022-07-24,JP,Nagoya,pm25,780,5.0,91.0,30.0,1381.27
2022-07-24,JP,Ōita,pm25,262,5.0,129.0,61.0,5146.47
2022-07-24,JP,Kobe,pm25,420,5.0,72.0,30.0,1572.74
2022-07-24,JP,Nagano,pm25,58,9.0,70.0,34.0,2847.72
2022-07-24,JP,Utsunomiya,pm25,397,5.0,65.0,30.0,2110.67
2022-07-24,JP,Kagoshima,pm25,96,34.0,102.0,55.0,1257.04
2022-07-24,SK,Košice,pm25,96,5.0,74.0,57.0,1855.23
2022-07-24,SK,Bratislava,pm25,74,17.0,65.0,38.0,1214.22
2022-07-24,FI,Vantaa,pm25,23,4.0,30.0,13.0,654.98
2022-07-24,FI,Turku,pm25,24,5.0,18.0,9.0,101.14
2022-07-24,FI,Helsinki,pm25,120,3.0,30.0,12.0,330.5
2022-07-24,FI,Tampere,pm25,95,1.0,42.0,8.0,223.51
2022-07-24,ET,Addis Ababa,pm25,24,25.0,132.0,63.0,7756.23
2022-07-24,CH,Zürich,pm25,19,2.0,4.0,3.0,2.51
2022-07-24,CO,Bogotá,pm25,304,5.0,134.0,38.0,4213.2
2022-07-24,CO,Medellín,pm25,250,25.0,82.0,59.0,897.61
2022-07-24,DK,Copenhagen,pm25,24,10.0,52.0,21.0,1376.07
2022-07-24,GB,Edinburgh,pm25,282,1.0,36.0,11.0,551.13
2022-07-24,GB,Norwich,pm25,23,18.0,62.0,25.0,1107.47
2022-07-24,GB,Liverpool,pm25,36,15.0,92.0,25.0,1710.57
2022-07-24,GB,Belfast,pm25,37,13.0,35.0,21.0,239.79
2022-07-24,GB,Coventry,pm25,58,13.0,30.0,21.0,146.93
2022-07-24,GB,Leeds,pm25,38,13.0,46.0,25.0,873.75
2022-07-24,GB,Cardiff,pm25,109,5.0,42.0,17.0,1585.15
2022-07-24,GB,London,pm25,488,1.0,170.0,21.0,3024.56
2022-07-24,GB,Birmingham,pm25,42,17.0,30.0,21.0,150.36
2022-07-24,GB,Sheffield,pm25,77,13.0,38.0,21.0,335.33
2022-07-24,GB,Newport,pm25,46,7.0,30.0,17.0,621.94
2022-07-24,GB,Leicester,pm25,20,14.0,28.0,21.0,177.79
2022-07-24,GB,Manchester,pm25,75,5.0,34.0,18.0,357.61
2022-07-24,GB,Reading,pm25,31,5.0,21.0,9.0,231.57
2022-07-24,GB,Plymouth,pm25,44,13.0,43.0,30.0,1102.22
2022-07-24,GB,Glasgow,pm25,546,1.0,60.0,16.0,661.95
2022-07-24,GB,Preston,pm25,43,4.0,27.0,17.0,498.64
2022-07-24,GB,Swansea,pm25,116,5.0,76.0,25.0,3430.31
2022-07-24,GB,Southend-on-Sea,pm25,37,12.0,27.0,18.0,118.66
2022-07-24,ID,Jakarta,pm25,71,63.0,157.0,93.0,3737.35
2022-07-24,NP,Kathmandu,pm25,48,15.0,79.0,42.0,2764.1
2022-07-24,NP,Biratnagar,pm25,24,14.0,42.0,27.0,826.09
2022-07-24,AU,Sydney,pm25,155,1.0,67.0,26.0,2143.1
2022-07-24,AU,Newcastle,pm25,125,1.0,84.0,23.0,4069.52
2022-07-24,AU,Launceston,pm25,157,5.0,179.0,30.0,20333.4
2022-07-24,AU,Hobart,pm25,71,5.0,87.0,38.0,5375.96
2022-07-24,AU,Darwin,pm25,66,9.0,152.0,62.0,8254.7
2022-07-24,AU,Melbourne,pm25,152,1.0,100.0,23.0,4150.83
2022-07-24,AU,Canberra,pm25,70,3.0,134.0,33.0,10587.1
2022-07-24,AU,Adelaide,pm25,87,1.0,82.0,21.0,4823.05
2022-07-24,AU,Brisbane,pm25,215,1.0,52.0,15.0,833.13
2022-07-24,AU,Perth,pm25,82,2.0,25.0,6.0,330.77
2022-07-24,AU,Wollongong,pm25,38,1.0,58.0,20.0,2108.4
2022-07-24,CI,Abidjan,pm25,24,38.0,61.0,50.0,485.15
2022-07-24,GH,Accra,pm25,24,50.0,95.0,61.0,1521.45
2022-07-24,IQ,Baghdad,pm25,24,91.0,198.0,142.0,8599.4
2022-07-24,IS,Reykjavík,pm25,90,6.0,54.0,11.0,1030.21
2022-07-24,NL,Utrecht,pm25,48,8.0,81.0,28.0,4371.34
2022-07-24,NL,Nijmegen,pm25,46,2.0,65.0,32.0,3279.66
2022-07-24,NL,Haarlem,pm25,143,2.0,111.0,37.0,3504.58
2022-07-24,NL,Eindhoven,pm25,24,13.0,100.0,43.0,4911.72
2022-07-24,NL,Rotterdam,pm25,192,9.0,79.0,27.0,2660.13
2022-07-24,NL,Amsterdam,pm25,257,1.0,85.0,30.0,3213.71
2022-07-24,NL,Dordrecht,pm25,24,13.0,67.0,34.0,3502.54
2022-07-24,NL,Breda,pm25,24,11.0,74.0,32.0,4739.4
2022-07-24,NL,Groningen,pm25,47,3.0,54.0,21.0,1484.24
2022-07-24,NL,Maastricht,pm25,96,13.0,82.0,42.0,2531.22
2022-07-24,NL,The Hague,pm25,70,3.0,75.0,28.0,2371.51
2022-07-24,PT,Lisbon,pm25,94,17.0,43.0,22.0,474.57
2022-07-24,PT,Funchal,pm25,72,5.0,57.0,38.0,2143.89
2022-07-24,CA,Hamilton,pm25,87,5.0,59.0,21.0,2499.22
2022-07-24,CA,Calgary,pm25,89,11.0,60.0,38.0,1158.13
2022-07-24,CA,Winnipeg,pm25,19,14.0,17.0,15.0,5.44
2022-07-24,CA,Halifax,pm25,46,26.0,53.0,38.0,787.83
2022-07-24,CA,Kitchener,pm25,46,5.0,63.0,46.0,3507.73
2022-07-24,CA,Edmonton,pm25,126,1.0,55.0,35.0,2220.69
2022-07-24,CA,Mississauga,pm25,72,13.0,95.0,30.0,2228.78
2022-07-24,CA,Québec,pm25,161,18.0,44.0,38.0,455.66
2022-07-24,CA,Vancouver,pm25,23,14.0,52.0,25.0,703.6
2022-07-24,CA,Victoria,pm25,45,9.0,95.0,25.0,1775.22
2022-07-24,CA,Montréal,pm25,422,15.0,53.0,35.0,655.03
2022-07-24,CA,Toronto,pm25,130,5.0,63.0,17.0,1394.35
2022-07-24,CA,Ottawa,pm25,70,9.0,53.0,31.0,1278.38
2022-07-24,CA,London,pm25,48,5.0,97.0,34.0,3576.58
2022-07-24,US,Oklahoma City,pm25,96,27.0,53.0,45.0,342.66
2022-07-24,US,Raleigh,pm25,70,9.0,61.0,39.0,1301.92
2022-07-24,US,Memphis,pm25,72,28.0,51.0,39.0,282.97
2022-07-24,US,Jackson,pm25,72,19.0,63.0,30.0,737.93
2022-07-24,US,Boston,pm25,141,9.0,78.0,50.0,1219.7
2022-07-24,US,Richmond,pm25,96,34.0,55.0,48.0,416.52
2022-07-24,US,Portland,pm25,166,9.0,45.0,24.0,273.85
2022-07-24,US,Boise,pm25,52,5.0,34.0,17.0,664.86
2022-07-24,US,Austin,pm25,45,9.0,59.0,30.0,1725.1
2022-07-24,US,Honolulu,pm25,36,5.0,34.0,13.0,624.28
2022-07-24,US,Fresno,pm25,42,13.0,163.0,42.0,6574.54
2022-07-24,US,Milwaukee,pm25,120,8.0,51.0,24.0,984.64
2022-07-24,US,Hartford,pm25,48,27.0,66.0,49.0,1547.62
2022-07-24,US,Washington D.C.,pm25,119,13.0,57.0,35.0,912.7
2022-07-24,US,Chicago,pm25,238,6.0,60.0,37.0,1519.82
2022-07-24,US,Houston,pm25,95,5.0,59.0,30.0,1228.9
2022-07-24,US,Indianapolis,pm25,95,23.0,61.0,49.0,1156.97
2022-07-24,US,Atlanta,pm25,24,35.0,52.0,41.0,309.49
2022-07-24,US,Charlotte,pm25,70,13.0,61.0,30.0,1078.06
2022-07-24,US,Sacramento,pm25,68,5.0,57.0,30.0,1320.94
2022-07-24,US,Oakland,pm25,112,5.0,46.0,30.0,978.92
2022-07-24,US,Providence,pm25,48,38.0,76.0,55.0,955.53
2022-07-24,US,Staten Island,pm25,118,1.0,103.0,46.0,4008.37
2022-07-24,US,Brooklyn,pm25,143,3.0,103.0,50.0,4508.87
2022-07-24,US,Springfield,pm25,72,27.0,63.0,46.0,865.56
2022-07-24,US,The Bronx,pm25,46,3.0,88.0,40.0,4903.96
2022-07-24,US,San Jose,pm25,87,5.0,53.0,21.0,1250.16
2022-07-24,US,Los Angeles,pm25,24,23.0,76.0,59.0,1854.49
2022-07-24,US,Detroit,pm25,168,4.0,70.0,39.0,1856.36
2022-07-24,US,Little Rock,pm25,24,24.0,52.0,40.0,514.77
2022-07-24,US,Baltimore,pm25,48,25.0,61.0,46.0,1084.95
2022-07-24,US,Phoenix,pm25,187,4.0,153.0,28.0,4006.37
2022-07-24,US,Omaha,pm25,42,9.0,59.0,25.0,1474.25
2022-07-24,US,El Paso,pm25,148,5.0,64.0,21.0,2085.66
2022-07-24,US,Dallas,pm25,23,5.0,46.0,25.0,867.83
2022-07-24,US,Seattle,pm25,256,9.0,57.0,34.0,1092.96
2022-07-24,US,Manhattan,pm25,70,3.0,72.0,40.0,2746.43
2022-07-24,US,Miami,pm25,94,23.0,54.0,38.0,893.06
2022-07-24,US,Jacksonville,pm25,144,14.0,59.0,34.0,827.36
2022-07-24,US,San Antonio,pm25,91,1.0,59.0,27.0,2298.33
2022-07-24,US,Philadelphia,pm25,96,16.0,80.0,47.0,1256.74
2022-07-24,US,San Diego,pm25,24,39.0,74.0,53.0,905.8
2022-07-24,US,Columbus,pm25,48,25.0,59.0,48.0,919.36
2022-07-24,US,Saint Paul,pm25,67,5.0,68.0,19.0,1123.44
2022-07-24,US,Denver,pm25,148,17.0,55.0,30.0,656.4
2022-07-24,US,Salt Lake City,pm25,216,17.0,82.0,31.0,2207.79
2022-07-24,US,Albuquerque,pm25,72,15.0,42.0,26.0,519.15
2022-07-24,US,San Francisco,pm25,71,5.0,102.0,21.0,4210.78
2022-07-24,US,Salem,pm25,72,13.0,43.0,25.0,393.99
2022-07-24,US,Madison,pm25,48,15.0,52.0,21.0,736.74
2022-07-24,US,Nashville,pm25,72,17.0,63.0,46.0,648.54
2022-07-24,US,Tucson,pm25,135,5.0,38.0,17.0,504.16
2022-07-24,US,Queens,pm25,95,1.0,151.0,60.0,11324.0
2022-07-24,US,Tallahassee,pm25,67,3.0,55.0,27.0,1001.37
2022-07-24,US,Fort Worth,pm25,45,2.0,50.0,30.0,1085.13
2022-07-24,RS,Novi Sad,pm25,48,24.0,64.0,41.0,1356.17
2022-07-24,RS,Niš,pm25,48,32.0,67.0,51.0,706.38
2022-07-24,RS,Belgrade,pm25,120,13.0,116.0,47.0,4643.32
2022-07-24,CY,Nicosia,pm25,24,11.0,48.0,27.0,836.23
2022-07-24,CY,Limassol,pm25,24,26.0,65.0,39.0,1151.3
2022-07-24,HR,Zagreb,pm25,24,36.0,62.0,49.0,677.97
2022-07-24,MK,Skopje,pm25,161,12.0,183.0,57.0,6457.91
2022-07-25,GE,Tbilisi,pm25,96,21.0,39.0,26.0,299.21
2022-07-25,HU,Győr,pm25,20,5.0,70.0,17.0,5965.16
2022-07-25,HU,Pécs,pm25,62,21.0,55.0,34.0,717.37
2022-07-25,HU,Kecskemét,pm25,40,21.0,53.0,42.0,1433.44
2022-07-25,HU,Miskolc,pm25,114,17.0,76.0,38.0,2673.08
2022-07-25,HU,Budapest,pm25,274,9.0,55.0,34.0,807.87
2022-07-25,JP,Fukuoka,pm25,392,5.0,85.0,34.0,1798.03
2022-07-25,JP,Kanazawa,pm25,238,5.0,65.0,38.0,1268.84
2022-07-25,JP,Kumamoto,pm25,326,5.0,107.0,65.0,3765.0
2022-07-25,JP,Akita,pm25,44,5.0,122.0,34.0,3118.32
2022-07-25,JP,Kochi,pm25,48,9.0,78.0,50.0,2219.13
2022-07-25,JP,Gifu-shi,pm25,183,5.0,85.0,42.0,2642.13
2022-07-25,JP,Kyoto,pm25,575,5.0,93.0,53.0,2600.72
2022-07-25,JP,Hiroshima,pm25,335,5.0,109.0,61.0,2617.15
2022-07-25,JP,Shizuoka,pm25,250,5.0,87.0,30.0,2537.74
2022-07-25,JP,Chiba,pm25,719,5.0,122.0,30.0,3269.19
2022-07-25,JP,Sapporo,pm25,189,5.0,61.0,13.0,886.55
2022-07-25,JP,Yokohama,pm25,509,1.0,61.0,25.0,1631.16
2022-07-25,JP,Tokyo,pm25,2499,5.0,199.0,30.0,2002.98
2022-07-25,JP,Saitama,pm25,487,5.0,76.0,34.0,2081.05
2022-07-25,JP,Naha,pm25,144,13.0,57.0,34.0,1061.44
2022-07-25,JP,Nagasaki,pm25,182,5.0,85.0,38.0,2347.17
2022-07-25,JP,Toyama,pm25,190,5.0,85.0,46.0,1822.32
2022-07-25,JP,Niigata,pm25,214,5.0,65.0,34.0,1679.69
2022-07-25,JP,Nara-shi,pm25,190,17.0,74.0,53.0,1467.08
2022-07-25,JP,Okayama,pm25,267,17.0,102.0,55.0,4166.53
2022-07-25,JP,Sendai,pm25,437,9.0,57.0,25.0,975.46
2022-07-25,JP,Osaka,pm25,1403,5.0,114.0,46.0,2212.66
2022-07-25,JP,Miyazaki,pm25,141,42.0,137.0,70.0,3338.84
2022-07-25,JP,Matsuyama,pm25,167,17.0,99.0,63.0,2661.87
2022-07-25,JP,Wakayama,pm25,270,9.0,99.0,42.0,1617.1
2022-07-25,JP,Takamatsu,pm25,239,9.0,91.0,53.0,2708.36
2022-07-25,JP,Nagoya,pm25,752,5.0,104.0,38.0,1756.6
2022-07-25,JP,Ōita,pm25,261,21.0,206.0,74.0,4357.46
2022-07-25,JP,Kobe,pm25,426,9.0,87.0,46.0,2158.82
2022-07-25,JP,Nagano,pm25,66,17.0,80.0,46.0,2213.02
2022-07-25,JP,Utsunomiya,pm25,393,5.0,68.0,46.0,2505.18
2022-07-25,JP,Kagoshima,pm25,96,53.0,122.0,68.0,2144.56
2022-07-25,SK,Košice,pm25,96,9.0,72.0,50.0,1678.75
2022-07-25,SK,Bratislava,pm25,94,9.0,72.0,42.0,1496.91
2022-07-25,FI,Vantaa,pm25,23,3.0,43.0,23.0,811.11
2022-07-25,FI,Turku,pm25,23,5.0,36.0,15.0,756.96
2022-07-25,FI,Helsinki,pm25,119,3.0,33.0,17.0,265.82
2022-07-25,FI,Tampere,pm25,93,5.0,33.0,13.0,556.95
2022-07-25,ET,Addis Ababa,pm25,20,25.0,172.0,85.0,20017.3
2022-07-25,CH,Zürich,pm25,22,2.0,4.0,2.0,5.28
2022-07-25,CO,Bogotá,pm25,300,5.0,129.0,38.0,4495.61
2022-07-25,CO,Medellín,pm25,303,21.0,74.0,50.0,1185.42
2022-07-25,DK,Copenhagen,pm25,24,8.0,108.0,31.0,5558.19
2022-07-25,GB,Edinburgh,pm25,279,3.0,46.0,8.0,383.7
2022-07-25,GB,Norwich,pm25,14,13.0,30.0,21.0,302.86
2022-07-25,GB,Liverpool,pm25,32,13.0,50.0,25.0,741.25
2022-07-25,GB,Belfast,pm25,39,4.0,23.0,15.0,180.99
2022-07-25,GB,Coventry,pm25,45,13.0,24.0,17.0,90.98
2022-07-25,GB,Leeds,pm25,38,13.0,46.0,23.0,1061.54
2022-07-25,GB,Cardiff,pm25,109,5.0,42.0,21.0,1002.89
2022-07-25,GB,Bristol,pm25,41,9.0,50.0,30.0,1936.52
2022-07-25,GB,London,pm25,492,1.0,76.0,20.0,1183.44
2022-07-25,GB,Birmingham,pm25,29,13.0,25.0,17.0,158.82
2022-07-25,GB,Sheffield,pm25,75,10.0,34.0,17.0,208.37
2022-07-25,GB,Newport,pm25,45,5.0,25.0,9.0,275.59
2022-07-25,GB,Leicester,pm25,14,17.0,30.0,20.0,113.63
2022-07-25,GB,Manchester,pm25,78,5.0,41.0,21.0,690.16
2022-07-25,GB,Reading,pm25,32,5.0,30.0,9.0,507.06
2022-07-25,GB,Plymouth,pm25,27,13.0,39.0,21.0,764.1
2022-07-25,GB,Glasgow,pm25,538,2.0,35.0,8.0,295.29
2022-07-25,GB,Preston,pm25,46,7.0,37.0,17.0,488.97
2022-07-25,GB,Swansea,pm25,94,5.0,42.0,13.0,1007.44
2022-07-25,GB,Southend-on-Sea,pm25,36,9.0,33.0,17.0,293.23
2022-07-25,ID,Jakarta,pm25,69,63.0,151.0,91.0,2839.77
2022-07-25,NP,Kathmandu,pm25,48,25.0,76.0,46.0,1670.57
2022-07-25,NP,Biratnagar,pm25,24,9.0,62.0,25.0,1949.98
2022-07-25,AU,Sydney,pm25,152,1.0,104.0,31.0,3672.59
2022-07-25,AU,Newcastle,pm25,135,2.0,79.0,33.0,3328.01
2022-07-25,AU,Launceston,pm25,143,5.0,170.0,30.0,13361.9
2022-07-25,AU,Hobart,pm25,66,5.0,68.0,25.0,2818.12
2022-07-25,AU,Darwin,pm25,72,26.0,92.0,57.0,1510.51
2022-07-25,AU,Melbourne,pm25,159,1.0,75.0,25.0,2052.66
2022-07-25,AU,Canberra,pm25,69,2.0,127.0,43.0,9202.73
2022-07-25,AU,Adelaide,pm25,88,5.0,55.0,17.0,1261.25
2022-07-25,AU,Brisbane,pm25,216,1.0,54.0,23.0,1517.76
2022-07-25,AU,Perth,pm25,77,2.0,21.0,6.0,105.5
2022-07-25,AU,Wollongong,pm25,44,4.0,70.0,21.0,2948.13
2022-07-25,CI,Abidjan,pm25,23,25.0,65.0,50.0,1503.32
2022-07-25,GH,Accra,pm25,24,30.0,87.0,55.0,3062.83
2022-07-25,IQ,Baghdad,pm25,24,95.0,254.0,152.0,16542.2
2022-07-25,IS,Reykjavík,pm25,96,4.0,37.0,9.0,390.71
2022-07-25,NL,Utrecht,pm25,48,6.0,57.0,27.0,1611.8
2022-07-25,NL,Nijmegen,pm25,48,5.0,59.0,26.0,1852.75
2022-07-25,NL,Haarlem,pm25,139,4.0,92.0,32.0,1619.76
2022-07-25,NL,Eindhoven,pm25,24,18.0,63.0,43.0,1096.5
2022-07-25,NL,Rotterdam,pm25,192,7.0,61.0,28.0,975.23
2022-07-25,NL,Amsterdam,pm25,255,2.0,152.0,29.0,2283.66
2022-07-25,NL,Dordrecht,pm25,24,21.0,50.0,34.0,672.1
2022-07-25,NL,Breda,pm25,24,3.0,54.0,29.0,1973.89
2022-07-25,NL,Groningen,pm25,48,8.0,64.0,24.0,2336.86
2022-07-25,NL,Maastricht,pm25,94,5.0,68.0,30.0,2035.43
2022-07-25,NL,The Hague,pm25,72,5.0,54.0,29.0,629.38
2022-07-25,PT,Lisbon,pm25,81,15.0,40.0,20.0,272.66
2022-07-25,PT,Funchal,pm25,61,23.0,133.0,56.0,4467.99
2022-07-25,CA,Hamilton,pm25,53,5.0,38.0,13.0,589.63
2022-07-25,CA,Calgary,pm25,92,4.0,62.0,28.0,1983.28
2022-07-25,CA,Winnipeg,pm25,24,14.0,39.0,21.0,745.22
2022-07-25,CA,Halifax,pm25,46,15.0,37.0,25.0,428.83
2022-07-25,CA,Kitchener,pm25,20,5.0,42.0,9.0,1469.89
2022-07-25,CA,Edmonton,pm25,124,2.0,52.0,24.0,1531.45
2022-07-25,CA,Mississauga,pm25,50,5.0,55.0,9.0,2370.04
2022-07-25,CA,Québec,pm25,185,7.0,33.0,22.0,338.69
2022-07-25,CA,Vancouver,pm25,23,23.0,55.0,35.0,787.47
2022-07-25,CA,Victoria,pm25,37,13.0,61.0,30.0,947.3
2022-07-25,CA,Montréal,pm25,394,3.0,41.0,18.0,721.72
2022-07-25,CA,Toronto,pm25,100,5.0,42.0,13.0,700.28
2022-07-25,CA,Ottawa,pm25,66,5.0,27.0,20.0,362.31
2022-07-25,CA,London,pm25,27,5.0,34.0,21.0,852.51
2022-07-25,US,Oklahoma City,pm25,95,20.0,45.0,33.0,287.42
2022-07-25,US,Raleigh,pm25,71,5.0,59.0,38.0,1728.82
2022-07-25,US,Memphis,pm25,72,25.0,56.0,35.0,571.55
2022-07-25,US,Jackson,pm25,71,15.0,57.0,30.0,567.1
2022-07-25,US,Boston,pm25,124,5.0,78.0,50.0,1468.59
2022-07-25,US,Richmond,pm25,96,18.0,47.0,37.0,652.17
2022-07-25,US,Portland,pm25,167,18.0,53.0,30.0,567.77
2022-07-25,US,Boise,pm25,60,5.0,38.0,25.0,663.87
2022-07-25,US,Austin,pm25,43,5.0,57.0,25.0,2057.33
2022-07-25,US,Honolulu,pm25,38,5.0,30.0,13.0,531.05
2022-07-25,US,Fresno,pm25,46,13.0,155.0,52.0,4736.77
2022-07-25,US,Milwaukee,pm25,133,10.0,32.0,17.0,302.76
2022-07-25,US,Hartford,pm25,48,24.0,65.0,49.0,1447.73
2022-07-25,US,Washington D.C.,pm25,118,5.0,59.0,35.0,1580.05
2022-07-25,US,Chicago,pm25,237,2.0,40.0,18.0,697.42
2022-07-25,US,Houston,pm25,94,2.0,75.0,27.0,2012.61
2022-07-25,US,Indianapolis,pm25,96,16.0,55.0,32.0,672.47
2022-07-25,US,Atlanta,pm25,24,22.0,35.0,29.0,175.0
2022-07-25,US,Charlotte,pm25,71,5.0,63.0,23.0,1268.78
2022-07-25,US,Sacramento,pm25,68,4.0,69.0,17.0,1245.34
2022-07-25,US,Oakland,pm25,96,5.0,34.0,13.0,434.58
2022-07-25,US,Providence,pm25,48,9.0,68.0,46.0,2346.27
2022-07-25,US,Staten Island,pm25,118,9.0,79.0,53.0,1593.53
2022-07-25,US,Brooklyn,pm25,141,7.0,156.0,48.0,7182.13
2022-07-25,US,Springfield,pm25,72,17.0,51.0,28.0,261.31
2022-07-25,US,The Bronx,pm25,48,20.0,79.0,38.0,1845.51
2022-07-25,US,San Jose,pm25,83,5.0,46.0,17.0,1024.96
2022-07-25,US,Los Angeles,pm25,24,31.0,75.0,58.0,1761.14
2022-07-25,US,Detroit,pm25,168,7.0,51.0,23.0,693.63
2022-07-25,US,Little Rock,pm25,24,13.0,62.0,34.0,1095.87
2022-07-25,US,Baltimore,pm25,47,13.0,68.0,45.0,1951.52
2022-07-25,US,Phoenix,pm25,168,2.0,58.0,15.0,864.38
2022-07-25,US,Omaha,pm25,45,9.0,59.0,21.0,1263.91
2022-07-25,US,El Paso,pm25,128,2.0,85.0,21.0,2593.74
2022-07-25,US,Dallas,pm25,24,9.0,65.0,25.0,1761.96
2022-07-25,US,Seattle,pm25,258,13.0,95.0,35.0,1652.19
2022-07-25,US,Manhattan,pm25,68,4.0,73.0,45.0,2804.45
2022-07-25,US,Miami,pm25,94,21.0,45.0,29.0,274.67
2022-07-25,US,Jacksonville,pm25,142,3.0,57.0,31.0,754.63
2022-07-25,US,San Antonio,pm25,94,5.0,106.0,25.0,2733.24
2022-07-25,US,Philadelphia,pm25,96,16.0,117.0,43.0,2048.12
2022-07-25,US,San Diego,pm25,24,27.0,63.0,51.0,832.59
2022-07-25,US,Columbus,pm25,47,10.0,47.0,26.0,751.72
2022-07-25,US,Saint Paul,pm25,81,5.0,38.0,15.0,273.66
2022-07-25,US,Denver,pm25,143,13.0,50.0,25.0,726.65
2022-07-25,US,Salt Lake City,pm25,216,18.0,68.0,33.0,850.01
2022-07-25,US,Albuquerque,pm25,72,17.0,78.0,27.0,675.21
2022-07-25,US,San Francisco,pm25,52,5.0,68.0,13.0,1900.52
2022-07-25,US,Salem,pm25,72,20.0,58.0,33.0,446.35
2022-07-25,US,Madison,pm25,48,12.0,28.0,16.0,108.87
2022-07-25,US,Nashville,pm25,72,25.0,133.0,38.0,1740.56
2022-07-25,US,Tucson,pm25,126,5.0,34.0,13.0,375.91
2022-07-25,US,Queens,pm25,92,5.0,127.0,45.0,5241.41
2022-07-25,US,Tallahassee,pm25,66,5.0,59.0,29.0,1044.44
2022-07-25,US,Fort Worth,pm25,46,5.0,156.0,25.0,7356.21
2022-07-25,RS,Novi Sad,pm25,48,19.0,56.0,38.0,923.26
2022-07-25,RS,Niš,pm25,48,26.0,65.0,51.0,1593.93
2022-07-25,RS,Belgrade,pm25,120,13.0,76.0,33.0,2095.23
2022-07-25,CY,Nicosia,pm25,23,14.0,50.0,32.0,868.38
2022-07-25,CY,Limassol,pm25,24,5.0,52.0,29.0,1082.54
2022-07-25,HR,Zagreb,pm25,24,33.0,64.0,50.0,1229.11
2022-07-25,MK,Skopje,pm25,165,12.0,128.0,53.0,4300.62
2022-07-26,GE,Tbilisi,pm25,88,21.0,67.0,37.0,1347.67
2022-07-26,HU,Győr,pm25,46,21.0,151.0,68.0,13649.4
2022-07-26,HU,Szeged,pm25,7,25.0,57.0,38.0,2139.52
2022-07-26,HU,Pécs,pm25,63,21.0,50.0,30.0,575.39
2022-07-26,HU,Kecskemét,pm25,44,38.0,91.0,46.0,3166.43
2022-07-26,HU,Miskolc,pm25,114,21.0,82.0,53.0,2751.39
2022-07-26,HU,Budapest,pm25,239,21.0,76.0,50.0,1154.05
2022-07-26,JP,Fukuoka,pm25,394,5.0,99.0,46.0,1941.97
2022-07-26,JP,Kanazawa,pm25,238,9.0,76.0,53.0,1467.65
2022-07-26,JP,Kumamoto,pm25,309,5.0,78.0,53.0,2134.41
2022-07-26,JP,Akita,pm25,46,5.0,70.0,42.0,2267.99
2022-07-26,JP,Kochi,pm25,48,42.0,87.0,63.0,993.29
2022-07-26,JP,Gifu-shi,pm25,184,5.0,107.0,46.0,4341.08
2022-07-26,JP,Kyoto,pm25,579,5.0,89.0,59.0,2750.21
2022-07-26,JP,Hiroshima,pm25,336,21.0,124.0,74.0,3106.89
2022-07-26,JP,Shizuoka,pm25,218,5.0,65.0,9.0,1245.43
2022-07-26,JP,Chiba,pm25,710,5.0,89.0,21.0,2242.05
2022-07-26,JP,Sapporo,pm25,206,5.0,109.0,30.0,3849.67
2022-07-26,JP,Yokohama,pm25,469,1.0,63.0,21.0,1470.7
2022-07-26,JP,Tokyo,pm25,2409,1.0,78.0,21.0,1734.95
2022-07-26,JP,Saitama,pm25,487,5.0,70.0,21.0,970.68
2022-07-26,JP,Naha,pm25,144,25.0,132.0,42.0,1541.23
2022-07-26,JP,Nagasaki,pm25,188,5.0,65.0,38.0,950.2
2022-07-26,JP,Toyama,pm25,191,30.0,97.0,55.0,1185.53
2022-07-26,JP,Niigata,pm25,213,30.0,76.0,50.0,975.71
2022-07-26,JP,Nara-shi,pm25,186,5.0,89.0,57.0,3329.57
2022-07-26,JP,Okayama,pm25,285,53.0,154.0,82.0,2566.34
2022-07-26,JP,Sendai,pm25,444,13.0,80.0,46.0,2156.44
2022-07-26,JP,Osaka,pm25,1406,5.0,112.0,57.0,2099.8
2022-07-26,JP,Miyazaki,pm25,144,30.0,151.0,76.0,4375.51
2022-07-26,JP,Matsuyama,pm25,168,13.0,154.0,72.0,3628.9
2022-07-26,JP,Wakayama,pm25,250,34.0,95.0,57.0,1072.36
2022-07-26,JP,Takamatsu,pm25,240,42.0,129.0,76.0,2374.52
2022-07-26,JP,Nagoya,pm25,671,5.0,104.0,46.0,4247.99
2022-07-26,JP,Ōita,pm25,261,25.0,152.0,80.0,6079.81
2022-07-26,JP,Kobe,pm25,424,9.0,104.0,63.0,1757.94
2022-07-26,JP,Nagano,pm25,62,17.0,99.0,55.0,3434.48
2022-07-26,JP,Utsunomiya,pm25,401,5.0,114.0,21.0,1380.25
2022-07-26,JP,Kagoshima,pm25,95,38.0,109.0,55.0,1666.51
2022-07-26,SK,Košice,pm25,86,13.0,107.0,57.0,4069.55
2022-07-26,SK,Bratislava,pm25,95,9.0,127.0,53.0,7159.12
2022-07-26,FI,Vantaa,pm25,24,16.0,51.0,29.0,701.72
2022-07-26,FI,Turku,pm25,24,13.0,28.0,20.0,132.01
2022-07-26,FI,Helsinki,pm25,120,17.0,55.0,25.0,551.59
2022-07-26,FI,Tampere,pm25,91,1.0,37.0,26.0,413.31
2022-07-26,ET,Addis Ababa,pm25,24,55.0,156.0,97.0,10171.1
2022-07-26,CH,Zürich,pm25,9,1.0,2.0,1.0,1.11
2022-07-26,CO,Bogotá,pm25,313,5.0,157.0,50.0,6677.81
2022-07-26,CO,Medellín,pm25,281,13.0,80.0,55.0,1612.32
2022-07-26,DK,Copenhagen,pm25,23,8.0,34.0,22.0,550.83
2022-07-26,GB,Edinburgh,pm25,282,3.0,57.0,8.0,497.1
2022-07-26,GB,Norwich,pm25,21,12.0,23.0,17.0,79.57
2022-07-26,GB,Liverpool,pm25,19,5.0,30.0,17.0,508.13
2022-07-26,GB,Belfast,pm25,33,7.0,21.0,13.0,78.09
2022-07-26,GB,Coventry,pm25,69,11.0,29.0,17.0,283.22
2022-07-26,GB,Leeds,pm25,38,13.0,50.0,29.0,728.94
2022-07-26,GB,Cardiff,pm25,117,5.0,50.0,21.0,838.95
2022-07-26,GB,Bristol,pm25,59,17.0,55.0,34.0,1036.97
2022-07-26,GB,London,pm25,535,3.0,76.0,25.0,1369.05
2022-07-26,GB,Birmingham,pm25,45,12.0,35.0,17.0,192.65
2022-07-26,GB,Sheffield,pm25,89,12.0,55.0,18.0,652.9
2022-07-26,GB,Newport,pm25,36,8.0,13.0,11.0,32.09
2022-07-26,GB,Leicester,pm25,22,13.0,32.0,22.0,200.95
2022-07-26,GB,Manchester,pm25,79,9.0,28.0,19.0,179.92
2022-07-26,GB,Reading,pm25,28,5.0,25.0,9.0,406.98
2022-07-26,GB,Plymouth,pm25,29,9.0,21.0,16.0,185.07
2022-07-26,GB,Glasgow,pm25,528,3.0,23.0,8.0,74.91
2022-07-26,GB,Preston,pm25,39,8.0,22.0,15.0,108.6
2022-07-26,GB,Swansea,pm25,115,5.0,114.0,17.0,6954.13
2022-07-26,GB,Southend-on-Sea,pm25,48,12.0,30.0,19.0,169.15
2022-07-26,ID,Jakarta,pm25,71,72.0,164.0,102.0,7854.82
2022-07-26,NP,Kathmandu,pm25,62,5.0,129.0,48.0,3755.77
2022-07-26,NP,Biratnagar,pm25,24,17.0,60.0,31.0,2051.01
2022-07-26,AU,Sydney,pm25,144,1.0,70.0,17.0,1378.59
2022-07-26,AU,Newcastle,pm25,126,2.0,68.0,31.0,2421.15
2022-07-26,AU,Launceston,pm25,152,5.0,183.0,13.0,18517.3
2022-07-26,AU,Hobart,pm25,65,5.0,72.0,17.0,2736.84
2022-07-26,AU,Darwin,pm25,51,24.0,147.0,65.0,5273.54
2022-07-26,AU,Melbourne,pm25,163,1.0,54.0,21.0,1451.72
2022-07-26,AU,Canberra,pm25,58,1.0,100.0,28.0,6678.96
2022-07-26,AU,Adelaide,pm25,92,9.0,63.0,21.0,1072.97
2022-07-26,AU,Brisbane,pm25,194,1.0,78.0,28.0,2741.8
2022-07-26,AU,Perth,pm25,74,2.0,18.0,5.0,134.0
2022-07-26,AU,Wollongong,pm25,31,1.0,77.0,14.0,4560.65
2022-07-26,CI,Abidjan,pm25,24,21.0,91.0,53.0,2505.43
2022-07-26,GH,Accra,pm25,24,30.0,85.0,57.0,1605.63
2022-07-26,IQ,Baghdad,pm25,24,72.0,180.0,158.0,9816.79
2022-07-26,IS,Reykjavík,pm25,95,1.0,17.0,11.0,195.42
2022-07-26,KG,Bishkek,pm25,3,70.0,99.0,97.0,2623.33
2022-07-26,NL,Utrecht,pm25,44,1.0,38.0,21.0,815.45
2022-07-26,NL,Nijmegen,pm25,47,1.0,47.0,18.0,759.33
2022-07-26,NL,Haarlem,pm25,129,1.0,82.0,19.0,2108.59
2022-07-26,NL,Eindhoven,pm25,24,8.0,64.0,33.0,1709.78
2022-07-26,NL,Rotterdam,pm25,189,5.0,56.0,15.0,829.52
2022-07-26,NL,Amsterdam,pm25,240,1.0,55.0,16.0,1093.89
2022-07-26,NL,Dordrecht,pm25,24,5.0,38.0,21.0,772.75
2022-07-26,NL,Breda,pm25,22,2.0,34.0,17.0,684.52
2022-07-26,NL,Groningen,pm25,39,3.0,44.0,16.0,1065.44
2022-07-26,NL,Maastricht,pm25,42,5.0,50.0,21.0,1083.39
2022-07-26,NL,The Hague,pm25,58,2.0,35.0,15.0,558.05
2022-07-26,PT,Lisbon,pm25,96,11.0,51.0,22.0,654.37
2022-07-26,PT,Funchal,pm25,72,3.0,126.0,63.0,5449.25
2022-07-26,CA,Hamilton,pm25,65,5.0,59.0,13.0,1484.76
2022-07-26,CA,Calgary,pm25,92,6.0,65.0,20.0,1618.13
2022-07-26,CA,Winnipeg,pm25,24,27.0,48.0,32.0,325.43
2022-07-26,CA,Halifax,pm25,46,6.0,34.0,21.0,705.94
2022-07-26,CA,Kitchener,pm25,35,9.0,34.0,17.0,408.29
2022-07-26,CA,Edmonton,pm25,124,4.0,48.0,23.0,1123.74
2022-07-26,CA,Mississauga,pm25,55,9.0,53.0,17.0,1518.4
2022-07-26,CA,Québec,pm25,125,12.0,31.0,20.0,90.0
2022-07-26,CA,Vancouver,pm25,22,17.0,63.0,31.0,1780.89
2022-07-26,CA,Victoria,pm25,23,30.0,57.0,42.0,578.73
2022-07-26,CA,Montréal,pm25,276,3.0,38.0,18.0,606.48
2022-07-26,CA,Toronto,pm25,113,5.0,72.0,13.0,1793.33
2022-07-26,CA,Ottawa,pm25,58,5.0,25.0,18.0,230.54
2022-07-26,CA,London,pm25,29,9.0,42.0,17.0,504.7
2022-07-26,US,Oklahoma City,pm25,96,19.0,42.0,29.0,220.52
2022-07-26,US,Raleigh,pm25,68,9.0,59.0,31.0,1320.04
2022-07-26,US,Memphis,pm25,72,26.0,60.0,33.0,491.22
2022-07-26,US,Jackson,pm25,70,16.0,73.0,25.0,1130.94
2022-07-26,US,Boston,pm25,99,13.0,132.0,21.0,2362.82
2022-07-26,US,Richmond,pm25,96,17.0,43.0,32.0,423.54
2022-07-26,US,Portland,pm25,161,22.0,78.0,38.0,1137.19
2022-07-26,US,Boise,pm25,94,5.0,70.0,28.0,2031.45
2022-07-26,US,Austin,pm25,44,5.0,57.0,17.0,2133.59
2022-07-26,US,Honolulu,pm25,41,5.0,42.0,17.0,624.12
2022-07-26,US,Fresno,pm25,46,13.0,255.0,42.0,13831.3
2022-07-26,US,Milwaukee,pm25,143,15.0,39.0,23.0,192.65
2022-07-26,US,Hartford,pm25,48,15.0,39.0,18.0,415.53
2022-07-26,US,Washington D.C.,pm25,117,5.0,50.0,32.0,1173.99
2022-07-26,US,Chicago,pm25,239,10.0,56.0,24.0,795.5
2022-07-26,US,Houston,pm25,93,2.0,59.0,25.0,1624.34
2022-07-26,US,Indianapolis,pm25,93,17.0,53.0,35.0,584.92
2022-07-26,US,Atlanta,pm25,24,22.0,47.0,29.0,743.19
2022-07-26,US,Charlotte,pm25,70,5.0,46.0,25.0,828.86
2022-07-26,US,Sacramento,pm25,69,5.0,34.0,17.0,369.21
2022-07-26,US,Oakland,pm25,94,5.0,42.0,13.0,660.02
2022-07-26,US,Providence,pm25,43,5.0,55.0,25.0,1772.86
2022-07-26,US,Staten Island,pm25,109,1.0,65.0,25.0,2452.62
2022-07-26,US,Brooklyn,pm25,120,1.0,55.0,22.0,1457.91
2022-07-26,US,Springfield,pm25,71,3.0,38.0,26.0,634.33
2022-07-26,US,The Bronx,pm25,26,2.0,46.0,12.0,1342.65
2022-07-26,US,San Jose,pm25,88,5.0,93.0,17.0,1778.62
2022-07-26,US,Los Angeles,pm25,24,31.0,82.0,55.0,1874.33
2022-07-26,US,Detroit,pm25,167,15.0,83.0,33.0,1878.78
2022-07-26,US,Little Rock,pm25,21,19.0,53.0,37.0,795.9
2022-07-26,US,Baltimore,pm25,45,5.0,43.0,27.0,791.8
2022-07-26,US,Phoenix,pm25,154,2.0,65.0,19.0,983.88
2022-07-26,US,Omaha,pm25,41,5.0,72.0,25.0,2713.8
2022-07-26,US,El Paso,pm25,118,5.0,124.0,17.0,3886.28
2022-07-26,US,Dallas,pm25,22,5.0,72.0,17.0,2821.13
2022-07-26,US,Seattle,pm25,258,20.0,132.0,50.0,1956.41
2022-07-26,US,Manhattan,pm25,57,1.0,55.0,12.0,1573.88
2022-07-26,US,Miami,pm25,84,11.0,64.0,41.0,1645.27
2022-07-26,US,Jacksonville,pm25,141,16.0,130.0,31.0,2084.24
2022-07-26,US,San Antonio,pm25,92,5.0,145.0,26.0,3670.9
2022-07-26,US,Philadelphia,pm25,94,2.0,56.0,29.0,973.85
2022-07-26,US,San Diego,pm25,22,22.0,57.0,36.0,1217.42
2022-07-26,US,Columbus,pm25,48,5.0,40.0,25.0,609.79
2022-07-26,US,Saint Paul,pm25,119,5.0,37.0,23.0,353.95
2022-07-26,US,Denver,pm25,149,13.0,53.0,30.0,466.45
2022-07-26,US,Salt Lake City,pm25,216,8.0,80.0,40.0,2388.79
2022-07-26,US,Albuquerque,pm25,69,13.0,35.0,20.0,170.86
2022-07-26,US,San Francisco,pm25,61,5.0,72.0,13.0,2925.16
2022-07-26,US,Salem,pm25,72,18.0,62.0,39.0,1174.46
2022-07-26,US,Madison,pm25,48,17.0,37.0,21.0,174.45
2022-07-26,US,Nashville,pm25,69,13.0,57.0,35.0,636.63
2022-07-26,US,Tucson,pm25,139,5.0,38.0,13.0,499.22
2022-07-26,US,Queens,pm25,81,1.0,39.0,16.0,1026.29
2022-07-26,US,Tallahassee,pm25,68,2.0,63.0,29.0,1892.19
2022-07-26,US,Fort Worth,pm25,45,5.0,95.0,24.0,3365.28
2022-07-26,RS,Novi Sad,pm25,48,20.0,89.0,38.0,2230.9
2022-07-26,RS,Niš,pm25,48,18.0,62.0,45.0,1859.93
2022-07-26,RS,Belgrade,pm25,120,13.0,72.0,37.0,2445.2
2022-07-26,CY,Nicosia,pm25,24,17.0,53.0,30.0,1124.33
2022-07-26,CY,Limassol,pm25,21,11.0,64.0,33.0,2235.9
2022-07-26,HR,Zagreb,pm25,24,25.0,69.0,57.0,1494.13
2022-07-26,MK,Skopje,pm25,160,13.0,168.0,55.0,7629.31
2022-07-27,GE,Tbilisi,pm25,72,37.0,69.0,54.0,586.29
2022-07-27,HU,Győr,pm25,48,5.0,119.0,57.0,13108.9
2022-07-27,HU,Szeged,pm25,22,9.0,57.0,34.0,2743.03
2022-07-27,HU,Pécs,pm25,66,17.0,68.0,34.0,2953.09
2022-07-27,HU,Kecskemét,pm25,36,17.0,82.0,34.0,4609.14
2022-07-27,HU,Miskolc,pm25,107,13.0,68.0,34.0,1676.42
2022-07-27,HU,Budapest,pm25,279,9.0,65.0,34.0,1120.3
2022-07-27,JP,Fukuoka,pm25,396,13.0,155.0,61.0,4211.01
2022-07-27,JP,Kanazawa,pm25,188,13.0,70.0,53.0,1201.54
2022-07-27,JP,Kumamoto,pm25,239,5.0,91.0,53.0,3645.27
2022-07-27,JP,Akita,pm25,29,30.0,91.0,55.0,2674.09
2022-07-27,JP,Kochi,pm25,36,9.0,99.0,68.0,5412.85
2022-07-27,JP,Gifu-shi,pm25,110,5.0,76.0,21.0,2801.42
2022-07-27,JP,Kyoto,pm25,561,5.0,122.0,46.0,3312.77
2022-07-27,JP,Hiroshima,pm25,334,9.0,137.0,72.0,4561.12
2022-07-27,JP,Shizuoka,pm25,235,5.0,59.0,17.0,1036.63
2022-07-27,JP,Chiba,pm25,643,5.0,85.0,21.0,2386.82
2022-07-27,JP,Sapporo,pm25,181,5.0,107.0,34.0,3137.5
2022-07-27,JP,Yokohama,pm25,470,1.0,53.0,21.0,1173.15
2022-07-27,JP,Tokyo,pm25,2411,1.0,109.0,21.0,1537.57
2022-07-27,JP,Saitama,pm25,469,1.0,57.0,21.0,581.38
2022-07-27,JP,Naha,pm25,108,38.0,91.0,59.0,869.27
2022-07-27,JP,Nagasaki,pm25,146,13.0,82.0,50.0,1117.98
2022-07-27,JP,Toyama,pm25,147,25.0,76.0,55.0,1274.31
2022-07-27,JP,Niigata,pm25,156,30.0,76.0,53.0,1070.76
2022-07-27,JP,Nara-shi,pm25,146,5.0,72.0,30.0,3087.45
2022-07-27,JP,Okayama,pm25,224,13.0,93.0,57.0,2595.61
2022-07-27,JP,Sendai,pm25,476,17.0,72.0,46.0,901.93
2022-07-27,JP,Osaka,pm25,1195,5.0,102.0,55.0,3964.3
2022-07-27,JP,Miyazaki,pm25,96,30.0,154.0,87.0,8584.79
2022-07-27,JP,Matsuyama,pm25,126,5.0,139.0,80.0,8051.42
2022-07-27,JP,Wakayama,pm25,209,5.0,151.0,50.0,4415.29
2022-07-27,JP,Takamatsu,pm25,190,5.0,97.0,65.0,4572.83
2022-07-27,JP,Nagoya,pm25,583,1.0,95.0,13.0,1555.82
2022-07-27,JP,Ōita,pm25,193,5.0,149.0,87.0,8026.96
2022-07-27,JP,Kobe,pm25,413,5.0,87.0,55.0,5119.66
2022-07-27,JP,Nagano,pm25,52,5.0,70.0,25.0,1826.86
2022-07-27,JP,Utsunomiya,pm25,337,5.0,155.0,30.0,2678.25
2022-07-27,JP,Kagoshima,pm25,76,17.0,137.0,63.0,5548.6
2022-07-27,SK,Košice,pm25,96,17.0,163.0,50.0,4726.09
2022-07-27,SK,Bratislava,pm25,96,13.0,142.0,57.0,3906.8
2022-07-27,FI,Vantaa,pm25,23,2.0,30.0,18.0,302.49
2022-07-27,FI,Turku,pm25,23,1.0,24.0,10.0,367.71
2022-07-27,FI,Helsinki,pm25,120,6.0,27.0,17.0,216.16
2022-07-27,FI,Tampere,pm25,94,4.0,33.0,10.0,544.21
2022-07-27,ET,Addis Ababa,pm25,24,42.0,157.0,89.0,7976.5
2022-07-27,CH,Zürich,pm25,13,1.0,2.0,1.0,2.31
2022-07-27,CO,Bogotá,pm25,328,5.0,233.0,46.0,6173.55
2022-07-27,CO,Medellín,pm25,273,13.0,89.0,59.0,1964.56
2022-07-27,DK,Copenhagen,pm25,24,11.0,54.0,25.0,1091.01
2022-07-27,GB,Edinburgh,pm25,281,5.0,55.0,12.0,584.65
2022-07-27,GB,Norwich,pm25,14,9.0,20.0,15.0,74.12
2022-07-27,GB,Liverpool,pm25,42,5.0,61.0,14.0,1202.4
2022-07-27,GB,Belfast,pm25,32,6.0,20.0,12.0,163.87
2022-07-27,GB,Coventry,pm25,56,16.0,43.0,22.0,422.52
2022-07-27,GB,Leeds,pm25,30,25.0,57.0,34.0,840.51
2022-07-27,GB,Cardiff,pm25,124,5.0,63.0,25.0,2204.75
2022-07-27,GB,Bristol,pm25,65,9.0,57.0,38.0,1296.65
2022-07-27,GB,London,pm25,507,3.0,59.0,21.0,1033.96
2022-07-27,GB,Birmingham,pm25,48,17.0,39.0,25.0,288.19
2022-07-27,GB,Sheffield,pm25,82,13.0,59.0,27.0,790.42
2022-07-27,GB,Newport,pm25,41,9.0,30.0,14.0,242.31
2022-07-27,GB,Leicester,pm25,20,14.0,31.0,21.0,156.32
2022-07-27,GB,Manchester,pm25,84,17.0,54.0,28.0,513.37
2022-07-27,GB,Reading,pm25,40,5.0,30.0,13.0,414.64
2022-07-27,GB,Plymouth,pm25,14,11.0,17.0,13.0,35.16
2022-07-27,GB,Glasgow,pm25,534,6.0,42.0,11.0,105.28
2022-07-27,GB,Preston,pm25,46,14.0,33.0,19.0,274.88
2022-07-27,GB,Swansea,pm25,148,5.0,258.0,21.0,8566.14
2022-07-27,GB,Southend-on-Sea,pm25,37,10.0,22.0,16.0,115.43
2022-07-27,ID,Jakarta,pm25,71,78.0,164.0,144.0,5166.97
2022-07-27,NP,Kathmandu,pm25,67,5.0,98.0,53.0,3503.33
2022-07-27,NP,Biratnagar,pm25,24,8.0,131.0,37.0,7852.16
2022-07-27,AU,Sydney,pm25,137,1.0,55.0,12.0,1184.49
2022-07-27,AU,Newcastle,pm25,131,1.0,70.0,15.0,2833.12
2022-07-27,AU,Launceston,pm25,160,5.0,160.0,25.0,13978.4
2022-07-27,AU,Hobart,pm25,61,5.0,63.0,9.0,2026.2
2022-07-27,AU,Darwin,pm25,63,18.0,155.0,65.0,8133.08
2022-07-27,AU,Melbourne,pm25,152,1.0,53.0,19.0,1696.02
2022-07-27,AU,Canberra,pm25,61,2.0,57.0,25.0,2412.22
2022-07-27,AU,Adelaide,pm25,88,5.0,57.0,21.0,1892.92
2022-07-27,AU,Brisbane,pm25,205,1.0,52.0,15.0,644.8
2022-07-27,AU,Perth,pm25,69,2.0,17.0,7.0,110.81
2022-07-27,AU,Wollongong,pm25,31,3.0,59.0,16.0,2154.99
2022-07-27,CI,Abidjan,pm25,24,5.0,70.0,46.0,2787.37
2022-07-27,GH,Accra,pm25,24,21.0,99.0,57.0,3114.49
2022-07-27,IQ,Baghdad,pm25,24,97.0,165.0,139.0,4113.89
2022-07-27,IS,Reykjavík,pm25,82,2.0,28.0,13.0,337.56
2022-07-27,KG,Bishkek,pm25,24,65.0,95.0,70.0,543.9
2022-07-27,NL,Utrecht,pm25,45,1.0,42.0,17.0,899.98
2022-07-27,NL,Nijmegen,pm25,47,4.0,43.0,18.0,788.13
2022-07-27,NL,Haarlem,pm25,130,2.0,55.0,19.0,972.02
2022-07-27,NL,Eindhoven,pm25,24,22.0,60.0,42.0,1099.11
2022-07-27,NL,Rotterdam,pm25,190,2.0,36.0,12.0,199.44
2022-07-27,NL,Amsterdam,pm25,223,1.0,48.0,13.0,632.57
2022-07-27,NL,Dordrecht,pm25,23,9.0,34.0,21.0,519.29
2022-07-27,NL,Breda,pm25,22,1.0,40.0,17.0,641.56
2022-07-27,NL,Groningen,pm25,45,1.0,34.0,11.0,533.56
2022-07-27,NL,The Hague,pm25,65,1.0,55.0,12.0,552.27
2022-07-27,PT,Lisbon,pm25,93,10.0,39.0,20.0,293.35
2022-07-27,PT,Funchal,pm25,70,1.0,66.0,27.0,6560.5
2022-07-27,CA,Hamilton,pm25,91,13.0,78.0,34.0,1680.99
2022-07-27,CA,Calgary,pm25,92,13.0,83.0,33.0,2736.54
2022-07-27,CA,Winnipeg,pm25,24,14.0,34.0,21.0,326.07
2022-07-27,CA,Halifax,pm25,46,14.0,45.0,23.0,330.05
2022-07-27,CA,Kitchener,pm25,46,13.0,76.0,38.0,2831.0
2022-07-27,CA,Edmonton,pm25,126,1.0,56.0,26.0,1783.82
2022-07-27,CA,Mississauga,pm25,66,9.0,152.0,42.0,7623.38
2022-07-27,CA,Québec,pm25,154,20.0,49.0,27.0,278.73
2022-07-27,CA,Vancouver,pm25,23,15.0,60.0,48.0,2386.96
2022-07-27,CA,Victoria,pm25,33,9.0,72.0,34.0,1849.43
2022-07-27,CA,Montréal,pm25,381,9.0,167.0,24.0,2741.61
2022-07-27,CA,Toronto,pm25,138,9.0,97.0,30.0,3343.26
2022-07-27,CA,Ottawa,pm25,62,9.0,30.0,22.0,267.09
2022-07-27,CA,London,pm25,47,5.0,76.0,38.0,3717.6
2022-07-27,US,Oklahoma City,pm25,96,20.0,40.0,30.0,286.53
2022-07-27,US,Raleigh,pm25,68,9.0,65.0,36.0,1051.26
2022-07-27,US,Memphis,pm25,72,16.0,51.0,29.0,421.19
2022-07-27,US,Jackson,pm25,72,14.0,54.0,26.0,599.53
2022-07-27,US,Boston,pm25,117,5.0,61.0,21.0,652.21
2022-07-27,US,Richmond,pm25,96,18.0,47.0,28.0,342.04
2022-07-27,US,Portland,pm25,165,15.0,55.0,32.0,689.92
2022-07-27,US,Boise,pm25,96,5.0,69.0,42.0,2167.81
2022-07-27,US,Austin,pm25,43,5.0,61.0,25.0,1815.5
2022-07-27,US,Honolulu,pm25,44,5.0,53.0,17.0,855.91
2022-07-27,US,Fresno,pm25,40,5.0,151.0,34.0,10400.0
2022-07-27,US,Milwaukee,pm25,144,18.0,55.0,33.0,528.67
2022-07-27,US,Hartford,pm25,47,19.0,43.0,25.0,259.4
2022-07-27,US,Washington D.C.,pm25,118,9.0,47.0,25.0,921.48
2022-07-27,US,Chicago,pm25,238,5.0,137.0,31.0,2414.7
2022-07-27,US,Houston,pm25,93,9.0,65.0,29.0,1849.12
2022-07-27,US,Indianapolis,pm25,97,13.0,51.0,35.0,501.77
2022-07-27,US,Atlanta,pm25,24,24.0,38.0,33.0,139.84
2022-07-27,US,Charlotte,pm25,69,9.0,50.0,28.0,632.24
2022-07-27,US,Sacramento,pm25,63,3.0,85.0,13.0,1743.78
2022-07-27,US,Oakland,pm25,74,5.0,30.0,13.0,354.45
2022-07-27,US,Providence,pm25,36,5.0,57.0,25.0,1891.07
2022-07-27,US,Staten Island,pm25,119,2.0,60.0,34.0,1696.25
2022-07-27,US,Brooklyn,pm25,139,1.0,59.0,29.0,2223.69
2022-07-27,US,Springfield,pm25,72,10.0,51.0,30.0,748.68
2022-07-27,US,The Bronx,pm25,46,1.0,59.0,32.0,3255.0
2022-07-27,US,San Jose,pm25,80,5.0,46.0,13.0,904.01
2022-07-27,US,Los Angeles,pm25,24,23.0,71.0,49.0,1598.97
2022-07-27,US,Detroit,pm25,167,13.0,91.0,44.0,2031.07
2022-07-27,US,Little Rock,pm25,23,4.0,67.0,41.0,2148.77
2022-07-27,US,Baltimore,pm25,48,9.0,51.0,35.0,868.49
2022-07-27,US,Phoenix,pm25,184,2.0,51.0,23.0,773.9
2022-07-27,US,Omaha,pm25,47,5.0,46.0,25.0,950.86
2022-07-27,US,El Paso,pm25,120,4.0,52.0,21.0,1369.1
2022-07-27,US,Dallas,pm25,10,9.0,34.0,17.0,656.11
2022-07-27,US,Seattle,pm25,257,19.0,82.0,46.0,1391.06
2022-07-27,US,Manhattan,pm25,71,2.0,55.0,25.0,2173.12
2022-07-27,US,Miami,pm25,80,23.0,69.0,57.0,979.55
2022-07-27,US,Jacksonville,pm25,142,23.0,72.0,41.0,1853.86
2022-07-27,US,San Antonio,pm25,94,1.0,66.0,30.0,2551.61
2022-07-27,US,Philadelphia,pm25,96,18.0,61.0,37.0,765.96
2022-07-27,US,San Diego,pm25,24,15.0,42.0,27.0,631.02
2022-07-27,US,Columbus,pm25,48,12.0,49.0,33.0,1196.1
2022-07-27,US,Saint Paul,pm25,143,5.0,63.0,26.0,2395.49
2022-07-27,US,Denver,pm25,151,17.0,57.0,34.0,773.99
2022-07-27,US,Salt Lake City,pm25,216,8.0,122.0,24.0,1671.97
2022-07-27,US,Albuquerque,pm25,72,12.0,35.0,18.0,131.45
2022-07-27,US,San Francisco,pm25,42,5.0,30.0,13.0,347.42
2022-07-27,US,Salem,pm25,72,12.0,44.0,23.0,736.24
2022-07-27,US,Madison,pm25,48,18.0,61.0,35.0,1297.38
2022-07-27,US,Nashville,pm25,70,17.0,53.0,31.0,588.26
2022-07-27,US,Tucson,pm25,144,5.0,46.0,21.0,764.09
2022-07-27,US,Queens,pm25,92,1.0,54.0,28.0,1937.19
2022-07-27,US,Tallahassee,pm25,70,6.0,58.0,23.0,1218.17
2022-07-27,US,Fort Worth,pm25,44,5.0,122.0,25.0,3349.02
2022-07-27,RS,Novi Sad,pm25,48,17.0,67.0,37.0,1891.84
2022-07-27,RS,Niš,pm25,48,22.0,62.0,39.0,969.77
2022-07-27,RS,Belgrade,pm25,120,12.0,75.0,34.0,2632.02
2022-07-27,CY,Nicosia,pm25,24,8.0,53.0,34.0,1638.24
2022-07-27,CY,Limassol,pm25,24,6.0,65.0,41.0,2178.24
2022-07-27,HR,Zagreb,pm25,24,48.0,69.0,55.0,408.91
2022-07-27,MK,Skopje,pm25,145,13.0,133.0,56.0,3392.18
2022-07-28,GE,Tbilisi,pm25,72,35.0,53.0,46.0,314.35
2022-07-28,HU,Győr,pm25,44,9.0,85.0,30.0,5618.77
2022-07-28,HU,Szeged,pm25,22,21.0,53.0,34.0,889.98
2022-07-28,HU,Pécs,pm25,63,21.0,38.0,30.0,349.82
2022-07-28,HU,Kecskemét,pm25,42,25.0,53.0,46.0,937.14
2022-07-28,HU,Miskolc,pm25,108,17.0,78.0,34.0,1699.34
2022-07-28,HU,Budapest,pm25,163,13.0,55.0,30.0,698.7
2022-07-28,JP,Fukuoka,pm25,397,5.0,99.0,38.0,2843.17
2022-07-28,JP,Kanazawa,pm25,220,5.0,65.0,42.0,1716.85
2022-07-28,JP,Kumamoto,pm25,260,5.0,89.0,21.0,2270.5
2022-07-28,JP,Akita,pm25,35,13.0,87.0,25.0,3692.05
2022-07-28,JP,Kochi,pm25,44,5.0,46.0,21.0,1014.86
2022-07-28,JP,Gifu-shi,pm25,138,5.0,87.0,25.0,3282.69
2022-07-28,JP,Kyoto,pm25,562,5.0,61.0,30.0,1456.83
2022-07-28,JP,Hiroshima,pm25,333,5.0,89.0,53.0,2616.82
2022-07-28,JP,Shizuoka,pm25,226,5.0,61.0,17.0,1265.15
2022-07-28,JP,Chiba,pm25,658,5.0,999.0,21.0,31859.1
2022-07-28,JP,Sapporo,pm25,182,5.0,70.0,17.0,1120.51
2022-07-28,JP,Yokohama,pm25,500,1.0,57.0,17.0,761.78
2022-07-28,JP,Tokyo,pm25,2342,1.0,117.0,21.0,1261.36
2022-07-28,JP,Saitama,pm25,471,5.0,68.0,21.0,1209.75
2022-07-28,JP,Naha,pm25,117,5.0,87.0,68.0,8980.28
2022-07-28,JP,Nagasaki,pm25,181,5.0,78.0,34.0,2530.97
2022-07-28,JP,Toyama,pm25,181,5.0,85.0,53.0,1611.61
2022-07-28,JP,Niigata,pm25,201,13.0,74.0,55.0,1614.59
2022-07-28,JP,Nara-shi,pm25,163,9.0,53.0,30.0,944.33
2022-07-28,JP,Okayama,pm25,252,5.0,63.0,21.0,932.12
2022-07-28,JP,Sendai,pm25,457,21.0,74.0,46.0,1100.43
2022-07-28,JP,Osaka,pm25,1293,5.0,107.0,25.0,1839.81
2022-07-28,JP,Miyazaki,pm25,93,5.0,70.0,42.0,3239.09
2022-07-28,JP,Matsuyama,pm25,144,5.0,134.0,53.0,5614.56
2022-07-28,JP,Wakayama,pm25,265,5.0,91.0,25.0,1785.07
2022-07-28,JP,Takamatsu,pm25,205,5.0,59.0,21.0,1193.25
2022-07-28,JP,Nagoya,pm25,660,5.0,68.0,21.0,1094.04
2022-07-28,JP,Ōita,pm25,213,5.0,53.0,21.0,1293.98
2022-07-28,JP,Kobe,pm25,381,5.0,74.0,21.0,1540.03
2022-07-28,JP,Nagano,pm25,66,5.0,68.0,25.0,2268.84
2022-07-28,JP,Utsunomiya,pm25,356,5.0,162.0,25.0,2873.04
2022-07-28,JP,Kagoshima,pm25,84,5.0,65.0,25.0,1961.77
2022-07-28,SK,Košice,pm25,96,21.0,142.0,53.0,5108.84
2022-07-28,SK,Bratislava,pm25,93,9.0,68.0,46.0,1070.63
2022-07-28,FI,Vantaa,pm25,22,2.0,25.0,12.0,314.22
2022-07-28,FI,Turku,pm25,24,5.0,21.0,9.0,123.41
2022-07-28,FI,Helsinki,pm25,118,2.0,22.0,9.0,84.34
2022-07-28,FI,Tampere,pm25,94,4.0,16.0,7.0,51.79
2022-07-28,ET,Addis Ababa,pm25,22,38.0,166.0,97.0,16368.6
2022-07-28,CH,Zürich,pm25,16,1.0,3.0,2.0,4.96
2022-07-28,CO,Bogotá,pm25,321,5.0,150.0,53.0,8733.09
2022-07-28,CO,Medellín,pm25,292,23.0,87.0,53.0,1434.45
2022-07-28,DK,Copenhagen,pm25,24,17.0,60.0,35.0,1076.07
2022-07-28,GB,Edinburgh,pm25,283,9.0,61.0,25.0,953.75
2022-07-28,GB,Norwich,pm25,19,9.0,16.0,13.0,29.53
2022-07-28,GB,Liverpool,pm25,44,13.0,63.0,34.0,1190.04
2022-07-28,GB,Belfast,pm25,47,13.0,46.0,19.0,423.76
2022-07-28,GB,Coventry,pm25,57,14.0,34.0,21.0,89.8
2022-07-28,GB,Leeds,pm25,16,24.0,35.0,30.0,148.0
2022-07-28,GB,Cardiff,pm25,142,13.0,68.0,30.0,2655.28
2022-07-28,GB,Bristol,pm25,70,17.0,65.0,38.0,1134.97
2022-07-28,GB,London,pm25,468,4.0,70.0,25.0,1386.87
2022-07-28,GB,Birmingham,pm25,38,20.0,52.0,25.0,340.09
2022-07-28,GB,Sheffield,pm25,73,15.0,57.0,23.0,655.7
2022-07-28,GB,Newport,pm25,37,17.0,38.0,23.0,228.24
2022-07-28,GB,Leicester,pm25,20,12.0,22.0,19.0,60.42
2022-07-28,GB,Manchester,pm25,79,17.0,52.0,30.0,511.41
2022-07-28,GB,Reading,pm25,44,5.0,34.0,9.0,655.39
2022-07-28,GB,Plymouth,pm25,14,13.0,18.0,13.0,25.93
2022-07-28,GB,Glasgow,pm25,545,5.0,58.0,19.0,984.62
2022-07-28,GB,Preston,pm25,41,17.0,48.0,27.0,485.1
2022-07-28,GB,Swansea,pm25,137,5.0,132.0,30.0,5778.82
2022-07-28,GB,Southend-on-Sea,pm25,45,12.0,30.0,19.0,169.62
2022-07-28,ID,Jakarta,pm25,69,76.0,171.0,137.0,10300.0
2022-07-28,NP,Kathmandu,pm25,65,5.0,65.0,43.0,2374.97
2022-07-28,NP,Biratnagar,pm25,24,35.0,59.0,44.0,631.3
2022-07-28,AU,Sydney,pm25,137,1.0,53.0,16.0,1367.91
2022-07-28,AU,Newcastle,pm25,137,1.0,75.0,19.0,2686.39
2022-07-28,AU,Launceston,pm25,153,5.0,149.0,25.0,10019.3
2022-07-28,AU,Hobart,pm25,53,5.0,25.0,9.0,205.63
2022-07-28,AU,Darwin,pm25,72,12.0,103.0,60.0,3523.94
2022-07-28,AU,Melbourne,pm25,159,1.0,56.0,21.0,1931.72
2022-07-28,AU,Canberra,pm25,61,1.0,54.0,18.0,2177.43
2022-07-28,AU,Adelaide,pm25,92,5.0,58.0,21.0,1545.45
2022-07-28,AU,Brisbane,pm25,216,2.0,81.0,25.0,1710.62
2022-07-28,AU,Perth,pm25,74,2.0,19.0,5.0,122.31
2022-07-28,AU,Wollongong,pm25,36,2.0,42.0,10.0,970.56
2022-07-28,CI,Abidjan,pm25,24,25.0,76.0,53.0,2466.88
2022-07-28,GH,Accra,pm25,24,38.0,132.0,59.0,3410.14
2022-07-28,IQ,Baghdad,pm25,24,80.0,182.0,134.0,7749.55
2022-07-28,IS,Reykjavík,pm25,96,1.0,54.0,11.0,461.65
2022-07-28,KG,Bishkek,pm25,24,50.0,109.0,65.0,1529.49
2022-07-28,NL,Utrecht,pm25,47,2.0,50.0,20.0,996.83
2022-07-28,NL,Nijmegen,pm25,48,1.0,73.0,22.0,1569.32
2022-07-28,NL,Haarlem,pm25,128,2.0,63.0,23.0,1440.94
2022-07-28,NL,Eindhoven,pm25,24,17.0,68.0,41.0,1418.97
2022-07-28,NL,Rotterdam,pm25,189,4.0,45.0,13.0,241.19
2022-07-28,NL,Amsterdam,pm25,222,1.0,57.0,13.0,706.83
2022-07-28,NL,Dordrecht,pm25,24,9.0,46.0,21.0,851.23
2022-07-28,NL,Breda,pm25,22,8.0,38.0,18.0,584.33
2022-07-28,NL,Groningen,pm25,46,2.0,40.0,15.0,762.25
2022-07-28,NL,The Hague,pm25,66,1.0,34.0,12.0,238.7
2022-07-28,PT,Lisbon,pm25,89,15.0,35.0,20.0,160.87
2022-07-28,PT,Funchal,pm25,51,1.0,66.0,32.0,8120.0
2022-07-28,CA,Hamilton,pm25,96,5.0,78.0,34.0,3293.22
2022-07-28,CA,Calgary,pm25,92,15.0,62.0,38.0,1283.26
2022-07-28,CA,Winnipeg,pm25,21,14.0,17.0,15.0,4.9
2022-07-28,CA,Halifax,pm25,45,18.0,38.0,29.0,227.91
2022-07-28,CA,Kitchener,pm25,45,5.0,104.0,38.0,7837.25
2022-07-28,CA,Edmonton,pm25,127,1.0,61.0,29.0,1786.85
2022-07-28,CA,Mississauga,pm25,69,9.0,102.0,38.0,3927.53
2022-07-28,CA,Québec,pm25,162,12.0,71.0,31.0,828.55
2022-07-28,CA,Vancouver,pm25,23,24.0,69.0,56.0,1410.79
2022-07-28,CA,Victoria,pm25,46,13.0,76.0,30.0,1769.02
2022-07-28,CA,Montréal,pm25,425,3.0,167.0,30.0,1913.02
2022-07-28,CA,Toronto,pm25,136,13.0,85.0,42.0,2009.18
2022-07-28,CA,Ottawa,pm25,67,17.0,55.0,35.0,579.85
2022-07-28,CA,London,pm25,47,9.0,74.0,38.0,3198.8
2022-07-28,US,Oklahoma City,pm25,93,20.0,48.0,32.0,468.34
2022-07-28,US,Raleigh,pm25,66,9.0,59.0,40.0,1414.56
2022-07-28,US,Memphis,pm25,67,5.0,52.0,28.0,584.1
2022-07-28,US,Jackson,pm25,72,17.0,51.0,23.0,963.35
2022-07-28,US,Boston,pm25,133,5.0,70.0,34.0,1381.54
2022-07-28,US,Richmond,pm25,96,18.0,36.0,26.0,269.01
2022-07-28,US,Portland,pm25,167,13.0,60.0,35.0,1429.82
2022-07-28,US,Boise,pm25,68,11.0,88.0,41.0,3028.04
2022-07-28,US,Austin,pm25,45,5.0,57.0,25.0,1964.27
2022-07-28,US,Honolulu,pm25,38,5.0,34.0,17.0,580.09
2022-07-28,US,Fresno,pm25,47,13.0,192.0,38.0,12484.3
2022-07-28,US,Milwaukee,pm25,135,8.0,60.0,25.0,2805.8
2022-07-28,US,Hartford,pm25,48,28.0,60.0,40.0,643.76
2022-07-28,US,Washington D.C.,pm25,113,5.0,34.0,21.0,328.97
2022-07-28,US,Chicago,pm25,238,1.0,65.0,25.0,1945.94
2022-07-28,US,Houston,pm25,92,1.0,56.0,28.0,1737.13
2022-07-28,US,Indianapolis,pm25,95,25.0,54.0,42.0,609.33
2022-07-28,US,Atlanta,pm25,24,30.0,37.0,34.0,36.5
2022-07-28,US,Charlotte,pm25,72,5.0,59.0,30.0,751.64
2022-07-28,US,Sacramento,pm25,64,2.0,31.0,17.0,510.48
2022-07-28,US,Oakland,pm25,86,5.0,30.0,9.0,341.63
2022-07-28,US,Providence,pm25,48,5.0,63.0,30.0,2780.21
2022-07-28,US,Staten Island,pm25,119,6.0,65.0,39.0,2148.15
2022-07-28,US,Brooklyn,pm25,144,5.0,70.0,42.0,1768.53
2022-07-28,US,Springfield,pm25,72,8.0,53.0,25.0,1149.98
2022-07-28,US,The Bronx,pm25,48,5.0,70.0,42.0,3313.17
2022-07-28,US,San Jose,pm25,86,5.0,38.0,13.0,564.66
2022-07-28,US,Los Angeles,pm25,24,32.0,67.0,48.0,642.54
2022-07-28,US,Detroit,pm25,168,20.0,68.0,40.0,1280.87
2022-07-28,US,Little Rock,pm25,24,10.0,72.0,34.0,1844.93
2022-07-28,US,Baltimore,pm25,48,5.0,45.0,26.0,1306.06
2022-07-28,US,Phoenix,pm25,187,1.0,58.0,27.0,1016.8
2022-07-28,US,Omaha,pm25,39,5.0,42.0,21.0,756.21
2022-07-28,US,El Paso,pm25,134,5.0,59.0,23.0,1872.85
2022-07-28,US,Dallas,pm25,12,5.0,102.0,21.0,6091.14
2022-07-28,US,Seattle,pm25,261,13.0,164.0,42.0,2677.24
2022-07-28,US,Manhattan,pm25,72,7.0,65.0,40.0,1556.99
2022-07-28,US,Miami,pm25,94,42.0,63.0,55.0,191.91
2022-07-28,US,Jacksonville,pm25,140,36.0,73.0,51.0,829.79
2022-07-28,US,San Antonio,pm25,88,8.0,68.0,28.0,1843.32
2022-07-28,US,Philadelphia,pm25,95,4.0,163.0,35.0,3878.9
2022-07-28,US,San Diego,pm25,24,15.0,36.0,27.0,317.1
2022-07-28,US,Columbus,pm25,48,6.0,45.0,30.0,546.98
2022-07-28,US,Saint Paul,pm25,125,5.0,53.0,14.0,315.95
2022-07-28,US,Denver,pm25,158,9.0,50.0,30.0,779.48
2022-07-28,US,Salt Lake City,pm25,207,13.0,191.0,31.0,5357.75
2022-07-28,US,Albuquerque,pm25,72,11.0,28.0,18.0,137.88
2022-07-28,US,San Francisco,pm25,53,5.0,46.0,13.0,804.51
2022-07-28,US,Salem,pm25,72,13.0,59.0,26.0,1507.32
2022-07-28,US,Madison,pm25,48,11.0,62.0,17.0,3129.34
2022-07-28,US,Nashville,pm25,72,9.0,68.0,33.0,1144.19
2022-07-28,US,Tucson,pm25,147,5.0,59.0,17.0,754.06
2022-07-28,US,Queens,pm25,96,8.0,59.0,40.0,1113.19
2022-07-28,US,Tallahassee,pm25,62,10.0,57.0,26.0,963.26
2022-07-28,US,Fort Worth,pm25,46,5.0,55.0,27.0,1689.6
2022-07-28,RS,Novi Sad,pm25,48,21.0,62.0,36.0,1250.2
2022-07-28,RS,Niš,pm25,48,30.0,65.0,51.0,910.81
2022-07-28,RS,Belgrade,pm25,120,10.0,152.0,42.0,3871.31
2022-07-28,CY,Nicosia,pm25,24,10.0,77.0,42.0,2354.13
2022-07-28,CY,Limassol,pm25,24,28.0,82.0,54.0,1710.85
2022-07-28,HR,Zagreb,pm25,24,26.0,73.0,43.0,2753.03
2022-07-28,MK,Skopje,pm25,167,16.0,84.0,50.0,2835.81
2022-07-29,GE,Tbilisi,pm25,72,40.0,71.0,49.0,523.75
2022-07-29,HU,Győr,pm25,46,9.0,87.0,34.0,4391.07
2022-07-29,HU,Szeged,pm25,24,17.0,59.0,34.0,1666.88
2022-07-29,HU,Pécs,pm25,63,21.0,59.0,38.0,1158.99
2022-07-29,HU,Kecskemét,pm25,38,30.0,59.0,46.0,991.24
2022-07-29,HU,Miskolc,pm25,118,21.0,89.0,42.0,1877.34
2022-07-29,HU,Budapest,pm25,187,9.0,53.0,30.0,676.9
2022-07-29,JP,Fukuoka,pm25,388,5.0,76.0,21.0,1995.39
2022-07-29,JP,Kanazawa,pm25,236,5.0,65.0,38.0,1549.42
2022-07-29,JP,Kumamoto,pm25,223,5.0,55.0,17.0,1026.2
2022-07-29,JP,Akita,pm25,39,5.0,68.0,34.0,2614.59
2022-07-29,JP,Kochi,pm25,44,5.0,59.0,21.0,1941.96
2022-07-29,JP,Gifu-shi,pm25,141,5.0,70.0,25.0,2701.13
2022-07-29,JP,Kyoto,pm25,542,5.0,61.0,25.0,1191.16
2022-07-29,JP,Hiroshima,pm25,314,5.0,85.0,34.0,2129.85
2022-07-29,JP,Shizuoka,pm25,223,5.0,117.0,17.0,2289.52
2022-07-29,JP,Chiba,pm25,675,5.0,152.0,21.0,3333.22
2022-07-29,JP,Sapporo,pm25,207,5.0,112.0,34.0,2989.14
2022-07-29,JP,Yokohama,pm25,523,1.0,50.0,21.0,848.82
2022-07-29,JP,Tokyo,pm25,2489,1.0,151.0,21.0,1554.08
2022-07-29,JP,Saitama,pm25,489,5.0,68.0,21.0,1139.22
2022-07-29,JP,Naha,pm25,124,5.0,53.0,17.0,1498.73
2022-07-29,JP,Nagasaki,pm25,170,5.0,68.0,17.0,1395.57
2022-07-29,JP,Toyama,pm25,187,5.0,99.0,46.0,1424.88
2022-07-29,JP,Niigata,pm25,202,9.0,61.0,38.0,1570.55
2022-07-29,JP,Nara-shi,pm25,183,5.0,53.0,21.0,817.36
2022-07-29,JP,Okayama,pm25,277,5.0,57.0,17.0,929.48
2022-07-29,JP,Sendai,pm25,454,17.0,72.0,46.0,968.31
2022-07-29,JP,Osaka,pm25,1324,5.0,93.0,25.0,1511.33
2022-07-29,JP,Miyazaki,pm25,131,5.0,76.0,38.0,3302.32
2022-07-29,JP,Matsuyama,pm25,139,5.0,72.0,30.0,3264.88
2022-07-29,JP,Wakayama,pm25,276,5.0,68.0,25.0,1291.1
2022-07-29,JP,Takamatsu,pm25,189,5.0,46.0,13.0,821.24
2022-07-29,JP,Nagoya,pm25,712,5.0,85.0,17.0,1029.95
2022-07-29,JP,Ōita,pm25,211,5.0,57.0,21.0,1335.8
2022-07-29,JP,Kobe,pm25,411,5.0,72.0,25.0,1072.41
2022-07-29,JP,Nagano,pm25,58,5.0,174.0,30.0,6629.91
2022-07-29,JP,Utsunomiya,pm25,388,9.0,169.0,38.0,2599.92
2022-07-29,JP,Kagoshima,pm25,89,5.0,72.0,21.0,1614.95
2022-07-29,SK,Košice,pm25,96,42.0,137.0,55.0,2078.72
2022-07-29,SK,Bratislava,pm25,92,13.0,93.0,50.0,2539.62
2022-07-29,FI,Vantaa,pm25,23,3.0,17.0,12.0,191.19
2022-07-29,FI,Turku,pm25,23,3.0,69.0,8.0,1906.76
2022-07-29,FI,Helsinki,pm25,117,3.0,19.0,8.0,78.34
2022-07-29,FI,Tampere,pm25,96,3.0,19.0,7.0,103.81
2022-07-29,ET,Addis Ababa,pm25,20,91.0,177.0,117.0,7643.05
2022-07-29,CH,Zürich,pm25,16,1.0,2.0,1.0,2.29
2022-07-29,CO,Bogotá,pm25,320,5.0,163.0,53.0,8466.26
2022-07-29,CO,Medellín,pm25,289,13.0,78.0,53.0,1288.32
2022-07-29,DK,Copenhagen,pm25,23,21.0,52.0,35.0,872.65
2022-07-29,GB,Edinburgh,pm25,280,11.0,55.0,17.0,869.58
2022-07-29,GB,Norwich,pm25,22,13.0,19.0,14.0,57.08
2022-07-29,GB,Liverpool,pm25,40,30.0,63.0,42.0,672.05
2022-07-29,GB,Belfast,pm25,60,17.0,44.0,26.0,377.62
2022-07-29,GB,Coventry,pm25,52,15.0,41.0,21.0,403.18
2022-07-29,GB,Leeds,pm25,19,21.0,35.0,28.0,185.79
2022-07-29,GB,Cardiff,pm25,144,9.0,65.0,50.0,2433.4
2022-07-29,GB,Bristol,pm25,69,30.0,63.0,50.0,849.7
2022-07-29,GB,London,pm25,482,3.0,69.0,28.0,1589.39
2022-07-29,GB,Birmingham,pm25,41,18.0,50.0,28.0,490.9
2022-07-29,GB,Sheffield,pm25,76,13.0,117.0,23.0,1645.4
2022-07-29,GB,Newport,pm25,39,13.0,46.0,27.0,623.94
2022-07-29,GB,Leicester,pm25,22,14.0,25.0,20.0,83.46
2022-07-29,GB,Manchester,pm25,75,15.0,53.0,30.0,1502.58
2022-07-29,GB,Reading,pm25,48,5.0,42.0,17.0,1219.5
2022-07-29,GB,Plymouth,pm25,14,9.0,51.0,25.0,1493.63
2022-07-29,GB,Glasgow,pm25,548,8.0,47.0,19.0,244.13
2022-07-29,GB,Preston,pm25,41,20.0,52.0,32.0,1166.01
2022-07-29,GB,Swansea,pm25,160,13.0,68.0,46.0,1498.11
2022-07-29,GB,Southend-on-Sea,pm25,48,17.0,40.0,22.0,201.26
2022-07-29,ID,Jakarta,pm25,71,63.0,151.0,95.0,3523.23
2022-07-29,NP,Kathmandu,pm25,72,13.0,97.0,56.0,3051.53
2022-07-29,NP,Biratnagar,pm25,24,49.0,114.0,61.0,1883.89
2022-07-29,AU,Sydney,pm25,145,2.0,68.0,13.0,1396.03
2022-07-29,AU,Newcastle,pm25,134,1.0,82.0,18.0,2574.59
2022-07-29,AU,Launceston,pm25,153,5.0,183.0,38.0,20884.4
2022-07-29,AU,Hobart,pm25,63,5.0,59.0,9.0,1793.46
2022-07-29,AU,Darwin,pm25,72,4.0,67.0,36.0,2401.81
2022-07-29,AU,Melbourne,pm25,162,1.0,116.0,21.0,4293.7
2022-07-29,AU,Canberra,pm25,65,1.0,65.0,26.0,3255.35
2022-07-29,AU,Adelaide,pm25,95,3.0,65.0,24.0,2328.85
2022-07-29,AU,Brisbane,pm25,215,2.0,77.0,29.0,2285.56
2022-07-29,AU,Perth,pm25,79,2.0,13.0,8.0,95.4
2022-07-29,AU,Wollongong,pm25,42,1.0,59.0,19.0,1623.88
2022-07-29,CI,Abidjan,pm25,23,38.0,72.0,57.0,587.67
2022-07-29,GH,Accra,pm25,24,50.0,109.0,72.0,1907.54
2022-07-29,IQ,Baghdad,pm25,24,85.0,173.0,144.0,5618.26
2022-07-29,IS,Reykjavík,pm25,96,3.0,118.0,10.0,8948.6
2022-07-29,KG,Bishkek,pm25,24,46.0,76.0,59.0,599.93
2022-07-29,NL,Utrecht,pm25,48,11.0,49.0,22.0,1018.56
2022-07-29,NL,Nijmegen,pm25,47,7.0,105.0,32.0,3426.08
2022-07-29,NL,Haarlem,pm25,134,2.0,91.0,25.0,2324.84
2022-07-29,NL,Eindhoven,pm25,23,25.0,69.0,49.0,1436.05
2022-07-29,NL,Rotterdam,pm25,192,9.0,39.0,22.0,383.3
2022-07-29,NL,Amsterdam,pm25,246,1.0,78.0,20.0,1482.29
2022-07-29,NL,Dordrecht,pm25,24,13.0,65.0,26.0,1230.27
2022-07-29,NL,Breda,pm25,24,10.0,58.0,25.0,1666.36
2022-07-29,NL,Groningen,pm25,47,3.0,69.0,22.0,1661.68
2022-07-29,NL,Maastricht,pm25,91,9.0,57.0,34.0,1107.53
2022-07-29,NL,The Hague,pm25,65,2.0,47.0,21.0,759.7
2022-07-29,PT,Lisbon,pm25,71,13.0,30.0,17.0,88.27
2022-07-29,PT,Funchal,pm25,47,1.0,66.0,18.0,7467.05
2022-07-29,CA,Hamilton,pm25,79,5.0,34.0,13.0,524.55
2022-07-29,CA,Calgary,pm25,92,16.0,117.0,45.0,3738.79
2022-07-29,CA,Winnipeg,pm25,24,19.0,34.0,25.0,139.71
2022-07-29,CA,Halifax,pm25,46,10.0,33.0,18.0,148.77
2022-07-29,CA,Kitchener,pm25,29,5.0,21.0,9.0,223.84
2022-07-29,CA,Edmonton,pm25,132,1.0,153.0,50.0,6670.04
2022-07-29,CA,Mississauga,pm25,50,5.0,59.0,9.0,1761.23
2022-07-29,CA,Québec,pm25,165,7.0,70.0,25.0,1112.85
2022-07-29,CA,Vancouver,pm25,23,42.0,63.0,53.0,223.48
2022-07-29,CA,Victoria,pm25,45,9.0,72.0,34.0,1736.55
2022-07-29,CA,Montréal,pm25,364,3.0,53.0,24.0,1470.86
2022-07-29,CA,Toronto,pm25,116,5.0,46.0,17.0,872.38
2022-07-29,CA,Ottawa,pm25,57,5.0,33.0,14.0,746.17
2022-07-29,CA,London,pm25,33,5.0,34.0,13.0,376.72
2022-07-29,US,Oklahoma City,pm25,95,20.0,51.0,27.0,437.83
2022-07-29,US,Raleigh,pm25,58,17.0,70.0,38.0,1544.03
2022-07-29,US,Memphis,pm25,71,10.0,42.0,20.0,542.24
2022-07-29,US,Jackson,pm25,72,15.0,66.0,25.0,990.8
2022-07-29,US,Boston,pm25,126,5.0,74.0,34.0,1054.76
2022-07-29,US,Richmond,pm25,96,12.0,40.0,28.0,457.79
2022-07-29,US,Portland,pm25,157,13.0,78.0,40.0,1161.0
2022-07-29,US,Boise,pm25,48,21.0,63.0,43.0,1274.53
2022-07-29,US,Austin,pm25,43,5.0,50.0,21.0,1490.71
2022-07-29,US,Honolulu,pm25,35,5.0,42.0,13.0,628.23
2022-07-29,US,Fresno,pm25,47,17.0,199.0,56.0,12627.7
2022-07-29,US,Milwaukee,pm25,132,9.0,57.0,16.0,763.43
2022-07-29,US,Hartford,pm25,48,23.0,44.0,35.0,239.15
2022-07-29,US,Washington D.C.,pm25,118,5.0,50.0,28.0,738.23
2022-07-29,US,Chicago,pm25,236,2.0,67.0,18.0,886.65
2022-07-29,US,Houston,pm25,92,5.0,69.0,29.0,1656.17
2022-07-29,US,Indianapolis,pm25,98,6.0,62.0,22.0,1163.86
2022-07-29,US,Atlanta,pm25,24,28.0,45.0,32.0,230.44
2022-07-29,US,Charlotte,pm25,71,5.0,57.0,28.0,823.39
2022-07-29,US,Sacramento,pm25,66,3.0,46.0,17.0,771.85
2022-07-29,US,Oakland,pm25,79,5.0,57.0,9.0,657.62
2022-07-29,US,Providence,pm25,47,13.0,53.0,30.0,994.32
2022-07-29,US,Staten Island,pm25,116,9.0,55.0,34.0,1052.26
2022-07-29,US,Brooklyn,pm25,144,7.0,66.0,31.0,1664.43
2022-07-29,US,Springfield,pm25,69,4.0,38.0,19.0,423.99
2022-07-29,US,The Bronx,pm25,48,7.0,64.0,28.0,2035.89
2022-07-29,US,San Jose,pm25,81,5.0,34.0,17.0,538.67
2022-07-29,US,Los Angeles,pm25,24,26.0,59.0,42.0,635.58
2022-07-29,US,Detroit,pm25,164,1.0,58.0,24.0,1081.09
2022-07-29,US,Little Rock,pm25,22,14.0,43.0,30.0,1032.12
2022-07-29,US,Baltimore,pm25,48,13.0,61.0,34.0,1452.87
2022-07-29,US,Phoenix,pm25,190,2.0,54.0,28.0,1265.75
2022-07-29,US,Omaha,pm25,47,9.0,46.0,30.0,874.53
2022-07-29,US,El Paso,pm25,134,3.0,57.0,21.0,2002.6
2022-07-29,US,Dallas,pm25,23,5.0,34.0,17.0,745.65
2022-07-29,US,Seattle,pm25,260,21.0,129.0,53.0,2010.69
2022-07-29,US,Manhattan,pm25,72,3.0,52.0,25.0,1097.75
2022-07-29,US,Miami,pm25,94,17.0,47.0,27.0,259.24
2022-07-29,US,Jacksonville,pm25,144,45.0,92.0,59.0,597.19
2022-07-29,US,San Antonio,pm25,92,3.0,68.0,23.0,2503.2
2022-07-29,US,Philadelphia,pm25,95,5.0,158.0,39.0,7329.0
2022-07-29,US,San Diego,pm25,24,10.0,56.0,30.0,1816.74
2022-07-29,US,Columbus,pm25,48,21.0,49.0,29.0,433.03
2022-07-29,US,Saint Paul,pm25,133,5.0,70.0,17.0,1113.95
2022-07-29,US,Denver,pm25,141,13.0,59.0,34.0,1282.08
2022-07-29,US,Salt Lake City,pm25,195,5.0,164.0,28.0,2036.63
2022-07-29,US,Albuquerque,pm25,71,14.0,41.0,20.0,317.92
2022-07-29,US,San Francisco,pm25,54,5.0,53.0,13.0,1050.34
2022-07-29,US,Salem,pm25,72,17.0,65.0,43.0,2290.14
2022-07-29,US,Madison,pm25,48,10.0,42.0,15.0,376.95
2022-07-29,US,Nashville,pm25,72,9.0,55.0,28.0,1101.92
2022-07-29,US,Tucson,pm25,132,5.0,42.0,13.0,759.91
2022-07-29,US,Queens,pm25,95,8.0,66.0,37.0,1628.98
2022-07-29,US,Tallahassee,pm25,67,12.0,71.0,28.0,2974.36
2022-07-29,US,Fort Worth,pm25,44,2.0,68.0,25.0,2779.11
2022-07-29,RS,Novi Sad,pm25,48,25.0,64.0,47.0,1245.95
2022-07-29,RS,Niš,pm25,48,25.0,60.0,48.0,940.74
2022-07-29,RS,Belgrade,pm25,120,14.0,108.0,50.0,3435.26
2022-07-29,CY,Nicosia,pm25,24,34.0,140.0,75.0,5128.24
2022-07-29,CY,Limassol,pm25,24,57.0,93.0,64.0,736.07
2022-07-29,HR,Zagreb,pm25,24,32.0,86.0,53.0,2367.54
2022-07-29,MK,Skopje,pm25,168,5.0,85.0,47.0,3118.26
2022-07-30,GE,Tbilisi,pm25,72,46.0,87.0,55.0,2201.41
2022-07-30,HU,Győr,pm25,44,9.0,109.0,42.0,8463.93
2022-07-30,HU,Szeged,pm25,24,21.0,59.0,38.0,1562.54
2022-07-30,HU,Pécs,pm25,67,13.0,57.0,42.0,2516.02
2022-07-30,HU,Kecskemét,pm25,40,9.0,61.0,38.0,2545.92
2022-07-30,HU,Miskolc,pm25,115,13.0,59.0,34.0,836.29
2022-07-30,HU,Budapest,pm25,259,9.0,68.0,34.0,1368.2
2022-07-30,JP,Fukuoka,pm25,365,5.0,82.0,17.0,1549.22
2022-07-30,JP,Kanazawa,pm25,233,5.0,61.0,34.0,1051.42
2022-07-30,JP,Kumamoto,pm25,245,5.0,95.0,13.0,2739.76
2022-07-30,JP,Akita,pm25,39,5.0,89.0,38.0,2738.15
2022-07-30,JP,Kochi,pm25,39,5.0,53.0,17.0,1478.22
2022-07-30,JP,Gifu-shi,pm25,139,5.0,72.0,25.0,2588.42
2022-07-30,JP,Kyoto,pm25,546,5.0,59.0,21.0,1205.46
2022-07-30,JP,Hiroshima,pm25,287,5.0,70.0,21.0,1746.26
2022-07-30,JP,Shizuoka,pm25,226,5.0,65.0,21.0,1964.71
2022-07-30,JP,Chiba,pm25,681,5.0,134.0,25.0,3360.88
2022-07-30,JP,Sapporo,pm25,212,5.0,139.0,61.0,4474.67
2022-07-30,JP,Yokohama,pm25,539,1.0,59.0,21.0,1097.17
2022-07-30,JP,Tokyo,pm25,2529,1.0,144.0,30.0,1917.96
2022-07-30,JP,Saitama,pm25,493,5.0,82.0,42.0,1909.73
2022-07-30,JP,Naha,pm25,118,5.0,42.0,13.0,508.66
2022-07-30,JP,Nagasaki,pm25,139,5.0,42.0,13.0,510.39
2022-07-30,JP,Toyama,pm25,192,9.0,170.0,38.0,2808.66
2022-07-30,JP,Niigata,pm25,210,13.0,87.0,38.0,1729.78
2022-07-30,JP,Nara-shi,pm25,181,5.0,53.0,21.0,894.82
2022-07-30,JP,Okayama,pm25,280,5.0,65.0,21.0,752.31
2022-07-30,JP,Sendai,pm25,471,17.0,68.0,42.0,840.8
2022-07-30,JP,Osaka,pm25,1362,5.0,216.0,21.0,1761.39
2022-07-30,JP,Miyazaki,pm25,111,5.0,152.0,46.0,3201.26
2022-07-30,JP,Matsuyama,pm25,114,5.0,63.0,21.0,2394.14
2022-07-30,JP,Wakayama,pm25,253,5.0,70.0,17.0,1246.16
2022-07-30,JP,Takamatsu,pm25,191,5.0,46.0,13.0,1008.26
2022-07-30,JP,Nagoya,pm25,752,5.0,82.0,21.0,1057.6
2022-07-30,JP,Ōita,pm25,196,5.0,53.0,13.0,983.71
2022-07-30,JP,Kobe,pm25,412,5.0,70.0,21.0,1132.43
2022-07-30,JP,Nagano,pm25,70,5.0,151.0,30.0,5145.81
2022-07-30,JP,Utsunomiya,pm25,389,5.0,85.0,53.0,1163.3
2022-07-30,JP,Kagoshima,pm25,85,9.0,89.0,21.0,1646.9
2022-07-30,SK,Košice,pm25,96,21.0,91.0,38.0,1889.11
2022-07-30,SK,Bratislava,pm25,94,9.0,78.0,34.0,2181.26
2022-07-30,FI,Vantaa,pm25,23,1.0,25.0,10.0,277.27
2022-07-30,FI,Turku,pm25,24,1.0,21.0,9.0,265.14
2022-07-30,FI,Helsinki,pm25,120,4.0,28.0,8.0,116.8
2022-07-30,FI,Tampere,pm25,96,7.0,19.0,10.0,51.16
2022-07-30,ET,Addis Ababa,pm25,24,89.0,192.0,114.0,10866.7
2022-07-30,CH,Zürich,pm25,15,1.0,3.0,2.0,5.24
2022-07-30,CO,Bogotá,pm25,320,5.0,144.0,42.0,5869.87
2022-07-30,CO,Medellín,pm25,215,13.0,137.0,53.0,4765.65
2022-07-30,DK,Copenhagen,pm25,23,7.0,51.0,23.0,1528.06
2022-07-30,GB,Edinburgh,pm25,280,1.0,53.0,8.0,488.16
2022-07-30,GB,Norwich,pm25,23,16.0,72.0,25.0,1678.38
2022-07-30,GB,Liverpool,pm25,34,10.0,50.0,25.0,864.32
2022-07-30,GB,Belfast,pm25,63,5.0,34.0,17.0,408.32
2022-07-30,GB,Coventry,pm25,44,12.0,39.0,26.0,357.18
2022-07-30,GB,Leeds,pm25,14,25.0,47.0,30.0,453.46
2022-07-30,GB,Cardiff,pm25,126,5.0,63.0,30.0,2575.57
2022-07-30,GB,Bristol,pm25,65,17.0,65.0,34.0,1575.53
2022-07-30,GB,London,pm25,517,5.0,91.0,34.0,2632.53
2022-07-30,GB,Birmingham,pm25,24,19.0,45.0,30.0,477.81
2022-07-30,GB,Sheffield,pm25,56,11.0,55.0,21.0,1034.83
2022-07-30,GB,Newport,pm25,46,5.0,42.0,12.0,683.94
2022-07-30,GB,Leicester,pm25,14,17.0,38.0,23.0,347.97
2022-07-30,GB,Manchester,pm25,85,12.0,61.0,24.0,1629.52
2022-07-30,GB,Reading,pm25,38,5.0,53.0,21.0,2293.78
2022-07-30,GB,Plymouth,pm25,39,5.0,37.0,20.0,557.87
2022-07-30,GB,Glasgow,pm25,548,2.0,82.0,8.0,265.0
2022-07-30,GB,Preston,pm25,36,8.0,56.0,21.0,1387.13
2022-07-30,GB,Swansea,pm25,140,5.0,76.0,21.0,2878.65
2022-07-30,GB,Southend-on-Sea,pm25,42,15.0,53.0,30.0,615.71
2022-07-30,ID,Jakarta,pm25,71,68.0,176.0,108.0,7189.35
2022-07-30,NP,Kathmandu,pm25,72,9.0,86.0,53.0,2282.66
2022-07-30,NP,Biratnagar,pm25,24,37.0,89.0,53.0,2133.03
2022-07-30,AU,Sydney,pm25,149,1.0,88.0,23.0,3051.58
2022-07-30,AU,Newcastle,pm25,141,3.0,133.0,22.0,8220.35
2022-07-30,AU,Launceston,pm25,157,5.0,195.0,34.0,20606.9
2022-07-30,AU,Hobart,pm25,53,5.0,59.0,9.0,2851.02
2022-07-30,AU,Darwin,pm25,64,4.0,93.0,49.0,3059.37
2022-07-30,AU,Melbourne,pm25,160,2.0,105.0,25.0,5351.67
2022-07-30,AU,Canberra,pm25,68,3.0,128.0,42.0,10465.8
2022-07-30,AU,Adelaide,pm25,81,1.0,46.0,13.0,723.0
2022-07-30,AU,Brisbane,pm25,214,5.0,61.0,24.0,1603.53
2022-07-30,AU,Perth,pm25,75,2.0,14.0,6.0,71.0
2022-07-30,AU,Wollongong,pm25,40,1.0,70.0,18.0,2435.74
2022-07-30,CI,Abidjan,pm25,24,38.0,151.0,50.0,5436.45
2022-07-30,GH,Accra,pm25,24,34.0,162.0,72.0,6327.54
2022-07-30,IQ,Baghdad,pm25,24,104.0,191.0,159.0,6055.2
2022-07-30,IS,Reykjavík,pm25,96,3.0,74.0,10.0,2511.09
2022-07-30,KG,Bishkek,pm25,24,53.0,97.0,68.0,1493.89
2022-07-30,NL,Utrecht,pm25,48,5.0,61.0,28.0,1849.72
2022-07-30,NL,Nijmegen,pm25,48,6.0,80.0,38.0,1911.63
2022-07-30,NL,Haarlem,pm25,140,6.0,111.0,25.0,2068.42
2022-07-30,NL,Eindhoven,pm25,23,26.0,72.0,59.0,1280.91
2022-07-30,NL,Rotterdam,pm25,191,11.0,60.0,26.0,732.98
2022-07-30,NL,Amsterdam,pm25,262,1.0,59.0,24.0,984.11
2022-07-30,NL,Dordrecht,pm25,24,13.0,60.0,30.0,1349.28
2022-07-30,NL,Breda,pm25,24,16.0,60.0,27.0,1212.01
2022-07-30,NL,Groningen,pm25,47,2.0,72.0,32.0,2274.7
2022-07-30,NL,Maastricht,pm25,94,17.0,85.0,46.0,2347.28
2022-07-30,NL,The Hague,pm25,68,1.0,42.0,21.0,810.29
2022-07-30,PT,Lisbon,pm25,92,16.0,53.0,28.0,1235.71
2022-07-30,PT,Funchal,pm25,61,1.0,66.0,15.0,7321.76
2022-07-30,CA,Hamilton,pm25,82,9.0,76.0,17.0,3039.77
2022-07-30,CA,Calgary,pm25,92,7.0,55.0,33.0,1071.37
2022-07-30,CA,Winnipeg,pm25,24,20.0,35.0,27.0,164.18
2022-07-30,CA,Halifax,pm25,46,17.0,36.0,27.0,210.55
2022-07-30,CA,Kitchener,pm25,17,5.0,17.0,13.0,162.35
2022-07-30,CA,Edmonton,pm25,105,2.0,86.0,30.0,4191.44
2022-07-30,CA,Mississauga,pm25,44,9.0,107.0,13.0,3968.29
2022-07-30,CA,Québec,pm25,174,7.0,29.0,18.0,152.79
2022-07-30,CA,Vancouver,pm25,22,33.0,80.0,48.0,1594.98
2022-07-30,CA,Victoria,pm25,46,21.0,57.0,42.0,676.39
2022-07-30,CA,Montréal,pm25,359,3.0,51.0,15.0,528.01
2022-07-30,CA,Toronto,pm25,103,5.0,61.0,13.0,1144.64
2022-07-30,CA,Ottawa,pm25,38,5.0,42.0,14.0,633.4
2022-07-30,CA,London,pm25,37,9.0,50.0,17.0,960.43
2022-07-30,US,Oklahoma City,pm25,95,17.0,54.0,33.0,959.23
2022-07-30,US,Raleigh,pm25,69,17.0,57.0,38.0,1082.54
2022-07-30,US,Memphis,pm25,72,8.0,49.0,27.0,804.38
2022-07-30,US,Jackson,pm25,72,18.0,53.0,26.0,703.14
2022-07-30,US,Boston,pm25,114,5.0,87.0,21.0,1684.57
2022-07-30,US,Richmond,pm25,96,18.0,38.0,28.0,252.4
2022-07-30,US,Portland,pm25,168,17.0,64.0,35.0,1062.09
2022-07-30,US,Boise,pm25,47,5.0,61.0,34.0,1913.89
2022-07-30,US,Austin,pm25,47,17.0,68.0,50.0,1767.59
2022-07-30,US,Honolulu,pm25,42,5.0,42.0,17.0,858.29
2022-07-30,US,Fresno,pm25,46,17.0,85.0,53.0,3305.97
2022-07-30,US,Milwaukee,pm25,144,16.0,52.0,25.0,779.21
2022-07-30,US,Hartford,pm25,48,14.0,43.0,16.0,877.8
2022-07-30,US,Washington D.C.,pm25,118,5.0,50.0,21.0,650.93
2022-07-30,US,Chicago,pm25,239,1.0,120.0,24.0,2347.02
2022-07-30,US,Houston,pm25,96,25.0,74.0,53.0,757.42
2022-07-30,US,Indianapolis,pm25,96,22.0,88.0,34.0,1982.66
2022-07-30,US,Atlanta,pm25,24,18.0,47.0,31.0,439.13
2022-07-30,US,Charlotte,pm25,72,13.0,55.0,28.0,762.94
2022-07-30,US,Sacramento,pm25,68,5.0,34.0,14.0,676.35
2022-07-30,US,Oakland,pm25,66,5.0,38.0,9.0,387.94
2022-07-30,US,Providence,pm25,43,5.0,53.0,25.0,1297.96
2022-07-30,US,Staten Island,pm25,114,1.0,52.0,24.0,1476.51
2022-07-30,US,Brooklyn,pm25,133,2.0,45.0,19.0,1075.91
2022-07-30,US,Springfield,pm25,72,1.0,51.0,23.0,1152.96
2022-07-30,US,The Bronx,pm25,41,2.0,34.0,11.0,1264.52
2022-07-30,US,San Jose,pm25,82,5.0,46.0,13.0,673.64
2022-07-30,US,Los Angeles,pm25,24,30.0,58.0,45.0,643.48
2022-07-30,US,Detroit,pm25,167,16.0,59.0,24.0,473.7
2022-07-30,US,Little Rock,pm25,22,3.0,51.0,33.0,2395.24
2022-07-30,US,Baltimore,pm25,46,5.0,63.0,21.0,2076.16
2022-07-30,US,Phoenix,pm25,191,4.0,157.0,28.0,3145.4
2022-07-30,US,Omaha,pm25,43,5.0,61.0,21.0,1612.55
2022-07-30,US,El Paso,pm25,145,5.0,60.0,21.0,1643.04
2022-07-30,US,Dallas,pm25,23,13.0,50.0,34.0,1205.85
2022-07-30,US,Seattle,pm25,262,13.0,87.0,59.0,1566.28
2022-07-30,US,Manhattan,pm25,63,2.0,55.0,20.0,1455.75
2022-07-30,US,Miami,pm25,94,20.0,34.0,27.0,96.27
2022-07-30,US,Jacksonville,pm25,144,19.0,83.0,59.0,2015.54
2022-07-30,US,San Antonio,pm25,94,24.0,116.0,53.0,1358.4
2022-07-30,US,Philadelphia,pm25,93,4.0,168.0,30.0,3884.1
2022-07-30,US,San Diego,pm25,24,16.0,50.0,25.0,649.55
2022-07-30,US,Columbus,pm25,47,3.0,71.0,20.0,2554.88
2022-07-30,US,Saint Paul,pm25,144,5.0,57.0,28.0,991.03
2022-07-30,US,Denver,pm25,130,9.0,42.0,21.0,540.19
2022-07-30,US,Salt Lake City,pm25,216,17.0,56.0,32.0,595.15
2022-07-30,US,Albuquerque,pm25,72,15.0,28.0,20.0,129.73
2022-07-30,US,San Francisco,pm25,48,5.0,80.0,13.0,3547.23
2022-07-30,US,Salem,pm25,72,21.0,59.0,37.0,1520.19
2022-07-30,US,Madison,pm25,48,16.0,35.0,19.0,213.72
2022-07-30,US,Nashville,pm25,72,9.0,42.0,30.0,571.41
2022-07-30,US,Tucson,pm25,139,5.0,38.0,13.0,540.8
2022-07-30,US,Queens,pm25,87,1.0,55.0,20.0,1679.96
2022-07-30,US,Tallahassee,pm25,69,19.0,109.0,52.0,3017.05
2022-07-30,US,Fort Worth,pm25,44,5.0,67.0,34.0,2269.57
2022-07-30,RS,Novi Sad,pm25,48,17.0,102.0,53.0,3040.35
2022-07-30,RS,Niš,pm25,48,27.0,57.0,47.0,876.91
2022-07-30,RS,Belgrade,pm25,114,23.0,163.0,60.0,3870.59
2022-07-30,CY,Nicosia,pm25,24,49.0,81.0,66.0,648.62
2022-07-30,CY,Limassol,pm25,24,47.0,75.0,68.0,861.96
2022-07-30,HR,Zagreb,pm25,24,13.0,85.0,40.0,5939.06
2022-07-30,MK,Skopje,pm25,168,16.0,110.0,52.0,2990.58
2022-07-31,GE,Tbilisi,pm25,72,51.0,94.0,53.0,2614.37
2022-07-31,HU,Győr,pm25,42,13.0,61.0,21.0,1981.93
2022-07-31,HU,Szeged,pm25,24,17.0,53.0,34.0,1126.01
2022-07-31,HU,Pécs,pm25,54,13.0,38.0,21.0,554.72
2022-07-31,HU,Kecskemét,pm25,46,13.0,46.0,25.0,1322.86
2022-07-31,HU,Miskolc,pm25,116,5.0,57.0,21.0,2296.52
2022-07-31,HU,Budapest,pm25,240,9.0,46.0,25.0,708.03
2022-07-31,JP,Fukuoka,pm25,358,5.0,63.0,13.0,1115.59
2022-07-31,JP,Kanazawa,pm25,231,5.0,55.0,21.0,1099.43
2022-07-31,JP,Kumamoto,pm25,226,5.0,80.0,13.0,1816.52
2022-07-31,JP,Akita,pm25,40,9.0,65.0,25.0,1569.84
2022-07-31,JP,Kochi,pm25,41,5.0,57.0,30.0,2123.6
2022-07-31,JP,Gifu-shi,pm25,132,5.0,76.0,30.0,2915.98
2022-07-31,JP,Kyoto,pm25,562,5.0,59.0,30.0,1345.66
2022-07-31,JP,Hiroshima,pm25,248,5.0,59.0,17.0,1485.44
2022-07-31,JP,Shizuoka,pm25,247,5.0,65.0,21.0,1764.58
2022-07-31,JP,Chiba,pm25,696,5.0,142.0,34.0,4023.65
2022-07-31,JP,Sapporo,pm25,211,5.0,151.0,42.0,3206.9
2022-07-31,JP,Yokohama,pm25,544,1.0,61.0,30.0,1428.14
2022-07-31,JP,Tokyo,pm25,2555,1.0,154.0,46.0,1756.87
2022-07-31,JP,Saitama,pm25,499,13.0,82.0,50.0,921.12
2022-07-31,JP,Naha,pm25,113,5.0,34.0,13.0,344.74
2022-07-31,JP,Nagasaki,pm25,161,5.0,50.0,17.0,886.6
2022-07-31,JP,Toyama,pm25,184,5.0,109.0,34.0,2102.86
2022-07-31,JP,Niigata,pm25,210,17.0,61.0,38.0,1411.06
2022-07-31,JP,Nara-shi,pm25,186,5.0,55.0,25.0,1335.67
2022-07-31,JP,Okayama,pm25,278,5.0,59.0,21.0,1623.01
2022-07-31,JP,Sendai,pm25,477,13.0,78.0,42.0,1373.15
2022-07-31,JP,Osaka,pm25,1372,5.0,97.0,21.0,1724.67
2022-07-31,JP,Miyazaki,pm25,123,5.0,95.0,50.0,2779.72
2022-07-31,JP,Matsuyama,pm25,122,5.0,163.0,21.0,5414.74
2022-07-31,JP,Wakayama,pm25,269,5.0,89.0,21.0,1656.69
2022-07-31,JP,Takamatsu,pm25,207,5.0,57.0,17.0,1567.49
2022-07-31,JP,Nagoya,pm25,765,5.0,107.0,25.0,1598.39
2022-07-31,JP,Ōita,pm25,204,5.0,53.0,13.0,1021.49
2022-07-31,JP,Kobe,pm25,409,5.0,72.0,25.0,1661.85
2022-07-31,JP,Nagano,pm25,66,5.0,82.0,38.0,3510.81
2022-07-31,JP,Utsunomiya,pm25,404,17.0,78.0,50.0,1797.26
2022-07-31,JP,Kagoshima,pm25,84,5.0,63.0,21.0,1523.08
2022-07-31,SK,Košice,pm25,88,5.0,76.0,30.0,2424.47
2022-07-31,SK,Bratislava,pm25,94,9.0,74.0,34.0,1901.53
2022-07-31,FI,Vantaa,pm25,24,2.0,39.0,20.0,651.3
2022-07-31,FI,Turku,pm25,24,1.0,25.0,17.0,220.27
2022-07-31,FI,Helsinki,pm25,120,6.0,40.0,13.0,398.1
2022-07-31,FI,Tampere,pm25,96,5.0,33.0,11.0,451.86
2022-07-31,ET,Addis Ababa,pm25,22,61.0,160.0,85.0,12319.7
2022-07-31,CH,Zürich,pm25,17,1.0,3.0,2.0,3.6
2022-07-31,CO,Bogotá,pm25,304,5.0,97.0,22.0,3949.74
2022-07-31,CO,Medellín,pm25,226,17.0,76.0,53.0,1313.16
2022-07-31,DK,Copenhagen,pm25,23,10.0,48.0,27.0,1099.29
2022-07-31,GB,Edinburgh,pm25,278,6.0,37.0,16.0,260.46
2022-07-31,GB,Norwich,pm25,14,12.0,30.0,21.0,351.48
2022-07-31,GB,Liverpool,pm25,40,9.0,21.0,13.0,124.04
2022-07-31,GB,Belfast,pm25,41,4.0,19.0,13.0,161.02
2022-07-31,GB,Coventry,pm25,56,7.0,21.0,13.0,119.88
2022-07-31,GB,Leeds,pm25,17,13.0,21.0,17.0,76.25
2022-07-31,GB,Cardiff,pm25,94,5.0,57.0,34.0,1974.29
2022-07-31,GB,Bristol,pm25,65,5.0,55.0,25.0,1554.65
2022-07-31,GB,London,pm25,414,1.0,76.0,17.0,1090.08
2022-07-31,GB,Birmingham,pm25,29,9.0,21.0,13.0,118.37
2022-07-31,GB,Sheffield,pm25,63,8.0,42.0,13.0,622.19
2022-07-31,GB,Newport,pm25,43,4.0,22.0,9.0,347.6
2022-07-31,GB,Leicester,pm25,15,10.0,18.0,13.0,56.0
2022-07-31,GB,Manchester,pm25,75,5.0,37.0,14.0,323.13
2022-07-31,GB,Reading,pm25,11,5.0,13.0,9.0,98.91
2022-07-31,GB,Plymouth,pm25,28,5.0,36.0,21.0,1132.95
2022-07-31,GB,Glasgow,pm25,544,5.0,32.0,15.0,220.85
2022-07-31,GB,Preston,pm25,38,3.0,28.0,17.0,266.24
2022-07-31,GB,Swansea,pm25,143,5.0,80.0,21.0,2819.13
2022-07-31,GB,Southend-on-Sea,pm25,38,8.0,30.0,17.0,296.1
2022-07-31,ID,Jakarta,pm25,71,78.0,175.0,131.0,8618.43
2022-07-31,NP,Kathmandu,pm25,70,5.0,85.0,50.0,3635.51
2022-07-31,NP,Biratnagar,pm25,24,11.0,80.0,52.0,4446.07
2022-07-31,AU,Sydney,pm25,138,1.0,89.0,30.0,4270.46
2022-07-31,AU,Newcastle,pm25,144,5.0,125.0,34.0,6519.29
2022-07-31,AU,Launceston,pm25,149,5.0,97.0,13.0,2677.25
2022-07-31,AU,Hobart,pm25,68,5.0,76.0,13.0,2511.31
2022-07-31,AU,Darwin,pm25,72,29.0,123.0,65.0,2530.32
2022-07-31,AU,Melbourne,pm25,150,1.0,42.0,14.0,638.8
2022-07-31,AU,Canberra,pm25,68,2.0,151.0,51.0,16096.8
2022-07-31,AU,Adelaide,pm25,86,1.0,42.0,13.0,853.99
2022-07-31,AU,Brisbane,pm25,211,1.0,187.0,20.0,2807.41
2022-07-31,AU,Perth,pm25,75,2.0,17.0,5.0,114.85
2022-07-31,AU,Wollongong,pm25,40,2.0,47.0,23.0,1223.87
2022-07-31,CI,Abidjan,pm25,24,17.0,57.0,46.0,1052.75
2022-07-31,GH,Accra,pm25,24,42.0,109.0,57.0,2553.62
2022-07-31,IQ,Baghdad,pm25,24,97.0,286.0,155.0,20487.0
2022-07-31,IS,Reykjavík,pm25,96,5.0,47.0,15.0,866.32
2022-07-31,KG,Bishkek,pm25,23,42.0,70.0,61.0,598.58
2022-07-31,NL,Utrecht,pm25,48,10.0,58.0,35.0,1596.58
2022-07-31,NL,Nijmegen,pm25,48,6.0,69.0,36.0,2232.09
2022-07-31,NL,Haarlem,pm25,139,1.0,102.0,27.0,2851.69
2022-07-31,NL,Eindhoven,pm25,24,14.0,91.0,47.0,3192.59
2022-07-31,NL,Rotterdam,pm25,192,13.0,64.0,34.0,1555.17
2022-07-31,NL,Amsterdam,pm25,251,1.0,88.0,33.0,1978.87
2022-07-31,NL,Dordrecht,pm25,24,21.0,53.0,30.0,1190.14
2022-07-31,NL,Breda,pm25,24,11.0,57.0,36.0,1103.89
2022-07-31,NL,Groningen,pm25,48,4.0,57.0,25.0,2160.21
2022-07-31,NL,Maastricht,pm25,85,5.0,61.0,21.0,1859.48
2022-07-31,NL,The Hague,pm25,72,5.0,53.0,29.0,1356.04
2022-07-31,PT,Lisbon,pm25,96,20.0,157.0,42.0,7972.63
2022-07-31,PT,Funchal,pm25,60,1.0,66.0,20.0,7134.18
2022-07-31,CA,Hamilton,pm25,68,9.0,61.0,25.0,1911.12
2022-07-31,CA,Calgary,pm25,92,11.0,69.0,40.0,1974.8
2022-07-31,CA,Winnipeg,pm25,24,23.0,47.0,26.0,465.2
2022-07-31,CA,Halifax,pm25,46,15.0,42.0,20.0,745.08
2022-07-31,CA,Kitchener,pm25,24,13.0,65.0,25.0,2174.33
2022-07-31,CA,Edmonton,pm25,120,4.0,63.0,27.0,1677.78
2022-07-31,CA,Mississauga,pm25,69,9.0,70.0,25.0,3708.81
2022-07-31,CA,Québec,pm25,146,20.0,44.0,27.0,270.64
2022-07-31,CA,Vancouver,pm25,22,23.0,54.0,48.0,769.2
2022-07-31,CA,Victoria,pm25,46,9.0,65.0,34.0,1690.8
2022-07-31,CA,Montréal,pm25,358,9.0,55.0,24.0,473.33
2022-07-31,CA,Toronto,pm25,135,5.0,63.0,21.0,1328.02
2022-07-31,CA,Ottawa,pm25,62,9.0,52.0,25.0,1023.81
2022-07-31,CA,London,pm25,47,9.0,53.0,21.0,960.42
2022-07-31,US,Oklahoma City,pm25,96,20.0,78.0,50.0,1886.2
2022-07-31,US,Raleigh,pm25,68,5.0,70.0,42.0,1684.26
2022-07-31,US,Memphis,pm25,72,9.0,43.0,23.0,771.22
2022-07-31,US,Jackson,pm25,72,15.0,67.0,36.0,2457.46
2022-07-31,US,Boston,pm25,94,5.0,42.0,21.0,653.62
2022-07-31,US,Richmond,pm25,96,26.0,43.0,33.0,193.26
2022-07-31,US,Portland,pm25,165,13.0,55.0,35.0,766.99
2022-07-31,US,Boise,pm25,48,5.0,63.0,34.0,2516.13
2022-07-31,US,Austin,pm25,47,5.0,80.0,53.0,2529.25
2022-07-31,US,Honolulu,pm25,41,5.0,38.0,17.0,703.24
2022-07-31,US,Fresno,pm25,45,13.0,239.0,38.0,11373.6
2022-07-31,US,Milwaukee,pm25,136,18.0,45.0,26.0,514.14
2022-07-31,US,Hartford,pm25,47,17.0,28.0,21.0,67.05
2022-07-31,US,Washington D.C.,pm25,120,5.0,53.0,29.0,697.2
2022-07-31,US,Chicago,pm25,240,1.0,57.0,28.0,828.42
2022-07-31,US,Houston,pm25,95,4.0,73.0,53.0,3349.21
2022-07-31,US,Indianapolis,pm25,97,21.0,104.0,35.0,1550.64
2022-07-31,US,Atlanta,pm25,24,19.0,60.0,28.0,2165.22
2022-07-31,US,Charlotte,pm25,71,5.0,50.0,25.0,1004.56
2022-07-31,US,Sacramento,pm25,67,4.0,33.0,17.0,317.22
2022-07-31,US,Oakland,pm25,75,5.0,46.0,9.0,837.48
2022-07-31,US,Providence,pm25,38,5.0,61.0,25.0,2801.85
2022-07-31,US,Staten Island,pm25,109,2.0,142.0,21.0,2264.72
2022-07-31,US,Brooklyn,pm25,144,2.0,56.0,20.0,1184.04
2022-07-31,US,Springfield,pm25,72,4.0,52.0,26.0,768.7
2022-07-31,US,The Bronx,pm25,48,2.0,56.0,14.0,2387.64
2022-07-31,US,San Jose,pm25,81,5.0,34.0,13.0,461.32
2022-07-31,US,Los Angeles,pm25,24,22.0,50.0,39.0,413.9
2022-07-31,US,Detroit,pm25,168,17.0,64.0,28.0,1124.17
2022-07-31,US,Little Rock,pm25,24,8.0,60.0,45.0,3069.98
2022-07-31,US,Baltimore,pm25,48,13.0,48.0,30.0,674.45
2022-07-31,US,Phoenix,pm25,191,1.0,55.0,29.0,1472.42
2022-07-31,US,Omaha,pm25,46,5.0,50.0,21.0,1137.42
2022-07-31,US,El Paso,pm25,137,3.0,58.0,18.0,1753.71
2022-07-31,US,Dallas,pm25,24,25.0,93.0,46.0,2795.65
2022-07-31,US,Seattle,pm25,263,21.0,87.0,55.0,1838.92
2022-07-31,US,Manhattan,pm25,68,1.0,50.0,19.0,1344.31
2022-07-31,US,Miami,pm25,92,20.0,34.0,27.0,105.53
2022-07-31,US,Jacksonville,pm25,144,19.0,55.0,29.0,607.69
2022-07-31,US,San Antonio,pm25,86,8.0,75.0,52.0,2487.62
2022-07-31,US,Philadelphia,pm25,93,16.0,128.0,27.0,3180.54
2022-07-31,US,San Diego,pm25,24,14.0,53.0,26.0,985.49
2022-07-31,US,Columbus,pm25,48,16.0,76.0,29.0,1723.68
2022-07-31,US,Saint Paul,pm25,143,5.0,55.0,28.0,637.53
2022-07-31,US,Denver,pm25,127,9.0,57.0,21.0,400.1
2022-07-31,US,Salt Lake City,pm25,216,15.0,55.0,30.0,971.28
2022-07-31,US,Albuquerque,pm25,71,10.0,25.0,16.0,101.35
2022-07-31,US,San Francisco,pm25,52,5.0,78.0,13.0,2620.8
2022-07-31,US,Salem,pm25,72,15.0,46.0,26.0,748.82
2022-07-31,US,Madison,pm25,48,18.0,50.0,25.0,620.07
2022-07-31,US,Nashville,pm25,73,5.0,46.0,27.0,533.09
2022-07-31,US,Tucson,pm25,123,5.0,57.0,13.0,614.89
2022-07-31,US,Queens,pm25,92,1.0,59.0,20.0,1752.76
2022-07-31,US,Tallahassee,pm25,72,8.0,73.0,48.0,2194.69
2022-07-31,US,Fort Worth,pm25,48,21.0,75.0,57.0,1736.98
2022-07-31,RS,Novi Sad,pm25,48,10.0,44.0,24.0,518.44
2022-07-31,RS,Niš,pm25,48,29.0,64.0,51.0,882.12
2022-07-31,RS,Belgrade,pm25,110,11.0,57.0,27.0,1775.18
2022-07-31,CY,Nicosia,pm25,24,55.0,96.0,69.0,1305.43
2022-07-31,CY,Limassol,pm25,24,55.0,87.0,66.0,634.71
2022-07-31,HR,Zagreb,pm25,24,23.0,75.0,37.0,1970.85
2022-07-31,MK,Skopje,pm25,166,5.0,157.0,43.0,8543.69
2022-08-01,GE,Tbilisi,pm25,84,51.0,94.0,55.0,1660.51
2022-08-01,HU,Győr,pm25,46,5.0,72.0,42.0,4402.43
2022-08-01,HU,Szeged,pm25,22,13.0,42.0,25.0,1189.89
2022-08-01,HU,Pécs,pm25,54,21.0,53.0,30.0,1146.95
2022-08-01,HU,Kecskemét,pm25,40,17.0,50.0,25.0,767.18
2022-08-01,HU,Miskolc,pm25,108,9.0,61.0,21.0,1244.21
2022-08-01,HU,Budapest,pm25,200,9.0,46.0,30.0,351.29
2022-08-01,JP,Fukuoka,pm25,370,5.0,158.0,21.0,3952.48
2022-08-01,JP,Kanazawa,pm25,227,5.0,61.0,38.0,2438.64
2022-08-01,JP,Kumamoto,pm25,258,5.0,87.0,21.0,2909.15
2022-08-01,JP,Akita,pm25,32,13.0,61.0,25.0,1097.65
2022-08-01,JP,Kochi,pm25,43,9.0,59.0,25.0,1772.64
2022-08-01,JP,Gifu-shi,pm25,146,5.0,78.0,50.0,2198.93
2022-08-01,JP,Kyoto,pm25,569,5.0,70.0,38.0,1715.32
2022-08-01,JP,Hiroshima,pm25,269,5.0,70.0,21.0,1500.27
2022-08-01,JP,Shizuoka,pm25,235,5.0,95.0,34.0,2580.39
2022-08-01,JP,Chiba,pm25,730,5.0,152.0,38.0,5298.44
2022-08-01,JP,Sapporo,pm25,175,5.0,93.0,34.0,3060.81
2022-08-01,JP,Yokohama,pm25,546,1.0,107.0,38.0,2245.79
2022-08-01,JP,Tokyo,pm25,2510,1.0,153.0,42.0,3234.92
2022-08-01,JP,Saitama,pm25,497,5.0,85.0,42.0,2746.38
2022-08-01,JP,Naha,pm25,122,5.0,34.0,13.0,567.26
2022-08-01,JP,Nagasaki,pm25,173,5.0,59.0,21.0,1800.5
2022-08-01,JP,Toyama,pm25,184,5.0,158.0,34.0,3189.81
2022-08-01,JP,Niigata,pm25,213,13.0,53.0,30.0,710.15
2022-08-01,JP,Nara-shi,pm25,190,9.0,57.0,34.0,1288.2
2022-08-01,JP,Okayama,pm25,273,5.0,161.0,30.0,2407.35
2022-08-01,JP,Sendai,pm25,470,5.0,65.0,42.0,1287.41
2022-08-01,JP,Osaka,pm25,1385,5.0,112.0,30.0,1657.82
2022-08-01,JP,Miyazaki,pm25,132,5.0,124.0,46.0,2453.09
2022-08-01,JP,Matsuyama,pm25,147,5.0,102.0,25.0,3392.85
2022-08-01,JP,Wakayama,pm25,254,5.0,63.0,21.0,1046.87
2022-08-01,JP,Takamatsu,pm25,231,5.0,59.0,25.0,1099.49
2022-08-01,JP,Nagoya,pm25,773,5.0,107.0,38.0,1501.75
2022-08-01,JP,Ōita,pm25,204,5.0,50.0,17.0,864.33
2022-08-01,JP,Kobe,pm25,399,5.0,57.0,25.0,963.55
2022-08-01,JP,Nagano,pm25,63,5.0,68.0,25.0,2837.79
2022-08-01,JP,Utsunomiya,pm25,401,9.0,179.0,42.0,3046.32
2022-08-01,JP,Kagoshima,pm25,86,5.0,61.0,21.0,1274.48
2022-08-01,SK,Košice,pm25,93,5.0,95.0,34.0,4431.87
2022-08-01,SK,Bratislava,pm25,96,5.0,97.0,46.0,3293.89
2022-08-01,FI,Vantaa,pm25,23,6.0,41.0,24.0,1017.55
2022-08-01,FI,Turku,pm25,23,1.0,52.0,15.0,1340.4
2022-08-01,FI,Helsinki,pm25,120,6.0,47.0,18.0,824.59
2022-08-01,FI,Tampere,pm25,96,8.0,35.0,11.0,245.36
2022-08-01,ET,Addis Ababa,pm25,24,4.0,160.0,78.0,19082.4
2022-08-01,CH,Zürich,pm25,19,1.0,3.0,2.0,3.57
2022-08-01,CO,Bogotá,pm25,308,5.0,119.0,34.0,5173.29
2022-08-01,CO,Medellín,pm25,207,9.0,74.0,50.0,1365.17
2022-08-01,DK,Copenhagen,pm25,24,11.0,50.0,33.0,1290.42
2022-08-01,GB,Edinburgh,pm25,258,1.0,24.0,14.0,257.43
2022-08-01,GB,Norwich,pm25,24,13.0,34.0,17.0,213.02
2022-08-01,GB,Liverpool,pm25,36,9.0,38.0,15.0,374.16
2022-08-01,GB,Belfast,pm25,47,7.0,30.0,17.0,171.07
2022-08-01,GB,Coventry,pm25,54,8.0,21.0,13.0,64.06
2022-08-01,GB,Leeds,pm25,21,10.0,23.0,18.0,72.33
2022-08-01,GB,Cardiff,pm25,138,5.0,55.0,25.0,1869.31
2022-08-01,GB,Bristol,pm25,68,5.0,53.0,25.0,1845.93
2022-08-01,GB,London,pm25,472,3.0,60.0,23.0,1508.83
2022-08-01,GB,Birmingham,pm25,41,11.0,23.0,15.0,78.44
2022-08-01,GB,Sheffield,pm25,73,9.0,34.0,15.0,205.56
2022-08-01,GB,Newport,pm25,38,5.0,17.0,10.0,110.56
2022-08-01,GB,Leicester,pm25,22,13.0,26.0,15.0,165.65
2022-08-01,GB,Manchester,pm25,78,12.0,42.0,21.0,380.63
2022-08-01,GB,Reading,pm25,34,5.0,25.0,9.0,356.08
2022-08-01,GB,Plymouth,pm25,36,5.0,25.0,13.0,262.57
2022-08-01,GB,Glasgow,pm25,545,2.0,28.0,14.0,171.18
2022-08-01,GB,Preston,pm25,42,11.0,31.0,18.0,212.6
2022-08-01,GB,Swansea,pm25,147,5.0,63.0,17.0,1478.57
2022-08-01,GB,Southend-on-Sea,pm25,41,8.0,36.0,15.0,460.55
2022-08-01,ID,Jakarta,pm25,64,46.0,156.0,82.0,11785.7
2022-08-01,NP,Kathmandu,pm25,69,5.0,86.0,38.0,3513.52
2022-08-01,NP,Biratnagar,pm25,24,5.0,51.0,20.0,1456.07
2022-08-01,AU,Sydney,pm25,134,1.0,51.0,16.0,800.38
2022-08-01,AU,Newcastle,pm25,124,1.0,74.0,23.0,1872.74
2022-08-01,AU,Launceston,pm25,148,5.0,53.0,9.0,439.38
2022-08-01,AU,Hobart,pm25,35,5.0,17.0,5.0,80.67
2022-08-01,AU,Darwin,pm25,70,10.0,88.0,57.0,3501.72
2022-08-01,AU,Melbourne,pm25,146,1.0,46.0,14.0,1018.02
2022-08-01,AU,Canberra,pm25,51,4.0,81.0,19.0,2716.9
2022-08-01,AU,Adelaide,pm25,96,5.0,57.0,18.0,1206.25
2022-08-01,AU,Brisbane,pm25,162,1.0,59.0,28.0,2082.2
2022-08-01,AU,Perth,pm25,49,2.0,16.0,7.0,211.25
2022-08-01,AU,Wollongong,pm25,40,1.0,55.0,15.0,1737.72
2022-08-01,CI,Abidjan,pm25,23,21.0,91.0,61.0,4664.07
2022-08-01,GH,Accra,pm25,24,30.0,93.0,65.0,2286.36
2022-08-01,IQ,Baghdad,pm25,14,161.0,235.0,171.0,6281.1
2022-08-01,IS,Reykjavík,pm25,96,2.0,35.0,11.0,288.63
2022-08-01,KG,Bishkek,pm25,24,50.0,78.0,61.0,486.01
2022-08-01,NL,Utrecht,pm25,46,4.0,50.0,17.0,866.83
2022-08-01,NL,Nijmegen,pm25,46,3.0,53.0,22.0,1527.52
2022-08-01,NL,Haarlem,pm25,122,2.0,94.0,22.0,2752.16
2022-08-01,NL,Eindhoven,pm25,23,1.0,70.0,32.0,3391.11
2022-08-01,NL,Rotterdam,pm25,188,1.0,48.0,18.0,584.62
2022-08-01,NL,Amsterdam,pm25,243,1.0,54.0,18.0,854.07
2022-08-01,NL,Dordrecht,pm25,23,5.0,30.0,17.0,562.61
2022-08-01,NL,Breda,pm25,23,6.0,37.0,20.0,566.05
2022-08-01,NL,Groningen,pm25,46,1.0,51.0,18.0,1077.26
2022-08-01,NL,Maastricht,pm25,83,5.0,46.0,21.0,948.97
2022-08-01,NL,The Hague,pm25,58,1.0,36.0,15.0,519.7
2022-08-01,PT,Lisbon,pm25,89,31.0,153.0,59.0,8202.83
2022-08-01,PT,Funchal,pm25,51,2.0,66.0,25.0,7498.43
2022-08-01,CA,Hamilton,pm25,69,9.0,65.0,34.0,2030.68
2022-08-01,CA,Calgary,pm25,92,6.0,102.0,43.0,5738.73
2022-08-01,CA,Winnipeg,pm25,23,20.0,30.0,25.0,86.01
2022-08-01,CA,Halifax,pm25,46,17.0,33.0,23.0,164.99
2022-08-01,CA,Kitchener,pm25,24,17.0,85.0,38.0,2768.62
2022-08-01,CA,Edmonton,pm25,107,4.0,85.0,30.0,2112.7
2022-08-01,CA,Mississauga,pm25,70,9.0,78.0,34.0,2324.98
2022-08-01,CA,Québec,pm25,143,18.0,49.0,31.0,427.17
2022-08-01,CA,Vancouver,pm25,23,7.0,28.0,14.0,541.19
2022-08-01,CA,Victoria,pm25,41,5.0,34.0,17.0,591.38
2022-08-01,CA,Montréal,pm25,350,9.0,47.0,27.0,646.41
2022-08-01,CA,Toronto,pm25,138,9.0,61.0,34.0,1439.1
2022-08-01,CA,Ottawa,pm25,50,17.0,46.0,33.0,495.9
2022-08-01,CA,London,pm25,47,9.0,87.0,38.0,2851.15
2022-08-01,US,Oklahoma City,pm25,96,30.0,66.0,52.0,644.9
2022-08-01,US,Raleigh,pm25,70,9.0,70.0,30.0,1577.03
2022-08-01,US,Memphis,pm25,71,19.0,53.0,35.0,857.68
2022-08-01,US,Jackson,pm25,72,13.0,52.0,21.0,938.56
2022-08-01,US,Boston,pm25,111,5.0,46.0,21.0,485.02
2022-08-01,US,Richmond,pm25,93,15.0,42.0,22.0,280.98
2022-08-01,US,Portland,pm25,163,5.0,53.0,23.0,777.96
2022-08-01,US,Boise,pm25,48,30.0,68.0,48.0,1083.72
2022-08-01,US,Austin,pm25,42,5.0,70.0,17.0,2062.02
2022-08-01,US,Honolulu,pm25,38,5.0,46.0,13.0,798.8
2022-08-01,US,Fresno,pm25,38,21.0,286.0,38.0,47782.5
2022-08-01,US,Milwaukee,pm25,132,18.0,37.0,28.0,146.74
2022-08-01,US,Hartford,pm25,48,20.0,35.0,26.0,90.85
2022-08-01,US,Washington D.C.,pm25,115,5.0,42.0,22.0,781.15
2022-08-01,US,Chicago,pm25,236,2.0,75.0,30.0,1127.44
2022-08-01,US,Houston,pm25,94,1.0,53.0,22.0,1620.78
2022-08-01,US,Indianapolis,pm25,91,21.0,54.0,40.0,748.4
2022-08-01,US,Atlanta,pm25,24,47.0,57.0,53.0,72.1
2022-08-01,US,Charlotte,pm25,69,9.0,53.0,35.0,1636.26
2022-08-01,US,Sacramento,pm25,71,3.0,55.0,19.0,1142.12
2022-08-01,US,Oakland,pm25,109,5.0,68.0,17.0,1251.84
2022-08-01,US,Providence,pm25,33,5.0,59.0,21.0,3295.59
2022-08-01,US,Staten Island,pm25,114,9.0,95.0,36.0,2062.5
2022-08-01,US,Brooklyn,pm25,140,3.0,69.0,26.0,2429.01
2022-08-01,US,Springfield,pm25,68,8.0,62.0,37.0,1642.26
2022-08-01,US,The Bronx,pm25,47,3.0,51.0,18.0,1438.15
2022-08-01,US,San Jose,pm25,87,5.0,42.0,21.0,808.01
2022-08-01,US,Los Angeles,pm25,24,26.0,52.0,35.0,691.02
2022-08-01,US,Detroit,pm25,66,22.0,62.0,35.0,1066.76
2022-08-01,US,Little Rock,pm25,24,24.0,66.0,51.0,1170.36
2022-08-01,US,Baltimore,pm25,46,5.0,46.0,23.0,725.61
2022-08-01,US,Phoenix,pm25,189,2.0,84.0,25.0,1759.57
2022-08-01,US,Omaha,pm25,45,13.0,72.0,34.0,1928.77
2022-08-01,US,El Paso,pm25,137,3.0,61.0,17.0,2626.1
2022-08-01,US,Dallas,pm25,24,9.0,95.0,25.0,4257.37
2022-08-01,US,Seattle,pm25,226,5.0,57.0,23.0,1684.13
2022-08-01,US,Manhattan,pm25,71,7.0,59.0,26.0,2065.23
2022-08-01,US,Miami,pm25,93,21.0,59.0,45.0,1117.83
2022-08-01,US,Jacksonville,pm25,144,17.0,70.0,30.0,932.16
2022-08-01,US,San Antonio,pm25,87,3.0,64.0,21.0,2300.86
2022-08-01,US,Philadelphia,pm25,92,10.0,62.0,28.0,1270.43
2022-08-01,US,San Diego,pm25,24,7.0,36.0,21.0,588.97
2022-08-01,US,Columbus,pm25,47,7.0,47.0,26.0,891.01
2022-08-01,US,Saint Paul,pm25,138,5.0,348.0,26.0,12299.6
2022-08-01,US,Denver,pm25,136,13.0,38.0,25.0,379.34
2022-08-01,US,Salt Lake City,pm25,216,11.0,48.0,25.0,612.88
2022-08-01,US,Albuquerque,pm25,72,12.0,27.0,16.0,117.27
2022-08-01,US,San Francisco,pm25,62,5.0,65.0,21.0,1465.85
2022-08-01,US,Salem,pm25,72,8.0,24.0,15.0,167.61
2022-08-01,US,Madison,pm25,47,19.0,40.0,27.0,321.88
2022-08-01,US,Nashville,pm25,72,9.0,61.0,40.0,1111.11
2022-08-01,US,Tucson,pm25,126,5.0,34.0,13.0,454.13
2022-08-01,US,Queens,pm25,93,2.0,55.0,28.0,1381.23
2022-08-01,US,Tallahassee,pm25,70,2.0,58.0,28.0,1156.07
2022-08-01,US,Fort Worth,pm25,48,5.0,62.0,34.0,2793.17
2022-08-01,RS,Novi Sad,pm25,48,17.0,55.0,31.0,775.46
2022-08-01,RS,Niš,pm25,48,15.0,61.0,35.0,1570.28
2022-08-01,RS,Belgrade,pm25,120,18.0,65.0,33.0,1003.65
2022-08-01,CY,Nicosia,pm25,24,60.0,89.0,72.0,637.23
2022-08-01,CY,Limassol,pm25,24,59.0,93.0,75.0,890.15
2022-08-01,HR,Zagreb,pm25,24,20.0,79.0,47.0,3464.28
2022-08-01,MK,Skopje,pm25,168,10.0,174.0,38.0,10673.5
2022-08-02,GE,Tbilisi,pm25,94,51.0,97.0,56.0,1892.67
2022-08-02,HU,Győr,pm25,44,9.0,72.0,30.0,5376.49
2022-08-02,HU,Szeged,pm25,17,13.0,55.0,30.0,1936.4
2022-08-02,HU,Pécs,pm25,72,17.0,53.0,25.0,970.97
2022-08-02,HU,Kecskemét,pm25,30,17.0,50.0,30.0,1517.06
2022-08-02,HU,Miskolc,pm25,116,17.0,76.0,38.0,1738.68
2022-08-02,HU,Budapest,pm25,259,9.0,59.0,25.0,1610.1
2022-08-02,JP,Fukuoka,pm25,379,5.0,102.0,38.0,2766.0
2022-08-02,JP,Kanazawa,pm25,225,5.0,65.0,30.0,2665.04
2022-08-02,JP,Kumamoto,pm25,293,5.0,117.0,34.0,5204.69
2022-08-02,JP,Akita,pm25,40,9.0,104.0,30.0,6632.79
2022-08-02,JP,Kochi,pm25,46,5.0,57.0,25.0,1943.43
2022-08-02,JP,Gifu-shi,pm25,152,5.0,76.0,42.0,2601.41
2022-08-02,JP,Kyoto,pm25,566,5.0,65.0,34.0,2004.7
2022-08-02,JP,Hiroshima,pm25,269,5.0,65.0,17.0,1404.81
2022-08-02,JP,Shizuoka,pm25,247,5.0,139.0,50.0,4334.52
2022-08-02,JP,Chiba,pm25,739,5.0,159.0,53.0,6019.88
2022-08-02,JP,Sapporo,pm25,181,5.0,76.0,21.0,2022.07
2022-08-02,JP,Yokohama,pm25,529,1.0,72.0,46.0,2170.1
2022-08-02,JP,Tokyo,pm25,2511,1.0,173.0,53.0,4258.49
2022-08-02,JP,Saitama,pm25,482,1.0,87.0,38.0,2913.89
2022-08-02,JP,Naha,pm25,127,5.0,46.0,13.0,1377.53
2022-08-02,JP,Nagasaki,pm25,165,5.0,61.0,21.0,938.19
2022-08-02,JP,Toyama,pm25,181,5.0,74.0,38.0,2040.9
2022-08-02,JP,Niigata,pm25,205,21.0,63.0,38.0,1057.53
2022-08-02,JP,Nara-shi,pm25,180,5.0,55.0,30.0,903.05
2022-08-02,JP,Okayama,pm25,269,5.0,76.0,34.0,2350.63
2022-08-02,JP,Sendai,pm25,469,13.0,78.0,46.0,1265.71
2022-08-02,JP,Osaka,pm25,1255,5.0,95.0,25.0,1892.01
2022-08-02,JP,Miyazaki,pm25,126,5.0,72.0,42.0,3414.09
2022-08-02,JP,Matsuyama,pm25,136,5.0,74.0,25.0,2674.12
2022-08-02,JP,Wakayama,pm25,261,5.0,74.0,21.0,2454.58
2022-08-02,JP,Takamatsu,pm25,216,5.0,171.0,25.0,2541.08
2022-08-02,JP,Nagoya,pm25,760,1.0,112.0,38.0,2197.71
2022-08-02,JP,Ōita,pm25,206,5.0,70.0,21.0,1618.07
2022-08-02,JP,Kobe,pm25,413,5.0,65.0,25.0,1589.49
2022-08-02,JP,Nagano,pm25,64,5.0,127.0,46.0,6030.35
2022-08-02,JP,Utsunomiya,pm25,362,13.0,102.0,55.0,1464.93
2022-08-02,JP,Kagoshima,pm25,81,5.0,65.0,17.0,1385.67
2022-08-02,SK,Košice,pm25,96,34.0,89.0,50.0,1424.73
2022-08-02,SK,Bratislava,pm25,93,5.0,93.0,34.0,4205.56
2022-08-02,FI,Vantaa,pm25,24,8.0,30.0,17.0,448.41
2022-08-02,FI,Turku,pm25,21,4.0,50.0,17.0,1133.62
2022-08-02,FI,Helsinki,pm25,120,8.0,26.0,14.0,176.18
2022-08-02,FI,Tampere,pm25,96,2.0,23.0,16.0,347.33
2022-08-02,ET,Addis Ababa,pm25,24,46.0,177.0,68.0,8590.15
2022-08-02,CH,Zürich,pm25,12,1.0,3.0,2.0,4.24
2022-08-02,CO,Bogotá,pm25,305,1.0,124.0,30.0,4908.21
2022-08-02,CO,Medellín,pm25,251,17.0,89.0,55.0,2118.67
2022-08-02,DK,Copenhagen,pm25,23,18.0,64.0,34.0,1219.05
2022-08-02,GB,Edinburgh,pm25,258,2.0,65.0,9.0,503.04
2022-08-02,GB,Norwich,pm25,16,21.0,39.0,26.0,310.0
2022-08-02,GB,Liverpool,pm25,19,5.0,17.0,9.0,159.82
2022-08-02,GB,Belfast,pm25,51,3.0,25.0,13.0,290.81
2022-08-02,GB,Coventry,pm25,68,3.0,28.0,13.0,224.26
2022-08-02,GB,Leeds,pm25,27,7.0,46.0,13.0,710.46
2022-08-02,GB,Cardiff,pm25,109,5.0,57.0,34.0,2210.98
2022-08-02,GB,Bristol,pm25,69,9.0,63.0,34.0,2557.12
2022-08-02,GB,London,pm25,480,3.0,63.0,25.0,1489.11
2022-08-02,GB,Birmingham,pm25,38,6.0,17.0,13.0,89.34
2022-08-02,GB,Sheffield,pm25,63,4.0,38.0,13.0,573.69
2022-08-02,GB,Newport,pm25,46,9.0,42.0,17.0,611.77
2022-08-02,GB,Leicester,pm25,24,4.0,22.0,15.0,189.98
2022-08-02,GB,Manchester,pm25,78,6.0,20.0,12.0,79.1
2022-08-02,GB,Reading,pm25,37,5.0,42.0,9.0,1376.04
2022-08-02,GB,Plymouth,pm25,34,7.0,50.0,32.0,1714.26
2022-08-02,GB,Glasgow,pm25,547,3.0,31.0,12.0,327.35
2022-08-02,GB,Preston,pm25,36,2.0,19.0,9.0,198.54
2022-08-02,GB,Swansea,pm25,155,5.0,74.0,42.0,3490.7
2022-08-02,GB,Southend-on-Sea,pm25,43,17.0,43.0,23.0,521.55
2022-08-02,ID,Jakarta,pm25,69,89.0,162.0,141.0,3278.97
2022-08-02,NP,Kathmandu,pm25,72,5.0,87.0,54.0,3981.74
2022-08-02,NP,Biratnagar,pm25,24,23.0,65.0,40.0,1260.58
2022-08-02,AU,Sydney,pm25,139,4.0,54.0,21.0,1343.23
2022-08-02,AU,Newcastle,pm25,117,1.0,85.0,25.0,3879.17
2022-08-02,AU,Launceston,pm25,140,5.0,76.0,9.0,1666.69
2022-08-02,AU,Hobart,pm25,45,5.0,87.0,9.0,5030.45
2022-08-02,AU,Darwin,pm25,50,6.0,84.0,50.0,2582.45
2022-08-02,AU,Melbourne,pm25,151,1.0,52.0,16.0,1238.44
2022-08-02,AU,Canberra,pm25,66,2.0,90.0,23.0,4209.4
2022-08-02,AU,Adelaide,pm25,78,2.0,43.0,13.0,670.8
2022-08-02,AU,Brisbane,pm25,134,1.0,81.0,23.0,1263.73
2022-08-02,AU,Perth,pm25,65,2.0,19.0,10.0,158.69
2022-08-02,AU,Wollongong,pm25,33,2.0,45.0,16.0,2027.58
2022-08-02,CI,Abidjan,pm25,24,38.0,91.0,57.0,1698.84
2022-08-02,GH,Accra,pm25,24,50.0,97.0,65.0,1522.54
2022-08-02,IQ,Baghdad,pm25,4,181.0,229.0,181.0,5242.5
2022-08-02,IS,Reykjavík,pm25,76,4.0,14.0,10.0,88.58
2022-08-02,KG,Bishkek,pm25,24,42.0,102.0,55.0,1649.84
2022-08-02,NL,Utrecht,pm25,48,2.0,65.0,25.0,1859.36
2022-08-02,NL,Nijmegen,pm25,48,8.0,50.0,24.0,1170.1
2022-08-02,NL,Haarlem,pm25,141,1.0,127.0,31.0,3429.52
2022-08-02,NL,Eindhoven,pm25,23,6.0,77.0,45.0,3756.36
2022-08-02,NL,Rotterdam,pm25,189,3.0,60.0,23.0,1213.17
2022-08-02,NL,Amsterdam,pm25,256,1.0,82.0,25.0,1934.12
2022-08-02,NL,Dordrecht,pm25,24,13.0,63.0,25.0,1342.45
2022-08-02,NL,Breda,pm25,24,17.0,55.0,30.0,1180.42
2022-08-02,NL,Groningen,pm25,47,1.0,60.0,29.0,1375.77
2022-08-02,NL,Maastricht,pm25,92,5.0,46.0,21.0,1310.54
2022-08-02,NL,The Hague,pm25,71,1.0,79.0,20.0,3109.01
2022-08-02,PT,Lisbon,pm25,93,35.0,63.0,52.0,426.91
2022-08-02,PT,Funchal,pm25,63,2.0,66.0,27.0,6310.93
2022-08-02,CA,Hamilton,pm25,60,5.0,38.0,13.0,982.13
2022-08-02,CA,Calgary,pm25,91,1.0,37.0,10.0,559.41
2022-08-02,CA,Winnipeg,pm25,24,8.0,42.0,20.0,806.96
2022-08-02,CA,Halifax,pm25,46,8.0,27.0,17.0,129.08
2022-08-02,CA,Kitchener,pm25,17,5.0,42.0,9.0,2247.21
2022-08-02,CA,Edmonton,pm25,114,2.0,120.0,14.0,1366.3
2022-08-02,CA,Mississauga,pm25,64,5.0,76.0,13.0,3653.8
2022-08-02,CA,Québec,pm25,181,7.0,54.0,33.0,1263.66
2022-08-02,CA,Vancouver,pm25,22,5.0,19.0,8.0,224.33
2022-08-02,CA,Victoria,pm25,44,5.0,80.0,21.0,2935.91
2022-08-02,CA,Montréal,pm25,370,3.0,53.0,24.0,1329.81
2022-08-02,CA,Toronto,pm25,128,5.0,57.0,21.0,1455.59
2022-08-02,CA,Ottawa,pm25,68,5.0,55.0,18.0,2139.47
2022-08-02,CA,London,pm25,25,5.0,50.0,21.0,1938.43
2022-08-02,US,Oklahoma City,pm25,96,19.0,54.0,33.0,1071.51
2022-08-02,US,Raleigh,pm25,71,13.0,59.0,34.0,1369.74
2022-08-02,US,Memphis,pm25,72,18.0,51.0,24.0,309.45
2022-08-02,US,Jackson,pm25,72,13.0,45.0,23.0,481.59
2022-08-02,US,Boston,pm25,109,17.0,61.0,34.0,712.0
2022-08-02,US,Richmond,pm25,96,18.0,45.0,34.0,384.89
2022-08-02,US,Portland,pm25,165,5.0,34.0,19.0,336.86
2022-08-02,US,Boise,pm25,48,25.0,160.0,55.0,4260.41
2022-08-02,US,Austin,pm25,44,5.0,59.0,25.0,2348.12
2022-08-02,US,Honolulu,pm25,38,5.0,42.0,17.0,851.04
2022-08-02,US,Fresno,pm25,23,9.0,65.0,46.0,2108.1
2022-08-02,US,Milwaukee,pm25,139,13.0,52.0,25.0,741.1
2022-08-02,US,Hartford,pm25,46,23.0,59.0,35.0,718.15
2022-08-02,US,Washington D.C.,pm25,112,5.0,42.0,25.0,775.84
2022-08-02,US,Chicago,pm25,238,3.0,74.0,30.0,1369.21
2022-08-02,US,Houston,pm25,96,1.0,63.0,31.0,1756.4
2022-08-02,US,Indianapolis,pm25,72,26.0,62.0,39.0,683.52
2022-08-02,US,Atlanta,pm25,24,30.0,52.0,40.0,598.68
2022-08-02,US,Charlotte,pm25,71,9.0,55.0,36.0,1028.56
2022-08-02,US,Sacramento,pm25,72,8.0,57.0,30.0,1821.1
2022-08-02,US,Oakland,pm25,113,5.0,247.0,25.0,5733.61
2022-08-02,US,Providence,pm25,43,5.0,55.0,30.0,1518.14
2022-08-02,US,Staten Island,pm25,98,1.0,87.0,40.0,2693.8
2022-08-02,US,Brooklyn,pm25,139,3.0,65.0,36.0,1900.11
2022-08-02,US,Springfield,pm25,65,6.0,53.0,25.0,1083.84
2022-08-02,US,The Bronx,pm25,46,3.0,47.0,16.0,872.81
2022-08-02,US,San Jose,pm25,90,5.0,55.0,25.0,1230.8
2022-08-02,US,Los Angeles,pm25,24,24.0,55.0,35.0,766.94
2022-08-02,US,Detroit,pm25,24,19.0,37.0,23.0,258.53
2022-08-02,US,Little Rock,pm25,22,10.0,50.0,28.0,932.66
2022-08-02,US,Baltimore,pm25,48,5.0,48.0,34.0,1465.09
2022-08-02,US,Phoenix,pm25,171,4.0,52.0,18.0,936.92
2022-08-02,US,Omaha,pm25,44,9.0,76.0,38.0,2085.81
2022-08-02,US,El Paso,pm25,141,4.0,95.0,21.0,3142.64
2022-08-02,US,Dallas,pm25,24,21.0,42.0,30.0,416.5
2022-08-02,US,Seattle,pm25,248,5.0,153.0,21.0,1402.92
2022-08-02,US,Manhattan,pm25,72,5.0,70.0,31.0,1525.54
2022-08-02,US,Miami,pm25,89,13.0,40.0,28.0,209.76
2022-08-02,US,Jacksonville,pm25,137,3.0,88.0,30.0,1418.7
2022-08-02,US,San Antonio,pm25,89,4.0,68.0,30.0,2538.18
2022-08-02,US,Philadelphia,pm25,95,5.0,87.0,39.0,2689.57
2022-08-02,US,San Diego,pm25,22,1.0,55.0,24.0,1194.98
2022-08-02,US,Columbus,pm25,48,19.0,37.0,30.0,193.6
2022-08-02,US,Saint Paul,pm25,140,5.0,61.0,35.0,1737.73
2022-08-02,US,Denver,pm25,147,9.0,59.0,21.0,1594.69
2022-08-02,US,Salt Lake City,pm25,216,4.0,66.0,23.0,2455.99
2022-08-02,US,Albuquerque,pm25,68,10.0,30.0,16.0,216.97
2022-08-02,US,San Francisco,pm25,66,5.0,59.0,25.0,1327.3
2022-08-02,US,Salem,pm25,72,7.0,23.0,15.0,190.99
2022-08-02,US,Madison,pm25,48,21.0,41.0,28.0,224.78
2022-08-02,US,Nashville,pm25,69,13.0,55.0,40.0,892.22
2022-08-02,US,Tucson,pm25,141,5.0,50.0,13.0,567.66
2022-08-02,US,Queens,pm25,96,12.0,54.0,37.0,1055.54
2022-08-02,US,Tallahassee,pm25,71,3.0,54.0,23.0,835.4
2022-08-02,US,Fort Worth,pm25,45,7.0,102.0,25.0,2864.46
2022-08-02,RS,Novi Sad,pm25,48,14.0,56.0,24.0,1477.87
2022-08-02,RS,Niš,pm25,48,13.0,51.0,31.0,1268.15
2022-08-02,RS,Belgrade,pm25,120,13.0,70.0,28.0,1492.42
2022-08-02,CY,Nicosia,pm25,24,55.0,90.0,62.0,1356.94
2022-08-02,CY,Limassol,pm25,24,55.0,74.0,61.0,347.17
2022-08-02,HR,Zagreb,pm25,24,18.0,55.0,26.0,1511.72
2022-08-02,MK,Skopje,pm25,168,5.0,211.0,42.0,16321.4
2022-08-03,GE,Tbilisi,pm25,55,48.0,98.0,52.0,4002.84
2022-08-03,HU,Győr,pm25,46,13.0,80.0,38.0,2454.49
2022-08-03,HU,Pécs,pm25,57,9.0,34.0,21.0,572.37
2022-08-03,HU,Kecskemét,pm25,23,30.0,57.0,46.0,885.14
2022-08-03,HU,Miskolc,pm25,77,30.0,82.0,50.0,1004.51
2022-08-03,HU,Budapest,pm25,265,13.0,78.0,30.0,1073.33
2022-08-03,JP,Fukuoka,pm25,382,5.0,99.0,30.0,1853.5
2022-08-03,JP,Kanazawa,pm25,237,5.0,53.0,25.0,1158.26
2022-08-03,JP,Kumamoto,pm25,308,5.0,127.0,30.0,3257.87
2022-08-03,JP,Akita,pm25,35,5.0,72.0,17.0,3043.14
2022-08-03,JP,Kochi,pm25,48,13.0,82.0,38.0,1860.42
2022-08-03,JP,Gifu-shi,pm25,140,5.0,175.0,46.0,5378.69
2022-08-03,JP,Kyoto,pm25,561,17.0,89.0,57.0,1574.32
2022-08-03,JP,Hiroshima,pm25,294,5.0,104.0,42.0,4089.49
2022-08-03,JP,Shizuoka,pm25,262,13.0,169.0,59.0,2996.65
2022-08-03,JP,Chiba,pm25,769,5.0,161.0,68.0,4894.02
2022-08-03,JP,Sapporo,pm25,172,5.0,74.0,17.0,1949.04
2022-08-03,JP,Yokohama,pm25,543,1.0,107.0,63.0,3333.78
2022-08-03,JP,Tokyo,pm25,2559,1.0,166.0,68.0,3162.58
2022-08-03,JP,Saitama,pm25,489,25.0,95.0,57.0,819.48
2022-08-03,JP,Naha,pm25,121,5.0,87.0,9.0,931.33
2022-08-03,JP,Nagasaki,pm25,177,5.0,99.0,17.0,1508.05
2022-08-03,JP,Toyama,pm25,188,5.0,68.0,34.0,1785.15
2022-08-03,JP,Niigata,pm25,214,13.0,139.0,38.0,1319.67
2022-08-03,JP,Nara-shi,pm25,191,21.0,85.0,55.0,1946.31
2022-08-03,JP,Okayama,pm25,284,5.0,78.0,42.0,2750.3
2022-08-03,JP,Sendai,pm25,458,5.0,65.0,25.0,1892.88
2022-08-03,JP,Osaka,pm25,1400,5.0,119.0,53.0,2180.02
2022-08-03,JP,Miyazaki,pm25,123,5.0,109.0,46.0,4573.99
2022-08-03,JP,Matsuyama,pm25,155,5.0,112.0,50.0,6120.73
2022-08-03,JP,Wakayama,pm25,275,17.0,89.0,46.0,1781.26
2022-08-03,JP,Takamatsu,pm25,237,5.0,78.0,42.0,3219.5
2022-08-03,JP,Nagoya,pm25,772,5.0,95.0,46.0,2722.42
2022-08-03,JP,Ōita,pm25,243,5.0,124.0,50.0,7023.8
2022-08-03,JP,Kobe,pm25,417,5.0,112.0,46.0,2094.1
2022-08-03,JP,Nagano,pm25,69,17.0,87.0,46.0,2306.94
2022-08-03,JP,Utsunomiya,pm25,378,5.0,89.0,46.0,3040.97
2022-08-03,JP,Kagoshima,pm25,89,9.0,61.0,17.0,955.47
2022-08-03,SK,Košice,pm25,96,38.0,102.0,57.0,1209.82
2022-08-03,SK,Bratislava,pm25,93,9.0,109.0,38.0,4507.27
2022-08-03,FI,Vantaa,pm25,24,10.0,34.0,22.0,675.58
2022-08-03,FI,Turku,pm25,23,7.0,64.0,16.0,1440.2
2022-08-03,FI,Helsinki,pm25,120,7.0,49.0,17.0,590.42
2022-08-03,FI,Tampere,pm25,96,6.0,24.0,13.0,205.08
2022-08-03,ET,Addis Ababa,pm25,24,34.0,85.0,68.0,2334.76
2022-08-03,CH,Zürich,pm25,16,1.0,3.0,2.0,6.5
2022-08-03,CO,Bogotá,pm25,198,5.0,129.0,30.0,5693.34
2022-08-03,CO,Medellín,pm25,275,17.0,91.0,61.0,1581.88
2022-08-03,DK,Copenhagen,pm25,24,21.0,65.0,53.0,1337.97
2022-08-03,GB,Edinburgh,pm25,280,3.0,42.0,10.0,177.89
2022-08-03,GB,Norwich,pm25,14,10.0,45.0,25.0,1425.55
2022-08-03,GB,Liverpool,pm25,45,4.0,25.0,18.0,315.64
2022-08-03,GB,Belfast,pm25,54,8.0,25.0,17.0,144.81
2022-08-03,GB,Coventry,pm25,51,3.0,21.0,15.0,146.24
2022-08-03,GB,Leeds,pm25,40,6.0,43.0,18.0,630.2
2022-08-03,GB,Cardiff,pm25,115,5.0,57.0,30.0,1757.65
2022-08-03,GB,Bristol,pm25,63,9.0,57.0,30.0,2135.07
2022-08-03,GB,London,pm25,463,3.0,155.0,27.0,2076.95
2022-08-03,GB,Birmingham,pm25,40,4.0,25.0,15.0,273.23
2022-08-03,GB,Sheffield,pm25,80,3.0,30.0,14.0,298.0
2022-08-03,GB,Newport,pm25,46,5.0,27.0,13.0,421.47
2022-08-03,GB,Leicester,pm25,19,3.0,22.0,15.0,270.23
2022-08-03,GB,Manchester,pm25,76,4.0,35.0,21.0,856.08
2022-08-03,GB,Reading,pm25,22,5.0,34.0,13.0,610.39
2022-08-03,GB,Plymouth,pm25,31,9.0,34.0,21.0,658.07
2022-08-03,GB,Glasgow,pm25,542,3.0,27.0,12.0,209.56
2022-08-03,GB,Preston,pm25,45,7.0,33.0,18.0,357.65
2022-08-03,GB,Swansea,pm25,161,5.0,87.0,25.0,2195.41
2022-08-03,GB,Southend-on-Sea,pm25,45,11.0,47.0,30.0,877.4
2022-08-03,ID,Jakarta,pm25,71,65.0,171.0,153.0,9461.08
2022-08-03,NP,Kathmandu,pm25,70,5.0,90.0,55.0,3706.29
2022-08-03,NP,Biratnagar,pm25,24,31.0,78.0,42.0,1696.79
2022-08-03,AU,Sydney,pm25,149,1.0,84.0,12.0,1529.61
2022-08-03,AU,Newcastle,pm25,140,6.0,86.0,37.0,2852.0
2022-08-03,AU,Launceston,pm25,141,5.0,72.0,13.0,590.9
2022-08-03,AU,Hobart,pm25,51,5.0,53.0,5.0,973.75
2022-08-03,AU,Darwin,pm25,64,2.0,92.0,42.0,3773.33
2022-08-03,AU,Melbourne,pm25,140,1.0,43.0,14.0,957.74
2022-08-03,AU,Canberra,pm25,58,4.0,87.0,25.0,4352.36
2022-08-03,AU,Adelaide,pm25,93,5.0,42.0,18.0,735.99
2022-08-03,AU,Brisbane,pm25,208,3.0,327.0,28.0,6558.93
2022-08-03,AU,Perth,pm25,74,2.0,19.0,7.0,154.12
2022-08-03,AU,Wollongong,pm25,38,1.0,91.0,17.0,3091.18
2022-08-03,CI,Abidjan,pm25,24,30.0,76.0,50.0,2199.06
2022-08-03,GH,Accra,pm25,24,34.0,188.0,55.0,14197.3
2022-08-03,IQ,Baghdad,pm25,3,178.0,190.0,178.0,480.0
2022-08-03,IS,Reykjavík,pm25,72,4.0,16.0,11.0,83.93
2022-08-03,KG,Bishkek,pm25,24,53.0,93.0,61.0,977.97
2022-08-03,NL,Utrecht,pm25,47,6.0,56.0,28.0,1270.18
2022-08-03,NL,Nijmegen,pm25,48,7.0,58.0,31.0,2008.35
2022-08-03,NL,Haarlem,pm25,144,3.0,69.0,41.0,1911.59
2022-08-03,NL,Eindhoven,pm25,24,10.0,75.0,33.0,3216.94
2022-08-03,NL,Rotterdam,pm25,192,3.0,69.0,32.0,2245.3
2022-08-03,NL,Amsterdam,pm25,249,1.0,86.0,34.0,2862.79
2022-08-03,NL,Dordrecht,pm25,24,13.0,55.0,30.0,1340.22
2022-08-03,NL,Breda,pm25,24,13.0,52.0,32.0,1378.48
2022-08-03,NL,Groningen,pm25,48,3.0,62.0,35.0,1843.67
2022-08-03,NL,Maastricht,pm25,87,5.0,59.0,17.0,1466.95
2022-08-03,NL,The Hague,pm25,71,10.0,59.0,35.0,1712.95
2022-08-03,PT,Lisbon,pm25,96,15.0,60.0,32.0,1226.45
2022-08-03,PT,Funchal,pm25,64,1.0,66.0,12.0,6269.91
2022-08-03,CA,Hamilton,pm25,84,5.0,61.0,17.0,2296.21
2022-08-03,CA,Calgary,pm25,90,13.0,69.0,37.0,2220.24
2022-08-03,CA,Winnipeg,pm25,24,15.0,35.0,20.0,316.94
2022-08-03,CA,Halifax,pm25,46,16.0,40.0,27.0,352.77
2022-08-03,CA,Kitchener,pm25,41,9.0,82.0,46.0,5632.78
2022-08-03,CA,Edmonton,pm25,110,3.0,67.0,24.0,1914.23
2022-08-03,CA,Mississauga,pm25,70,5.0,76.0,21.0,3974.76
2022-08-03,CA,Québec,pm25,130,14.0,33.0,20.0,152.01
2022-08-03,CA,Vancouver,pm25,23,7.0,27.0,14.0,351.7
2022-08-03,CA,Victoria,pm25,36,5.0,55.0,13.0,1807.9
2022-08-03,CA,Montréal,pm25,356,3.0,191.0,18.0,3284.51
2022-08-03,CA,Toronto,pm25,122,5.0,70.0,21.0,1850.42
2022-08-03,CA,Ottawa,pm25,55,9.0,27.0,20.0,263.79
2022-08-03,CA,London,pm25,35,5.0,82.0,30.0,4308.24
2022-08-03,US,Oklahoma City,pm25,93,11.0,56.0,37.0,751.26
2022-08-03,US,Raleigh,pm25,71,13.0,68.0,47.0,1210.71
2022-08-03,US,Memphis,pm25,72,17.0,50.0,28.0,497.68
2022-08-03,US,Jackson,pm25,72,11.0,61.0,25.0,905.85
2022-08-03,US,Boston,pm25,94,13.0,55.0,25.0,506.03
2022-08-03,US,Richmond,pm25,96,23.0,47.0,40.0,289.68
2022-08-03,US,Portland,pm25,166,11.0,51.0,21.0,397.85
2022-08-03,US,Boise,pm25,46,5.0,71.0,39.0,2157.32
2022-08-03,US,Austin,pm25,44,9.0,72.0,42.0,1724.8
2022-08-03,US,Honolulu,pm25,34,5.0,38.0,13.0,752.41
2022-08-03,US,Fresno,pm25,24,17.0,55.0,34.0,1056.23
2022-08-03,US,Milwaukee,pm25,134,17.0,48.0,31.0,357.11
2022-08-03,US,Hartford,pm25,48,22.0,35.0,26.0,126.7
2022-08-03,US,Washington D.C.,pm25,116,9.0,42.0,30.0,557.83
2022-08-03,US,Chicago,pm25,238,3.0,59.0,29.0,1075.57
2022-08-03,US,Houston,pm25,94,9.0,85.0,41.0,2041.2
2022-08-03,US,Indianapolis,pm25,72,22.0,56.0,39.0,795.54
2022-08-03,US,Atlanta,pm25,24,18.0,48.0,30.0,588.41
2022-08-03,US,Charlotte,pm25,67,25.0,57.0,38.0,547.04
2022-08-03,US,Sacramento,pm25,70,5.0,42.0,21.0,656.57
2022-08-03,US,Oakland,pm25,105,5.0,107.0,21.0,2862.84
2022-08-03,US,Providence,pm25,45,9.0,61.0,21.0,1947.34
2022-08-03,US,Staten Island,pm25,109,2.0,61.0,21.0,1564.98
2022-08-03,US,Brooklyn,pm25,141,1.0,64.0,27.0,2288.3
2022-08-03,US,Springfield,pm25,70,15.0,60.0,30.0,890.19
2022-08-03,US,The Bronx,pm25,48,1.0,34.0,8.0,1335.59
2022-08-03,US,San Jose,pm25,92,5.0,59.0,21.0,804.2
2022-08-03,US,Los Angeles,pm25,24,26.0,65.0,42.0,959.93
2022-08-03,US,Detroit,pm25,24,20.0,45.0,31.0,702.83
2022-08-03,US,Little Rock,pm25,24,4.0,50.0,26.0,1937.37
2022-08-03,US,Baltimore,pm25,48,9.0,68.0,34.0,1335.7
2022-08-03,US,Phoenix,pm25,186,3.0,47.0,20.0,595.43
2022-08-03,US,Omaha,pm25,44,5.0,50.0,25.0,933.7
2022-08-03,US,El Paso,pm25,122,5.0,141.0,22.0,2585.73
2022-08-03,US,Dallas,pm25,24,13.0,46.0,30.0,787.23
2022-08-03,US,Seattle,pm25,251,5.0,50.0,25.0,1044.62
2022-08-03,US,Manhattan,pm25,70,3.0,50.0,19.0,1566.95
2022-08-03,US,Miami,pm25,94,11.0,32.0,22.0,220.03
2022-08-03,US,Jacksonville,pm25,136,3.0,40.0,24.0,746.36
2022-08-03,US,San Antonio,pm25,94,21.0,91.0,45.0,1676.83
2022-08-03,US,Philadelphia,pm25,94,4.0,68.0,33.0,1687.13
2022-08-03,US,San Diego,pm25,21,10.0,62.0,27.0,1947.9
2022-08-03,US,Columbus,pm25,48,17.0,57.0,40.0,594.54
2022-08-03,US,Saint Paul,pm25,130,5.0,52.0,25.0,1651.3
2022-08-03,US,Denver,pm25,139,9.0,50.0,25.0,830.28
2022-08-03,US,Salt Lake City,pm25,216,25.0,75.0,49.0,958.63
2022-08-03,US,Albuquerque,pm25,72,14.0,46.0,19.0,328.15
2022-08-03,US,San Francisco,pm25,63,5.0,107.0,21.0,2762.97
2022-08-03,US,Salem,pm25,72,13.0,33.0,19.0,108.98
2022-08-03,US,Madison,pm25,48,22.0,47.0,29.0,304.68
2022-08-03,US,Nashville,pm25,70,13.0,59.0,33.0,1064.86
2022-08-03,US,Tucson,pm25,143,5.0,38.0,17.0,646.27
2022-08-03,US,Queens,pm25,95,1.0,48.0,25.0,1457.01
2022-08-03,US,Tallahassee,pm25,69,4.0,52.0,23.0,1406.88
2022-08-03,US,Fort Worth,pm25,48,10.0,152.0,49.0,7540.64
2022-08-03,RS,Novi Sad,pm25,48,16.0,54.0,30.0,985.32
2022-08-03,RS,Niš,pm25,48,9.0,64.0,31.0,1719.43
2022-08-03,RS,Belgrade,pm25,120,17.0,80.0,46.0,2627.93
2022-08-03,CY,Nicosia,pm25,24,59.0,85.0,76.0,498.68
2022-08-03,CY,Limassol,pm25,24,60.0,82.0,71.0,306.88
2022-08-03,HR,Zagreb,pm25,24,15.0,62.0,39.0,3271.58
2022-08-03,MK,Skopje,pm25,167,5.0,126.0,34.0,7225.23
2022-08-04,GE,Tbilisi,pm25,66,48.0,81.0,51.0,1472.71
2022-08-04,HU,Győr,pm25,48,5.0,78.0,50.0,4356.15
2022-08-04,HU,Pécs,pm25,60,21.0,53.0,30.0,771.13
2022-08-04,HU,Kecskemét,pm25,17,21.0,59.0,42.0,2162.35
2022-08-04,HU,Miskolc,pm25,102,21.0,72.0,42.0,1956.78
2022-08-04,HU,Budapest,pm25,209,9.0,61.0,30.0,975.95
2022-08-04,JP,Fukuoka,pm25,379,5.0,72.0,17.0,1348.35
2022-08-04,JP,Kanazawa,pm25,199,5.0,46.0,13.0,698.52
2022-08-04,JP,Kumamoto,pm25,298,5.0,117.0,25.0,3358.63
2022-08-04,JP,Akita,pm25,34,5.0,53.0,17.0,1373.19
2022-08-04,JP,Kochi,pm25,47,13.0,87.0,50.0,2585.06
2022-08-04,JP,Gifu-shi,pm25,140,5.0,70.0,17.0,2275.24
2022-08-04,JP,Kyoto,pm25,575,5.0,85.0,50.0,2506.19
2022-08-04,JP,Hiroshima,pm25,310,5.0,132.0,30.0,3590.66
2022-08-04,JP,Shizuoka,pm25,260,5.0,82.0,50.0,2290.2
2022-08-04,JP,Chiba,pm25,653,5.0,107.0,25.0,4282.27
2022-08-04,JP,Sapporo,pm25,178,5.0,78.0,21.0,1627.05
2022-08-04,JP,Yokohama,pm25,494,1.0,122.0,42.0,5066.14
2022-08-04,JP,Tokyo,pm25,2391,1.0,109.0,25.0,3582.2
2022-08-04,JP,Saitama,pm25,488,5.0,72.0,25.0,1817.0
2022-08-04,JP,Naha,pm25,105,5.0,30.0,13.0,694.19
2022-08-04,JP,Nagasaki,pm25,154,5.0,57.0,17.0,1046.5
2022-08-04,JP,Toyama,pm25,132,5.0,55.0,21.0,1447.27
2022-08-04,JP,Niigata,pm25,209,5.0,46.0,25.0,1198.76
2022-08-04,JP,Nara-shi,pm25,191,5.0,76.0,53.0,2638.69
2022-08-04,JP,Okayama,pm25,284,9.0,78.0,38.0,2259.86
2022-08-04,JP,Sendai,pm25,454,5.0,50.0,13.0,579.9
2022-08-04,JP,Osaka,pm25,1432,5.0,97.0,50.0,2202.38
2022-08-04,JP,Miyazaki,pm25,135,5.0,91.0,53.0,3256.07
2022-08-04,JP,Matsuyama,pm25,149,5.0,72.0,38.0,2999.31
2022-08-04,JP,Wakayama,pm25,283,5.0,80.0,46.0,1866.97
2022-08-04,JP,Takamatsu,pm25,234,5.0,85.0,34.0,3545.66
2022-08-04,JP,Nagoya,pm25,726,1.0,152.0,21.0,1635.27
2022-08-04,JP,Ōita,pm25,235,5.0,97.0,46.0,5024.87
2022-08-04,JP,Kobe,pm25,411,9.0,80.0,46.0,1374.6
2022-08-04,JP,Nagano,pm25,65,5.0,175.0,30.0,5555.34
2022-08-04,JP,Utsunomiya,pm25,393,5.0,55.0,25.0,1044.77
2022-08-04,JP,Kagoshima,pm25,87,5.0,70.0,17.0,1844.77
2022-08-04,SK,Košice,pm25,96,21.0,112.0,50.0,2407.26
2022-08-04,SK,Bratislava,pm25,92,9.0,117.0,42.0,5719.77
2022-08-04,FI,Vantaa,pm25,24,10.0,53.0,35.0,1233.26
2022-08-04,FI,Turku,pm25,24,18.0,38.0,28.0,420.42
2022-08-04,FI,Helsinki,pm25,118,15.0,52.0,27.0,921.95
2022-08-04,FI,Tampere,pm25,96,14.0,47.0,21.0,232.87
2022-08-04,ET,Addis Ababa,pm25,24,42.0,114.0,74.0,4210.85
2022-08-04,CH,Zürich,pm25,23,1.0,3.0,2.0,4.47
2022-08-04,CO,Bogotá,pm25,311,5.0,134.0,39.0,7216.88
2022-08-04,CO,Medellín,pm25,279,17.0,97.0,61.0,1734.2
2022-08-04,DK,Copenhagen,pm25,23,16.0,81.0,49.0,2223.32
2022-08-04,GB,Edinburgh,pm25,270,5.0,55.0,12.0,376.12
2022-08-04,GB,Norwich,pm25,23,13.0,21.0,17.0,61.46
2022-08-04,GB,Liverpool,pm25,25,9.0,25.0,15.0,100.27
2022-08-04,GB,Belfast,pm25,34,8.0,21.0,13.0,124.56
2022-08-04,GB,Coventry,pm25,46,12.0,22.0,19.0,72.14
2022-08-04,GB,Leeds,pm25,30,14.0,38.0,21.0,276.33
2022-08-04,GB,Cardiff,pm25,94,5.0,50.0,25.0,2098.34
2022-08-04,GB,Bristol,pm25,67,17.0,57.0,38.0,1401.18
2022-08-04,GB,London,pm25,505,1.0,177.0,22.0,1531.3
2022-08-04,GB,Birmingham,pm25,33,10.0,27.0,21.0,104.89
2022-08-04,GB,Sheffield,pm25,75,12.0,38.0,14.0,231.59
2022-08-04,GB,Newport,pm25,38,5.0,25.0,11.0,269.45
2022-08-04,GB,Leicester,pm25,14,14.0,36.0,23.0,294.51
2022-08-04,GB,Manchester,pm25,75,11.0,27.0,19.0,115.49
2022-08-04,GB,Reading,pm25,35,5.0,25.0,13.0,313.82
2022-08-04,GB,Plymouth,pm25,34,9.0,30.0,17.0,299.96
2022-08-04,GB,Glasgow,pm25,534,6.0,38.0,12.0,154.14
2022-08-04,GB,Preston,pm25,40,9.0,25.0,17.0,118.44
2022-08-04,GB,Swansea,pm25,129,5.0,59.0,17.0,1005.85
2022-08-04,GB,Southend-on-Sea,pm25,43,15.0,34.0,22.0,180.59
2022-08-04,ID,Jakarta,pm25,71,34.0,155.0,85.0,11960.5
2022-08-04,NP,Kathmandu,pm25,72,21.0,100.0,61.0,3849.3
2022-08-04,NP,Biratnagar,pm25,24,36.0,74.0,53.0,1032.97
2022-08-04,AU,Sydney,pm25,156,1.0,45.0,16.0,629.7
2022-08-04,AU,Newcastle,pm25,144,2.0,64.0,35.0,1471.81
2022-08-04,AU,Launceston,pm25,151,5.0,119.0,13.0,2968.9
2022-08-04,AU,Hobart,pm25,60,5.0,57.0,9.0,1535.92
2022-08-04,AU,Darwin,pm25,69,2.0,158.0,42.0,6536.92
2022-08-04,AU,Melbourne,pm25,152,1.0,51.0,15.0,1346.52
2022-08-04,AU,Canberra,pm25,59,1.0,52.0,17.0,1309.57
2022-08-04,AU,Adelaide,pm25,95,5.0,43.0,21.0,750.58
2022-08-04,AU,Brisbane,pm25,216,1.0,83.0,25.0,2218.84
2022-08-04,AU,Perth,pm25,68,2.0,13.0,5.0,99.53
2022-08-04,AU,Wollongong,pm25,46,1.0,63.0,14.0,1773.94
2022-08-04,CI,Abidjan,pm25,24,21.0,55.0,38.0,890.42
2022-08-04,GH,Accra,pm25,24,17.0,68.0,38.0,2444.93
2022-08-04,IQ,Baghdad,pm25,23,159.0,558.0,182.0,65136.0
2022-08-04,IS,Reykjavík,pm25,72,3.0,24.0,12.0,290.77
2022-08-04,KG,Bishkek,pm25,24,53.0,89.0,63.0,883.41
2022-08-04,NL,Utrecht,pm25,39,5.0,60.0,28.0,1695.55
2022-08-04,NL,Nijmegen,pm25,37,10.0,57.0,30.0,1726.32
2022-08-04,NL,Haarlem,pm25,136,1.0,97.0,25.0,2106.13
2022-08-04,NL,Eindhoven,pm25,20,1.0,73.0,49.0,3259.45
2022-08-04,NL,Rotterdam,pm25,188,3.0,50.0,23.0,576.78
2022-08-04,NL,Amsterdam,pm25,250,3.0,79.0,25.0,1279.98
2022-08-04,NL,Dordrecht,pm25,24,13.0,42.0,22.0,851.23
2022-08-04,NL,Breda,pm25,21,18.0,51.0,30.0,735.0
2022-08-04,NL,Groningen,pm25,40,3.0,57.0,31.0,2684.59
2022-08-04,NL,Maastricht,pm25,95,9.0,53.0,34.0,933.97
2022-08-04,NL,The Hague,pm25,67,2.0,44.0,23.0,774.21
2022-08-04,PT,Lisbon,pm25,81,13.0,49.0,22.0,715.36
2022-08-04,PT,Funchal,pm25,60,1.0,66.0,17.0,7448.97
2022-08-04,CA,Hamilton,pm25,93,9.0,76.0,34.0,1099.22
2022-08-04,CA,Calgary,pm25,85,1.0,85.0,39.0,5022.02
2022-08-04,CA,Winnipeg,pm25,23,18.0,25.0,22.0,53.16
2022-08-04,CA,Halifax,pm25,46,13.0,35.0,20.0,218.36
2022-08-04,CA,Kitchener,pm25,48,13.0,68.0,50.0,2518.99
2022-08-04,CA,Edmonton,pm25,100,1.0,72.0,12.0,1377.27
2022-08-04,CA,Mississauga,pm25,70,13.0,61.0,34.0,1570.16
2022-08-04,CA,Québec,pm25,166,12.0,38.0,27.0,277.82
2022-08-04,CA,Vancouver,pm25,23,3.0,7.0,5.0,15.41
2022-08-04,CA,Victoria,pm25,30,5.0,57.0,17.0,1421.89
2022-08-04,CA,Montréal,pm25,380,9.0,191.0,30.0,4212.36
2022-08-04,CA,Toronto,pm25,127,5.0,59.0,25.0,1341.88
2022-08-04,CA,Ottawa,pm25,66,21.0,61.0,31.0,640.48
2022-08-04,CA,London,pm25,45,9.0,53.0,30.0,1384.82
2022-08-04,US,Oklahoma City,pm25,74,1.0,65.0,52.0,1004.84
2022-08-04,US,Raleigh,pm25,68,5.0,70.0,55.0,1922.13
2022-08-04,US,Memphis,pm25,71,5.0,52.0,31.0,1036.25
2022-08-04,US,Jackson,pm25,72,14.0,59.0,28.0,978.68
2022-08-04,US,Boston,pm25,122,25.0,68.0,38.0,654.84
2022-08-04,US,Richmond,pm25,96,24.0,126.0,47.0,2629.96
2022-08-04,US,Portland,pm25,161,5.0,37.0,14.0,227.9
2022-08-04,US,Boise,pm25,48,13.0,84.0,53.0,2891.06
2022-08-04,US,Austin,pm25,45,34.0,76.0,57.0,1118.16
2022-08-04,US,Honolulu,pm25,40,5.0,38.0,13.0,649.22
2022-08-04,US,Fresno,pm25,24,17.0,56.0,34.0,1062.88
2022-08-04,US,Milwaukee,pm25,141,15.0,53.0,21.0,731.37
2022-08-04,US,Hartford,pm25,48,30.0,55.0,43.0,529.46
2022-08-04,US,Washington D.C.,pm25,120,9.0,65.0,38.0,1411.2
2022-08-04,US,Chicago,pm25,240,3.0,112.0,25.0,1694.89
2022-08-04,US,Houston,pm25,94,13.0,76.0,52.0,1152.04
2022-08-04,US,Indianapolis,pm25,84,23.0,55.0,33.0,627.35
2022-08-04,US,Atlanta,pm25,24,21.0,44.0,30.0,335.63
2022-08-04,US,Charlotte,pm25,72,9.0,59.0,34.0,1054.07
2022-08-04,US,Sacramento,pm25,69,5.0,59.0,25.0,900.78
2022-08-04,US,Oakland,pm25,120,9.0,57.0,34.0,1158.15
2022-08-04,US,Providence,pm25,42,5.0,68.0,34.0,2079.54
2022-08-04,US,Staten Island,pm25,120,5.0,82.0,46.0,2013.14
2022-08-04,US,Brooklyn,pm25,144,4.0,67.0,47.0,1482.11
2022-08-04,US,Springfield,pm25,72,5.0,74.0,22.0,3653.08
2022-08-04,US,The Bronx,pm25,48,15.0,56.0,41.0,1076.52
2022-08-04,US,San Jose,pm25,92,9.0,55.0,30.0,1379.75
2022-08-04,US,Los Angeles,pm25,24,24.0,66.0,45.0,1121.29
2022-08-04,US,Detroit,pm25,24,20.0,31.0,27.0,69.49
2022-08-04,US,Little Rock,pm25,20,3.0,42.0,19.0,1365.16
2022-08-04,US,Baltimore,pm25,48,5.0,57.0,36.0,1726.59
2022-08-04,US,Phoenix,pm25,178,1.0,46.0,19.0,769.79
2022-08-04,US,Omaha,pm25,43,5.0,46.0,17.0,913.48
2022-08-04,US,El Paso,pm25,126,5.0,73.0,25.0,2245.08
2022-08-04,US,Dallas,pm25,19,13.0,93.0,46.0,3429.12
2022-08-04,US,Seattle,pm25,201,5.0,34.0,13.0,545.99
2022-08-04,US,Manhattan,pm25,69,10.0,64.0,46.0,1917.23
2022-08-04,US,Miami,pm25,93,19.0,60.0,35.0,1684.03
2022-08-04,US,Jacksonville,pm25,140,6.0,58.0,26.0,721.81
2022-08-04,US,San Antonio,pm25,92,30.0,89.0,59.0,1572.73
2022-08-04,US,Philadelphia,pm25,94,2.0,81.0,44.0,1684.49
2022-08-04,US,San Diego,pm25,24,18.0,51.0,32.0,702.32
2022-08-04,US,Columbus,pm25,48,10.0,54.0,33.0,1366.34
2022-08-04,US,Saint Paul,pm25,139,5.0,38.0,23.0,467.57
2022-08-04,US,Denver,pm25,120,13.0,53.0,30.0,677.97
2022-08-04,US,Salt Lake City,pm25,216,22.0,57.0,38.0,691.27
2022-08-04,US,Albuquerque,pm25,72,15.0,39.0,21.0,204.13
2022-08-04,US,San Francisco,pm25,71,13.0,104.0,38.0,2696.53
2022-08-04,US,Salem,pm25,72,10.0,29.0,14.0,201.08
2022-08-04,US,Madison,pm25,48,12.0,30.0,21.0,190.95
2022-08-04,US,Nashville,pm25,72,9.0,52.0,25.0,1018.0
2022-08-04,US,Tucson,pm25,115,5.0,34.0,13.0,402.98
2022-08-04,US,Queens,pm25,96,8.0,62.0,49.0,1449.53
2022-08-04,US,Tallahassee,pm25,72,5.0,56.0,29.0,1218.71
2022-08-04,US,Fort Worth,pm25,46,21.0,89.0,53.0,1761.76
2022-08-04,RS,Novi Sad,pm25,48,12.0,64.0,27.0,2054.45
2022-08-04,RS,Niš,pm25,48,15.0,67.0,30.0,1742.27
2022-08-04,RS,Belgrade,pm25,120,16.0,79.0,52.0,3367.16
2022-08-04,CY,Nicosia,pm25,24,64.0,91.0,75.0,494.33
2022-08-04,CY,Limassol,pm25,24,42.0,76.0,62.0,661.67
2022-08-04,HR,Zagreb,pm25,24,16.0,52.0,34.0,1782.59
2022-08-04,MK,Skopje,pm25,168,11.0,146.0,42.0,5610.04
2022-08-05,GE,Tbilisi,pm25,84,51.0,80.0,58.0,955.29
2022-08-05,HU,Győr,pm25,42,5.0,271.0,42.0,36899.0
2022-08-05,HU,Pécs,pm25,60,21.0,55.0,34.0,817.91
2022-08-05,HU,Kecskemét,pm25,18,21.0,57.0,42.0,1995.59
2022-08-05,HU,Miskolc,pm25,116,21.0,68.0,42.0,1585.9
2022-08-05,HU,Budapest,pm25,247,9.0,59.0,30.0,1187.68
2022-08-05,JP,Fukuoka,pm25,385,5.0,99.0,17.0,1333.05
2022-08-05,JP,Kanazawa,pm25,224,5.0,53.0,21.0,985.6
2022-08-05,JP,Kumamoto,pm25,281,5.0,80.0,17.0,1809.46
2022-08-05,JP,Akita,pm25,29,5.0,53.0,17.0,1652.91
2022-08-05,JP,Kochi,pm25,47,9.0,72.0,34.0,2527.96
2022-08-05,JP,Gifu-shi,pm25,145,5.0,85.0,34.0,4393.15
2022-08-05,JP,Kyoto,pm25,562,5.0,72.0,42.0,1648.01
2022-08-05,JP,Hiroshima,pm25,276,5.0,61.0,25.0,1665.22
2022-08-05,JP,Shizuoka,pm25,246,5.0,74.0,25.0,1858.44
2022-08-05,JP,Chiba,pm25,651,5.0,89.0,17.0,2525.38
2022-08-05,JP,Sapporo,pm25,190,5.0,87.0,30.0,1649.65
2022-08-05,JP,Yokohama,pm25,541,1.0,65.0,21.0,1823.27
2022-08-05,JP,Tokyo,pm25,2446,1.0,78.0,17.0,877.77
2022-08-05,JP,Saitama,pm25,493,5.0,55.0,21.0,768.07
2022-08-05,JP,Naha,pm25,92,5.0,38.0,13.0,785.63
2022-08-05,JP,Nagasaki,pm25,150,5.0,55.0,13.0,702.24
2022-08-05,JP,Toyama,pm25,184,5.0,72.0,25.0,1847.67
2022-08-05,JP,Niigata,pm25,187,5.0,46.0,17.0,626.13
2022-08-05,JP,Nara-shi,pm25,186,9.0,59.0,34.0,1366.12
2022-08-05,JP,Okayama,pm25,284,13.0,74.0,34.0,1213.49
2022-08-05,JP,Sendai,pm25,432,5.0,65.0,17.0,868.96
2022-08-05,JP,Osaka,pm25,1427,5.0,129.0,38.0,2041.62
2022-08-05,JP,Miyazaki,pm25,132,5.0,99.0,50.0,2556.24
2022-08-05,JP,Matsuyama,pm25,153,5.0,70.0,21.0,1634.63
2022-08-05,JP,Wakayama,pm25,285,5.0,76.0,42.0,1283.94
2022-08-05,JP,Takamatsu,pm25,232,5.0,57.0,25.0,1229.9
2022-08-05,JP,Nagoya,pm25,765,1.0,97.0,30.0,2466.06
2022-08-05,JP,Ōita,pm25,206,5.0,63.0,30.0,2418.67
2022-08-05,JP,Kobe,pm25,424,5.0,72.0,38.0,1538.4
2022-08-05,JP,Nagano,pm25,60,5.0,68.0,21.0,2690.68
2022-08-05,JP,Utsunomiya,pm25,381,5.0,53.0,21.0,949.85
2022-08-05,JP,Kagoshima,pm25,83,5.0,53.0,13.0,885.78
2022-08-05,SK,Košice,pm25,96,25.0,153.0,63.0,4839.08
2022-08-05,SK,Bratislava,pm25,94,9.0,152.0,46.0,8124.02
2022-08-05,FI,Vantaa,pm25,24,21.0,54.0,40.0,967.23
2022-08-05,FI,Turku,pm25,24,34.0,55.0,44.0,293.91
2022-08-05,FI,Helsinki,pm25,120,15.0,58.0,37.0,807.49
2022-08-05,FI,Tampere,pm25,96,19.0,52.0,38.0,722.52
2022-08-05,ET,Addis Ababa,pm25,24,46.0,161.0,74.0,8558.84
2022-08-05,CH,Zürich,pm25,20,1.0,3.0,1.0,4.63
2022-08-05,CO,Bogotá,pm25,298,5.0,157.0,55.0,8198.44
2022-08-05,CO,Medellín,pm25,290,21.0,89.0,57.0,1669.97
2022-08-05,DK,Copenhagen,pm25,23,4.0,49.0,20.0,1750.75
2022-08-05,GB,Edinburgh,pm25,267,4.0,42.0,15.0,644.83
2022-08-05,GB,Norwich,pm25,10,13.0,18.0,15.0,24.89
2022-08-05,GB,Liverpool,pm25,37,9.0,61.0,21.0,1722.57
2022-08-05,GB,Belfast,pm25,63,10.0,47.0,18.0,778.7
2022-08-05,GB,Coventry,pm25,56,10.0,37.0,15.0,401.74
2022-08-05,GB,Leeds,pm25,38,13.0,57.0,15.0,1511.98
2022-08-05,GB,Cardiff,pm25,97,5.0,38.0,13.0,574.32
2022-08-05,GB,Bristol,pm25,62,13.0,55.0,34.0,1597.99
2022-08-05,GB,London,pm25,527,3.0,74.0,21.0,1013.78
2022-08-05,GB,Birmingham,pm25,38,13.0,47.0,17.0,813.89
2022-08-05,GB,Sheffield,pm25,71,9.0,55.0,17.0,1219.2
2022-08-05,GB,Newport,pm25,35,7.0,19.0,12.0,71.34
2022-08-05,GB,Leicester,pm25,17,14.0,40.0,20.0,503.46
2022-08-05,GB,Manchester,pm25,76,8.0,53.0,17.0,1704.02
2022-08-05,GB,Reading,pm25,46,5.0,25.0,13.0,372.33
2022-08-05,GB,Plymouth,pm25,32,5.0,25.0,13.0,132.17
2022-08-05,GB,Glasgow,pm25,534,5.0,56.0,15.0,1281.19
2022-08-05,GB,Preston,pm25,41,8.0,58.0,13.0,1861.78
2022-08-05,GB,Swansea,pm25,162,5.0,46.0,21.0,986.97
2022-08-05,GB,Southend-on-Sea,pm25,35,10.0,27.0,15.0,131.73
2022-08-05,ID,Jakarta,pm25,71,32.0,151.0,72.0,6798.66
2022-08-05,NP,Kathmandu,pm25,72,25.0,102.0,64.0,2512.94
2022-08-05,NP,Biratnagar,pm25,24,48.0,80.0,55.0,609.4
2022-08-05,AU,Sydney,pm25,143,1.0,48.0,11.0,909.04
2022-08-05,AU,Newcastle,pm25,130,1.0,60.0,16.0,1472.58
2022-08-05,AU,Launceston,pm25,134,5.0,91.0,9.0,1236.47
2022-08-05,AU,Hobart,pm25,64,5.0,55.0,13.0,1866.35
2022-08-05,AU,Darwin,pm25,61,3.0,85.0,39.0,3012.73
2022-08-05,AU,Melbourne,pm25,142,1.0,45.0,12.0,900.23
2022-08-05,AU,Canberra,pm25,56,1.0,57.0,18.0,2127.62
2022-08-05,AU,Adelaide,pm25,96,2.0,42.0,21.0,902.94
2022-08-05,AU,Brisbane,pm25,214,1.0,58.0,24.0,1290.01
2022-08-05,AU,Perth,pm25,74,2.0,21.0,7.0,180.54
2022-08-05,AU,Wollongong,pm25,36,1.0,61.0,20.0,2286.94
2022-08-05,CI,Abidjan,pm25,24,25.0,68.0,42.0,1322.32
2022-08-05,GH,Accra,pm25,24,30.0,87.0,55.0,2457.23
2022-08-05,IQ,Baghdad,pm25,24,129.0,281.0,174.0,9119.06
2022-08-05,IS,Reykjavík,pm25,79,4.0,27.0,13.0,290.05
2022-08-05,KG,Bishkek,pm25,24,53.0,76.0,61.0,331.23
2022-08-05,NL,Utrecht,pm25,47,3.0,54.0,21.0,1024.33
2022-08-05,NL,Nijmegen,pm25,44,1.0,39.0,19.0,939.75
2022-08-05,NL,Haarlem,pm25,127,1.0,92.0,21.0,3274.1
2022-08-05,NL,Eindhoven,pm25,24,15.0,61.0,35.0,1513.04
2022-08-05,NL,Rotterdam,pm25,190,3.0,41.0,17.0,635.62
2022-08-05,NL,Amsterdam,pm25,244,1.0,62.0,16.0,857.07
2022-08-05,NL,Dordrecht,pm25,24,5.0,42.0,25.0,687.54
2022-08-05,NL,Breda,pm25,22,9.0,48.0,25.0,1055.52
2022-08-05,NL,Groningen,pm25,42,3.0,41.0,17.0,836.01
2022-08-05,NL,Maastricht,pm25,87,5.0,46.0,21.0,757.13
2022-08-05,NL,The Hague,pm25,63,1.0,41.0,14.0,528.33
2022-08-05,PT,Lisbon,pm25,74,16.0,66.0,41.0,1909.34
2022-08-05,PT,Funchal,pm25,45,1.0,66.0,33.0,8108.91
2022-08-05,CA,Hamilton,pm25,92,9.0,63.0,25.0,1343.46
2022-08-05,CA,Calgary,pm25,68,1.0,41.0,7.0,528.47
2022-08-05,CA,Winnipeg,pm25,24,23.0,36.0,26.0,189.84
2022-08-05,CA,Halifax,pm25,46,14.0,45.0,22.0,540.58
2022-08-05,CA,Kitchener,pm25,38,9.0,50.0,25.0,1369.28
2022-08-05,CA,Edmonton,pm25,111,1.0,56.0,12.0,686.6
2022-08-05,CA,Mississauga,pm25,62,5.0,50.0,17.0,723.43
2022-08-05,CA,Québec,pm25,172,9.0,44.0,20.0,647.92
2022-08-05,CA,Vancouver,pm25,23,5.0,24.0,10.0,263.91
2022-08-05,CA,Victoria,pm25,41,5.0,46.0,17.0,1418.78
2022-08-05,CA,Montréal,pm25,372,3.0,58.0,24.0,1466.44
2022-08-05,CA,Toronto,pm25,135,9.0,59.0,25.0,1233.2
2022-08-05,CA,Ottawa,pm25,51,9.0,38.0,22.0,415.98
2022-08-05,CA,London,pm25,42,9.0,76.0,34.0,1811.34
2022-08-05,US,Oklahoma City,pm25,73,10.0,76.0,60.0,874.68
2022-08-05,US,Raleigh,pm25,68,5.0,55.0,26.0,871.53
2022-08-05,US,Memphis,pm25,67,11.0,55.0,28.0,853.94
2022-08-05,US,Jackson,pm25,71,15.0,41.0,23.0,349.02
2022-08-05,US,Boston,pm25,130,17.0,65.0,38.0,1192.18
2022-08-05,US,Richmond,pm25,96,15.0,51.0,38.0,1455.92
2022-08-05,US,Portland,pm25,163,5.0,26.0,13.0,114.18
2022-08-05,US,Boise,pm25,46,5.0,171.0,34.0,7480.62
2022-08-05,US,Austin,pm25,48,34.0,85.0,63.0,1330.2
2022-08-05,US,Honolulu,pm25,41,5.0,42.0,13.0,950.52
2022-08-05,US,Fresno,pm25,33,22.0,63.0,38.0,1192.8
2022-08-05,US,Milwaukee,pm25,142,15.0,133.0,27.0,4819.5
2022-08-05,US,Hartford,pm25,48,33.0,56.0,46.0,576.91
2022-08-05,US,Washington D.C.,pm25,115,5.0,46.0,25.0,913.99
2022-08-05,US,Chicago,pm25,236,4.0,72.0,27.0,2186.49
2022-08-05,US,Houston,pm25,96,21.0,79.0,54.0,1575.36
2022-08-05,US,Indianapolis,pm25,96,19.0,56.0,30.0,740.78
2022-08-05,US,Atlanta,pm25,24,34.0,45.0,40.0,76.52
2022-08-05,US,Charlotte,pm25,72,5.0,55.0,25.0,576.57
2022-08-05,US,Sacramento,pm25,68,2.0,45.0,14.0,814.3
2022-08-05,US,Oakland,pm25,114,5.0,55.0,17.0,801.95
2022-08-05,US,Providence,pm25,48,17.0,57.0,38.0,1112.55
2022-08-05,US,Staten Island,pm25,115,3.0,61.0,34.0,1694.94
2022-08-05,US,Brooklyn,pm25,144,4.0,59.0,39.0,1391.4
2022-08-05,US,Springfield,pm25,72,2.0,70.0,30.0,1696.33
2022-08-05,US,The Bronx,pm25,48,9.0,48.0,29.0,1315.46
2022-08-05,US,San Jose,pm25,95,5.0,53.0,25.0,911.26
2022-08-05,US,Los Angeles,pm25,24,26.0,57.0,47.0,851.29
2022-08-05,US,Detroit,pm25,100,18.0,69.0,36.0,1187.69
2022-08-05,US,Little Rock,pm25,24,13.0,55.0,44.0,1397.23
2022-08-05,US,Baltimore,pm25,48,9.0,46.0,27.0,793.17
2022-08-05,US,Phoenix,pm25,184,2.0,55.0,18.0,916.35
2022-08-05,US,Omaha,pm25,46,5.0,59.0,30.0,1839.52
2022-08-05,US,El Paso,pm25,146,5.0,55.0,32.0,1674.18
2022-08-05,US,Dallas,pm25,22,38.0,76.0,55.0,878.01
2022-08-05,US,Seattle,pm25,190,5.0,46.0,21.0,658.39
2022-08-05,US,Manhattan,pm25,71,8.0,61.0,35.0,1292.49
2022-08-05,US,Miami,pm25,94,23.0,65.0,52.0,1322.31
2022-08-05,US,Jacksonville,pm25,144,19.0,64.0,33.0,791.84
2022-08-05,US,San Antonio,pm25,93,34.0,83.0,67.0,896.95
2022-08-05,US,Philadelphia,pm25,94,1.0,72.0,30.0,2075.69
2022-08-05,US,San Diego,pm25,24,9.0,53.0,28.0,1908.41
2022-08-05,US,Columbus,pm25,47,4.0,38.0,17.0,504.33
2022-08-05,US,Saint Paul,pm25,142,5.0,55.0,25.0,863.58
2022-08-05,US,Denver,pm25,125,13.0,50.0,25.0,572.51
2022-08-05,US,Salt Lake City,pm25,216,11.0,67.0,33.0,1173.32
2022-08-05,US,Albuquerque,pm25,72,15.0,31.0,23.0,167.29
2022-08-05,US,San Francisco,pm25,66,5.0,50.0,21.0,1515.62
2022-08-05,US,Salem,pm25,72,10.0,24.0,12.0,59.87
2022-08-05,US,Madison,pm25,48,16.0,50.0,24.0,845.42
2022-08-05,US,Nashville,pm25,71,5.0,61.0,28.0,1068.19
2022-08-05,US,Tucson,pm25,127,5.0,30.0,13.0,471.83
2022-08-05,US,Queens,pm25,94,10.0,55.0,39.0,1339.75
2022-08-05,US,Tallahassee,pm25,68,14.0,56.0,32.0,856.6
2022-08-05,US,Fort Worth,pm25,48,30.0,102.0,57.0,1420.78
2022-08-05,RS,Novi Sad,pm25,48,17.0,73.0,33.0,2345.17
2022-08-05,RS,Niš,pm25,48,15.0,74.0,41.0,2471.8
2022-08-05,RS,Belgrade,pm25,106,20.0,80.0,46.0,2629.58
2022-08-05,CY,Nicosia,pm25,24,58.0,101.0,66.0,1508.04
2022-08-05,CY,Limassol,pm25,24,37.0,80.0,61.0,1111.23
2022-08-05,HR,Zagreb,pm25,24,18.0,63.0,38.0,2597.97
2022-08-05,MK,Skopje,pm25,141,11.0,151.0,52.0,9724.75
2022-08-06,GE,Tbilisi,pm25,96,46.0,83.0,56.0,1442.07
2022-08-06,HU,Győr,pm25,42,5.0,61.0,34.0,2180.12
2022-08-06,HU,Pécs,pm25,72,13.0,53.0,34.0,1190.69
2022-08-06,HU,Kecskemét,pm25,23,25.0,63.0,50.0,1966.64
2022-08-06,HU,Miskolc,pm25,120,17.0,74.0,55.0,1655.1
2022-08-06,HU,Budapest,pm25,254,13.0,63.0,38.0,1944.55
2022-08-06,JP,Fukuoka,pm25,362,5.0,74.0,21.0,1490.35
2022-08-06,JP,Kanazawa,pm25,235,5.0,186.0,34.0,3359.5
2022-08-06,JP,Kumamoto,pm25,273,5.0,95.0,17.0,2504.61
2022-08-06,JP,Akita,pm25,39,5.0,65.0,25.0,1688.5
2022-08-06,JP,Kochi,pm25,46,9.0,72.0,38.0,2118.96
2022-08-06,JP,Gifu-shi,pm25,161,5.0,76.0,38.0,2145.02
2022-08-06,JP,Kyoto,pm25,569,5.0,72.0,42.0,2101.92
2022-08-06,JP,Hiroshima,pm25,302,5.0,70.0,34.0,1960.04
2022-08-06,JP,Shizuoka,pm25,256,5.0,82.0,34.0,2010.61
2022-08-06,JP,Chiba,pm25,717,5.0,117.0,21.0,2808.15
2022-08-06,JP,Sapporo,pm25,200,5.0,72.0,21.0,1146.02
2022-08-06,JP,Yokohama,pm25,539,1.0,78.0,25.0,1851.21
2022-08-06,JP,Tokyo,pm25,2537,1.0,319.0,30.0,3415.01
2022-08-06,JP,Saitama,pm25,497,5.0,78.0,25.0,2677.51
2022-08-06,JP,Naha,pm25,105,5.0,30.0,9.0,663.74
2022-08-06,JP,Nagasaki,pm25,162,5.0,53.0,13.0,953.27
2022-08-06,JP,Toyama,pm25,190,9.0,107.0,34.0,2779.66
2022-08-06,JP,Niigata,pm25,206,5.0,59.0,34.0,2335.79
2022-08-06,JP,Nara-shi,pm25,189,5.0,61.0,38.0,1427.5
2022-08-06,JP,Okayama,pm25,281,9.0,80.0,38.0,1491.72
2022-08-06,JP,Sendai,pm25,456,5.0,65.0,21.0,702.37
2022-08-06,JP,Osaka,pm25,1443,5.0,134.0,42.0,1758.52
2022-08-06,JP,Miyazaki,pm25,133,5.0,80.0,42.0,2797.87
2022-08-06,JP,Matsuyama,pm25,144,5.0,70.0,25.0,2442.66
2022-08-06,JP,Wakayama,pm25,279,5.0,76.0,42.0,1272.98
2022-08-06,JP,Takamatsu,pm25,237,5.0,59.0,30.0,1347.7
2022-08-06,JP,Nagoya,pm25,777,5.0,97.0,34.0,1524.46
2022-08-06,JP,Ōita,pm25,240,5.0,74.0,25.0,2527.72
2022-08-06,JP,Kobe,pm25,421,5.0,76.0,38.0,1341.07
2022-08-06,JP,Nagano,pm25,64,5.0,59.0,21.0,1956.5
2022-08-06,JP,Utsunomiya,pm25,372,5.0,63.0,30.0,1716.66
2022-08-06,JP,Kagoshima,pm25,83,5.0,53.0,13.0,1038.69
2022-08-06,SK,Košice,pm25,95,25.0,165.0,63.0,10798.9
2022-08-06,SK,Bratislava,pm25,87,5.0,129.0,38.0,5243.6
2022-08-06,FI,Vantaa,pm25,20,4.0,54.0,33.0,3105.37
2022-08-06,FI,Turku,pm25,20,2.0,35.0,10.0,1409.89
2022-08-06,FI,Helsinki,pm25,119,3.0,58.0,18.0,2789.8
2022-08-06,FI,Tampere,pm25,95,3.0,52.0,25.0,2345.59
2022-08-06,ET,Addis Ababa,pm25,24,53.0,129.0,74.0,3429.49
2022-08-06,CH,Zürich,pm25,22,1.0,2.0,1.0,1.84
2022-08-06,CO,Bogotá,pm25,319,5.0,113.0,30.0,5061.06
2022-08-06,CO,Medellín,pm25,268,46.0,93.0,57.0,871.02
2022-08-06,DK,Copenhagen,pm25,24,11.0,40.0,29.0,642.16
2022-08-06,GB,Edinburgh,pm25,261,5.0,46.0,19.0,910.11
2022-08-06,GB,Norwich,pm25,22,19.0,43.0,25.0,452.84
2022-08-06,GB,Liverpool,pm25,40,13.0,46.0,29.0,347.08
2022-08-06,GB,Belfast,pm25,60,17.0,30.0,23.0,140.55
2022-08-06,GB,Coventry,pm25,55,14.0,51.0,36.0,843.84
2022-08-06,GB,Leeds,pm25,35,21.0,40.0,25.0,245.5
2022-08-06,GB,Cardiff,pm25,131,5.0,63.0,42.0,2554.97
2022-08-06,GB,Bristol,pm25,72,17.0,68.0,50.0,2270.12
2022-08-06,GB,London,pm25,493,5.0,119.0,38.0,1840.28
2022-08-06,GB,Birmingham,pm25,36,17.0,51.0,34.0,783.64
2022-08-06,GB,Sheffield,pm25,76,9.0,46.0,25.0,542.94
2022-08-06,GB,Newport,pm25,44,13.0,38.0,29.0,501.33
2022-08-06,GB,Leicester,pm25,17,14.0,59.0,41.0,1486.54
2022-08-06,GB,Manchester,pm25,83,9.0,62.0,38.0,1692.83
2022-08-06,GB,Reading,pm25,46,5.0,50.0,21.0,1901.91
2022-08-06,GB,Plymouth,pm25,39,13.0,37.0,25.0,539.04
2022-08-06,GB,Glasgow,pm25,522,7.0,200.0,20.0,1362.63
2022-08-06,GB,Preston,pm25,41,6.0,45.0,25.0,896.28
2022-08-06,GB,Swansea,pm25,192,5.0,74.0,42.0,2008.55
2022-08-06,GB,Southend-on-Sea,pm25,44,13.0,54.0,28.0,1195.58
2022-08-06,ID,Jakarta,pm25,71,50.0,161.0,104.0,10350.5
2022-08-06,NP,Kathmandu,pm25,72,9.0,84.0,59.0,3548.71
2022-08-06,NP,Biratnagar,pm25,24,18.0,63.0,40.0,2225.92
2022-08-06,AU,Sydney,pm25,149,1.0,84.0,10.0,954.56
2022-08-06,AU,Newcastle,pm25,125,1.0,43.0,12.0,806.1
2022-08-06,AU,Launceston,pm25,128,5.0,159.0,17.0,6851.17
2022-08-06,AU,Hobart,pm25,59,5.0,57.0,9.0,828.78
2022-08-06,AU,Darwin,pm25,48,4.0,72.0,27.0,3498.61
2022-08-06,AU,Melbourne,pm25,142,1.0,70.0,19.0,2083.12
2022-08-06,AU,Canberra,pm25,62,2.0,46.0,14.0,873.77
2022-08-06,AU,Adelaide,pm25,94,1.0,38.0,17.0,696.87
2022-08-06,AU,Brisbane,pm25,214,2.0,335.0,15.0,5605.29
2022-08-06,AU,Perth,pm25,58,2.0,11.0,5.0,84.84
2022-08-06,AU,Wollongong,pm25,30,4.0,65.0,16.0,2418.44
2022-08-06,CI,Abidjan,pm25,24,25.0,154.0,38.0,8084.28
2022-08-06,GH,Accra,pm25,24,25.0,139.0,38.0,8099.55
2022-08-06,IQ,Baghdad,pm25,24,142.0,257.0,192.0,12206.1
2022-08-06,IS,Reykjavík,pm25,96,1.0,69.0,11.0,800.1
2022-08-06,KG,Bishkek,pm25,24,46.0,93.0,63.0,1162.54
2022-08-06,NL,Utrecht,pm25,48,2.0,58.0,21.0,1733.12
2022-08-06,NL,Nijmegen,pm25,48,3.0,55.0,21.0,1247.44
2022-08-06,NL,Haarlem,pm25,123,1.0,72.0,19.0,1738.5
2022-08-06,NL,Eindhoven,pm25,24,15.0,59.0,40.0,1672.16
2022-08-06,NL,Rotterdam,pm25,190,4.0,47.0,13.0,423.14
2022-08-06,NL,Amsterdam,pm25,240,3.0,51.0,14.0,725.13
2022-08-06,NL,Dordrecht,pm25,24,9.0,42.0,21.0,593.26
2022-08-06,NL,Breda,pm25,24,4.0,43.0,26.0,1164.93
2022-08-06,NL,Groningen,pm25,46,3.0,57.0,21.0,1021.87
2022-08-06,NL,Maastricht,pm25,88,5.0,50.0,21.0,1178.16
2022-08-06,NL,The Hague,pm25,65,1.0,17.0,9.0,123.69
2022-08-06,PT,Lisbon,pm25,96,25.0,64.0,40.0,946.32
2022-08-06,PT,Funchal,pm25,57,1.0,66.0,15.0,7296.34
2022-08-06,CA,Hamilton,pm25,91,9.0,61.0,34.0,1387.35
2022-08-06,CA,Calgary,pm25,92,8.0,53.0,18.0,1181.55
2022-08-06,CA,Winnipeg,pm25,24,17.0,42.0,26.0,598.24
2022-08-06,CA,Halifax,pm25,46,23.0,45.0,31.0,275.19
2022-08-06,CA,Kitchener,pm25,46,13.0,72.0,38.0,2678.07
2022-08-06,CA,Edmonton,pm25,117,5.0,105.0,20.0,1900.09
2022-08-06,CA,Mississauga,pm25,71,9.0,63.0,25.0,1969.76
2022-08-06,CA,Québec,pm25,162,16.0,56.0,25.0,699.2
2022-08-06,CA,Vancouver,pm25,21,5.0,50.0,10.0,1733.14
2022-08-06,CA,Victoria,pm25,42,5.0,57.0,17.0,1010.48
2022-08-06,CA,Montréal,pm25,395,9.0,59.0,30.0,1028.23
2022-08-06,CA,Toronto,pm25,128,5.0,63.0,21.0,1339.21
2022-08-06,CA,Ottawa,pm25,62,13.0,42.0,29.0,363.52
2022-08-06,CA,London,pm25,43,9.0,42.0,25.0,786.46
2022-08-06,US,Oklahoma City,pm25,72,28.0,72.0,55.0,1290.95
2022-08-06,US,Raleigh,pm25,69,9.0,46.0,25.0,698.67
2022-08-06,US,Memphis,pm25,72,11.0,36.0,25.0,251.69
2022-08-06,US,Jackson,pm25,72,14.0,60.0,25.0,918.02
2022-08-06,US,Boston,pm25,144,17.0,63.0,34.0,1093.63
2022-08-06,US,Richmond,pm25,96,11.0,31.0,21.0,295.72
2022-08-06,US,Portland,pm25,168,9.0,41.0,20.0,252.77
2022-08-06,US,Boise,pm25,45,11.0,55.0,28.0,1128.86
2022-08-06,US,Austin,pm25,46,5.0,68.0,53.0,2816.58
2022-08-06,US,Honolulu,pm25,44,5.0,50.0,21.0,1056.17
2022-08-06,US,Fresno,pm25,45,5.0,70.0,21.0,1589.73
2022-08-06,US,Milwaukee,pm25,144,23.0,152.0,41.0,4136.26
2022-08-06,US,Hartford,pm25,48,25.0,51.0,34.0,402.54
2022-08-06,US,Washington D.C.,pm25,112,5.0,42.0,21.0,514.21
2022-08-06,US,Chicago,pm25,218,10.0,83.0,40.0,932.21
2022-08-06,US,Houston,pm25,91,6.0,60.0,33.0,977.96
2022-08-06,US,Indianapolis,pm25,97,22.0,59.0,43.0,1074.43
2022-08-06,US,Atlanta,pm25,24,23.0,49.0,34.0,484.33
2022-08-06,US,Charlotte,pm25,67,5.0,50.0,22.0,771.92
2022-08-06,US,Sacramento,pm25,62,2.0,42.0,13.0,685.73
2022-08-06,US,Oakland,pm25,90,5.0,42.0,17.0,828.5
2022-08-06,US,Providence,pm25,47,5.0,70.0,25.0,4256.73
2022-08-06,US,Staten Island,pm25,109,1.0,57.0,23.0,1417.2
2022-08-06,US,Brooklyn,pm25,142,2.0,52.0,24.0,1339.18
2022-08-06,US,Springfield,pm25,71,17.0,63.0,37.0,1766.18
2022-08-06,US,The Bronx,pm25,48,2.0,36.0,13.0,832.75
2022-08-06,US,San Jose,pm25,88,5.0,42.0,17.0,612.29
2022-08-06,US,Los Angeles,pm25,24,28.0,76.0,43.0,1138.97
2022-08-06,US,Detroit,pm25,164,19.0,65.0,34.0,935.77
2022-08-06,US,Little Rock,pm25,23,8.0,41.0,21.0,516.64
2022-08-06,US,Baltimore,pm25,45,9.0,43.0,25.0,599.07
2022-08-06,US,Phoenix,pm25,187,1.0,60.0,22.0,1028.18
2022-08-06,US,Omaha,pm25,41,13.0,59.0,46.0,2077.44
2022-08-06,US,El Paso,pm25,163,5.0,72.0,40.0,2151.74
2022-08-06,US,Dallas,pm25,22,9.0,59.0,42.0,1071.36
2022-08-06,US,Seattle,pm25,199,5.0,55.0,25.0,973.91
2022-08-06,US,Manhattan,pm25,69,2.0,52.0,23.0,1211.08
2022-08-06,US,Miami,pm25,90,33.0,60.0,52.0,277.21
2022-08-06,US,Jacksonville,pm25,143,9.0,464.0,28.0,14739.8
2022-08-06,US,San Antonio,pm25,94,13.0,76.0,54.0,1494.96
2022-08-06,US,Philadelphia,pm25,96,4.0,60.0,23.0,1031.56
2022-08-06,US,San Diego,pm25,24,12.0,48.0,20.0,734.49
2022-08-06,US,Columbus,pm25,48,8.0,34.0,23.0,493.46
2022-08-06,US,Saint Paul,pm25,144,9.0,82.0,30.0,1405.44
2022-08-06,US,Denver,pm25,136,9.0,42.0,21.0,431.7
2022-08-06,US,Salt Lake City,pm25,207,2.0,68.0,28.0,1902.9
2022-08-06,US,Albuquerque,pm25,72,14.0,40.0,24.0,280.26
2022-08-06,US,San Francisco,pm25,47,5.0,91.0,21.0,4533.09
2022-08-06,US,Salem,pm25,72,15.0,37.0,20.0,117.36
2022-08-06,US,Madison,pm25,48,29.0,57.0,43.0,719.5
2022-08-06,US,Nashville,pm25,69,5.0,55.0,34.0,1571.94
2022-08-06,US,Tucson,pm25,149,5.0,63.0,17.0,1011.73
2022-08-06,US,Queens,pm25,96,3.0,50.0,25.0,882.79
2022-08-06,US,Tallahassee,pm25,67,5.0,60.0,31.0,1695.55
2022-08-06,US,Fort Worth,pm25,48,21.0,68.0,52.0,1382.73
2022-08-06,RS,Novi Sad,pm25,48,16.0,66.0,35.0,2128.78
2022-08-06,RS,Niš,pm25,48,17.0,68.0,50.0,2315.3
2022-08-06,RS,Belgrade,pm25,96,14.0,75.0,47.0,3305.73
2022-08-06,CY,Nicosia,pm25,24,54.0,94.0,71.0,1639.06
2022-08-06,CY,Limassol,pm25,24,37.0,87.0,75.0,2385.8
2022-08-06,HR,Zagreb,pm25,24,13.0,75.0,38.0,5246.96
2022-08-06,MK,Skopje,pm25,144,11.0,124.0,55.0,5722.33
2022-08-07,GE,Tbilisi,pm25,96,45.0,79.0,51.0,890.91
2022-08-07,HU,Győr,pm25,43,13.0,61.0,34.0,2013.75
2022-08-07,HU,Pécs,pm25,57,17.0,34.0,30.0,329.15
2022-08-07,HU,Kecskemét,pm25,18,13.0,46.0,21.0,748.01
2022-08-07,HU,Miskolc,pm25,89,9.0,59.0,25.0,2492.74
2022-08-07,HU,Budapest,pm25,181,13.0,46.0,17.0,200.71
2022-08-07,JP,Fukuoka,pm25,378,5.0,117.0,21.0,2048.4
2022-08-07,JP,Kanazawa,pm25,236,9.0,57.0,34.0,924.58
2022-08-07,JP,Kumamoto,pm25,283,5.0,273.0,21.0,6632.63
2022-08-07,JP,Akita,pm25,34,21.0,74.0,25.0,1990.27
2022-08-07,JP,Kochi,pm25,48,17.0,76.0,38.0,1627.12
2022-08-07,JP,Gifu-shi,pm25,158,5.0,74.0,34.0,2600.57
2022-08-07,JP,Kyoto,pm25,559,5.0,65.0,30.0,1660.41
2022-08-07,JP,Hiroshima,pm25,317,5.0,72.0,42.0,2534.87
2022-08-07,JP,Shizuoka,pm25,240,5.0,72.0,25.0,1665.55
2022-08-07,JP,Chiba,pm25,726,5.0,142.0,25.0,3096.88
2022-08-07,JP,Sapporo,pm25,191,5.0,76.0,13.0,1226.65
2022-08-07,JP,Yokohama,pm25,544,1.0,74.0,25.0,1699.65
2022-08-07,JP,Tokyo,pm25,2557,5.0,149.0,34.0,2503.4
2022-08-07,JP,Saitama,pm25,497,5.0,76.0,34.0,1878.7
2022-08-07,JP,Naha,pm25,84,5.0,38.0,9.0,1038.26
2022-08-07,JP,Nagasaki,pm25,174,5.0,53.0,17.0,842.56
2022-08-07,JP,Toyama,pm25,190,13.0,70.0,38.0,1193.5
2022-08-07,JP,Niigata,pm25,214,9.0,55.0,38.0,684.2
2022-08-07,JP,Nara-shi,pm25,192,5.0,59.0,30.0,1297.92
2022-08-07,JP,Okayama,pm25,281,17.0,87.0,46.0,1531.58
2022-08-07,JP,Sendai,pm25,463,5.0,63.0,30.0,1471.56
2022-08-07,JP,Osaka,pm25,1428,5.0,107.0,34.0,1648.86
2022-08-07,JP,Miyazaki,pm25,123,5.0,87.0,46.0,3458.19
2022-08-07,JP,Matsuyama,pm25,160,5.0,109.0,42.0,3887.78
2022-08-07,JP,Wakayama,pm25,282,5.0,89.0,34.0,1035.69
2022-08-07,JP,Takamatsu,pm25,240,9.0,61.0,34.0,1544.98
2022-08-07,JP,Nagoya,pm25,768,5.0,91.0,30.0,1967.51
2022-08-07,JP,Ōita,pm25,249,5.0,85.0,34.0,3012.98
2022-08-07,JP,Kobe,pm25,423,5.0,78.0,34.0,1114.41
2022-08-07,JP,Nagano,pm25,72,13.0,89.0,38.0,2347.73
2022-08-07,JP,Utsunomiya,pm25,362,5.0,72.0,34.0,2034.95
2022-08-07,JP,Kagoshima,pm25,90,5.0,46.0,17.0,729.62
2022-08-07,SK,Košice,pm25,95,5.0,169.0,30.0,17196.1
2022-08-07,SK,Bratislava,pm25,91,5.0,65.0,30.0,1681.03
2022-08-07,FI,Vantaa,pm25,22,1.0,45.0,7.0,995.0
2022-08-07,FI,Turku,pm25,24,1.0,17.0,7.0,176.23
2022-08-07,FI,Helsinki,pm25,116,1.0,19.0,6.0,84.37
2022-08-07,FI,Tampere,pm25,95,3.0,66.0,5.0,432.25
2022-08-07,ET,Addis Ababa,pm25,24,30.0,119.0,61.0,5549.55
2022-08-07,CH,Zürich,pm25,16,1.0,2.0,1.0,2.62
2022-08-07,CO,Bogotá,pm25,308,5.0,173.0,26.0,5504.4
2022-08-07,CO,Medellín,pm25,294,17.0,88.0,57.0,1545.36
2022-08-07,DK,Copenhagen,pm25,24,11.0,53.0,35.0,1240.85
2022-08-07,GB,Edinburgh,pm25,266,3.0,34.0,13.0,535.61
2022-08-07,GB,Norwich,pm25,17,25.0,45.0,32.0,506.84
2022-08-07,GB,Liverpool,pm25,42,13.0,46.0,21.0,335.8
2022-08-07,GB,Belfast,pm25,49,17.0,52.0,25.0,546.71
2022-08-07,GB,Coventry,pm25,57,11.0,30.0,19.0,222.49
2022-08-07,GB,Leeds,pm25,43,17.0,50.0,21.0,395.02
2022-08-07,GB,Cardiff,pm25,112,5.0,70.0,21.0,1067.72
2022-08-07,GB,Bristol,pm25,59,25.0,53.0,38.0,844.6
2022-08-07,GB,London,pm25,490,5.0,76.0,38.0,1815.15
2022-08-07,GB,Birmingham,pm25,38,16.0,30.0,21.0,195.9
2022-08-07,GB,Sheffield,pm25,85,9.0,34.0,20.0,260.37
2022-08-07,GB,Newport,pm25,34,9.0,17.0,13.0,50.78
2022-08-07,GB,Leicester,pm25,20,14.0,30.0,21.0,234.61
2022-08-07,GB,Manchester,pm25,81,17.0,32.0,23.0,115.79
2022-08-07,GB,Reading,pm25,46,5.0,42.0,21.0,1000.77
2022-08-07,GB,Plymouth,pm25,37,9.0,27.0,21.0,268.11
2022-08-07,GB,Glasgow,pm25,521,2.0,183.0,19.0,1610.96
2022-08-07,GB,Preston,pm25,43,17.0,40.0,22.0,297.96
2022-08-07,GB,Swansea,pm25,183,5.0,74.0,25.0,1574.57
2022-08-07,GB,Southend-on-Sea,pm25,44,17.0,44.0,29.0,392.66
2022-08-07,ID,Jakarta,pm25,71,57.0,171.0,116.0,11678.8
2022-08-07,NP,Kathmandu,pm25,72,17.0,107.0,55.0,2969.43
2022-08-07,NP,Biratnagar,pm25,24,32.0,77.0,42.0,1147.83
2022-08-07,AU,Sydney,pm25,149,1.0,48.0,15.0,890.9
2022-08-07,AU,Newcastle,pm25,133,2.0,88.0,17.0,2398.91
2022-08-07,AU,Launceston,pm25,106,5.0,134.0,9.0,4496.68
2022-08-07,AU,Hobart,pm25,67,5.0,102.0,21.0,4605.27
2022-08-07,AU,Darwin,pm25,41,4.0,74.0,39.0,2849.3
2022-08-07,AU,Melbourne,pm25,156,1.0,87.0,26.0,3180.72
2022-08-07,AU,Canberra,pm25,62,1.0,95.0,25.0,5736.49
2022-08-07,AU,Adelaide,pm25,86,1.0,63.0,17.0,2218.05
2022-08-07,AU,Brisbane,pm25,211,1.0,78.0,12.0,773.79
2022-08-07,AU,Perth,pm25,61,2.0,29.0,6.0,175.24
2022-08-07,AU,Wollongong,pm25,38,1.0,40.0,15.0,1109.59
2022-08-07,CI,Abidjan,pm25,24,30.0,65.0,42.0,1108.41
2022-08-07,GH,Accra,pm25,24,30.0,102.0,53.0,2970.14
2022-08-07,IQ,Baghdad,pm25,24,163.0,401.0,248.0,44013.0
2022-08-07,IS,Reykjavík,pm25,96,3.0,30.0,13.0,257.52
2022-08-07,KG,Bishkek,pm25,24,53.0,82.0,63.0,539.11
2022-08-07,NL,Utrecht,pm25,47,5.0,51.0,26.0,1219.22
2022-08-07,NL,Nijmegen,pm25,48,5.0,50.0,25.0,1500.92
2022-08-07,NL,Haarlem,pm25,135,1.0,132.0,29.0,3954.54
2022-08-07,NL,Eindhoven,pm25,24,21.0,61.0,45.0,1334.33
2022-08-07,NL,Rotterdam,pm25,192,9.0,74.0,21.0,1011.1
2022-08-07,NL,Amsterdam,pm25,256,1.0,60.0,26.0,1098.67
2022-08-07,NL,Dordrecht,pm25,24,13.0,52.0,21.0,656.94
2022-08-07,NL,Breda,pm25,24,5.0,66.0,24.0,2691.29
2022-08-07,NL,Groningen,pm25,45,6.0,63.0,28.0,1845.37
2022-08-07,NL,Maastricht,pm25,95,9.0,63.0,30.0,1766.69
2022-08-07,NL,The Hague,pm25,70,6.0,48.0,20.0,542.48
2022-08-07,PT,Lisbon,pm25,96,25.0,65.0,48.0,1172.21
2022-08-07,PT,Funchal,pm25,59,1.0,66.0,20.0,6521.62
2022-08-07,CA,Hamilton,pm25,73,9.0,68.0,25.0,1995.56
2022-08-07,CA,Calgary,pm25,92,4.0,52.0,13.0,898.79
2022-08-07,CA,Winnipeg,pm25,20,18.0,39.0,19.0,427.24
2022-08-07,CA,Halifax,pm25,46,21.0,38.0,28.0,243.87
2022-08-07,CA,Kitchener,pm25,47,21.0,57.0,38.0,1139.34
2022-08-07,CA,Edmonton,pm25,117,1.0,48.0,17.0,1051.19
2022-08-07,CA,Mississauga,pm25,67,13.0,50.0,30.0,659.7
2022-08-07,CA,Québec,pm25,171,7.0,56.0,33.0,1263.49
2022-08-07,CA,Vancouver,pm25,22,7.0,61.0,22.0,3467.79
2022-08-07,CA,Victoria,pm25,44,5.0,50.0,25.0,908.27
2022-08-07,CA,Montréal,pm25,386,12.0,82.0,31.0,1335.68
2022-08-07,CA,Toronto,pm25,136,5.0,78.0,25.0,1960.42
2022-08-07,CA,Ottawa,pm25,64,13.0,42.0,29.0,245.39
2022-08-07,CA,London,pm25,39,5.0,63.0,34.0,2991.75
2022-08-07,US,Oklahoma City,pm25,72,25.0,56.0,42.0,793.98
2022-08-07,US,Raleigh,pm25,66,5.0,50.0,21.0,856.68
2022-08-07,US,Memphis,pm25,71,18.0,44.0,25.0,383.53
2022-08-07,US,Jackson,pm25,72,15.0,62.0,27.0,869.92
2022-08-07,US,Boston,pm25,107,13.0,55.0,25.0,1074.31
2022-08-07,US,Richmond,pm25,96,15.0,27.0,20.0,126.55
2022-08-07,US,Portland,pm25,160,16.0,50.0,29.0,467.4
2022-08-07,US,Boise,pm25,47,5.0,102.0,25.0,2649.22
2022-08-07,US,Austin,pm25,45,5.0,68.0,34.0,1789.31
2022-08-07,US,Honolulu,pm25,43,5.0,42.0,17.0,912.07
2022-08-07,US,Fresno,pm25,47,2.0,57.0,26.0,2426.26
2022-08-07,US,Milwaukee,pm25,144,9.0,53.0,15.0,985.02
2022-08-07,US,Hartford,pm25,48,19.0,36.0,29.0,247.64
2022-08-07,US,Washington D.C.,pm25,116,5.0,38.0,19.0,438.43
2022-08-07,US,Chicago,pm25,215,1.0,52.0,24.0,1187.14
2022-08-07,US,Houston,pm25,94,7.0,53.0,36.0,1151.57
2022-08-07,US,Indianapolis,pm25,96,20.0,53.0,33.0,366.58
2022-08-07,US,Atlanta,pm25,24,23.0,41.0,29.0,316.07
2022-08-07,US,Charlotte,pm25,71,5.0,42.0,21.0,538.79
2022-08-07,US,Sacramento,pm25,59,4.0,30.0,13.0,510.36
2022-08-07,US,Oakland,pm25,100,5.0,63.0,17.0,792.66
2022-08-07,US,Providence,pm25,44,5.0,65.0,25.0,2512.15
2022-08-07,US,Staten Island,pm25,118,1.0,52.0,21.0,1714.5
2022-08-07,US,Brooklyn,pm25,137,4.0,55.0,23.0,1075.0
2022-08-07,US,Springfield,pm25,71,8.0,47.0,31.0,695.85
2022-08-07,US,The Bronx,pm25,46,4.0,32.0,14.0,421.18
2022-08-07,US,San Jose,pm25,94,5.0,38.0,17.0,737.75
2022-08-07,US,Los Angeles,pm25,24,37.0,65.0,52.0,435.58
2022-08-07,US,Detroit,pm25,56,27.0,68.0,38.0,1123.52
2022-08-07,US,Little Rock,pm25,23,12.0,45.0,28.0,748.62
2022-08-07,US,Baltimore,pm25,48,9.0,32.0,21.0,318.09
2022-08-07,US,Phoenix,pm25,189,4.0,135.0,22.0,3663.97
2022-08-07,US,Omaha,pm25,24,21.0,57.0,38.0,1236.74
2022-08-07,US,El Paso,pm25,160,5.0,67.0,38.0,2315.22
2022-08-07,US,Dallas,pm25,20,5.0,63.0,25.0,2576.29
2022-08-07,US,Seattle,pm25,197,9.0,61.0,34.0,1296.29
2022-08-07,US,Manhattan,pm25,70,3.0,46.0,20.0,1079.97
2022-08-07,US,Miami,pm25,70,18.0,38.0,28.0,156.68
2022-08-07,US,Jacksonville,pm25,144,25.0,93.0,49.0,1106.11
2022-08-07,US,San Antonio,pm25,93,8.0,76.0,42.0,1997.5
2022-08-07,US,Philadelphia,pm25,92,3.0,51.0,21.0,833.68
2022-08-07,US,San Diego,pm25,24,13.0,54.0,33.0,1853.03
2022-08-07,US,Columbus,pm25,48,12.0,35.0,24.0,267.45
2022-08-07,US,Saint Paul,pm25,138,3.0,33.0,21.0,481.54
2022-08-07,US,Denver,pm25,139,13.0,59.0,21.0,557.36
2022-08-07,US,Salt Lake City,pm25,171,12.0,49.0,25.0,524.11
2022-08-07,US,Albuquerque,pm25,72,13.0,35.0,20.0,244.22
2022-08-07,US,San Francisco,pm25,46,5.0,85.0,25.0,3161.65
2022-08-07,US,Salem,pm25,72,16.0,37.0,27.0,299.52
2022-08-07,US,Madison,pm25,48,10.0,35.0,15.0,219.78
2022-08-07,US,Nashville,pm25,72,5.0,82.0,34.0,1742.52
2022-08-07,US,Tucson,pm25,151,5.0,42.0,13.0,499.57
2022-08-07,US,Queens,pm25,94,1.0,41.0,25.0,801.04
2022-08-07,US,Tallahassee,pm25,71,10.0,67.0,30.0,1971.69
2022-08-07,US,Fort Worth,pm25,45,13.0,52.0,33.0,1125.53
2022-08-07,RS,Novi Sad,pm25,48,21.0,40.0,29.0,280.42
2022-08-07,RS,Niš,pm25,48,28.0,58.0,47.0,685.39
2022-08-07,RS,Belgrade,pm25,106,24.0,66.0,40.0,1081.3
2022-08-07,CY,Nicosia,pm25,24,51.0,80.0,67.0,491.72
2022-08-07,CY,Limassol,pm25,24,43.0,58.0,54.0,160.8
2022-08-07,HR,Zagreb,pm25,24,20.0,42.0,33.0,287.75
2022-08-07,MK,Skopje,pm25,144,12.0,81.0,46.0,3720.54
2022-08-08,GE,Tbilisi,pm25,96,45.0,92.0,53.0,2248.54
2022-08-08,HU,Győr,pm25,46,5.0,76.0,38.0,3710.88
2022-08-08,HU,Pécs,pm25,63,17.0,30.0,21.0,159.58
2022-08-08,HU,Kecskemét,pm25,19,13.0,34.0,21.0,553.16
2022-08-08,HU,Miskolc,pm25,118,13.0,59.0,34.0,1749.98
2022-08-08,HU,Budapest,pm25,203,13.0,53.0,25.0,763.08
2022-08-08,JP,Fukuoka,pm25,364,5.0,93.0,17.0,2118.79
2022-08-08,JP,Kanazawa,pm25,235,5.0,74.0,42.0,1321.78
2022-08-08,JP,Kumamoto,pm25,278,5.0,95.0,17.0,2428.77
2022-08-08,JP,Akita,pm25,36,5.0,78.0,38.0,3111.52
2022-08-08,JP,Kochi,pm25,48,25.0,72.0,53.0,1158.51
2022-08-08,JP,Gifu-shi,pm25,157,5.0,82.0,42.0,2756.61
2022-08-08,JP,Kyoto,pm25,557,13.0,89.0,55.0,2415.92
2022-08-08,JP,Hiroshima,pm25,310,5.0,80.0,42.0,2080.11
2022-08-08,JP,Shizuoka,pm25,251,5.0,82.0,30.0,2400.7
2022-08-08,JP,Chiba,pm25,723,5.0,117.0,42.0,2658.9
2022-08-08,JP,Sapporo,pm25,182,5.0,85.0,25.0,2977.71
2022-08-08,JP,Yokohama,pm25,536,1.0,68.0,38.0,1625.5
2022-08-08,JP,Tokyo,pm25,2509,1.0,132.0,38.0,1498.78
2022-08-08,JP,Saitama,pm25,488,13.0,70.0,38.0,667.74
2022-08-08,JP,Naha,pm25,95,5.0,42.0,13.0,989.45
2022-08-08,JP,Nagasaki,pm25,157,5.0,55.0,13.0,708.84
2022-08-08,JP,Toyama,pm25,190,5.0,147.0,46.0,2535.76
2022-08-08,JP,Niigata,pm25,212,21.0,65.0,46.0,589.43
2022-08-08,JP,Nara-shi,pm25,182,9.0,91.0,50.0,4301.06
2022-08-08,JP,Okayama,pm25,283,13.0,74.0,50.0,1563.94
2022-08-08,JP,Sendai,pm25,470,13.0,76.0,42.0,2134.65
2022-08-08,JP,Osaka,pm25,1440,5.0,315.0,50.0,3630.46
2022-08-08,JP,Miyazaki,pm25,124,5.0,91.0,50.0,2924.86
2022-08-08,JP,Matsuyama,pm25,155,5.0,80.0,42.0,2940.04
2022-08-08,JP,Wakayama,pm25,280,5.0,107.0,53.0,4536.26
2022-08-08,JP,Takamatsu,pm25,239,13.0,72.0,46.0,1479.2
2022-08-08,JP,Nagoya,pm25,774,5.0,93.0,38.0,2394.38
2022-08-08,JP,Ōita,pm25,245,5.0,78.0,38.0,3258.19
2022-08-08,JP,Kobe,pm25,415,9.0,124.0,53.0,2502.14
2022-08-08,JP,Nagano,pm25,71,13.0,78.0,42.0,1683.28
2022-08-08,JP,Utsunomiya,pm25,393,21.0,68.0,46.0,869.45
2022-08-08,JP,Kagoshima,pm25,86,5.0,42.0,13.0,619.34
2022-08-08,SK,Košice,pm25,96,9.0,134.0,46.0,8885.12
2022-08-08,SK,Bratislava,pm25,95,9.0,78.0,34.0,1703.93
2022-08-08,FI,Vantaa,pm25,23,8.0,40.0,23.0,668.58
2022-08-08,FI,Turku,pm25,20,5.0,31.0,10.0,679.24
2022-08-08,FI,Helsinki,pm25,120,8.0,81.0,13.0,954.59
2022-08-08,FI,Tampere,pm25,96,3.0,31.0,10.0,257.0
2022-08-08,ET,Addis Ababa,pm25,24,17.0,61.0,42.0,1958.68
2022-08-08,CH,Zürich,pm25,17,1.0,3.0,2.0,4.04
2022-08-08,CO,Bogotá,pm25,320,5.0,155.0,34.0,8052.23
2022-08-08,CO,Medellín,pm25,236,17.0,65.0,50.0,1313.9
2022-08-08,DK,Copenhagen,pm25,24,19.0,59.0,44.0,1116.74
2022-08-08,GB,Edinburgh,pm25,260,9.0,40.0,20.0,150.12
2022-08-08,GB,Norwich,pm25,11,17.0,47.0,35.0,1209.64
2022-08-08,GB,Liverpool,pm25,29,21.0,59.0,34.0,1130.42
2022-08-08,GB,Belfast,pm25,54,15.0,133.0,27.0,2721.29
2022-08-08,GB,Coventry,pm25,63,17.0,30.0,21.0,115.76
2022-08-08,GB,Leeds,pm25,38,21.0,50.0,27.0,335.56
2022-08-08,GB,Cardiff,pm25,117,5.0,70.0,34.0,2406.7
2022-08-08,GB,Bristol,pm25,65,17.0,59.0,46.0,1190.38
2022-08-08,GB,London,pm25,491,5.0,82.0,33.0,1653.32
2022-08-08,GB,Birmingham,pm25,44,22.0,44.0,27.0,449.87
2022-08-08,GB,Sheffield,pm25,61,15.0,38.0,18.0,182.43
2022-08-08,GB,Newport,pm25,44,13.0,27.0,17.0,122.03
2022-08-08,GB,Leicester,pm25,20,17.0,33.0,23.0,129.89
2022-08-08,GB,Manchester,pm25,78,17.0,49.0,30.0,467.63
2022-08-08,GB,Reading,pm25,44,5.0,42.0,17.0,802.22
2022-08-08,GB,Plymouth,pm25,44,9.0,41.0,19.0,716.25
2022-08-08,GB,Glasgow,pm25,519,12.0,38.0,19.0,138.71
2022-08-08,GB,Preston,pm25,44,13.0,52.0,30.0,461.52
2022-08-08,GB,Swansea,pm25,186,5.0,87.0,30.0,3193.95
2022-08-08,GB,Southend-on-Sea,pm25,40,16.0,53.0,32.0,1038.46
2022-08-08,ID,Jakarta,pm25,69,42.0,125.0,87.0,3727.23
2022-08-08,NP,Kathmandu,pm25,69,5.0,154.0,50.0,3790.38
2022-08-08,NP,Biratnagar,pm25,24,17.0,56.0,44.0,1604.93
2022-08-08,AU,Sydney,pm25,147,1.0,79.0,13.0,1217.58
2022-08-08,AU,Newcastle,pm25,131,1.0,66.0,13.0,759.98
2022-08-08,AU,Launceston,pm25,134,5.0,166.0,21.0,15140.7
2022-08-08,AU,Hobart,pm25,64,5.0,91.0,25.0,4800.18
2022-08-08,AU,Darwin,pm25,60,3.0,155.0,36.0,4424.19
2022-08-08,AU,Melbourne,pm25,158,1.0,90.0,32.0,4676.96
2022-08-08,AU,Canberra,pm25,65,1.0,74.0,30.0,3662.59
2022-08-08,AU,Adelaide,pm25,88,4.0,65.0,21.0,2106.83
2022-08-08,AU,Brisbane,pm25,159,2.0,32.0,12.0,274.27
2022-08-08,AU,Perth,pm25,67,2.0,12.0,5.0,63.14
2022-08-08,AU,Wollongong,pm25,32,1.0,36.0,11.0,732.89
2022-08-08,CI,Abidjan,pm25,24,34.0,74.0,50.0,874.49
2022-08-08,GH,Accra,pm25,24,34.0,82.0,42.0,2097.1
2022-08-08,IQ,Baghdad,pm25,24,114.0,345.0,186.0,52304.6
2022-08-08,IS,Reykjavík,pm25,96,4.0,30.0,15.0,278.95
2022-08-08,KG,Bishkek,pm25,24,46.0,74.0,59.0,291.23
2022-08-08,NL,Utrecht,pm25,48,3.0,51.0,24.0,1234.47
2022-08-08,NL,Nijmegen,pm25,44,8.0,55.0,30.0,1445.39
2022-08-08,NL,Haarlem,pm25,131,1.0,89.0,25.0,3044.49
2022-08-08,NL,Eindhoven,pm25,24,28.0,69.0,53.0,1245.8
2022-08-08,NL,Rotterdam,pm25,190,11.0,67.0,22.0,827.03
2022-08-08,NL,Amsterdam,pm25,245,2.0,69.0,21.0,1203.16
2022-08-08,NL,Dordrecht,pm25,24,9.0,64.0,26.0,1474.13
2022-08-08,NL,Breda,pm25,24,8.0,105.0,36.0,4773.32
2022-08-08,NL,Groningen,pm25,46,6.0,58.0,23.0,1350.65
2022-08-08,NL,Maastricht,pm25,88,5.0,61.0,30.0,2111.57
2022-08-08,NL,The Hague,pm25,72,2.0,45.0,18.0,523.59
2022-08-08,PT,Lisbon,pm25,87,16.0,75.0,53.0,1935.9
2022-08-08,PT,Funchal,pm25,53,1.0,66.0,15.0,3822.18
2022-08-08,CA,Hamilton,pm25,80,5.0,46.0,21.0,753.8
2022-08-08,CA,Calgary,pm25,89,9.0,72.0,26.0,1893.05
2022-08-08,CA,Winnipeg,pm25,24,18.0,30.0,25.0,174.62
2022-08-08,CA,Halifax,pm25,46,13.0,40.0,26.0,362.77
2022-08-08,CA,Kitchener,pm25,41,9.0,42.0,25.0,703.38
2022-08-08,CA,Edmonton,pm25,115,2.0,35.0,16.0,515.98
2022-08-08,CA,Mississauga,pm25,65,5.0,55.0,21.0,1590.84
2022-08-08,CA,Québec,pm25,136,7.0,31.0,16.0,219.27
2022-08-08,CA,Vancouver,pm25,22,14.0,53.0,26.0,1496.56
2022-08-08,CA,Victoria,pm25,41,5.0,82.0,30.0,1977.88
2022-08-08,CA,Montréal,pm25,345,3.0,30.0,12.0,422.91
2022-08-08,CA,Toronto,pm25,117,5.0,42.0,25.0,573.64
2022-08-08,CA,Ottawa,pm25,61,5.0,18.0,12.0,135.73
2022-08-08,CA,London,pm25,41,5.0,53.0,21.0,978.44
2022-08-08,US,Oklahoma City,pm25,72,25.0,53.0,41.0,599.97
2022-08-08,US,Raleigh,pm25,66,5.0,59.0,27.0,1124.61
2022-08-08,US,Memphis,pm25,70,16.0,56.0,32.0,498.46
2022-08-08,US,Jackson,pm25,72,17.0,64.0,27.0,967.98
2022-08-08,US,Boston,pm25,104,21.0,78.0,30.0,1000.18
2022-08-08,US,Richmond,pm25,96,18.0,28.0,22.0,65.71
2022-08-08,US,Portland,pm25,166,17.0,50.0,27.0,582.27
2022-08-08,US,Boise,pm25,45,12.0,54.0,31.0,1198.18
2022-08-08,US,Austin,pm25,45,5.0,59.0,30.0,2155.98
2022-08-08,US,Honolulu,pm25,42,5.0,30.0,17.0,429.55
2022-08-08,US,Fresno,pm25,45,3.0,39.0,18.0,908.4
2022-08-08,US,Milwaukee,pm25,144,2.0,38.0,15.0,472.88
2022-08-08,US,Hartford,pm25,47,22.0,35.0,28.0,116.71
2022-08-08,US,Washington D.C.,pm25,112,5.0,53.0,20.0,682.66
2022-08-08,US,Chicago,pm25,228,1.0,90.0,18.0,1403.2
2022-08-08,US,Houston,pm25,95,5.0,56.0,31.0,1257.79
2022-08-08,US,Indianapolis,pm25,108,7.0,56.0,35.0,1066.63
2022-08-08,US,Atlanta,pm25,24,25.0,45.0,32.0,263.46
2022-08-08,US,Charlotte,pm25,71,5.0,50.0,25.0,718.49
2022-08-08,US,Sacramento,pm25,63,1.0,25.0,9.0,406.2
2022-08-08,US,Oakland,pm25,98,5.0,46.0,17.0,835.86
2022-08-08,US,Providence,pm25,44,5.0,46.0,25.0,1651.26
2022-08-08,US,Staten Island,pm25,115,4.0,53.0,24.0,1608.17
2022-08-08,US,Brooklyn,pm25,144,3.0,59.0,28.0,1487.69
2022-08-08,US,Springfield,pm25,72,6.0,44.0,30.0,994.01
2022-08-08,US,The Bronx,pm25,48,6.0,59.0,24.0,1768.72
2022-08-08,US,San Jose,pm25,87,5.0,46.0,17.0,690.92
2022-08-08,US,Los Angeles,pm25,24,45.0,70.0,57.0,267.37
2022-08-08,US,Detroit,pm25,69,14.0,60.0,30.0,1418.03
2022-08-08,US,Little Rock,pm25,24,15.0,61.0,31.0,1354.78
2022-08-08,US,Baltimore,pm25,41,5.0,35.0,24.0,665.1
2022-08-08,US,Phoenix,pm25,180,1.0,38.0,16.0,575.85
2022-08-08,US,Omaha,pm25,20,5.0,30.0,13.0,476.29
2022-08-08,US,El Paso,pm25,157,5.0,57.0,30.0,1682.25
2022-08-08,US,Dallas,pm25,22,17.0,99.0,30.0,4431.1
2022-08-08,US,Seattle,pm25,191,9.0,68.0,34.0,2475.74
2022-08-08,US,Manhattan,pm25,69,8.0,57.0,22.0,1555.76
2022-08-08,US,Miami,pm25,85,16.0,51.0,27.0,373.47
2022-08-08,US,Jacksonville,pm25,144,8.0,53.0,24.0,501.44
2022-08-08,US,San Antonio,pm25,91,4.0,62.0,34.0,2710.68
2022-08-08,US,Philadelphia,pm25,68,10.0,63.0,26.0,1861.16
2022-08-08,US,San Diego,pm25,24,16.0,64.0,34.0,1196.5
2022-08-08,US,Columbus,pm25,48,9.0,51.0,26.0,902.76
2022-08-08,US,Saint Paul,pm25,131,4.0,63.0,19.0,938.36
2022-08-08,US,Denver,pm25,134,5.0,187.0,17.0,2652.5
2022-08-08,US,Salt Lake City,pm25,214,17.0,62.0,32.0,880.76
2022-08-08,US,Albuquerque,pm25,72,15.0,38.0,25.0,310.49
2022-08-08,US,San Francisco,pm25,54,5.0,42.0,21.0,725.97
2022-08-08,US,Salem,pm25,72,11.0,29.0,17.0,166.04
2022-08-08,US,Madison,pm25,48,8.0,40.0,14.0,432.75
2022-08-08,US,Nashville,pm25,69,5.0,61.0,35.0,1296.36
2022-08-08,US,Tucson,pm25,139,5.0,34.0,13.0,526.58
2022-08-08,US,Queens,pm25,95,4.0,49.0,25.0,1066.35
2022-08-08,US,Tallahassee,pm25,70,3.0,59.0,30.0,1658.54
2022-08-08,US,Fort Worth,pm25,44,5.0,57.0,30.0,1865.01
2022-08-08,RS,Novi Sad,pm25,48,16.0,58.0,24.0,1102.98
2022-08-08,RS,Niš,pm25,48,16.0,53.0,34.0,973.93
2022-08-08,RS,Belgrade,pm25,120,12.0,61.0,34.0,1405.19
2022-08-08,CY,Nicosia,pm25,22,44.0,68.0,56.0,319.42
2022-08-08,CY,Limassol,pm25,24,35.0,65.0,49.0,698.68
2022-08-08,HR,Zagreb,pm25,24,18.0,32.0,27.0,136.07
2022-08-08,MK,Skopje,pm25,161,7.0,96.0,34.0,3526.28
2022-08-09,GE,Tbilisi,pm25,96,48.0,89.0,54.0,1763.51
2022-08-09,HU,Győr,pm25,36,17.0,72.0,25.0,2940.83
2022-08-09,HU,Pécs,pm25,56,21.0,50.0,46.0,729.97
2022-08-09,HU,Kecskemét,pm25,22,17.0,55.0,38.0,1044.94
2022-08-09,HU,Miskolc,pm25,118,17.0,65.0,38.0,1982.95
2022-08-09,HU,Budapest,pm25,249,13.0,59.0,30.0,968.08
2022-08-09,JP,Fukuoka,pm25,354,5.0,87.0,17.0,1905.81
2022-08-09,JP,Kanazawa,pm25,237,9.0,78.0,50.0,1587.09
2022-08-09,JP,Kumamoto,pm25,273,5.0,99.0,21.0,2680.83
2022-08-09,JP,Akita,pm25,37,5.0,68.0,42.0,1680.77
2022-08-09,JP,Kochi,pm25,48,25.0,89.0,63.0,1658.36
2022-08-09,JP,Gifu-shi,pm25,165,17.0,95.0,63.0,1727.75
2022-08-09,JP,Kyoto,pm25,570,5.0,104.0,68.0,1431.21
2022-08-09,JP,Hiroshima,pm25,328,5.0,87.0,46.0,2271.35
2022-08-09,JP,Shizuoka,pm25,246,5.0,78.0,38.0,2486.66
2022-08-09,JP,Chiba,pm25,701,5.0,102.0,38.0,2470.66
2022-08-09,JP,Sapporo,pm25,179,5.0,151.0,21.0,2679.39
2022-08-09,JP,Yokohama,pm25,537,1.0,74.0,38.0,1794.55
2022-08-09,JP,Tokyo,pm25,2457,1.0,134.0,46.0,1226.44
2022-08-09,JP,Saitama,pm25,500,13.0,85.0,50.0,776.47
2022-08-09,JP,Naha,pm25,109,5.0,34.0,13.0,719.51
2022-08-09,JP,Nagasaki,pm25,153,5.0,50.0,13.0,722.52
2022-08-09,JP,Toyama,pm25,192,21.0,82.0,53.0,1504.81
2022-08-09,JP,Niigata,pm25,208,13.0,74.0,50.0,1251.54
2022-08-09,JP,Nara-shi,pm25,187,42.0,82.0,65.0,781.58
2022-08-09,JP,Okayama,pm25,280,17.0,132.0,61.0,4591.32
2022-08-09,JP,Sendai,pm25,464,21.0,74.0,50.0,1068.21
2022-08-09,JP,Osaka,pm25,1445,5.0,124.0,57.0,1488.35
2022-08-09,JP,Miyazaki,pm25,131,5.0,134.0,53.0,3909.28
2022-08-09,JP,Matsuyama,pm25,155,5.0,109.0,55.0,3876.82
2022-08-09,JP,Wakayama,pm25,261,13.0,99.0,53.0,890.33
2022-08-09,JP,Takamatsu,pm25,239,25.0,95.0,59.0,1835.09
2022-08-09,JP,Nagoya,pm25,785,5.0,129.0,61.0,1948.55
2022-08-09,JP,Ōita,pm25,258,5.0,97.0,55.0,5109.63
2022-08-09,JP,Kobe,pm25,428,17.0,122.0,50.0,2006.07
2022-08-09,JP,Nagano,pm25,70,17.0,173.0,50.0,6045.34
2022-08-09,JP,Utsunomiya,pm25,354,21.0,78.0,53.0,1101.14
2022-08-09,JP,Kagoshima,pm25,93,5.0,72.0,21.0,3440.47
2022-08-09,SK,Košice,pm25,96,21.0,160.0,42.0,10207.6
2022-08-09,SK,Bratislava,pm25,93,5.0,97.0,38.0,4112.1
2022-08-09,FI,Vantaa,pm25,24,6.0,32.0,20.0,579.55
2022-08-09,FI,Turku,pm25,24,4.0,24.0,10.0,193.89
2022-08-09,FI,Helsinki,pm25,120,7.0,40.0,16.0,556.33
2022-08-09,FI,Tampere,pm25,96,5.0,34.0,12.0,379.72
2022-08-09,ET,Addis Ababa,pm25,24,21.0,99.0,68.0,5606.3
2022-08-09,CH,Zürich,pm25,12,1.0,3.0,2.0,5.15
2022-08-09,CO,Bogotá,pm25,327,5.0,122.0,34.0,5366.8
2022-08-09,CO,Medellín,pm25,234,30.0,85.0,55.0,1460.0
2022-08-09,DK,Copenhagen,pm25,24,18.0,54.0,32.0,899.93
2022-08-09,GB,Edinburgh,pm25,257,10.0,50.0,16.0,174.08
2022-08-09,GB,Norwich,pm25,17,17.0,35.0,23.0,231.91
2022-08-09,GB,Liverpool,pm25,28,18.0,70.0,38.0,2247.66
2022-08-09,GB,Belfast,pm25,56,19.0,33.0,25.0,115.27
2022-08-09,GB,Coventry,pm25,55,20.0,51.0,30.0,403.21
2022-08-09,GB,Leeds,pm25,33,21.0,42.0,26.0,247.58
2022-08-09,GB,Cardiff,pm25,120,5.0,70.0,34.0,2167.22
2022-08-09,GB,Bristol,pm25,59,30.0,63.0,50.0,903.59
2022-08-09,GB,London,pm25,436,3.0,80.0,29.0,1302.24
2022-08-09,GB,Birmingham,pm25,44,24.0,54.0,35.0,494.78
2022-08-09,GB,Sheffield,pm25,57,17.0,51.0,21.0,540.48
2022-08-09,GB,Newport,pm25,43,17.0,27.0,21.0,77.26
2022-08-09,GB,Leicester,pm25,19,23.0,43.0,27.0,294.97
2022-08-09,GB,Manchester,pm25,73,12.0,51.0,29.0,382.28
2022-08-09,GB,Reading,pm25,45,5.0,42.0,17.0,925.86
2022-08-09,GB,Plymouth,pm25,36,9.0,42.0,21.0,655.97
2022-08-09,GB,Glasgow,pm25,526,10.0,44.0,18.0,200.54
2022-08-09,GB,Preston,pm25,36,14.0,46.0,30.0,656.29
2022-08-09,GB,Swansea,pm25,188,5.0,132.0,38.0,3620.84
2022-08-09,GB,Southend-on-Sea,pm25,43,15.0,37.0,23.0,335.69
2022-08-09,ID,Jakarta,pm25,70,59.0,156.0,86.0,4178.23
2022-08-09,NP,Kathmandu,pm25,66,9.0,83.0,40.0,3039.27
2022-08-09,NP,Biratnagar,pm25,24,14.0,60.0,21.0,949.28
2022-08-09,AU,Sydney,pm25,146,1.0,39.0,13.0,683.42
2022-08-09,AU,Newcastle,pm25,107,1.0,38.0,14.0,697.62
2022-08-09,AU,Launceston,pm25,160,5.0,205.0,38.0,25792.6
2022-08-09,AU,Hobart,pm25,66,5.0,82.0,21.0,3664.24
2022-08-09,AU,Darwin,pm25,69,4.0,118.0,32.0,3032.79
2022-08-09,AU,Melbourne,pm25,167,5.0,89.0,41.0,2122.16
2022-08-09,AU,Canberra,pm25,67,1.0,87.0,23.0,4622.19
2022-08-09,AU,Adelaide,pm25,84,1.0,129.0,17.0,3245.9
2022-08-09,AU,Brisbane,pm25,152,1.0,84.0,19.0,1352.9
2022-08-09,AU,Perth,pm25,62,2.0,13.0,5.0,85.49
2022-08-09,AU,Wollongong,pm25,35,1.0,64.0,9.0,1475.04
2022-08-09,CI,Abidjan,pm25,24,9.0,65.0,53.0,2009.55
2022-08-09,GH,Accra,pm25,24,17.0,76.0,46.0,2769.49
2022-08-09,IQ,Baghdad,pm25,24,104.0,183.0,152.0,3879.55
2022-08-09,IS,Reykjavík,pm25,96,2.0,14.0,10.0,88.1
2022-08-09,KG,Bishkek,pm25,24,50.0,78.0,59.0,661.45
2022-08-09,NL,Utrecht,pm25,41,1.0,51.0,20.0,1108.11
2022-08-09,NL,Nijmegen,pm25,45,1.0,52.0,21.0,1540.27
2022-08-09,NL,Haarlem,pm25,120,2.0,76.0,19.0,1870.36
2022-08-09,NL,Eindhoven,pm25,24,13.0,54.0,46.0,1297.23
2022-08-09,NL,Rotterdam,pm25,192,3.0,54.0,16.0,703.81
2022-08-09,NL,Amsterdam,pm25,243,1.0,67.0,18.0,1098.07
2022-08-09,NL,Dordrecht,pm25,23,1.0,25.0,13.0,326.32
2022-08-09,NL,Breda,pm25,22,7.0,53.0,25.0,1853.7
2022-08-09,NL,Groningen,pm25,46,4.0,67.0,22.0,1495.48
2022-08-09,NL,Maastricht,pm25,93,5.0,68.0,30.0,1220.86
2022-08-09,NL,The Hague,pm25,65,2.0,36.0,17.0,381.95
2022-08-09,PT,Lisbon,pm25,96,44.0,81.0,58.0,515.29
2022-08-09,PT,Funchal,pm25,65,1.0,51.0,23.0,1193.82
2022-08-09,CA,Hamilton,pm25,65,5.0,34.0,9.0,384.82
2022-08-09,CA,Calgary,pm25,92,15.0,55.0,29.0,1032.96
2022-08-09,CA,Winnipeg,pm25,24,19.0,28.0,23.0,111.14
2022-08-09,CA,Halifax,pm25,46,5.0,22.0,13.0,144.64
2022-08-09,CA,Kitchener,pm25,24,5.0,17.0,9.0,180.58
2022-08-09,CA,Edmonton,pm25,115,4.0,51.0,20.0,913.67
2022-08-09,CA,Mississauga,pm25,22,5.0,21.0,9.0,205.37
2022-08-09,CA,Québec,pm25,156,5.0,29.0,14.0,264.77
2022-08-09,CA,Vancouver,pm25,10,13.0,85.0,22.0,5208.44
2022-08-09,CA,Victoria,pm25,42,5.0,46.0,30.0,1110.24
2022-08-09,CA,Montréal,pm25,348,3.0,33.0,15.0,510.87
2022-08-09,CA,Toronto,pm25,69,5.0,99.0,9.0,3660.2
2022-08-09,CA,Ottawa,pm25,51,5.0,31.0,16.0,581.61
2022-08-09,CA,London,pm25,15,5.0,17.0,9.0,111.24
2022-08-09,US,Oklahoma City,pm25,64,19.0,50.0,33.0,875.15
2022-08-09,US,Raleigh,pm25,68,13.0,55.0,31.0,865.26
2022-08-09,US,Memphis,pm25,71,12.0,46.0,25.0,522.47
2022-08-09,US,Jackson,pm25,72,15.0,55.0,29.0,736.31
2022-08-09,US,Boston,pm25,111,9.0,76.0,30.0,1088.8
2022-08-09,US,Richmond,pm25,96,20.0,38.0,29.0,114.42
2022-08-09,US,Portland,pm25,167,17.0,55.0,33.0,817.24
2022-08-09,US,Boise,pm25,48,9.0,63.0,29.0,1511.91
2022-08-09,US,Austin,pm25,42,9.0,50.0,21.0,1631.68
2022-08-09,US,Honolulu,pm25,44,5.0,46.0,17.0,702.05
2022-08-09,US,Fresno,pm25,35,6.0,100.0,18.0,6580.2
2022-08-09,US,Milwaukee,pm25,144,8.0,42.0,17.0,279.37
2022-08-09,US,Hartford,pm25,48,14.0,43.0,32.0,688.93
2022-08-09,US,Washington D.C.,pm25,116,5.0,50.0,25.0,617.74
2022-08-09,US,Chicago,pm25,224,2.0,43.0,12.0,382.22
2022-08-09,US,Houston,pm25,95,1.0,63.0,29.0,1500.09
2022-08-09,US,Indianapolis,pm25,117,1.0,50.0,19.0,609.51
2022-08-09,US,Atlanta,pm25,24,22.0,43.0,31.0,375.2
2022-08-09,US,Charlotte,pm25,72,5.0,42.0,25.0,509.3
2022-08-09,US,Sacramento,pm25,66,2.0,30.0,13.0,413.41
2022-08-09,US,Oakland,pm25,113,5.0,38.0,13.0,530.2
2022-08-09,US,Providence,pm25,42,5.0,57.0,38.0,2004.0
2022-08-09,US,Staten Island,pm25,120,5.0,59.0,33.0,1593.86
2022-08-09,US,Brooklyn,pm25,140,9.0,56.0,34.0,1396.64
2022-08-09,US,Springfield,pm25,69,2.0,48.0,17.0,522.47
2022-08-09,US,The Bronx,pm25,46,13.0,55.0,31.0,1261.87
2022-08-09,US,San Jose,pm25,87,5.0,42.0,21.0,662.09
2022-08-09,US,Los Angeles,pm25,21,26.0,66.0,53.0,962.62
2022-08-09,US,Detroit,pm25,167,10.0,50.0,22.0,799.26
2022-08-09,US,Little Rock,pm25,24,15.0,41.0,32.0,526.5
2022-08-09,US,Baltimore,pm25,45,5.0,51.0,28.0,1735.45
2022-08-09,US,Phoenix,pm25,187,1.0,55.0,22.0,938.62
2022-08-09,US,Omaha,pm25,24,13.0,53.0,25.0,894.76
2022-08-09,US,El Paso,pm25,145,5.0,65.0,30.0,2573.96
2022-08-09,US,Dallas,pm25,23,5.0,78.0,21.0,3176.32
2022-08-09,US,Seattle,pm25,211,5.0,63.0,34.0,1290.23
2022-08-09,US,Manhattan,pm25,66,5.0,65.0,34.0,1327.99
2022-08-09,US,Miami,pm25,92,36.0,102.0,84.0,2456.92
2022-08-09,US,Jacksonville,pm25,140,7.0,90.0,29.0,3243.92
2022-08-09,US,San Antonio,pm25,83,3.0,58.0,25.0,1960.52
2022-08-09,US,Philadelphia,pm25,95,7.0,128.0,33.0,2847.96
2022-08-09,US,San Diego,pm25,24,17.0,70.0,39.0,1669.49
2022-08-09,US,Columbus,pm25,46,3.0,52.0,21.0,1033.76
2022-08-09,US,Saint Paul,pm25,135,13.0,76.0,37.0,1157.31
2022-08-09,US,Denver,pm25,114,5.0,50.0,21.0,711.68
2022-08-09,US,Salt Lake City,pm25,216,13.0,68.0,30.0,687.21
2022-08-09,US,Albuquerque,pm25,70,19.0,44.0,27.0,306.23
2022-08-09,US,San Francisco,pm25,70,5.0,97.0,21.0,3004.32
2022-08-09,US,Salem,pm25,72,13.0,49.0,27.0,712.39
2022-08-09,US,Madison,pm25,48,11.0,32.0,16.0,301.06
2022-08-09,US,Nashville,pm25,71,5.0,57.0,28.0,1282.83
2022-08-09,US,Tucson,pm25,136,5.0,63.0,13.0,665.54
2022-08-09,US,Queens,pm25,91,2.0,47.0,33.0,1010.24
2022-08-09,US,Tallahassee,pm25,66,3.0,57.0,21.0,1173.22
2022-08-09,US,Fort Worth,pm25,45,9.0,53.0,32.0,1148.16
2022-08-09,RS,Novi Sad,pm25,48,34.0,56.0,45.0,385.51
2022-08-09,RS,Niš,pm25,48,32.0,78.0,51.0,1857.09
2022-08-09,RS,Belgrade,pm25,120,11.0,72.0,53.0,1739.32
2022-08-09,CY,Nicosia,pm25,22,53.0,72.0,63.0,244.68
2022-08-09,CY,Limassol,pm25,24,45.0,75.0,58.0,494.76
2022-08-09,HR,Zagreb,pm25,24,20.0,43.0,28.0,662.45
2022-08-09,MK,Skopje,pm25,157,11.0,90.0,38.0,3684.81
2022-08-10,GE,Tbilisi,pm25,96,41.0,85.0,50.0,1356.35
2022-08-10,HU,Győr,pm25,48,13.0,63.0,38.0,1833.17
2022-08-10,HU,Pécs,pm25,63,9.0,46.0,17.0,840.88
2022-08-10,HU,Kecskemét,pm25,16,13.0,25.0,17.0,122.0
2022-08-10,HU,Miskolc,pm25,103,13.0,61.0,30.0,2148.84
2022-08-10,HU,Budapest,pm25,245,9.0,53.0,17.0,424.41
2022-08-10,JP,Fukuoka,pm25,377,5.0,109.0,30.0,3802.07
2022-08-10,JP,Kanazawa,pm25,239,9.0,78.0,59.0,1005.84
2022-08-10,JP,Kumamoto,pm25,318,5.0,104.0,46.0,6388.79
2022-08-10,JP,Akita,pm25,41,9.0,80.0,50.0,3634.45
2022-08-10,JP,Kochi,pm25,47,25.0,78.0,50.0,2041.14
2022-08-10,JP,Gifu-shi,pm25,161,9.0,157.0,46.0,3298.9
2022-08-10,JP,Kyoto,pm25,568,13.0,74.0,46.0,1623.52
2022-08-10,JP,Hiroshima,pm25,331,5.0,93.0,57.0,2692.54
2022-08-10,JP,Shizuoka,pm25,245,5.0,374.0,25.0,7730.77
2022-08-10,JP,Chiba,pm25,594,5.0,109.0,25.0,2322.82
2022-08-10,JP,Sapporo,pm25,181,5.0,99.0,21.0,1939.2
2022-08-10,JP,Yokohama,pm25,533,1.0,59.0,25.0,1199.24
2022-08-10,JP,Tokyo,pm25,2455,1.0,129.0,30.0,1289.39
2022-08-10,JP,Saitama,pm25,480,9.0,70.0,34.0,1174.31
2022-08-10,JP,Naha,pm25,144,30.0,104.0,55.0,4421.84
2022-08-10,JP,Nagasaki,pm25,175,5.0,76.0,25.0,2867.94
2022-08-10,JP,Toyama,pm25,192,30.0,97.0,61.0,968.51
2022-08-10,JP,Niigata,pm25,212,25.0,85.0,53.0,1348.65
2022-08-10,JP,Nara-shi,pm25,181,5.0,300.0,42.0,7130.97
2022-08-10,JP,Okayama,pm25,282,25.0,104.0,65.0,1834.0
2022-08-10,JP,Sendai,pm25,460,5.0,74.0,53.0,1221.57
2022-08-10,JP,Osaka,pm25,1393,5.0,97.0,34.0,2147.48
2022-08-10,JP,Miyazaki,pm25,143,9.0,99.0,57.0,3146.86
2022-08-10,JP,Matsuyama,pm25,160,5.0,91.0,53.0,2725.69
2022-08-10,JP,Wakayama,pm25,249,5.0,80.0,30.0,2082.11
2022-08-10,JP,Takamatsu,pm25,237,5.0,95.0,57.0,2386.81
2022-08-10,JP,Nagoya,pm25,771,5.0,97.0,34.0,2684.94
2022-08-10,JP,Ōita,pm25,263,5.0,109.0,61.0,3499.62
2022-08-10,JP,Kobe,pm25,421,5.0,124.0,38.0,2551.94
2022-08-10,JP,Nagano,pm25,70,13.0,99.0,55.0,3771.56
2022-08-10,JP,Utsunomiya,pm25,370,9.0,70.0,46.0,1366.13
2022-08-10,JP,Kagoshima,pm25,94,9.0,93.0,50.0,2488.08
2022-08-10,SK,Košice,pm25,94,9.0,158.0,38.0,11248.1
2022-08-10,SK,Bratislava,pm25,92,9.0,74.0,34.0,2321.35
2022-08-10,FI,Vantaa,pm25,17,5.0,36.0,20.0,1089.93
2022-08-10,FI,Turku,pm25,24,10.0,21.0,14.0,113.46
2022-08-10,FI,Helsinki,pm25,120,5.0,35.0,13.0,283.32
2022-08-10,FI,Tampere,pm25,96,9.0,36.0,14.0,155.66
2022-08-10,ET,Addis Ababa,pm25,24,25.0,142.0,74.0,5853.04
2022-08-10,CH,Zürich,pm25,14,1.0,2.0,2.0,2.47
2022-08-10,CO,Bogotá,pm25,324,5.0,124.0,33.0,4719.43
2022-08-10,CO,Medellín,pm25,251,21.0,117.0,57.0,3026.67
2022-08-10,DK,Copenhagen,pm25,24,20.0,53.0,30.0,805.15
2022-08-10,GB,Edinburgh,pm25,248,6.0,197.0,19.0,3185.67
2022-08-10,GB,Norwich,pm25,17,17.0,28.0,24.0,153.6
2022-08-10,GB,Liverpool,pm25,40,17.0,70.0,40.0,2038.87
2022-08-10,GB,Belfast,pm25,23,12.0,30.0,21.0,251.19
2022-08-10,GB,Coventry,pm25,42,21.0,31.0,25.0,79.35
2022-08-10,GB,Leeds,pm25,45,25.0,68.0,38.0,972.0
2022-08-10,GB,Cardiff,pm25,117,9.0,61.0,46.0,1722.08
2022-08-10,GB,Bristol,pm25,57,34.0,61.0,46.0,694.44
2022-08-10,GB,London,pm25,412,1.0,79.0,28.0,1383.47
2022-08-10,GB,Birmingham,pm25,28,29.0,53.0,35.0,287.67
2022-08-10,GB,Sheffield,pm25,47,21.0,43.0,25.0,197.53
2022-08-10,GB,Newport,pm25,32,15.0,30.0,21.0,165.77
2022-08-10,GB,Leicester,pm25,16,17.0,38.0,25.0,208.0
2022-08-10,GB,Manchester,pm25,75,25.0,58.0,38.0,418.84
2022-08-10,GB,Reading,pm25,45,5.0,34.0,9.0,729.31
2022-08-10,GB,Plymouth,pm25,33,21.0,53.0,25.0,830.62
2022-08-10,GB,Glasgow,pm25,539,6.0,43.0,20.0,468.82
2022-08-10,GB,Preston,pm25,43,25.0,54.0,37.0,598.71
2022-08-10,GB,Swansea,pm25,189,5.0,147.0,42.0,2735.96
2022-08-10,GB,Southend-on-Sea,pm25,43,21.0,55.0,25.0,368.96
2022-08-10,ID,Jakarta,pm25,71,63.0,164.0,112.0,9713.59
2022-08-10,NP,Kathmandu,pm25,68,5.0,74.0,46.0,3068.67
2022-08-10,NP,Biratnagar,pm25,24,8.0,52.0,20.0,956.07
2022-08-10,AU,Sydney,pm25,142,1.0,51.0,12.0,1092.17
2022-08-10,AU,Newcastle,pm25,123,1.0,69.0,14.0,1981.64
2022-08-10,AU,Launceston,pm25,151,5.0,185.0,34.0,29237.9
2022-08-10,AU,Hobart,pm25,65,5.0,139.0,21.0,4804.46
2022-08-10,AU,Darwin,pm25,70,5.0,68.0,40.0,1703.76
2022-08-10,AU,Melbourne,pm25,165,2.0,76.0,37.0,4485.55
2022-08-10,AU,Canberra,pm25,67,1.0,87.0,22.0,3774.89
2022-08-10,AU,Adelaide,pm25,78,2.0,25.0,13.0,313.12
2022-08-10,AU,Brisbane,pm25,216,2.0,52.0,20.0,948.33
2022-08-10,AU,Perth,pm25,78,2.0,35.0,7.0,452.93
2022-08-10,AU,Wollongong,pm25,35,2.0,71.0,18.0,2423.23
2022-08-10,CI,Abidjan,pm25,24,30.0,68.0,53.0,1283.46
2022-08-10,GH,Accra,pm25,24,30.0,132.0,53.0,5144.33
2022-08-10,IQ,Baghdad,pm25,24,76.0,710.0,169.0,414515.0
2022-08-10,IS,Reykjavík,pm25,96,7.0,20.0,11.0,88.26
2022-08-10,KG,Bishkek,pm25,24,42.0,72.0,63.0,643.9
2022-08-10,NL,Utrecht,pm25,48,4.0,57.0,25.0,1601.45
2022-08-10,NL,Nijmegen,pm25,45,3.0,47.0,23.0,1196.55
2022-08-10,NL,Haarlem,pm25,125,1.0,107.0,29.0,3262.03
2022-08-10,NL,Eindhoven,pm25,21,24.0,83.0,49.0,2120.33
2022-08-10,NL,Rotterdam,pm25,189,1.0,59.0,20.0,611.55
2022-08-10,NL,Amsterdam,pm25,255,1.0,75.0,20.0,1713.56
2022-08-10,NL,Dordrecht,pm25,24,1.0,30.0,17.0,813.32
2022-08-10,NL,Breda,pm25,24,12.0,54.0,26.0,1115.49
2022-08-10,NL,Groningen,pm25,48,3.0,60.0,25.0,1211.49
2022-08-10,NL,Maastricht,pm25,96,9.0,68.0,42.0,868.84
2022-08-10,NL,The Hague,pm25,69,4.0,60.0,19.0,830.29
2022-08-10,PT,Lisbon,pm25,95,18.0,66.0,43.0,1111.71
2022-08-10,PT,Funchal,pm25,65,5.0,48.0,27.0,1094.87
2022-08-10,CA,Hamilton,pm25,83,5.0,57.0,13.0,1064.25
2022-08-10,CA,Calgary,pm25,92,18.0,112.0,53.0,2510.08
2022-08-10,CA,Winnipeg,pm25,18,18.0,27.0,21.0,88.89
2022-08-10,CA,Halifax,pm25,46,7.0,22.0,13.0,96.76
2022-08-10,CA,Kitchener,pm25,38,9.0,30.0,13.0,520.26
2022-08-10,CA,Edmonton,pm25,120,3.0,66.0,23.0,1751.59
2022-08-10,CA,Mississauga,pm25,63,5.0,68.0,13.0,1441.13
2022-08-10,CA,Québec,pm25,173,5.0,47.0,20.0,752.16
2022-08-10,CA,Vancouver,pm25,18,17.0,51.0,28.0,1468.79
2022-08-10,CA,Victoria,pm25,38,5.0,42.0,21.0,702.99
2022-08-10,CA,Montréal,pm25,357,6.0,41.0,18.0,458.64
2022-08-10,CA,Toronto,pm25,117,5.0,59.0,17.0,1014.5
2022-08-10,CA,Ottawa,pm25,47,5.0,31.0,20.0,660.29
2022-08-10,CA,London,pm25,43,5.0,38.0,13.0,631.07
2022-08-10,US,Oklahoma City,pm25,58,19.0,52.0,33.0,878.4
2022-08-10,US,Raleigh,pm25,71,9.0,61.0,35.0,1034.84
2022-08-10,US,Memphis,pm25,72,16.0,43.0,24.0,298.09
2022-08-10,US,Jackson,pm25,72,13.0,45.0,26.0,558.28
2022-08-10,US,Boston,pm25,114,9.0,72.0,21.0,440.62
2022-08-10,US,Richmond,pm25,96,16.0,45.0,32.0,562.55
2022-08-10,US,Portland,pm25,168,5.0,35.0,20.0,480.9
2022-08-10,US,Boise,pm25,47,5.0,49.0,20.0,939.51
2022-08-10,US,Austin,pm25,42,5.0,70.0,25.0,2866.6
2022-08-10,US,Honolulu,pm25,44,5.0,38.0,17.0,861.33
2022-08-10,US,Fresno,pm25,48,1.0,68.0,19.0,2105.63
2022-08-10,US,Milwaukee,pm25,138,17.0,50.0,28.0,535.22
2022-08-10,US,Hartford,pm25,48,15.0,26.0,18.0,56.7
2022-08-10,US,Washington D.C.,pm25,113,5.0,57.0,24.0,1192.92
2022-08-10,US,Chicago,pm25,221,10.0,84.0,30.0,1223.77
2022-08-10,US,Houston,pm25,86,1.0,159.0,32.0,5923.85
2022-08-10,US,Indianapolis,pm25,119,15.0,56.0,28.0,550.42
2022-08-10,US,Atlanta,pm25,24,14.0,39.0,26.0,306.88
2022-08-10,US,Charlotte,pm25,72,9.0,55.0,21.0,901.17
2022-08-10,US,Sacramento,pm25,55,1.0,46.0,13.0,785.86
2022-08-10,US,Oakland,pm25,111,5.0,38.0,17.0,585.81
2022-08-10,US,Providence,pm25,40,5.0,53.0,17.0,1754.33
2022-08-10,US,Staten Island,pm25,111,2.0,50.0,23.0,1014.15
2022-08-10,US,Brooklyn,pm25,115,1.0,49.0,21.0,1189.17
2022-08-10,US,Springfield,pm25,71,5.0,64.0,20.0,1151.14
2022-08-10,US,The Bronx,pm25,36,1.0,39.0,8.0,1309.36
2022-08-10,US,San Jose,pm25,85,5.0,38.0,17.0,595.55
2022-08-10,US,Los Angeles,pm25,24,43.0,68.0,54.0,471.72
2022-08-10,US,Detroit,pm25,166,18.0,100.0,37.0,2205.91
2022-08-10,US,Little Rock,pm25,23,19.0,54.0,36.0,1242.69
2022-08-10,US,Baltimore,pm25,41,5.0,46.0,28.0,1075.98
2022-08-10,US,Phoenix,pm25,181,1.0,53.0,19.0,902.98
2022-08-10,US,Omaha,pm25,24,5.0,63.0,34.0,2348.53
2022-08-10,US,El Paso,pm25,132,2.0,59.0,25.0,1906.03
2022-08-10,US,Dallas,pm25,24,13.0,53.0,34.0,889.55
2022-08-10,US,Seattle,pm25,205,5.0,63.0,24.0,1363.59
2022-08-10,US,Manhattan,pm25,52,1.0,44.0,13.0,1103.63
2022-08-10,US,Miami,pm25,94,43.0,63.0,54.0,137.79
2022-08-10,US,Jacksonville,pm25,141,38.0,111.0,70.0,2552.13
2022-08-10,US,San Antonio,pm25,88,5.0,73.0,38.0,3045.24
2022-08-10,US,Philadelphia,pm25,94,1.0,54.0,26.0,841.45
2022-08-10,US,San Diego,pm25,24,20.0,58.0,43.0,864.57
2022-08-10,US,Columbus,pm25,48,13.0,43.0,26.0,415.32
2022-08-10,US,Saint Paul,pm25,133,5.0,61.0,25.0,1153.73
2022-08-10,US,Denver,pm25,118,9.0,53.0,25.0,680.06
2022-08-10,US,Salt Lake City,pm25,216,11.0,55.0,27.0,740.41
2022-08-10,US,Albuquerque,pm25,72,16.0,39.0,23.0,310.63
2022-08-10,US,San Francisco,pm25,65,5.0,57.0,21.0,1164.51
2022-08-10,US,Salem,pm25,72,9.0,28.0,15.0,175.12
2022-08-10,US,Madison,pm25,48,15.0,30.0,23.0,211.42
2022-08-10,US,Nashville,pm25,72,5.0,46.0,27.0,1017.96
2022-08-10,US,Tucson,pm25,141,5.0,53.0,13.0,715.74
2022-08-10,US,Queens,pm25,86,1.0,45.0,19.0,1136.38
2022-08-10,US,Tallahassee,pm25,68,11.0,72.0,32.0,2742.37
2022-08-10,US,Fort Worth,pm25,46,5.0,58.0,34.0,2100.66
2022-08-10,RS,Novi Sad,pm25,48,12.0,58.0,31.0,1598.15
2022-08-10,RS,Niš,pm25,48,43.0,80.0,59.0,867.23
2022-08-10,RS,Belgrade,pm25,120,13.0,69.0,30.0,2868.53
2022-08-10,CY,Nicosia,pm25,24,56.0,76.0,67.0,273.84
2022-08-10,CY,Limassol,pm25,24,52.0,65.0,57.0,157.23
2022-08-10,HR,Zagreb,pm25,24,18.0,55.0,23.0,1004.06
2022-08-10,MK,Skopje,pm25,168,3.0,111.0,52.0,4385.31
2022-08-11,GE,Tbilisi,pm25,96,45.0,73.0,55.0,637.04
2022-08-11,HU,Győr,pm25,48,5.0,55.0,30.0,2463.19
2022-08-11,HU,Pécs,pm25,50,9.0,17.0,13.0,52.51
2022-08-11,HU,Kecskemét,pm25,35,9.0,21.0,13.0,108.1
2022-08-11,HU,Miskolc,pm25,105,13.0,63.0,25.0,1973.32
2022-08-11,HU,Budapest,pm25,211,9.0,50.0,17.0,862.86
2022-08-11,JP,Fukuoka,pm25,375,5.0,104.0,21.0,2104.36
2022-08-11,JP,Kanazawa,pm25,233,5.0,70.0,34.0,2420.07
2022-08-11,JP,Kumamoto,pm25,329,5.0,109.0,34.0,3288.96
2022-08-11,JP,Akita,pm25,45,5.0,78.0,34.0,3593.16
2022-08-11,JP,Kochi,pm25,44,5.0,57.0,25.0,1704.62
2022-08-11,JP,Gifu-shi,pm25,148,5.0,74.0,21.0,2771.27
2022-08-11,JP,Kyoto,pm25,562,5.0,65.0,30.0,1528.03
2022-08-11,JP,Hiroshima,pm25,309,5.0,87.0,42.0,2962.13
2022-08-11,JP,Shizuoka,pm25,214,5.0,68.0,17.0,1674.68
2022-08-11,JP,Chiba,pm25,670,5.0,127.0,21.0,2636.16
2022-08-11,JP,Sapporo,pm25,181,5.0,112.0,17.0,2386.24
2022-08-11,JP,Yokohama,pm25,526,1.0,68.0,17.0,893.04
2022-08-11,JP,Tokyo,pm25,2437,1.0,109.0,21.0,1091.33
2022-08-11,JP,Saitama,pm25,480,5.0,55.0,21.0,573.28
2022-08-11,JP,Naha,pm25,144,13.0,76.0,53.0,1879.92
2022-08-11,JP,Nagasaki,pm25,160,5.0,65.0,13.0,870.09
2022-08-11,JP,Toyama,pm25,187,5.0,104.0,42.0,3385.54
2022-08-11,JP,Niigata,pm25,210,17.0,76.0,57.0,1824.5
2022-08-11,JP,Nara-shi,pm25,178,5.0,55.0,25.0,960.7
2022-08-11,JP,Okayama,pm25,288,17.0,87.0,50.0,1534.46
2022-08-11,JP,Sendai,pm25,459,9.0,74.0,50.0,1734.26
2022-08-11,JP,Osaka,pm25,1354,5.0,107.0,21.0,1502.56
2022-08-11,JP,Miyazaki,pm25,142,17.0,127.0,61.0,3294.84
2022-08-11,JP,Matsuyama,pm25,154,5.0,80.0,34.0,2664.68
2022-08-11,JP,Wakayama,pm25,254,5.0,89.0,17.0,1451.61
2022-08-11,JP,Takamatsu,pm25,238,5.0,78.0,42.0,2222.42
2022-08-11,JP,Nagoya,pm25,720,5.0,76.0,17.0,920.92
2022-08-11,JP,Ōita,pm25,264,13.0,132.0,63.0,3730.29
2022-08-11,JP,Kobe,pm25,412,5.0,63.0,21.0,1006.12
2022-08-11,JP,Nagano,pm25,64,5.0,72.0,38.0,2890.99
2022-08-11,JP,Utsunomiya,pm25,411,5.0,87.0,21.0,1613.11
2022-08-11,JP,Kagoshima,pm25,89,13.0,91.0,38.0,3244.56
2022-08-11,SK,Košice,pm25,93,9.0,172.0,34.0,14506.6
2022-08-11,SK,Bratislava,pm25,95,5.0,89.0,25.0,2910.14
2022-08-11,FI,Vantaa,pm25,24,6.0,59.0,24.0,1495.87
2022-08-11,FI,Turku,pm25,24,12.0,32.0,18.0,279.11
2022-08-11,FI,Helsinki,pm25,120,11.0,31.0,19.0,227.05
2022-08-11,FI,Tampere,pm25,96,13.0,27.0,18.0,76.52
2022-08-11,ET,Addis Ababa,pm25,24,21.0,137.0,72.0,9085.2
2022-08-11,CH,Zürich,pm25,19,1.0,3.0,2.0,2.11
2022-08-11,CO,Bogotá,pm25,324,5.0,169.0,30.0,6298.89
2022-08-11,CO,Medellín,pm25,266,21.0,109.0,57.0,2328.61
2022-08-11,DK,Copenhagen,pm25,24,10.0,163.0,38.0,8398.19
2022-08-11,GB,Edinburgh,pm25,262,4.0,176.0,19.0,14589.1
2022-08-11,GB,Norwich,pm25,17,22.0,35.0,27.0,117.65
2022-08-11,GB,Liverpool,pm25,39,18.0,76.0,53.0,2131.55
2022-08-11,GB,Belfast,pm25,46,21.0,40.0,27.0,211.52
2022-08-11,GB,Coventry,pm25,53,17.0,32.0,21.0,145.16
2022-08-11,GB,Leeds,pm25,36,21.0,76.0,46.0,1001.8
2022-08-11,GB,Cardiff,pm25,119,9.0,65.0,34.0,2169.93
2022-08-11,GB,Bristol,pm25,67,21.0,65.0,42.0,954.79
2022-08-11,GB,London,pm25,429,3.0,159.0,40.0,2367.67
2022-08-11,GB,Birmingham,pm25,29,19.0,55.0,30.0,922.93
2022-08-11,GB,Sheffield,pm25,55,17.0,35.0,25.0,189.71
2022-08-11,GB,Newport,pm25,43,9.0,32.0,21.0,355.24
2022-08-11,GB,Leicester,pm25,18,17.0,33.0,23.0,236.63
2022-08-11,GB,Manchester,pm25,72,31.0,76.0,46.0,686.52
2022-08-11,GB,Reading,pm25,46,13.0,50.0,30.0,921.43
2022-08-11,GB,Plymouth,pm25,45,21.0,55.0,38.0,906.74
2022-08-11,GB,Glasgow,pm25,567,7.0,136.0,19.0,836.93
2022-08-11,GB,Preston,pm25,41,31.0,64.0,41.0,350.05
2022-08-11,GB,Swansea,pm25,163,13.0,82.0,42.0,2172.95
2022-08-11,GB,Southend-on-Sea,pm25,43,24.0,62.0,38.0,817.81
2022-08-11,ID,Jakarta,pm25,70,78.0,161.0,110.0,7522.59
2022-08-11,NP,Kathmandu,pm25,72,5.0,99.0,50.0,2989.19
2022-08-11,NP,Biratnagar,pm25,24,8.0,67.0,19.0,1395.36
2022-08-11,AU,Sydney,pm25,164,1.0,70.0,30.0,2605.24
2022-08-11,AU,Newcastle,pm25,140,2.0,56.0,24.0,1978.03
2022-08-11,AU,Launceston,pm25,148,5.0,163.0,21.0,17277.1
2022-08-11,AU,Hobart,pm25,68,5.0,122.0,25.0,4715.19
2022-08-11,AU,Darwin,pm25,72,8.0,60.0,38.0,1568.51
2022-08-11,AU,Melbourne,pm25,143,1.0,50.0,14.0,970.72
2022-08-11,AU,Canberra,pm25,69,8.0,109.0,44.0,4508.33
2022-08-11,AU,Adelaide,pm25,74,5.0,30.0,13.0,362.25
2022-08-11,AU,Brisbane,pm25,213,1.0,104.0,21.0,1760.28
2022-08-11,AU,Perth,pm25,75,2.0,47.0,9.0,671.54
2022-08-11,AU,Wollongong,pm25,36,5.0,44.0,16.0,1006.35
2022-08-11,CI,Abidjan,pm25,24,42.0,78.0,59.0,1051.88
2022-08-11,GH,Accra,pm25,24,46.0,87.0,65.0,1341.96
2022-08-11,IQ,Baghdad,pm25,24,109.0,195.0,160.0,6504.93
2022-08-11,IS,Reykjavík,pm25,96,4.0,36.0,11.0,427.67
2022-08-11,KG,Bishkek,pm25,24,55.0,87.0,63.0,642.61
2022-08-11,NL,Utrecht,pm25,48,7.0,159.0,32.0,4860.69
2022-08-11,NL,Nijmegen,pm25,46,7.0,56.0,33.0,1043.39
2022-08-11,NL,Haarlem,pm25,120,1.0,110.0,33.0,3409.02
2022-08-11,NL,Eindhoven,pm25,24,12.0,79.0,55.0,2419.11
2022-08-11,NL,Rotterdam,pm25,191,3.0,72.0,30.0,683.72
2022-08-11,NL,Amsterdam,pm25,261,2.0,78.0,29.0,1480.89
2022-08-11,NL,Dordrecht,pm25,24,13.0,53.0,34.0,1305.2
2022-08-11,NL,Breda,pm25,24,25.0,67.0,39.0,1326.67
2022-08-11,NL,Groningen,pm25,47,7.0,63.0,29.0,1700.92
2022-08-11,NL,Maastricht,pm25,95,17.0,68.0,42.0,1150.8
2022-08-11,NL,The Hague,pm25,72,5.0,42.0,28.0,671.31
2022-08-11,PT,Lisbon,pm25,96,14.0,60.0,39.0,1262.1
2022-08-11,PT,Funchal,pm25,66,3.0,45.0,25.0,1292.91
2022-08-11,CA,Hamilton,pm25,83,5.0,50.0,17.0,1186.76
2022-08-11,CA,Calgary,pm25,90,19.0,76.0,52.0,2263.2
2022-08-11,CA,Winnipeg,pm25,24,19.0,25.0,20.0,33.46
2022-08-11,CA,Halifax,pm25,46,4.0,22.0,11.0,157.16
2022-08-11,CA,Kitchener,pm25,40,5.0,57.0,13.0,1957.72
2022-08-11,CA,Edmonton,pm25,133,1.0,77.0,43.0,1933.34
2022-08-11,CA,Mississauga,pm25,64,5.0,139.0,13.0,4522.06
2022-08-11,CA,Québec,pm25,173,7.0,55.0,27.0,927.99
2022-08-11,CA,Vancouver,pm25,23,11.0,36.0,16.0,497.67
2022-08-11,CA,Victoria,pm25,42,5.0,53.0,21.0,1472.2
2022-08-11,CA,Montréal,pm25,353,3.0,56.0,22.0,887.02
2022-08-11,CA,Toronto,pm25,128,5.0,65.0,17.0,1780.67
2022-08-11,CA,Ottawa,pm25,68,5.0,30.0,18.0,381.38
2022-08-11,CA,London,pm25,40,9.0,65.0,17.0,2314.61
2022-08-11,US,Oklahoma City,pm25,82,22.0,54.0,33.0,695.57
2022-08-11,US,Raleigh,pm25,67,9.0,59.0,27.0,1259.74
2022-08-11,US,Memphis,pm25,69,12.0,55.0,25.0,825.39
2022-08-11,US,Jackson,pm25,72,17.0,43.0,26.0,342.22
2022-08-11,US,Boston,pm25,122,9.0,65.0,30.0,620.0
2022-08-11,US,Richmond,pm25,96,22.0,40.0,29.0,199.54
2022-08-11,US,Portland,pm25,168,9.0,49.0,25.0,721.81
2022-08-11,US,Boise,pm25,47,3.0,52.0,21.0,1463.46
2022-08-11,US,Austin,pm25,46,5.0,53.0,21.0,1852.99
2022-08-11,US,Honolulu,pm25,44,5.0,34.0,17.0,692.74
2022-08-11,US,Fresno,pm25,47,4.0,76.0,26.0,2749.1
2022-08-11,US,Milwaukee,pm25,141,12.0,46.0,18.0,432.59
2022-08-11,US,Hartford,pm25,48,18.0,32.0,25.0,122.55
2022-08-11,US,Washington D.C.,pm25,112,5.0,46.0,25.0,681.82
2022-08-11,US,Chicago,pm25,214,2.0,52.0,18.0,1268.44
2022-08-11,US,Houston,pm25,87,2.0,103.0,31.0,2570.9
2022-08-11,US,Indianapolis,pm25,120,15.0,124.0,40.0,2364.16
2022-08-11,US,Atlanta,pm25,24,23.0,42.0,37.0,279.06
2022-08-11,US,Charlotte,pm25,69,5.0,53.0,25.0,863.08
2022-08-11,US,Sacramento,pm25,63,2.0,57.0,13.0,972.65
2022-08-11,US,Oakland,pm25,104,5.0,46.0,13.0,720.01
2022-08-11,US,Providence,pm25,29,5.0,42.0,21.0,1248.3
2022-08-11,US,Staten Island,pm25,106,5.0,66.0,38.0,1948.34
2022-08-11,US,Brooklyn,pm25,132,1.0,120.0,32.0,2949.3
2022-08-11,US,Springfield,pm25,71,3.0,64.0,28.0,1358.09
2022-08-11,US,The Bronx,pm25,41,2.0,120.0,26.0,4193.49
2022-08-11,US,San Jose,pm25,89,5.0,50.0,17.0,913.87
2022-08-11,US,Los Angeles,pm25,45,18.0,66.0,43.0,1680.64
2022-08-11,US,Detroit,pm25,166,13.0,58.0,24.0,982.72
2022-08-11,US,Little Rock,pm25,24,18.0,49.0,30.0,833.62
2022-08-11,US,Baltimore,pm25,45,5.0,40.0,25.0,984.37
2022-08-11,US,Phoenix,pm25,188,1.0,43.0,16.0,721.31
2022-08-11,US,Omaha,pm25,24,5.0,61.0,30.0,2532.17
2022-08-11,US,El Paso,pm25,142,5.0,57.0,21.0,965.65
2022-08-11,US,Dallas,pm25,22,17.0,72.0,30.0,2029.46
2022-08-11,US,Seattle,pm25,225,5.0,107.0,25.0,1532.6
2022-08-11,US,Manhattan,pm25,70,1.0,55.0,21.0,2703.01
2022-08-11,US,Miami,pm25,93,20.0,59.0,33.0,1390.83
2022-08-11,US,Jacksonville,pm25,143,25.0,96.0,54.0,1370.52
2022-08-11,US,San Antonio,pm25,86,1.0,76.0,27.0,2533.13
2022-08-11,US,Philadelphia,pm25,94,1.0,61.0,29.0,1354.24
2022-08-11,US,San Diego,pm25,17,22.0,48.0,37.0,536.91
2022-08-11,US,Columbus,pm25,48,14.0,47.0,27.0,571.91
2022-08-11,US,Saint Paul,pm25,134,5.0,34.0,22.0,383.59
2022-08-11,US,Denver,pm25,142,5.0,53.0,21.0,841.78
2022-08-11,US,Salt Lake City,pm25,216,8.0,51.0,21.0,583.42
2022-08-11,US,Albuquerque,pm25,72,9.0,36.0,19.0,253.79
2022-08-11,US,San Francisco,pm25,61,5.0,46.0,17.0,735.16
2022-08-11,US,Salem,pm25,72,9.0,36.0,20.0,632.1
2022-08-11,US,Madison,pm25,48,17.0,45.0,21.0,340.41
2022-08-11,US,Nashville,pm25,71,5.0,57.0,30.0,1022.07
2022-08-11,US,Tucson,pm25,150,5.0,34.0,17.0,518.44
2022-08-11,US,Queens,pm25,89,2.0,55.0,34.0,1394.95
2022-08-11,US,Tallahassee,pm25,72,7.0,69.0,36.0,1856.14
2022-08-11,US,Fort Worth,pm25,47,5.0,68.0,38.0,2489.27
2022-08-11,RS,Novi Sad,pm25,48,9.0,59.0,24.0,1201.13
2022-08-11,RS,Niš,pm25,48,15.0,61.0,51.0,1868.49
2022-08-11,RS,Belgrade,pm25,120,12.0,69.0,31.0,1350.75
2022-08-11,CY,Nicosia,pm25,24,43.0,78.0,68.0,823.41
2022-08-11,CY,Limassol,pm25,24,48.0,68.0,56.0,181.72
2022-08-11,HR,Zagreb,pm25,24,14.0,59.0,33.0,2878.68
2022-08-11,MK,Skopje,pm25,126,1.0,87.0,30.0,4776.51
2022-08-12,GE,Tbilisi,pm25,96,55.0,89.0,58.0,1116.35
2022-08-12,HU,Győr,pm25,46,13.0,89.0,21.0,2738.32
2022-08-12,HU,Pécs,pm25,66,13.0,34.0,21.0,472.61
2022-08-12,HU,Kecskemét,pm25,36,17.0,30.0,21.0,186.92
2022-08-12,HU,Miskolc,pm25,97,13.0,63.0,30.0,2127.09
2022-08-12,HU,Budapest,pm25,158,5.0,46.0,17.0,366.41
2022-08-12,JP,Fukuoka,pm25,387,5.0,91.0,25.0,1489.52
2022-08-12,JP,Kanazawa,pm25,232,5.0,57.0,25.0,1252.59
2022-08-12,JP,Kumamoto,pm25,303,5.0,70.0,25.0,1530.32
2022-08-12,JP,Akita,pm25,41,5.0,59.0,34.0,2141.51
2022-08-12,JP,Kochi,pm25,47,5.0,42.0,17.0,884.7
2022-08-12,JP,Gifu-shi,pm25,144,5.0,63.0,21.0,1871.99
2022-08-12,JP,Kyoto,pm25,540,5.0,55.0,25.0,1195.02
2022-08-12,JP,Hiroshima,pm25,291,5.0,82.0,38.0,2416.86
2022-08-12,JP,Shizuoka,pm25,215,5.0,117.0,13.0,1869.29
2022-08-12,JP,Chiba,pm25,709,5.0,97.0,30.0,2547.45
2022-08-12,JP,Sapporo,pm25,184,5.0,93.0,21.0,1913.41
2022-08-12,JP,Yokohama,pm25,534,1.0,61.0,25.0,1582.99
2022-08-12,JP,Tokyo,pm25,2497,1.0,89.0,30.0,1431.85
2022-08-12,JP,Saitama,pm25,451,5.0,53.0,21.0,1109.81
2022-08-12,JP,Naha,pm25,130,5.0,55.0,13.0,1463.4
2022-08-12,JP,Nagasaki,pm25,176,5.0,57.0,21.0,1319.96
2022-08-12,JP,Toyama,pm25,177,5.0,72.0,30.0,2395.6
2022-08-12,JP,Niigata,pm25,214,13.0,59.0,38.0,926.7
2022-08-12,JP,Nara-shi,pm25,178,5.0,50.0,21.0,878.3
2022-08-12,JP,Okayama,pm25,286,21.0,80.0,53.0,1105.3
2022-08-12,JP,Sendai,pm25,474,9.0,68.0,34.0,1511.92
2022-08-12,JP,Osaka,pm25,1340,5.0,85.0,21.0,1077.54
2022-08-12,JP,Miyazaki,pm25,123,5.0,102.0,55.0,3487.88
2022-08-12,JP,Matsuyama,pm25,156,5.0,78.0,38.0,2898.98
2022-08-12,JP,Wakayama,pm25,260,5.0,72.0,17.0,1173.26
2022-08-12,JP,Takamatsu,pm25,240,9.0,76.0,42.0,2083.71
2022-08-12,JP,Nagoya,pm25,697,1.0,78.0,17.0,780.09
2022-08-12,JP,Ōita,pm25,258,5.0,95.0,50.0,2916.58
2022-08-12,JP,Kobe,pm25,403,5.0,76.0,21.0,950.35
2022-08-12,JP,Nagano,pm25,51,5.0,237.0,13.0,12895.8
2022-08-12,JP,Utsunomiya,pm25,418,5.0,59.0,21.0,1140.08
2022-08-12,JP,Kagoshima,pm25,87,5.0,70.0,21.0,1422.87
2022-08-12,SK,Košice,pm25,96,9.0,134.0,46.0,6448.26
2022-08-12,SK,Bratislava,pm25,93,5.0,102.0,21.0,3310.09
2022-08-12,FI,Vantaa,pm25,24,23.0,38.0,30.0,189.55
2022-08-12,FI,Turku,pm25,24,7.0,30.0,24.0,349.49
2022-08-12,FI,Helsinki,pm25,120,16.0,46.0,25.0,460.64
2022-08-12,FI,Tampere,pm25,96,10.0,30.0,17.0,337.4
2022-08-12,ET,Addis Ababa,pm25,24,25.0,168.0,70.0,27468.9
2022-08-12,CH,Zürich,pm25,19,1.0,3.0,2.0,3.16
2022-08-12,CO,Bogotá,pm25,332,5.0,155.0,68.0,6217.84
2022-08-12,CO,Medellín,pm25,327,34.0,120.0,66.0,2392.66
2022-08-12,DK,Copenhagen,pm25,24,5.0,68.0,38.0,3434.62
2022-08-12,GB,Edinburgh,pm25,260,15.0,128.0,35.0,2138.14
2022-08-12,GB,Norwich,pm25,24,24.0,41.0,29.0,172.39
2022-08-12,GB,Liverpool,pm25,41,15.0,70.0,50.0,1834.0
2022-08-12,GB,Belfast,pm25,45,20.0,46.0,25.0,694.98
2022-08-12,GB,Coventry,pm25,72,21.0,44.0,30.0,141.12
2022-08-12,GB,Leeds,pm25,35,34.0,61.0,46.0,464.34
2022-08-12,GB,Cardiff,pm25,120,5.0,87.0,50.0,1938.12
2022-08-12,GB,Bristol,pm25,71,34.0,70.0,50.0,627.36
2022-08-12,GB,London,pm25,471,8.0,83.0,43.0,1357.69
2022-08-12,GB,Birmingham,pm25,47,30.0,54.0,36.0,293.9
2022-08-12,GB,Sheffield,pm25,68,21.0,59.0,30.0,1260.22
2022-08-12,GB,Newport,pm25,43,20.0,47.0,34.0,636.31
2022-08-12,GB,Leicester,pm25,19,25.0,46.0,31.0,477.84
2022-08-12,GB,Manchester,pm25,76,26.0,60.0,37.0,443.26
2022-08-12,GB,Reading,pm25,48,17.0,55.0,38.0,986.38
2022-08-12,GB,Plymouth,pm25,40,38.0,69.0,51.0,580.9
2022-08-12,GB,Glasgow,pm25,572,5.0,101.0,26.0,1596.9
2022-08-12,GB,Preston,pm25,38,24.0,55.0,38.0,655.77
2022-08-12,GB,Swansea,pm25,156,5.0,99.0,50.0,3312.47
2022-08-12,GB,Southend-on-Sea,pm25,44,31.0,68.0,45.0,536.91
2022-08-12,ID,Jakarta,pm25,71,55.0,153.0,93.0,9134.25
2022-08-12,NP,Kathmandu,pm25,70,5.0,70.0,50.0,2607.8
2022-08-12,NP,Biratnagar,pm25,24,20.0,171.0,54.0,12967.7
2022-08-12,AU,Sydney,pm25,157,2.0,45.0,16.0,740.27
2022-08-12,AU,Newcastle,pm25,143,5.0,57.0,23.0,1231.67
2022-08-12,AU,Launceston,pm25,163,5.0,188.0,21.0,14692.9
2022-08-12,AU,Hobart,pm25,69,5.0,82.0,21.0,3862.83
2022-08-12,AU,Darwin,pm25,70,4.0,66.0,37.0,2490.31
2022-08-12,AU,Melbourne,pm25,155,1.0,69.0,15.0,2383.0
2022-08-12,AU,Canberra,pm25,60,3.0,67.0,24.0,2546.04
2022-08-12,AU,Adelaide,pm25,85,2.0,38.0,13.0,615.68
2022-08-12,AU,Brisbane,pm25,211,1.0,65.0,18.0,2201.68
2022-08-12,AU,Perth,pm25,65,2.0,12.0,6.0,78.84
2022-08-12,AU,Wollongong,pm25,45,1.0,44.0,16.0,1221.34
2022-08-12,CI,Abidjan,pm25,24,50.0,93.0,65.0,1301.72
2022-08-12,GH,Accra,pm25,24,42.0,78.0,59.0,985.2
2022-08-12,IQ,Baghdad,pm25,24,78.0,378.0,147.0,47946.9
2022-08-12,IS,Reykjavík,pm25,96,5.0,22.0,13.0,147.6
2022-08-12,KG,Bishkek,pm25,24,53.0,87.0,61.0,513.04
2022-08-12,NL,Utrecht,pm25,48,18.0,59.0,37.0,1014.68
2022-08-12,NL,Nijmegen,pm25,48,14.0,60.0,35.0,1604.26
2022-08-12,NL,Haarlem,pm25,136,2.0,116.0,42.0,3274.39
2022-08-12,NL,Eindhoven,pm25,24,23.0,78.0,57.0,1761.72
2022-08-12,NL,Rotterdam,pm25,191,15.0,56.0,42.0,738.59
2022-08-12,NL,Amsterdam,pm25,262,5.0,77.0,36.0,1538.11
2022-08-12,NL,Dordrecht,pm25,24,21.0,53.0,38.0,771.58
2022-08-12,NL,Breda,pm25,24,24.0,65.0,48.0,758.24
2022-08-12,NL,Groningen,pm25,47,5.0,66.0,32.0,1775.93
2022-08-12,NL,Maastricht,pm25,96,9.0,74.0,42.0,2806.74
2022-08-12,NL,The Hague,pm25,71,4.0,68.0,36.0,1409.5
2022-08-12,PT,Lisbon,pm25,54,20.0,59.0,45.0,1145.97
2022-08-12,PT,Funchal,pm25,56,1.0,54.0,29.0,1932.0
2022-08-12,CA,Hamilton,pm25,77,5.0,53.0,17.0,1089.4
2022-08-12,CA,Calgary,pm25,92,22.0,999.0,43.0,117662.0
2022-08-12,CA,Winnipeg,pm25,24,25.0,35.0,29.0,91.23
2022-08-12,CA,Halifax,pm25,46,6.0,27.0,17.0,372.08
2022-08-12,CA,Kitchener,pm25,34,9.0,34.0,17.0,428.81
2022-08-12,CA,Edmonton,pm25,133,11.0,99.0,55.0,2731.9
2022-08-12,CA,Mississauga,pm25,59,5.0,112.0,13.0,4581.96
2022-08-12,CA,Québec,pm25,163,5.0,51.0,18.0,635.48
2022-08-12,CA,Vancouver,pm25,23,11.0,40.0,26.0,945.65
2022-08-12,CA,Victoria,pm25,42,5.0,91.0,17.0,3474.7
2022-08-12,CA,Montréal,pm25,266,3.0,35.0,12.0,279.09
2022-08-12,CA,Toronto,pm25,110,5.0,124.0,13.0,2403.09
2022-08-12,CA,Ottawa,pm25,50,5.0,46.0,12.0,501.74
2022-08-12,CA,London,pm25,32,9.0,38.0,13.0,725.12
2022-08-12,US,Oklahoma City,pm25,95,23.0,72.0,38.0,644.15
2022-08-12,US,Raleigh,pm25,69,5.0,55.0,34.0,1325.63
2022-08-12,US,Memphis,pm25,71,17.0,55.0,40.0,511.33
2022-08-12,US,Jackson,pm25,72,16.0,60.0,26.0,708.42
2022-08-12,US,Boston,pm25,123,5.0,63.0,21.0,781.57
2022-08-12,US,Richmond,pm25,96,15.0,38.0,28.0,340.33
2022-08-12,US,Portland,pm25,165,9.0,28.0,18.0,180.03
2022-08-12,US,Boise,pm25,48,2.0,53.0,25.0,1644.95
2022-08-12,US,Austin,pm25,47,9.0,57.0,42.0,1975.14
2022-08-12,US,Honolulu,pm25,39,5.0,30.0,13.0,507.3
2022-08-12,US,Fresno,pm25,44,4.0,89.0,28.0,4290.67
2022-08-12,US,Milwaukee,pm25,143,15.0,38.0,22.0,242.81
2022-08-12,US,Hartford,pm25,48,12.0,32.0,16.0,397.09
2022-08-12,US,Washington D.C.,pm25,117,5.0,30.0,17.0,502.96
2022-08-12,US,Chicago,pm25,233,4.0,51.0,20.0,823.77
2022-08-12,US,Houston,pm25,96,8.0,76.0,33.0,1274.83
2022-08-12,US,Indianapolis,pm25,118,5.0,92.0,20.0,1792.25
2022-08-12,US,Atlanta,pm25,24,24.0,52.0,34.0,502.59
2022-08-12,US,Charlotte,pm25,71,5.0,55.0,32.0,1191.68
2022-08-12,US,Sacramento,pm25,62,2.0,34.0,17.0,668.77
2022-08-12,US,Oakland,pm25,115,5.0,46.0,21.0,1104.84
2022-08-12,US,Providence,pm25,39,5.0,46.0,21.0,1077.81
2022-08-12,US,Staten Island,pm25,100,2.0,86.0,18.0,2898.17
2022-08-12,US,Brooklyn,pm25,125,1.0,43.0,17.0,753.65
2022-08-12,US,Springfield,pm25,70,1.0,41.0,21.0,383.56
2022-08-12,US,The Bronx,pm25,39,1.0,27.0,7.0,362.2
2022-08-12,US,San Jose,pm25,87,5.0,50.0,25.0,987.16
2022-08-12,US,Los Angeles,pm25,48,40.0,75.0,53.0,582.11
2022-08-12,US,Detroit,pm25,111,17.0,68.0,24.0,1053.01
2022-08-12,US,Little Rock,pm25,24,30.0,57.0,40.0,566.02
2022-08-12,US,Baltimore,pm25,46,5.0,42.0,19.0,544.74
2022-08-12,US,Phoenix,pm25,191,3.0,71.0,21.0,1304.38
2022-08-12,US,Omaha,pm25,20,9.0,59.0,34.0,1434.63
2022-08-12,US,El Paso,pm25,127,5.0,229.0,19.0,4269.33
2022-08-12,US,Dallas,pm25,23,13.0,46.0,30.0,822.02
2022-08-12,US,Seattle,pm25,249,5.0,72.0,25.0,1546.62
2022-08-12,US,Manhattan,pm25,47,4.0,39.0,10.0,688.96
2022-08-12,US,Miami,pm25,94,15.0,31.0,23.0,138.2
2022-08-12,US,Jacksonville,pm25,144,34.0,78.0,57.0,886.93
2022-08-12,US,San Antonio,pm25,93,8.0,67.0,30.0,1763.18
2022-08-12,US,Philadelphia,pm25,94,3.0,51.0,18.0,554.21
2022-08-12,US,San Diego,pm25,24,29.0,49.0,40.0,343.32
2022-08-12,US,Columbus,pm25,44,1.0,33.0,15.0,541.37
2022-08-12,US,Saint Paul,pm25,132,5.0,34.0,20.0,413.33
2022-08-12,US,Denver,pm25,121,9.0,46.0,25.0,416.35
2022-08-12,US,Salt Lake City,pm25,215,10.0,68.0,26.0,638.83
2022-08-12,US,Albuquerque,pm25,72,14.0,47.0,21.0,361.21
2022-08-12,US,San Francisco,pm25,65,5.0,61.0,25.0,1479.46
2022-08-12,US,Salem,pm25,71,9.0,23.0,14.0,135.61
2022-08-12,US,Madison,pm25,48,15.0,51.0,19.0,749.0
2022-08-12,US,Nashville,pm25,72,12.0,63.0,37.0,867.59
2022-08-12,US,Tucson,pm25,156,5.0,50.0,17.0,550.45
2022-08-12,US,Queens,pm25,76,1.0,27.0,12.0,632.38
2022-08-12,US,Tallahassee,pm25,68,13.0,81.0,35.0,1995.97
2022-08-12,US,Fort Worth,pm25,47,13.0,61.0,39.0,1778.98
2022-08-12,RS,Novi Sad,pm25,48,13.0,55.0,23.0,1210.07
2022-08-12,RS,Niš,pm25,48,18.0,57.0,39.0,1469.29
2022-08-12,RS,Belgrade,pm25,120,19.0,65.0,40.0,1295.93
2022-08-12,CY,Nicosia,pm25,24,35.0,72.0,57.0,539.11
2022-08-12,CY,Limassol,pm25,24,40.0,67.0,54.0,496.79
2022-08-12,HR,Zagreb,pm25,24,18.0,52.0,25.0,1447.81
2022-08-12,MK,Skopje,pm25,129,1.0,110.0,37.0,4124.64
2022-08-13,GE,Tbilisi,pm25,92,55.0,89.0,63.0,1431.01
2022-08-13,HU,Győr,pm25,48,21.0,95.0,46.0,3260.35
2022-08-13,HU,Pécs,pm25,57,25.0,42.0,30.0,240.62
2022-08-13,HU,Kecskemét,pm25,46,30.0,57.0,46.0,652.71
2022-08-13,HU,Miskolc,pm25,100,5.0,68.0,38.0,1913.11
2022-08-13,HU,Budapest,pm25,156,9.0,57.0,38.0,898.19
2022-08-13,JP,Fukuoka,pm25,391,5.0,153.0,38.0,2269.3
2022-08-13,JP,Kanazawa,pm25,220,5.0,55.0,21.0,1520.76
2022-08-13,JP,Kumamoto,pm25,313,5.0,70.0,30.0,1510.98
2022-08-13,JP,Akita,pm25,35,5.0,53.0,17.0,1422.91
2022-08-13,JP,Kochi,pm25,48,13.0,68.0,34.0,2012.06
2022-08-13,JP,Gifu-shi,pm25,145,5.0,65.0,25.0,2595.01
2022-08-13,JP,Kyoto,pm25,557,5.0,76.0,30.0,1682.83
2022-08-13,JP,Hiroshima,pm25,314,5.0,76.0,42.0,2164.72
2022-08-13,JP,Shizuoka,pm25,222,5.0,144.0,13.0,2503.66
2022-08-13,JP,Chiba,pm25,687,5.0,109.0,21.0,2327.89
2022-08-13,JP,Sapporo,pm25,185,5.0,127.0,25.0,2448.86
2022-08-13,JP,Yokohama,pm25,507,1.0,59.0,21.0,1539.43
2022-08-13,JP,Tokyo,pm25,2504,1.0,89.0,21.0,1477.73
2022-08-13,JP,Saitama,pm25,482,5.0,87.0,21.0,1022.48
2022-08-13,JP,Naha,pm25,88,5.0,80.0,9.0,3655.85
2022-08-13,JP,Nagasaki,pm25,182,5.0,70.0,25.0,1136.74
2022-08-13,JP,Toyama,pm25,180,5.0,87.0,30.0,3062.23
2022-08-13,JP,Niigata,pm25,210,9.0,61.0,30.0,776.04
2022-08-13,JP,Nara-shi,pm25,185,5.0,65.0,21.0,2730.1
2022-08-13,JP,Okayama,pm25,284,25.0,72.0,50.0,937.57
2022-08-13,JP,Sendai,pm25,474,5.0,61.0,34.0,1645.96
2022-08-13,JP,Osaka,pm25,1375,5.0,91.0,30.0,3324.59
2022-08-13,JP,Miyazaki,pm25,131,5.0,171.0,46.0,4547.77
2022-08-13,JP,Matsuyama,pm25,164,5.0,153.0,50.0,3060.22
2022-08-13,JP,Wakayama,pm25,285,5.0,80.0,42.0,3372.94
2022-08-13,JP,Takamatsu,pm25,240,13.0,74.0,46.0,1195.86
2022-08-13,JP,Nagoya,pm25,722,5.0,91.0,21.0,1439.69
2022-08-13,JP,Ōita,pm25,255,5.0,76.0,46.0,2346.57
2022-08-13,JP,Kobe,pm25,420,5.0,91.0,38.0,3330.97
2022-08-13,JP,Nagano,pm25,46,5.0,38.0,13.0,722.86
2022-08-13,JP,Utsunomiya,pm25,408,5.0,55.0,21.0,1078.9
2022-08-13,JP,Kagoshima,pm25,84,5.0,68.0,21.0,1795.13
2022-08-13,SK,Košice,pm25,94,21.0,132.0,46.0,4304.59
2022-08-13,SK,Bratislava,pm25,95,5.0,80.0,50.0,2387.07
2022-08-13,FI,Vantaa,pm25,24,14.0,41.0,23.0,523.7
2022-08-13,FI,Turku,pm25,24,2.0,20.0,8.0,187.37
2022-08-13,FI,Helsinki,pm25,120,11.0,47.0,22.0,609.23
2022-08-13,FI,Tampere,pm25,96,3.0,26.0,13.0,149.53
2022-08-13,ET,Addis Ababa,pm25,24,70.0,152.0,114.0,7416.45
2022-08-13,CH,Zürich,pm25,17,1.0,3.0,1.0,3.9
2022-08-13,CO,Bogotá,pm25,325,9.0,155.0,61.0,5204.35
2022-08-13,CO,Medellín,pm25,317,21.0,109.0,61.0,1814.55
2022-08-13,DK,Copenhagen,pm25,23,4.0,74.0,45.0,3067.27
2022-08-13,GB,Edinburgh,pm25,259,13.0,58.0,34.0,1798.03
2022-08-13,GB,Norwich,pm25,23,30.0,48.0,35.0,294.43
2022-08-13,GB,Liverpool,pm25,45,34.0,61.0,49.0,495.74
2022-08-13,GB,Belfast,pm25,68,21.0,51.0,34.0,509.54
2022-08-13,GB,Coventry,pm25,71,27.0,47.0,38.0,159.28
2022-08-13,GB,Leeds,pm25,42,21.0,63.0,31.0,1166.32
2022-08-13,GB,Cardiff,pm25,120,21.0,85.0,55.0,1737.41
2022-08-13,GB,Bristol,pm25,59,46.0,70.0,57.0,311.69
2022-08-13,GB,London,pm25,449,13.0,102.0,46.0,1331.93
2022-08-13,GB,Birmingham,pm25,43,30.0,53.0,42.0,323.85
2022-08-13,GB,Sheffield,pm25,88,27.0,70.0,41.0,735.7
2022-08-13,GB,Newport,pm25,43,33.0,54.0,41.0,338.36
2022-08-13,GB,Leicester,pm25,23,33.0,57.0,39.0,546.13
2022-08-13,GB,Manchester,pm25,81,30.0,55.0,38.0,663.08
2022-08-13,GB,Reading,pm25,48,17.0,55.0,38.0,980.64
2022-08-13,GB,Plymouth,pm25,40,30.0,60.0,55.0,401.99
2022-08-13,GB,Glasgow,pm25,572,14.0,68.0,43.0,1771.35
2022-08-13,GB,Preston,pm25,45,19.0,52.0,34.0,589.83
2022-08-13,GB,Swansea,pm25,168,21.0,95.0,50.0,1527.8
2022-08-13,GB,Southend-on-Sea,pm25,35,38.0,67.0,52.0,570.79
2022-08-13,ID,Jakarta,pm25,71,61.0,154.0,95.0,5358.73
2022-08-13,NP,Kathmandu,pm25,72,17.0,86.0,57.0,1964.19
2022-08-13,NP,Biratnagar,pm25,24,14.0,75.0,55.0,2440.87
2022-08-13,AU,Sydney,pm25,143,1.0,59.0,14.0,1576.46
2022-08-13,AU,Newcastle,pm25,126,1.0,71.0,18.0,1513.48
2022-08-13,AU,Launceston,pm25,136,5.0,188.0,13.0,9312.13
2022-08-13,AU,Hobart,pm25,70,5.0,65.0,21.0,4314.48
2022-08-13,AU,Darwin,pm25,61,11.0,74.0,39.0,1962.99
2022-08-13,AU,Melbourne,pm25,161,1.0,85.0,37.0,3170.19
2022-08-13,AU,Canberra,pm25,61,1.0,72.0,30.0,3250.71
2022-08-13,AU,Adelaide,pm25,86,1.0,52.0,13.0,996.1
2022-08-13,AU,Brisbane,pm25,210,1.0,95.0,16.0,2230.86
2022-08-13,AU,Perth,pm25,57,2.0,14.0,5.0,82.41
2022-08-13,AU,Wollongong,pm25,36,1.0,48.0,17.0,1163.43
2022-08-13,CI,Abidjan,pm25,24,38.0,95.0,65.0,1978.53
2022-08-13,GH,Accra,pm25,24,38.0,114.0,68.0,2537.81
2022-08-13,IQ,Baghdad,pm25,24,85.0,388.0,132.0,80553.8
2022-08-13,IS,Reykjavík,pm25,96,8.0,34.0,13.0,232.0
2022-08-13,KG,Bishkek,pm25,24,57.0,99.0,68.0,971.88
2022-08-13,NL,Utrecht,pm25,48,13.0,65.0,40.0,2050.2
2022-08-13,NL,Nijmegen,pm25,47,2.0,57.0,31.0,1634.65
2022-08-13,NL,Haarlem,pm25,141,8.0,154.0,44.0,5338.65
2022-08-13,NL,Eindhoven,pm25,24,16.0,61.0,44.0,1786.07
2022-08-13,NL,Rotterdam,pm25,192,10.0,59.0,35.0,811.37
2022-08-13,NL,Amsterdam,pm25,262,3.0,75.0,34.0,1307.11
2022-08-13,NL,Dordrecht,pm25,24,25.0,61.0,38.0,1037.37
2022-08-13,NL,Breda,pm25,24,8.0,73.0,44.0,2998.53
2022-08-13,NL,Groningen,pm25,48,10.0,75.0,37.0,1581.49
2022-08-13,NL,Maastricht,pm25,93,5.0,65.0,30.0,1751.09
2022-08-13,NL,The Hague,pm25,72,2.0,56.0,33.0,1967.09
2022-08-13,PT,Lisbon,pm25,79,8.0,55.0,34.0,1425.1
2022-08-13,PT,Funchal,pm25,65,1.0,35.0,21.0,597.15
2022-08-13,CA,Hamilton,pm25,85,5.0,63.0,21.0,1862.34
2022-08-13,CA,Calgary,pm25,83,14.0,999.0,32.0,536458.0
2022-08-13,CA,Winnipeg,pm25,24,23.0,31.0,27.0,61.67
2022-08-13,CA,Halifax,pm25,46,15.0,40.0,20.0,425.55
2022-08-13,CA,Kitchener,pm25,44,9.0,38.0,17.0,951.73
2022-08-13,CA,Edmonton,pm25,117,4.0,111.0,37.0,3204.51
2022-08-13,CA,Mississauga,pm25,60,9.0,85.0,17.0,2918.79
2022-08-13,CA,Québec,pm25,157,9.0,65.0,16.0,972.26
2022-08-13,CA,Vancouver,pm25,23,4.0,15.0,7.0,69.29
2022-08-13,CA,Victoria,pm25,41,5.0,34.0,17.0,548.4
2022-08-13,CA,Montréal,pm25,361,3.0,96.0,18.0,978.19
2022-08-13,CA,Toronto,pm25,123,5.0,46.0,13.0,1193.07
2022-08-13,CA,Ottawa,pm25,61,5.0,40.0,18.0,580.15
2022-08-13,CA,London,pm25,35,9.0,38.0,21.0,471.63
2022-08-13,US,Oklahoma City,pm25,96,28.0,57.0,43.0,583.22
2022-08-13,US,Raleigh,pm25,71,5.0,50.0,25.0,1264.42
2022-08-13,US,Memphis,pm25,72,16.0,82.0,30.0,894.07
2022-08-13,US,Jackson,pm25,72,19.0,52.0,32.0,494.37
2022-08-13,US,Boston,pm25,95,5.0,80.0,21.0,1404.25
2022-08-13,US,Richmond,pm25,96,14.0,29.0,19.0,164.94
2022-08-13,US,Portland,pm25,161,9.0,30.0,13.0,152.56
2022-08-13,US,Boise,pm25,48,5.0,55.0,32.0,1642.96
2022-08-13,US,Austin,pm25,48,5.0,61.0,34.0,2366.45
2022-08-13,US,Honolulu,pm25,39,5.0,50.0,13.0,1572.36
2022-08-13,US,Fresno,pm25,45,2.0,55.0,24.0,1455.37
2022-08-13,US,Milwaukee,pm25,144,13.0,36.0,24.0,210.62
2022-08-13,US,Hartford,pm25,48,13.0,38.0,16.0,310.32
2022-08-13,US,Washington D.C.,pm25,108,5.0,25.0,15.0,281.49
2022-08-13,US,Chicago,pm25,240,3.0,54.0,23.0,484.28
2022-08-13,US,Houston,pm25,91,3.0,59.0,25.0,2108.95
2022-08-13,US,Indianapolis,pm25,120,14.0,63.0,34.0,1768.81
2022-08-13,US,Atlanta,pm25,24,31.0,52.0,40.0,476.23
2022-08-13,US,Charlotte,pm25,72,5.0,55.0,28.0,1065.05
2022-08-13,US,Sacramento,pm25,39,3.0,46.0,25.0,1129.57
2022-08-13,US,Oakland,pm25,119,5.0,61.0,30.0,1466.01
2022-08-13,US,Providence,pm25,34,5.0,50.0,34.0,2512.44
2022-08-13,US,Staten Island,pm25,77,1.0,46.0,16.0,1041.62
2022-08-13,US,Brooklyn,pm25,90,1.0,47.0,15.0,574.72
2022-08-13,US,Springfield,pm25,71,3.0,45.0,23.0,473.98
2022-08-13,US,The Bronx,pm25,19,1.0,18.0,6.0,182.75
2022-08-13,US,San Jose,pm25,95,9.0,53.0,30.0,1205.08
2022-08-13,US,Los Angeles,pm25,48,36.0,78.0,56.0,745.09
2022-08-13,US,Little Rock,pm25,24,13.0,52.0,35.0,880.8
2022-08-13,US,Baltimore,pm25,46,9.0,38.0,18.0,430.8
2022-08-13,US,Phoenix,pm25,179,2.0,71.0,21.0,1626.24
2022-08-13,US,Omaha,pm25,24,21.0,72.0,34.0,1536.23
2022-08-13,US,El Paso,pm25,134,5.0,61.0,21.0,1747.89
2022-08-13,US,Dallas,pm25,23,13.0,53.0,25.0,980.83
2022-08-13,US,Seattle,pm25,218,5.0,38.0,14.0,447.99
2022-08-13,US,Manhattan,pm25,39,1.0,29.0,9.0,444.82
2022-08-13,US,Miami,pm25,94,10.0,37.0,22.0,192.11
2022-08-13,US,Jacksonville,pm25,144,18.0,72.0,43.0,1975.17
2022-08-13,US,San Antonio,pm25,93,14.0,57.0,34.0,1358.34
2022-08-13,US,Philadelphia,pm25,85,3.0,79.0,16.0,881.38
2022-08-13,US,San Diego,pm25,24,46.0,59.0,51.0,109.78
2022-08-13,US,Columbus,pm25,48,6.0,57.0,23.0,1015.89
2022-08-13,US,Saint Paul,pm25,61,5.0,34.0,17.0,468.89
2022-08-13,US,Denver,pm25,125,5.0,42.0,25.0,479.51
2022-08-13,US,Salt Lake City,pm25,216,10.0,42.0,21.0,408.68
2022-08-13,US,Albuquerque,pm25,71,15.0,38.0,21.0,311.65
2022-08-13,US,San Francisco,pm25,71,5.0,80.0,30.0,2597.95
2022-08-13,US,Salem,pm25,72,10.0,24.0,14.0,76.62
2022-08-13,US,Madison,pm25,48,17.0,61.0,25.0,1144.26
2022-08-13,US,Nashville,pm25,71,9.0,67.0,42.0,1745.2
2022-08-13,US,Tucson,pm25,156,5.0,42.0,17.0,622.4
2022-08-13,US,Queens,pm25,73,1.0,27.0,13.0,402.15
2022-08-13,US,Tallahassee,pm25,72,7.0,59.0,35.0,1270.35
2022-08-13,US,Fort Worth,pm25,46,10.0,55.0,37.0,1428.87
2022-08-13,RS,Novi Sad,pm25,47,22.0,56.0,43.0,685.13
2022-08-13,RS,Niš,pm25,48,34.0,65.0,46.0,455.42
2022-08-13,RS,Belgrade,pm25,120,29.0,66.0,48.0,909.83
2022-08-13,CY,Nicosia,pm25,24,53.0,78.0,62.0,422.83
2022-08-13,CY,Limassol,pm25,24,37.0,73.0,55.0,898.68
2022-08-13,HR,Zagreb,pm25,24,23.0,45.0,28.0,364.18
2022-08-13,MK,Skopje,pm25,135,1.0,143.0,42.0,11243.5
2022-08-14,GE,Tbilisi,pm25,80,50.0,85.0,62.0,1361.58
2022-08-14,HU,Győr,pm25,42,5.0,80.0,59.0,4501.46
2022-08-14,HU,Pécs,pm25,63,25.0,55.0,38.0,1037.7
2022-08-14,HU,Kecskemét,pm25,38,25.0,55.0,38.0,1163.3
2022-08-14,HU,Miskolc,pm25,82,13.0,65.0,38.0,1503.25
2022-08-14,HU,Budapest,pm25,245,13.0,72.0,34.0,2356.06
2022-08-14,JP,Fukuoka,pm25,387,5.0,95.0,34.0,1896.15
2022-08-14,JP,Kanazawa,pm25,235,5.0,55.0,30.0,1295.23
2022-08-14,JP,Kumamoto,pm25,322,5.0,89.0,34.0,2743.43
2022-08-14,JP,Akita,pm25,36,9.0,57.0,25.0,2013.02
2022-08-14,JP,Kochi,pm25,48,34.0,76.0,53.0,629.34
2022-08-14,JP,Gifu-shi,pm25,157,5.0,85.0,38.0,2348.57
2022-08-14,JP,Kyoto,pm25,587,13.0,78.0,55.0,1351.26
2022-08-14,JP,Hiroshima,pm25,309,5.0,76.0,46.0,1919.06
2022-08-14,JP,Shizuoka,pm25,247,5.0,104.0,42.0,3674.69
2022-08-14,JP,Chiba,pm25,785,5.0,109.0,50.0,3289.4
2022-08-14,JP,Sapporo,pm25,208,5.0,78.0,25.0,1270.85
2022-08-14,JP,Yokohama,pm25,516,1.0,74.0,50.0,2939.61
2022-08-14,JP,Tokyo,pm25,2560,1.0,155.0,42.0,3559.75
2022-08-14,JP,Saitama,pm25,482,5.0,70.0,21.0,2449.95
2022-08-14,JP,Naha,pm25,110,5.0,30.0,13.0,715.75
2022-08-14,JP,Nagasaki,pm25,187,9.0,72.0,30.0,1489.84
2022-08-14,JP,Toyama,pm25,190,5.0,76.0,30.0,1922.75
2022-08-14,JP,Niigata,pm25,211,5.0,68.0,25.0,1697.25
2022-08-14,JP,Nara-shi,pm25,185,34.0,72.0,55.0,573.72
2022-08-14,JP,Okayama,pm25,280,13.0,65.0,46.0,748.79
2022-08-14,JP,Sendai,pm25,468,5.0,53.0,21.0,823.57
2022-08-14,JP,Osaka,pm25,1472,5.0,97.0,55.0,1225.95
2022-08-14,JP,Miyazaki,pm25,141,5.0,76.0,53.0,2734.6
2022-08-14,JP,Matsuyama,pm25,159,9.0,87.0,53.0,2496.01
2022-08-14,JP,Wakayama,pm25,285,34.0,97.0,61.0,1180.83
2022-08-14,JP,Takamatsu,pm25,239,17.0,85.0,42.0,1422.86
2022-08-14,JP,Nagoya,pm25,779,5.0,107.0,42.0,1746.79
2022-08-14,JP,Ōita,pm25,255,5.0,74.0,50.0,2764.98
2022-08-14,JP,Kobe,pm25,428,9.0,104.0,53.0,730.37
2022-08-14,JP,Nagano,pm25,65,5.0,59.0,25.0,1580.71
2022-08-14,JP,Utsunomiya,pm25,417,5.0,153.0,25.0,4299.36
2022-08-14,JP,Kagoshima,pm25,88,5.0,85.0,25.0,3053.32
2022-08-14,SK,Košice,pm25,96,21.0,117.0,42.0,2140.14
2022-08-14,SK,Bratislava,pm25,95,13.0,80.0,46.0,1621.24
2022-08-14,FI,Vantaa,pm25,24,6.0,54.0,33.0,1714.49
2022-08-14,FI,Turku,pm25,23,14.0,38.0,21.0,484.43
2022-08-14,FI,Helsinki,pm25,119,2.0,63.0,36.0,1805.55
2022-08-14,FI,Tampere,pm25,95,8.0,35.0,16.0,469.63
2022-08-14,ET,Addis Ababa,pm25,24,38.0,97.0,65.0,2447.23
2022-08-14,CH,Zürich,pm25,23,1.0,3.0,2.0,3.6
2022-08-14,CO,Bogotá,pm25,316,5.0,119.0,38.0,5543.98
2022-08-14,CO,Medellín,pm25,230,25.0,76.0,53.0,1085.75
2022-08-14,DK,Copenhagen,pm25,24,16.0,56.0,39.0,1371.72
2022-08-14,GB,Edinburgh,pm25,261,7.0,73.0,33.0,2807.8
2022-08-14,GB,Norwich,pm25,20,38.0,93.0,48.0,2243.45
2022-08-14,GB,Liverpool,pm25,38,42.0,68.0,53.0,542.45
2022-08-14,GB,Belfast,pm25,49,32.0,51.0,42.0,170.17
2022-08-14,GB,Coventry,pm25,47,25.0,58.0,42.0,499.97
2022-08-14,GB,Leeds,pm25,39,30.0,85.0,55.0,1096.17
2022-08-14,GB,Cardiff,pm25,119,9.0,109.0,55.0,2913.24
2022-08-14,GB,Bristol,pm25,65,38.0,70.0,55.0,680.23
2022-08-14,GB,London,pm25,451,9.0,93.0,50.0,1969.72
2022-08-14,GB,Birmingham,pm25,38,32.0,78.0,46.0,546.95
2022-08-14,GB,Sheffield,pm25,74,32.0,82.0,57.0,752.06
2022-08-14,GB,Newport,pm25,48,17.0,57.0,39.0,2026.74
2022-08-14,GB,Leicester,pm25,16,42.0,70.0,55.0,810.5
2022-08-14,GB,Manchester,pm25,83,37.0,65.0,48.0,342.86
2022-08-14,GB,Reading,pm25,48,17.0,55.0,30.0,1165.89
2022-08-14,GB,Plymouth,pm25,36,30.0,55.0,46.0,497.49
2022-08-14,GB,Glasgow,pm25,572,14.0,63.0,28.0,984.78
2022-08-14,GB,Preston,pm25,43,31.0,65.0,42.0,865.36
2022-08-14,GB,Swansea,pm25,165,25.0,95.0,57.0,1262.08
2022-08-14,GB,Southend-on-Sea,pm25,40,45.0,90.0,58.0,2013.74
2022-08-14,ID,Jakarta,pm25,71,30.0,162.0,102.0,15339.5
2022-08-14,NP,Kathmandu,pm25,68,5.0,87.0,48.0,4711.2
2022-08-14,NP,Biratnagar,pm25,24,6.0,33.0,13.0,449.27
2022-08-14,AU,Sydney,pm25,125,1.0,57.0,10.0,1042.2
2022-08-14,AU,Newcastle,pm25,117,1.0,60.0,12.0,1572.4
2022-08-14,AU,Launceston,pm25,71,5.0,25.0,5.0,127.03
2022-08-14,AU,Hobart,pm25,54,5.0,21.0,13.0,196.34
2022-08-14,AU,Darwin,pm25,68,7.0,71.0,35.0,2273.02
2022-08-14,AU,Melbourne,pm25,153,1.0,84.0,20.0,3246.77
2022-08-14,AU,Canberra,pm25,56,1.0,58.0,12.0,1312.1
2022-08-14,AU,Adelaide,pm25,82,5.0,57.0,17.0,1747.99
2022-08-14,AU,Brisbane,pm25,209,1.0,63.0,17.0,2060.52
2022-08-14,AU,Perth,pm25,21,2.0,11.0,6.0,39.62
2022-08-14,AU,Wollongong,pm25,26,1.0,52.0,7.0,1294.54
2022-08-14,CI,Abidjan,pm25,24,30.0,68.0,53.0,759.98
2022-08-14,GH,Accra,pm25,24,30.0,124.0,68.0,5236.94
2022-08-14,IQ,Baghdad,pm25,24,93.0,516.0,144.0,179735.0
2022-08-14,IS,Reykjavík,pm25,96,10.0,48.0,19.0,972.4
2022-08-14,KG,Bishkek,pm25,24,59.0,99.0,72.0,941.72
2022-08-14,NL,Utrecht,pm25,48,21.0,63.0,50.0,1108.61
2022-08-14,NL,Nijmegen,pm25,48,18.0,68.0,41.0,1359.13
2022-08-14,NL,Haarlem,pm25,141,14.0,114.0,52.0,2454.99
2022-08-14,NL,Eindhoven,pm25,24,31.0,71.0,57.0,1109.4
2022-08-14,NL,Rotterdam,pm25,192,25.0,67.0,51.0,503.94
2022-08-14,NL,Amsterdam,pm25,264,10.0,89.0,48.0,1399.75
2022-08-14,NL,Dordrecht,pm25,24,26.0,61.0,50.0,898.48
2022-08-14,NL,Breda,pm25,24,29.0,92.0,53.0,1965.22
2022-08-14,NL,Groningen,pm25,48,20.0,59.0,42.0,903.51
2022-08-14,NL,Maastricht,pm25,96,17.0,63.0,38.0,1128.78
2022-08-14,NL,The Hague,pm25,72,7.0,77.0,50.0,2304.15
2022-08-14,PT,Lisbon,pm25,96,12.0,52.0,27.0,977.92
2022-08-14,PT,Funchal,pm25,64,1.0,50.0,25.0,1202.38
2022-08-14,CA,Hamilton,pm25,92,9.0,68.0,34.0,1591.05
2022-08-14,CA,Calgary,pm25,92,4.0,53.0,24.0,1244.22
2022-08-14,CA,Winnipeg,pm25,22,21.0,25.0,22.0,11.17
2022-08-14,CA,Halifax,pm25,36,4.0,36.0,11.0,976.73
2022-08-14,CA,Kitchener,pm25,41,9.0,55.0,30.0,1675.76
2022-08-14,CA,Edmonton,pm25,115,1.0,66.0,13.0,1113.18
2022-08-14,CA,Mississauga,pm25,63,9.0,109.0,25.0,3506.04
2022-08-14,CA,Québec,pm25,162,14.0,63.0,22.0,751.34
2022-08-14,CA,Vancouver,pm25,23,7.0,17.0,11.0,111.82
2022-08-14,CA,Victoria,pm25,35,5.0,34.0,13.0,587.23
2022-08-14,CA,Montréal,pm25,380,12.0,90.0,30.0,2222.73
2022-08-14,CA,Toronto,pm25,129,5.0,61.0,21.0,1594.19
2022-08-14,CA,Ottawa,pm25,57,17.0,57.0,25.0,628.95
2022-08-14,CA,London,pm25,44,13.0,61.0,42.0,1151.14
2022-08-14,US,Oklahoma City,pm25,96,30.0,70.0,46.0,490.25
2022-08-14,US,Raleigh,pm25,71,5.0,44.0,30.0,697.64
2022-08-14,US,Memphis,pm25,72,9.0,56.0,40.0,599.42
2022-08-14,US,Jackson,pm25,72,18.0,71.0,28.0,2175.35
2022-08-14,US,Boston,pm25,133,9.0,68.0,21.0,988.95
2022-08-14,US,Richmond,pm25,96,16.0,36.0,20.0,222.0
2022-08-14,US,Portland,pm25,168,11.0,50.0,18.0,402.27
2022-08-14,US,Boise,pm25,47,9.0,53.0,25.0,1368.67
2022-08-14,US,Austin,pm25,43,5.0,53.0,17.0,1218.54
2022-08-14,US,Honolulu,pm25,41,5.0,46.0,17.0,930.9
2022-08-14,US,Fresno,pm25,46,1.0,61.0,23.0,2350.18
2022-08-14,US,Milwaukee,pm25,144,13.0,53.0,22.0,549.35
2022-08-14,US,Hartford,pm25,48,16.0,54.0,21.0,967.19
2022-08-14,US,Washington D.C.,pm25,117,5.0,50.0,21.0,508.43
2022-08-14,US,Chicago,pm25,240,11.0,56.0,26.0,1102.72
2022-08-14,US,Houston,pm25,91,4.0,72.0,37.0,3008.3
2022-08-14,US,Indianapolis,pm25,120,26.0,62.0,43.0,920.75
2022-08-14,US,Atlanta,pm25,24,40.0,55.0,50.0,295.92
2022-08-14,US,Charlotte,pm25,72,25.0,55.0,35.0,485.04
2022-08-14,US,Sacramento,pm25,48,13.0,63.0,34.0,1714.02
2022-08-14,US,Oakland,pm25,119,13.0,78.0,46.0,1816.74
2022-08-14,US,Providence,pm25,41,5.0,61.0,30.0,2607.49
2022-08-14,US,Staten Island,pm25,63,5.0,49.0,25.0,1267.88
2022-08-14,US,Brooklyn,pm25,47,1.0,48.0,18.0,1331.66
2022-08-14,US,Springfield,pm25,72,10.0,53.0,30.0,819.44
2022-08-14,US,San Jose,pm25,94,5.0,70.0,42.0,1474.39
2022-08-14,US,Los Angeles,pm25,48,39.0,74.0,56.0,514.47
2022-08-14,US,Little Rock,pm25,24,37.0,57.0,48.0,314.76
2022-08-14,US,Baltimore,pm25,48,13.0,42.0,24.0,337.86
2022-08-14,US,Phoenix,pm25,176,3.0,85.0,16.0,2238.22
2022-08-14,US,Omaha,pm25,24,5.0,30.0,21.0,513.04
2022-08-14,US,El Paso,pm25,150,5.0,55.0,25.0,1438.17
2022-08-14,US,Dallas,pm25,24,9.0,72.0,34.0,2904.33
2022-08-14,US,Seattle,pm25,243,5.0,46.0,17.0,531.85
2022-08-14,US,Manhattan,pm25,45,1.0,32.0,13.0,1068.91
2022-08-14,US,Miami,pm25,94,10.0,32.0,18.0,181.16
2022-08-14,US,Jacksonville,pm25,144,26.0,56.0,35.0,452.79
2022-08-14,US,San Antonio,pm25,90,4.0,63.0,26.0,2457.81
2022-08-14,US,Philadelphia,pm25,92,1.0,60.0,20.0,1003.16
2022-08-14,US,San Diego,pm25,24,52.0,59.0,54.0,32.17
2022-08-14,US,Columbus,pm25,47,12.0,43.0,25.0,418.13
2022-08-14,US,Saint Paul,pm25,76,5.0,46.0,20.0,608.99
2022-08-14,US,Denver,pm25,105,5.0,25.0,17.0,288.56
2022-08-14,US,Salt Lake City,pm25,216,7.0,36.0,15.0,247.94
2022-08-14,US,Albuquerque,pm25,71,13.0,40.0,25.0,406.49
2022-08-14,US,San Francisco,pm25,70,13.0,107.0,42.0,2988.75
2022-08-14,US,Salem,pm25,72,9.0,24.0,15.0,91.41
2022-08-14,US,Madison,pm25,48,14.0,52.0,25.0,1094.78
2022-08-14,US,Nashville,pm25,72,5.0,63.0,50.0,1947.97
2022-08-14,US,Tucson,pm25,134,5.0,211.0,13.0,28459.9
2022-08-14,US,Queens,pm25,66,2.0,40.0,17.0,722.12
2022-08-14,US,Tallahassee,pm25,72,13.0,118.0,37.0,2839.15
2022-08-14,US,Fort Worth,pm25,47,5.0,59.0,34.0,1356.73
2022-08-14,RS,Novi Sad,pm25,48,26.0,51.0,40.0,406.27
2022-08-14,RS,Niš,pm25,48,25.0,78.0,46.0,2468.44
2022-08-14,RS,Belgrade,pm25,120,28.0,73.0,54.0,1194.51
2022-08-14,CY,Nicosia,pm25,24,54.0,76.0,67.0,325.49
2022-08-14,CY,Limassol,pm25,24,55.0,70.0,61.0,148.62
2022-08-14,HR,Zagreb,pm25,24,25.0,63.0,46.0,1678.68
2022-08-14,MK,Skopje,pm25,141,1.0,160.0,33.0,16077.3
2022-08-15,GE,Tbilisi,pm25,96,54.0,84.0,58.0,1083.09
2022-08-15,HU,Győr,pm25,48,13.0,63.0,30.0,2559.98
2022-08-15,HU,Pécs,pm25,72,17.0,57.0,30.0,1708.1
2022-08-15,HU,Kecskemét,pm25,48,25.0,55.0,46.0,1082.54
2022-08-15,HU,Miskolc,pm25,78,21.0,78.0,50.0,1906.86
2022-08-15,HU,Budapest,pm25,251,17.0,63.0,38.0,1577.38
2022-08-15,JP,Fukuoka,pm25,365,5.0,76.0,21.0,1723.06
2022-08-15,JP,Kanazawa,pm25,236,5.0,68.0,34.0,1818.25
2022-08-15,JP,Kumamoto,pm25,272,5.0,93.0,21.0,2216.68
2022-08-15,JP,Akita,pm25,36,9.0,57.0,30.0,1160.47
2022-08-15,JP,Kochi,pm25,48,30.0,87.0,55.0,992.77
2022-08-15,JP,Gifu-shi,pm25,160,5.0,95.0,53.0,3322.9
2022-08-15,JP,Kyoto,pm25,572,21.0,93.0,65.0,1397.56
2022-08-15,JP,Hiroshima,pm25,315,5.0,80.0,53.0,1982.95
2022-08-15,JP,Shizuoka,pm25,258,5.0,97.0,53.0,2689.89
2022-08-15,JP,Chiba,pm25,783,9.0,170.0,61.0,4284.57
2022-08-15,JP,Sapporo,pm25,200,5.0,89.0,25.0,1988.03
2022-08-15,JP,Yokohama,pm25,520,1.0,93.0,57.0,2055.51
2022-08-15,JP,Tokyo,pm25,2579,1.0,144.0,61.0,1214.01
2022-08-15,JP,Saitama,pm25,501,25.0,102.0,57.0,1096.71
2022-08-15,JP,Naha,pm25,117,5.0,42.0,17.0,921.7
2022-08-15,JP,Nagasaki,pm25,160,5.0,53.0,13.0,870.69
2022-08-15,JP,Toyama,pm25,183,5.0,72.0,30.0,1745.58
2022-08-15,JP,Niigata,pm25,213,13.0,53.0,30.0,790.28
2022-08-15,JP,Nara-shi,pm25,192,21.0,82.0,61.0,534.96
2022-08-15,JP,Okayama,pm25,260,17.0,295.0,50.0,3921.27
2022-08-15,JP,Sendai,pm25,471,9.0,93.0,30.0,1494.87
2022-08-15,JP,Osaka,pm25,1461,5.0,134.0,63.0,1504.76
2022-08-15,JP,Miyazaki,pm25,126,5.0,187.0,50.0,5106.47
2022-08-15,JP,Matsuyama,pm25,163,9.0,99.0,57.0,2573.2
2022-08-15,JP,Wakayama,pm25,287,30.0,104.0,61.0,1485.4
2022-08-15,JP,Takamatsu,pm25,236,5.0,80.0,50.0,1738.6
2022-08-15,JP,Nagoya,pm25,757,9.0,139.0,55.0,1368.85
2022-08-15,JP,Ōita,pm25,243,5.0,117.0,38.0,3871.26
2022-08-15,JP,Kobe,pm25,429,13.0,91.0,61.0,1166.17
2022-08-15,JP,Nagano,pm25,69,13.0,61.0,38.0,1479.21
2022-08-15,JP,Utsunomiya,pm25,448,21.0,91.0,46.0,1834.91
2022-08-15,JP,Kagoshima,pm25,83,5.0,59.0,13.0,1431.3
2022-08-15,SK,Košice,pm25,96,34.0,102.0,57.0,1432.02
2022-08-15,SK,Bratislava,pm25,91,5.0,107.0,42.0,3659.44
2022-08-15,FI,Vantaa,pm25,23,9.0,56.0,39.0,2053.12
2022-08-15,FI,Turku,pm25,24,18.0,42.0,30.0,533.75
2022-08-15,FI,Helsinki,pm25,117,16.0,69.0,42.0,2283.37
2022-08-15,FI,Tampere,pm25,96,19.0,52.0,33.0,507.05
2022-08-15,ET,Addis Ababa,pm25,24,38.0,117.0,72.0,4975.2
2022-08-15,CH,Zürich,pm25,14,1.0,2.0,1.0,1.81
2022-08-15,CO,Bogotá,pm25,317,5.0,137.0,25.0,4161.08
2022-08-15,CO,Medellín,pm25,240,25.0,63.0,46.0,905.95
2022-08-15,DK,Copenhagen,pm25,24,35.0,73.0,55.0,906.01
2022-08-15,GB,Edinburgh,pm25,257,29.0,73.0,46.0,781.88
2022-08-15,GB,Norwich,pm25,17,56.0,100.0,72.0,1366.54
2022-08-15,GB,Liverpool,pm25,40,42.0,63.0,55.0,251.56
2022-08-15,GB,Belfast,pm25,51,19.0,47.0,38.0,478.6
2022-08-15,GB,Coventry,pm25,59,30.0,63.0,41.0,621.84
2022-08-15,GB,Leeds,pm25,35,42.0,66.0,57.0,269.63
2022-08-15,GB,Cardiff,pm25,143,30.0,87.0,61.0,2070.13
2022-08-15,GB,Bristol,pm25,72,34.0,85.0,61.0,885.63
2022-08-15,GB,London,pm25,447,10.0,114.0,53.0,1546.06
2022-08-15,GB,Birmingham,pm25,35,40.0,71.0,46.0,774.79
2022-08-15,GB,Sheffield,pm25,75,29.0,113.0,57.0,2729.94
2022-08-15,GB,Newport,pm25,48,33.0,63.0,51.0,899.36
2022-08-15,GB,Leicester,pm25,18,42.0,61.0,46.0,419.12
2022-08-15,GB,Manchester,pm25,76,35.0,70.0,50.0,559.7
2022-08-15,GB,Reading,pm25,46,21.0,74.0,38.0,2241.43
2022-08-15,GB,Plymouth,pm25,40,30.0,62.0,45.0,863.18
2022-08-15,GB,Glasgow,pm25,569,15.0,65.0,43.0,1060.55
2022-08-15,GB,Preston,pm25,35,30.0,63.0,53.0,817.51
2022-08-15,GB,Swansea,pm25,168,25.0,153.0,63.0,4200.7
2022-08-15,GB,Southend-on-Sea,pm25,41,51.0,110.0,57.0,1460.0
2022-08-15,ID,Jakarta,pm25,71,50.0,157.0,93.0,4004.12
2022-08-15,NP,Kathmandu,pm25,68,5.0,96.0,38.0,5715.07
2022-08-15,NP,Biratnagar,pm25,24,10.0,68.0,33.0,2563.89
2022-08-15,AU,Sydney,pm25,137,1.0,38.0,9.0,523.1
2022-08-15,AU,Newcastle,pm25,137,1.0,61.0,12.0,1855.02
2022-08-15,AU,Launceston,pm25,101,5.0,163.0,9.0,11943.3
2022-08-15,AU,Hobart,pm25,59,5.0,59.0,9.0,1417.36
2022-08-15,AU,Darwin,pm25,58,11.0,153.0,42.0,8457.19
2022-08-15,AU,Melbourne,pm25,139,1.0,38.0,14.0,710.64
2022-08-15,AU,Canberra,pm25,62,1.0,51.0,15.0,965.2
2022-08-15,AU,Adelaide,pm25,80,5.0,42.0,17.0,789.52
2022-08-15,AU,Brisbane,pm25,208,2.0,52.0,18.0,958.24
2022-08-15,AU,Perth,pm25,38,2.0,21.0,5.0,173.66
2022-08-15,AU,Wollongong,pm25,42,1.0,61.0,11.0,1299.05
2022-08-15,CI,Abidjan,pm25,23,30.0,89.0,57.0,2265.73
2022-08-15,GH,Accra,pm25,24,38.0,127.0,57.0,2997.97
2022-08-15,IQ,Baghdad,pm25,24,82.0,173.0,155.0,10479.1
2022-08-15,IS,Reykjavík,pm25,96,6.0,20.0,9.0,118.67
2022-08-15,KG,Bishkek,pm25,24,59.0,114.0,68.0,1466.09
2022-08-15,NL,Utrecht,pm25,48,23.0,69.0,50.0,1029.77
2022-08-15,NL,Nijmegen,pm25,48,12.0,67.0,38.0,1398.05
2022-08-15,NL,Haarlem,pm25,143,17.0,85.0,52.0,1372.03
2022-08-15,NL,Eindhoven,pm25,24,23.0,69.0,51.0,1234.76
2022-08-15,NL,Rotterdam,pm25,192,26.0,82.0,55.0,1242.16
2022-08-15,NL,Amsterdam,pm25,264,10.0,94.0,50.0,1546.41
2022-08-15,NL,Dordrecht,pm25,24,26.0,59.0,46.0,883.19
2022-08-15,NL,Breda,pm25,24,34.0,58.0,51.0,375.49
2022-08-15,NL,Groningen,pm25,47,25.0,66.0,42.0,1394.96
2022-08-15,NL,Maastricht,pm25,96,5.0,53.0,30.0,1038.41
2022-08-15,NL,The Hague,pm25,72,26.0,70.0,52.0,1312.11
2022-08-15,PT,Lisbon,pm25,94,18.0,63.0,32.0,1218.38
2022-08-15,PT,Funchal,pm25,65,1.0,52.0,23.0,1490.76
2022-08-15,CA,Hamilton,pm25,92,5.0,65.0,17.0,1887.08
2022-08-15,CA,Calgary,pm25,92,7.0,59.0,32.0,1160.84
2022-08-15,CA,Winnipeg,pm25,24,17.0,31.0,27.0,147.83
2022-08-15,CA,Halifax,pm25,40,16.0,26.0,19.0,90.51
2022-08-15,CA,Kitchener,pm25,35,9.0,50.0,30.0,1779.38
2022-08-15,CA,Edmonton,pm25,119,1.0,60.0,24.0,1397.92
2022-08-15,CA,Mississauga,pm25,67,9.0,55.0,21.0,1508.55
2022-08-15,CA,Québec,pm25,172,16.0,49.0,27.0,373.55
2022-08-15,CA,Vancouver,pm25,23,8.0,39.0,15.0,566.76
2022-08-15,CA,Victoria,pm25,31,5.0,61.0,21.0,2097.29
2022-08-15,CA,Montréal,pm25,390,15.0,64.0,33.0,966.78
2022-08-15,CA,Toronto,pm25,135,5.0,63.0,21.0,1602.4
2022-08-15,CA,Ottawa,pm25,62,13.0,47.0,31.0,601.57
2022-08-15,CA,London,pm25,48,9.0,70.0,25.0,1965.53
2022-08-15,US,Oklahoma City,pm25,96,23.0,57.0,35.0,914.76
2022-08-15,US,Raleigh,pm25,71,13.0,59.0,30.0,748.22
2022-08-15,US,Memphis,pm25,71,29.0,63.0,48.0,517.93
2022-08-15,US,Jackson,pm25,72,34.0,90.0,53.0,1589.0
2022-08-15,US,Boston,pm25,120,13.0,78.0,25.0,610.75
2022-08-15,US,Richmond,pm25,96,18.0,28.0,20.0,82.55
2022-08-15,US,Portland,pm25,164,7.0,48.0,18.0,361.02
2022-08-15,US,Boise,pm25,48,13.0,46.0,30.0,740.53
2022-08-15,US,Austin,pm25,46,5.0,68.0,34.0,2881.74
2022-08-15,US,Honolulu,pm25,45,5.0,42.0,13.0,958.43
2022-08-15,US,Fresno,pm25,48,7.0,80.0,36.0,3020.1
2022-08-15,US,Milwaukee,pm25,142,14.0,47.0,27.0,459.46
2022-08-15,US,Hartford,pm25,48,20.0,30.0,25.0,92.97
2022-08-15,US,Washington D.C.,pm25,113,5.0,38.0,21.0,339.89
2022-08-15,US,Chicago,pm25,240,12.0,55.0,28.0,853.6
2022-08-15,US,Houston,pm25,96,8.0,68.0,38.0,1515.53
2022-08-15,US,Indianapolis,pm25,120,18.0,60.0,42.0,799.83
2022-08-15,US,Atlanta,pm25,24,42.0,56.0,52.0,114.49
2022-08-15,US,Charlotte,pm25,72,13.0,59.0,42.0,856.74
2022-08-15,US,Sacramento,pm25,71,16.0,66.0,50.0,1856.44
2022-08-15,US,Oakland,pm25,119,25.0,74.0,53.0,1260.7
2022-08-15,US,Providence,pm25,32,5.0,57.0,9.0,3595.07
2022-08-15,US,Staten Island,pm25,78,1.0,46.0,17.0,932.98
2022-08-15,US,Brooklyn,pm25,134,2.0,52.0,21.0,685.97
2022-08-15,US,Springfield,pm25,72,16.0,58.0,35.0,612.24
2022-08-15,US,The Bronx,pm25,42,4.0,24.0,17.0,434.05
2022-08-15,US,San Jose,pm25,95,5.0,99.0,53.0,2121.91
2022-08-15,US,Los Angeles,pm25,48,34.0,80.0,60.0,982.39
2022-08-15,US,Detroit,pm25,89,25.0,77.0,32.0,1373.99
2022-08-15,US,Little Rock,pm25,24,24.0,64.0,50.0,1359.84
2022-08-15,US,Baltimore,pm25,47,5.0,34.0,25.0,468.88
2022-08-15,US,Phoenix,pm25,183,1.0,58.0,20.0,1293.75
2022-08-15,US,Omaha,pm25,24,9.0,34.0,17.0,482.54
2022-08-15,US,El Paso,pm25,149,5.0,59.0,21.0,1794.41
2022-08-15,US,Dallas,pm25,21,13.0,61.0,38.0,1996.48
2022-08-15,US,Seattle,pm25,246,5.0,72.0,25.0,1876.43
2022-08-15,US,Manhattan,pm25,66,1.0,40.0,15.0,848.68
2022-08-15,US,Miami,pm25,94,9.0,48.0,29.0,561.28
2022-08-15,US,Jacksonville,pm25,140,5.0,68.0,31.0,1683.06
2022-08-15,US,San Antonio,pm25,90,2.0,59.0,31.0,1670.66
2022-08-15,US,Philadelphia,pm25,84,1.0,52.0,20.0,983.94
2022-08-15,US,San Diego,pm25,24,52.0,66.0,56.0,180.0
2022-08-15,US,Columbus,pm25,48,16.0,36.0,25.0,198.08
2022-08-15,US,Saint Paul,pm25,143,5.0,47.0,23.0,645.07
2022-08-15,US,Denver,pm25,134,9.0,55.0,17.0,487.7
2022-08-15,US,Salt Lake City,pm25,215,14.0,58.0,23.0,727.65
2022-08-15,US,Albuquerque,pm25,71,8.0,39.0,21.0,544.82
2022-08-15,US,San Francisco,pm25,72,25.0,76.0,50.0,1136.83
2022-08-15,US,Salem,pm25,72,8.0,25.0,16.0,189.72
2022-08-15,US,Madison,pm25,48,17.0,53.0,27.0,593.76
2022-08-15,US,Nashville,pm25,72,21.0,73.0,50.0,1213.42
2022-08-15,US,Tucson,pm25,166,5.0,193.0,30.0,14418.2
2022-08-15,US,Queens,pm25,92,1.0,49.0,18.0,982.54
2022-08-15,US,Tallahassee,pm25,65,8.0,85.0,46.0,1860.8
2022-08-15,US,Fort Worth,pm25,48,8.0,61.0,38.0,2192.02
2022-08-15,RS,Novi Sad,pm25,48,20.0,50.0,30.0,734.4
2022-08-15,RS,Niš,pm25,48,25.0,78.0,58.0,2328.49
2022-08-15,RS,Belgrade,pm25,120,22.0,85.0,53.0,2342.01
2022-08-15,CY,Nicosia,pm25,24,49.0,68.0,58.0,190.14
2022-08-15,CY,Limassol,pm25,24,50.0,60.0,54.0,76.5
2022-08-15,HR,Zagreb,pm25,24,20.0,64.0,56.0,3382.16
2022-08-15,MK,Skopje,pm25,152,1.0,95.0,41.0,3624.76
2022-08-16,GE,Tbilisi,pm25,96,54.0,83.0,57.0,1043.02
2022-08-16,HU,Győr,pm25,48,17.0,65.0,38.0,2668.65
2022-08-16,HU,Pécs,pm25,42,21.0,34.0,30.0,263.0
2022-08-16,HU,Kecskemét,pm25,46,21.0,53.0,42.0,967.69
2022-08-16,HU,Miskolc,pm25,93,17.0,65.0,34.0,1567.42
2022-08-16,HU,Budapest,pm25,234,17.0,61.0,34.0,1514.55
2022-08-16,JP,Fukuoka,pm25,357,5.0,95.0,13.0,1468.34
2022-08-16,JP,Kanazawa,pm25,229,5.0,74.0,34.0,2893.26
2022-08-16,JP,Kumamoto,pm25,286,5.0,82.0,17.0,2083.87
2022-08-16,JP,Akita,pm25,46,9.0,70.0,34.0,2316.43
2022-08-16,JP,Kochi,pm25,48,30.0,70.0,53.0,1098.71
2022-08-16,JP,Gifu-shi,pm25,158,5.0,87.0,53.0,3164.0
2022-08-16,JP,Kyoto,pm25,580,5.0,82.0,50.0,2055.27
2022-08-16,JP,Hiroshima,pm25,285,5.0,59.0,21.0,1633.14
2022-08-16,JP,Shizuoka,pm25,253,5.0,91.0,46.0,2356.35
2022-08-16,JP,Chiba,pm25,767,5.0,114.0,50.0,2005.27
2022-08-16,JP,Sapporo,pm25,176,5.0,68.0,13.0,1011.29
2022-08-16,JP,Yokohama,pm25,524,1.0,72.0,50.0,1724.09
2022-08-16,JP,Tokyo,pm25,2529,5.0,122.0,55.0,820.4
2022-08-16,JP,Saitama,pm25,503,1.0,82.0,59.0,1383.64
2022-08-16,JP,Naha,pm25,128,5.0,46.0,17.0,1204.07
2022-08-16,JP,Nagasaki,pm25,170,5.0,59.0,13.0,1089.78
2022-08-16,JP,Toyama,pm25,180,5.0,117.0,34.0,5043.1
2022-08-16,JP,Niigata,pm25,212,5.0,76.0,30.0,1635.83
2022-08-16,JP,Nara-shi,pm25,190,5.0,65.0,38.0,1488.98
2022-08-16,JP,Okayama,pm25,257,13.0,74.0,25.0,1423.6
2022-08-16,JP,Sendai,pm25,477,5.0,72.0,34.0,2336.19
2022-08-16,JP,Osaka,pm25,1443,5.0,95.0,42.0,1707.03
2022-08-16,JP,Miyazaki,pm25,128,5.0,76.0,30.0,3145.79
2022-08-16,JP,Matsuyama,pm25,153,5.0,65.0,30.0,1674.23
2022-08-16,JP,Wakayama,pm25,281,9.0,65.0,42.0,1449.89
2022-08-16,JP,Takamatsu,pm25,228,5.0,76.0,38.0,3045.9
2022-08-16,JP,Nagoya,pm25,749,5.0,95.0,50.0,3094.78
2022-08-16,JP,Ōita,pm25,206,5.0,55.0,17.0,1212.13
2022-08-16,JP,Kobe,pm25,420,5.0,80.0,46.0,1632.8
2022-08-16,JP,Nagano,pm25,68,9.0,114.0,50.0,5508.73
2022-08-16,JP,Utsunomiya,pm25,426,17.0,104.0,57.0,1576.26
2022-08-16,JP,Kagoshima,pm25,89,5.0,70.0,17.0,1280.85
2022-08-16,SK,Košice,pm25,94,25.0,102.0,50.0,2899.53
2022-08-16,SK,Bratislava,pm25,93,9.0,155.0,38.0,7777.2
2022-08-16,FI,Vantaa,pm25,24,41.0,57.0,51.0,179.4
2022-08-16,FI,Turku,pm25,24,35.0,53.0,42.0,351.01
2022-08-16,FI,Helsinki,pm25,120,40.0,77.0,55.0,615.68
2022-08-16,FI,Tampere,pm25,96,27.0,63.0,48.0,713.84
2022-08-16,ET,Addis Ababa,pm25,24,46.0,164.0,74.0,13248.2
2022-08-16,CH,Zürich,pm25,17,1.0,3.0,2.0,4.04
2022-08-16,CO,Bogotá,pm25,300,5.0,158.0,58.0,8411.07
2022-08-16,CO,Medellín,pm25,235,17.0,70.0,46.0,1563.37
2022-08-16,DK,Copenhagen,pm25,24,18.0,64.0,47.0,1737.81
2022-08-16,GB,Edinburgh,pm25,257,1.0,48.0,10.0,1038.16
2022-08-16,GB,Norwich,pm25,24,55.0,79.0,64.0,451.72
2022-08-16,GB,Liverpool,pm25,26,15.0,63.0,50.0,1340.45
2022-08-16,GB,Belfast,pm25,62,16.0,31.0,24.0,159.8
2022-08-16,GB,Coventry,pm25,72,33.0,86.0,55.0,549.08
2022-08-16,GB,Leeds,pm25,41,9.0,57.0,46.0,795.3
2022-08-16,GB,Cardiff,pm25,143,30.0,172.0,59.0,3331.89
2022-08-16,GB,Bristol,pm25,68,25.0,80.0,59.0,1082.54
2022-08-16,GB,London,pm25,405,8.0,91.0,57.0,1885.55
2022-08-16,GB,Birmingham,pm25,43,24.0,97.0,63.0,1934.88
2022-08-16,GB,Sheffield,pm25,79,13.0,64.0,47.0,826.41
2022-08-16,GB,Newport,pm25,47,23.0,68.0,53.0,1017.7
2022-08-16,GB,Leicester,pm25,18,8.0,79.0,59.0,2138.59
2022-08-16,GB,Manchester,pm25,74,11.0,66.0,38.0,1641.51
2022-08-16,GB,Reading,pm25,48,25.0,63.0,42.0,1335.3
2022-08-16,GB,Plymouth,pm25,43,21.0,48.0,34.0,691.47
2022-08-16,GB,Glasgow,pm25,570,3.0,43.0,10.0,429.98
2022-08-16,GB,Preston,pm25,39,6.0,54.0,34.0,1693.01
2022-08-16,GB,Swansea,pm25,165,5.0,170.0,46.0,10920.6
2022-08-16,GB,Southend-on-Sea,pm25,46,29.0,178.0,60.0,3947.69
2022-08-16,ID,Jakarta,pm25,71,63.0,200.0,112.0,8772.08
2022-08-16,NP,Kathmandu,pm25,71,30.0,87.0,56.0,1473.27
2022-08-16,NP,Biratnagar,pm25,24,35.0,77.0,51.0,1456.52
2022-08-16,AU,Sydney,pm25,137,1.0,42.0,12.0,714.64
2022-08-16,AU,Newcastle,pm25,134,1.0,67.0,14.0,1938.64
2022-08-16,AU,Launceston,pm25,134,5.0,240.0,34.0,20513.9
2022-08-16,AU,Hobart,pm25,54,5.0,68.0,13.0,2411.39
2022-08-16,AU,Darwin,pm25,58,7.0,154.0,59.0,8941.69
2022-08-16,AU,Melbourne,pm25,151,1.0,59.0,20.0,1507.93
2022-08-16,AU,Canberra,pm25,62,2.0,68.0,17.0,2676.31
2022-08-16,AU,Adelaide,pm25,94,3.0,70.0,17.0,1903.87
2022-08-16,AU,Brisbane,pm25,203,5.0,63.0,24.0,1433.8
2022-08-16,AU,Perth,pm25,65,2.0,14.0,7.0,92.37
2022-08-16,AU,Wollongong,pm25,39,1.0,43.0,16.0,857.62
2022-08-16,CI,Abidjan,pm25,24,25.0,102.0,63.0,4127.17
2022-08-16,GH,Accra,pm25,23,17.0,65.0,50.0,1218.74
2022-08-16,IQ,Baghdad,pm25,20,151.0,620.0,168.0,251851.0
2022-08-16,IS,Reykjavík,pm25,96,5.0,27.0,16.0,282.32
2022-08-16,KG,Bishkek,pm25,24,59.0,117.0,74.0,2346.5
2022-08-16,NL,Utrecht,pm25,48,39.0,91.0,66.0,1413.47
2022-08-16,NL,Nijmegen,pm25,48,26.0,86.0,54.0,1741.27
2022-08-16,NL,Haarlem,pm25,143,28.0,147.0,65.0,2594.62
2022-08-16,NL,Eindhoven,pm25,24,30.0,66.0,51.0,901.45
2022-08-16,NL,Rotterdam,pm25,192,38.0,109.0,72.0,1986.32
2022-08-16,NL,Amsterdam,pm25,264,10.0,118.0,68.0,1923.73
2022-08-16,NL,Dordrecht,pm25,24,30.0,78.0,59.0,1569.49
2022-08-16,NL,Breda,pm25,24,35.0,83.0,59.0,1494.71
2022-08-16,NL,Groningen,pm25,48,27.0,67.0,51.0,755.59
2022-08-16,NL,Maastricht,pm25,95,5.0,59.0,30.0,1355.63
2022-08-16,NL,The Hague,pm25,72,39.0,99.0,71.0,1804.93
2022-08-16,PT,Lisbon,pm25,95,8.0,59.0,25.0,1471.98
2022-08-16,PT,Funchal,pm25,64,1.0,29.0,13.0,693.8
2022-08-16,CA,Hamilton,pm25,94,9.0,70.0,38.0,2180.12
2022-08-16,CA,Calgary,pm25,92,5.0,72.0,41.0,2274.47
2022-08-16,CA,Winnipeg,pm25,24,14.0,25.0,19.0,163.32
2022-08-16,CA,Halifax,pm25,46,15.0,25.0,19.0,48.41
2022-08-16,CA,Kitchener,pm25,45,17.0,63.0,38.0,1251.8
2022-08-16,CA,Edmonton,pm25,113,3.0,63.0,25.0,2020.23
2022-08-16,CA,Mississauga,pm25,69,9.0,50.0,21.0,970.29
2022-08-16,CA,Québec,pm25,164,22.0,42.0,31.0,169.56
2022-08-16,CA,Vancouver,pm25,23,11.0,37.0,20.0,546.13
2022-08-16,CA,Victoria,pm25,37,5.0,42.0,17.0,1081.04
2022-08-16,CA,Montréal,pm25,341,9.0,53.0,33.0,662.14
2022-08-16,CA,Toronto,pm25,139,9.0,59.0,25.0,1195.1
2022-08-16,CA,Ottawa,pm25,59,13.0,38.0,31.0,337.85
2022-08-16,CA,London,pm25,47,9.0,55.0,21.0,1273.48
2022-08-16,US,Oklahoma City,pm25,96,25.0,76.0,41.0,803.21
2022-08-16,US,Raleigh,pm25,70,5.0,50.0,25.0,1006.13
2022-08-16,US,Memphis,pm25,71,17.0,57.0,43.0,765.53
2022-08-16,US,Jackson,pm25,72,20.0,86.0,52.0,1247.02
2022-08-16,US,Boston,pm25,101,13.0,38.0,25.0,258.08
2022-08-16,US,Richmond,pm25,96,17.0,32.0,23.0,233.39
2022-08-16,US,Portland,pm25,160,5.0,55.0,14.0,498.56
2022-08-16,US,Boise,pm25,47,13.0,68.0,42.0,1650.57
2022-08-16,US,Austin,pm25,44,9.0,68.0,25.0,2417.01
2022-08-16,US,Honolulu,pm25,44,5.0,46.0,21.0,1020.57
2022-08-16,US,Fresno,pm25,46,33.0,81.0,55.0,1031.38
2022-08-16,US,Milwaukee,pm25,138,22.0,51.0,30.0,316.21
2022-08-16,US,Hartford,pm25,48,20.0,32.0,25.0,88.07
2022-08-16,US,Washington D.C.,pm25,117,9.0,42.0,21.0,326.3
2022-08-16,US,Chicago,pm25,236,1.0,66.0,27.0,1037.71
2022-08-16,US,Houston,pm25,93,8.0,67.0,30.0,1888.14
2022-08-16,US,Indianapolis,pm25,119,21.0,61.0,36.0,495.7
2022-08-16,US,Atlanta,pm25,24,42.0,60.0,51.0,232.59
2022-08-16,US,Charlotte,pm25,72,17.0,53.0,34.0,844.49
2022-08-16,US,Sacramento,pm25,71,13.0,83.0,53.0,2004.82
2022-08-16,US,Oakland,pm25,118,5.0,87.0,50.0,2456.27
2022-08-16,US,Providence,pm25,38,5.0,30.0,9.0,334.43
2022-08-16,US,Staten Island,pm25,77,1.0,57.0,21.0,1495.95
2022-08-16,US,Brooklyn,pm25,140,1.0,57.0,21.0,1026.39
2022-08-16,US,Springfield,pm25,72,10.0,57.0,38.0,702.38
2022-08-16,US,The Bronx,pm25,46,1.0,38.0,10.0,1089.16
2022-08-16,US,San Jose,pm25,91,5.0,89.0,55.0,4018.75
2022-08-16,US,Los Angeles,pm25,48,36.0,91.0,58.0,1054.31
2022-08-16,US,Detroit,pm25,166,19.0,59.0,34.0,732.99
2022-08-16,US,Little Rock,pm25,24,26.0,62.0,53.0,1016.45
2022-08-16,US,Baltimore,pm25,47,5.0,59.0,30.0,958.8
2022-08-16,US,Phoenix,pm25,181,1.0,45.0,19.0,752.65
2022-08-16,US,Omaha,pm25,35,5.0,65.0,21.0,1996.1
2022-08-16,US,El Paso,pm25,113,5.0,47.0,17.0,792.86
2022-08-16,US,Dallas,pm25,23,13.0,93.0,30.0,5529.76
2022-08-16,US,Seattle,pm25,245,5.0,57.0,21.0,1216.36
2022-08-16,US,Manhattan,pm25,70,3.0,39.0,15.0,799.51
2022-08-16,US,Miami,pm25,94,17.0,62.0,28.0,588.24
2022-08-16,US,Jacksonville,pm25,142,17.0,59.0,37.0,839.1
2022-08-16,US,San Antonio,pm25,93,7.0,60.0,35.0,1547.48
2022-08-16,US,Philadelphia,pm25,60,3.0,72.0,23.0,1669.52
2022-08-16,US,San Diego,pm25,24,45.0,59.0,52.0,179.11
2022-08-16,US,Columbus,pm25,48,22.0,44.0,29.0,255.53
2022-08-16,US,Saint Paul,pm25,111,9.0,53.0,30.0,753.53
2022-08-16,US,Denver,pm25,141,9.0,68.0,21.0,1406.31
2022-08-16,US,Salt Lake City,pm25,216,11.0,57.0,21.0,674.43
2022-08-16,US,Albuquerque,pm25,69,13.0,39.0,20.0,314.86
2022-08-16,US,San Francisco,pm25,71,9.0,107.0,50.0,2813.88
2022-08-16,US,Salem,pm25,70,7.0,34.0,11.0,158.88
2022-08-16,US,Madison,pm25,48,25.0,44.0,34.0,390.74
2022-08-16,US,Nashville,pm25,70,19.0,73.0,49.0,1151.06
2022-08-16,US,Tucson,pm25,146,5.0,57.0,17.0,766.41
2022-08-16,US,Queens,pm25,95,2.0,45.0,19.0,688.48
2022-08-16,US,Tallahassee,pm25,69,4.0,84.0,45.0,2581.22
2022-08-16,US,Fort Worth,pm25,47,5.0,55.0,35.0,1374.18
2022-08-16,RS,Novi Sad,pm25,48,21.0,86.0,27.0,1308.87
2022-08-16,RS,Niš,pm25,48,18.0,64.0,36.0,1185.85
2022-08-16,RS,Belgrade,pm25,120,16.0,68.0,36.0,1438.48
2022-08-16,CY,Nicosia,pm25,24,26.0,64.0,47.0,1087.17
2022-08-16,CY,Limassol,pm25,24,34.0,60.0,49.0,356.45
2022-08-16,HR,Zagreb,pm25,24,16.0,60.0,35.0,2323.89
2022-08-16,MK,Skopje,pm25,168,9.0,155.0,43.0,4703.97
2022-08-17,GE,Tbilisi,pm25,96,55.0,85.0,57.0,879.29
2022-08-17,HU,Győr,pm25,48,9.0,68.0,34.0,3647.64
2022-08-17,HU,Szeged,pm25,4,30.0,34.0,30.0,53.33
2022-08-17,HU,Pécs,pm25,72,17.0,38.0,25.0,396.27
2022-08-17,HU,Kecskemét,pm25,21,21.0,53.0,38.0,1638.57
2022-08-17,HU,Miskolc,pm25,113,25.0,91.0,42.0,1272.49
2022-08-17,HU,Budapest,pm25,245,17.0,61.0,34.0,1045.11
2022-08-17,JP,Fukuoka,pm25,361,5.0,50.0,13.0,623.79
2022-08-17,JP,Kanazawa,pm25,201,5.0,42.0,17.0,664.76
2022-08-17,JP,Kumamoto,pm25,286,5.0,65.0,17.0,1368.12
2022-08-17,JP,Akita,pm25,34,5.0,80.0,34.0,3257.43
2022-08-17,JP,Kochi,pm25,48,21.0,70.0,55.0,895.0
2022-08-17,JP,Gifu-shi,pm25,134,5.0,70.0,21.0,1650.3
2022-08-17,JP,Kyoto,pm25,515,5.0,61.0,21.0,1508.09
2022-08-17,JP,Hiroshima,pm25,270,5.0,76.0,25.0,2851.78
2022-08-17,JP,Shizuoka,pm25,217,5.0,63.0,21.0,1739.87
2022-08-17,JP,Chiba,pm25,758,5.0,152.0,34.0,3229.81
2022-08-17,JP,Sapporo,pm25,198,5.0,78.0,21.0,1736.43
2022-08-17,JP,Yokohama,pm25,515,1.0,80.0,34.0,1837.04
2022-08-17,JP,Tokyo,pm25,2488,1.0,149.0,34.0,1525.22
2022-08-17,JP,Saitama,pm25,495,5.0,72.0,34.0,979.8
2022-08-17,JP,Naha,pm25,121,5.0,42.0,13.0,887.17
2022-08-17,JP,Nagasaki,pm25,159,5.0,63.0,13.0,840.69
2022-08-17,JP,Toyama,pm25,170,5.0,61.0,21.0,1353.64
2022-08-17,JP,Niigata,pm25,209,5.0,42.0,21.0,529.31
2022-08-17,JP,Nara-shi,pm25,187,5.0,57.0,21.0,1670.31
2022-08-17,JP,Okayama,pm25,270,5.0,78.0,30.0,1972.6
2022-08-17,JP,Sendai,pm25,471,5.0,53.0,21.0,583.48
2022-08-17,JP,Osaka,pm25,1349,5.0,89.0,25.0,2353.85
2022-08-17,JP,Miyazaki,pm25,136,9.0,91.0,53.0,2778.51
2022-08-17,JP,Matsuyama,pm25,161,9.0,91.0,38.0,2903.03
2022-08-17,JP,Wakayama,pm25,283,5.0,72.0,34.0,2422.29
2022-08-17,JP,Takamatsu,pm25,227,5.0,74.0,21.0,1897.27
2022-08-17,JP,Nagoya,pm25,748,5.0,117.0,21.0,1389.75
2022-08-17,JP,Ōita,pm25,207,5.0,57.0,21.0,1655.58
2022-08-17,JP,Kobe,pm25,412,5.0,102.0,25.0,2472.06
2022-08-17,JP,Nagano,pm25,65,5.0,55.0,17.0,801.21
2022-08-17,JP,Utsunomiya,pm25,455,9.0,65.0,30.0,929.85
2022-08-17,JP,Kagoshima,pm25,86,5.0,85.0,17.0,4069.02
2022-08-17,SK,Košice,pm25,94,30.0,176.0,68.0,4916.5
2022-08-17,SK,Bratislava,pm25,95,5.0,152.0,46.0,6867.98
2022-08-17,FI,Vantaa,pm25,24,47.0,64.0,54.0,169.11
2022-08-17,FI,Turku,pm25,24,15.0,57.0,48.0,2156.74
2022-08-17,FI,Helsinki,pm25,120,42.0,77.0,56.0,415.62
2022-08-17,FI,Tampere,pm25,96,17.0,71.0,55.0,1605.89
2022-08-17,ET,Addis Ababa,pm25,24,30.0,156.0,87.0,14717.3
2022-08-17,CH,Zürich,pm25,22,2.0,4.0,2.0,3.55
2022-08-17,CO,Bogotá,pm25,311,5.0,142.0,57.0,5254.01
2022-08-17,CO,Medellín,pm25,255,13.0,78.0,50.0,1898.04
2022-08-17,DK,Copenhagen,pm25,24,2.0,75.0,56.0,1992.75
2022-08-17,GB,Edinburgh,pm25,249,8.0,25.0,13.0,74.52
2022-08-17,GB,Norwich,pm25,24,15.0,68.0,59.0,1204.18
2022-08-17,GB,Liverpool,pm25,46,11.0,61.0,25.0,895.88
2022-08-17,GB,Belfast,pm25,39,10.0,34.0,21.0,225.88
2022-08-17,GB,Coventry,pm25,72,11.0,55.0,30.0,1621.68
2022-08-17,GB,Leeds,pm25,34,13.0,30.0,21.0,257.09
2022-08-17,GB,Cardiff,pm25,137,5.0,61.0,34.0,2381.73
2022-08-17,GB,Bristol,pm25,70,13.0,63.0,46.0,961.5
2022-08-17,GB,London,pm25,384,3.0,163.0,61.0,5851.95
2022-08-17,GB,Birmingham,pm25,48,16.0,61.0,35.0,1580.41
2022-08-17,GB,Sheffield,pm25,82,17.0,55.0,24.0,369.64
2022-08-17,GB,Newport,pm25,45,3.0,43.0,20.0,1498.0
2022-08-17,GB,Leicester,pm25,23,5.0,53.0,25.0,1666.8
2022-08-17,GB,Manchester,pm25,78,4.0,41.0,22.0,1040.57
2022-08-17,GB,Reading,pm25,48,5.0,85.0,42.0,6172.32
2022-08-17,GB,Plymouth,pm25,33,13.0,39.0,30.0,701.53
2022-08-17,GB,Glasgow,pm25,569,5.0,42.0,13.0,166.54
2022-08-17,GB,Preston,pm25,46,6.0,26.0,18.0,210.83
2022-08-17,GB,Swansea,pm25,122,5.0,42.0,21.0,768.36
2022-08-17,GB,Southend-on-Sea,pm25,44,34.0,136.0,68.0,5949.81
2022-08-17,ID,Jakarta,pm25,71,55.0,159.0,91.0,4202.05
2022-08-17,NP,Kathmandu,pm25,72,25.0,84.0,59.0,2004.23
2022-08-17,NP,Biratnagar,pm25,24,43.0,176.0,62.0,12510.4
2022-08-17,AU,Sydney,pm25,155,1.0,61.0,16.0,1281.29
2022-08-17,AU,Newcastle,pm25,131,1.0,98.0,19.0,3804.82
2022-08-17,AU,Launceston,pm25,160,5.0,192.0,17.0,10702.5
2022-08-17,AU,Hobart,pm25,67,5.0,61.0,13.0,3014.77
2022-08-17,AU,Darwin,pm25,69,3.0,154.0,67.0,13105.6
2022-08-17,AU,Melbourne,pm25,160,1.0,51.0,19.0,1212.43
2022-08-17,AU,Canberra,pm25,61,3.0,69.0,26.0,2469.83
2022-08-17,AU,Adelaide,pm25,91,5.0,54.0,17.0,691.53
2022-08-17,AU,Brisbane,pm25,216,1.0,66.0,18.0,1591.99
2022-08-17,AU,Perth,pm25,58,2.0,51.0,7.0,475.74
2022-08-17,AU,Wollongong,pm25,39,2.0,48.0,19.0,1715.87
2022-08-17,CI,Abidjan,pm25,24,50.0,91.0,72.0,1744.33
2022-08-17,GH,Accra,pm25,24,30.0,72.0,50.0,1222.88
2022-08-17,IQ,Baghdad,pm25,24,152.0,420.0,205.0,71691.7
2022-08-17,IS,Reykjavík,pm25,96,4.0,23.0,15.0,241.88
2022-08-17,KG,Bishkek,pm25,24,53.0,122.0,61.0,2266.79
2022-08-17,NL,Utrecht,pm25,48,15.0,91.0,52.0,2707.76
2022-08-17,NL,Nijmegen,pm25,48,54.0,92.0,73.0,939.13
2022-08-17,NL,Haarlem,pm25,142,2.0,101.0,50.0,4244.63
2022-08-17,NL,Eindhoven,pm25,24,34.0,98.0,70.0,2305.63
2022-08-17,NL,Rotterdam,pm25,192,30.0,114.0,61.0,2805.91
2022-08-17,NL,Amsterdam,pm25,264,9.0,97.0,56.0,3728.82
2022-08-17,NL,Dordrecht,pm25,21,34.0,89.0,59.0,2094.33
2022-08-17,NL,Breda,pm25,24,44.0,108.0,70.0,2347.23
2022-08-17,NL,Groningen,pm25,48,18.0,80.0,50.0,2552.75
2022-08-17,NL,Maastricht,pm25,94,17.0,68.0,42.0,1518.22
2022-08-17,NL,The Hague,pm25,72,3.0,115.0,56.0,5891.41
2022-08-17,PT,Lisbon,pm25,88,10.0,51.0,18.0,832.87
2022-08-17,PT,Funchal,pm25,68,1.0,30.0,12.0,839.07
2022-08-17,CA,Hamilton,pm25,92,9.0,57.0,25.0,1678.98
2022-08-17,CA,Calgary,pm25,92,8.0,51.0,22.0,936.33
2022-08-17,CA,Winnipeg,pm25,24,23.0,38.0,34.0,199.93
2022-08-17,CA,Halifax,pm25,46,2.0,40.0,16.0,853.97
2022-08-17,CA,Kitchener,pm25,48,9.0,76.0,30.0,1484.43
2022-08-17,CA,Edmonton,pm25,115,4.0,106.0,18.0,2033.75
2022-08-17,CA,Mississauga,pm25,71,13.0,137.0,25.0,2519.13
2022-08-17,CA,Québec,pm25,142,22.0,47.0,33.0,173.68
2022-08-17,CA,Vancouver,pm25,22,12.0,60.0,25.0,2943.23
2022-08-17,CA,Victoria,pm25,45,5.0,57.0,21.0,1362.09
2022-08-17,CA,Montréal,pm25,307,12.0,55.0,33.0,628.56
2022-08-17,CA,Toronto,pm25,141,9.0,61.0,25.0,1700.94
2022-08-17,CA,Ottawa,pm25,70,9.0,38.0,31.0,385.4
2022-08-17,CA,London,pm25,45,5.0,38.0,21.0,915.64
2022-08-17,US,Oklahoma City,pm25,96,16.0,53.0,26.0,644.14
2022-08-17,US,Raleigh,pm25,69,5.0,46.0,25.0,894.01
2022-08-17,US,Memphis,pm25,72,17.0,46.0,31.0,528.29
2022-08-17,US,Jackson,pm25,71,22.0,66.0,43.0,854.84
2022-08-17,US,Boston,pm25,140,9.0,124.0,30.0,1631.7
2022-08-17,US,Richmond,pm25,86,22.0,35.0,29.0,106.29
2022-08-17,US,Portland,pm25,167,13.0,68.0,24.0,915.38
2022-08-17,US,Boise,pm25,48,34.0,104.0,61.0,2350.74
2022-08-17,US,Austin,pm25,47,5.0,65.0,34.0,2166.03
2022-08-17,US,Honolulu,pm25,43,5.0,46.0,17.0,934.09
2022-08-17,US,Fresno,pm25,46,41.0,158.0,59.0,3865.16
2022-08-17,US,Milwaukee,pm25,144,23.0,58.0,37.0,598.9
2022-08-17,US,Hartford,pm25,43,22.0,35.0,28.0,134.76
2022-08-17,US,Washington D.C.,pm25,97,5.0,119.0,25.0,1504.8
2022-08-17,US,Chicago,pm25,238,8.0,62.0,34.0,1057.04
2022-08-17,US,Houston,pm25,96,2.0,63.0,31.0,2035.25
2022-08-17,US,Indianapolis,pm25,119,19.0,62.0,34.0,654.85
2022-08-17,US,Atlanta,pm25,24,30.0,51.0,40.0,425.15
2022-08-17,US,Charlotte,pm25,72,9.0,53.0,30.0,654.3
2022-08-17,US,Sacramento,pm25,72,37.0,72.0,57.0,813.66
2022-08-17,US,Oakland,pm25,111,5.0,57.0,21.0,1038.78
2022-08-17,US,Providence,pm25,36,5.0,30.0,13.0,419.07
2022-08-17,US,Staten Island,pm25,78,3.0,59.0,27.0,2009.0
2022-08-17,US,Brooklyn,pm25,140,2.0,103.0,23.0,2023.31
2022-08-17,US,Springfield,pm25,72,23.0,60.0,35.0,416.52
2022-08-17,US,The Bronx,pm25,44,2.0,51.0,10.0,1850.59
2022-08-17,US,San Jose,pm25,87,5.0,80.0,38.0,2494.24
2022-08-17,US,Los Angeles,pm25,48,21.0,75.0,45.0,1627.12
2022-08-17,US,Detroit,pm25,56,31.0,69.0,45.0,611.99
2022-08-17,US,Little Rock,pm25,24,10.0,46.0,23.0,977.37
2022-08-17,US,Baltimore,pm25,48,9.0,63.0,34.0,1424.04
2022-08-17,US,Phoenix,pm25,184,3.0,159.0,21.0,2630.5
2022-08-17,US,Omaha,pm25,45,5.0,55.0,25.0,1438.0
2022-08-17,US,El Paso,pm25,124,5.0,73.0,20.0,1361.22
2022-08-17,US,Dallas,pm25,23,5.0,65.0,34.0,2951.74
2022-08-17,US,Seattle,pm25,254,5.0,59.0,23.0,1574.13
2022-08-17,US,Manhattan,pm25,72,3.0,45.0,15.0,989.14
2022-08-17,US,Miami,pm25,94,20.0,35.0,28.0,155.05
2022-08-17,US,Jacksonville,pm25,137,4.0,68.0,43.0,1745.94
2022-08-17,US,San Antonio,pm25,91,11.0,70.0,42.0,1696.49
2022-08-17,US,Philadelphia,pm25,95,2.0,101.0,29.0,2020.26
2022-08-17,US,San Diego,pm25,24,30.0,55.0,49.0,809.28
2022-08-17,US,Columbus,pm25,48,14.0,46.0,28.0,302.34
2022-08-17,US,Saint Paul,pm25,102,1.0,70.0,29.0,1478.37
2022-08-17,US,Denver,pm25,148,9.0,61.0,21.0,1586.52
2022-08-17,US,Salt Lake City,pm25,216,13.0,70.0,21.0,625.17
2022-08-17,US,Albuquerque,pm25,70,17.0,43.0,26.0,286.2
2022-08-17,US,San Francisco,pm25,63,5.0,38.0,21.0,1046.04
2022-08-17,US,Salem,pm25,68,15.0,51.0,25.0,771.49
2022-08-17,US,Madison,pm25,48,27.0,55.0,35.0,439.56
2022-08-17,US,Nashville,pm25,67,5.0,67.0,50.0,1088.58
2022-08-17,US,Tucson,pm25,152,5.0,38.0,17.0,533.87
2022-08-17,US,Queens,pm25,94,1.0,45.0,21.0,1287.68
2022-08-17,US,Tallahassee,pm25,72,20.0,80.0,51.0,1287.31
2022-08-17,US,Fort Worth,pm25,47,9.0,59.0,37.0,1660.18
2022-08-17,RS,Novi Sad,pm25,48,18.0,42.0,26.0,348.29
2022-08-17,RS,Niš,pm25,48,16.0,60.0,37.0,1627.3
2022-08-17,RS,Belgrade,pm25,120,17.0,64.0,34.0,1218.46
2022-08-17,CY,Nicosia,pm25,24,12.0,80.0,39.0,2364.28
2022-08-17,CY,Limassol,pm25,24,32.0,62.0,52.0,605.15
2022-08-17,HR,Zagreb,pm25,24,28.0,59.0,47.0,1219.11
2022-08-17,MK,Skopje,pm25,168,5.0,99.0,42.0,3368.53
2022-08-18,GE,Tbilisi,pm25,96,55.0,86.0,62.0,952.84
2022-08-18,HU,Győr,pm25,48,17.0,78.0,55.0,4303.55
2022-08-18,HU,Pécs,pm25,63,30.0,57.0,38.0,608.34
2022-08-18,HU,Kecskemét,pm25,23,25.0,68.0,50.0,1649.01
2022-08-18,HU,Miskolc,pm25,117,38.0,80.0,57.0,1063.01
2022-08-18,HU,Budapest,pm25,263,17.0,68.0,42.0,1104.04
2022-08-18,JP,Fukuoka,pm25,382,5.0,93.0,30.0,2442.35
2022-08-18,JP,Kanazawa,pm25,175,5.0,57.0,17.0,653.72
2022-08-18,JP,Kumamoto,pm25,294,5.0,59.0,17.0,1108.9
2022-08-18,JP,Akita,pm25,31,5.0,57.0,21.0,1913.81
2022-08-18,JP,Kochi,pm25,48,9.0,68.0,34.0,2128.68
2022-08-18,JP,Gifu-shi,pm25,134,5.0,70.0,17.0,1999.25
2022-08-18,JP,Kyoto,pm25,541,5.0,63.0,30.0,1757.44
2022-08-18,JP,Hiroshima,pm25,288,5.0,65.0,30.0,2048.95
2022-08-18,JP,Shizuoka,pm25,230,5.0,78.0,17.0,1866.6
2022-08-18,JP,Chiba,pm25,711,5.0,109.0,25.0,2010.92
2022-08-18,JP,Sapporo,pm25,206,5.0,53.0,25.0,1125.46
2022-08-18,JP,Yokohama,pm25,512,1.0,70.0,30.0,1660.77
2022-08-18,JP,Tokyo,pm25,2414,1.0,114.0,25.0,1542.28
2022-08-18,JP,Saitama,pm25,471,5.0,72.0,25.0,1089.81
2022-08-18,JP,Naha,pm25,134,5.0,46.0,13.0,1383.1
2022-08-18,JP,Nagasaki,pm25,171,5.0,57.0,21.0,1086.44
2022-08-18,JP,Toyama,pm25,161,5.0,68.0,17.0,1281.19
2022-08-18,JP,Niigata,pm25,197,5.0,42.0,17.0,491.15
2022-08-18,JP,Nara-shi,pm25,186,5.0,151.0,25.0,2327.81
2022-08-18,JP,Okayama,pm25,279,5.0,70.0,30.0,1560.96
2022-08-18,JP,Sendai,pm25,440,5.0,55.0,13.0,1115.57
2022-08-18,JP,Osaka,pm25,1379,5.0,119.0,25.0,1882.26
2022-08-18,JP,Miyazaki,pm25,134,5.0,205.0,46.0,6457.93
2022-08-18,JP,Matsuyama,pm25,150,5.0,85.0,34.0,3109.23
2022-08-18,JP,Wakayama,pm25,276,5.0,72.0,21.0,1211.59
2022-08-18,JP,Takamatsu,pm25,228,5.0,53.0,25.0,1240.89
2022-08-18,JP,Nagoya,pm25,710,1.0,76.0,17.0,1009.53
2022-08-18,JP,Ōita,pm25,227,5.0,61.0,25.0,2673.3
2022-08-18,JP,Kobe,pm25,409,5.0,72.0,25.0,1603.68
2022-08-18,JP,Nagano,pm25,55,5.0,42.0,17.0,953.62
2022-08-18,JP,Utsunomiya,pm25,421,5.0,59.0,25.0,1093.17
2022-08-18,JP,Kagoshima,pm25,86,5.0,59.0,13.0,1349.32
2022-08-18,SK,Košice,pm25,96,42.0,122.0,65.0,1550.94
2022-08-18,SK,Bratislava,pm25,95,13.0,124.0,53.0,4910.06
2022-08-18,FI,Vantaa,pm25,24,42.0,82.0,56.0,1212.1
2022-08-18,FI,Turku,pm25,24,17.0,64.0,51.0,2832.17
2022-08-18,FI,Helsinki,pm25,120,35.0,101.0,56.0,1858.76
2022-08-18,FI,Tampere,pm25,96,25.0,67.0,51.0,1021.25
2022-08-18,ET,Addis Ababa,pm25,24,55.0,206.0,112.0,21696.9
2022-08-18,CH,Zürich,pm25,23,1.0,5.0,3.0,14.55
2022-08-18,CO,Bogotá,pm25,299,9.0,163.0,76.0,6019.41
2022-08-18,CO,Medellín,pm25,262,21.0,87.0,57.0,1603.81
2022-08-18,DK,Copenhagen,pm25,24,22.0,75.0,60.0,1240.87
2022-08-18,GB,Edinburgh,pm25,260,2.0,85.0,15.0,1888.52
2022-08-18,GB,Norwich,pm25,24,14.0,72.0,24.0,2256.23
2022-08-18,GB,Liverpool,pm25,36,19.0,63.0,38.0,1087.71
2022-08-18,GB,Belfast,pm25,45,11.0,35.0,21.0,154.77
2022-08-18,GB,Coventry,pm25,59,5.0,58.0,30.0,1361.71
2022-08-18,GB,Leeds,pm25,43,13.0,42.0,25.0,681.12
2022-08-18,GB,Cardiff,pm25,136,5.0,63.0,46.0,1979.69
2022-08-18,GB,Bristol,pm25,65,21.0,59.0,34.0,977.95
2022-08-18,GB,London,pm25,399,1.0,93.0,38.0,2008.85
2022-08-18,GB,Birmingham,pm25,43,6.0,48.0,30.0,895.81
2022-08-18,GB,Sheffield,pm25,88,8.0,46.0,25.0,437.05
2022-08-18,GB,Newport,pm25,46,4.0,50.0,21.0,1805.18
2022-08-18,GB,Leicester,pm25,21,6.0,53.0,27.0,1542.0
2022-08-18,GB,Manchester,pm25,67,14.0,50.0,28.0,917.06
2022-08-18,GB,Reading,pm25,44,5.0,46.0,17.0,1186.7
2022-08-18,GB,Plymouth,pm25,31,17.0,41.0,25.0,503.7
2022-08-18,GB,Glasgow,pm25,572,3.0,32.0,17.0,269.82
2022-08-18,GB,Preston,pm25,41,8.0,36.0,25.0,539.74
2022-08-18,GB,Swansea,pm25,150,5.0,63.0,21.0,2013.78
2022-08-18,GB,Southend-on-Sea,pm25,46,23.0,63.0,44.0,806.09
2022-08-18,ID,Jakarta,pm25,68,61.0,162.0,85.0,5346.96
2022-08-18,NP,Kathmandu,pm25,70,25.0,87.0,60.0,2447.73
2022-08-18,NP,Biratnagar,pm25,24,47.0,108.0,60.0,1391.58
2022-08-18,AU,Sydney,pm25,158,1.0,64.0,27.0,1864.17
2022-08-18,AU,Newcastle,pm25,140,2.0,64.0,30.0,2523.32
2022-08-18,AU,Launceston,pm25,152,5.0,46.0,9.0,415.95
2022-08-18,AU,Hobart,pm25,26,5.0,9.0,5.0,6.15
2022-08-18,AU,Darwin,pm25,72,12.0,154.0,62.0,7674.83
2022-08-18,AU,Melbourne,pm25,135,1.0,37.0,12.0,856.83
2022-08-18,AU,Canberra,pm25,57,4.0,58.0,20.0,2134.27
2022-08-18,AU,Adelaide,pm25,85,3.0,65.0,17.0,861.38
2022-08-18,AU,Brisbane,pm25,216,7.0,81.0,34.0,1572.37
2022-08-18,AU,Perth,pm25,70,2.0,29.0,9.0,420.08
2022-08-18,AU,Wollongong,pm25,39,1.0,44.0,12.0,1223.36
2022-08-18,CI,Abidjan,pm25,24,46.0,82.0,61.0,728.62
2022-08-18,GH,Accra,pm25,24,25.0,122.0,59.0,4825.43
2022-08-18,IQ,Baghdad,pm25,24,152.0,220.0,170.0,2600.58
2022-08-18,IS,Reykjavík,pm25,96,4.0,22.0,12.0,108.21
2022-08-18,KG,Bishkek,pm25,24,57.0,85.0,63.0,435.58
2022-08-18,NL,Utrecht,pm25,46,4.0,56.0,25.0,1714.86
2022-08-18,NL,Nijmegen,pm25,46,15.0,98.0,43.0,4296.55
2022-08-18,NL,Haarlem,pm25,133,1.0,95.0,26.0,2636.79
2022-08-18,NL,Eindhoven,pm25,24,44.0,85.0,61.0,1588.68
2022-08-18,NL,Rotterdam,pm25,190,8.0,68.0,29.0,1318.8
2022-08-18,NL,Amsterdam,pm25,254,1.0,75.0,23.0,1524.16
2022-08-18,NL,Breda,pm25,24,29.0,74.0,56.0,1826.88
2022-08-18,NL,Groningen,pm25,46,1.0,52.0,15.0,1080.02
2022-08-18,NL,Maastricht,pm25,95,21.0,99.0,55.0,2990.09
2022-08-18,NL,The Hague,pm25,65,1.0,48.0,22.0,1606.12
2022-08-18,PT,Lisbon,pm25,93,11.0,52.0,21.0,1155.79
2022-08-18,PT,Funchal,pm25,60,1.0,33.0,15.0,887.9
2022-08-18,CA,Hamilton,pm25,78,5.0,50.0,25.0,1326.49
2022-08-18,CA,Calgary,pm25,92,9.0,73.0,39.0,1862.44
2022-08-18,CA,Winnipeg,pm25,24,25.0,49.0,29.0,342.16
2022-08-18,CA,Halifax,pm25,46,6.0,30.0,18.0,476.87
2022-08-18,CA,Kitchener,pm25,44,9.0,46.0,30.0,1132.26
2022-08-18,CA,Edmonton,pm25,117,2.0,87.0,25.0,2151.14
2022-08-18,CA,Mississauga,pm25,71,9.0,122.0,30.0,4980.29
2022-08-18,CA,Québec,pm25,168,5.0,56.0,27.0,716.17
2022-08-18,CA,Vancouver,pm25,23,25.0,58.0,29.0,638.97
2022-08-18,CA,Victoria,pm25,46,17.0,70.0,30.0,1581.63
2022-08-18,CA,Montréal,pm25,303,9.0,55.0,24.0,736.84
2022-08-18,CA,Toronto,pm25,142,9.0,61.0,30.0,1255.4
2022-08-18,CA,Ottawa,pm25,62,13.0,67.0,30.0,713.04
2022-08-18,CA,London,pm25,48,9.0,59.0,34.0,2078.72
2022-08-18,US,Oklahoma City,pm25,96,9.0,45.0,22.0,470.82
2022-08-18,US,Raleigh,pm25,69,5.0,59.0,33.0,1233.06
2022-08-18,US,Memphis,pm25,71,21.0,58.0,38.0,546.74
2022-08-18,US,Jackson,pm25,72,14.0,56.0,30.0,1467.18
2022-08-18,US,Boston,pm25,126,9.0,68.0,25.0,1140.87
2022-08-18,US,Richmond,pm25,83,23.0,38.0,31.0,120.28
2022-08-18,US,Portland,pm25,168,30.0,69.0,51.0,864.9
2022-08-18,US,Boise,pm25,48,21.0,109.0,68.0,5370.78
2022-08-18,US,Austin,pm25,41,5.0,68.0,25.0,2046.06
2022-08-18,US,Honolulu,pm25,30,5.0,34.0,9.0,641.2
2022-08-18,US,Fresno,pm25,48,31.0,92.0,59.0,1955.25
2022-08-18,US,Milwaukee,pm25,144,28.0,66.0,42.0,638.04
2022-08-18,US,Hartford,pm25,48,24.0,39.0,30.0,137.94
2022-08-18,US,Washington D.C.,pm25,89,5.0,38.0,25.0,666.27
2022-08-18,US,Chicago,pm25,240,19.0,76.0,41.0,992.51
2022-08-18,US,Houston,pm25,94,5.0,63.0,32.0,1472.68
2022-08-18,US,Indianapolis,pm25,118,19.0,99.0,48.0,1831.09
2022-08-18,US,Atlanta,pm25,24,37.0,54.0,45.0,207.54
2022-08-18,US,Charlotte,pm25,71,19.0,55.0,34.0,713.87
2022-08-18,US,Sacramento,pm25,72,17.0,68.0,46.0,1434.71
2022-08-18,US,Oakland,pm25,113,5.0,42.0,17.0,806.63
2022-08-18,US,Providence,pm25,38,5.0,38.0,9.0,824.18
2022-08-18,US,Staten Island,pm25,79,1.0,57.0,26.0,1871.47
2022-08-18,US,Brooklyn,pm25,142,2.0,63.0,28.0,1964.35
2022-08-18,US,Springfield,pm25,71,6.0,68.0,38.0,1418.74
2022-08-18,US,The Bronx,pm25,48,2.0,61.0,12.0,2441.54
2022-08-18,US,San Jose,pm25,91,5.0,63.0,30.0,2180.52
2022-08-18,US,Los Angeles,pm25,48,19.0,67.0,41.0,1248.35
2022-08-18,US,Detroit,pm25,84,29.0,136.0,45.0,2389.55
2022-08-18,US,Little Rock,pm25,24,24.0,62.0,45.0,1237.1
2022-08-18,US,Baltimore,pm25,48,9.0,66.0,29.0,1786.65
2022-08-18,US,Phoenix,pm25,190,3.0,78.0,23.0,1283.96
2022-08-18,US,Omaha,pm25,47,9.0,78.0,25.0,2153.28
2022-08-18,US,El Paso,pm25,121,1.0,53.0,18.0,1155.0
2022-08-18,US,Dallas,pm25,22,5.0,42.0,21.0,934.22
2022-08-18,US,Seattle,pm25,261,13.0,91.0,50.0,2685.81
2022-08-18,US,Manhattan,pm25,72,3.0,50.0,15.0,1350.66
2022-08-18,US,Miami,pm25,93,20.0,44.0,32.0,211.0
2022-08-18,US,Jacksonville,pm25,139,1.0,77.0,38.0,1898.54
2022-08-18,US,San Antonio,pm25,90,4.0,55.0,24.0,1643.95
2022-08-18,US,Philadelphia,pm25,93,3.0,84.0,35.0,2447.36
2022-08-18,US,San Diego,pm25,24,30.0,45.0,40.0,231.58
2022-08-18,US,Columbus,pm25,48,13.0,51.0,30.0,669.43
2022-08-18,US,Saint Paul,pm25,141,3.0,69.0,25.0,1234.09
2022-08-18,US,Denver,pm25,142,17.0,50.0,30.0,399.31
2022-08-18,US,Salt Lake City,pm25,216,16.0,63.0,28.0,931.64
2022-08-18,US,Albuquerque,pm25,72,12.0,43.0,27.0,429.0
2022-08-18,US,San Francisco,pm25,59,5.0,38.0,17.0,799.12
2022-08-18,US,Salem,pm25,72,15.0,66.0,46.0,1099.5
2022-08-18,US,Madison,pm25,48,28.0,56.0,34.0,719.57
2022-08-18,US,Nashville,pm25,72,15.0,64.0,42.0,1291.83
2022-08-18,US,Tucson,pm25,141,5.0,34.0,13.0,418.04
2022-08-18,US,Queens,pm25,96,6.0,60.0,28.0,1976.68
2022-08-18,US,Tallahassee,pm25,70,3.0,68.0,33.0,2305.39
2022-08-18,US,Fort Worth,pm25,47,3.0,43.0,26.0,902.97
2022-08-18,RS,Novi Sad,pm25,48,20.0,66.0,33.0,1507.97
2022-08-18,RS,Niš,pm25,48,16.0,60.0,43.0,1723.55
2022-08-18,RS,Belgrade,pm25,120,15.0,96.0,48.0,2378.74
2022-08-18,CY,Nicosia,pm25,23,28.0,79.0,57.0,2220.4
2022-08-18,CY,Limassol,pm25,24,44.0,79.0,56.0,946.5
2022-08-18,HR,Zagreb,pm25,24,28.0,58.0,52.0,985.63
2022-08-18,MK,Skopje,pm25,168,15.0,124.0,46.0,3500.8
2022-08-19,GE,Tbilisi,pm25,96,67.0,113.0,76.0,1935.6
2022-08-19,HU,Győr,pm25,46,38.0,119.0,70.0,3778.36
2022-08-19,HU,Pécs,pm25,60,38.0,50.0,46.0,219.25
2022-08-19,HU,Kecskemét,pm25,24,34.0,65.0,57.0,1237.37
2022-08-19,HU,Miskolc,pm25,106,30.0,85.0,50.0,1534.09
2022-08-19,HU,Budapest,pm25,258,25.0,70.0,46.0,902.68
2022-08-19,JP,Fukuoka,pm25,378,5.0,85.0,30.0,2021.35
2022-08-19,JP,Kanazawa,pm25,217,5.0,46.0,17.0,735.44
2022-08-19,JP,Kumamoto,pm25,285,5.0,89.0,21.0,2085.41
2022-08-19,JP,Akita,pm25,41,5.0,70.0,17.0,3482.05
2022-08-19,JP,Kochi,pm25,48,13.0,61.0,46.0,1722.62
2022-08-19,JP,Gifu-shi,pm25,157,5.0,70.0,25.0,2394.03
2022-08-19,JP,Kyoto,pm25,562,5.0,74.0,46.0,2332.36
2022-08-19,JP,Hiroshima,pm25,310,5.0,80.0,38.0,2333.91
2022-08-19,JP,Shizuoka,pm25,229,5.0,74.0,30.0,2463.93
2022-08-19,JP,Chiba,pm25,654,5.0,144.0,21.0,2952.41
2022-08-19,JP,Sapporo,pm25,207,5.0,70.0,21.0,1294.75
2022-08-19,JP,Yokohama,pm25,522,1.0,70.0,30.0,1702.73
2022-08-19,JP,Tokyo,pm25,2466,5.0,142.0,25.0,2170.23
2022-08-19,JP,Saitama,pm25,466,5.0,78.0,25.0,1629.68
2022-08-19,JP,Naha,pm25,134,5.0,38.0,17.0,906.78
2022-08-19,JP,Nagasaki,pm25,165,5.0,50.0,17.0,919.95
2022-08-19,JP,Toyama,pm25,175,5.0,57.0,25.0,1273.76
2022-08-19,JP,Niigata,pm25,203,9.0,42.0,25.0,536.68
2022-08-19,JP,Nara-shi,pm25,188,9.0,61.0,34.0,1528.76
2022-08-19,JP,Okayama,pm25,282,9.0,76.0,42.0,1665.72
2022-08-19,JP,Sendai,pm25,472,5.0,57.0,21.0,841.01
2022-08-19,JP,Osaka,pm25,1454,5.0,85.0,34.0,2206.65
2022-08-19,JP,Miyazaki,pm25,130,5.0,85.0,38.0,2972.62
2022-08-19,JP,Matsuyama,pm25,153,5.0,68.0,34.0,2270.69
2022-08-19,JP,Wakayama,pm25,286,5.0,97.0,38.0,1501.45
2022-08-19,JP,Takamatsu,pm25,238,5.0,74.0,38.0,1498.79
2022-08-19,JP,Nagoya,pm25,772,5.0,406.0,25.0,3930.41
2022-08-19,JP,Ōita,pm25,252,5.0,85.0,42.0,2630.4
2022-08-19,JP,Kobe,pm25,415,5.0,85.0,38.0,2027.84
2022-08-19,JP,Nagano,pm25,60,5.0,61.0,21.0,1748.63
2022-08-19,JP,Utsunomiya,pm25,414,5.0,63.0,25.0,1194.99
2022-08-19,JP,Kagoshima,pm25,87,5.0,61.0,13.0,1552.37
2022-08-19,SK,Košice,pm25,96,38.0,155.0,65.0,3175.93
2022-08-19,SK,Bratislava,pm25,94,9.0,104.0,46.0,4430.21
2022-08-19,FI,Vantaa,pm25,24,59.0,86.0,69.0,527.75
2022-08-19,FI,Turku,pm25,24,52.0,72.0,62.0,360.58
2022-08-19,FI,Helsinki,pm25,120,38.0,87.0,62.0,869.46
2022-08-19,FI,Tampere,pm25,96,17.0,87.0,62.0,1980.31
2022-08-19,ET,Addis Ababa,pm25,24,65.0,230.0,114.0,19058.0
2022-08-19,CH,Zürich,pm25,20,1.0,4.0,2.0,4.63
2022-08-19,CO,Bogotá,pm25,293,9.0,164.0,61.0,7230.45
2022-08-19,CO,Medellín,pm25,266,30.0,109.0,61.0,1755.65
2022-08-19,DK,Copenhagen,pm25,24,14.0,89.0,58.0,2751.29
2022-08-19,GB,Edinburgh,pm25,267,6.0,74.0,18.0,997.73
2022-08-19,GB,Norwich,pm25,13,34.0,67.0,37.0,959.1
2022-08-19,GB,Liverpool,pm25,37,17.0,55.0,27.0,952.15
2022-08-19,GB,Belfast,pm25,48,17.0,38.0,24.0,222.11
2022-08-19,GB,Coventry,pm25,64,5.0,28.0,21.0,289.92
2022-08-19,GB,Leeds,pm25,38,13.0,50.0,25.0,690.33
2022-08-19,GB,Cardiff,pm25,96,25.0,59.0,42.0,1023.79
2022-08-19,GB,Bristol,pm25,67,9.0,59.0,38.0,2626.36
2022-08-19,GB,London,pm25,410,1.0,65.0,25.0,1960.48
2022-08-19,GB,Birmingham,pm25,38,8.0,32.0,24.0,321.31
2022-08-19,GB,Sheffield,pm25,75,9.0,165.0,23.0,3031.45
2022-08-19,GB,Newport,pm25,48,4.0,30.0,17.0,383.51
2022-08-19,GB,Leicester,pm25,22,6.0,32.0,21.0,334.91
2022-08-19,GB,Manchester,pm25,72,16.0,38.0,25.0,303.05
2022-08-19,GB,Reading,pm25,32,5.0,42.0,17.0,814.03
2022-08-19,GB,Plymouth,pm25,45,9.0,38.0,25.0,709.09
2022-08-19,GB,Glasgow,pm25,566,5.0,34.0,22.0,273.37
2022-08-19,GB,Preston,pm25,36,10.0,38.0,25.0,636.09
2022-08-19,GB,Swansea,pm25,156,5.0,61.0,21.0,1286.38
2022-08-19,GB,Southend-on-Sea,pm25,45,9.0,39.0,25.0,542.1
2022-08-19,ID,Jakarta,pm25,60,53.0,151.0,95.0,6866.06
2022-08-19,NP,Kathmandu,pm25,67,5.0,73.0,38.0,3041.18
2022-08-19,NP,Biratnagar,pm25,24,22.0,58.0,34.0,868.62
2022-08-19,AU,Sydney,pm25,156,1.0,55.0,15.0,1429.59
2022-08-19,AU,Newcastle,pm25,139,1.0,73.0,20.0,2789.25
2022-08-19,AU,Launceston,pm25,155,5.0,65.0,9.0,641.06
2022-08-19,AU,Hobart,pm25,38,5.0,17.0,5.0,88.88
2022-08-19,AU,Darwin,pm25,72,42.0,151.0,70.0,4082.3
2022-08-19,AU,Melbourne,pm25,164,1.0,50.0,21.0,1189.85
2022-08-19,AU,Canberra,pm25,54,1.0,50.0,13.0,1344.13
2022-08-19,AU,Adelaide,pm25,88,5.0,34.0,21.0,412.56
2022-08-19,AU,Brisbane,pm25,216,11.0,98.0,55.0,4064.55
2022-08-19,AU,Perth,pm25,83,2.0,29.0,6.0,219.27
2022-08-19,AU,Wollongong,pm25,46,1.0,51.0,17.0,1250.75
2022-08-19,CI,Abidjan,pm25,24,25.0,80.0,57.0,1874.71
2022-08-19,GH,Accra,pm25,24,34.0,82.0,55.0,1243.19
2022-08-19,IQ,Baghdad,pm25,23,127.0,593.0,171.0,129214.0
2022-08-19,IS,Reykjavík,pm25,96,4.0,19.0,10.0,68.19
2022-08-19,KG,Bishkek,pm25,24,50.0,78.0,61.0,492.97
2022-08-19,NL,Utrecht,pm25,46,2.0,94.0,34.0,6088.54
2022-08-19,NL,Nijmegen,pm25,46,7.0,96.0,47.0,4468.64
2022-08-19,NL,Haarlem,pm25,116,1.0,121.0,30.0,3651.1
2022-08-19,NL,Eindhoven,pm25,22,31.0,86.0,66.0,1692.32
2022-08-19,NL,Rotterdam,pm25,186,2.0,90.0,34.0,5107.58
2022-08-19,NL,Amsterdam,pm25,246,2.0,81.0,29.0,4326.67
2022-08-19,NL,Breda,pm25,24,4.0,83.0,43.0,5295.36
2022-08-19,NL,Groningen,pm25,48,8.0,69.0,29.0,2110.57
2022-08-19,NL,Maastricht,pm25,89,5.0,85.0,50.0,4804.33
2022-08-19,NL,The Hague,pm25,63,5.0,90.0,27.0,4790.23
2022-08-19,PT,Lisbon,pm25,19,13.0,56.0,20.0,2306.73
2022-08-19,PT,Funchal,pm25,17,5.0,26.0,17.0,422.79
2022-08-19,CA,Hamilton,pm25,95,9.0,91.0,34.0,2840.09
2022-08-19,CA,Calgary,pm25,92,23.0,79.0,43.0,1258.24
2022-08-19,CA,Winnipeg,pm25,24,25.0,34.0,32.0,58.84
2022-08-19,CA,Halifax,pm25,46,10.0,43.0,20.0,1103.5
2022-08-19,CA,Kitchener,pm25,48,13.0,65.0,30.0,1682.3
2022-08-19,CA,Edmonton,pm25,117,4.0,86.0,28.0,1917.24
2022-08-19,CA,Mississauga,pm25,72,13.0,65.0,38.0,1492.74
2022-08-19,CA,Québec,pm25,160,16.0,61.0,29.0,944.9
2022-08-19,CA,Vancouver,pm25,22,22.0,59.0,47.0,853.85
2022-08-19,CA,Victoria,pm25,46,9.0,61.0,38.0,2007.1
2022-08-19,CA,Montréal,pm25,382,12.0,70.0,33.0,1594.63
2022-08-19,CA,Toronto,pm25,141,9.0,80.0,34.0,1574.26
2022-08-19,CA,Ottawa,pm25,69,9.0,71.0,38.0,1183.98
2022-08-19,CA,London,pm25,48,9.0,76.0,30.0,1956.74
2022-08-19,US,Oklahoma City,pm25,95,12.0,66.0,29.0,1345.42
2022-08-19,US,Raleigh,pm25,71,9.0,53.0,33.0,876.25
2022-08-19,US,Memphis,pm25,72,13.0,60.0,48.0,659.06
2022-08-19,US,Jackson,pm25,72,17.0,50.0,26.0,729.55
2022-08-19,US,Boston,pm25,115,13.0,127.0,38.0,2670.27
2022-08-19,US,Richmond,pm25,96,31.0,54.0,42.0,352.63
2022-08-19,US,Portland,pm25,167,5.0,70.0,20.0,2318.27
2022-08-19,US,Boise,pm25,46,9.0,60.0,26.0,1699.87
2022-08-19,US,Austin,pm25,45,13.0,70.0,34.0,2063.0
2022-08-19,US,Honolulu,pm25,45,5.0,34.0,13.0,522.73
2022-08-19,US,Fresno,pm25,48,5.0,99.0,42.0,5224.66
2022-08-19,US,Milwaukee,pm25,144,24.0,61.0,45.0,466.72
2022-08-19,US,Hartford,pm25,48,32.0,50.0,37.0,160.64
2022-08-19,US,Washington D.C.,pm25,118,9.0,57.0,33.0,716.18
2022-08-19,US,Chicago,pm25,240,9.0,60.0,39.0,851.15
2022-08-19,US,Houston,pm25,96,5.0,71.0,34.0,1989.03
2022-08-19,US,Indianapolis,pm25,120,12.0,114.0,50.0,3256.59
2022-08-19,US,Atlanta,pm25,24,25.0,56.0,51.0,1124.76
2022-08-19,US,Charlotte,pm25,71,5.0,46.0,23.0,722.71
2022-08-19,US,Sacramento,pm25,72,2.0,57.0,26.0,1329.3
2022-08-19,US,Oakland,pm25,114,5.0,63.0,21.0,1970.84
2022-08-19,US,Providence,pm25,44,5.0,42.0,17.0,897.86
2022-08-19,US,Staten Island,pm25,108,6.0,50.0,28.0,1053.29
2022-08-19,US,Brooklyn,pm25,140,4.0,65.0,35.0,1425.69
2022-08-19,US,Springfield,pm25,72,11.0,61.0,41.0,904.79
2022-08-19,US,The Bronx,pm25,40,4.0,45.0,23.0,756.39
2022-08-19,US,San Jose,pm25,92,5.0,68.0,30.0,1664.72
2022-08-19,US,Los Angeles,pm25,48,27.0,65.0,52.0,867.16
2022-08-19,US,Detroit,pm25,133,34.0,88.0,47.0,1155.65
2022-08-19,US,Little Rock,pm25,24,32.0,66.0,52.0,896.74
2022-08-19,US,Baltimore,pm25,46,9.0,55.0,34.0,1222.69
2022-08-19,US,Phoenix,pm25,176,3.0,71.0,18.0,1206.5
2022-08-19,US,Omaha,pm25,46,5.0,55.0,25.0,1460.27
2022-08-19,US,El Paso,pm25,120,5.0,46.0,17.0,1075.19
2022-08-19,US,Dallas,pm25,24,5.0,63.0,25.0,2229.28
2022-08-19,US,Seattle,pm25,252,5.0,91.0,29.0,3936.56
2022-08-19,US,Manhattan,pm25,72,2.0,52.0,28.0,941.67
2022-08-19,US,Miami,pm25,94,18.0,54.0,32.0,754.51
2022-08-19,US,Jacksonville,pm25,141,8.0,67.0,35.0,909.66
2022-08-19,US,San Antonio,pm25,94,1.0,69.0,46.0,2512.6
2022-08-19,US,Philadelphia,pm25,96,7.0,64.0,36.0,1089.78
2022-08-19,US,San Diego,pm25,24,38.0,54.0,45.0,299.84
2022-08-19,US,Columbus,pm25,48,12.0,60.0,37.0,1137.41
2022-08-19,US,Saint Paul,pm25,138,2.0,32.0,20.0,657.88
2022-08-19,US,Denver,pm25,135,17.0,55.0,38.0,541.58
2022-08-19,US,Salt Lake City,pm25,216,10.0,57.0,26.0,917.28
2022-08-19,US,Albuquerque,pm25,72,17.0,43.0,23.0,356.61
2022-08-19,US,San Francisco,pm25,62,5.0,70.0,25.0,2421.23
2022-08-19,US,Salem,pm25,72,6.0,30.0,9.0,128.15
2022-08-19,US,Madison,pm25,48,25.0,54.0,39.0,389.36
2022-08-19,US,Nashville,pm25,70,5.0,97.0,44.0,2566.64
2022-08-19,US,Tucson,pm25,125,5.0,25.0,13.0,291.96
2022-08-19,US,Queens,pm25,96,6.0,58.0,38.0,1129.75
2022-08-19,US,Tallahassee,pm25,71,5.0,58.0,33.0,1193.98
2022-08-19,US,Fort Worth,pm25,48,9.0,67.0,38.0,2459.72
2022-08-19,RS,Novi Sad,pm25,48,27.0,69.0,52.0,1361.26
2022-08-19,RS,Niš,pm25,48,16.0,70.0,41.0,1869.57
2022-08-19,RS,Belgrade,pm25,120,18.0,82.0,46.0,2350.17
2022-08-19,CY,Nicosia,pm25,22,58.0,88.0,70.0,574.74
2022-08-19,CY,Limassol,pm25,24,54.0,72.0,64.0,230.14
2022-08-19,HR,Zagreb,pm25,24,38.0,60.0,52.0,369.27
2022-08-19,MK,Skopje,pm25,90,15.0,133.0,53.0,4709.25
2022-08-20,GE,Tbilisi,pm25,96,62.0,111.0,72.0,2213.31
2022-08-20,HU,Győr,pm25,44,9.0,144.0,50.0,17431.3
2022-08-20,HU,Pécs,pm25,72,21.0,50.0,30.0,446.88
2022-08-20,HU,Kecskemét,pm25,22,38.0,76.0,55.0,1254.03
2022-08-20,HU,Miskolc,pm25,114,34.0,93.0,50.0,1282.3
2022-08-20,HU,Budapest,pm25,175,21.0,65.0,50.0,620.85
2022-08-20,JP,Fukuoka,pm25,390,5.0,102.0,34.0,1807.78
2022-08-20,JP,Kanazawa,pm25,217,5.0,59.0,25.0,965.36
2022-08-20,JP,Kumamoto,pm25,330,5.0,93.0,30.0,2545.37
2022-08-20,JP,Akita,pm25,35,5.0,55.0,21.0,1657.28
2022-08-20,JP,Kochi,pm25,48,21.0,65.0,46.0,1436.31
2022-08-20,JP,Gifu-shi,pm25,154,5.0,78.0,46.0,2730.23
2022-08-20,JP,Kyoto,pm25,572,5.0,78.0,53.0,2154.54
2022-08-20,JP,Hiroshima,pm25,322,5.0,151.0,38.0,2324.41
2022-08-20,JP,Shizuoka,pm25,253,9.0,91.0,50.0,2518.35
2022-08-20,JP,Chiba,pm25,773,5.0,197.0,50.0,5795.31
2022-08-20,JP,Sapporo,pm25,208,5.0,55.0,21.0,1255.36
2022-08-20,JP,Yokohama,pm25,549,1.0,80.0,50.0,2190.07
2022-08-20,JP,Tokyo,pm25,2542,1.0,153.0,53.0,2317.75
2022-08-20,JP,Saitama,pm25,500,9.0,237.0,50.0,2392.14
2022-08-20,JP,Naha,pm25,119,5.0,50.0,13.0,1094.61
2022-08-20,JP,Nagasaki,pm25,180,9.0,82.0,30.0,1314.28
2022-08-20,JP,Toyama,pm25,187,5.0,137.0,25.0,2200.25
2022-08-20,JP,Niigata,pm25,208,9.0,50.0,25.0,574.53
2022-08-20,JP,Nara-shi,pm25,182,13.0,63.0,46.0,957.98
2022-08-20,JP,Okayama,pm25,284,9.0,74.0,38.0,1359.02
2022-08-20,JP,Sendai,pm25,462,9.0,70.0,34.0,1271.21
2022-08-20,JP,Osaka,pm25,1470,9.0,97.0,46.0,1231.89
2022-08-20,JP,Miyazaki,pm25,105,13.0,82.0,50.0,2364.06
2022-08-20,JP,Matsuyama,pm25,159,5.0,78.0,34.0,2330.34
2022-08-20,JP,Wakayama,pm25,286,13.0,72.0,46.0,866.45
2022-08-20,JP,Takamatsu,pm25,237,5.0,76.0,34.0,1517.94
2022-08-20,JP,Nagoya,pm25,784,1.0,114.0,55.0,1790.39
2022-08-20,JP,Ōita,pm25,246,5.0,78.0,46.0,2962.92
2022-08-20,JP,Kobe,pm25,401,9.0,80.0,46.0,835.49
2022-08-20,JP,Nagano,pm25,64,9.0,55.0,30.0,1220.16
2022-08-20,JP,Utsunomiya,pm25,407,9.0,80.0,42.0,1674.77
2022-08-20,JP,Kagoshima,pm25,88,5.0,74.0,30.0,2015.06
2022-08-20,SK,Košice,pm25,96,34.0,163.0,63.0,3139.2
2022-08-20,SK,Bratislava,pm25,91,5.0,80.0,25.0,1974.33
2022-08-20,FI,Vantaa,pm25,24,40.0,76.0,52.0,1075.36
2022-08-20,FI,Turku,pm25,24,33.0,90.0,55.0,1917.81
2022-08-20,FI,Helsinki,pm25,120,30.0,84.0,51.0,1680.28
2022-08-20,FI,Tampere,pm25,96,17.0,74.0,53.0,1753.4
2022-08-20,ET,Addis Ababa,pm25,24,34.0,193.0,89.0,16020.0
2022-08-20,CH,Zürich,pm25,22,1.0,2.0,1.0,2.6
2022-08-20,CO,Bogotá,pm25,292,5.0,147.0,30.0,4331.64
2022-08-20,CO,Medellín,pm25,289,38.0,97.0,60.0,725.65
2022-08-20,DK,Copenhagen,pm25,24,4.0,59.0,24.0,2759.71
2022-08-20,GB,Edinburgh,pm25,283,5.0,50.0,16.0,634.16
2022-08-20,GB,Norwich,pm25,19,21.0,41.0,26.0,206.55
2022-08-20,GB,Liverpool,pm25,42,21.0,50.0,28.0,595.52
2022-08-20,GB,Belfast,pm25,34,8.0,36.0,21.0,301.28
2022-08-20,GB,Coventry,pm25,71,14.0,32.0,21.0,195.69
2022-08-20,GB,Leeds,pm25,41,20.0,42.0,25.0,249.11
2022-08-20,GB,Cardiff,pm25,94,25.0,61.0,46.0,833.84
2022-08-20,GB,Bristol,pm25,69,17.0,55.0,38.0,1288.91
2022-08-20,GB,London,pm25,435,5.0,359.0,25.0,6267.09
2022-08-20,GB,Birmingham,pm25,46,15.0,30.0,22.0,67.77
2022-08-20,GB,Sheffield,pm25,86,15.0,38.0,23.0,362.79
2022-08-20,GB,Newport,pm25,45,16.0,30.0,24.0,110.64
2022-08-20,GB,Leicester,pm25,23,17.0,30.0,23.0,113.83
2022-08-20,GB,Manchester,pm25,67,20.0,51.0,30.0,288.35
2022-08-20,GB,Reading,pm25,25,5.0,17.0,9.0,145.6
2022-08-20,GB,Plymouth,pm25,41,13.0,35.0,25.0,493.02
2022-08-20,GB,Glasgow,pm25,568,7.0,48.0,19.0,314.29
2022-08-20,GB,Preston,pm25,45,21.0,38.0,28.0,184.77
2022-08-20,GB,Swansea,pm25,164,5.0,87.0,25.0,2101.99
2022-08-20,GB,Southend-on-Sea,pm25,40,15.0,30.0,21.0,138.56
2022-08-20,ID,Jakarta,pm25,71,46.0,163.0,104.0,10175.3
2022-08-20,NP,Kathmandu,pm25,71,5.0,79.0,38.0,3659.94
2022-08-20,NP,Biratnagar,pm25,24,14.0,46.0,26.0,751.3
2022-08-20,AU,Sydney,pm25,159,1.0,62.0,17.0,1455.84
2022-08-20,AU,Newcastle,pm25,135,1.0,72.0,17.0,2493.74
2022-08-20,AU,Launceston,pm25,114,5.0,185.0,5.0,15577.4
2022-08-20,AU,Hobart,pm25,40,5.0,70.0,9.0,3651.69
2022-08-20,AU,Darwin,pm25,72,22.0,156.0,67.0,6411.5
2022-08-20,AU,Melbourne,pm25,149,1.0,62.0,20.0,1934.65
2022-08-20,AU,Canberra,pm25,66,1.0,66.0,20.0,2025.67
2022-08-20,AU,Adelaide,pm25,85,3.0,77.0,17.0,3217.47
2022-08-20,AU,Brisbane,pm25,216,1.0,73.0,23.0,1449.41
2022-08-20,AU,Perth,pm25,89,2.0,29.0,8.0,329.34
2022-08-20,AU,Wollongong,pm25,31,1.0,33.0,8.0,577.85
2022-08-20,CI,Abidjan,pm25,24,50.0,76.0,63.0,619.93
2022-08-20,GH,Accra,pm25,24,38.0,80.0,61.0,831.29
2022-08-20,IQ,Baghdad,pm25,20,151.0,522.0,192.0,119948.0
2022-08-20,IS,Reykjavík,pm25,96,4.0,12.0,10.0,54.94
2022-08-20,KG,Bishkek,pm25,24,55.0,89.0,63.0,870.36
2022-08-20,NL,Utrecht,pm25,47,8.0,57.0,30.0,1678.25
2022-08-20,NL,Nijmegen,pm25,46,11.0,155.0,28.0,4594.22
2022-08-20,NL,Haarlem,pm25,115,2.0,108.0,27.0,3348.14
2022-08-20,NL,Eindhoven,pm25,24,21.0,85.0,56.0,3832.39
2022-08-20,NL,Rotterdam,pm25,191,4.0,72.0,24.0,805.54
2022-08-20,NL,Amsterdam,pm25,253,3.0,66.0,25.0,1058.7
2022-08-20,NL,Breda,pm25,24,10.0,50.0,28.0,930.36
2022-08-20,NL,Groningen,pm25,48,1.0,51.0,26.0,1463.4
2022-08-20,NL,Maastricht,pm25,86,5.0,72.0,34.0,2447.16
2022-08-20,NL,The Hague,pm25,66,1.0,45.0,22.0,682.0
2022-08-20,CA,Hamilton,pm25,96,9.0,74.0,42.0,2169.89
2022-08-20,CA,Calgary,pm25,92,22.0,73.0,53.0,813.3
2022-08-20,CA,Winnipeg,pm25,24,21.0,34.0,28.0,78.24
2022-08-20,CA,Halifax,pm25,46,14.0,92.0,24.0,2475.05
2022-08-20,CA,Kitchener,pm25,47,21.0,89.0,46.0,1978.8
2022-08-20,CA,Edmonton,pm25,119,9.0,93.0,44.0,2250.79
2022-08-20,CA,Mississauga,pm25,71,21.0,82.0,42.0,1950.28
2022-08-20,CA,Québec,pm25,171,20.0,70.0,44.0,1012.24
2022-08-20,CA,Vancouver,pm25,23,10.0,45.0,15.0,1554.82
2022-08-20,CA,Victoria,pm25,41,5.0,30.0,13.0,510.62
2022-08-20,CA,Montréal,pm25,378,12.0,74.0,35.0,1133.16
2022-08-20,CA,Toronto,pm25,142,13.0,80.0,38.0,2070.29
2022-08-20,CA,Ottawa,pm25,64,21.0,50.0,42.0,391.57
2022-08-20,CA,London,pm25,48,9.0,74.0,46.0,2060.53
2022-08-20,US,Oklahoma City,pm25,96,20.0,58.0,32.0,348.04
2022-08-20,US,Raleigh,pm25,70,5.0,50.0,25.0,988.16
2022-08-20,US,Memphis,pm25,72,25.0,66.0,38.0,1236.02
2022-08-20,US,Jackson,pm25,71,15.0,50.0,24.0,627.46
2022-08-20,US,Boston,pm25,121,25.0,160.0,50.0,3293.15
2022-08-20,US,Richmond,pm25,72,15.0,45.0,18.0,1486.32
2022-08-20,US,Portland,pm25,163,5.0,26.0,15.0,198.75
2022-08-20,US,Boise,pm25,46,9.0,104.0,30.0,3557.26
2022-08-20,US,Austin,pm25,47,5.0,53.0,30.0,1916.73
2022-08-20,US,Honolulu,pm25,42,5.0,42.0,13.0,560.46
2022-08-20,US,Fresno,pm25,48,13.0,72.0,49.0,2027.23
2022-08-20,US,Milwaukee,pm25,144,15.0,59.0,27.0,899.09
2022-08-20,US,Hartford,pm25,48,37.0,51.0,45.0,167.3
2022-08-20,US,Washington D.C.,pm25,72,5.0,46.0,25.0,853.05
2022-08-20,US,Chicago,pm25,240,2.0,56.0,30.0,1144.65
2022-08-20,US,Houston,pm25,92,8.0,53.0,33.0,1272.73
2022-08-20,US,Indianapolis,pm25,120,23.0,110.0,54.0,1760.03
2022-08-20,US,Atlanta,pm25,24,24.0,49.0,37.0,378.1
2022-08-20,US,Charlotte,pm25,71,9.0,82.0,21.0,1479.12
2022-08-20,US,Sacramento,pm25,72,9.0,59.0,34.0,1303.1
2022-08-20,US,Oakland,pm25,117,5.0,76.0,38.0,2157.37
2022-08-20,US,Providence,pm25,48,9.0,59.0,34.0,1603.76
2022-08-20,US,Staten Island,pm25,113,18.0,61.0,39.0,1264.42
2022-08-20,US,Brooklyn,pm25,144,15.0,70.0,43.0,1285.13
2022-08-20,US,Springfield,pm25,72,14.0,53.0,36.0,713.23
2022-08-20,US,The Bronx,pm25,48,15.0,39.0,22.0,401.42
2022-08-20,US,San Jose,pm25,93,5.0,59.0,25.0,1610.01
2022-08-20,US,Los Angeles,pm25,48,24.0,62.0,47.0,635.63
2022-08-20,US,Detroit,pm25,168,21.0,69.0,45.0,1361.47
2022-08-20,US,Little Rock,pm25,24,25.0,67.0,56.0,1073.62
2022-08-20,US,Baltimore,pm25,48,9.0,49.0,34.0,1122.11
2022-08-20,US,Phoenix,pm25,163,2.0,65.0,15.0,848.07
2022-08-20,US,Omaha,pm25,45,5.0,59.0,21.0,1455.68
2022-08-20,US,El Paso,pm25,100,5.0,57.0,15.0,1113.74
2022-08-20,US,Dallas,pm25,23,9.0,70.0,17.0,3078.02
2022-08-20,US,Seattle,pm25,223,5.0,53.0,17.0,718.51
2022-08-20,US,Manhattan,pm25,70,20.0,61.0,38.0,875.29
2022-08-20,US,Miami,pm25,94,14.0,52.0,21.0,908.14
2022-08-20,US,Jacksonville,pm25,143,3.0,67.0,31.0,1107.84
2022-08-20,US,San Antonio,pm25,93,4.0,80.0,38.0,2622.37
2022-08-20,US,Philadelphia,pm25,94,1.0,217.0,37.0,5990.26
2022-08-20,US,San Diego,pm25,24,42.0,61.0,45.0,323.89
2022-08-20,US,Columbus,pm25,48,1.0,63.0,40.0,2623.67
2022-08-20,US,Saint Paul,pm25,144,2.0,56.0,27.0,1565.87
2022-08-20,US,Denver,pm25,129,17.0,42.0,30.0,399.24
2022-08-20,US,Salt Lake City,pm25,216,7.0,68.0,24.0,878.5
2022-08-20,US,Albuquerque,pm25,72,10.0,27.0,16.0,181.4
2022-08-20,US,San Francisco,pm25,71,5.0,63.0,34.0,1660.37
2022-08-20,US,Salem,pm25,72,9.0,25.0,13.0,127.7
2022-08-20,US,Madison,pm25,48,13.0,48.0,25.0,635.28
2022-08-20,US,Nashville,pm25,70,9.0,53.0,30.0,906.83
2022-08-20,US,Tucson,pm25,117,5.0,30.0,13.0,499.34
2022-08-20,US,Queens,pm25,95,18.0,62.0,41.0,1280.35
2022-08-20,US,Tallahassee,pm25,71,2.0,85.0,28.0,1895.35
2022-08-20,US,Fort Worth,pm25,47,12.0,59.0,30.0,1817.33
2022-08-20,RS,Novi Sad,pm25,48,51.0,75.0,62.0,287.64
2022-08-20,RS,Niš,pm25,48,35.0,84.0,56.0,1815.21
2022-08-20,RS,Belgrade,pm25,120,30.0,123.0,68.0,2636.12
2022-08-20,CY,Nicosia,pm25,24,69.0,94.0,79.0,458.1
2022-08-20,CY,Limassol,pm25,24,64.0,82.0,71.0,286.96
2022-08-20,HR,Zagreb,pm25,24,29.0,60.0,49.0,785.8
2022-08-20,MK,Skopje,pm25,161,16.0,137.0,53.0,4996.62
2022-08-21,GE,Tbilisi,pm25,96,61.0,109.0,66.0,1396.78
2022-08-21,HU,Győr,pm25,40,9.0,68.0,17.0,3764.59
2022-08-21,HU,Pécs,pm25,51,9.0,25.0,13.0,182.96
2022-08-21,HU,Kecskemét,pm25,24,38.0,61.0,50.0,467.81
2022-08-21,HU,Miskolc,pm25,109,25.0,61.0,38.0,827.75
2022-08-21,HU,Budapest,pm25,173,9.0,53.0,25.0,1063.73
2022-08-21,JP,Fukuoka,pm25,378,5.0,80.0,25.0,2417.64
2022-08-21,JP,Kanazawa,pm25,197,5.0,55.0,21.0,879.81
2022-08-21,JP,Kumamoto,pm25,314,5.0,99.0,38.0,3240.7
2022-08-21,JP,Akita,pm25,37,5.0,70.0,25.0,2142.13
2022-08-21,JP,Kochi,pm25,48,25.0,65.0,46.0,1054.02
2022-08-21,JP,Gifu-shi,pm25,151,5.0,80.0,30.0,2445.2
2022-08-21,JP,Kyoto,pm25,543,5.0,63.0,30.0,1819.83
2022-08-21,JP,Hiroshima,pm25,269,5.0,74.0,25.0,2233.72
2022-08-21,JP,Shizuoka,pm25,244,5.0,80.0,42.0,2407.93
2022-08-21,JP,Chiba,pm25,800,5.0,124.0,57.0,2765.73
2022-08-21,JP,Sapporo,pm25,204,5.0,87.0,21.0,2102.06
2022-08-21,JP,Yokohama,pm25,550,1.0,97.0,59.0,2961.88
2022-08-21,JP,Tokyo,pm25,2561,1.0,109.0,53.0,2201.37
2022-08-21,JP,Saitama,pm25,500,5.0,76.0,46.0,2312.69
2022-08-21,JP,Naha,pm25,134,5.0,42.0,13.0,796.91
2022-08-21,JP,Nagasaki,pm25,187,9.0,63.0,34.0,1413.12
2022-08-21,JP,Toyama,pm25,167,5.0,63.0,21.0,1278.67
2022-08-21,JP,Niigata,pm25,216,5.0,46.0,25.0,554.77
2022-08-21,JP,Nara-shi,pm25,185,9.0,55.0,25.0,982.34
2022-08-21,JP,Okayama,pm25,282,5.0,61.0,25.0,992.01
2022-08-21,JP,Sendai,pm25,466,5.0,63.0,30.0,932.47
2022-08-21,JP,Osaka,pm25,1399,5.0,91.0,25.0,1571.27
2022-08-21,JP,Miyazaki,pm25,132,5.0,91.0,55.0,2280.91
2022-08-21,JP,Matsuyama,pm25,162,5.0,80.0,46.0,2721.24
2022-08-21,JP,Wakayama,pm25,277,5.0,65.0,25.0,2060.0
2022-08-21,JP,Takamatsu,pm25,231,5.0,61.0,25.0,1476.61
2022-08-21,JP,Nagoya,pm25,790,5.0,114.0,34.0,2070.43
2022-08-21,JP,Ōita,pm25,234,5.0,208.0,46.0,4297.36
2022-08-21,JP,Kobe,pm25,388,5.0,59.0,21.0,790.3
2022-08-21,JP,Nagano,pm25,67,5.0,59.0,25.0,1720.62
2022-08-21,JP,Utsunomiya,pm25,404,5.0,80.0,34.0,3249.67
2022-08-21,JP,Kagoshima,pm25,90,5.0,72.0,34.0,1788.5
2022-08-21,SK,Košice,pm25,95,25.0,78.0,57.0,1452.95
2022-08-21,SK,Bratislava,pm25,70,5.0,59.0,13.0,909.33
2022-08-21,FI,Vantaa,pm25,24,40.0,69.0,57.0,933.9
2022-08-21,FI,Turku,pm25,24,4.0,88.0,45.0,2423.7
2022-08-21,FI,Helsinki,pm25,119,29.0,75.0,55.0,1440.58
2022-08-21,FI,Tampere,pm25,96,25.0,72.0,53.0,1257.16
2022-08-21,ET,Addis Ababa,pm25,24,30.0,161.0,65.0,15195.9
2022-08-21,CH,Zürich,pm25,24,1.0,3.0,2.0,6.07
2022-08-21,CO,Bogotá,pm25,276,5.0,107.0,34.0,4236.63
2022-08-21,CO,Medellín,pm25,264,25.0,70.0,53.0,790.84
2022-08-21,DK,Copenhagen,pm25,23,7.0,77.0,35.0,3822.57
2022-08-21,GB,Edinburgh,pm25,284,5.0,42.0,17.0,402.51
2022-08-21,GB,Norwich,pm25,24,21.0,30.0,24.0,73.89
2022-08-21,GB,Liverpool,pm25,28,21.0,42.0,34.0,348.19
2022-08-21,GB,Belfast,pm25,38,8.0,32.0,17.0,204.07
2022-08-21,GB,Coventry,pm25,68,19.0,32.0,25.0,52.95
2022-08-21,GB,Leeds,pm25,31,13.0,30.0,25.0,151.83
2022-08-21,GB,Cardiff,pm25,95,25.0,57.0,42.0,573.53
2022-08-21,GB,Bristol,pm25,69,5.0,63.0,42.0,1478.49
2022-08-21,GB,London,pm25,436,9.0,63.0,30.0,1216.63
2022-08-21,GB,Birmingham,pm25,42,20.0,31.0,25.0,48.39
2022-08-21,GB,Sheffield,pm25,80,17.0,61.0,25.0,375.66
2022-08-21,GB,Newport,pm25,32,17.0,27.0,21.0,111.6
2022-08-21,GB,Leicester,pm25,18,19.0,28.0,25.0,60.0
2022-08-21,GB,Manchester,pm25,70,17.0,32.0,23.0,101.3
2022-08-21,GB,Reading,pm25,33,5.0,25.0,17.0,351.21
2022-08-21,GB,Plymouth,pm25,30,5.0,30.0,17.0,512.06
2022-08-21,GB,Glasgow,pm25,570,6.0,41.0,18.0,220.44
2022-08-21,GB,Preston,pm25,37,12.0,33.0,21.0,318.08
2022-08-21,GB,Swansea,pm25,164,5.0,251.0,25.0,10741.7
2022-08-21,GB,Southend-on-Sea,pm25,46,21.0,37.0,26.0,199.73
2022-08-21,ID,Jakarta,pm25,71,63.0,153.0,97.0,6410.95
2022-08-21,NP,Kathmandu,pm25,71,5.0,72.0,38.0,3020.27
2022-08-21,NP,Biratnagar,pm25,24,17.0,71.0,32.0,3402.16
2022-08-21,AU,Sydney,pm25,160,1.0,39.0,15.0,572.03
2022-08-21,AU,Newcastle,pm25,134,3.0,45.0,19.0,781.17
2022-08-21,AU,Launceston,pm25,142,5.0,172.0,9.0,12013.8
2022-08-21,AU,Hobart,pm25,47,5.0,82.0,13.0,3582.45
2022-08-21,AU,Darwin,pm25,71,5.0,166.0,75.0,13016.5
2022-08-21,AU,Melbourne,pm25,158,4.0,82.0,24.0,3785.92
2022-08-21,AU,Canberra,pm25,59,1.0,61.0,18.0,1774.16
2022-08-21,AU,Adelaide,pm25,84,1.0,78.0,24.0,3567.34
2022-08-21,AU,Brisbane,pm25,215,2.0,79.0,28.0,1782.9
2022-08-21,AU,Perth,pm25,88,2.0,32.0,6.0,510.05
2022-08-21,AU,Wollongong,pm25,39,2.0,57.0,19.0,2305.18
2022-08-21,CI,Abidjan,pm25,24,50.0,80.0,59.0,845.15
2022-08-21,GH,Accra,pm25,24,34.0,152.0,61.0,6687.81
2022-08-21,IQ,Baghdad,pm25,24,155.0,280.0,181.0,7126.36
2022-08-21,IS,Reykjavík,pm25,96,4.0,18.0,10.0,104.38
2022-08-21,KG,Bishkek,pm25,24,46.0,93.0,59.0,1052.75
2022-08-21,NL,Utrecht,pm25,48,21.0,54.0,37.0,651.06
2022-08-21,NL,Nijmegen,pm25,48,9.0,62.0,34.0,1641.02
2022-08-21,NL,Haarlem,pm25,116,6.0,106.0,27.0,3320.49
2022-08-21,NL,Eindhoven,pm25,24,31.0,84.0,58.0,1133.46
2022-08-21,NL,Rotterdam,pm25,189,6.0,58.0,25.0,346.92
2022-08-21,NL,Amsterdam,pm25,257,1.0,73.0,25.0,1063.46
2022-08-21,NL,Breda,pm25,24,15.0,55.0,31.0,895.92
2022-08-21,NL,Groningen,pm25,48,5.0,54.0,26.0,1082.97
2022-08-21,NL,Maastricht,pm25,91,5.0,59.0,34.0,1930.31
2022-08-21,NL,The Hague,pm25,71,3.0,33.0,24.0,638.62
2022-08-21,CA,Hamilton,pm25,71,13.0,70.0,38.0,1980.94
2022-08-21,CA,Calgary,pm25,92,7.0,73.0,29.0,2204.71
2022-08-21,CA,Winnipeg,pm25,24,28.0,35.0,29.0,55.92
2022-08-21,CA,Halifax,pm25,46,33.0,56.0,44.0,319.65
2022-08-21,CA,Kitchener,pm25,35,17.0,80.0,30.0,3126.44
2022-08-21,CA,Edmonton,pm25,127,4.0,130.0,58.0,9332.12
2022-08-21,CA,Mississauga,pm25,54,21.0,72.0,38.0,1795.85
2022-08-21,CA,Québec,pm25,186,20.0,71.0,47.0,1485.45
2022-08-21,CA,Vancouver,pm25,23,10.0,31.0,13.0,207.94
2022-08-21,CA,Victoria,pm25,22,5.0,25.0,9.0,292.29
2022-08-21,CA,Montréal,pm25,444,12.0,73.0,38.0,1238.33
2022-08-21,CA,Toronto,pm25,107,9.0,61.0,25.0,1734.25
2022-08-21,CA,Ottawa,pm25,64,13.0,55.0,42.0,1891.57
2022-08-21,CA,London,pm25,34,5.0,53.0,21.0,2139.08
2022-08-21,US,Oklahoma City,pm25,96,18.0,51.0,25.0,307.91
2022-08-21,US,Raleigh,pm25,68,5.0,45.0,23.0,1289.96
2022-08-21,US,Memphis,pm25,71,13.0,52.0,29.0,633.89
2022-08-21,US,Jackson,pm25,71,12.0,55.0,25.0,1300.6
2022-08-21,US,Boston,pm25,108,21.0,59.0,38.0,602.03
2022-08-21,US,Richmond,pm25,72,17.0,33.0,22.0,146.97
2022-08-21,US,Portland,pm25,165,9.0,39.0,19.0,391.05
2022-08-21,US,Boise,pm25,47,5.0,70.0,25.0,1422.03
2022-08-21,US,Austin,pm25,48,5.0,63.0,30.0,2532.02
2022-08-21,US,Honolulu,pm25,37,5.0,38.0,13.0,692.52
2022-08-21,US,Fresno,pm25,48,16.0,86.0,38.0,3095.3
2022-08-21,US,Milwaukee,pm25,144,18.0,53.0,35.0,666.28
2022-08-21,US,Hartford,pm25,48,27.0,52.0,33.0,505.7
2022-08-21,US,Washington D.C.,pm25,56,5.0,34.0,13.0,535.79
2022-08-21,US,Chicago,pm25,238,10.0,59.0,33.0,931.18
2022-08-21,US,Houston,pm25,96,9.0,64.0,34.0,1202.93
2022-08-21,US,Indianapolis,pm25,120,13.0,64.0,33.0,1164.2
2022-08-21,US,Atlanta,pm25,24,22.0,42.0,28.0,273.02
2022-08-21,US,Charlotte,pm25,69,5.0,57.0,19.0,832.51
2022-08-21,US,Sacramento,pm25,72,5.0,55.0,21.0,1124.15
2022-08-21,US,Oakland,pm25,104,5.0,55.0,21.0,1317.91
2022-08-21,US,Providence,pm25,43,5.0,59.0,17.0,2078.76
2022-08-21,US,Staten Island,pm25,111,1.0,54.0,23.0,1794.49
2022-08-21,US,Brooklyn,pm25,144,1.0,54.0,23.0,1682.42
2022-08-21,US,Springfield,pm25,72,13.0,38.0,23.0,333.79
2022-08-21,US,The Bronx,pm25,48,1.0,25.0,12.0,653.17
2022-08-21,US,San Jose,pm25,89,5.0,46.0,21.0,976.16
2022-08-21,US,Los Angeles,pm25,48,21.0,88.0,40.0,1442.62
2022-08-21,US,Detroit,pm25,168,22.0,56.0,35.0,724.79
2022-08-21,US,Little Rock,pm25,24,12.0,54.0,28.0,1287.37
2022-08-21,US,Baltimore,pm25,41,5.0,32.0,19.0,548.6
2022-08-21,US,Phoenix,pm25,163,2.0,48.0,17.0,844.56
2022-08-21,US,Omaha,pm25,48,5.0,63.0,25.0,1330.63
2022-08-21,US,El Paso,pm25,86,2.0,35.0,13.0,647.39
2022-08-21,US,Dallas,pm25,19,5.0,21.0,13.0,281.64
2022-08-21,US,Seattle,pm25,233,5.0,59.0,20.0,986.92
2022-08-21,US,Manhattan,pm25,71,1.0,42.0,21.0,1332.4
2022-08-21,US,Miami,pm25,94,17.0,51.0,25.0,766.67
2022-08-21,US,Jacksonville,pm25,138,7.0,60.0,24.0,1098.32
2022-08-21,US,San Antonio,pm25,94,9.0,64.0,35.0,1691.23
2022-08-21,US,Philadelphia,pm25,94,1.0,48.0,20.0,981.52
2022-08-21,US,San Diego,pm25,24,31.0,60.0,49.0,865.63
2022-08-21,US,Columbus,pm25,45,3.0,51.0,25.0,1370.27
2022-08-21,US,Saint Paul,pm25,144,3.0,63.0,33.0,2002.95
2022-08-21,US,Denver,pm25,133,9.0,34.0,21.0,258.29
2022-08-21,US,Salt Lake City,pm25,216,10.0,59.0,20.0,442.25
2022-08-21,US,Albuquerque,pm25,72,11.0,27.0,17.0,134.13
2022-08-21,US,San Francisco,pm25,65,5.0,78.0,17.0,3068.09
2022-08-21,US,Salem,pm25,70,9.0,36.0,16.0,441.05
2022-08-21,US,Madison,pm25,48,20.0,66.0,31.0,1173.33
2022-08-21,US,Nashville,pm25,72,9.0,50.0,25.0,804.88
2022-08-21,US,Tucson,pm25,116,5.0,34.0,13.0,465.28
2022-08-21,US,Queens,pm25,89,3.0,56.0,22.0,1545.13
2022-08-21,US,Tallahassee,pm25,67,1.0,63.0,29.0,1302.29
2022-08-21,US,Fort Worth,pm25,44,1.0,47.0,21.0,1014.33
2022-08-21,RS,Novi Sad,pm25,27,18.0,70.0,39.0,2151.82
2022-08-21,RS,Niš,pm25,48,16.0,76.0,37.0,2234.61
2022-08-21,RS,Belgrade,pm25,120,8.0,95.0,38.0,3851.75
2022-08-21,CY,Nicosia,pm25,24,61.0,113.0,78.0,2183.03
2022-08-21,CY,Limassol,pm25,24,60.0,73.0,65.0,142.01
2022-08-21,HR,Zagreb,pm25,24,5.0,56.0,13.0,3981.96
2022-08-21,MK,Skopje,pm25,167,1.0,102.0,45.0,3711.31
2022-08-22,GE,Tbilisi,pm25,96,73.0,132.0,83.0,3479.31
2022-08-22,HU,Győr,pm25,44,13.0,72.0,34.0,2497.36
2022-08-22,HU,Pécs,pm25,54,5.0,17.0,9.0,99.12
2022-08-22,HU,Kecskemét,pm25,23,30.0,59.0,42.0,1070.67
2022-08-22,HU,Miskolc,pm25,109,25.0,78.0,42.0,1512.4
2022-08-22,HU,Budapest,pm25,249,9.0,53.0,25.0,1421.35
2022-08-22,JP,Fukuoka,pm25,387,9.0,93.0,38.0,2312.26
2022-08-22,JP,Kanazawa,pm25,199,5.0,55.0,30.0,1328.48
2022-08-22,JP,Kumamoto,pm25,347,5.0,156.0,42.0,3422.46
2022-08-22,JP,Akita,pm25,37,5.0,55.0,25.0,1181.19
2022-08-22,JP,Kochi,pm25,47,30.0,65.0,46.0,732.91
2022-08-22,JP,Gifu-shi,pm25,158,5.0,107.0,42.0,3859.68
2022-08-22,JP,Kyoto,pm25,552,5.0,70.0,42.0,2062.21
2022-08-22,JP,Hiroshima,pm25,321,5.0,85.0,46.0,2870.3
2022-08-22,JP,Shizuoka,pm25,249,5.0,78.0,34.0,2621.0
2022-08-22,JP,Chiba,pm25,749,5.0,109.0,42.0,3478.76
2022-08-22,JP,Sapporo,pm25,199,5.0,107.0,21.0,2337.69
2022-08-22,JP,Yokohama,pm25,549,1.0,85.0,50.0,2777.06
2022-08-22,JP,Tokyo,pm25,2524,5.0,102.0,42.0,2198.97
2022-08-22,JP,Saitama,pm25,495,9.0,74.0,38.0,1203.59
2022-08-22,JP,Naha,pm25,118,5.0,46.0,9.0,859.11
2022-08-22,JP,Nagasaki,pm25,189,5.0,76.0,34.0,1124.61
2022-08-22,JP,Toyama,pm25,168,9.0,74.0,34.0,1961.71
2022-08-22,JP,Niigata,pm25,207,9.0,76.0,30.0,977.6
2022-08-22,JP,Nara-shi,pm25,182,5.0,59.0,25.0,1617.56
2022-08-22,JP,Okayama,pm25,284,9.0,68.0,34.0,1971.0
2022-08-22,JP,Sendai,pm25,421,5.0,63.0,30.0,1156.07
2022-08-22,JP,Osaka,pm25,1430,5.0,112.0,34.0,2537.58
2022-08-22,JP,Miyazaki,pm25,136,5.0,102.0,55.0,1556.59
2022-08-22,JP,Matsuyama,pm25,166,25.0,87.0,57.0,1551.4
2022-08-22,JP,Wakayama,pm25,284,5.0,93.0,42.0,1551.67
2022-08-22,JP,Takamatsu,pm25,235,5.0,63.0,34.0,2024.34
2022-08-22,JP,Nagoya,pm25,781,5.0,89.0,46.0,1514.45
2022-08-22,JP,Ōita,pm25,249,5.0,87.0,59.0,1954.26
2022-08-22,JP,Kobe,pm25,399,5.0,89.0,42.0,2870.41
2022-08-22,JP,Nagano,pm25,58,9.0,57.0,30.0,1963.42
2022-08-22,JP,Utsunomiya,pm25,400,5.0,65.0,30.0,1026.0
2022-08-22,JP,Kagoshima,pm25,90,5.0,85.0,34.0,1719.55
2022-08-22,SK,Košice,pm25,91,9.0,119.0,42.0,4806.9
2022-08-22,SK,Bratislava,pm25,53,5.0,59.0,9.0,1516.3
2022-08-22,FI,Vantaa,pm25,20,9.0,72.0,26.0,6339.45
2022-08-22,FI,Turku,pm25,22,6.0,49.0,17.0,1271.6
2022-08-22,FI,Helsinki,pm25,120,6.0,68.0,22.0,4868.1
2022-08-22,FI,Tampere,pm25,94,4.0,72.0,16.0,2619.84
2022-08-22,ET,Addis Ababa,pm25,24,38.0,164.0,80.0,18223.4
2022-08-22,CH,Zürich,pm25,18,1.0,3.0,2.0,5.36
2022-08-22,CO,Bogotá,pm25,287,9.0,144.0,50.0,5658.87
2022-08-22,CO,Medellín,pm25,301,25.0,78.0,55.0,840.98
2022-08-22,DK,Copenhagen,pm25,24,9.0,56.0,34.0,2040.8
2022-08-22,GB,Edinburgh,pm25,281,5.0,61.0,18.0,1484.82
2022-08-22,GB,Norwich,pm25,24,28.0,62.0,32.0,857.61
2022-08-22,GB,Liverpool,pm25,42,13.0,53.0,25.0,849.37
2022-08-22,GB,Belfast,pm25,42,6.0,35.0,13.0,355.93
2022-08-22,GB,Coventry,pm25,49,7.0,34.0,25.0,308.74
2022-08-22,GB,Leeds,pm25,41,5.0,46.0,26.0,607.0
2022-08-22,GB,Cardiff,pm25,142,5.0,87.0,38.0,2197.22
2022-08-22,GB,Bristol,pm25,62,5.0,50.0,25.0,1635.58
2022-08-22,GB,London,pm25,430,5.0,280.0,27.0,4714.87
2022-08-22,GB,Birmingham,pm25,32,18.0,43.0,30.0,530.72
2022-08-22,GB,Sheffield,pm25,77,12.0,55.0,25.0,778.39
2022-08-22,GB,Newport,pm25,44,5.0,25.0,16.0,385.12
2022-08-22,GB,Leicester,pm25,20,14.0,41.0,26.0,289.05
2022-08-22,GB,Manchester,pm25,56,15.0,48.0,25.0,368.91
2022-08-22,GB,Reading,pm25,37,5.0,21.0,13.0,306.31
2022-08-22,GB,Plymouth,pm25,33,5.0,21.0,13.0,244.05
2022-08-22,GB,Glasgow,pm25,569,5.0,48.0,18.0,388.56
2022-08-22,GB,Preston,pm25,43,13.0,47.0,24.0,348.1
2022-08-22,GB,Swansea,pm25,130,5.0,55.0,17.0,1539.74
2022-08-22,GB,Southend-on-Sea,pm25,42,11.0,39.0,25.0,725.27
2022-08-22,ID,Jakarta,pm25,49,61.0,139.0,95.0,4191.41
2022-08-22,NP,Kathmandu,pm25,69,21.0,89.0,56.0,3593.43
2022-08-22,NP,Biratnagar,pm25,24,52.0,90.0,60.0,540.58
2022-08-22,AU,Sydney,pm25,149,1.0,40.0,15.0,796.85
2022-08-22,AU,Newcastle,pm25,140,4.0,59.0,29.0,1520.56
2022-08-22,AU,Launceston,pm25,116,5.0,104.0,13.0,2993.09
2022-08-22,AU,Hobart,pm25,36,5.0,30.0,5.0,345.36
2022-08-22,AU,Darwin,pm25,71,5.0,184.0,67.0,13146.6
2022-08-22,AU,Melbourne,pm25,139,1.0,50.0,12.0,770.37
2022-08-22,AU,Canberra,pm25,55,2.0,63.0,14.0,1446.48
2022-08-22,AU,Adelaide,pm25,82,5.0,70.0,13.0,1802.91
2022-08-22,AU,Brisbane,pm25,213,1.0,61.0,23.0,1783.36
2022-08-22,AU,Perth,pm25,78,2.0,12.0,4.0,40.15
2022-08-22,AU,Wollongong,pm25,33,1.0,74.0,18.0,2536.27
2022-08-22,CI,Abidjan,pm25,24,17.0,78.0,59.0,1861.72
2022-08-22,GH,Accra,pm25,24,38.0,95.0,68.0,1575.87
2022-08-22,IQ,Baghdad,pm25,24,117.0,406.0,164.0,50325.6
2022-08-22,IS,Reykjavík,pm25,96,5.0,20.0,12.0,123.21
2022-08-22,KG,Bishkek,pm25,24,50.0,93.0,63.0,1138.68
2022-08-22,NL,Utrecht,pm25,48,14.0,60.0,31.0,1416.17
2022-08-22,NL,Nijmegen,pm25,48,15.0,56.0,33.0,900.53
2022-08-22,NL,Haarlem,pm25,125,2.0,105.0,38.0,3046.82
2022-08-22,NL,Eindhoven,pm25,24,24.0,88.0,59.0,1812.17
2022-08-22,NL,Rotterdam,pm25,192,2.0,64.0,34.0,754.87
2022-08-22,NL,Amsterdam,pm25,255,2.0,61.0,31.0,1207.66
2022-08-22,NL,Dordrecht,pm25,11,30.0,116.0,42.0,6186.73
2022-08-22,NL,Breda,pm25,24,26.0,60.0,42.0,636.5
2022-08-22,NL,Groningen,pm25,47,1.0,59.0,28.0,1571.29
2022-08-22,NL,Maastricht,pm25,90,17.0,61.0,42.0,954.88
2022-08-22,NL,The Hague,pm25,72,1.0,51.0,33.0,1094.69
2022-08-22,PT,Lisbon,pm25,10,13.0,44.0,20.0,1521.78
2022-08-22,PT,Funchal,pm25,11,1.0,39.0,16.0,1592.55
2022-08-22,CA,Hamilton,pm25,91,5.0,63.0,30.0,1700.84
2022-08-22,CA,Calgary,pm25,92,10.0,79.0,53.0,1928.71
2022-08-22,CA,Winnipeg,pm25,24,31.0,51.0,40.0,452.45
2022-08-22,CA,Halifax,pm25,46,18.0,45.0,24.0,756.41
2022-08-22,CA,Kitchener,pm25,43,9.0,53.0,21.0,1405.51
2022-08-22,CA,Edmonton,pm25,138,5.0,188.0,73.0,16499.5
2022-08-22,CA,Mississauga,pm25,60,9.0,42.0,25.0,699.72
2022-08-22,CA,Québec,pm25,166,18.0,56.0,40.0,673.9
2022-08-22,CA,Vancouver,pm25,23,13.0,38.0,21.0,636.21
2022-08-22,CA,Victoria,pm25,35,5.0,55.0,17.0,1721.38
2022-08-22,CA,Montréal,pm25,419,12.0,55.0,31.0,861.92
2022-08-22,CA,Toronto,pm25,122,5.0,57.0,21.0,1090.24
2022-08-22,CA,Ottawa,pm25,66,13.0,38.0,25.0,333.41
2022-08-22,CA,London,pm25,44,9.0,63.0,25.0,1590.21
2022-08-22,US,Oklahoma City,pm25,96,14.0,55.0,28.0,1106.0
2022-08-22,US,Raleigh,pm25,67,9.0,46.0,25.0,1121.52
2022-08-22,US,Memphis,pm25,71,5.0,52.0,35.0,1130.14
2022-08-22,US,Jackson,pm25,72,11.0,61.0,20.0,1005.82
2022-08-22,US,Boston,pm25,137,5.0,76.0,30.0,933.51
2022-08-22,US,Richmond,pm25,72,18.0,30.0,23.0,87.82
2022-08-22,US,Portland,pm25,165,5.0,46.0,13.0,372.52
2022-08-22,US,Boise,pm25,48,5.0,149.0,25.0,5662.02
2022-08-22,US,Austin,pm25,41,5.0,63.0,30.0,2954.05
2022-08-22,US,Honolulu,pm25,38,5.0,34.0,13.0,515.56
2022-08-22,US,Fresno,pm25,48,10.0,70.0,30.0,1610.63
2022-08-22,US,Milwaukee,pm25,144,24.0,52.0,35.0,518.28
2022-08-22,US,Hartford,pm25,37,7.0,43.0,32.0,956.04
2022-08-22,US,Washington D.C.,pm25,64,5.0,42.0,17.0,794.12
2022-08-22,US,Chicago,pm25,240,6.0,58.0,32.0,858.64
2022-08-22,US,Houston,pm25,96,9.0,61.0,33.0,1489.47
2022-08-22,US,Indianapolis,pm25,118,21.0,54.0,38.0,359.13
2022-08-22,US,Atlanta,pm25,24,28.0,52.0,40.0,429.49
2022-08-22,US,Charlotte,pm25,71,9.0,46.0,27.0,600.9
2022-08-22,US,Sacramento,pm25,64,1.0,57.0,17.0,845.07
2022-08-22,US,Oakland,pm25,88,5.0,38.0,13.0,726.87
2022-08-22,US,Providence,pm25,16,5.0,63.0,25.0,2507.33
2022-08-22,US,Staten Island,pm25,101,2.0,70.0,16.0,2172.26
2022-08-22,US,Brooklyn,pm25,140,3.0,55.0,20.0,1108.15
2022-08-22,US,Springfield,pm25,71,10.0,38.0,29.0,329.28
2022-08-22,US,The Bronx,pm25,48,3.0,20.0,10.0,277.45
2022-08-22,US,San Jose,pm25,81,5.0,55.0,17.0,1269.19
2022-08-22,US,Los Angeles,pm25,48,21.0,67.0,41.0,1420.95
2022-08-22,US,Detroit,pm25,150,28.0,65.0,40.0,649.24
2022-08-22,US,Little Rock,pm25,24,18.0,56.0,29.0,1044.76
2022-08-22,US,Baltimore,pm25,41,9.0,32.0,17.0,267.7
2022-08-22,US,Phoenix,pm25,180,5.0,42.0,23.0,528.65
2022-08-22,US,Omaha,pm25,48,5.0,76.0,25.0,1853.4
2022-08-22,US,El Paso,pm25,100,1.0,50.0,14.0,788.09
2022-08-22,US,Seattle,pm25,247,5.0,57.0,21.0,1110.88
2022-08-22,US,Manhattan,pm25,71,3.0,48.0,17.0,1053.87
2022-08-22,US,Miami,pm25,94,15.0,31.0,22.0,125.64
2022-08-22,US,Jacksonville,pm25,141,1.0,86.0,30.0,1445.13
2022-08-22,US,San Antonio,pm25,89,5.0,70.0,45.0,2130.4
2022-08-22,US,Philadelphia,pm25,96,4.0,58.0,20.0,856.15
2022-08-22,US,San Diego,pm25,24,28.0,42.0,36.0,198.19
2022-08-22,US,Columbus,pm25,47,4.0,47.0,32.0,762.28
2022-08-22,US,Saint Paul,pm25,142,3.0,185.0,33.0,3913.0
2022-08-22,US,Denver,pm25,147,9.0,53.0,21.0,813.38
2022-08-22,US,Salt Lake City,pm25,216,12.0,55.0,25.0,460.95
2022-08-22,US,Albuquerque,pm25,72,9.0,57.0,21.0,661.21
2022-08-22,US,San Francisco,pm25,55,5.0,34.0,13.0,653.99
2022-08-22,US,Salem,pm25,72,8.0,58.0,12.0,369.29
2022-08-22,US,Madison,pm25,48,25.0,46.0,28.0,270.9
2022-08-22,US,Nashville,pm25,71,13.0,46.0,32.0,375.9
2022-08-22,US,Tucson,pm25,143,5.0,38.0,13.0,532.53
2022-08-22,US,Queens,pm25,91,1.0,49.0,18.0,1181.81
2022-08-22,US,Tallahassee,pm25,70,5.0,70.0,24.0,1433.14
2022-08-22,US,Fort Worth,pm25,32,4.0,34.0,9.0,393.46
2022-08-22,RS,Novi Sad,pm25,30,12.0,40.0,22.0,712.52
2022-08-22,RS,Niš,pm25,48,17.0,61.0,34.0,1427.22
2022-08-22,RS,Belgrade,pm25,120,19.0,70.0,41.0,1279.56
2022-08-22,CY,Nicosia,pm25,24,56.0,82.0,67.0,469.49
2022-08-22,CY,Limassol,pm25,24,54.0,68.0,62.0,155.87
2022-08-22,HR,Zagreb,pm25,24,13.0,51.0,38.0,1543.19
2022-08-22,MK,Skopje,pm25,153,5.0,152.0,35.0,9012.93
2022-08-23,GE,Tbilisi,pm25,96,60.0,103.0,73.0,1263.57
2022-08-23,HU,Győr,pm25,46,17.0,57.0,25.0,1238.61
2022-08-23,HU,Pécs,pm25,66,9.0,25.0,17.0,205.43
2022-08-23,HU,Kecskemét,pm25,24,17.0,57.0,42.0,1726.79
2022-08-23,HU,Miskolc,pm25,108,21.0,61.0,38.0,1396.7
2022-08-23,HU,Budapest,pm25,245,13.0,63.0,34.0,1233.96
2022-08-23,JP,Fukuoka,pm25,397,5.0,93.0,42.0,2069.41
2022-08-23,JP,Kanazawa,pm25,136,5.0,61.0,38.0,1346.13
2022-08-23,JP,Kumamoto,pm25,338,5.0,91.0,42.0,2688.78
2022-08-23,JP,Akita,pm25,37,9.0,61.0,30.0,1956.31
2022-08-23,JP,Kochi,pm25,47,21.0,91.0,57.0,1168.11
2022-08-23,JP,Gifu-shi,pm25,159,5.0,85.0,50.0,2145.82
2022-08-23,JP,Kyoto,pm25,572,5.0,89.0,55.0,1848.57
2022-08-23,JP,Hiroshima,pm25,322,5.0,95.0,61.0,2235.32
2022-08-23,JP,Shizuoka,pm25,261,5.0,72.0,38.0,1435.98
2022-08-23,JP,Chiba,pm25,695,5.0,137.0,30.0,3111.59
2022-08-23,JP,Sapporo,pm25,187,5.0,76.0,25.0,1738.09
2022-08-23,JP,Yokohama,pm25,538,1.0,72.0,30.0,1385.18
2022-08-23,JP,Tokyo,pm25,2481,1.0,117.0,38.0,2514.61
2022-08-23,JP,Saitama,pm25,484,9.0,89.0,50.0,2920.3
2022-08-23,JP,Naha,pm25,112,5.0,46.0,9.0,1357.7
2022-08-23,JP,Nagasaki,pm25,184,5.0,61.0,34.0,1105.9
2022-08-23,JP,Toyama,pm25,191,17.0,82.0,46.0,1647.13
2022-08-23,JP,Niigata,pm25,206,13.0,91.0,38.0,937.57
2022-08-23,JP,Nara-shi,pm25,188,9.0,74.0,50.0,2069.1
2022-08-23,JP,Okayama,pm25,282,34.0,107.0,59.0,1427.41
2022-08-23,JP,Sendai,pm25,394,9.0,80.0,46.0,2697.18
2022-08-23,JP,Osaka,pm25,1460,5.0,142.0,50.0,1954.86
2022-08-23,JP,Miyazaki,pm25,125,17.0,162.0,65.0,4818.65
2022-08-23,JP,Matsuyama,pm25,161,9.0,104.0,59.0,2549.72
2022-08-23,JP,Wakayama,pm25,280,25.0,104.0,46.0,1064.45
2022-08-23,JP,Takamatsu,pm25,237,9.0,91.0,55.0,2752.41
2022-08-23,JP,Nagoya,pm25,790,5.0,95.0,46.0,1636.85
2022-08-23,JP,Ōita,pm25,264,9.0,159.0,70.0,3031.08
2022-08-23,JP,Kobe,pm25,402,13.0,72.0,50.0,1067.54
2022-08-23,JP,Nagano,pm25,65,13.0,72.0,38.0,2177.21
2022-08-23,JP,Utsunomiya,pm25,406,5.0,102.0,57.0,2728.43
2022-08-23,JP,Kagoshima,pm25,91,5.0,65.0,30.0,863.41
2022-08-23,SK,Košice,pm25,88,5.0,129.0,42.0,5631.49
2022-08-23,SK,Bratislava,pm25,65,5.0,59.0,17.0,1488.79
2022-08-23,FI,Vantaa,pm25,24,11.0,31.0,19.0,247.75
2022-08-23,FI,Turku,pm25,24,12.0,28.0,18.0,222.61
2022-08-23,FI,Helsinki,pm25,120,13.0,55.0,23.0,778.49
2022-08-23,FI,Tampere,pm25,96,8.0,33.0,17.0,272.42
2022-08-23,ET,Addis Ababa,pm25,24,63.0,174.0,102.0,16749.3
2022-08-23,CH,Zürich,pm25,24,1.0,4.0,2.0,8.24
2022-08-23,CO,Bogotá,pm25,298,5.0,153.0,57.0,6480.39
2022-08-23,CO,Medellín,pm25,292,34.0,99.0,70.0,1444.43
2022-08-23,DK,Copenhagen,pm25,24,14.0,76.0,32.0,1891.72
2022-08-23,GB,Edinburgh,pm25,276,5.0,65.0,16.0,1545.2
2022-08-23,GB,Norwich,pm25,20,11.0,55.0,34.0,1186.61
2022-08-23,GB,Liverpool,pm25,36,16.0,38.0,23.0,372.79
2022-08-23,GB,Belfast,pm25,34,11.0,17.0,13.0,35.34
2022-08-23,GB,Coventry,pm25,50,7.0,26.0,15.0,112.2
2022-08-23,GB,Leeds,pm25,36,17.0,50.0,34.0,560.79
2022-08-23,GB,Cardiff,pm25,96,21.0,59.0,34.0,895.79
2022-08-23,GB,Bristol,pm25,59,5.0,50.0,34.0,2058.37
2022-08-23,GB,London,pm25,432,1.0,65.0,19.0,1825.06
2022-08-23,GB,Birmingham,pm25,45,17.0,37.0,23.0,216.95
2022-08-23,GB,Sheffield,pm25,78,11.0,85.0,21.0,1306.77
2022-08-23,GB,Newport,pm25,45,5.0,23.0,15.0,185.91
2022-08-23,GB,Leicester,pm25,21,13.0,48.0,21.0,769.33
2022-08-23,GB,Manchester,pm25,46,13.0,58.0,23.0,1590.05
2022-08-23,GB,Reading,pm25,14,5.0,9.0,5.0,42.2
2022-08-23,GB,Plymouth,pm25,20,5.0,13.0,9.0,109.34
2022-08-23,GB,Glasgow,pm25,568,4.0,48.0,17.0,440.64
2022-08-23,GB,Preston,pm25,39,10.0,49.0,25.0,682.55
2022-08-23,GB,Swansea,pm25,131,5.0,65.0,17.0,850.38
2022-08-23,GB,Southend-on-Sea,pm25,39,6.0,21.0,14.0,199.72
2022-08-23,ID,Jakarta,pm25,46,87.0,176.0,140.0,7369.62
2022-08-23,NP,Kathmandu,pm25,71,17.0,85.0,59.0,2420.25
2022-08-23,NP,Biratnagar,pm25,24,25.0,87.0,63.0,2190.42
2022-08-23,AU,Sydney,pm25,145,1.0,59.0,11.0,1130.13
2022-08-23,AU,Newcastle,pm25,137,2.0,84.0,43.0,4908.32
2022-08-23,AU,Launceston,pm25,124,5.0,119.0,13.0,4567.73
2022-08-23,AU,Hobart,pm25,49,5.0,13.0,5.0,97.96
2022-08-23,AU,Darwin,pm25,67,7.0,200.0,72.0,23816.5
2022-08-23,AU,Melbourne,pm25,137,1.0,57.0,20.0,1435.69
2022-08-23,AU,Canberra,pm25,45,4.0,73.0,21.0,3908.92
2022-08-23,AU,Adelaide,pm25,95,5.0,43.0,17.0,669.11
2022-08-23,AU,Brisbane,pm25,210,1.0,146.0,26.0,2295.61
2022-08-23,AU,Perth,pm25,76,2.0,10.0,4.0,56.92
2022-08-23,AU,Wollongong,pm25,35,1.0,64.0,10.0,1849.58
2022-08-23,CI,Abidjan,pm25,24,13.0,76.0,59.0,3687.54
2022-08-23,GH,Accra,pm25,24,25.0,70.0,42.0,1248.68
2022-08-23,IQ,Baghdad,pm25,24,109.0,169.0,153.0,3402.32
2022-08-23,IS,Reykjavík,pm25,96,6.0,36.0,12.0,361.95
2022-08-23,KG,Bishkek,pm25,24,59.0,82.0,65.0,437.32
2022-08-23,NL,Utrecht,pm25,45,22.0,69.0,49.0,1141.43
2022-08-23,NL,Nijmegen,pm25,48,4.0,64.0,43.0,1995.46
2022-08-23,NL,Haarlem,pm25,135,1.0,110.0,35.0,4274.14
2022-08-23,NL,Eindhoven,pm25,22,23.0,81.0,60.0,3072.29
2022-08-23,NL,Rotterdam,pm25,190,8.0,89.0,35.0,1974.48
2022-08-23,NL,Amsterdam,pm25,250,1.0,82.0,36.0,2174.6
2022-08-23,NL,Dordrecht,pm25,24,9.0,63.0,38.0,2444.57
2022-08-23,NL,Breda,pm25,24,13.0,76.0,36.0,2746.01
2022-08-23,NL,Groningen,pm25,48,2.0,88.0,48.0,3719.13
2022-08-23,NL,Maastricht,pm25,88,5.0,68.0,38.0,2823.73
2022-08-23,NL,The Hague,pm25,65,5.0,60.0,30.0,2009.84
2022-08-23,PT,Lisbon,pm25,96,19.0,53.0,38.0,858.94
2022-08-23,PT,Funchal,pm25,32,1.0,28.0,11.0,792.9
2022-08-23,CA,Hamilton,pm25,82,5.0,78.0,17.0,3694.51
2022-08-23,CA,Calgary,pm25,92,7.0,44.0,25.0,934.39
2022-08-23,CA,Winnipeg,pm25,24,29.0,40.0,33.0,88.24
2022-08-23,CA,Halifax,pm25,46,9.0,28.0,19.0,275.5
2022-08-23,CA,Kitchener,pm25,31,9.0,38.0,17.0,721.57
2022-08-23,CA,Edmonton,pm25,138,17.0,97.0,69.0,2785.74
2022-08-23,CA,Mississauga,pm25,53,9.0,55.0,13.0,726.9
2022-08-23,CA,Québec,pm25,146,20.0,56.0,40.0,793.68
2022-08-23,CA,Vancouver,pm25,21,12.0,37.0,20.0,772.9
2022-08-23,CA,Victoria,pm25,34,5.0,57.0,21.0,1231.63
2022-08-23,CA,Montréal,pm25,392,6.0,53.0,27.0,1097.96
2022-08-23,CA,Toronto,pm25,130,9.0,61.0,21.0,1481.96
2022-08-23,CA,Ottawa,pm25,65,5.0,31.0,25.0,441.48
2022-08-23,CA,London,pm25,44,9.0,61.0,21.0,2368.99
2022-08-23,US,Oklahoma City,pm25,96,16.0,52.0,31.0,758.05
2022-08-23,US,Raleigh,pm25,71,13.0,59.0,38.0,1603.08
2022-08-23,US,Memphis,pm25,71,4.0,56.0,23.0,1375.7
2022-08-23,US,Jackson,pm25,71,6.0,35.0,15.0,517.41
2022-08-23,US,Boston,pm25,115,5.0,46.0,17.0,400.69
2022-08-23,US,Richmond,pm25,83,23.0,38.0,28.0,151.05
2022-08-23,US,Portland,pm25,163,5.0,63.0,15.0,353.85
2022-08-23,US,Boise,pm25,48,9.0,55.0,34.0,1243.76
2022-08-23,US,Austin,pm25,39,5.0,55.0,17.0,1212.71
2022-08-23,US,Honolulu,pm25,36,5.0,46.0,17.0,1080.09
2022-08-23,US,Fresno,pm25,48,3.0,69.0,29.0,3023.61
2022-08-23,US,Milwaukee,pm25,141,28.0,72.0,35.0,403.61
2022-08-23,US,Hartford,pm25,24,16.0,47.0,21.0,665.92
2022-08-23,US,Washington D.C.,pm25,79,5.0,38.0,17.0,881.14
2022-08-23,US,Chicago,pm25,236,10.0,78.0,34.0,875.71
2022-08-23,US,Houston,pm25,90,1.0,59.0,25.0,1472.85
2022-08-23,US,Indianapolis,pm25,118,17.0,115.0,39.0,1796.18
2022-08-23,US,Atlanta,pm25,24,40.0,53.0,46.0,148.62
2022-08-23,US,Charlotte,pm25,69,17.0,50.0,30.0,767.79
2022-08-23,US,Sacramento,pm25,63,3.0,50.0,18.0,1184.83
2022-08-23,US,Oakland,pm25,97,5.0,53.0,13.0,1311.93
2022-08-23,US,Providence,pm25,2,5.0,5.0,5.0,0.0
2022-08-23,US,Staten Island,pm25,119,3.0,59.0,24.0,1988.24
2022-08-23,US,Brooklyn,pm25,134,3.0,66.0,25.0,2086.62
2022-08-23,US,Springfield,pm25,71,6.0,52.0,28.0,886.4
2022-08-23,US,The Bronx,pm25,48,3.0,32.0,12.0,598.71
2022-08-23,US,San Jose,pm25,77,5.0,68.0,17.0,1310.46
2022-08-23,US,Los Angeles,pm25,48,31.0,81.0,52.0,1251.13
2022-08-23,US,Detroit,pm25,144,24.0,126.0,44.0,1315.31
2022-08-23,US,Little Rock,pm25,24,1.0,43.0,17.0,918.53
2022-08-23,US,Baltimore,pm25,48,9.0,52.0,25.0,1299.56
2022-08-23,US,Phoenix,pm25,189,1.0,66.0,25.0,1177.05
2022-08-23,US,Omaha,pm25,45,5.0,55.0,30.0,1446.74
2022-08-23,US,El Paso,pm25,104,2.0,42.0,13.0,744.63
2022-08-23,US,Dallas,pm25,5,5.0,9.0,9.0,48.0
2022-08-23,US,Seattle,pm25,243,5.0,53.0,25.0,1046.78
2022-08-23,US,Manhattan,pm25,69,2.0,58.0,15.0,1950.62
2022-08-23,US,Miami,pm25,93,12.0,28.0,18.0,95.12
2022-08-23,US,Jacksonville,pm25,138,5.0,74.0,29.0,1075.95
2022-08-23,US,San Antonio,pm25,90,3.0,54.0,23.0,1582.99
2022-08-23,US,Philadelphia,pm25,96,3.0,62.0,26.0,1429.22
2022-08-23,US,San Diego,pm25,24,24.0,52.0,38.0,717.32
2022-08-23,US,Columbus,pm25,48,7.0,53.0,26.0,994.03
2022-08-23,US,Saint Paul,pm25,139,5.0,76.0,33.0,2129.49
2022-08-23,US,Denver,pm25,144,9.0,50.0,21.0,567.78
2022-08-23,US,Salt Lake City,pm25,216,11.0,56.0,28.0,563.82
2022-08-23,US,Albuquerque,pm25,72,17.0,40.0,26.0,372.38
2022-08-23,US,San Francisco,pm25,46,5.0,63.0,17.0,1843.21
2022-08-23,US,Salem,pm25,72,9.0,22.0,15.0,93.17
2022-08-23,US,Madison,pm25,48,26.0,36.0,29.0,62.55
2022-08-23,US,Nashville,pm25,71,13.0,58.0,36.0,691.64
2022-08-23,US,Tucson,pm25,138,5.0,30.0,13.0,418.02
2022-08-23,US,Queens,pm25,82,2.0,66.0,25.0,1699.56
2022-08-23,US,Tallahassee,pm25,68,9.0,55.0,30.0,889.51
2022-08-23,US,Fort Worth,pm25,38,3.0,34.0,11.0,629.47
2022-08-23,RS,Novi Sad,pm25,48,15.0,59.0,34.0,1398.83
2022-08-23,RS,Niš,pm25,48,13.0,62.0,33.0,1863.76
2022-08-23,RS,Belgrade,pm25,120,21.0,70.0,47.0,1147.36
2022-08-23,CY,Nicosia,pm25,24,31.0,66.0,53.0,1074.62
2022-08-23,CY,Limassol,pm25,23,10.0,62.0,49.0,1005.14
2022-08-23,HR,Zagreb,pm25,24,9.0,35.0,18.0,448.41
2022-08-23,MK,Skopje,pm25,132,5.0,153.0,29.0,15276.0
2022-08-24,GE,Tbilisi,pm25,96,48.0,84.0,60.0,757.62
2022-08-24,HU,Győr,pm25,48,17.0,152.0,57.0,10214.9
2022-08-24,HU,Pécs,pm25,63,21.0,46.0,34.0,547.74
2022-08-24,HU,Kecskemét,pm25,24,25.0,63.0,46.0,1401.58
2022-08-24,HU,Miskolc,pm25,113,25.0,76.0,50.0,1222.73
2022-08-24,HU,Budapest,pm25,243,17.0,63.0,42.0,711.34
2022-08-24,JP,Fukuoka,pm25,395,9.0,134.0,34.0,1839.18
2022-08-24,JP,Kanazawa,pm25,209,5.0,53.0,17.0,1058.28
2022-08-24,JP,Kumamoto,pm25,343,5.0,104.0,46.0,2576.09
2022-08-24,JP,Akita,pm25,40,9.0,59.0,21.0,1739.99
2022-08-24,JP,Kochi,pm25,46,38.0,85.0,61.0,1187.05
2022-08-24,JP,Gifu-shi,pm25,155,5.0,85.0,42.0,2333.21
2022-08-24,JP,Kyoto,pm25,559,5.0,76.0,38.0,1756.2
2022-08-24,JP,Hiroshima,pm25,305,5.0,112.0,46.0,2678.19
2022-08-24,JP,Shizuoka,pm25,254,9.0,107.0,42.0,3194.99
2022-08-24,JP,Chiba,pm25,719,5.0,149.0,34.0,3297.34
2022-08-24,JP,Sapporo,pm25,172,5.0,87.0,21.0,1395.85
2022-08-24,JP,Yokohama,pm25,542,1.0,76.0,42.0,2818.0
2022-08-24,JP,Tokyo,pm25,2467,1.0,142.0,42.0,1580.2
2022-08-24,JP,Saitama,pm25,493,5.0,82.0,42.0,1549.56
2022-08-24,JP,Naha,pm25,139,5.0,38.0,13.0,1066.36
2022-08-24,JP,Nagasaki,pm25,186,5.0,70.0,34.0,1302.22
2022-08-24,JP,Toyama,pm25,183,5.0,68.0,21.0,1692.29
2022-08-24,JP,Niigata,pm25,203,5.0,57.0,17.0,779.16
2022-08-24,JP,Nara-shi,pm25,188,13.0,65.0,46.0,1466.42
2022-08-24,JP,Okayama,pm25,284,21.0,76.0,46.0,1083.78
2022-08-24,JP,Sendai,pm25,434,5.0,63.0,25.0,1456.98
2022-08-24,JP,Osaka,pm25,1454,5.0,129.0,34.0,2049.29
2022-08-24,JP,Miyazaki,pm25,140,9.0,153.0,59.0,4924.48
2022-08-24,JP,Matsuyama,pm25,161,13.0,104.0,59.0,2945.39
2022-08-24,JP,Wakayama,pm25,261,5.0,93.0,46.0,1374.75
2022-08-24,JP,Takamatsu,pm25,238,5.0,82.0,46.0,2330.0
2022-08-24,JP,Nagoya,pm25,782,5.0,102.0,42.0,1765.43
2022-08-24,JP,Ōita,pm25,260,9.0,549.0,61.0,11455.8
2022-08-24,JP,Kobe,pm25,410,9.0,65.0,34.0,1142.81
2022-08-24,JP,Nagano,pm25,60,5.0,46.0,17.0,1039.82
2022-08-24,JP,Utsunomiya,pm25,402,9.0,72.0,46.0,2174.98
2022-08-24,JP,Kagoshima,pm25,92,5.0,65.0,30.0,1498.82
2022-08-24,SK,Košice,pm25,96,21.0,114.0,63.0,3432.65
2022-08-24,SK,Bratislava,pm25,87,9.0,229.0,46.0,10851.6
2022-08-24,FI,Vantaa,pm25,23,23.0,62.0,44.0,1820.91
2022-08-24,FI,Turku,pm25,24,10.0,23.0,15.0,153.04
2022-08-24,FI,Helsinki,pm25,120,24.0,74.0,44.0,1108.13
2022-08-24,FI,Tampere,pm25,96,5.0,44.0,18.0,791.74
2022-08-24,ET,Addis Ababa,pm25,24,38.0,173.0,85.0,12246.5
2022-08-24,CH,Zürich,pm25,19,1.0,5.0,2.0,10.23
2022-08-24,CO,Bogotá,pm25,294,5.0,151.0,53.0,4742.92
2022-08-24,CO,Medellín,pm25,244,46.0,102.0,70.0,1239.9
2022-08-24,DK,Copenhagen,pm25,24,6.0,70.0,37.0,2644.76
2022-08-24,GB,Edinburgh,pm25,281,1.0,53.0,13.0,548.54
2022-08-24,GB,Norwich,pm25,19,12.0,19.0,14.0,53.22
2022-08-24,GB,Liverpool,pm25,39,13.0,53.0,25.0,1276.05
2022-08-24,GB,Belfast,pm25,43,5.0,30.0,17.0,254.39
2022-08-24,GB,Coventry,pm25,30,9.0,26.0,13.0,167.14
2022-08-24,GB,Leeds,pm25,33,17.0,57.0,21.0,654.34
2022-08-24,GB,Cardiff,pm25,95,17.0,59.0,34.0,1406.98
2022-08-24,GB,Bristol,pm25,53,5.0,42.0,25.0,1083.61
2022-08-24,GB,London,pm25,430,1.0,74.0,21.0,1743.12
2022-08-24,GB,Birmingham,pm25,29,13.0,30.0,19.0,219.73
2022-08-24,GB,Sheffield,pm25,53,12.0,95.0,21.0,1848.45
2022-08-24,GB,Newport,pm25,41,3.0,25.0,10.0,278.89
2022-08-24,GB,Leicester,pm25,12,13.0,35.0,17.0,405.15
2022-08-24,GB,Manchester,pm25,76,10.0,42.0,21.0,379.75
2022-08-24,GB,Reading,pm25,16,5.0,21.0,9.0,288.0
2022-08-24,GB,Plymouth,pm25,21,5.0,19.0,13.0,104.91
2022-08-24,GB,Glasgow,pm25,568,3.0,34.0,14.0,285.46
2022-08-24,GB,Preston,pm25,39,8.0,27.0,18.0,261.5
2022-08-24,GB,Swansea,pm25,116,5.0,38.0,13.0,905.61
2022-08-24,GB,Southend-on-Sea,pm25,48,8.0,21.0,12.0,127.12
2022-08-24,ID,Jakarta,pm25,47,78.0,165.0,132.0,6220.27
2022-08-24,NP,Kathmandu,pm25,70,9.0,82.0,42.0,3407.11
2022-08-24,NP,Biratnagar,pm25,24,23.0,59.0,33.0,1289.55
2022-08-24,AU,Sydney,pm25,152,1.0,101.0,12.0,1468.51
2022-08-24,AU,Newcastle,pm25,130,1.0,68.0,14.0,2109.39
2022-08-24,AU,Launceston,pm25,125,5.0,171.0,9.0,10206.0
2022-08-24,AU,Hobart,pm25,43,5.0,59.0,5.0,813.51
2022-08-24,AU,Darwin,pm25,72,10.0,177.0,42.0,10132.0
2022-08-24,AU,Melbourne,pm25,143,1.0,42.0,17.0,960.08
2022-08-24,AU,Canberra,pm25,69,1.0,103.0,35.0,9021.88
2022-08-24,AU,Adelaide,pm25,86,2.0,40.0,13.0,729.3
2022-08-24,AU,Brisbane,pm25,202,1.0,62.0,10.0,593.59
2022-08-24,AU,Perth,pm25,79,2.0,17.0,6.0,91.34
2022-08-24,AU,Wollongong,pm25,38,1.0,51.0,13.0,1349.65
2022-08-24,CI,Abidjan,pm25,24,25.0,93.0,55.0,2781.14
2022-08-24,GH,Accra,pm25,22,25.0,63.0,46.0,1154.2
2022-08-24,IQ,Baghdad,pm25,24,82.0,165.0,124.0,6749.49
2022-08-24,IS,Reykjavík,pm25,96,5.0,49.0,14.0,257.4
2022-08-24,KG,Bishkek,pm25,24,53.0,102.0,68.0,1696.94
2022-08-24,NL,Utrecht,pm25,47,14.0,81.0,42.0,2684.99
2022-08-24,NL,Nijmegen,pm25,45,1.0,71.0,51.0,3314.92
2022-08-24,NL,Haarlem,pm25,134,2.0,70.0,29.0,2703.37
2022-08-24,NL,Eindhoven,pm25,22,19.0,78.0,57.0,2072.66
2022-08-24,NL,Rotterdam,pm25,189,4.0,86.0,19.0,1825.96
2022-08-24,NL,Amsterdam,pm25,236,1.0,77.0,28.0,2721.01
2022-08-24,NL,Dordrecht,pm25,24,5.0,79.0,25.0,2540.58
2022-08-24,NL,Breda,pm25,24,21.0,76.0,35.0,2350.14
2022-08-24,NL,Groningen,pm25,48,17.0,94.0,58.0,4417.0
2022-08-24,NL,Maastricht,pm25,95,5.0,65.0,34.0,2357.07
2022-08-24,NL,The Hague,pm25,58,1.0,40.0,15.0,512.45
2022-08-24,PT,Lisbon,pm25,90,8.0,43.0,19.0,605.35
2022-08-24,PT,Funchal,pm25,51,1.0,48.0,12.0,1840.34
2022-08-24,CA,Hamilton,pm25,87,9.0,59.0,30.0,1488.52
2022-08-24,CA,Calgary,pm25,92,13.0,73.0,40.0,1784.89
2022-08-24,CA,Winnipeg,pm25,24,26.0,58.0,47.0,931.14
2022-08-24,CA,Halifax,pm25,46,6.0,23.0,14.0,165.94
2022-08-24,CA,Kitchener,pm25,43,9.0,53.0,25.0,1422.5
2022-08-24,CA,Edmonton,pm25,132,4.0,115.0,58.0,4189.44
2022-08-24,CA,Mississauga,pm25,65,9.0,59.0,25.0,1288.4
2022-08-24,CA,Québec,pm25,173,7.0,51.0,35.0,770.45
2022-08-24,CA,Vancouver,pm25,21,23.0,59.0,32.0,1339.57
2022-08-24,CA,Victoria,pm25,45,9.0,53.0,21.0,1173.92
2022-08-24,CA,Montréal,pm25,372,9.0,62.0,27.0,1172.87
2022-08-24,CA,Toronto,pm25,135,9.0,82.0,25.0,1443.5
2022-08-24,CA,Ottawa,pm25,69,13.0,61.0,27.0,1175.72
2022-08-24,CA,London,pm25,42,9.0,70.0,30.0,2492.59
2022-08-24,US,Oklahoma City,pm25,96,15.0,51.0,32.0,866.03
2022-08-24,US,Raleigh,pm25,68,21.0,59.0,42.0,1004.92
2022-08-24,US,Memphis,pm25,69,3.0,40.0,14.0,716.81
2022-08-24,US,Jackson,pm25,71,3.0,39.0,15.0,653.14
2022-08-24,US,Boston,pm25,124,5.0,42.0,25.0,458.35
2022-08-24,US,Richmond,pm25,96,36.0,51.0,41.0,110.78
2022-08-24,US,Portland,pm25,167,9.0,41.0,25.0,455.12
2022-08-24,US,Boise,pm25,48,5.0,57.0,33.0,1816.27
2022-08-24,US,Austin,pm25,42,5.0,55.0,17.0,1522.76
2022-08-24,US,Honolulu,pm25,43,5.0,55.0,21.0,1436.9
2022-08-24,US,Fresno,pm25,48,15.0,73.0,50.0,2540.14
2022-08-24,US,Milwaukee,pm25,144,29.0,54.0,35.0,293.72
2022-08-24,US,Hartford,pm25,34,17.0,34.0,20.0,262.1
2022-08-24,US,Washington D.C.,pm25,120,9.0,47.0,34.0,869.75
2022-08-24,US,Chicago,pm25,239,8.0,86.0,39.0,1213.39
2022-08-24,US,Houston,pm25,90,5.0,57.0,30.0,1597.3
2022-08-24,US,Indianapolis,pm25,120,23.0,93.0,51.0,2697.56
2022-08-24,US,Atlanta,pm25,24,24.0,52.0,43.0,1241.45
2022-08-24,US,Charlotte,pm25,71,25.0,57.0,38.0,442.64
2022-08-24,US,Sacramento,pm25,70,5.0,77.0,25.0,1775.46
2022-08-24,US,Oakland,pm25,106,5.0,53.0,21.0,1178.18
2022-08-24,US,Providence,pm25,10,5.0,25.0,9.0,490.67
2022-08-24,US,Staten Island,pm25,120,4.0,55.0,25.0,1177.1
2022-08-24,US,Brooklyn,pm25,140,2.0,65.0,25.0,1866.54
2022-08-24,US,Springfield,pm25,70,5.0,69.0,33.0,1126.81
2022-08-24,US,The Bronx,pm25,48,2.0,29.0,11.0,532.23
2022-08-24,US,San Jose,pm25,90,5.0,59.0,21.0,1059.53
2022-08-24,US,Los Angeles,pm25,45,23.0,72.0,41.0,1331.64
2022-08-24,US,Detroit,pm25,144,37.0,71.0,50.0,557.94
2022-08-24,US,Little Rock,pm25,24,8.0,59.0,16.0,1531.01
2022-08-24,US,Baltimore,pm25,48,13.0,71.0,40.0,1720.92
2022-08-24,US,Phoenix,pm25,186,3.0,46.0,13.0,550.77
2022-08-24,US,Omaha,pm25,47,9.0,117.0,34.0,3181.05
2022-08-24,US,El Paso,pm25,148,5.0,50.0,21.0,1240.71
2022-08-24,US,Dallas,pm25,11,5.0,13.0,9.0,98.91
2022-08-24,US,Seattle,pm25,251,5.0,68.0,30.0,2063.7
2022-08-24,US,Manhattan,pm25,68,2.0,45.0,21.0,969.33
2022-08-24,US,Miami,pm25,94,10.0,21.0,15.0,45.95
2022-08-24,US,Jacksonville,pm25,143,8.0,63.0,28.0,788.07
2022-08-24,US,San Antonio,pm25,92,1.0,56.0,26.0,1806.69
2022-08-24,US,Philadelphia,pm25,93,2.0,154.0,34.0,4089.93
2022-08-24,US,San Diego,pm25,22,25.0,58.0,35.0,754.03
2022-08-24,US,Columbus,pm25,48,10.0,47.0,30.0,792.75
2022-08-24,US,Saint Paul,pm25,141,9.0,113.0,34.0,1791.45
2022-08-24,US,Denver,pm25,128,13.0,53.0,25.0,515.87
2022-08-24,US,Salt Lake City,pm25,215,11.0,64.0,29.0,939.39
2022-08-24,US,Albuquerque,pm25,72,21.0,45.0,28.0,366.13
2022-08-24,US,San Francisco,pm25,46,5.0,34.0,17.0,541.18
2022-08-24,US,Salem,pm25,72,11.0,33.0,20.0,456.32
2022-08-24,US,Madison,pm25,46,25.0,53.0,30.0,361.99
2022-08-24,US,Nashville,pm25,72,5.0,48.0,25.0,761.13
2022-08-24,US,Tucson,pm25,114,5.0,76.0,13.0,1024.99
2022-08-24,US,Queens,pm25,92,2.0,52.0,23.0,1913.44
2022-08-24,US,Tallahassee,pm25,63,5.0,61.0,30.0,1765.39
2022-08-24,US,Fort Worth,pm25,48,5.0,34.0,17.0,502.82
2022-08-24,RS,Novi Sad,pm25,48,34.0,70.0,50.0,830.81
2022-08-24,RS,Niš,pm25,48,39.0,83.0,60.0,1017.0
2022-08-24,RS,Belgrade,pm25,120,30.0,73.0,55.0,1261.08
2022-08-24,CY,Nicosia,pm25,21,1.0,63.0,51.0,2532.48
2022-08-24,CY,Limassol,pm25,24,28.0,60.0,47.0,544.18
2022-08-24,HR,Zagreb,pm25,24,18.0,46.0,28.0,596.23
2022-08-24,MK,Skopje,pm25,137,9.0,83.0,39.0,2662.78
2022-08-25,GE,Tbilisi,pm25,96,45.0,79.0,51.0,1511.03
2022-08-25,HU,Győr,pm25,42,5.0,80.0,30.0,4831.5
2022-08-25,HU,Pécs,pm25,69,38.0,63.0,46.0,506.85
2022-08-25,HU,Kecskemét,pm25,35,46.0,65.0,55.0,257.28
2022-08-25,HU,Miskolc,pm25,67,38.0,87.0,59.0,1009.31
2022-08-25,HU,Budapest,pm25,209,13.0,63.0,46.0,744.82
2022-08-25,JP,Fukuoka,pm25,378,5.0,93.0,30.0,2483.44
2022-08-25,JP,Kanazawa,pm25,225,5.0,59.0,21.0,1143.63
2022-08-25,JP,Kumamoto,pm25,314,5.0,78.0,25.0,2460.48
2022-08-25,JP,Akita,pm25,33,9.0,46.0,21.0,766.21
2022-08-25,JP,Kochi,pm25,48,13.0,70.0,50.0,1638.15
2022-08-25,JP,Gifu-shi,pm25,155,5.0,87.0,46.0,3295.49
2022-08-25,JP,Kyoto,pm25,561,9.0,91.0,53.0,3139.24
2022-08-25,JP,Hiroshima,pm25,277,5.0,78.0,38.0,3674.55
2022-08-25,JP,Shizuoka,pm25,251,5.0,76.0,38.0,2115.63
2022-08-25,JP,Chiba,pm25,758,5.0,97.0,34.0,2581.21
2022-08-25,JP,Sapporo,pm25,193,5.0,97.0,21.0,2155.43
2022-08-25,JP,Yokohama,pm25,549,1.0,82.0,42.0,2543.14
2022-08-25,JP,Tokyo,pm25,2499,1.0,112.0,38.0,2005.17
2022-08-25,JP,Saitama,pm25,496,9.0,134.0,34.0,1201.99
2022-08-25,JP,Naha,pm25,114,13.0,55.0,30.0,1224.98
2022-08-25,JP,Nagasaki,pm25,183,5.0,65.0,21.0,801.15
2022-08-25,JP,Toyama,pm25,186,5.0,89.0,21.0,1885.32
2022-08-25,JP,Niigata,pm25,211,5.0,46.0,21.0,662.09
2022-08-25,JP,Nara-shi,pm25,188,13.0,78.0,50.0,2049.81
2022-08-25,JP,Okayama,pm25,283,5.0,70.0,30.0,1853.92
2022-08-25,JP,Sendai,pm25,444,5.0,63.0,25.0,888.42
2022-08-25,JP,Osaka,pm25,1465,5.0,104.0,50.0,2408.36
2022-08-25,JP,Miyazaki,pm25,138,5.0,99.0,50.0,3336.23
2022-08-25,JP,Matsuyama,pm25,145,5.0,85.0,34.0,3070.23
2022-08-25,JP,Wakayama,pm25,260,30.0,80.0,53.0,911.81
2022-08-25,JP,Takamatsu,pm25,234,5.0,78.0,34.0,2183.12
2022-08-25,JP,Nagoya,pm25,765,5.0,87.0,46.0,1681.1
2022-08-25,JP,Ōita,pm25,241,5.0,70.0,30.0,2490.79
2022-08-25,JP,Kobe,pm25,419,5.0,124.0,42.0,1746.18
2022-08-25,JP,Nagano,pm25,56,5.0,70.0,21.0,4339.43
2022-08-25,JP,Utsunomiya,pm25,410,5.0,57.0,34.0,947.86
2022-08-25,JP,Kagoshima,pm25,90,9.0,70.0,25.0,1339.74
2022-08-25,SK,Košice,pm25,88,50.0,127.0,74.0,3679.51
2022-08-25,SK,Bratislava,pm25,96,13.0,87.0,50.0,2538.1
2022-08-25,FI,Vantaa,pm25,23,4.0,23.0,12.0,261.19
2022-08-25,FI,Turku,pm25,24,8.0,24.0,11.0,160.85
2022-08-25,FI,Helsinki,pm25,120,3.0,60.0,15.0,766.04
2022-08-25,FI,Tampere,pm25,96,3.0,23.0,10.0,155.33
2022-08-25,ET,Addis Ababa,pm25,24,34.0,158.0,78.0,20199.3
2022-08-25,CH,Zürich,pm25,21,2.0,5.0,2.0,6.57
2022-08-25,CO,Bogotá,pm25,289,5.0,144.0,57.0,4942.42
2022-08-25,CO,Medellín,pm25,264,59.0,99.0,78.0,871.38
2022-08-25,DK,Copenhagen,pm25,24,4.0,51.0,30.0,1324.93
2022-08-25,GB,Edinburgh,pm25,284,7.0,60.0,17.0,730.27
2022-08-25,GB,Norwich,pm25,19,13.0,25.0,17.0,132.87
2022-08-25,GB,Liverpool,pm25,41,13.0,55.0,25.0,901.02
2022-08-25,GB,Belfast,pm25,45,13.0,33.0,24.0,321.64
2022-08-25,GB,Coventry,pm25,72,12.0,36.0,22.0,296.71
2022-08-25,GB,Leeds,pm25,40,13.0,107.0,17.0,2500.28
2022-08-25,GB,Cardiff,pm25,102,17.0,61.0,42.0,780.85
2022-08-25,GB,Bristol,pm25,70,5.0,53.0,34.0,1436.64
2022-08-25,GB,London,pm25,477,1.0,82.0,30.0,2113.46
2022-08-25,GB,Birmingham,pm25,47,13.0,48.0,27.0,709.5
2022-08-25,GB,Sheffield,pm25,86,13.0,53.0,21.0,511.97
2022-08-25,GB,Newport,pm25,41,9.0,23.0,14.0,106.06
2022-08-25,GB,Leicester,pm25,24,17.0,51.0,23.0,969.49
2022-08-25,GB,Manchester,pm25,77,15.0,56.0,25.0,420.8
2022-08-25,GB,Reading,pm25,46,5.0,87.0,17.0,3812.1
2022-08-25,GB,Plymouth,pm25,34,5.0,34.0,15.0,492.59
2022-08-25,GB,Glasgow,pm25,571,7.0,48.0,18.0,280.04
2022-08-25,GB,Preston,pm25,46,15.0,35.0,21.0,120.18
2022-08-25,GB,Swansea,pm25,128,5.0,53.0,17.0,1259.33
2022-08-25,GB,Southend-on-Sea,pm25,44,9.0,59.0,23.0,1836.96
2022-08-25,ID,Jakarta,pm25,47,78.0,161.0,107.0,5927.59
2022-08-25,NP,Kathmandu,pm25,72,9.0,76.0,42.0,2707.25
2022-08-25,NP,Biratnagar,pm25,24,48.0,147.0,59.0,3927.81
2022-08-25,AU,Sydney,pm25,152,1.0,62.0,15.0,1224.03
2022-08-25,AU,Newcastle,pm25,136,1.0,46.0,15.0,814.35
2022-08-25,AU,Launceston,pm25,135,5.0,185.0,34.0,16773.6
2022-08-25,AU,Hobart,pm25,51,5.0,74.0,9.0,2946.6
2022-08-25,AU,Darwin,pm25,72,4.0,155.0,34.0,11924.6
2022-08-25,AU,Melbourne,pm25,154,1.0,54.0,13.0,1026.76
2022-08-25,AU,Canberra,pm25,62,1.0,75.0,16.0,2555.88
2022-08-25,AU,Adelaide,pm25,80,1.0,38.0,9.0,403.16
2022-08-25,AU,Brisbane,pm25,215,1.0,49.0,17.0,987.33
2022-08-25,AU,Perth,pm25,90,2.0,14.0,6.0,85.5
2022-08-25,AU,Wollongong,pm25,31,1.0,56.0,12.0,2293.25
2022-08-25,CI,Abidjan,pm25,24,21.0,87.0,57.0,2723.7
2022-08-25,GH,Accra,pm25,24,25.0,119.0,61.0,7167.54
2022-08-25,IQ,Baghdad,pm25,24,70.0,209.0,127.0,15866.4
2022-08-25,IS,Reykjavík,pm25,96,4.0,15.0,9.0,37.05
2022-08-25,KG,Bishkek,pm25,24,57.0,93.0,70.0,483.41
2022-08-25,NL,Utrecht,pm25,48,17.0,113.0,51.0,3244.1
2022-08-25,NL,Nijmegen,pm25,48,18.0,82.0,41.0,1954.25
2022-08-25,NL,Haarlem,pm25,139,18.0,128.0,58.0,3353.18
2022-08-25,NL,Eindhoven,pm25,23,33.0,81.0,63.0,1392.73
2022-08-25,NL,Rotterdam,pm25,191,14.0,101.0,55.0,2438.08
2022-08-25,NL,Amsterdam,pm25,244,8.0,115.0,53.0,3137.92
2022-08-25,NL,Dordrecht,pm25,24,21.0,76.0,42.0,1425.22
2022-08-25,NL,Breda,pm25,24,37.0,81.0,51.0,1579.11
2022-08-25,NL,Groningen,pm25,48,13.0,74.0,44.0,1972.13
2022-08-25,NL,Maastricht,pm25,95,17.0,72.0,46.0,1393.71
2022-08-25,NL,The Hague,pm25,48,23.0,114.0,60.0,4117.76
2022-08-25,PT,Lisbon,pm25,84,8.0,40.0,11.0,276.84
2022-08-25,PT,Funchal,pm25,60,1.0,44.0,20.0,2053.32
2022-08-25,CA,Hamilton,pm25,78,9.0,68.0,42.0,1901.93
2022-08-25,CA,Calgary,pm25,92,10.0,62.0,40.0,1876.25
2022-08-25,CA,Winnipeg,pm25,24,18.0,36.0,23.0,225.2
2022-08-25,CA,Halifax,pm25,46,13.0,33.0,22.0,322.32
2022-08-25,CA,Kitchener,pm25,40,30.0,57.0,50.0,478.05
2022-08-25,CA,Edmonton,pm25,122,3.0,67.0,47.0,2132.73
2022-08-25,CA,Mississauga,pm25,57,17.0,99.0,38.0,2218.13
2022-08-25,CA,Québec,pm25,182,12.0,73.0,35.0,944.86
2022-08-25,CA,Vancouver,pm25,23,24.0,49.0,30.0,369.09
2022-08-25,CA,Victoria,pm25,45,5.0,107.0,30.0,2243.82
2022-08-25,CA,Montréal,pm25,403,6.0,67.0,33.0,2139.47
2022-08-25,CA,Toronto,pm25,115,17.0,70.0,34.0,1338.34
2022-08-25,CA,Ottawa,pm25,64,9.0,53.0,40.0,1582.48
2022-08-25,CA,London,pm25,40,9.0,65.0,38.0,1848.2
2022-08-25,US,Oklahoma City,pm25,96,21.0,61.0,41.0,727.15
2022-08-25,US,Raleigh,pm25,71,5.0,68.0,46.0,1424.66
2022-08-25,US,Memphis,pm25,67,3.0,45.0,15.0,947.32
2022-08-25,US,Jackson,pm25,72,8.0,61.0,18.0,1057.18
2022-08-25,US,Boston,pm25,121,13.0,57.0,34.0,529.47
2022-08-25,US,Richmond,pm25,96,37.0,55.0,46.0,192.87
2022-08-25,US,Portland,pm25,168,12.0,51.0,28.0,734.57
2022-08-25,US,Boise,pm25,47,9.0,61.0,32.0,1538.55
2022-08-25,US,Austin,pm25,47,5.0,50.0,25.0,1422.59
2022-08-25,US,Honolulu,pm25,43,5.0,63.0,17.0,1255.35
2022-08-25,US,Fresno,pm25,48,12.0,83.0,41.0,2944.89
2022-08-25,US,Milwaukee,pm25,144,14.0,57.0,35.0,1043.82
2022-08-25,US,Hartford,pm25,48,26.0,44.0,34.0,205.09
2022-08-25,US,Washington D.C.,pm25,118,13.0,65.0,38.0,1126.69
2022-08-25,US,Chicago,pm25,240,12.0,60.0,38.0,1237.34
2022-08-25,US,Houston,pm25,94,10.0,60.0,34.0,1330.48
2022-08-25,US,Indianapolis,pm25,120,20.0,120.0,52.0,2208.77
2022-08-25,US,Atlanta,pm25,24,16.0,38.0,19.0,428.91
2022-08-25,US,Charlotte,pm25,72,13.0,53.0,30.0,1050.26
2022-08-25,US,Sacramento,pm25,72,5.0,50.0,25.0,863.47
2022-08-25,US,Oakland,pm25,98,5.0,46.0,13.0,751.34
2022-08-25,US,Providence,pm25,22,5.0,34.0,17.0,590.84
2022-08-25,US,Staten Island,pm25,120,7.0,63.0,37.0,1548.54
2022-08-25,US,Brooklyn,pm25,138,5.0,52.0,36.0,1615.26
2022-08-25,US,Springfield,pm25,72,9.0,53.0,39.0,757.32
2022-08-25,US,The Bronx,pm25,48,5.0,45.0,20.0,1246.56
2022-08-25,US,San Jose,pm25,87,5.0,42.0,17.0,887.53
2022-08-25,US,Los Angeles,pm25,48,25.0,60.0,43.0,1044.14
2022-08-25,US,Detroit,pm25,167,33.0,151.0,52.0,1625.9
2022-08-25,US,Little Rock,pm25,24,5.0,54.0,22.0,1686.01
2022-08-25,US,Baltimore,pm25,47,13.0,64.0,50.0,1318.23
2022-08-25,US,Phoenix,pm25,180,2.0,115.0,18.0,1522.29
2022-08-25,US,Omaha,pm25,46,5.0,55.0,25.0,1198.43
2022-08-25,US,El Paso,pm25,152,5.0,53.0,25.0,1278.04
2022-08-25,US,Dallas,pm25,18,5.0,25.0,17.0,527.06
2022-08-25,US,Seattle,pm25,258,5.0,76.0,50.0,2552.06
2022-08-25,US,Manhattan,pm25,71,4.0,55.0,29.0,978.11
2022-08-25,US,Miami,pm25,94,10.0,24.0,19.0,91.97
2022-08-25,US,Jacksonville,pm25,144,3.0,61.0,28.0,1281.01
2022-08-25,US,San Antonio,pm25,94,6.0,67.0,30.0,1725.64
2022-08-25,US,Philadelphia,pm25,96,16.0,70.0,44.0,1006.99
2022-08-25,US,San Diego,pm25,24,25.0,46.0,33.0,307.81
2022-08-25,US,Columbus,pm25,48,16.0,69.0,40.0,1518.01
2022-08-25,US,Saint Paul,pm25,98,5.0,163.0,25.0,3192.22
2022-08-25,US,Denver,pm25,145,9.0,65.0,25.0,1217.73
2022-08-25,US,Salt Lake City,pm25,216,10.0,56.0,23.0,449.85
2022-08-25,US,Albuquerque,pm25,69,23.0,48.0,33.0,493.33
2022-08-25,US,San Francisco,pm25,59,5.0,102.0,13.0,3975.21
2022-08-25,US,Salem,pm25,72,11.0,40.0,19.0,644.22
2022-08-25,US,Madison,pm25,48,18.0,54.0,31.0,838.14
2022-08-25,US,Nashville,pm25,73,8.0,55.0,26.0,844.81
2022-08-25,US,Tucson,pm25,125,5.0,82.0,13.0,707.43
2022-08-25,US,Queens,pm25,96,7.0,56.0,30.0,1730.1
2022-08-25,US,Tallahassee,pm25,62,2.0,50.0,26.0,799.4
2022-08-25,US,Fort Worth,pm25,46,4.0,210.0,25.0,13046.6
2022-08-25,RS,Novi Sad,pm25,48,32.0,68.0,52.0,715.53
2022-08-25,RS,Niš,pm25,48,50.0,83.0,63.0,941.38
2022-08-25,RS,Belgrade,pm25,120,25.0,80.0,55.0,1583.0
2022-08-25,CY,Nicosia,pm25,24,15.0,51.0,31.0,856.94
2022-08-25,CY,Limassol,pm25,24,23.0,59.0,37.0,1010.65
2022-08-25,HR,Zagreb,pm25,24,36.0,69.0,52.0,818.19
2022-08-25,MK,Skopje,pm25,167,17.0,166.0,61.0,11173.2
2022-08-26,GE,Tbilisi,pm25,96,47.0,75.0,54.0,594.0
2022-08-26,HU,Győr,pm25,46,9.0,114.0,65.0,11177.7
2022-08-26,HU,Pécs,pm25,57,42.0,61.0,53.0,338.4
2022-08-26,HU,Kecskemét,pm25,48,42.0,68.0,55.0,509.79
2022-08-26,HU,Miskolc,pm25,4,59.0,85.0,59.0,1556.67
2022-08-26,HU,Budapest,pm25,234,34.0,65.0,50.0,380.95
2022-08-26,JP,Fukuoka,pm25,390,5.0,99.0,34.0,1509.6
2022-08-26,JP,Kanazawa,pm25,208,5.0,53.0,17.0,777.81
2022-08-26,JP,Kumamoto,pm25,307,5.0,91.0,34.0,2249.56
2022-08-26,JP,Akita,pm25,35,5.0,102.0,25.0,3479.11
2022-08-26,JP,Kochi,pm25,48,9.0,70.0,38.0,2164.25
2022-08-26,JP,Gifu-shi,pm25,152,5.0,78.0,25.0,1923.54
2022-08-26,JP,Kyoto,pm25,563,5.0,76.0,34.0,2089.02
2022-08-26,JP,Hiroshima,pm25,301,5.0,82.0,38.0,3036.6
2022-08-26,JP,Shizuoka,pm25,262,9.0,114.0,57.0,3852.72
2022-08-26,JP,Chiba,pm25,783,5.0,151.0,50.0,4319.67
2022-08-26,JP,Sapporo,pm25,209,9.0,68.0,34.0,1193.64
2022-08-26,JP,Yokohama,pm25,546,1.0,91.0,53.0,2841.2
2022-08-26,JP,Tokyo,pm25,2560,1.0,134.0,55.0,2158.72
2022-08-26,JP,Saitama,pm25,496,13.0,107.0,59.0,3067.79
2022-08-26,JP,Naha,pm25,83,9.0,34.0,25.0,669.32
2022-08-26,JP,Nagasaki,pm25,187,5.0,63.0,30.0,1177.33
2022-08-26,JP,Toyama,pm25,162,5.0,59.0,21.0,1642.53
2022-08-26,JP,Niigata,pm25,206,5.0,34.0,13.0,436.05
2022-08-26,JP,Nara-shi,pm25,190,21.0,72.0,53.0,677.12
2022-08-26,JP,Okayama,pm25,275,5.0,65.0,34.0,2636.69
2022-08-26,JP,Sendai,pm25,460,5.0,61.0,21.0,1108.5
2022-08-26,JP,Osaka,pm25,1461,5.0,91.0,38.0,1838.89
2022-08-26,JP,Miyazaki,pm25,128,5.0,91.0,46.0,2615.9
2022-08-26,JP,Matsuyama,pm25,159,5.0,78.0,42.0,3070.64
2022-08-26,JP,Wakayama,pm25,283,9.0,74.0,42.0,1461.63
2022-08-26,JP,Takamatsu,pm25,225,5.0,61.0,30.0,1880.85
2022-08-26,JP,Nagoya,pm25,755,5.0,78.0,34.0,1790.88
2022-08-26,JP,Ōita,pm25,243,5.0,93.0,42.0,2284.65
2022-08-26,JP,Kobe,pm25,421,5.0,68.0,38.0,1499.31
2022-08-26,JP,Nagano,pm25,70,9.0,65.0,25.0,2034.42
2022-08-26,JP,Utsunomiya,pm25,420,13.0,99.0,59.0,3419.21
2022-08-26,JP,Kagoshima,pm25,90,5.0,55.0,25.0,791.42
2022-08-26,SK,Košice,pm25,95,50.0,137.0,61.0,1878.43
2022-08-26,SK,Bratislava,pm25,95,21.0,122.0,55.0,3240.31
2022-08-26,FI,Vantaa,pm25,24,12.0,25.0,16.0,185.8
2022-08-26,FI,Turku,pm25,24,11.0,23.0,14.0,66.88
2022-08-26,FI,Helsinki,pm25,120,8.0,55.0,21.0,1122.83
2022-08-26,FI,Tampere,pm25,96,2.0,44.0,15.0,306.04
2022-08-26,ET,Addis Ababa,pm25,24,53.0,166.0,85.0,14744.8
2022-08-26,CH,Zürich,pm25,23,1.0,5.0,3.0,13.32
2022-08-26,CO,Bogotá,pm25,299,21.0,153.0,85.0,7606.67
2022-08-26,CO,Medellín,pm25,279,55.0,99.0,73.0,983.45
2022-08-26,DK,Copenhagen,pm25,24,24.0,70.0,48.0,1514.18
2022-08-26,GB,Edinburgh,pm25,283,4.0,55.0,21.0,716.8
2022-08-26,GB,Norwich,pm25,23,15.0,38.0,21.0,300.91
2022-08-26,GB,Liverpool,pm25,38,11.0,53.0,25.0,752.32
2022-08-26,GB,Belfast,pm25,51,6.0,25.0,21.0,181.18
2022-08-26,GB,Coventry,pm25,53,14.0,66.0,22.0,501.79
2022-08-26,GB,Leeds,pm25,31,17.0,42.0,30.0,450.92
2022-08-26,GB,Cardiff,pm25,100,5.0,57.0,42.0,1306.32
2022-08-26,GB,Bristol,pm25,63,9.0,53.0,38.0,1064.42
2022-08-26,GB,London,pm25,495,7.0,84.0,42.0,1740.93
2022-08-26,GB,Birmingham,pm25,40,18.0,45.0,29.0,263.07
2022-08-26,GB,Sheffield,pm25,70,13.0,55.0,19.0,977.96
2022-08-26,GB,Newport,pm25,43,9.0,34.0,15.0,448.25
2022-08-26,GB,Leicester,pm25,14,19.0,70.0,44.0,1785.93
2022-08-26,GB,Manchester,pm25,81,18.0,53.0,29.0,691.03
2022-08-26,GB,Reading,pm25,48,9.0,72.0,30.0,2307.8
2022-08-26,GB,Plymouth,pm25,26,5.0,25.0,17.0,242.85
2022-08-26,GB,Glasgow,pm25,571,3.0,38.0,19.0,390.46
2022-08-26,GB,Preston,pm25,40,16.0,35.0,24.0,274.97
2022-08-26,GB,Swansea,pm25,146,5.0,65.0,17.0,1277.1
2022-08-26,GB,Southend-on-Sea,pm25,42,17.0,64.0,35.0,1691.34
2022-08-26,ID,Jakarta,pm25,47,72.0,177.0,156.0,6588.11
2022-08-26,NP,Kathmandu,pm25,72,9.0,85.0,53.0,2436.88
2022-08-26,NP,Biratnagar,pm25,24,56.0,81.0,68.0,536.52
2022-08-26,AU,Sydney,pm25,151,1.0,53.0,13.0,919.7
2022-08-26,AU,Newcastle,pm25,132,1.0,40.0,15.0,616.71
2022-08-26,AU,Launceston,pm25,144,5.0,190.0,13.0,14814.2
2022-08-26,AU,Hobart,pm25,62,5.0,82.0,9.0,3385.24
2022-08-26,AU,Darwin,pm25,71,13.0,92.0,62.0,3103.71
2022-08-26,AU,Melbourne,pm25,159,2.0,61.0,17.0,1283.49
2022-08-26,AU,Canberra,pm25,61,3.0,76.0,28.0,3319.17
2022-08-26,AU,Adelaide,pm25,87,5.0,119.0,30.0,3559.7
2022-08-26,AU,Brisbane,pm25,216,1.0,63.0,32.0,2266.46
2022-08-26,AU,Perth,pm25,89,2.0,27.0,9.0,324.87
2022-08-26,AU,Wollongong,pm25,32,2.0,41.0,12.0,988.05
2022-08-26,CI,Abidjan,pm25,15,25.0,68.0,46.0,2198.29
2022-08-26,GH,Accra,pm25,24,17.0,74.0,42.0,2721.29
2022-08-26,IQ,Baghdad,pm25,24,119.0,595.0,194.0,140401.0
2022-08-26,IS,Reykjavík,pm25,96,7.0,79.0,12.0,2349.2
2022-08-26,KG,Bishkek,pm25,24,53.0,82.0,63.0,554.62
2022-08-26,NL,Utrecht,pm25,47,3.0,45.0,20.0,1017.63
2022-08-26,NL,Nijmegen,pm25,43,2.0,98.0,18.0,4772.72
2022-08-26,NL,Haarlem,pm25,126,1.0,62.0,19.0,1829.56
2022-08-26,NL,Eindhoven,pm25,24,17.0,66.0,37.0,1813.62
2022-08-26,NL,Rotterdam,pm25,182,5.0,94.0,15.0,653.2
2022-08-26,NL,Amsterdam,pm25,235,1.0,76.0,15.0,1137.97
2022-08-26,NL,Dordrecht,pm25,24,5.0,30.0,13.0,650.65
2022-08-26,NL,Breda,pm25,24,11.0,42.0,21.0,720.8
2022-08-26,NL,Groningen,pm25,46,3.0,85.0,30.0,4115.4
2022-08-26,NL,Maastricht,pm25,90,5.0,109.0,21.0,6093.27
2022-08-26,NL,The Hague,pm25,56,2.0,22.0,13.0,120.61
2022-08-26,PT,Lisbon,pm25,73,10.0,54.0,18.0,1064.97
2022-08-26,PT,Funchal,pm25,49,3.0,35.0,16.0,968.56
2022-08-26,CA,Hamilton,pm25,92,5.0,59.0,30.0,2127.45
2022-08-26,CA,Calgary,pm25,92,8.0,71.0,31.0,2494.34
2022-08-26,CA,Winnipeg,pm25,24,39.0,59.0,52.0,332.16
2022-08-26,CA,Halifax,pm25,44,23.0,43.0,33.0,246.55
2022-08-26,CA,Kitchener,pm25,39,9.0,53.0,34.0,1948.39
2022-08-26,CA,Edmonton,pm25,122,3.0,82.0,45.0,2521.99
2022-08-26,CA,Mississauga,pm25,66,5.0,50.0,25.0,1977.2
2022-08-26,CA,Québec,pm25,175,9.0,72.0,35.0,752.84
2022-08-26,CA,Vancouver,pm25,23,7.0,22.0,11.0,176.92
2022-08-26,CA,Victoria,pm25,35,5.0,34.0,13.0,710.45
2022-08-26,CA,Montréal,pm25,387,18.0,56.0,38.0,1008.18
2022-08-26,CA,Toronto,pm25,131,9.0,59.0,30.0,1274.85
2022-08-26,CA,Ottawa,pm25,61,21.0,53.0,34.0,956.51
2022-08-26,CA,London,pm25,45,9.0,50.0,30.0,1542.73
2022-08-26,US,Oklahoma City,pm25,96,13.0,67.0,38.0,1404.56
2022-08-26,US,Raleigh,pm25,69,13.0,57.0,42.0,862.22
2022-08-26,US,Memphis,pm25,72,4.0,55.0,22.0,1705.34
2022-08-26,US,Jackson,pm25,70,12.0,41.0,21.0,396.86
2022-08-26,US,Boston,pm25,138,17.0,63.0,42.0,981.17
2022-08-26,US,Richmond,pm25,96,36.0,52.0,42.0,220.8
2022-08-26,US,Portland,pm25,158,5.0,34.0,12.0,238.59
2022-08-26,US,Boise,pm25,48,9.0,70.0,42.0,1547.97
2022-08-26,US,Austin,pm25,46,9.0,59.0,25.0,2074.3
2022-08-26,US,Honolulu,pm25,37,5.0,34.0,17.0,770.22
2022-08-26,US,Fresno,pm25,48,13.0,65.0,40.0,2159.08
2022-08-26,US,Milwaukee,pm25,144,20.0,67.0,37.0,1074.54
2022-08-26,US,Hartford,pm25,48,36.0,52.0,43.0,190.07
2022-08-26,US,Washington D.C.,pm25,120,17.0,68.0,41.0,744.62
2022-08-26,US,Chicago,pm25,240,4.0,54.0,26.0,1247.08
2022-08-26,US,Houston,pm25,96,3.0,70.0,34.0,1937.47
2022-08-26,US,Indianapolis,pm25,120,8.0,65.0,34.0,2090.86
2022-08-26,US,Atlanta,pm25,24,19.0,49.0,28.0,737.1
2022-08-26,US,Charlotte,pm25,71,13.0,57.0,25.0,880.27
2022-08-26,US,Sacramento,pm25,71,5.0,46.0,21.0,974.85
2022-08-26,US,Oakland,pm25,84,5.0,38.0,17.0,739.46
2022-08-26,US,Providence,pm25,32,5.0,59.0,30.0,1173.38
2022-08-26,US,Staten Island,pm25,119,13.0,75.0,57.0,1278.38
2022-08-26,US,Brooklyn,pm25,144,23.0,73.0,55.0,915.65
2022-08-26,US,Springfield,pm25,72,16.0,50.0,38.0,632.06
2022-08-26,US,The Bronx,pm25,48,25.0,64.0,54.0,889.72
2022-08-26,US,San Jose,pm25,82,5.0,132.0,21.0,2490.83
2022-08-26,US,Los Angeles,pm25,48,29.0,97.0,44.0,2628.36
2022-08-26,US,Detroit,pm25,167,20.0,73.0,37.0,1476.8
2022-08-26,US,Little Rock,pm25,24,9.0,75.0,40.0,2336.5
2022-08-26,US,Baltimore,pm25,48,25.0,57.0,49.0,854.4
2022-08-26,US,Phoenix,pm25,190,4.0,47.0,20.0,561.14
2022-08-26,US,Omaha,pm25,43,5.0,34.0,17.0,618.71
2022-08-26,US,El Paso,pm25,148,2.0,63.0,21.0,1304.09
2022-08-26,US,Dallas,pm25,24,5.0,21.0,13.0,298.84
2022-08-26,US,Seattle,pm25,234,5.0,65.0,17.0,791.39
2022-08-26,US,Manhattan,pm25,72,29.0,69.0,55.0,623.07
2022-08-26,US,Miami,pm25,91,15.0,32.0,21.0,139.51
2022-08-26,US,Jacksonville,pm25,142,3.0,54.0,23.0,747.26
2022-08-26,US,San Antonio,pm25,94,9.0,63.0,37.0,1801.47
2022-08-26,US,Philadelphia,pm25,95,24.0,86.0,49.0,599.29
2022-08-26,US,San Diego,pm25,24,20.0,39.0,33.0,267.75
2022-08-26,US,Columbus,pm25,48,18.0,62.0,39.0,1625.25
2022-08-26,US,Saint Paul,pm25,78,9.0,53.0,33.0,1376.48
2022-08-26,US,Denver,pm25,139,9.0,55.0,21.0,354.31
2022-08-26,US,Salt Lake City,pm25,216,10.0,47.0,19.0,372.15
2022-08-26,US,Albuquerque,pm25,72,18.0,54.0,30.0,601.39
2022-08-26,US,San Francisco,pm25,52,5.0,72.0,13.0,2680.2
2022-08-26,US,Salem,pm25,72,5.0,26.0,13.0,264.93
2022-08-26,US,Madison,pm25,48,20.0,71.0,40.0,2154.61
2022-08-26,US,Nashville,pm25,71,9.0,72.0,30.0,989.21
2022-08-26,US,Tucson,pm25,139,5.0,42.0,17.0,758.44
2022-08-26,US,Queens,pm25,96,16.0,68.0,54.0,974.0
2022-08-26,US,Tallahassee,pm25,71,6.0,48.0,26.0,674.49
2022-08-26,US,Fort Worth,pm25,43,5.0,55.0,23.0,1824.93
2022-08-26,RS,Novi Sad,pm25,45,45.0,86.0,57.0,766.59
2022-08-26,RS,Niš,pm25,48,30.0,83.0,58.0,1921.48
2022-08-26,RS,Belgrade,pm25,120,24.0,92.0,65.0,2419.32
2022-08-26,CY,Nicosia,pm25,24,6.0,42.0,23.0,854.71
2022-08-26,CY,Limassol,pm25,24,13.0,54.0,29.0,1440.58
2022-08-26,HR,Zagreb,pm25,24,50.0,87.0,62.0,1087.54
2022-08-26,MK,Skopje,pm25,157,16.0,133.0,53.0,3734.38
2022-08-27,GE,Tbilisi,pm25,96,49.0,82.0,55.0,856.07
2022-08-27,HU,Győr,pm25,48,21.0,127.0,61.0,8059.56
2022-08-27,HU,Pécs,pm25,72,34.0,109.0,50.0,2332.39
2022-08-27,HU,Kecskemét,pm25,48,30.0,61.0,53.0,1351.33
2022-08-27,HU,Miskolc,pm25,58,30.0,82.0,42.0,1875.16
2022-08-27,HU,Budapest,pm25,241,30.0,65.0,50.0,964.22
2022-08-27,JP,Fukuoka,pm25,371,5.0,95.0,50.0,1902.73
2022-08-27,JP,Kanazawa,pm25,234,5.0,70.0,30.0,1758.05
2022-08-27,JP,Kumamoto,pm25,337,5.0,127.0,42.0,3152.93
2022-08-27,JP,Akita,pm25,39,5.0,68.0,25.0,1943.54
2022-08-27,JP,Kochi,pm25,48,30.0,70.0,50.0,767.87
2022-08-27,JP,Gifu-shi,pm25,163,5.0,93.0,46.0,2411.35
2022-08-27,JP,Kyoto,pm25,570,5.0,91.0,55.0,1874.26
2022-08-27,JP,Hiroshima,pm25,327,5.0,80.0,46.0,2493.5
2022-08-27,JP,Shizuoka,pm25,261,13.0,119.0,55.0,1847.48
2022-08-27,JP,Chiba,pm25,746,5.0,164.0,46.0,3816.99
2022-08-27,JP,Sapporo,pm25,201,5.0,57.0,21.0,1740.67
2022-08-27,JP,Yokohama,pm25,548,1.0,82.0,50.0,1927.27
2022-08-27,JP,Tokyo,pm25,2562,1.0,163.0,55.0,1360.85
2022-08-27,JP,Saitama,pm25,504,9.0,132.0,59.0,1663.86
2022-08-27,JP,Naha,pm25,133,17.0,46.0,30.0,534.21
2022-08-27,JP,Nagasaki,pm25,188,9.0,78.0,46.0,1862.36
2022-08-27,JP,Toyama,pm25,167,5.0,76.0,34.0,2076.04
2022-08-27,JP,Niigata,pm25,213,13.0,55.0,25.0,565.53
2022-08-27,JP,Nara-shi,pm25,187,34.0,85.0,57.0,655.63
2022-08-27,JP,Okayama,pm25,284,25.0,104.0,50.0,950.37
2022-08-27,JP,Sendai,pm25,468,5.0,59.0,21.0,954.85
2022-08-27,JP,Osaka,pm25,1444,5.0,127.0,53.0,1274.05
2022-08-27,JP,Miyazaki,pm25,136,5.0,91.0,55.0,2600.37
2022-08-27,JP,Matsuyama,pm25,162,5.0,78.0,46.0,1870.16
2022-08-27,JP,Wakayama,pm25,286,17.0,91.0,55.0,811.38
2022-08-27,JP,Takamatsu,pm25,240,13.0,87.0,50.0,1168.23
2022-08-27,JP,Nagoya,pm25,760,9.0,99.0,55.0,1102.84
2022-08-27,JP,Ōita,pm25,259,5.0,155.0,53.0,2776.01
2022-08-27,JP,Kobe,pm25,424,9.0,82.0,53.0,863.72
2022-08-27,JP,Nagano,pm25,66,9.0,102.0,21.0,6060.77
2022-08-27,JP,Utsunomiya,pm25,433,9.0,91.0,59.0,1822.69
2022-08-27,JP,Kagoshima,pm25,93,5.0,63.0,38.0,1178.87
2022-08-27,SK,Košice,pm25,94,42.0,127.0,59.0,2710.9
2022-08-27,SK,Bratislava,pm25,94,13.0,80.0,42.0,2183.91
2022-08-27,FI,Vantaa,pm25,24,13.0,58.0,35.0,2206.01
2022-08-27,FI,Turku,pm25,24,13.0,58.0,28.0,1299.93
2022-08-27,FI,Helsinki,pm25,120,18.0,73.0,38.0,1416.33
2022-08-27,FI,Tampere,pm25,96,7.0,55.0,25.0,1230.87
2022-08-27,ET,Addis Ababa,pm25,24,61.0,167.0,97.0,8168.7
2022-08-27,CH,Zürich,pm25,20,1.0,2.0,2.0,2.61
2022-08-27,CO,Bogotá,pm25,312,5.0,169.0,68.0,9378.65
2022-08-27,CO,Medellín,pm25,277,55.0,109.0,76.0,1420.48
2022-08-27,DK,Copenhagen,pm25,24,24.0,62.0,40.0,954.71
2022-08-27,GB,Edinburgh,pm25,276,5.0,46.0,13.0,382.59
2022-08-27,GB,Norwich,pm25,17,12.0,26.0,21.0,158.82
2022-08-27,GB,Liverpool,pm25,34,11.0,38.0,21.0,384.1
2022-08-27,GB,Belfast,pm25,34,12.0,25.0,18.0,118.37
2022-08-27,GB,Coventry,pm25,55,13.0,43.0,24.0,842.84
2022-08-27,GB,Leeds,pm25,36,21.0,57.0,30.0,632.25
2022-08-27,GB,Cardiff,pm25,115,5.0,68.0,46.0,2312.44
2022-08-27,GB,Bristol,pm25,69,9.0,72.0,34.0,1827.93
2022-08-27,GB,London,pm25,495,5.0,74.0,34.0,1977.09
2022-08-27,GB,Birmingham,pm25,39,15.0,54.0,38.0,1121.15
2022-08-27,GB,Sheffield,pm25,71,18.0,50.0,25.0,534.0
2022-08-27,GB,Newport,pm25,45,9.0,42.0,15.0,901.34
2022-08-27,GB,Leicester,pm25,19,10.0,34.0,27.0,292.87
2022-08-27,GB,Manchester,pm25,75,18.0,66.0,42.0,1071.99
2022-08-27,GB,Reading,pm25,46,9.0,61.0,25.0,1911.38
2022-08-27,GB,Plymouth,pm25,43,5.0,50.0,13.0,1028.75
2022-08-27,GB,Glasgow,pm25,565,5.0,46.0,13.0,255.5
2022-08-27,GB,Preston,pm25,45,10.0,53.0,25.0,1072.55
2022-08-27,GB,Swansea,pm25,158,5.0,93.0,30.0,3467.03
2022-08-27,GB,Southend-on-Sea,pm25,44,13.0,35.0,21.0,385.55
2022-08-27,ID,Jakarta,pm25,47,68.0,189.0,137.0,9553.96
2022-08-27,NP,Kathmandu,pm25,70,25.0,89.0,59.0,1946.93
2022-08-27,NP,Biratnagar,pm25,24,39.0,99.0,86.0,1668.62
2022-08-27,AU,Sydney,pm25,146,1.0,59.0,12.0,1253.93
2022-08-27,AU,Newcastle,pm25,126,1.0,94.0,15.0,2661.34
2022-08-27,AU,Launceston,pm25,124,5.0,89.0,9.0,3282.23
2022-08-27,AU,Hobart,pm25,64,5.0,104.0,17.0,4117.83
2022-08-27,AU,Darwin,pm25,72,1.0,114.0,51.0,3243.66
2022-08-27,AU,Melbourne,pm25,158,2.0,88.0,35.0,4197.99
2022-08-27,AU,Canberra,pm25,61,3.0,97.0,23.0,5200.24
2022-08-27,AU,Adelaide,pm25,85,3.0,93.0,13.0,1935.83
2022-08-27,AU,Brisbane,pm25,209,1.0,126.0,21.0,4392.25
2022-08-27,AU,Perth,pm25,87,2.0,27.0,5.0,326.27
2022-08-27,AU,Wollongong,pm25,38,1.0,48.0,15.0,1860.91
2022-08-27,GH,Accra,pm25,24,21.0,68.0,42.0,1528.24
2022-08-27,IQ,Baghdad,pm25,21,162.0,377.0,175.0,45963.6
2022-08-27,IS,Reykjavík,pm25,96,5.0,30.0,13.0,370.46
2022-08-27,KG,Bishkek,pm25,24,46.0,99.0,61.0,1090.71
2022-08-27,NL,Utrecht,pm25,48,13.0,56.0,26.0,882.73
2022-08-27,NL,Nijmegen,pm25,48,6.0,46.0,18.0,629.57
2022-08-27,NL,Haarlem,pm25,133,3.0,99.0,24.0,2295.55
2022-08-27,NL,Eindhoven,pm25,24,31.0,63.0,47.0,730.43
2022-08-27,NL,Rotterdam,pm25,192,7.0,50.0,19.0,375.52
2022-08-27,NL,Amsterdam,pm25,255,2.0,65.0,20.0,714.36
2022-08-27,NL,Dordrecht,pm25,24,5.0,38.0,21.0,861.45
2022-08-27,NL,Breda,pm25,23,1.0,48.0,20.0,1836.8
2022-08-27,NL,Groningen,pm25,47,1.0,42.0,20.0,852.1
2022-08-27,NL,Maastricht,pm25,93,5.0,59.0,25.0,1078.94
2022-08-27,NL,The Hague,pm25,69,2.0,76.0,18.0,870.45
2022-08-27,PT,Lisbon,pm25,94,15.0,54.0,32.0,1217.04
2022-08-27,PT,Funchal,pm25,48,1.0,20.0,13.0,271.76
2022-08-27,CA,Hamilton,pm25,63,5.0,30.0,9.0,554.34
2022-08-27,CA,Calgary,pm25,90,1.0,52.0,23.0,1313.53
2022-08-27,CA,Winnipeg,pm25,24,21.0,45.0,33.0,680.8
2022-08-27,CA,Halifax,pm25,46,13.0,39.0,20.0,424.0
2022-08-27,CA,Kitchener,pm25,37,5.0,30.0,13.0,285.86
2022-08-27,CA,Edmonton,pm25,115,5.0,67.0,21.0,1616.24
2022-08-27,CA,Mississauga,pm25,41,5.0,25.0,13.0,252.1
2022-08-27,CA,Québec,pm25,160,12.0,53.0,25.0,566.28
2022-08-27,CA,Vancouver,pm25,23,6.0,14.0,9.0,54.07
2022-08-27,CA,Victoria,pm25,44,5.0,50.0,13.0,1500.52
2022-08-27,CA,Montréal,pm25,376,12.0,86.0,33.0,896.93
2022-08-27,CA,Toronto,pm25,99,5.0,50.0,13.0,1305.99
2022-08-27,CA,Ottawa,pm25,36,5.0,42.0,16.0,1159.4
2022-08-27,CA,London,pm25,43,9.0,42.0,13.0,595.28
2022-08-27,US,Oklahoma City,pm25,96,18.0,45.0,28.0,334.16
2022-08-27,US,Raleigh,pm25,70,9.0,63.0,40.0,1418.1
2022-08-27,US,Memphis,pm25,72,11.0,66.0,32.0,2121.25
2022-08-27,US,Jackson,pm25,72,14.0,54.0,24.0,628.21
2022-08-27,US,Boston,pm25,131,13.0,55.0,30.0,441.18
2022-08-27,US,Richmond,pm25,96,32.0,52.0,46.0,211.42
2022-08-27,US,Portland,pm25,163,6.0,38.0,15.0,237.19
2022-08-27,US,Boise,pm25,47,3.0,66.0,30.0,2309.33
2022-08-27,US,Austin,pm25,24,5.0,46.0,21.0,1373.46
2022-08-27,US,Honolulu,pm25,44,5.0,42.0,17.0,811.76
2022-08-27,US,Fresno,pm25,48,15.0,79.0,38.0,2762.34
2022-08-27,US,Milwaukee,pm25,144,27.0,72.0,42.0,1060.32
2022-08-27,US,Hartford,pm25,48,26.0,49.0,36.0,417.29
2022-08-27,US,Washington D.C.,pm25,107,13.0,57.0,44.0,1104.26
2022-08-27,US,Chicago,pm25,240,8.0,77.0,40.0,1074.12
2022-08-27,US,Houston,pm25,93,3.0,65.0,22.0,1642.81
2022-08-27,US,Indianapolis,pm25,105,5.0,71.0,36.0,1917.66
2022-08-27,US,Atlanta,pm25,24,27.0,46.0,35.0,202.16
2022-08-27,US,Charlotte,pm25,70,9.0,55.0,30.0,898.09
2022-08-27,US,Sacramento,pm25,69,5.0,43.0,18.0,1048.56
2022-08-27,US,Oakland,pm25,97,5.0,70.0,17.0,2441.42
2022-08-27,US,Providence,pm25,40,5.0,53.0,21.0,1533.79
2022-08-27,US,Staten Island,pm25,120,9.0,74.0,52.0,2342.51
2022-08-27,US,Brooklyn,pm25,144,6.0,68.0,47.0,2098.87
2022-08-27,US,Springfield,pm25,71,3.0,58.0,36.0,776.25
2022-08-27,US,The Bronx,pm25,48,9.0,60.0,38.0,2296.15
2022-08-27,US,San Jose,pm25,67,5.0,68.0,25.0,2308.29
2022-08-27,US,Los Angeles,pm25,48,24.0,60.0,35.0,868.23
2022-08-27,US,Detroit,pm25,168,23.0,71.0,33.0,706.65
2022-08-27,US,Little Rock,pm25,24,11.0,68.0,37.0,2612.59
2022-08-27,US,Baltimore,pm25,48,13.0,63.0,36.0,1877.43
2022-08-27,US,Phoenix,pm25,192,1.0,54.0,23.0,940.45
2022-08-27,US,Omaha,pm25,44,5.0,46.0,25.0,1247.08
2022-08-27,US,El Paso,pm25,109,5.0,63.0,21.0,1077.88
2022-08-27,US,Dallas,pm25,24,13.0,38.0,25.0,531.02
2022-08-27,US,Seattle,pm25,251,5.0,61.0,25.0,1067.73
2022-08-27,US,Manhattan,pm25,72,3.0,76.0,47.0,3433.08
2022-08-27,US,Miami,pm25,91,13.0,53.0,23.0,615.86
2022-08-27,US,Jacksonville,pm25,144,4.0,46.0,25.0,535.71
2022-08-27,US,San Antonio,pm25,89,4.0,52.0,22.0,1466.51
2022-08-27,US,Philadelphia,pm25,96,15.0,65.0,43.0,1188.05
2022-08-27,US,San Diego,pm25,24,23.0,48.0,32.0,736.23
2022-08-27,US,Columbus,pm25,48,8.0,54.0,28.0,1603.61
2022-08-27,US,Saint Paul,pm25,106,9.0,52.0,34.0,866.75
2022-08-27,US,Denver,pm25,111,9.0,42.0,17.0,330.2
2022-08-27,US,Salt Lake City,pm25,216,8.0,35.0,18.0,234.97
2022-08-27,US,Albuquerque,pm25,72,13.0,46.0,22.0,394.65
2022-08-27,US,San Francisco,pm25,55,5.0,76.0,13.0,5107.36
2022-08-27,US,Salem,pm25,72,5.0,20.0,14.0,148.71
2022-08-27,US,Madison,pm25,48,29.0,63.0,39.0,718.93
2022-08-27,US,Nashville,pm25,72,17.0,49.0,34.0,550.35
2022-08-27,US,Tucson,pm25,155,5.0,70.0,17.0,1213.27
2022-08-27,US,Queens,pm25,96,8.0,63.0,49.0,1605.88
2022-08-27,US,Tallahassee,pm25,71,5.0,39.0,22.0,541.81
2022-08-27,US,Fort Worth,pm25,47,13.0,65.0,35.0,2126.36
2022-08-27,RS,Novi Sad,pm25,48,38.0,83.0,56.0,912.62
2022-08-27,RS,Niš,pm25,48,21.0,78.0,52.0,2679.64
2022-08-27,RS,Belgrade,pm25,120,25.0,89.0,67.0,2255.56
2022-08-27,CY,Nicosia,pm25,24,23.0,51.0,36.0,451.14
2022-08-27,CY,Limassol,pm25,24,24.0,61.0,33.0,1159.98
2022-08-27,HR,Zagreb,pm25,24,50.0,71.0,59.0,473.04
2022-08-27,MK,Skopje,pm25,126,16.0,95.0,53.0,3281.86
2022-08-28,GE,Tbilisi,pm25,96,52.0,93.0,58.0,1897.45
2022-08-28,HU,Győr,pm25,44,5.0,82.0,30.0,7159.94
2022-08-28,HU,Pécs,pm25,63,25.0,46.0,34.0,286.36
2022-08-28,HU,Kecskemét,pm25,40,38.0,63.0,46.0,861.44
2022-08-28,HU,Miskolc,pm25,108,25.0,74.0,42.0,1297.29
2022-08-28,HU,Budapest,pm25,155,17.0,59.0,34.0,989.75
2022-08-28,JP,Fukuoka,pm25,376,5.0,109.0,53.0,3149.99
2022-08-28,JP,Kanazawa,pm25,223,5.0,57.0,25.0,1529.76
2022-08-28,JP,Kumamoto,pm25,347,9.0,151.0,57.0,3054.19
2022-08-28,JP,Akita,pm25,37,5.0,55.0,21.0,1870.12
2022-08-28,JP,Kochi,pm25,48,38.0,87.0,59.0,1089.04
2022-08-28,JP,Gifu-shi,pm25,159,9.0,76.0,38.0,2081.07
2022-08-28,JP,Kyoto,pm25,567,5.0,68.0,42.0,1570.55
2022-08-28,JP,Hiroshima,pm25,317,5.0,87.0,42.0,3313.15
2022-08-28,JP,Shizuoka,pm25,258,5.0,80.0,42.0,3074.15
2022-08-28,JP,Chiba,pm25,704,5.0,87.0,25.0,2281.56
2022-08-28,JP,Sapporo,pm25,204,5.0,78.0,21.0,1751.96
2022-08-28,JP,Yokohama,pm25,543,1.0,70.0,25.0,2305.92
2022-08-28,JP,Tokyo,pm25,2487,5.0,70.0,21.0,1691.11
2022-08-28,JP,Saitama,pm25,483,5.0,53.0,21.0,1039.25
2022-08-28,JP,Naha,pm25,133,5.0,53.0,25.0,1571.23
2022-08-28,JP,Nagasaki,pm25,185,17.0,89.0,50.0,1482.84
2022-08-28,JP,Toyama,pm25,180,5.0,72.0,25.0,2275.04
2022-08-28,JP,Niigata,pm25,215,5.0,61.0,21.0,846.34
2022-08-28,JP,Nara-shi,pm25,187,13.0,61.0,42.0,1008.8
2022-08-28,JP,Okayama,pm25,276,5.0,129.0,38.0,2915.5
2022-08-28,JP,Sendai,pm25,463,5.0,50.0,17.0,610.45
2022-08-28,JP,Osaka,pm25,1414,5.0,87.0,38.0,1779.74
2022-08-28,JP,Miyazaki,pm25,142,5.0,102.0,59.0,1753.4
2022-08-28,JP,Matsuyama,pm25,164,5.0,89.0,55.0,2002.51
2022-08-28,JP,Wakayama,pm25,283,9.0,87.0,42.0,1666.8
2022-08-28,JP,Takamatsu,pm25,235,9.0,80.0,42.0,2703.16
2022-08-28,JP,Nagoya,pm25,756,5.0,504.0,38.0,4246.85
2022-08-28,JP,Ōita,pm25,263,9.0,114.0,53.0,1892.03
2022-08-28,JP,Kobe,pm25,417,5.0,76.0,38.0,1871.44
2022-08-28,JP,Nagano,pm25,66,5.0,38.0,17.0,564.65
2022-08-28,JP,Utsunomiya,pm25,423,5.0,50.0,21.0,919.61
2022-08-28,JP,Kagoshima,pm25,96,17.0,104.0,57.0,1646.07
2022-08-28,SK,Košice,pm25,96,21.0,80.0,53.0,1521.24
2022-08-28,SK,Bratislava,pm25,87,9.0,59.0,30.0,1736.94
2022-08-28,FI,Vantaa,pm25,24,31.0,59.0,51.0,395.58
2022-08-28,FI,Turku,pm25,24,3.0,60.0,11.0,4623.32
2022-08-28,FI,Helsinki,pm25,120,29.0,66.0,54.0,415.29
2022-08-28,FI,Tampere,pm25,95,1.0,56.0,16.0,2666.51
2022-08-28,ET,Addis Ababa,pm25,24,53.0,124.0,82.0,2538.26
2022-08-28,CH,Zürich,pm25,16,1.0,3.0,2.0,2.5
2022-08-28,CO,Bogotá,pm25,301,5.0,132.0,38.0,3914.98
2022-08-28,CO,Medellín,pm25,342,46.0,112.0,70.0,1658.37
2022-08-28,DK,Copenhagen,pm25,23,6.0,41.0,31.0,923.12
2022-08-28,GB,Edinburgh,pm25,282,13.0,57.0,25.0,678.99
2022-08-28,GB,Norwich,pm25,17,12.0,30.0,14.0,199.93
2022-08-28,GB,Liverpool,pm25,44,13.0,50.0,27.0,785.3
2022-08-28,GB,Belfast,pm25,32,10.0,24.0,17.0,128.02
2022-08-28,GB,Coventry,pm25,48,13.0,34.0,17.0,182.54
2022-08-28,GB,Leeds,pm25,40,17.0,50.0,30.0,553.43
2022-08-28,GB,Cardiff,pm25,116,5.0,61.0,46.0,1711.02
2022-08-28,GB,Bristol,pm25,66,17.0,61.0,34.0,1008.65
2022-08-28,GB,London,pm25,492,2.0,112.0,21.0,1614.33
2022-08-28,GB,Birmingham,pm25,37,17.0,34.0,22.0,263.53
2022-08-28,GB,Sheffield,pm25,65,13.0,46.0,21.0,584.07
2022-08-28,GB,Newport,pm25,44,5.0,34.0,14.0,756.25
2022-08-28,GB,Leicester,pm25,17,9.0,17.0,13.0,63.68
2022-08-28,GB,Manchester,pm25,79,15.0,57.0,30.0,1158.92
2022-08-28,GB,Reading,pm25,48,5.0,30.0,13.0,623.76
2022-08-28,GB,Plymouth,pm25,37,21.0,42.0,26.0,263.68
2022-08-28,GB,Glasgow,pm25,567,8.0,45.0,20.0,316.33
2022-08-28,GB,Preston,pm25,38,17.0,44.0,25.0,445.9
2022-08-28,GB,Swansea,pm25,162,5.0,72.0,30.0,1971.41
2022-08-28,GB,Southend-on-Sea,pm25,43,12.0,21.0,16.0,42.52
2022-08-28,ID,Jakarta,pm25,47,57.0,154.0,98.0,6479.12
2022-08-28,NP,Kathmandu,pm25,69,5.0,90.0,46.0,4041.95
2022-08-28,NP,Biratnagar,pm25,24,17.0,91.0,37.0,4182.45
2022-08-28,AU,Sydney,pm25,159,2.0,77.0,25.0,3862.55
2022-08-28,AU,Newcastle,pm25,130,1.0,102.0,21.0,3621.09
2022-08-28,AU,Launceston,pm25,143,5.0,149.0,17.0,12542.3
2022-08-28,AU,Hobart,pm25,52,5.0,68.0,17.0,2784.75
2022-08-28,AU,Darwin,pm25,72,10.0,141.0,58.0,4869.55
2022-08-28,AU,Melbourne,pm25,161,1.0,93.0,31.0,3697.03
2022-08-28,AU,Canberra,pm25,66,1.0,94.0,23.0,4888.77
2022-08-28,AU,Adelaide,pm25,84,3.0,35.0,13.0,485.69
2022-08-28,AU,Brisbane,pm25,211,1.0,55.0,16.0,1720.1
2022-08-28,AU,Perth,pm25,90,2.0,17.0,5.0,106.44
2022-08-28,AU,Wollongong,pm25,39,1.0,57.0,22.0,2381.86
2022-08-28,GH,Accra,pm25,24,25.0,61.0,42.0,891.72
2022-08-28,IQ,Baghdad,pm25,24,154.0,571.0,163.0,126832.0
2022-08-28,IS,Reykjavík,pm25,96,6.0,52.0,25.0,3199.12
2022-08-28,KG,Bishkek,pm25,24,55.0,95.0,63.0,1081.72
2022-08-28,NL,Utrecht,pm25,48,9.0,61.0,22.0,1778.71
2022-08-28,NL,Nijmegen,pm25,47,1.0,58.0,20.0,2048.25
2022-08-28,NL,Haarlem,pm25,136,1.0,88.0,20.0,2176.58
2022-08-28,NL,Eindhoven,pm25,24,24.0,61.0,44.0,1071.23
2022-08-28,NL,Rotterdam,pm25,190,3.0,69.0,18.0,1066.03
2022-08-28,NL,Amsterdam,pm25,243,1.0,51.0,17.0,791.14
2022-08-28,NL,Dordrecht,pm25,24,1.0,62.0,17.0,1355.2
2022-08-28,NL,Breda,pm25,21,1.0,44.0,27.0,1530.33
2022-08-28,NL,Groningen,pm25,43,1.0,53.0,22.0,1184.3
2022-08-28,NL,Maastricht,pm25,95,5.0,42.0,25.0,639.53
2022-08-28,NL,The Hague,pm25,66,1.0,40.0,16.0,564.78
2022-08-28,PT,Lisbon,pm25,96,15.0,57.0,37.0,978.16
2022-08-28,PT,Funchal,pm25,46,1.0,30.0,10.0,335.77
2022-08-28,CA,Hamilton,pm25,85,5.0,109.0,42.0,5229.38
2022-08-28,CA,Calgary,pm25,78,1.0,27.0,8.0,325.02
2022-08-28,CA,Winnipeg,pm25,24,21.0,36.0,28.0,216.07
2022-08-28,CA,Halifax,pm25,46,15.0,25.0,17.0,90.3
2022-08-28,CA,Kitchener,pm25,48,9.0,76.0,34.0,3254.73
2022-08-28,CA,Edmonton,pm25,114,2.0,42.0,11.0,668.4
2022-08-28,CA,Mississauga,pm25,70,9.0,68.0,30.0,2711.35
2022-08-28,CA,Québec,pm25,166,18.0,60.0,29.0,832.46
2022-08-28,CA,Vancouver,pm25,23,8.0,25.0,13.0,429.88
2022-08-28,CA,Victoria,pm25,43,5.0,34.0,17.0,488.75
2022-08-28,CA,Montréal,pm25,410,15.0,84.0,38.0,1807.0
2022-08-28,CA,Toronto,pm25,140,5.0,78.0,17.0,1592.38
2022-08-28,CA,Ottawa,pm25,71,13.0,44.0,27.0,535.68
2022-08-28,CA,London,pm25,43,9.0,57.0,30.0,1892.07
2022-08-28,US,Oklahoma City,pm25,96,13.0,48.0,27.0,781.91
2022-08-28,US,Raleigh,pm25,70,13.0,63.0,42.0,1728.49
2022-08-28,US,Memphis,pm25,72,6.0,51.0,17.0,1277.7
2022-08-28,US,Jackson,pm25,72,14.0,69.0,21.0,1414.74
2022-08-28,US,Boston,pm25,95,13.0,53.0,25.0,866.86
2022-08-28,US,Richmond,pm25,96,36.0,56.0,42.0,132.63
2022-08-28,US,Portland,pm25,162,13.0,38.0,20.0,126.32
2022-08-28,US,Boise,pm25,39,5.0,53.0,14.0,1227.99
2022-08-28,US,Austin,pm25,21,5.0,63.0,21.0,2131.0
2022-08-28,US,Honolulu,pm25,34,5.0,30.0,9.0,743.32
2022-08-28,US,Fresno,pm25,48,7.0,123.0,32.0,5446.79
2022-08-28,US,Milwaukee,pm25,144,13.0,57.0,35.0,958.03
2022-08-28,US,Hartford,pm25,48,21.0,41.0,36.0,397.43
2022-08-28,US,Washington D.C.,pm25,96,21.0,59.0,43.0,709.25
2022-08-28,US,Chicago,pm25,240,12.0,62.0,33.0,1127.41
2022-08-28,US,Houston,pm25,89,5.0,80.0,19.0,1225.77
2022-08-28,US,Indianapolis,pm25,96,12.0,59.0,41.0,664.52
2022-08-28,US,Atlanta,pm25,24,32.0,46.0,35.0,217.97
2022-08-28,US,Charlotte,pm25,72,13.0,57.0,34.0,744.18
2022-08-28,US,Sacramento,pm25,72,9.0,102.0,53.0,3810.11
2022-08-28,US,Oakland,pm25,120,21.0,74.0,53.0,1020.75
2022-08-28,US,Providence,pm25,39,5.0,46.0,25.0,1734.31
2022-08-28,US,Staten Island,pm25,120,23.0,65.0,42.0,1037.28
2022-08-28,US,Brooklyn,pm25,144,10.0,61.0,36.0,1195.24
2022-08-28,US,Springfield,pm25,72,7.0,59.0,33.0,1908.1
2022-08-28,US,The Bronx,pm25,48,15.0,54.0,23.0,1135.3
2022-08-28,US,San Jose,pm25,89,5.0,74.0,42.0,2567.28
2022-08-28,US,Los Angeles,pm25,48,10.0,90.0,30.0,1537.85
2022-08-28,US,Detroit,pm25,168,29.0,64.0,43.0,680.6
2022-08-28,US,Little Rock,pm25,24,8.0,55.0,35.0,1551.88
2022-08-28,US,Baltimore,pm25,48,13.0,66.0,42.0,2454.02
2022-08-28,US,Phoenix,pm25,191,5.0,42.0,21.0,759.91
2022-08-28,US,Omaha,pm25,41,5.0,102.0,13.0,2966.52
2022-08-28,US,El Paso,pm25,107,5.0,80.0,21.0,1880.07
2022-08-28,US,Dallas,pm25,15,5.0,30.0,9.0,549.24
2022-08-28,US,Seattle,pm25,249,5.0,61.0,26.0,913.87
2022-08-28,US,Manhattan,pm25,72,19.0,72.0,38.0,1684.19
2022-08-28,US,Miami,pm25,70,11.0,25.0,17.0,75.16
2022-08-28,US,Jacksonville,pm25,143,7.0,54.0,23.0,540.74
2022-08-28,US,San Antonio,pm25,89,2.0,47.0,13.0,1313.49
2022-08-28,US,Philadelphia,pm25,94,2.0,131.0,51.0,3255.29
2022-08-28,US,San Diego,pm25,24,28.0,38.0,30.0,86.5
2022-08-28,US,Columbus,pm25,48,19.0,60.0,39.0,685.95
2022-08-28,US,Saint Paul,pm25,91,5.0,38.0,19.0,434.61
2022-08-28,US,Denver,pm25,122,5.0,21.0,17.0,167.18
2022-08-28,US,Salt Lake City,pm25,216,14.0,55.0,32.0,972.8
2022-08-28,US,Albuquerque,pm25,72,12.0,34.0,18.0,217.73
2022-08-28,US,San Francisco,pm25,71,30.0,132.0,50.0,3323.57
2022-08-28,US,Salem,pm25,71,14.0,23.0,18.0,52.43
2022-08-28,US,Madison,pm25,48,8.0,66.0,40.0,2083.08
2022-08-28,US,Nashville,pm25,72,9.0,53.0,33.0,847.76
2022-08-28,US,Tucson,pm25,155,5.0,34.0,17.0,516.49
2022-08-28,US,Queens,pm25,96,12.0,61.0,30.0,1360.0
2022-08-28,US,Tallahassee,pm25,67,10.0,43.0,20.0,408.65
2022-08-28,US,Fort Worth,pm25,45,3.0,38.0,17.0,781.18
2022-08-28,RS,Novi Sad,pm25,48,40.0,80.0,55.0,1053.4
2022-08-28,RS,Niš,pm25,48,33.0,95.0,63.0,1602.44
2022-08-28,RS,Belgrade,pm25,120,30.0,99.0,70.0,2389.4
2022-08-28,CY,Nicosia,pm25,24,8.0,59.0,36.0,1316.5
2022-08-28,CY,Limassol,pm25,24,21.0,61.0,41.0,1224.06
2022-08-28,HR,Zagreb,pm25,24,34.0,55.0,44.0,313.84
2022-08-29,GE,Tbilisi,pm25,96,54.0,87.0,58.0,1039.15
2022-08-29,HU,Győr,pm25,42,17.0,82.0,30.0,5258.68
2022-08-29,HU,Pécs,pm25,51,17.0,38.0,21.0,463.27
2022-08-29,HU,Kecskemét,pm25,48,21.0,53.0,34.0,1407.38
2022-08-29,HU,Miskolc,pm25,111,21.0,76.0,46.0,1645.31
2022-08-29,HU,Budapest,pm25,192,17.0,55.0,30.0,817.97
2022-08-29,JP,Fukuoka,pm25,393,5.0,142.0,63.0,3797.79
2022-08-29,JP,Kanazawa,pm25,208,5.0,53.0,25.0,1479.59
2022-08-29,JP,Kumamoto,pm25,347,5.0,149.0,57.0,4185.39
2022-08-29,JP,Akita,pm25,34,5.0,68.0,17.0,2035.19
2022-08-29,JP,Kochi,pm25,48,30.0,63.0,46.0,762.11
2022-08-29,JP,Gifu-shi,pm25,159,5.0,95.0,38.0,3154.78
2022-08-29,JP,Kyoto,pm25,557,5.0,65.0,38.0,1847.35
2022-08-29,JP,Hiroshima,pm25,306,5.0,85.0,38.0,3246.24
2022-08-29,JP,Shizuoka,pm25,234,5.0,65.0,25.0,1391.83
2022-08-29,JP,Chiba,pm25,699,5.0,107.0,21.0,2275.93
2022-08-29,JP,Sapporo,pm25,191,5.0,104.0,17.0,1762.98
2022-08-29,JP,Yokohama,pm25,523,1.0,59.0,25.0,1341.49
2022-08-29,JP,Tokyo,pm25,2439,1.0,117.0,21.0,1166.48
2022-08-29,JP,Saitama,pm25,492,5.0,59.0,25.0,1077.36
2022-08-29,JP,Naha,pm25,144,5.0,55.0,17.0,1298.81
2022-08-29,JP,Nagasaki,pm25,190,9.0,95.0,61.0,1715.61
2022-08-29,JP,Toyama,pm25,177,5.0,63.0,25.0,1759.13
2022-08-29,JP,Niigata,pm25,210,5.0,42.0,21.0,643.09
2022-08-29,JP,Nara-shi,pm25,190,5.0,57.0,30.0,1113.15
2022-08-29,JP,Okayama,pm25,283,5.0,82.0,34.0,2718.22
2022-08-29,JP,Sendai,pm25,452,5.0,57.0,17.0,810.38
2022-08-29,JP,Osaka,pm25,1413,5.0,117.0,34.0,2491.31
2022-08-29,JP,Miyazaki,pm25,137,5.0,78.0,55.0,1548.07
2022-08-29,JP,Matsuyama,pm25,161,9.0,93.0,50.0,2183.03
2022-08-29,JP,Wakayama,pm25,283,9.0,107.0,38.0,1814.72
2022-08-29,JP,Takamatsu,pm25,229,5.0,97.0,30.0,2461.31
2022-08-29,JP,Nagoya,pm25,753,5.0,89.0,38.0,2280.96
2022-08-29,JP,Ōita,pm25,256,5.0,78.0,46.0,2265.61
2022-08-29,JP,Kobe,pm25,417,5.0,91.0,38.0,2154.93
2022-08-29,JP,Nagano,pm25,59,5.0,72.0,21.0,3106.49
2022-08-29,JP,Utsunomiya,pm25,436,5.0,55.0,21.0,866.44
2022-08-29,JP,Kagoshima,pm25,94,9.0,85.0,53.0,1399.22
2022-08-29,SK,Košice,pm25,96,34.0,89.0,53.0,1064.17
2022-08-29,SK,Bratislava,pm25,92,9.0,59.0,25.0,1435.88
2022-08-29,FI,Vantaa,pm25,23,1.0,15.0,10.0,138.14
2022-08-29,FI,Turku,pm25,24,1.0,16.0,8.0,159.06
2022-08-29,FI,Helsinki,pm25,118,5.0,31.0,13.0,319.13
2022-08-29,FI,Tampere,pm25,90,1.0,14.0,5.0,47.38
2022-08-29,ET,Addis Ababa,pm25,24,61.0,151.0,85.0,4795.63
2022-08-29,CH,Zürich,pm25,24,1.0,12.0,2.0,46.07
2022-08-29,CO,Bogotá,pm25,297,5.0,124.0,42.0,6382.92
2022-08-29,CO,Medellín,pm25,278,30.0,78.0,55.0,712.62
2022-08-29,DK,Copenhagen,pm25,22,3.0,43.0,17.0,913.94
2022-08-29,GB,Edinburgh,pm25,285,5.0,52.0,15.0,619.34
2022-08-29,GB,Norwich,pm25,24,13.0,17.0,14.0,14.33
2022-08-29,GB,Liverpool,pm25,32,10.0,61.0,38.0,1503.94
2022-08-29,GB,Belfast,pm25,36,13.0,35.0,21.0,295.3
2022-08-29,GB,Coventry,pm25,53,12.0,24.0,15.0,101.7
2022-08-29,GB,Leeds,pm25,35,13.0,46.0,25.0,502.32
2022-08-29,GB,Cardiff,pm25,115,5.0,46.0,34.0,1166.44
2022-08-29,GB,Bristol,pm25,69,13.0,55.0,30.0,1018.95
2022-08-29,GB,London,pm25,466,1.0,102.0,21.0,1304.89
2022-08-29,GB,Birmingham,pm25,27,12.0,23.0,21.0,86.61
2022-08-29,GB,Sheffield,pm25,63,12.0,46.0,21.0,556.68
2022-08-29,GB,Newport,pm25,45,5.0,59.0,13.0,1176.59
2022-08-29,GB,Leicester,pm25,16,13.0,18.0,15.0,30.29
2022-08-29,GB,Manchester,pm25,82,8.0,50.0,26.0,1236.9
2022-08-29,GB,Reading,pm25,44,5.0,38.0,13.0,685.26
2022-08-29,GB,Plymouth,pm25,39,13.0,32.0,21.0,191.03
2022-08-29,GB,Glasgow,pm25,568,7.0,53.0,21.0,1087.43
2022-08-29,GB,Preston,pm25,37,6.0,44.0,25.0,1423.14
2022-08-29,GB,Swansea,pm25,146,5.0,38.0,13.0,759.72
2022-08-29,GB,Southend-on-Sea,pm25,48,13.0,21.0,15.0,43.12
2022-08-29,ID,Jakarta,pm25,47,72.0,152.0,104.0,4590.27
2022-08-29,NP,Kathmandu,pm25,68,13.0,87.0,46.0,2794.25
2022-08-29,NP,Biratnagar,pm25,24,30.0,94.0,58.0,5082.59
2022-08-29,AU,Sydney,pm25,150,1.0,77.0,16.0,1721.63
2022-08-29,AU,Newcastle,pm25,128,1.0,47.0,13.0,928.78
2022-08-29,AU,Launceston,pm25,144,5.0,162.0,17.0,11688.0
2022-08-29,AU,Hobart,pm25,64,5.0,55.0,13.0,1179.67
2022-08-29,AU,Darwin,pm25,72,5.0,117.0,56.0,4534.73
2022-08-29,AU,Melbourne,pm25,163,2.0,55.0,28.0,1357.59
2022-08-29,AU,Canberra,pm25,72,9.0,95.0,47.0,4432.04
2022-08-29,AU,Adelaide,pm25,91,1.0,57.0,17.0,1199.46
2022-08-29,AU,Brisbane,pm25,210,2.0,68.0,21.0,2028.59
2022-08-29,AU,Perth,pm25,81,2.0,25.0,5.0,236.28
2022-08-29,AU,Wollongong,pm25,42,1.0,58.0,20.0,2386.6
2022-08-29,GH,Accra,pm25,24,25.0,112.0,53.0,5796.52
2022-08-29,IQ,Baghdad,pm25,24,129.0,249.0,157.0,6150.27
2022-08-29,IS,Reykjavík,pm25,96,5.0,179.0,27.0,16251.5
2022-08-29,KG,Bishkek,pm25,24,50.0,124.0,63.0,2507.83
2022-08-29,NL,Utrecht,pm25,48,11.0,52.0,28.0,819.56
2022-08-29,NL,Nijmegen,pm25,47,5.0,60.0,22.0,1484.45
2022-08-29,NL,Haarlem,pm25,136,1.0,90.0,24.0,1633.19
2022-08-29,NL,Eindhoven,pm25,24,24.0,68.0,49.0,1211.01
2022-08-29,NL,Rotterdam,pm25,189,3.0,58.0,24.0,712.19
2022-08-29,NL,Amsterdam,pm25,250,1.0,60.0,20.0,776.8
2022-08-29,NL,Dordrecht,pm25,24,5.0,25.0,17.0,235.36
2022-08-29,NL,Breda,pm25,24,11.0,82.0,25.0,3061.45
2022-08-29,NL,Groningen,pm25,45,3.0,58.0,27.0,1695.91
2022-08-29,NL,Maastricht,pm25,94,5.0,59.0,25.0,1113.26
2022-08-29,NL,The Hague,pm25,71,1.0,33.0,21.0,506.0
2022-08-29,PT,Lisbon,pm25,83,13.0,61.0,26.0,1388.25
2022-08-29,PT,Funchal,pm25,45,1.0,20.0,9.0,264.65
2022-08-29,CA,Hamilton,pm25,92,9.0,85.0,46.0,3104.49
2022-08-29,CA,Calgary,pm25,92,2.0,30.0,11.0,446.03
2022-08-29,CA,Winnipeg,pm25,19,18.0,31.0,22.0,163.57
2022-08-29,CA,Halifax,pm25,46,18.0,32.0,23.0,99.33
2022-08-29,CA,Kitchener,pm25,48,21.0,74.0,50.0,2578.83
2022-08-29,CA,Edmonton,pm25,116,2.0,54.0,16.0,1612.96
2022-08-29,CA,Mississauga,pm25,72,13.0,72.0,38.0,2003.99
2022-08-29,CA,Québec,pm25,163,22.0,60.0,40.0,948.25
2022-08-29,CA,Vancouver,pm25,23,9.0,52.0,30.0,1602.69
2022-08-29,CA,Victoria,pm25,43,5.0,46.0,21.0,1338.55
2022-08-29,CA,Montréal,pm25,424,9.0,73.0,42.0,1481.5
2022-08-29,CA,Toronto,pm25,127,9.0,57.0,30.0,1057.31
2022-08-29,CA,Ottawa,pm25,72,21.0,55.0,38.0,611.76
2022-08-29,CA,London,pm25,45,9.0,57.0,34.0,1713.91
2022-08-29,US,Oklahoma City,pm25,96,11.0,35.0,19.0,233.1
2022-08-29,US,Raleigh,pm25,70,5.0,50.0,31.0,1195.56
2022-08-29,US,Memphis,pm25,70,7.0,51.0,18.0,839.1
2022-08-29,US,Jackson,pm25,71,16.0,58.0,25.0,969.77
2022-08-29,US,Boston,pm25,113,13.0,63.0,34.0,1013.39
2022-08-29,US,Richmond,pm25,96,17.0,39.0,31.0,448.24
2022-08-29,US,Portland,pm25,165,5.0,59.0,23.0,334.41
2022-08-29,US,Boise,pm25,47,5.0,93.0,35.0,5012.45
2022-08-29,US,Austin,pm25,28,5.0,154.0,17.0,7617.57
2022-08-29,US,Honolulu,pm25,37,5.0,38.0,13.0,542.51
2022-08-29,US,Fresno,pm25,46,25.0,118.0,51.0,4597.53
2022-08-29,US,Milwaukee,pm25,144,13.0,43.0,28.0,374.68
2022-08-29,US,Hartford,pm25,48,21.0,50.0,34.0,782.54
2022-08-29,US,Washington D.C.,pm25,109,5.0,50.0,28.0,746.41
2022-08-29,US,Chicago,pm25,234,1.0,54.0,25.0,840.79
2022-08-29,US,Houston,pm25,86,2.0,55.0,21.0,1113.52
2022-08-29,US,Indianapolis,pm25,107,6.0,59.0,26.0,1184.82
2022-08-29,US,Atlanta,pm25,24,22.0,51.0,35.0,846.3
2022-08-29,US,Charlotte,pm25,70,3.0,50.0,18.0,1752.88
2022-08-29,US,Sacramento,pm25,72,19.0,61.0,38.0,1019.44
2022-08-29,US,Oakland,pm25,103,5.0,63.0,42.0,1299.99
2022-08-29,US,Providence,pm25,35,5.0,55.0,25.0,1294.2
2022-08-29,US,Staten Island,pm25,120,15.0,65.0,37.0,1067.17
2022-08-29,US,Brooklyn,pm25,144,13.0,62.0,35.0,912.3
2022-08-29,US,Springfield,pm25,70,7.0,52.0,28.0,950.55
2022-08-29,US,The Bronx,pm25,48,14.0,50.0,27.0,586.88
2022-08-29,US,San Jose,pm25,93,5.0,63.0,42.0,1865.85
2022-08-29,US,Los Angeles,pm25,48,15.0,65.0,45.0,1400.53
2022-08-29,US,Detroit,pm25,161,10.0,79.0,37.0,2039.12
2022-08-29,US,Little Rock,pm25,17,1.0,43.0,21.0,1456.32
2022-08-29,US,Baltimore,pm25,43,5.0,45.0,31.0,1258.99
2022-08-29,US,Phoenix,pm25,184,3.0,52.0,21.0,649.83
2022-08-29,US,Omaha,pm25,43,5.0,50.0,21.0,1085.24
2022-08-29,US,El Paso,pm25,130,5.0,72.0,20.0,1862.98
2022-08-29,US,Dallas,pm25,9,5.0,17.0,9.0,284.44
2022-08-29,US,Seattle,pm25,257,5.0,72.0,25.0,994.54
2022-08-29,US,Manhattan,pm25,70,17.0,75.0,34.0,2620.95
2022-08-29,US,Miami,pm25,81,8.0,28.0,15.0,150.32
2022-08-29,US,Jacksonville,pm25,137,1.0,45.0,20.0,425.89
2022-08-29,US,San Antonio,pm25,92,2.0,64.0,21.0,2208.12
2022-08-29,US,Philadelphia,pm25,95,4.0,102.0,29.0,1715.29
2022-08-29,US,San Diego,pm25,24,28.0,37.0,34.0,55.65
2022-08-29,US,Columbus,pm25,47,11.0,43.0,26.0,721.44
2022-08-29,US,Saint Paul,pm25,118,5.0,192.0,30.0,3365.27
2022-08-29,US,Denver,pm25,137,9.0,50.0,25.0,613.52
2022-08-29,US,Salt Lake City,pm25,216,16.0,60.0,38.0,920.44
2022-08-29,US,Albuquerque,pm25,72,10.0,28.0,16.0,112.8
2022-08-29,US,San Francisco,pm25,71,17.0,109.0,46.0,3037.04
2022-08-29,US,Salem,pm25,72,18.0,51.0,24.0,437.34
2022-08-29,US,Madison,pm25,48,19.0,42.0,29.0,346.06
2022-08-29,US,Nashville,pm25,71,5.0,58.0,34.0,1208.37
2022-08-29,US,Tucson,pm25,151,5.0,46.0,17.0,694.41
2022-08-29,US,Queens,pm25,94,7.0,44.0,28.0,948.69
2022-08-29,US,Tallahassee,pm25,72,5.0,38.0,21.0,447.04
2022-08-29,US,Fort Worth,pm25,47,1.0,53.0,20.0,1518.57
2022-08-29,RS,Novi Sad,pm25,48,27.0,63.0,44.0,789.2
2022-08-29,RS,Niš,pm25,48,23.0,72.0,53.0,1597.12
2022-08-29,RS,Belgrade,pm25,120,23.0,59.0,48.0,1102.29
2022-08-29,CY,Nicosia,pm25,24,27.0,64.0,51.0,739.35
2022-08-29,CY,Limassol,pm25,24,32.0,65.0,45.0,890.85
2022-08-29,HR,Zagreb,pm25,24,20.0,46.0,30.0,492.97
2022-08-29,MK,Skopje,pm25,95,15.0,80.0,48.0,2381.14
2022-08-30,GE,Tbilisi,pm25,96,57.0,88.0,59.0,1276.8
2022-08-30,HU,Győr,pm25,48,17.0,65.0,50.0,1582.11
2022-08-30,HU,Pécs,pm25,63,25.0,42.0,34.0,264.1
2022-08-30,HU,Kecskemét,pm25,48,13.0,63.0,42.0,2012.75
2022-08-30,HU,Miskolc,pm25,96,17.0,72.0,30.0,1905.08
2022-08-30,HU,Budapest,pm25,224,17.0,57.0,38.0,475.1
2022-08-30,JP,Fukuoka,pm25,401,5.0,127.0,70.0,1813.56
2022-08-30,JP,Kanazawa,pm25,214,9.0,72.0,42.0,1186.54
2022-08-30,JP,Kumamoto,pm25,328,5.0,134.0,59.0,5804.88
2022-08-30,JP,Akita,pm25,39,5.0,63.0,30.0,2347.46
2022-08-30,JP,Kochi,pm25,48,5.0,61.0,38.0,1898.87
2022-08-30,JP,Gifu-shi,pm25,158,5.0,74.0,38.0,1910.17
2022-08-30,JP,Kyoto,pm25,541,5.0,57.0,25.0,1416.23
2022-08-30,JP,Hiroshima,pm25,330,5.0,97.0,59.0,2197.42
2022-08-30,JP,Shizuoka,pm25,245,5.0,74.0,25.0,2108.83
2022-08-30,JP,Chiba,pm25,747,5.0,132.0,30.0,4767.7
2022-08-30,JP,Sapporo,pm25,183,5.0,65.0,21.0,1343.91
2022-08-30,JP,Yokohama,pm25,496,1.0,91.0,38.0,3821.91
2022-08-30,JP,Tokyo,pm25,2497,1.0,87.0,30.0,1892.06
2022-08-30,JP,Saitama,pm25,476,5.0,74.0,34.0,2045.54
2022-08-30,JP,Naha,pm25,139,5.0,46.0,13.0,1072.45
2022-08-30,JP,Nagasaki,pm25,189,30.0,99.0,65.0,1455.56
2022-08-30,JP,Toyama,pm25,191,13.0,107.0,42.0,2162.1
2022-08-30,JP,Niigata,pm25,213,13.0,61.0,25.0,771.21
2022-08-30,JP,Nara-shi,pm25,175,5.0,53.0,17.0,735.57
2022-08-30,JP,Okayama,pm25,278,9.0,74.0,46.0,2033.13
2022-08-30,JP,Sendai,pm25,457,5.0,53.0,21.0,733.42
2022-08-30,JP,Osaka,pm25,1376,5.0,91.0,21.0,2206.68
2022-08-30,JP,Miyazaki,pm25,135,9.0,87.0,42.0,2619.2
2022-08-30,JP,Matsuyama,pm25,163,17.0,99.0,61.0,3599.98
2022-08-30,JP,Wakayama,pm25,284,9.0,68.0,34.0,1531.04
2022-08-30,JP,Takamatsu,pm25,234,5.0,70.0,34.0,2594.47
2022-08-30,JP,Nagoya,pm25,751,1.0,93.0,30.0,1913.67
2022-08-30,JP,Ōita,pm25,249,5.0,78.0,42.0,2388.45
2022-08-30,JP,Kobe,pm25,408,5.0,68.0,21.0,1505.13
2022-08-30,JP,Nagano,pm25,72,13.0,65.0,25.0,1719.15
2022-08-30,JP,Utsunomiya,pm25,423,5.0,72.0,25.0,1901.01
2022-08-30,JP,Kagoshima,pm25,96,17.0,97.0,34.0,1869.47
2022-08-30,SK,Košice,pm25,96,25.0,99.0,50.0,2198.42
2022-08-30,SK,Bratislava,pm25,89,5.0,95.0,34.0,2953.61
2022-08-30,FI,Vantaa,pm25,24,4.0,17.0,9.0,105.22
2022-08-30,FI,Turku,pm25,24,5.0,20.0,9.0,116.23
2022-08-30,FI,Helsinki,pm25,120,5.0,35.0,8.0,274.32
2022-08-30,FI,Tampere,pm25,94,2.0,16.0,5.0,74.41
2022-08-30,ET,Addis Ababa,pm25,24,68.0,164.0,93.0,9392.59
2022-08-30,CH,Zürich,pm25,24,1.0,5.0,2.0,6.96
2022-08-30,CO,Bogotá,pm25,291,5.0,158.0,38.0,7761.47
2022-08-30,CO,Medellín,pm25,274,30.0,87.0,59.0,1014.5
2022-08-30,DK,Copenhagen,pm25,24,3.0,47.0,24.0,1159.98
2022-08-30,GB,Edinburgh,pm25,282,5.0,42.0,11.0,179.83
2022-08-30,GB,Norwich,pm25,16,13.0,19.0,17.0,47.33
2022-08-30,GB,Liverpool,pm25,38,9.0,38.0,17.0,758.1
2022-08-30,GB,Belfast,pm25,60,12.0,30.0,21.0,153.05
2022-08-30,GB,Coventry,pm25,71,11.0,24.0,16.0,48.09
2022-08-30,GB,Leeds,pm25,34,13.0,34.0,17.0,399.23
2022-08-30,GB,Cardiff,pm25,117,5.0,53.0,34.0,1577.49
2022-08-30,GB,Bristol,pm25,69,13.0,50.0,30.0,992.23
2022-08-30,GB,London,pm25,485,5.0,243.0,23.0,3152.54
2022-08-30,GB,Birmingham,pm25,48,12.0,28.0,17.0,106.31
2022-08-30,GB,Sheffield,pm25,88,13.0,38.0,16.0,173.33
2022-08-30,GB,Newport,pm25,36,12.0,22.0,15.0,58.56
2022-08-30,GB,Leicester,pm25,22,14.0,22.0,18.0,48.85
2022-08-30,GB,Manchester,pm25,80,11.0,42.0,21.0,677.6
2022-08-30,GB,Reading,pm25,46,5.0,89.0,17.0,2449.74
2022-08-30,GB,Plymouth,pm25,39,9.0,39.0,21.0,832.55
2022-08-30,GB,Glasgow,pm25,563,6.0,266.0,15.0,1394.9
2022-08-30,GB,Preston,pm25,46,8.0,24.0,13.0,81.6
2022-08-30,GB,Swansea,pm25,146,5.0,34.0,17.0,489.96
2022-08-30,GB,Southend-on-Sea,pm25,46,13.0,72.0,19.0,1615.69
2022-08-30,ID,Jakarta,pm25,71,63.0,156.0,109.0,5260.86
2022-08-30,NP,Kathmandu,pm25,68,21.0,72.0,49.0,1588.06
2022-08-30,NP,Biratnagar,pm25,24,41.0,90.0,73.0,1118.24
2022-08-30,AU,Sydney,pm25,158,2.0,46.0,20.0,657.65
2022-08-30,AU,Newcastle,pm25,141,4.0,76.0,33.0,1790.7
2022-08-30,AU,Launceston,pm25,109,5.0,163.0,21.0,7996.93
2022-08-30,AU,Hobart,pm25,51,5.0,78.0,25.0,2244.87
2022-08-30,AU,Darwin,pm25,72,18.0,75.0,57.0,1656.76
2022-08-30,AU,Melbourne,pm25,134,1.0,60.0,18.0,1765.94
2022-08-30,AU,Canberra,pm25,58,1.0,62.0,18.0,1440.73
2022-08-30,AU,Adelaide,pm25,89,5.0,43.0,17.0,802.1
2022-08-30,AU,Brisbane,pm25,213,1.0,58.0,22.0,1814.97
2022-08-30,AU,Perth,pm25,91,2.0,22.0,5.0,174.64
2022-08-30,AU,Wollongong,pm25,43,2.0,67.0,21.0,2416.06
2022-08-30,CI,Abidjan,pm25,14,34.0,80.0,61.0,1246.43
2022-08-30,GH,Accra,pm25,24,34.0,149.0,57.0,5113.26
2022-08-30,IQ,Baghdad,pm25,24,97.0,211.0,163.0,7780.22
2022-08-30,IS,Reykjavík,pm25,96,5.0,59.0,15.0,774.39
2022-08-30,KG,Bishkek,pm25,24,50.0,85.0,68.0,716.94
2022-08-30,NL,Utrecht,pm25,44,9.0,69.0,31.0,1855.05
2022-08-30,NL,Nijmegen,pm25,47,8.0,48.0,22.0,605.65
2022-08-30,NL,Haarlem,pm25,132,2.0,87.0,28.0,1863.05
2022-08-30,NL,Eindhoven,pm25,24,24.0,65.0,51.0,1259.11
2022-08-30,NL,Rotterdam,pm25,191,7.0,60.0,21.0,747.05
2022-08-30,NL,Amsterdam,pm25,246,1.0,43.0,20.0,787.29
2022-08-30,NL,Dordrecht,pm25,22,13.0,42.0,21.0,569.03
2022-08-30,NL,Breda,pm25,24,11.0,54.0,35.0,1551.29
2022-08-30,NL,Groningen,pm25,45,2.0,69.0,22.0,1506.65
2022-08-30,NL,Maastricht,pm25,95,13.0,61.0,34.0,899.46
2022-08-30,NL,The Hague,pm25,66,1.0,41.0,22.0,687.71
2022-08-30,PT,Lisbon,pm25,94,10.0,49.0,21.0,679.97
2022-08-30,PT,Funchal,pm25,53,1.0,27.0,10.0,570.19
2022-08-30,CA,Hamilton,pm25,87,9.0,63.0,17.0,1763.72
2022-08-30,CA,Calgary,pm25,89,10.0,48.0,20.0,933.19
2022-08-30,CA,Winnipeg,pm25,24,21.0,42.0,26.0,322.54
2022-08-30,CA,Halifax,pm25,46,22.0,36.0,27.0,137.18
2022-08-30,CA,Kitchener,pm25,40,5.0,53.0,25.0,915.38
2022-08-30,CA,Edmonton,pm25,124,1.0,74.0,26.0,1763.84
2022-08-30,CA,Mississauga,pm25,66,5.0,53.0,21.0,1197.16
2022-08-30,CA,Québec,pm25,181,12.0,58.0,35.0,625.77
2022-08-30,CA,Vancouver,pm25,22,6.0,57.0,15.0,2697.6
2022-08-30,CA,Victoria,pm25,45,5.0,55.0,21.0,1357.71
2022-08-30,CA,Montréal,pm25,381,3.0,52.0,22.0,685.21
2022-08-30,CA,Toronto,pm25,133,9.0,59.0,25.0,1372.34
2022-08-30,CA,Ottawa,pm25,65,9.0,33.0,27.0,410.4
2022-08-30,CA,London,pm25,44,5.0,65.0,17.0,1028.5
2022-08-30,US,Oklahoma City,pm25,91,15.0,33.0,22.0,118.86
2022-08-30,US,Raleigh,pm25,64,5.0,46.0,21.0,756.9
2022-08-30,US,Memphis,pm25,53,1.0,35.0,12.0,610.96
2022-08-30,US,Jackson,pm25,72,14.0,60.0,24.0,1106.47
2022-08-30,US,Boston,pm25,111,5.0,53.0,34.0,1005.71
2022-08-30,US,Richmond,pm25,96,17.0,61.0,24.0,1037.89
2022-08-30,US,Portland,pm25,166,9.0,50.0,28.0,519.71
2022-08-30,US,Boise,pm25,46,5.0,63.0,34.0,1882.88
2022-08-30,US,Austin,pm25,45,5.0,72.0,25.0,1827.55
2022-08-30,US,Honolulu,pm25,36,5.0,34.0,13.0,509.93
2022-08-30,US,Fresno,pm25,48,18.0,82.0,43.0,3115.85
2022-08-30,US,Milwaukee,pm25,144,20.0,53.0,33.0,483.62
2022-08-30,US,Hartford,pm25,48,12.0,45.0,34.0,1026.22
2022-08-30,US,Washington D.C.,pm25,112,5.0,57.0,19.0,978.02
2022-08-30,US,Chicago,pm25,202,3.0,54.0,32.0,462.87
2022-08-30,US,Houston,pm25,95,2.0,57.0,26.0,1588.43
2022-08-30,US,Indianapolis,pm25,120,1.0,46.0,31.0,1004.29
2022-08-30,US,Atlanta,pm25,24,16.0,46.0,22.0,729.55
2022-08-30,US,Charlotte,pm25,68,5.0,38.0,17.0,455.86
2022-08-30,US,Sacramento,pm25,72,17.0,61.0,42.0,1106.85
2022-08-30,US,Oakland,pm25,106,13.0,74.0,55.0,1536.11
2022-08-30,US,Providence,pm25,25,5.0,38.0,13.0,615.43
2022-08-30,US,Staten Island,pm25,93,5.0,44.0,25.0,1125.05
2022-08-30,US,Brooklyn,pm25,140,1.0,60.0,23.0,978.52
2022-08-30,US,Springfield,pm25,72,3.0,50.0,27.0,1096.71
2022-08-30,US,The Bronx,pm25,46,7.0,25.0,13.0,289.47
2022-08-30,US,San Jose,pm25,91,5.0,76.0,53.0,2864.14
2022-08-30,US,Los Angeles,pm25,48,48.0,78.0,59.0,379.93
2022-08-30,US,Detroit,pm25,144,16.0,68.0,37.0,1498.84
2022-08-30,US,Little Rock,pm25,24,6.0,34.0,13.0,537.23
2022-08-30,US,Baltimore,pm25,38,5.0,102.0,23.0,3251.61
2022-08-30,US,Phoenix,pm25,184,5.0,54.0,24.0,810.93
2022-08-30,US,Omaha,pm25,45,5.0,59.0,25.0,1003.92
2022-08-30,US,El Paso,pm25,106,2.0,42.0,13.0,602.34
2022-08-30,US,Dallas,pm25,18,5.0,25.0,13.0,404.18
2022-08-30,US,Seattle,pm25,244,13.0,76.0,35.0,1756.04
2022-08-30,US,Manhattan,pm25,71,2.0,58.0,21.0,1157.13
2022-08-30,US,Miami,pm25,81,14.0,48.0,30.0,611.34
2022-08-30,US,Jacksonville,pm25,131,3.0,53.0,26.0,675.85
2022-08-30,US,San Antonio,pm25,94,7.0,61.0,35.0,1777.3
2022-08-30,US,Philadelphia,pm25,88,1.0,94.0,25.0,1961.61
2022-08-30,US,San Diego,pm25,24,35.0,51.0,45.0,254.19
2022-08-30,US,Columbus,pm25,47,2.0,40.0,22.0,871.72
2022-08-30,US,Saint Paul,pm25,142,13.0,56.0,42.0,784.51
2022-08-30,US,Denver,pm25,145,9.0,63.0,30.0,853.15
2022-08-30,US,Salt Lake City,pm25,216,10.0,63.0,31.0,1339.25
2022-08-30,US,Albuquerque,pm25,68,10.0,43.0,24.0,436.2
2022-08-30,US,San Francisco,pm25,71,17.0,139.0,53.0,3784.48
2022-08-30,US,Salem,pm25,72,18.0,52.0,33.0,610.55
2022-08-30,US,Madison,pm25,48,25.0,47.0,36.0,458.4
2022-08-30,US,Nashville,pm25,70,3.0,56.0,29.0,965.92
2022-08-30,US,Tucson,pm25,149,5.0,82.0,21.0,931.17
2022-08-30,US,Queens,pm25,84,1.0,34.0,18.0,815.74
2022-08-30,US,Tallahassee,pm25,72,6.0,52.0,23.0,593.42
2022-08-30,US,Fort Worth,pm25,44,3.0,55.0,20.0,1339.72
2022-08-30,RS,Novi Sad,pm25,48,18.0,64.0,40.0,1279.25
2022-08-30,RS,Niš,pm25,48,27.0,63.0,51.0,1223.68
2022-08-30,RS,Belgrade,pm25,120,19.0,71.0,46.0,1332.6
2022-08-30,CY,Nicosia,pm25,24,42.0,94.0,64.0,1552.45
2022-08-30,CY,Limassol,pm25,24,39.0,75.0,53.0,835.58
2022-08-30,HR,Zagreb,pm25,24,26.0,55.0,40.0,820.87
2022-08-30,MK,Skopje,pm25,165,10.0,82.0,46.0,2444.34
2022-08-31,GE,Tbilisi,pm25,96,55.0,79.0,58.0,697.18
2022-08-31,HU,Győr,pm25,46,13.0,82.0,57.0,4493.22
2022-08-31,HU,Pécs,pm25,63,21.0,46.0,25.0,615.62
2022-08-31,HU,Kecskemét,pm25,40,17.0,46.0,34.0,592.08
2022-08-31,HU,Miskolc,pm25,101,13.0,65.0,25.0,1262.11
2022-08-31,HU,Budapest,pm25,207,9.0,57.0,34.0,1090.99
2022-08-31,JP,Fukuoka,pm25,398,13.0,127.0,65.0,3192.15
2022-08-31,JP,Kanazawa,pm25,227,5.0,70.0,25.0,1510.9
2022-08-31,JP,Kumamoto,pm25,346,5.0,144.0,55.0,7180.89
2022-08-31,JP,Akita,pm25,34,5.0,53.0,21.0,2037.01
2022-08-31,JP,Kochi,pm25,48,5.0,50.0,21.0,1049.36
2022-08-31,JP,Gifu-shi,pm25,153,5.0,68.0,21.0,2130.61
2022-08-31,JP,Kyoto,pm25,544,5.0,61.0,30.0,1491.49
2022-08-31,JP,Hiroshima,pm25,316,5.0,87.0,50.0,3125.89
2022-08-31,JP,Shizuoka,pm25,239,5.0,72.0,21.0,2206.23
2022-08-31,JP,Chiba,pm25,684,5.0,127.0,21.0,3744.36
2022-08-31,JP,Sapporo,pm25,199,5.0,50.0,21.0,882.32
2022-08-31,JP,Yokohama,pm25,495,1.0,85.0,34.0,3125.39
2022-08-31,JP,Tokyo,pm25,2538,1.0,129.0,34.0,3389.74
2022-08-31,JP,Saitama,pm25,447,5.0,76.0,30.0,2764.52
2022-08-31,JP,Naha,pm25,84,21.0,50.0,38.0,692.32
2022-08-31,JP,Nagasaki,pm25,192,21.0,82.0,53.0,1452.06
2022-08-31,JP,Toyama,pm25,175,5.0,85.0,34.0,2422.28
2022-08-31,JP,Niigata,pm25,212,5.0,50.0,25.0,1160.7
2022-08-31,JP,Nara-shi,pm25,182,5.0,57.0,21.0,1083.12
2022-08-31,JP,Okayama,pm25,282,5.0,65.0,30.0,1765.89
2022-08-31,JP,Sendai,pm25,459,5.0,72.0,17.0,2739.84
2022-08-31,JP,Osaka,pm25,1423,5.0,112.0,25.0,1801.52
2022-08-31,JP,Miyazaki,pm25,130,9.0,142.0,46.0,3806.55
2022-08-31,JP,Matsuyama,pm25,162,5.0,95.0,50.0,4091.82
2022-08-31,JP,Wakayama,pm25,279,5.0,87.0,21.0,1220.45
2022-08-31,JP,Takamatsu,pm25,230,5.0,55.0,25.0,1716.35
2022-08-31,JP,Nagoya,pm25,713,5.0,80.0,17.0,1114.68
2022-08-31,JP,Ōita,pm25,247,5.0,70.0,38.0,2411.41
2022-08-31,JP,Kobe,pm25,409,5.0,61.0,30.0,887.99
2022-08-31,JP,Nagano,pm25,60,5.0,53.0,17.0,1949.25
2022-08-31,JP,Utsunomiya,pm25,386,5.0,85.0,30.0,2919.32
2022-08-31,JP,Kagoshima,pm25,94,9.0,65.0,38.0,1669.34
2022-08-31,SK,Košice,pm25,96,9.0,107.0,34.0,4816.14
2022-08-31,SK,Bratislava,pm25,94,9.0,63.0,34.0,1719.97
2022-08-31,FI,Vantaa,pm25,24,6.0,16.0,12.0,72.97
2022-08-31,FI,Turku,pm25,22,3.0,45.0,10.0,1153.85
2022-08-31,FI,Helsinki,pm25,116,6.0,26.0,11.0,150.01
2022-08-31,FI,Tampere,pm25,94,1.0,13.0,6.0,51.39
2022-08-31,ET,Addis Ababa,pm25,24,55.0,179.0,114.0,14666.5
2022-08-31,CH,Zürich,pm25,19,1.0,6.0,2.0,12.87
2022-08-31,CO,Bogotá,pm25,309,5.0,147.0,57.0,7182.85
2022-08-31,CO,Medellín,pm25,273,25.0,85.0,59.0,1039.07
2022-08-31,DK,Copenhagen,pm25,24,8.0,51.0,28.0,1082.54
2022-08-31,GB,Edinburgh,pm25,279,5.0,49.0,12.0,322.16
2022-08-31,GB,Norwich,pm25,21,13.0,17.0,15.0,27.29
2022-08-31,GB,Liverpool,pm25,41,13.0,34.0,21.0,272.44
2022-08-31,GB,Belfast,pm25,34,7.0,25.0,17.0,181.22
2022-08-31,GB,Coventry,pm25,44,13.0,33.0,23.0,273.42
2022-08-31,GB,Leeds,pm25,28,13.0,42.0,21.0,464.71
2022-08-31,GB,Cardiff,pm25,109,9.0,59.0,34.0,1397.96
2022-08-31,GB,Bristol,pm25,69,13.0,55.0,30.0,743.95
2022-08-31,GB,London,pm25,510,2.0,72.0,23.0,1431.25
2022-08-31,GB,Birmingham,pm25,33,17.0,64.0,25.0,1535.64
2022-08-31,GB,Sheffield,pm25,88,9.0,50.0,21.0,351.09
2022-08-31,GB,Newport,pm25,46,13.0,25.0,17.0,110.3
2022-08-31,GB,Leicester,pm25,15,16.0,44.0,24.0,679.81
2022-08-31,GB,Manchester,pm25,80,13.0,43.0,30.0,736.4
2022-08-31,GB,Reading,pm25,46,5.0,42.0,13.0,640.27
2022-08-31,GB,Plymouth,pm25,39,13.0,48.0,25.0,859.41
2022-08-31,GB,Glasgow,pm25,567,8.0,47.0,15.0,309.62
2022-08-31,GB,Preston,pm25,45,12.0,31.0,17.0,168.46
2022-08-31,GB,Swansea,pm25,162,5.0,46.0,17.0,766.82
2022-08-31,GB,Southend-on-Sea,pm25,40,15.0,27.0,18.0,118.87
2022-08-31,ID,Jakarta,pm25,71,82.0,194.0,142.0,8926.21
2022-08-31,NP,Kathmandu,pm25,70,5.0,86.0,57.0,3290.07
2022-08-31,NP,Biratnagar,pm25,24,27.0,84.0,61.0,1968.53
2022-08-31,AU,Sydney,pm25,149,1.0,43.0,15.0,765.97
2022-08-31,AU,Newcastle,pm25,121,1.0,70.0,21.0,2254.34
2022-08-31,AU,Launceston,pm25,79,5.0,59.0,5.0,682.5
2022-08-31,AU,Hobart,pm25,17,5.0,25.0,5.0,235.29
2022-08-31,AU,Darwin,pm25,72,6.0,69.0,47.0,2435.44
2022-08-31,AU,Melbourne,pm25,147,1.0,60.0,19.0,1877.55
2022-08-31,AU,Canberra,pm25,53,1.0,76.0,17.0,4302.01
2022-08-31,AU,Adelaide,pm25,84,2.0,59.0,15.0,1819.36
2022-08-31,AU,Brisbane,pm25,216,6.0,56.0,33.0,1243.93
2022-08-31,AU,Perth,pm25,85,2.0,15.0,5.0,79.42
2022-08-31,AU,Wollongong,pm25,31,1.0,31.0,12.0,540.49
2022-08-31,CI,Abidjan,pm25,24,25.0,68.0,50.0,1943.19
2022-08-31,GH,Accra,pm25,17,42.0,176.0,59.0,16607.2
2022-08-31,IQ,Baghdad,pm25,24,87.0,296.0,164.0,18680.8
2022-08-31,IS,Reykjavík,pm25,96,3.0,16.0,10.0,77.61
2022-08-31,KG,Bishkek,pm25,24,57.0,95.0,63.0,1199.93
2022-08-31,NL,Utrecht,pm25,48,9.0,43.0,26.0,857.45
2022-08-31,NL,Nijmegen,pm25,48,5.0,54.0,22.0,919.85
2022-08-31,NL,Haarlem,pm25,133,1.0,86.0,21.0,1768.2
2022-08-31,NL,Eindhoven,pm25,24,22.0,70.0,47.0,1560.22
2022-08-31,NL,Rotterdam,pm25,188,1.0,53.0,16.0,427.33
2022-08-31,NL,Amsterdam,pm25,237,1.0,70.0,14.0,745.11
2022-08-31,NL,Dordrecht,pm25,24,5.0,42.0,25.0,602.32
2022-08-31,NL,Breda,pm25,24,12.0,54.0,24.0,981.72
2022-08-31,NL,Groningen,pm25,46,1.0,50.0,21.0,966.48
2022-08-31,NL,Maastricht,pm25,94,13.0,63.0,34.0,1099.17
2022-08-31,NL,The Hague,pm25,65,4.0,70.0,15.0,1251.09
2022-08-31,PT,Lisbon,pm25,95,9.0,34.0,19.0,282.17
2022-08-31,PT,Funchal,pm25,55,2.0,40.0,18.0,1311.73
2022-08-31,CA,Hamilton,pm25,54,5.0,129.0,9.0,3990.38
2022-08-31,CA,Calgary,pm25,92,10.0,55.0,32.0,881.08
2022-08-31,CA,Winnipeg,pm25,6,38.0,46.0,38.0,97.67
2022-08-31,CA,Halifax,pm25,46,6.0,44.0,29.0,444.19
2022-08-31,CA,Kitchener,pm25,36,5.0,30.0,13.0,242.94
2022-08-31,CA,Edmonton,pm25,131,2.0,56.0,27.0,1698.33
2022-08-31,CA,Mississauga,pm25,45,5.0,25.0,9.0,254.54
2022-08-31,CA,Québec,pm25,169,5.0,25.0,18.0,229.57
2022-08-31,CA,Vancouver,pm25,23,6.0,46.0,21.0,1695.42
2022-08-31,CA,Victoria,pm25,45,5.0,63.0,25.0,2404.8
2022-08-31,CA,Montréal,pm25,354,3.0,67.0,16.0,1308.2
2022-08-31,CA,Toronto,pm25,125,5.0,53.0,17.0,872.43
2022-08-31,CA,Ottawa,pm25,51,5.0,31.0,20.0,516.74
2022-08-31,CA,London,pm25,40,5.0,25.0,13.0,163.18
2022-08-31,US,Oklahoma City,pm25,96,15.0,35.0,28.0,219.29
2022-08-31,US,Raleigh,pm25,71,5.0,57.0,25.0,1341.59
2022-08-31,US,Memphis,pm25,60,10.0,45.0,24.0,1068.01
2022-08-31,US,Jackson,pm25,72,20.0,56.0,28.0,1179.48
2022-08-31,US,Boston,pm25,130,5.0,46.0,21.0,573.04
2022-08-31,US,Richmond,pm25,96,24.0,118.0,31.0,3084.97
2022-08-31,US,Portland,pm25,167,18.0,90.0,34.0,2532.69
2022-08-31,US,Boise,pm25,46,13.0,90.0,45.0,3236.41
2022-08-31,US,Austin,pm25,42,5.0,68.0,25.0,2244.63
2022-08-31,US,Honolulu,pm25,35,5.0,30.0,9.0,356.52
2022-08-31,US,Fresno,pm25,48,25.0,87.0,55.0,2108.15
2022-08-31,US,Milwaukee,pm25,142,17.0,50.0,33.0,710.71
2022-08-31,US,Hartford,pm25,47,14.0,31.0,20.0,235.06
2022-08-31,US,Washington D.C.,pm25,120,5.0,46.0,25.0,955.19
2022-08-31,US,Chicago,pm25,197,17.0,59.0,33.0,709.83
2022-08-31,US,Houston,pm25,95,11.0,57.0,34.0,1478.86
2022-08-31,US,Indianapolis,pm25,118,11.0,62.0,40.0,1151.87
2022-08-31,US,Atlanta,pm25,24,28.0,54.0,38.0,680.8
2022-08-31,US,Charlotte,pm25,72,9.0,46.0,25.0,603.14
2022-08-31,US,Sacramento,pm25,72,13.0,59.0,35.0,1157.83
2022-08-31,US,Oakland,pm25,120,17.0,61.0,46.0,976.96
2022-08-31,US,Providence,pm25,33,5.0,157.0,13.0,7182.46
2022-08-31,US,Staten Island,pm25,118,2.0,57.0,22.0,1793.26
2022-08-31,US,Brooklyn,pm25,128,1.0,40.0,20.0,1146.37
2022-08-31,US,Springfield,pm25,70,24.0,53.0,43.0,651.93
2022-08-31,US,The Bronx,pm25,46,1.0,20.0,8.0,307.32
2022-08-31,US,San Jose,pm25,95,5.0,63.0,38.0,1973.34
2022-08-31,US,Los Angeles,pm25,45,40.0,85.0,64.0,1174.07
2022-08-31,US,Detroit,pm25,143,22.0,60.0,37.0,834.27
2022-08-31,US,Little Rock,pm25,24,16.0,33.0,25.0,167.54
2022-08-31,US,Baltimore,pm25,48,5.0,58.0,34.0,1187.97
2022-08-31,US,Phoenix,pm25,183,2.0,50.0,16.0,859.54
2022-08-31,US,Omaha,pm25,46,5.0,68.0,30.0,1871.75
2022-08-31,US,El Paso,pm25,119,3.0,60.0,13.0,1399.03
2022-08-31,US,Dallas,pm25,18,5.0,25.0,13.0,343.53
2022-08-31,US,Seattle,pm25,262,13.0,82.0,42.0,2463.28
2022-08-31,US,Manhattan,pm25,68,1.0,44.0,13.0,904.96
2022-08-31,US,Miami,pm25,81,8.0,39.0,23.0,421.75
2022-08-31,US,Jacksonville,pm25,133,1.0,90.0,25.0,740.35
2022-08-31,US,San Antonio,pm25,92,6.0,64.0,28.0,1349.45
2022-08-31,US,Philadelphia,pm25,75,4.0,72.0,28.0,2143.78
2022-08-31,US,San Diego,pm25,24,30.0,58.0,45.0,995.49
2022-08-31,US,Columbus,pm25,48,2.0,42.0,28.0,882.23
2022-08-31,US,Saint Paul,pm25,140,5.0,51.0,28.0,857.46
2022-08-31,US,Denver,pm25,149,13.0,57.0,25.0,871.57
2022-08-31,US,Salt Lake City,pm25,216,10.0,83.0,28.0,1789.91
2022-08-31,US,Albuquerque,pm25,72,13.0,56.0,23.0,856.18
2022-08-31,US,San Francisco,pm25,71,13.0,59.0,38.0,1117.35
2022-08-31,US,Salem,pm25,72,16.0,103.0,38.0,6287.82
2022-08-31,US,Madison,pm25,48,19.0,47.0,30.0,883.33
2022-08-31,US,Nashville,pm25,71,9.0,54.0,31.0,788.82
2022-08-31,US,Tucson,pm25,113,5.0,38.0,9.0,464.26
2022-08-31,US,Queens,pm25,87,1.0,41.0,17.0,1055.19
2022-08-31,US,Tallahassee,pm25,60,4.0,54.0,24.0,930.34
2022-08-31,US,Fort Worth,pm25,47,2.0,57.0,20.0,1263.83
2022-08-31,RS,Novi Sad,pm25,48,30.0,69.0,45.0,1036.06
2022-08-31,RS,Niš,pm25,48,40.0,67.0,59.0,456.06
2022-08-31,RS,Belgrade,pm25,120,22.0,89.0,51.0,2661.68
2022-08-31,CY,Nicosia,pm25,23,55.0,94.0,75.0,1448.77
2022-08-31,CY,Limassol,pm25,24,53.0,75.0,60.0,287.37
2022-08-31,HR,Zagreb,pm25,24,30.0,70.0,40.0,1395.0
2022-08-31,MK,Skopje,pm25,156,18.0,166.0,60.0,9615.33
2022-09-01,GE,Tbilisi,pm25,96,57.0,104.0,62.0,2580.35
2022-09-01,HU,Győr,pm25,46,21.0,72.0,53.0,2133.33
2022-09-01,HU,Pécs,pm25,66,17.0,34.0,21.0,187.13
2022-09-01,HU,Kecskemét,pm25,40,13.0,21.0,17.0,70.15
2022-09-01,HU,Miskolc,pm25,95,9.0,55.0,17.0,1120.4
2022-09-01,HU,Budapest,pm25,93,9.0,55.0,21.0,965.75
2022-09-01,JP,Fukuoka,pm25,377,5.0,147.0,21.0,2243.86
2022-09-01,JP,Kanazawa,pm25,192,5.0,42.0,13.0,670.58
2022-09-01,JP,Kumamoto,pm25,347,5.0,154.0,53.0,8264.3
2022-09-01,JP,Akita,pm25,30,5.0,72.0,13.0,2977.71
2022-09-01,JP,Kochi,pm25,45,5.0,46.0,17.0,976.95
2022-09-01,JP,Gifu-shi,pm25,143,5.0,72.0,21.0,1706.67
2022-09-01,JP,Kyoto,pm25,523,5.0,57.0,21.0,1416.5
2022-09-01,JP,Hiroshima,pm25,271,5.0,74.0,21.0,2188.14
2022-09-01,JP,Shizuoka,pm25,217,5.0,59.0,9.0,1133.23
2022-09-01,JP,Chiba,pm25,649,5.0,951.0,21.0,28331.2
2022-09-01,JP,Sapporo,pm25,197,5.0,82.0,17.0,1330.93
2022-09-01,JP,Yokohama,pm25,484,1.0,57.0,21.0,1099.93
2022-09-01,JP,Tokyo,pm25,2455,1.0,107.0,21.0,1372.08
2022-09-01,JP,Saitama,pm25,450,5.0,70.0,34.0,2090.12
2022-09-01,JP,Naha,pm25,68,9.0,42.0,25.0,804.85
2022-09-01,JP,Nagasaki,pm25,175,5.0,72.0,38.0,3166.43
2022-09-01,JP,Toyama,pm25,173,5.0,65.0,21.0,1924.8
2022-09-01,JP,Niigata,pm25,190,5.0,38.0,17.0,564.41
2022-09-01,JP,Nara-shi,pm25,178,5.0,53.0,17.0,677.88
2022-09-01,JP,Okayama,pm25,273,5.0,65.0,30.0,2153.38
2022-09-01,JP,Sendai,pm25,461,5.0,78.0,34.0,2795.28
2022-09-01,JP,Osaka,pm25,1324,5.0,99.0,17.0,1360.2
2022-09-01,JP,Miyazaki,pm25,134,5.0,85.0,46.0,3063.1
2022-09-01,JP,Matsuyama,pm25,140,5.0,65.0,25.0,2472.28
2022-09-01,JP,Wakayama,pm25,269,5.0,68.0,17.0,1261.21
2022-09-01,JP,Takamatsu,pm25,217,5.0,63.0,25.0,1948.52
2022-09-01,JP,Nagoya,pm25,691,5.0,78.0,17.0,875.42
2022-09-01,JP,Ōita,pm25,243,5.0,74.0,42.0,2805.07
2022-09-01,JP,Kobe,pm25,388,5.0,74.0,21.0,879.02
2022-09-01,JP,Nagano,pm25,52,5.0,74.0,9.0,3136.85
2022-09-01,JP,Utsunomiya,pm25,426,5.0,68.0,25.0,1181.18
2022-09-01,JP,Kagoshima,pm25,90,9.0,63.0,21.0,1554.45
2022-09-01,SK,Košice,pm25,96,9.0,156.0,25.0,13201.8
2022-09-01,SK,Bratislava,pm25,89,5.0,68.0,25.0,1105.37
2022-09-01,FI,Vantaa,pm25,24,7.0,23.0,10.0,113.04
2022-09-01,FI,Turku,pm25,24,5.0,18.0,10.0,116.5
2022-09-01,FI,Helsinki,pm25,95,5.0,25.0,8.0,200.65
2022-09-01,FI,Tampere,pm25,95,2.0,19.0,6.0,61.44
2022-09-01,ET,Addis Ababa,pm25,24,61.0,182.0,104.0,13243.5
2022-09-01,CH,Zürich,pm25,14,1.0,2.0,2.0,1.81
2022-09-01,CO,Bogotá,pm25,297,9.0,162.0,70.0,6980.62
2022-09-01,CO,Medellín,pm25,287,25.0,85.0,63.0,1505.7
2022-09-01,DK,Copenhagen,pm25,24,7.0,57.0,25.0,1759.93
2022-09-01,GB,Edinburgh,pm25,280,7.0,61.0,18.0,1081.06
2022-09-01,GB,Norwich,pm25,17,17.0,23.0,19.0,52.21
2022-09-01,GB,Liverpool,pm25,36,17.0,55.0,25.0,1041.61
2022-09-01,GB,Belfast,pm25,44,13.0,26.0,18.0,96.09
2022-09-01,GB,Coventry,pm25,64,14.0,23.0,19.0,53.67
2022-09-01,GB,Leeds,pm25,41,17.0,53.0,21.0,405.3
2022-09-01,GB,Cardiff,pm25,127,9.0,61.0,30.0,1248.24
2022-09-01,GB,Bristol,pm25,64,9.0,50.0,25.0,878.65
2022-09-01,GB,London,pm25,547,5.0,70.0,31.0,2022.26
2022-09-01,GB,Birmingham,pm25,26,17.0,30.0,25.0,104.99
2022-09-01,GB,Sheffield,pm25,72,21.0,61.0,25.0,582.52
2022-09-01,GB,Newport,pm25,37,13.0,25.0,18.0,112.15
2022-09-01,GB,Leicester,pm25,16,14.0,23.0,20.0,75.62
2022-09-01,GB,Manchester,pm25,76,17.0,42.0,30.0,367.59
2022-09-01,GB,Reading,pm25,47,5.0,50.0,17.0,1526.01
2022-09-01,GB,Plymouth,pm25,43,17.0,78.0,40.0,2356.19
2022-09-01,GB,Glasgow,pm25,543,8.0,60.0,19.0,738.97
2022-09-01,GB,Preston,pm25,40,14.0,32.0,20.0,114.2
2022-09-01,GB,Swansea,pm25,168,5.0,59.0,25.0,1298.41
2022-09-01,GB,Southend-on-Sea,pm25,48,17.0,63.0,29.0,1158.71
2022-09-01,ID,Jakarta,pm25,64,25.0,169.0,93.0,16762.0
2022-09-01,NP,Kathmandu,pm25,75,30.0,151.0,68.0,4203.18
2022-09-01,NP,Biratnagar,pm25,24,15.0,109.0,53.0,4470.14
2022-09-01,AU,Sydney,pm25,162,2.0,56.0,18.0,739.95
2022-09-01,AU,Newcastle,pm25,135,1.0,59.0,17.0,1123.97
2022-09-01,AU,Launceston,pm25,106,5.0,42.0,5.0,448.15
2022-09-01,AU,Hobart,pm25,43,5.0,34.0,9.0,557.62
2022-09-01,AU,Darwin,pm25,72,3.0,65.0,34.0,2331.27
2022-09-01,AU,Melbourne,pm25,153,3.0,63.0,20.0,2179.78
2022-09-01,AU,Canberra,pm25,64,2.0,76.0,29.0,3804.76
2022-09-01,AU,Adelaide,pm25,77,4.0,57.0,25.0,2862.27
2022-09-01,AU,Brisbane,pm25,216,2.0,57.0,25.0,1374.15
2022-09-01,AU,Perth,pm25,73,2.0,12.0,3.0,35.99
2022-09-01,AU,Wollongong,pm25,39,3.0,64.0,21.0,2842.11
2022-09-01,CI,Abidjan,pm25,24,13.0,68.0,46.0,2274.33
2022-09-01,IQ,Baghdad,pm25,24,109.0,404.0,181.0,48893.3
2022-09-01,IS,Reykjavík,pm25,96,7.0,21.0,12.0,80.21
2022-09-01,KG,Bishkek,pm25,24,61.0,80.0,70.0,303.19
2022-09-01,NL,Utrecht,pm25,47,12.0,54.0,31.0,1007.51
2022-09-01,NL,Nijmegen,pm25,47,6.0,55.0,21.0,916.89
2022-09-01,NL,Haarlem,pm25,122,3.0,183.0,33.0,3941.37
2022-09-01,NL,Eindhoven,pm25,24,35.0,97.0,52.0,2151.29
2022-09-01,NL,Rotterdam,pm25,192,3.0,62.0,18.0,788.8
2022-09-01,NL,Amsterdam,pm25,255,1.0,151.0,20.0,1976.69
2022-09-01,NL,Dordrecht,pm25,24,9.0,42.0,25.0,873.84
2022-09-01,NL,Breda,pm25,24,4.0,61.0,28.0,1718.19
2022-09-01,NL,Groningen,pm25,47,1.0,61.0,25.0,1232.45
2022-09-01,NL,Maastricht,pm25,96,13.0,102.0,38.0,1749.25
2022-09-01,NL,The Hague,pm25,68,1.0,36.0,17.0,485.63
2022-09-01,PT,Lisbon,pm25,93,8.0,34.0,18.0,268.34
2022-09-01,PT,Funchal,pm25,59,1.0,36.0,19.0,1157.25
2022-09-01,CA,Hamilton,pm25,65,5.0,157.0,13.0,7284.37
2022-09-01,CA,Calgary,pm25,92,20.0,75.0,45.0,1462.21
2022-09-01,CA,Winnipeg,pm25,3,38.0,38.0,38.0,0.0
2022-09-01,CA,Halifax,pm25,46,4.0,25.0,19.0,286.61
2022-09-01,CA,Kitchener,pm25,36,5.0,30.0,9.0,505.43
2022-09-01,CA,Edmonton,pm25,120,3.0,87.0,20.0,2319.86
2022-09-01,CA,Mississauga,pm25,47,5.0,34.0,9.0,417.68
2022-09-01,CA,Québec,pm25,168,5.0,25.0,14.0,322.53
2022-09-01,CA,Vancouver,pm25,23,12.0,36.0,18.0,722.92
2022-09-01,CA,Victoria,pm25,38,5.0,57.0,13.0,823.99
2022-09-01,CA,Montréal,pm25,320,3.0,47.0,12.0,748.41
2022-09-01,CA,Toronto,pm25,103,5.0,53.0,13.0,1486.81
2022-09-01,CA,Ottawa,pm25,56,5.0,30.0,12.0,433.79
2022-09-01,CA,London,pm25,32,9.0,34.0,13.0,538.54
2022-09-01,US,Oklahoma City,pm25,95,10.0,37.0,21.0,643.51
2022-09-01,US,Raleigh,pm25,70,13.0,59.0,37.0,1028.96
2022-09-01,US,Memphis,pm25,70,18.0,57.0,41.0,922.58
2022-09-01,US,Jackson,pm25,72,32.0,73.0,41.0,1008.64
2022-09-01,US,Boston,pm25,116,5.0,42.0,25.0,591.03
2022-09-01,US,Richmond,pm25,96,23.0,47.0,33.0,392.1
2022-09-01,US,Portland,pm25,165,22.0,63.0,42.0,969.53
2022-09-01,US,Boise,pm25,48,34.0,100.0,55.0,1808.49
2022-09-01,US,Austin,pm25,36,5.0,57.0,21.0,1726.5
2022-09-01,US,Honolulu,pm25,32,5.0,21.0,9.0,330.32
2022-09-01,US,Fresno,pm25,48,18.0,82.0,54.0,2193.17
2022-09-01,US,Milwaukee,pm25,141,22.0,46.0,31.0,277.3
2022-09-01,US,Hartford,pm25,48,11.0,35.0,18.0,578.28
2022-09-01,US,Washington D.C.,pm25,119,5.0,39.0,25.0,744.03
2022-09-01,US,Chicago,pm25,207,13.0,54.0,32.0,555.4
2022-09-01,US,Houston,pm25,93,5.0,80.0,42.0,2071.17
2022-09-01,US,Indianapolis,pm25,120,18.0,162.0,43.0,4426.13
2022-09-01,US,Atlanta,pm25,24,34.0,49.0,39.0,214.76
2022-09-01,US,Charlotte,pm25,71,21.0,59.0,35.0,682.94
2022-09-01,US,Sacramento,pm25,72,5.0,57.0,30.0,1184.07
2022-09-01,US,Oakland,pm25,119,13.0,61.0,38.0,1366.46
2022-09-01,US,Providence,pm25,35,5.0,53.0,9.0,1049.97
2022-09-01,US,Staten Island,pm25,120,4.0,47.0,21.0,1025.98
2022-09-01,US,Brooklyn,pm25,136,1.0,52.0,22.0,1255.19
2022-09-01,US,Springfield,pm25,72,32.0,57.0,41.0,561.62
2022-09-01,US,The Bronx,pm25,40,3.0,27.0,14.0,534.46
2022-09-01,US,San Jose,pm25,95,9.0,65.0,38.0,1704.56
2022-09-01,US,Los Angeles,pm25,48,53.0,72.0,60.0,202.91
2022-09-01,US,Detroit,pm25,97,17.0,59.0,30.0,1188.87
2022-09-01,US,Little Rock,pm25,24,3.0,67.0,36.0,2228.41
2022-09-01,US,Baltimore,pm25,47,17.0,93.0,30.0,1817.67
2022-09-01,US,Phoenix,pm25,191,1.0,59.0,17.0,895.94
2022-09-01,US,Omaha,pm25,47,9.0,59.0,25.0,1267.06
2022-09-01,US,El Paso,pm25,78,3.0,54.0,17.0,2188.33
2022-09-01,US,Dallas,pm25,20,5.0,38.0,13.0,1306.61
2022-09-01,US,Seattle,pm25,261,5.0,61.0,30.0,1576.19
2022-09-01,US,Manhattan,pm25,69,1.0,37.0,16.0,769.31
2022-09-01,US,Miami,pm25,94,15.0,41.0,24.0,261.18
2022-09-01,US,Jacksonville,pm25,142,7.0,53.0,25.0,677.98
2022-09-01,US,San Antonio,pm25,87,5.0,55.0,25.0,1592.82
2022-09-01,US,Philadelphia,pm25,84,2.0,114.0,31.0,4920.24
2022-09-01,US,San Diego,pm25,18,43.0,81.0,53.0,849.41
2022-09-01,US,Columbus,pm25,48,7.0,46.0,31.0,678.56
2022-09-01,US,Saint Paul,pm25,134,9.0,53.0,34.0,811.31
2022-09-01,US,Denver,pm25,150,13.0,53.0,30.0,611.05
2022-09-01,US,Salt Lake City,pm25,216,12.0,86.0,33.0,1562.53
2022-09-01,US,Albuquerque,pm25,72,14.0,36.0,23.0,374.86
2022-09-01,US,San Francisco,pm25,70,13.0,63.0,30.0,1167.29
2022-09-01,US,Salem,pm25,72,18.0,55.0,44.0,1203.75
2022-09-01,US,Madison,pm25,48,23.0,34.0,27.0,86.8
2022-09-01,US,Nashville,pm25,72,14.0,55.0,34.0,762.8
2022-09-01,US,Tucson,pm25,114,5.0,42.0,9.0,455.73
2022-09-01,US,Queens,pm25,95,1.0,47.0,20.0,1114.35
2022-09-01,US,Tallahassee,pm25,54,5.0,59.0,24.0,735.37
2022-09-01,US,Fort Worth,pm25,42,5.0,61.0,20.0,1700.24
2022-09-01,RS,Novi Sad,pm25,48,23.0,59.0,38.0,1177.55
2022-09-01,RS,Niš,pm25,48,32.0,88.0,59.0,1403.26
2022-09-01,RS,Belgrade,pm25,120,12.0,75.0,52.0,1957.88
2022-09-01,CY,Nicosia,pm25,24,54.0,84.0,69.0,458.97
2022-09-01,CY,Limassol,pm25,24,53.0,71.0,65.0,256.52
2022-09-01,HR,Zagreb,pm25,24,15.0,53.0,30.0,1336.45
2022-09-01,MK,Skopje,pm25,165,17.0,117.0,63.0,6179.35
2022-09-02,GE,Tbilisi,pm25,96,62.0,110.0,67.0,3129.82
2022-09-02,HU,Győr,pm25,46,17.0,57.0,34.0,1420.71
2022-09-02,HU,Szeged,pm25,14,17.0,42.0,30.0,503.79
2022-09-02,HU,Pécs,pm25,69,13.0,34.0,21.0,289.6
2022-09-02,HU,Kecskemét,pm25,38,9.0,30.0,21.0,485.46
2022-09-02,HU,Miskolc,pm25,101,9.0,50.0,30.0,889.1
2022-09-02,HU,Budapest,pm25,153,9.0,38.0,17.0,646.46
2022-09-02,JP,Fukuoka,pm25,382,5.0,61.0,21.0,1039.37
2022-09-02,JP,Kanazawa,pm25,198,5.0,42.0,13.0,456.65
2022-09-02,JP,Kumamoto,pm25,323,5.0,91.0,21.0,2730.56
2022-09-02,JP,Akita,pm25,36,5.0,87.0,17.0,2544.86
2022-09-02,JP,Kochi,pm25,43,5.0,42.0,17.0,1386.78
2022-09-02,JP,Gifu-shi,pm25,132,5.0,61.0,17.0,1913.76
2022-09-02,JP,Kyoto,pm25,532,5.0,57.0,21.0,1504.27
2022-09-02,JP,Hiroshima,pm25,242,5.0,74.0,13.0,1383.47
2022-09-02,JP,Shizuoka,pm25,212,5.0,63.0,13.0,1366.74
2022-09-02,JP,Chiba,pm25,668,5.0,428.0,17.0,6498.89
2022-09-02,JP,Sapporo,pm25,195,5.0,82.0,17.0,1492.5
2022-09-02,JP,Yokohama,pm25,481,1.0,53.0,13.0,1015.69
2022-09-02,JP,Tokyo,pm25,2450,1.0,63.0,17.0,737.64
2022-09-02,JP,Saitama,pm25,466,5.0,50.0,17.0,489.67
2022-09-02,JP,Naha,pm25,144,13.0,38.0,21.0,440.12
2022-09-02,JP,Nagasaki,pm25,174,5.0,65.0,21.0,1562.38
2022-09-02,JP,Toyama,pm25,168,5.0,68.0,17.0,1774.43
2022-09-02,JP,Niigata,pm25,202,5.0,34.0,13.0,422.74
2022-09-02,JP,Nara-shi,pm25,161,5.0,46.0,13.0,831.81
2022-09-02,JP,Okayama,pm25,107,5.0,42.0,13.0,503.12
2022-09-02,JP,Sendai,pm25,446,5.0,42.0,17.0,696.77
2022-09-02,JP,Osaka,pm25,1248,5.0,112.0,17.0,1570.63
2022-09-02,JP,Miyazaki,pm25,118,5.0,169.0,34.0,4879.68
2022-09-02,JP,Matsuyama,pm25,142,5.0,89.0,30.0,2885.23
2022-09-02,JP,Wakayama,pm25,261,5.0,87.0,17.0,1482.05
2022-09-02,JP,Takamatsu,pm25,202,5.0,50.0,17.0,835.68
2022-09-02,JP,Nagoya,pm25,642,1.0,97.0,17.0,1791.96
2022-09-02,JP,Ōita,pm25,216,5.0,65.0,25.0,2088.27
2022-09-02,JP,Kobe,pm25,383,5.0,132.0,17.0,2257.31
2022-09-02,JP,Nagano,pm25,54,5.0,34.0,9.0,459.73
2022-09-02,JP,Utsunomiya,pm25,401,5.0,46.0,17.0,1103.62
2022-09-02,JP,Kagoshima,pm25,80,5.0,55.0,17.0,759.49
2022-09-02,SK,Košice,pm25,96,5.0,152.0,38.0,8407.15
2022-09-02,SK,Bratislava,pm25,93,9.0,57.0,21.0,968.18
2022-09-02,FI,Vantaa,pm25,24,4.0,18.0,11.0,139.71
2022-09-02,FI,Turku,pm25,24,4.0,18.0,9.0,168.41
2022-09-02,FI,Helsinki,pm25,102,1.0,23.0,9.0,164.77
2022-09-02,FI,Tampere,pm25,93,4.0,15.0,6.0,59.69
2022-09-02,ET,Addis Ababa,pm25,24,74.0,170.0,114.0,10588.7
2022-09-02,CH,Zürich,pm25,22,2.0,4.0,2.0,4.52
2022-09-02,CO,Bogotá,pm25,295,9.0,147.0,58.0,6297.69
2022-09-02,CO,Medellín,pm25,312,21.0,89.0,66.0,1648.19
2022-09-02,DK,Copenhagen,pm25,24,5.0,60.0,29.0,2427.17
2022-09-02,GB,Edinburgh,pm25,278,5.0,56.0,17.0,758.25
2022-09-02,GB,Norwich,pm25,23,17.0,52.0,26.0,1251.78
2022-09-02,GB,Liverpool,pm25,44,23.0,63.0,41.0,705.52
2022-09-02,GB,Belfast,pm25,76,17.0,59.0,31.0,1042.6
2022-09-02,GB,Coventry,pm25,71,17.0,57.0,25.0,894.51
2022-09-02,GB,Leeds,pm25,43,17.0,80.0,30.0,1519.28
2022-09-02,GB,Cardiff,pm25,142,13.0,70.0,46.0,1504.92
2022-09-02,GB,Bristol,pm25,69,21.0,61.0,42.0,986.26
2022-09-02,GB,London,pm25,551,5.0,97.0,46.0,3234.21
2022-09-02,GB,Birmingham,pm25,48,23.0,57.0,34.0,871.84
2022-09-02,GB,Sheffield,pm25,77,25.0,68.0,42.0,931.88
2022-09-02,GB,Newport,pm25,37,17.0,34.0,28.0,232.31
2022-09-02,GB,Leicester,pm25,24,17.0,51.0,32.0,828.24
2022-09-02,GB,Manchester,pm25,81,25.0,57.0,42.0,452.25
2022-09-02,GB,Reading,pm25,48,13.0,42.0,25.0,700.69
2022-09-02,GB,Plymouth,pm25,42,38.0,70.0,53.0,638.03
2022-09-02,GB,Glasgow,pm25,562,11.0,48.0,17.0,271.88
2022-09-02,GB,Preston,pm25,44,17.0,46.0,34.0,538.08
2022-09-02,GB,Swansea,pm25,189,5.0,80.0,38.0,2095.69
2022-09-02,GB,Southend-on-Sea,pm25,43,30.0,82.0,42.0,2893.02
2022-09-02,ID,Jakarta,pm25,71,57.0,175.0,112.0,11306.1
2022-09-02,NP,Kathmandu,pm25,87,21.0,123.0,58.0,3343.56
2022-09-02,NP,Biratnagar,pm25,24,43.0,115.0,71.0,2430.27
2022-09-02,AU,Sydney,pm25,158,2.0,50.0,19.0,927.94
2022-09-02,AU,Newcastle,pm25,143,1.0,56.0,22.0,1031.95
2022-09-02,AU,Launceston,pm25,108,5.0,95.0,9.0,3339.82
2022-09-02,AU,Hobart,pm25,52,5.0,59.0,5.0,880.55
2022-09-02,AU,Darwin,pm25,72,4.0,55.0,31.0,1826.6
2022-09-02,AU,Melbourne,pm25,154,3.0,59.0,18.0,1588.46
2022-09-02,AU,Canberra,pm25,67,3.0,80.0,34.0,3908.4
2022-09-02,AU,Adelaide,pm25,94,1.0,38.0,17.0,651.7
2022-09-02,AU,Brisbane,pm25,213,1.0,58.0,30.0,2293.22
2022-09-02,AU,Perth,pm25,82,2.0,58.0,4.0,1276.84
2022-09-02,AU,Wollongong,pm25,42,1.0,107.0,18.0,5934.96
2022-09-02,CI,Abidjan,pm25,24,13.0,65.0,42.0,2535.87
2022-09-02,IQ,Baghdad,pm25,24,127.0,330.0,189.0,36003.5
2022-09-02,IS,Reykjavík,pm25,96,5.0,22.0,11.0,118.5
2022-09-02,KG,Bishkek,pm25,24,59.0,97.0,65.0,1277.32
2022-09-02,NL,Utrecht,pm25,48,14.0,95.0,31.0,1963.67
2022-09-02,NL,Nijmegen,pm25,48,2.0,45.0,25.0,1031.27
2022-09-02,NL,Haarlem,pm25,134,4.0,319.0,38.0,7659.74
2022-09-02,NL,Eindhoven,pm25,24,30.0,106.0,57.0,4474.18
2022-09-02,NL,Rotterdam,pm25,192,9.0,168.0,32.0,2742.68
2022-09-02,NL,Amsterdam,pm25,262,1.0,60.0,25.0,1171.89
2022-09-02,NL,Dordrecht,pm25,24,21.0,69.0,30.0,2133.91
2022-09-02,NL,Breda,pm25,24,12.0,73.0,33.0,2527.75
2022-09-02,NL,Groningen,pm25,48,7.0,61.0,28.0,1132.66
2022-09-02,NL,Maastricht,pm25,96,5.0,63.0,30.0,1346.42
2022-09-02,NL,The Hague,pm25,72,10.0,54.0,26.0,1208.45
2022-09-02,PT,Lisbon,pm25,71,9.0,22.0,15.0,86.82
2022-09-02,PT,Funchal,pm25,31,1.0,34.0,18.0,593.98
2022-09-02,CA,Hamilton,pm25,79,9.0,78.0,30.0,2426.12
2022-09-02,CA,Calgary,pm25,92,9.0,94.0,42.0,2449.46
2022-09-02,CA,Winnipeg,pm25,24,16.0,38.0,23.0,516.45
2022-09-02,CA,Halifax,pm25,46,7.0,28.0,14.0,380.77
2022-09-02,CA,Kitchener,pm25,41,9.0,72.0,30.0,2990.26
2022-09-02,CA,Edmonton,pm25,126,1.0,60.0,28.0,1993.13
2022-09-02,CA,Mississauga,pm25,71,9.0,61.0,34.0,2155.5
2022-09-02,CA,Québec,pm25,167,9.0,47.0,18.0,488.24
2022-09-02,CA,Vancouver,pm25,23,13.0,57.0,41.0,1673.83
2022-09-02,CA,Victoria,pm25,42,5.0,53.0,17.0,1510.15
2022-09-02,CA,Montréal,pm25,381,3.0,56.0,18.0,569.42
2022-09-02,CA,Toronto,pm25,135,5.0,85.0,25.0,2309.47
2022-09-02,CA,Ottawa,pm25,54,9.0,34.0,22.0,385.86
2022-09-02,CA,London,pm25,42,9.0,50.0,25.0,1252.96
2022-09-02,US,Oklahoma City,pm25,96,15.0,36.0,26.0,310.21
2022-09-02,US,Raleigh,pm25,71,17.0,68.0,44.0,1264.49
2022-09-02,US,Memphis,pm25,72,36.0,63.0,43.0,507.69
2022-09-02,US,Jackson,pm25,72,38.0,113.0,50.0,2157.45
2022-09-02,US,Boston,pm25,103,5.0,55.0,17.0,832.45
2022-09-02,US,Richmond,pm25,96,20.0,43.0,35.0,341.68
2022-09-02,US,Portland,pm25,168,5.0,74.0,52.0,2378.68
2022-09-02,US,Boise,pm25,46,56.0,99.0,75.0,1158.88
2022-09-02,US,Austin,pm25,46,5.0,59.0,30.0,1964.14
2022-09-02,US,Honolulu,pm25,35,5.0,34.0,13.0,598.99
2022-09-02,US,Fresno,pm25,48,14.0,96.0,62.0,4137.29
2022-09-02,US,Milwaukee,pm25,140,25.0,51.0,38.0,187.77
2022-09-02,US,Hartford,pm25,48,10.0,22.0,14.0,87.16
2022-09-02,US,Washington D.C.,pm25,117,5.0,50.0,23.0,792.01
2022-09-02,US,Chicago,pm25,220,14.0,55.0,35.0,437.45
2022-09-02,US,Houston,pm25,95,17.0,80.0,45.0,2919.42
2022-09-02,US,Indianapolis,pm25,120,8.0,105.0,43.0,2455.66
2022-09-02,US,Atlanta,pm25,24,19.0,40.0,24.0,512.1
2022-09-02,US,Charlotte,pm25,72,21.0,63.0,44.0,596.81
2022-09-02,US,Sacramento,pm25,71,5.0,74.0,25.0,3898.55
2022-09-02,US,Oakland,pm25,119,13.0,70.0,50.0,2365.74
2022-09-02,US,Providence,pm25,29,5.0,50.0,21.0,1647.51
2022-09-02,US,Staten Island,pm25,98,3.0,39.0,15.0,763.32
2022-09-02,US,Brooklyn,pm25,136,1.0,38.0,15.0,855.89
2022-09-02,US,Springfield,pm25,72,35.0,63.0,45.0,253.21
2022-09-02,US,The Bronx,pm25,42,1.0,20.0,9.0,345.12
2022-09-02,US,San Jose,pm25,90,5.0,78.0,42.0,3074.6
2022-09-02,US,Los Angeles,pm25,48,40.0,91.0,59.0,836.58
2022-09-02,US,Detroit,pm25,120,22.0,54.0,30.0,730.48
2022-09-02,US,Little Rock,pm25,24,18.0,59.0,43.0,1526.07
2022-09-02,US,Baltimore,pm25,48,9.0,38.0,22.0,460.41
2022-09-02,US,Phoenix,pm25,191,3.0,200.0,21.0,8614.42
2022-09-02,US,Omaha,pm25,37,5.0,34.0,21.0,544.37
2022-09-02,US,El Paso,pm25,117,1.0,65.0,17.0,2828.3
2022-09-02,US,Dallas,pm25,23,5.0,25.0,9.0,517.95
2022-09-02,US,Seattle,pm25,256,5.0,76.0,30.0,2818.41
2022-09-02,US,Manhattan,pm25,59,1.0,34.0,9.0,543.19
2022-09-02,US,Miami,pm25,94,15.0,42.0,23.0,282.98
2022-09-02,US,Jacksonville,pm25,144,8.0,47.0,25.0,455.93
2022-09-02,US,San Antonio,pm25,91,5.0,66.0,29.0,1795.4
2022-09-02,US,Philadelphia,pm25,91,1.0,50.0,19.0,709.74
2022-09-02,US,San Diego,pm25,24,30.0,59.0,53.0,1015.36
2022-09-02,US,Columbus,pm25,48,19.0,50.0,35.0,386.36
2022-09-02,US,Saint Paul,pm25,128,5.0,57.0,28.0,1067.4
2022-09-02,US,Denver,pm25,153,9.0,65.0,34.0,1025.19
2022-09-02,US,Salt Lake City,pm25,216,16.0,67.0,39.0,1494.91
2022-09-02,US,Albuquerque,pm25,72,11.0,55.0,27.0,1004.69
2022-09-02,US,San Francisco,pm25,72,9.0,93.0,42.0,3339.9
2022-09-02,US,Salem,pm25,72,14.0,63.0,45.0,2272.44
2022-09-02,US,Madison,pm25,47,28.0,58.0,40.0,646.81
2022-09-02,US,Nashville,pm25,71,9.0,53.0,36.0,892.76
2022-09-02,US,Tucson,pm25,139,5.0,61.0,9.0,805.14
2022-09-02,US,Queens,pm25,93,1.0,28.0,13.0,364.26
2022-09-02,US,Tallahassee,pm25,65,2.0,54.0,22.0,728.09
2022-09-02,US,Fort Worth,pm25,42,5.0,56.0,23.0,1833.8
2022-09-02,RS,Novi Sad,pm25,48,20.0,55.0,32.0,931.59
2022-09-02,RS,Niš,pm25,48,14.0,75.0,24.0,2930.7
2022-09-02,RS,Belgrade,pm25,120,10.0,70.0,37.0,2494.9
2022-09-02,CY,Nicosia,pm25,24,67.0,87.0,75.0,303.19
2022-09-02,CY,Limassol,pm25,24,57.0,78.0,70.0,339.93
2022-09-02,HR,Zagreb,pm25,24,23.0,59.0,33.0,1829.49
2022-09-02,MK,Skopje,pm25,156,1.0,108.0,50.0,8138.96
2022-09-03,GE,Tbilisi,pm25,96,65.0,113.0,70.0,2343.04
2022-09-03,HU,Győr,pm25,46,17.0,95.0,38.0,4009.43
2022-09-03,HU,Szeged,pm25,23,13.0,59.0,34.0,1739.68
2022-09-03,HU,Pécs,pm25,57,13.0,25.0,17.0,192.18
2022-09-03,HU,Kecskemét,pm25,40,25.0,42.0,30.0,323.97
2022-09-03,HU,Miskolc,pm25,112,13.0,55.0,30.0,1431.17
2022-09-03,HU,Budapest,pm25,221,17.0,65.0,34.0,1219.69
2022-09-03,JP,Fukuoka,pm25,391,5.0,72.0,30.0,1375.16
2022-09-03,JP,Kanazawa,pm25,220,5.0,53.0,21.0,1148.16
2022-09-03,JP,Kumamoto,pm25,286,5.0,72.0,17.0,1923.16
2022-09-03,JP,Akita,pm25,39,5.0,55.0,34.0,1447.81
2022-09-03,JP,Kochi,pm25,42,5.0,42.0,17.0,889.67
2022-09-03,JP,Gifu-shi,pm25,137,5.0,65.0,25.0,2182.08
2022-09-03,JP,Kyoto,pm25,549,5.0,65.0,25.0,1481.9
2022-09-03,JP,Hiroshima,pm25,272,5.0,74.0,25.0,2286.83
2022-09-03,JP,Shizuoka,pm25,239,5.0,72.0,21.0,1674.13
2022-09-03,JP,Chiba,pm25,752,5.0,102.0,25.0,3413.13
2022-09-03,JP,Sapporo,pm25,203,5.0,76.0,21.0,2040.23
2022-09-03,JP,Yokohama,pm25,499,1.0,78.0,30.0,2728.8
2022-09-03,JP,Tokyo,pm25,2525,1.0,119.0,25.0,1508.46
2022-09-03,JP,Saitama,pm25,492,5.0,57.0,25.0,1092.74
2022-09-03,JP,Naha,pm25,138,5.0,34.0,21.0,419.41
2022-09-03,JP,Nagasaki,pm25,186,5.0,61.0,25.0,1056.04
2022-09-03,JP,Toyama,pm25,182,5.0,76.0,21.0,1928.84
2022-09-03,JP,Niigata,pm25,208,9.0,42.0,21.0,482.74
2022-09-03,JP,Nara-shi,pm25,182,5.0,46.0,21.0,896.64
2022-09-03,JP,Okayama,pm25,166,9.0,59.0,30.0,1036.94
2022-09-03,JP,Sendai,pm25,458,5.0,57.0,21.0,565.07
2022-09-03,JP,Osaka,pm25,1352,5.0,107.0,21.0,1283.37
2022-09-03,JP,Miyazaki,pm25,114,5.0,59.0,25.0,3562.35
2022-09-03,JP,Matsuyama,pm25,155,5.0,82.0,38.0,3302.93
2022-09-03,JP,Wakayama,pm25,278,5.0,93.0,21.0,1421.46
2022-09-03,JP,Takamatsu,pm25,222,5.0,59.0,21.0,1394.49
2022-09-03,JP,Nagoya,pm25,731,1.0,89.0,21.0,1439.64
2022-09-03,JP,Ōita,pm25,233,5.0,59.0,30.0,1946.19
2022-09-03,JP,Kobe,pm25,416,5.0,104.0,21.0,1619.02
2022-09-03,JP,Nagano,pm25,54,5.0,46.0,13.0,1078.74
2022-09-03,JP,Utsunomiya,pm25,441,5.0,50.0,21.0,829.85
2022-09-03,JP,Kagoshima,pm25,80,5.0,59.0,13.0,987.95
2022-09-03,SK,Košice,pm25,94,9.0,82.0,25.0,3014.28
2022-09-03,SK,Bratislava,pm25,95,9.0,57.0,34.0,967.0
2022-09-03,FI,Vantaa,pm25,24,8.0,102.0,15.0,3645.2
2022-09-03,FI,Turku,pm25,24,5.0,21.0,10.0,221.29
2022-09-03,FI,Helsinki,pm25,120,3.0,30.0,10.0,186.01
2022-09-03,FI,Tampere,pm25,94,3.0,15.0,8.0,78.49
2022-09-03,ET,Addis Ababa,pm25,23,63.0,174.0,93.0,10779.9
2022-09-03,CH,Zürich,pm25,21,1.0,3.0,1.0,4.57
2022-09-03,CO,Bogotá,pm25,296,5.0,149.0,50.0,7818.73
2022-09-03,CO,Medellín,pm25,256,13.0,87.0,59.0,2030.54
2022-09-03,DK,Copenhagen,pm25,24,5.0,34.0,22.0,586.96
2022-09-03,GB,Edinburgh,pm25,287,20.0,78.0,43.0,896.28
2022-09-03,GB,Norwich,pm25,20,38.0,66.0,43.0,675.24
2022-09-03,GB,Liverpool,pm25,32,18.0,80.0,55.0,1370.47
2022-09-03,GB,Belfast,pm25,79,21.0,46.0,41.0,490.45
2022-09-03,GB,Coventry,pm25,48,19.0,92.0,55.0,3152.75
2022-09-03,GB,Leeds,pm25,42,34.0,82.0,59.0,1039.61
2022-09-03,GB,Cardiff,pm25,143,25.0,76.0,55.0,2019.17
2022-09-03,GB,Bristol,pm25,72,21.0,72.0,46.0,1499.15
2022-09-03,GB,London,pm25,565,5.0,124.0,55.0,4474.14
2022-09-03,GB,Birmingham,pm25,28,20.0,86.0,56.0,2529.79
2022-09-03,GB,Sheffield,pm25,79,36.0,95.0,61.0,1758.33
2022-09-03,GB,Newport,pm25,47,15.0,55.0,44.0,1756.27
2022-09-03,GB,Leicester,pm25,16,33.0,104.0,59.0,4807.83
2022-09-03,GB,Manchester,pm25,80,30.0,97.0,56.0,2606.52
2022-09-03,GB,Reading,pm25,48,21.0,82.0,53.0,2796.31
2022-09-03,GB,Plymouth,pm25,40,17.0,71.0,53.0,986.64
2022-09-03,GB,Glasgow,pm25,572,18.0,71.0,43.0,1168.16
2022-09-03,GB,Preston,pm25,40,30.0,87.0,53.0,2495.38
2022-09-03,GB,Swansea,pm25,191,5.0,74.0,42.0,2491.99
2022-09-03,GB,Southend-on-Sea,pm25,47,30.0,100.0,57.0,2454.15
2022-09-03,ID,Jakarta,pm25,70,21.0,155.0,85.0,15045.4
2022-09-03,NP,Kathmandu,pm25,92,25.0,106.0,65.0,2568.21
2022-09-03,NP,Biratnagar,pm25,24,18.0,82.0,62.0,1941.72
2022-09-03,AU,Sydney,pm25,152,1.0,97.0,13.0,1238.34
2022-09-03,AU,Newcastle,pm25,129,1.0,51.0,20.0,1142.24
2022-09-03,AU,Launceston,pm25,115,5.0,149.0,25.0,8903.38
2022-09-03,AU,Hobart,pm25,58,5.0,157.0,9.0,6464.54
2022-09-03,AU,Darwin,pm25,69,2.0,60.0,29.0,1683.23
2022-09-03,AU,Melbourne,pm25,161,1.0,76.0,22.0,1936.23
2022-09-03,AU,Canberra,pm25,58,1.0,60.0,12.0,2053.07
2022-09-03,AU,Adelaide,pm25,80,1.0,46.0,17.0,1077.41
2022-09-03,AU,Brisbane,pm25,202,1.0,129.0,11.0,1607.02
2022-09-03,AU,Perth,pm25,70,2.0,15.0,3.0,79.1
2022-09-03,AU,Wollongong,pm25,35,1.0,78.0,10.0,3590.79
2022-09-03,CI,Abidjan,pm25,24,25.0,102.0,50.0,2729.84
2022-09-03,IQ,Baghdad,pm25,24,149.0,267.0,168.0,9903.02
2022-09-03,IS,Reykjavík,pm25,96,6.0,35.0,14.0,312.44
2022-09-03,KG,Bishkek,pm25,24,57.0,99.0,61.0,1365.22
2022-09-03,NL,Utrecht,pm25,48,14.0,81.0,35.0,2310.14
2022-09-03,NL,Nijmegen,pm25,48,21.0,57.0,36.0,962.53
2022-09-03,NL,Haarlem,pm25,143,10.0,123.0,35.0,3424.41
2022-09-03,NL,Eindhoven,pm25,24,27.0,90.0,43.0,3214.71
2022-09-03,NL,Rotterdam,pm25,192,21.0,66.0,36.0,424.02
2022-09-03,NL,Amsterdam,pm25,263,2.0,79.0,28.0,1122.03
2022-09-03,NL,Dordrecht,pm25,24,22.0,61.0,42.0,1038.68
2022-09-03,NL,Breda,pm25,24,13.0,63.0,35.0,1854.13
2022-09-03,NL,Groningen,pm25,48,12.0,65.0,28.0,1306.06
2022-09-03,NL,Maastricht,pm25,89,5.0,173.0,30.0,4012.49
2022-09-03,NL,The Hague,pm25,72,10.0,59.0,37.0,1408.17
2022-09-03,PT,Lisbon,pm25,54,9.0,19.0,15.0,61.28
2022-09-03,PT,Funchal,pm25,54,1.0,32.0,18.0,1066.19
2022-09-03,CA,Hamilton,pm25,96,13.0,74.0,50.0,1454.84
2022-09-03,CA,Calgary,pm25,92,48.0,152.0,90.0,9821.37
2022-09-03,CA,Winnipeg,pm25,24,17.0,33.0,21.0,190.36
2022-09-03,CA,Halifax,pm25,46,9.0,23.0,14.0,87.09
2022-09-03,CA,Kitchener,pm25,46,13.0,78.0,53.0,1580.21
2022-09-03,CA,Edmonton,pm25,138,13.0,158.0,59.0,4450.53
2022-09-03,CA,Mississauga,pm25,72,21.0,76.0,46.0,1916.6
2022-09-03,CA,Québec,pm25,166,5.0,52.0,25.0,777.44
2022-09-03,CA,Vancouver,pm25,22,4.0,19.0,9.0,238.03
2022-09-03,CA,Victoria,pm25,35,5.0,21.0,13.0,264.34
2022-09-03,CA,Montréal,pm25,344,3.0,64.0,22.0,1019.91
2022-09-03,CA,Toronto,pm25,139,13.0,63.0,34.0,1367.04
2022-09-03,CA,Ottawa,pm25,71,17.0,50.0,27.0,374.96
2022-09-03,CA,London,pm25,47,9.0,93.0,42.0,4451.84
2022-09-03,US,Oklahoma City,pm25,96,18.0,40.0,25.0,270.1
2022-09-03,US,Raleigh,pm25,70,9.0,63.0,38.0,1263.64
2022-09-03,US,Memphis,pm25,70,13.0,59.0,40.0,1149.83
2022-09-03,US,Jackson,pm25,72,12.0,66.0,45.0,1823.71
2022-09-03,US,Boston,pm25,105,9.0,82.0,21.0,1190.21
2022-09-03,US,Richmond,pm25,96,18.0,40.0,32.0,305.67
2022-09-03,US,Portland,pm25,163,5.0,42.0,14.0,363.58
2022-09-03,US,Boise,pm25,48,9.0,72.0,55.0,3132.44
2022-09-03,US,Austin,pm25,44,9.0,50.0,25.0,1298.83
2022-09-03,US,Honolulu,pm25,33,5.0,38.0,13.0,746.72
2022-09-03,US,Fresno,pm25,48,10.0,69.0,39.0,2640.21
2022-09-03,US,Milwaukee,pm25,139,5.0,50.0,26.0,2364.19
2022-09-03,US,Hartford,pm25,48,11.0,30.0,17.0,245.46
2022-09-03,US,Washington D.C.,pm25,111,5.0,46.0,21.0,837.22
2022-09-03,US,Chicago,pm25,203,1.0,62.0,35.0,1498.05
2022-09-03,US,Houston,pm25,95,8.0,74.0,42.0,2403.63
2022-09-03,US,Indianapolis,pm25,120,9.0,84.0,48.0,2833.57
2022-09-03,US,Atlanta,pm25,24,18.0,30.0,23.0,66.36
2022-09-03,US,Charlotte,pm25,72,17.0,61.0,38.0,1160.97
2022-09-03,US,Sacramento,pm25,71,5.0,72.0,32.0,3351.61
2022-09-03,US,Oakland,pm25,119,5.0,63.0,38.0,1301.68
2022-09-03,US,Providence,pm25,28,5.0,42.0,13.0,1210.63
2022-09-03,US,Staten Island,pm25,104,1.0,45.0,21.0,1334.85
2022-09-03,US,Brooklyn,pm25,141,2.0,51.0,20.0,946.27
2022-09-03,US,Springfield,pm25,72,31.0,56.0,42.0,547.29
2022-09-03,US,The Bronx,pm25,48,2.0,28.0,6.0,339.84
2022-09-03,US,San Jose,pm25,94,5.0,72.0,34.0,2436.18
2022-09-03,US,Los Angeles,pm25,48,39.0,79.0,62.0,877.02
2022-09-03,US,Detroit,pm25,120,21.0,70.0,48.0,1044.3
2022-09-03,US,Little Rock,pm25,24,8.0,54.0,25.0,2426.96
2022-09-03,US,Baltimore,pm25,47,5.0,41.0,25.0,1102.97
2022-09-03,US,Phoenix,pm25,187,2.0,61.0,17.0,922.49
2022-09-03,US,Omaha,pm25,38,5.0,34.0,17.0,525.69
2022-09-03,US,El Paso,pm25,146,5.0,74.0,23.0,2866.16
2022-09-03,US,Dallas,pm25,24,5.0,42.0,17.0,1132.39
2022-09-03,US,Seattle,pm25,220,5.0,53.0,13.0,947.94
2022-09-03,US,Manhattan,pm25,69,2.0,41.0,15.0,838.9
2022-09-03,US,Miami,pm25,94,14.0,28.0,22.0,117.6
2022-09-03,US,Jacksonville,pm25,143,6.0,52.0,19.0,648.71
2022-09-03,US,San Antonio,pm25,90,1.0,60.0,20.0,1907.32
2022-09-03,US,Philadelphia,pm25,92,2.0,62.0,23.0,1180.07
2022-09-03,US,San Diego,pm25,24,13.0,53.0,25.0,2806.79
2022-09-03,US,Columbus,pm25,48,10.0,60.0,35.0,1487.38
2022-09-03,US,Saint Paul,pm25,134,5.0,25.0,15.0,242.05
2022-09-03,US,Denver,pm25,154,5.0,50.0,21.0,1274.69
2022-09-03,US,Salt Lake City,pm25,216,13.0,86.0,30.0,1092.93
2022-09-03,US,Albuquerque,pm25,72,15.0,41.0,26.0,441.34
2022-09-03,US,San Francisco,pm25,72,5.0,87.0,34.0,1804.97
2022-09-03,US,Salem,pm25,72,9.0,28.0,14.0,150.2
2022-09-03,US,Madison,pm25,48,12.0,50.0,30.0,1407.93
2022-09-03,US,Nashville,pm25,71,5.0,46.0,30.0,890.86
2022-09-03,US,Tucson,pm25,131,5.0,95.0,13.0,871.25
2022-09-03,US,Queens,pm25,93,2.0,40.0,15.0,566.62
2022-09-03,US,Tallahassee,pm25,72,8.0,54.0,23.0,517.08
2022-09-03,US,Fort Worth,pm25,46,5.0,60.0,32.0,1937.61
2022-09-03,RS,Novi Sad,pm25,48,16.0,69.0,34.0,1560.0
2022-09-03,RS,Niš,pm25,48,46.0,79.0,57.0,716.8
2022-09-03,RS,Belgrade,pm25,120,17.0,93.0,52.0,2802.79
2022-09-03,CY,Nicosia,pm25,24,61.0,86.0,73.0,370.42
2022-09-03,CY,Limassol,pm25,24,57.0,79.0,66.0,166.07
2022-09-03,HR,Zagreb,pm25,24,17.0,69.0,48.0,3017.32
2022-09-03,MK,Skopje,pm25,162,5.0,105.0,34.0,8358.65
2022-09-04,GE,Tbilisi,pm25,96,65.0,106.0,70.0,1538.25
2022-09-04,HU,Győr,pm25,48,13.0,74.0,53.0,1713.6
2022-09-04,HU,Szeged,pm25,23,13.0,55.0,38.0,1870.59
2022-09-04,HU,Pécs,pm25,57,17.0,38.0,25.0,450.0
2022-09-04,HU,Kecskemét,pm25,48,21.0,68.0,38.0,2141.97
2022-09-04,HU,Miskolc,pm25,110,13.0,63.0,30.0,1422.93
2022-09-04,HU,Budapest,pm25,228,21.0,61.0,38.0,738.67
2022-09-04,JP,Fukuoka,pm25,387,5.0,87.0,30.0,1898.84
2022-09-04,JP,Kanazawa,pm25,213,5.0,46.0,17.0,615.28
2022-09-04,JP,Kumamoto,pm25,310,5.0,80.0,21.0,2384.01
2022-09-04,JP,Akita,pm25,34,5.0,63.0,21.0,2364.54
2022-09-04,JP,Kochi,pm25,47,5.0,38.0,21.0,1016.88
2022-09-04,JP,Gifu-shi,pm25,143,5.0,72.0,25.0,2598.73
2022-09-04,JP,Kyoto,pm25,544,5.0,57.0,25.0,1407.07
2022-09-04,JP,Hiroshima,pm25,300,5.0,76.0,34.0,2248.45
2022-09-04,JP,Shizuoka,pm25,244,5.0,80.0,30.0,2222.37
2022-09-04,JP,Chiba,pm25,777,5.0,149.0,34.0,3220.45
2022-09-04,JP,Sapporo,pm25,202,5.0,93.0,30.0,2181.01
2022-09-04,JP,Yokohama,pm25,502,1.0,85.0,46.0,2959.43
2022-09-04,JP,Tokyo,pm25,2543,1.0,134.0,38.0,1651.34
2022-09-04,JP,Saitama,pm25,484,5.0,68.0,34.0,1094.06
2022-09-04,JP,Naha,pm25,132,34.0,55.0,42.0,561.05
2022-09-04,JP,Nagasaki,pm25,178,5.0,50.0,21.0,962.85
2022-09-04,JP,Toyama,pm25,168,5.0,65.0,21.0,1458.27
2022-09-04,JP,Niigata,pm25,199,5.0,34.0,17.0,399.31
2022-09-04,JP,Nara-shi,pm25,181,5.0,55.0,21.0,759.3
2022-09-04,JP,Okayama,pm25,280,5.0,55.0,21.0,808.16
2022-09-04,JP,Sendai,pm25,439,5.0,55.0,13.0,527.53
2022-09-04,JP,Osaka,pm25,1383,5.0,97.0,21.0,1270.72
2022-09-04,JP,Miyazaki,pm25,126,5.0,85.0,42.0,2967.78
2022-09-04,JP,Matsuyama,pm25,130,5.0,65.0,30.0,2846.81
2022-09-04,JP,Wakayama,pm25,276,5.0,85.0,21.0,1301.38
2022-09-04,JP,Takamatsu,pm25,218,5.0,166.0,17.0,1986.82
2022-09-04,JP,Nagoya,pm25,740,1.0,85.0,25.0,1779.26
2022-09-04,JP,Ōita,pm25,223,5.0,57.0,17.0,1153.96
2022-09-04,JP,Kobe,pm25,407,5.0,85.0,25.0,1030.49
2022-09-04,JP,Nagano,pm25,56,5.0,59.0,21.0,3359.97
2022-09-04,JP,Utsunomiya,pm25,441,5.0,72.0,30.0,925.86
2022-09-04,JP,Kagoshima,pm25,86,9.0,70.0,25.0,1679.28
2022-09-04,SK,Košice,pm25,94,9.0,76.0,30.0,1980.22
2022-09-04,SK,Bratislava,pm25,94,13.0,63.0,38.0,1194.72
2022-09-04,FI,Vantaa,pm25,24,4.0,45.0,14.0,831.01
2022-09-04,FI,Turku,pm25,24,4.0,22.0,13.0,207.81
2022-09-04,FI,Helsinki,pm25,119,3.0,28.0,9.0,173.72
2022-09-04,FI,Tampere,pm25,93,1.0,15.0,6.0,45.88
2022-09-04,ET,Addis Ababa,pm25,20,25.0,154.0,68.0,13030.8
2022-09-04,CH,Zürich,pm25,15,1.0,3.0,2.0,4.57
2022-09-04,CO,Bogotá,pm25,303,5.0,158.0,63.0,18714.3
2022-09-04,CO,Medellín,pm25,303,34.0,80.0,57.0,805.57
2022-09-04,DK,Copenhagen,pm25,24,10.0,43.0,20.0,979.71
2022-09-04,GB,Edinburgh,pm25,284,15.0,76.0,38.0,1568.69
2022-09-04,GB,Norwich,pm25,16,21.0,66.0,55.0,1278.29
2022-09-04,GB,Liverpool,pm25,42,24.0,59.0,38.0,981.49
2022-09-04,GB,Belfast,pm25,64,4.0,34.0,21.0,533.35
2022-09-04,GB,Coventry,pm25,45,21.0,54.0,34.0,1206.74
2022-09-04,GB,Leeds,pm25,42,21.0,59.0,53.0,624.04
2022-09-04,GB,Cardiff,pm25,137,5.0,57.0,30.0,1297.66
2022-09-04,GB,Bristol,pm25,67,13.0,46.0,25.0,703.7
2022-09-04,GB,London,pm25,550,5.0,96.0,38.0,2473.81
2022-09-04,GB,Birmingham,pm25,34,19.0,51.0,34.0,1001.36
2022-09-04,GB,Sheffield,pm25,84,26.0,68.0,46.0,928.0
2022-09-04,GB,Newport,pm25,44,13.0,30.0,23.0,154.05
2022-09-04,GB,Leicester,pm25,19,23.0,57.0,38.0,1484.33
2022-09-04,GB,Manchester,pm25,77,21.0,59.0,32.0,919.54
2022-09-04,GB,Reading,pm25,41,5.0,61.0,25.0,2810.61
2022-09-04,GB,Plymouth,pm25,41,17.0,55.0,34.0,796.24
2022-09-04,GB,Glasgow,pm25,572,3.0,59.0,27.0,2579.27
2022-09-04,GB,Preston,pm25,42,21.0,67.0,34.0,1650.44
2022-09-04,GB,Swansea,pm25,147,5.0,80.0,21.0,3622.92
2022-09-04,GB,Southend-on-Sea,pm25,42,20.0,84.0,42.0,3493.08
2022-09-04,ID,Jakarta,pm25,57,9.0,124.0,61.0,7846.47
2022-09-04,NP,Kathmandu,pm25,88,13.0,242.0,58.0,7113.09
2022-09-04,NP,Biratnagar,pm25,21,54.0,101.0,68.0,1068.62
2022-09-04,AU,Sydney,pm25,144,1.0,64.0,12.0,873.56
2022-09-04,AU,Newcastle,pm25,137,2.0,51.0,20.0,1007.01
2022-09-04,AU,Launceston,pm25,125,5.0,157.0,13.0,9539.82
2022-09-04,AU,Hobart,pm25,59,5.0,42.0,9.0,839.81
2022-09-04,AU,Darwin,pm25,70,3.0,80.0,43.0,2445.65
2022-09-04,AU,Melbourne,pm25,154,1.0,70.0,19.0,1986.66
2022-09-04,AU,Canberra,pm25,61,1.0,84.0,19.0,2997.85
2022-09-04,AU,Adelaide,pm25,86,2.0,38.0,17.0,634.24
2022-09-04,AU,Brisbane,pm25,209,1.0,36.0,11.0,623.28
2022-09-04,AU,Perth,pm25,72,2.0,10.0,3.0,31.11
2022-09-04,AU,Wollongong,pm25,37,2.0,43.0,14.0,1112.49
2022-09-04,CI,Abidjan,pm25,24,13.0,61.0,46.0,1547.81
2022-09-04,IQ,Baghdad,pm25,24,104.0,198.0,160.0,5015.63
2022-09-04,IS,Reykjavík,pm25,96,6.0,54.0,19.0,1260.45
2022-09-04,KG,Bishkek,pm25,24,57.0,99.0,68.0,964.28
2022-09-04,NL,Utrecht,pm25,48,9.0,123.0,56.0,4154.57
2022-09-04,NL,Nijmegen,pm25,48,8.0,59.0,29.0,1567.97
2022-09-04,NL,Haarlem,pm25,144,28.0,115.0,76.0,3611.95
2022-09-04,NL,Eindhoven,pm25,24,21.0,71.0,52.0,1531.72
2022-09-04,NL,Rotterdam,pm25,192,6.0,141.0,54.0,7383.36
2022-09-04,NL,Amsterdam,pm25,264,12.0,102.0,55.0,3219.68
2022-09-04,NL,Dordrecht,pm25,24,17.0,112.0,38.0,5208.62
2022-09-04,NL,Breda,pm25,24,7.0,72.0,36.0,3202.32
2022-09-04,NL,Groningen,pm25,48,7.0,59.0,34.0,1233.36
2022-09-04,NL,Maastricht,pm25,86,5.0,46.0,17.0,1109.42
2022-09-04,NL,The Hague,pm25,72,21.0,130.0,60.0,5330.35
2022-09-04,PT,Lisbon,pm25,18,11.0,33.0,19.0,427.32
2022-09-04,PT,Funchal,pm25,54,1.0,28.0,8.0,637.84
2022-09-04,CA,Hamilton,pm25,89,9.0,68.0,30.0,1954.03
2022-09-04,CA,Calgary,pm25,92,43.0,155.0,85.0,15964.1
2022-09-04,CA,Winnipeg,pm25,21,16.0,23.0,17.0,27.48
2022-09-04,CA,Halifax,pm25,46,9.0,24.0,16.0,76.39
2022-09-04,CA,Kitchener,pm25,46,9.0,76.0,34.0,4460.89
2022-09-04,CA,Edmonton,pm25,138,69.0,197.0,127.0,10156.3
2022-09-04,CA,Mississauga,pm25,61,5.0,50.0,17.0,1786.18
2022-09-04,CA,Québec,pm25,173,5.0,58.0,16.0,1300.62
2022-09-04,CA,Vancouver,pm25,22,7.0,30.0,15.0,572.66
2022-09-04,CA,Victoria,pm25,40,5.0,34.0,17.0,634.05
2022-09-04,CA,Montréal,pm25,332,3.0,47.0,12.0,878.49
2022-09-04,CA,Toronto,pm25,133,5.0,55.0,25.0,1220.36
2022-09-04,CA,Ottawa,pm25,48,5.0,55.0,12.0,591.63
2022-09-04,CA,London,pm25,46,9.0,95.0,53.0,3707.69
2022-09-04,US,Oklahoma City,pm25,96,16.0,45.0,27.0,450.31
2022-09-04,US,Raleigh,pm25,69,13.0,55.0,34.0,1150.63
2022-09-04,US,Memphis,pm25,71,15.0,56.0,35.0,837.37
2022-09-04,US,Jackson,pm25,72,13.0,44.0,37.0,693.24
2022-09-04,US,Boston,pm25,126,9.0,57.0,25.0,658.38
2022-09-04,US,Richmond,pm25,96,27.0,38.0,32.0,69.89
2022-09-04,US,Portland,pm25,167,5.0,50.0,14.0,622.38
2022-09-04,US,Boise,pm25,48,34.0,166.0,63.0,7035.59
2022-09-04,US,Austin,pm25,40,5.0,59.0,21.0,1855.38
2022-09-04,US,Honolulu,pm25,35,5.0,30.0,17.0,620.64
2022-09-04,US,Fresno,pm25,48,8.0,66.0,37.0,2798.14
2022-09-04,US,Milwaukee,pm25,140,5.0,40.0,18.0,614.17
2022-09-04,US,Hartford,pm25,47,12.0,48.0,26.0,951.67
2022-09-04,US,Washington D.C.,pm25,119,5.0,50.0,30.0,525.06
2022-09-04,US,Chicago,pm25,192,1.0,55.0,24.0,871.83
2022-09-04,US,Houston,pm25,96,13.0,59.0,37.0,988.87
2022-09-04,US,Indianapolis,pm25,120,6.0,56.0,30.0,944.92
2022-09-04,US,Atlanta,pm25,24,15.0,33.0,24.0,208.91
2022-09-04,US,Charlotte,pm25,71,5.0,46.0,21.0,668.95
2022-09-04,US,Sacramento,pm25,71,5.0,63.0,17.0,1100.95
2022-09-04,US,Oakland,pm25,118,13.0,85.0,34.0,2138.68
2022-09-04,US,Providence,pm25,32,9.0,61.0,21.0,1486.29
2022-09-04,US,Staten Island,pm25,115,2.0,59.0,24.0,1888.96
2022-09-04,US,Brooklyn,pm25,144,2.0,71.0,31.0,2079.86
2022-09-04,US,Springfield,pm25,72,18.0,56.0,30.0,917.08
2022-09-04,US,The Bronx,pm25,48,2.0,41.0,21.0,1587.8
2022-09-04,US,San Jose,pm25,95,5.0,63.0,30.0,1439.68
2022-09-04,US,Los Angeles,pm25,44,31.0,78.0,51.0,1023.48
2022-09-04,US,Detroit,pm25,120,25.0,65.0,41.0,823.86
2022-09-04,US,Little Rock,pm25,20,18.0,57.0,28.0,1248.92
2022-09-04,US,Baltimore,pm25,48,13.0,50.0,38.0,823.36
2022-09-04,US,Phoenix,pm25,190,2.0,46.0,20.0,626.17
2022-09-04,US,Omaha,pm25,45,5.0,55.0,25.0,1275.71
2022-09-04,US,El Paso,pm25,162,5.0,74.0,22.0,2793.86
2022-09-04,US,Dallas,pm25,23,5.0,34.0,21.0,658.93
2022-09-04,US,Seattle,pm25,249,5.0,53.0,17.0,882.62
2022-09-04,US,Manhattan,pm25,70,1.0,60.0,28.0,1802.69
2022-09-04,US,Miami,pm25,90,13.0,23.0,18.0,42.78
2022-09-04,US,Jacksonville,pm25,144,8.0,58.0,21.0,596.59
2022-09-04,US,San Antonio,pm25,92,1.0,55.0,31.0,1737.82
2022-09-04,US,Philadelphia,pm25,95,4.0,51.0,27.0,1125.03
2022-09-04,US,San Diego,pm25,23,15.0,47.0,18.0,638.1
2022-09-04,US,Columbus,pm25,48,9.0,44.0,30.0,789.36
2022-09-04,US,Saint Paul,pm25,127,5.0,42.0,13.0,344.43
2022-09-04,US,Denver,pm25,145,9.0,63.0,30.0,881.32
2022-09-04,US,Salt Lake City,pm25,216,20.0,54.0,30.0,526.13
2022-09-04,US,Albuquerque,pm25,72,23.0,53.0,33.0,605.34
2022-09-04,US,San Francisco,pm25,71,5.0,109.0,42.0,2236.73
2022-09-04,US,Salem,pm25,72,5.0,24.0,13.0,250.69
2022-09-04,US,Madison,pm25,48,6.0,51.0,20.0,1151.38
2022-09-04,US,Nashville,pm25,70,5.0,44.0,21.0,975.99
2022-09-04,US,Tucson,pm25,163,5.0,46.0,21.0,716.57
2022-09-04,US,Queens,pm25,96,7.0,63.0,33.0,1844.21
2022-09-04,US,Tallahassee,pm25,69,3.0,54.0,25.0,1015.95
2022-09-04,US,Fort Worth,pm25,47,5.0,53.0,28.0,1331.92
2022-09-04,RS,Novi Sad,pm25,48,37.0,96.0,61.0,1874.31
2022-09-04,RS,Niš,pm25,48,21.0,65.0,42.0,1316.74
2022-09-04,RS,Belgrade,pm25,120,22.0,103.0,56.0,4296.59
2022-09-04,CY,Nicosia,pm25,24,40.0,89.0,66.0,1273.91
2022-09-04,CY,Limassol,pm25,24,53.0,74.0,59.0,353.89
2022-09-04,HR,Zagreb,pm25,24,18.0,68.0,55.0,2456.94
2022-09-04,MK,Skopje,pm25,168,9.0,108.0,39.0,5463.94
2022-09-05,GE,Tbilisi,pm25,96,29.0,94.0,57.0,2315.16
2022-09-05,HU,Győr,pm25,48,13.0,74.0,57.0,3223.76
2022-09-05,HU,Szeged,pm25,23,21.0,68.0,42.0,1754.94
2022-09-05,HU,Pécs,pm25,55,17.0,50.0,25.0,1011.64
2022-09-05,HU,Kecskemét,pm25,46,21.0,59.0,38.0,1012.33
2022-09-05,HU,Miskolc,pm25,116,17.0,80.0,34.0,1951.05
2022-09-05,HU,Budapest,pm25,230,13.0,65.0,46.0,1146.25
2022-09-05,JP,Fukuoka,pm25,378,5.0,72.0,21.0,1012.09
2022-09-05,JP,Kanazawa,pm25,229,5.0,55.0,25.0,1012.49
2022-09-05,JP,Kumamoto,pm25,269,5.0,65.0,17.0,1329.74
2022-09-05,JP,Akita,pm25,30,5.0,55.0,17.0,1332.37
2022-09-05,JP,Kochi,pm25,47,5.0,42.0,21.0,996.02
2022-09-05,JP,Gifu-shi,pm25,134,5.0,68.0,34.0,2355.71
2022-09-05,JP,Kyoto,pm25,532,5.0,53.0,21.0,1014.43
2022-09-05,JP,Hiroshima,pm25,293,5.0,68.0,30.0,1706.75
2022-09-05,JP,Shizuoka,pm25,238,5.0,74.0,25.0,1850.87
2022-09-05,JP,Chiba,pm25,758,5.0,151.0,38.0,4030.19
2022-09-05,JP,Sapporo,pm25,205,5.0,57.0,21.0,981.35
2022-09-05,JP,Yokohama,pm25,516,1.0,93.0,46.0,2780.11
2022-09-05,JP,Tokyo,pm25,2566,5.0,159.0,34.0,1916.62
2022-09-05,JP,Saitama,pm25,478,5.0,72.0,30.0,1016.2
2022-09-05,JP,Naha,pm25,144,13.0,55.0,46.0,674.61
2022-09-05,JP,Nagasaki,pm25,172,5.0,63.0,17.0,956.97
2022-09-05,JP,Toyama,pm25,177,5.0,63.0,30.0,1683.72
2022-09-05,JP,Niigata,pm25,211,5.0,53.0,25.0,1029.28
2022-09-05,JP,Nara-shi,pm25,170,5.0,50.0,17.0,753.71
2022-09-05,JP,Okayama,pm25,263,5.0,46.0,21.0,671.22
2022-09-05,JP,Sendai,pm25,425,5.0,53.0,9.0,424.64
2022-09-05,JP,Osaka,pm25,1289,5.0,102.0,21.0,1329.99
2022-09-05,JP,Miyazaki,pm25,139,5.0,80.0,50.0,2150.08
2022-09-05,JP,Matsuyama,pm25,134,5.0,74.0,17.0,2885.53
2022-09-05,JP,Wakayama,pm25,265,5.0,102.0,21.0,1303.67
2022-09-05,JP,Takamatsu,pm25,203,5.0,38.0,13.0,646.68
2022-09-05,JP,Nagoya,pm25,743,5.0,89.0,21.0,1103.73
2022-09-05,JP,Ōita,pm25,212,5.0,61.0,17.0,852.51
2022-09-05,JP,Kobe,pm25,406,5.0,82.0,25.0,1294.4
2022-09-05,JP,Nagano,pm25,68,9.0,63.0,25.0,2980.31
2022-09-05,JP,Utsunomiya,pm25,452,5.0,61.0,30.0,1066.09
2022-09-05,JP,Kagoshima,pm25,95,5.0,74.0,30.0,1186.14
2022-09-05,SK,Košice,pm25,96,17.0,104.0,42.0,2750.32
2022-09-05,SK,Bratislava,pm25,96,17.0,78.0,50.0,1603.71
2022-09-05,FI,Vantaa,pm25,24,3.0,19.0,13.0,199.55
2022-09-05,FI,Turku,pm25,24,6.0,38.0,10.0,622.59
2022-09-05,FI,Helsinki,pm25,120,6.0,45.0,10.0,239.61
2022-09-05,FI,Tampere,pm25,96,3.0,21.0,8.0,146.94
2022-09-05,ET,Addis Ababa,pm25,24,55.0,172.0,97.0,13399.5
2022-09-05,CH,Zürich,pm25,24,1.0,4.0,3.0,6.94
2022-09-05,CO,Bogotá,pm25,311,21.0,174.0,91.0,17906.2
2022-09-05,CO,Medellín,pm25,314,34.0,99.0,65.0,1537.91
2022-09-05,DK,Copenhagen,pm25,23,8.0,44.0,24.0,922.37
2022-09-05,GB,Edinburgh,pm25,286,5.0,65.0,30.0,1890.59
2022-09-05,GB,Norwich,pm25,18,24.0,71.0,35.0,1471.54
2022-09-05,GB,Liverpool,pm25,38,8.0,50.0,30.0,661.05
2022-09-05,GB,Belfast,pm25,60,6.0,48.0,21.0,463.35
2022-09-05,GB,Coventry,pm25,56,7.0,30.0,24.0,261.25
2022-09-05,GB,Leeds,pm25,41,25.0,53.0,34.0,351.56
2022-09-05,GB,Cardiff,pm25,139,9.0,46.0,25.0,954.04
2022-09-05,GB,Bristol,pm25,64,9.0,59.0,21.0,851.71
2022-09-05,GB,London,pm25,520,5.0,68.0,29.0,1712.35
2022-09-05,GB,Birmingham,pm25,38,13.0,30.0,25.0,187.86
2022-09-05,GB,Sheffield,pm25,74,9.0,68.0,28.0,1242.99
2022-09-05,GB,Newport,pm25,47,12.0,30.0,19.0,338.4
2022-09-05,GB,Leicester,pm25,20,11.0,30.0,24.0,219.87
2022-09-05,GB,Manchester,pm25,83,11.0,50.0,25.0,765.97
2022-09-05,GB,Reading,pm25,39,5.0,50.0,13.0,975.52
2022-09-05,GB,Plymouth,pm25,43,9.0,50.0,38.0,1503.52
2022-09-05,GB,Glasgow,pm25,568,4.0,53.0,19.0,1387.01
2022-09-05,GB,Preston,pm25,32,7.0,38.0,21.0,474.59
2022-09-05,GB,Swansea,pm25,148,5.0,72.0,25.0,3077.65
2022-09-05,GB,Southend-on-Sea,pm25,36,23.0,73.0,30.0,1250.06
2022-09-05,ID,Jakarta,pm25,70,70.0,160.0,114.0,5975.25
2022-09-05,NP,Kathmandu,pm25,71,42.0,106.0,73.0,1815.9
2022-09-05,NP,Biratnagar,pm25,24,57.0,96.0,70.0,1564.28
2022-09-05,AU,Sydney,pm25,148,1.0,54.0,14.0,985.44
2022-09-05,AU,Newcastle,pm25,131,1.0,40.0,13.0,554.13
2022-09-05,AU,Launceston,pm25,110,5.0,68.0,9.0,1995.96
2022-09-05,AU,Hobart,pm25,60,5.0,38.0,13.0,942.58
2022-09-05,AU,Darwin,pm25,72,9.0,70.0,48.0,2054.08
2022-09-05,AU,Melbourne,pm25,161,1.0,55.0,26.0,1491.93
2022-09-05,AU,Canberra,pm25,64,1.0,134.0,21.0,5949.91
2022-09-05,AU,Adelaide,pm25,81,3.0,107.0,13.0,2267.37
2022-09-05,AU,Brisbane,pm25,216,1.0,65.0,19.0,843.09
2022-09-05,AU,Perth,pm25,71,2.0,9.0,4.0,21.55
2022-09-05,AU,Wollongong,pm25,33,2.0,75.0,16.0,2026.76
2022-09-05,CI,Abidjan,pm25,24,21.0,70.0,53.0,1463.19
2022-09-05,IQ,Baghdad,pm25,24,139.0,185.0,163.0,1186.94
2022-09-05,IS,Reykjavík,pm25,96,10.0,44.0,19.0,472.73
2022-09-05,KG,Bishkek,pm25,24,59.0,95.0,72.0,749.49
2022-09-05,NL,Utrecht,pm25,47,8.0,66.0,35.0,2217.66
2022-09-05,NL,Nijmegen,pm25,46,2.0,65.0,26.0,1826.2
2022-09-05,NL,Haarlem,pm25,144,3.0,93.0,49.0,2872.72
2022-09-05,NL,Eindhoven,pm25,23,17.0,73.0,62.0,2755.42
2022-09-05,NL,Rotterdam,pm25,192,4.0,102.0,33.0,1481.67
2022-09-05,NL,Amsterdam,pm25,261,2.0,94.0,38.0,2467.05
2022-09-05,NL,Dordrecht,pm25,23,9.0,50.0,30.0,1251.58
2022-09-05,NL,Breda,pm25,24,14.0,139.0,43.0,6537.23
2022-09-05,NL,Groningen,pm25,48,30.0,70.0,51.0,1054.82
2022-09-05,NL,Maastricht,pm25,86,5.0,55.0,25.0,1161.62
2022-09-05,NL,The Hague,pm25,72,6.0,86.0,37.0,2182.67
2022-09-05,PT,Lisbon,pm25,38,10.0,43.0,20.0,721.05
2022-09-05,PT,Funchal,pm25,52,1.0,17.0,10.0,210.06
2022-09-05,CA,Hamilton,pm25,82,5.0,61.0,13.0,1213.88
2022-09-05,CA,Calgary,pm25,92,15.0,138.0,38.0,7660.89
2022-09-05,CA,Winnipeg,pm25,5,17.0,18.0,17.0,3.0
2022-09-05,CA,Halifax,pm25,46,12.0,25.0,18.0,131.99
2022-09-05,CA,Kitchener,pm25,47,9.0,38.0,17.0,441.51
2022-09-05,CA,Edmonton,pm25,119,2.0,208.0,16.0,34090.6
2022-09-05,CA,Mississauga,pm25,48,5.0,55.0,13.0,1816.7
2022-09-05,CA,Québec,pm25,155,7.0,55.0,16.0,1627.4
2022-09-05,CA,Vancouver,pm25,23,6.0,14.0,10.0,46.92
2022-09-05,CA,Victoria,pm25,43,5.0,63.0,13.0,981.3
2022-09-05,CA,Montréal,pm25,303,3.0,24.0,15.0,206.48
2022-09-05,CA,Toronto,pm25,104,5.0,42.0,9.0,502.67
2022-09-05,CA,Ottawa,pm25,58,9.0,34.0,18.0,358.67
2022-09-05,CA,London,pm25,39,5.0,55.0,21.0,2550.94
2022-09-05,US,Oklahoma City,pm25,96,20.0,62.0,35.0,746.17
2022-09-05,US,Raleigh,pm25,70,5.0,53.0,25.0,1117.53
2022-09-05,US,Memphis,pm25,72,30.0,53.0,42.0,298.28
2022-09-05,US,Jackson,pm25,71,20.0,60.0,42.0,890.22
2022-09-05,US,Boston,pm25,128,5.0,42.0,21.0,384.95
2022-09-05,US,Richmond,pm25,96,23.0,32.0,25.0,57.89
2022-09-05,US,Portland,pm25,162,5.0,25.0,11.0,98.18
2022-09-05,US,Boise,pm25,48,34.0,99.0,70.0,2667.22
2022-09-05,US,Austin,pm25,40,5.0,59.0,21.0,2633.58
2022-09-05,US,Honolulu,pm25,38,5.0,42.0,17.0,830.96
2022-09-05,US,Fresno,pm25,48,18.0,87.0,54.0,3545.95
2022-09-05,US,Milwaukee,pm25,141,8.0,56.0,18.0,634.16
2022-09-05,US,Hartford,pm25,48,10.0,51.0,30.0,1097.83
2022-09-05,US,Washington D.C.,pm25,120,5.0,53.0,25.0,619.12
2022-09-05,US,Chicago,pm25,192,7.0,60.0,22.0,1037.93
2022-09-05,US,Houston,pm25,96,5.0,51.0,29.0,946.92
2022-09-05,US,Indianapolis,pm25,120,24.0,61.0,35.0,610.45
2022-09-05,US,Atlanta,pm25,24,18.0,40.0,25.0,312.1
2022-09-05,US,Charlotte,pm25,72,9.0,61.0,21.0,759.88
2022-09-05,US,Sacramento,pm25,72,5.0,65.0,25.0,2267.13
2022-09-05,US,Oakland,pm25,120,9.0,70.0,46.0,1857.19
2022-09-05,US,Providence,pm25,23,5.0,34.0,13.0,637.83
2022-09-05,US,Staten Island,pm25,120,7.0,57.0,37.0,1471.75
2022-09-05,US,Brooklyn,pm25,142,15.0,64.0,38.0,1242.65
2022-09-05,US,Springfield,pm25,72,23.0,58.0,37.0,724.72
2022-09-05,US,The Bronx,pm25,48,15.0,49.0,29.0,693.62
2022-09-05,US,San Jose,pm25,96,9.0,104.0,38.0,3011.89
2022-09-05,US,Los Angeles,pm25,48,23.0,61.0,47.0,1201.63
2022-09-05,US,Detroit,pm25,120,21.0,80.0,52.0,1771.76
2022-09-05,US,Little Rock,pm25,23,14.0,60.0,47.0,2700.43
2022-09-05,US,Baltimore,pm25,47,9.0,42.0,28.0,737.31
2022-09-05,US,Phoenix,pm25,178,6.0,55.0,28.0,917.02
2022-09-05,US,Omaha,pm25,47,5.0,46.0,21.0,1037.31
2022-09-05,US,El Paso,pm25,161,2.0,75.0,22.0,3359.69
2022-09-05,US,Dallas,pm25,22,5.0,30.0,17.0,382.62
2022-09-05,US,Seattle,pm25,239,5.0,34.0,17.0,446.18
2022-09-05,US,Manhattan,pm25,70,2.0,66.0,29.0,2115.0
2022-09-05,US,Miami,pm25,93,12.0,54.0,18.0,364.88
2022-09-05,US,Jacksonville,pm25,144,11.0,56.0,28.0,732.54
2022-09-05,US,San Antonio,pm25,93,1.0,378.0,30.0,14638.3
2022-09-05,US,Philadelphia,pm25,68,8.0,54.0,24.0,997.14
2022-09-05,US,San Diego,pm25,24,18.0,39.0,29.0,582.01
2022-09-05,US,Columbus,pm25,46,2.0,52.0,14.0,2129.76
2022-09-05,US,Saint Paul,pm25,142,5.0,39.0,25.0,392.9
2022-09-05,US,Denver,pm25,133,9.0,46.0,30.0,557.22
2022-09-05,US,Salt Lake City,pm25,216,19.0,66.0,37.0,809.74
2022-09-05,US,Albuquerque,pm25,72,23.0,54.0,33.0,549.39
2022-09-05,US,San Francisco,pm25,72,25.0,72.0,50.0,1251.78
2022-09-05,US,Salem,pm25,72,8.0,38.0,10.0,194.37
2022-09-05,US,Madison,pm25,48,16.0,41.0,23.0,445.53
2022-09-05,US,Nashville,pm25,69,5.0,48.0,28.0,1036.05
2022-09-05,US,Tucson,pm25,155,5.0,42.0,17.0,681.8
2022-09-05,US,Queens,pm25,96,3.0,57.0,38.0,1214.53
2022-09-05,US,Tallahassee,pm25,70,9.0,58.0,27.0,821.73
2022-09-05,US,Fort Worth,pm25,45,5.0,51.0,25.0,1113.64
2022-09-05,RS,Novi Sad,pm25,48,21.0,94.0,53.0,4020.7
2022-09-05,RS,Niš,pm25,48,16.0,53.0,35.0,985.67
2022-09-05,RS,Belgrade,pm25,120,23.0,101.0,47.0,2463.44
2022-09-05,CY,Nicosia,pm25,24,59.0,110.0,75.0,1410.85
2022-09-05,CY,Limassol,pm25,24,58.0,79.0,72.0,357.66
2022-09-05,HR,Zagreb,pm25,24,42.0,74.0,60.0,537.23
2022-09-05,MK,Skopje,pm25,152,1.0,82.0,33.0,2340.87
2022-09-06,GE,Tbilisi,pm25,96,23.0,46.0,36.0,323.99
2022-09-06,HU,Győr,pm25,48,9.0,74.0,53.0,3495.04
2022-09-06,HU,Szeged,pm25,24,25.0,70.0,50.0,1669.98
2022-09-06,HU,Pécs,pm25,66,25.0,50.0,34.0,520.39
2022-09-06,HU,Kecskemét,pm25,48,21.0,59.0,46.0,1585.94
2022-09-06,HU,Miskolc,pm25,112,21.0,68.0,42.0,1181.94
2022-09-06,HU,Budapest,pm25,253,9.0,57.0,38.0,807.83
2022-09-06,JP,Fukuoka,pm25,377,5.0,95.0,21.0,1389.36
2022-09-06,JP,Kanazawa,pm25,201,5.0,55.0,13.0,1377.8
2022-09-06,JP,Kumamoto,pm25,300,5.0,70.0,21.0,1816.01
2022-09-06,JP,Akita,pm25,37,5.0,107.0,25.0,4954.52
2022-09-06,JP,Kochi,pm25,48,9.0,55.0,34.0,1561.26
2022-09-06,JP,Gifu-shi,pm25,129,5.0,70.0,21.0,2138.83
2022-09-06,JP,Kyoto,pm25,532,5.0,57.0,17.0,1275.03
2022-09-06,JP,Hiroshima,pm25,273,5.0,63.0,21.0,2253.73
2022-09-06,JP,Shizuoka,pm25,209,5.0,74.0,13.0,1370.26
2022-09-06,JP,Chiba,pm25,682,5.0,107.0,17.0,2289.7
2022-09-06,JP,Sapporo,pm25,204,5.0,65.0,21.0,1145.43
2022-09-06,JP,Yokohama,pm25,505,1.0,53.0,17.0,1052.99
2022-09-06,JP,Tokyo,pm25,2486,5.0,107.0,21.0,1579.66
2022-09-06,JP,Saitama,pm25,460,5.0,59.0,21.0,2120.95
2022-09-06,JP,Naha,pm25,144,13.0,50.0,38.0,1314.69
2022-09-06,JP,Nagasaki,pm25,152,5.0,59.0,21.0,1322.88
2022-09-06,JP,Toyama,pm25,168,5.0,999.0,21.0,114436.0
2022-09-06,JP,Niigata,pm25,213,9.0,68.0,30.0,1106.83
2022-09-06,JP,Nara-shi,pm25,172,5.0,38.0,17.0,528.94
2022-09-06,JP,Okayama,pm25,269,5.0,70.0,17.0,1378.87
2022-09-06,JP,Sendai,pm25,423,5.0,57.0,21.0,868.26
2022-09-06,JP,Osaka,pm25,1261,5.0,93.0,17.0,1134.86
2022-09-06,JP,Miyazaki,pm25,133,5.0,104.0,53.0,3153.86
2022-09-06,JP,Matsuyama,pm25,145,5.0,95.0,25.0,2641.36
2022-09-06,JP,Wakayama,pm25,268,5.0,173.0,17.0,3672.86
2022-09-06,JP,Takamatsu,pm25,204,5.0,59.0,13.0,1312.35
2022-09-06,JP,Nagoya,pm25,679,5.0,65.0,13.0,740.52
2022-09-06,JP,Ōita,pm25,212,5.0,57.0,17.0,1307.34
2022-09-06,JP,Kobe,pm25,419,5.0,104.0,25.0,1465.12
2022-09-06,JP,Nagano,pm25,62,9.0,55.0,21.0,1104.96
2022-09-06,JP,Utsunomiya,pm25,427,5.0,55.0,21.0,1099.21
2022-09-06,JP,Kagoshima,pm25,91,5.0,80.0,34.0,1916.96
2022-09-06,SK,Košice,pm25,95,34.0,104.0,50.0,1012.48
2022-09-06,SK,Bratislava,pm25,94,9.0,68.0,38.0,1681.46
2022-09-06,FI,Vantaa,pm25,24,4.0,30.0,14.0,558.84
2022-09-06,FI,Turku,pm25,23,5.0,28.0,12.0,464.82
2022-09-06,FI,Helsinki,pm25,118,3.0,29.0,13.0,210.51
2022-09-06,FI,Tampere,pm25,93,3.0,20.0,11.0,96.45
2022-09-06,ET,Addis Ababa,pm25,24,53.0,199.0,112.0,21580.3
2022-09-06,CH,Zürich,pm25,24,1.0,4.0,3.0,6.5
2022-09-06,CO,Bogotá,pm25,311,9.0,139.0,57.0,3998.57
2022-09-06,CO,Medellín,pm25,305,58.0,112.0,78.0,1091.02
2022-09-06,DK,Copenhagen,pm25,11,9.0,22.0,15.0,158.73
2022-09-06,GB,Edinburgh,pm25,279,5.0,72.0,17.0,2198.7
2022-09-06,GB,Norwich,pm25,17,19.0,37.0,26.0,176.4
2022-09-06,GB,Liverpool,pm25,41,8.0,53.0,25.0,941.99
2022-09-06,GB,Belfast,pm25,43,16.0,35.0,28.0,231.58
2022-09-06,GB,Coventry,pm25,62,5.0,44.0,19.0,786.06
2022-09-06,GB,Leeds,pm25,38,11.0,65.0,34.0,1641.32
2022-09-06,GB,Cardiff,pm25,144,13.0,139.0,25.0,5851.47
2022-09-06,GB,Bristol,pm25,64,5.0,46.0,25.0,805.67
2022-09-06,GB,London,pm25,504,1.0,93.0,25.0,1949.82
2022-09-06,GB,Birmingham,pm25,45,7.0,37.0,21.0,326.18
2022-09-06,GB,Sheffield,pm25,71,6.0,61.0,27.0,2199.32
2022-09-06,GB,Newport,pm25,41,13.0,27.0,21.0,120.39
2022-09-06,GB,Leicester,pm25,19,7.0,48.0,23.0,1715.91
2022-09-06,GB,Manchester,pm25,81,5.0,50.0,28.0,1658.64
2022-09-06,GB,Reading,pm25,37,5.0,42.0,13.0,982.78
2022-09-06,GB,Plymouth,pm25,46,17.0,52.0,34.0,867.4
2022-09-06,GB,Glasgow,pm25,571,5.0,53.0,19.0,1342.86
2022-09-06,GB,Preston,pm25,35,8.0,33.0,17.0,252.22
2022-09-06,GB,Swansea,pm25,178,5.0,97.0,30.0,3056.29
2022-09-06,GB,Southend-on-Sea,pm25,38,15.0,48.0,27.0,653.46
2022-09-06,ID,Jakarta,pm25,71,38.0,164.0,88.0,10740.8
2022-09-06,NP,Kathmandu,pm25,87,30.0,98.0,65.0,2267.18
2022-09-06,NP,Biratnagar,pm25,24,34.0,119.0,59.0,3473.84
2022-09-06,AU,Sydney,pm25,146,1.0,64.0,13.0,1003.63
2022-09-06,AU,Newcastle,pm25,133,2.0,50.0,16.0,1065.6
2022-09-06,AU,Launceston,pm25,126,5.0,184.0,25.0,12361.5
2022-09-06,AU,Hobart,pm25,63,5.0,59.0,13.0,1726.55
2022-09-06,AU,Darwin,pm25,72,6.0,86.0,45.0,2539.87
2022-09-06,AU,Melbourne,pm25,158,1.0,66.0,32.0,2128.4
2022-09-06,AU,Canberra,pm25,48,1.0,56.0,14.0,2271.42
2022-09-06,AU,Adelaide,pm25,84,3.0,70.0,13.0,1980.33
2022-09-06,AU,Brisbane,pm25,215,1.0,60.0,24.0,1026.05
2022-09-06,AU,Perth,pm25,65,2.0,15.0,4.0,82.99
2022-09-06,AU,Wollongong,pm25,31,1.0,62.0,12.0,1536.47
2022-09-06,CI,Abidjan,pm25,22,5.0,72.0,34.0,3058.98
2022-09-06,IQ,Baghdad,pm25,24,156.0,286.0,181.0,11657.7
2022-09-06,IS,Reykjavík,pm25,96,9.0,58.0,20.0,1204.4
2022-09-06,KG,Bishkek,pm25,24,59.0,87.0,65.0,481.45
2022-09-06,NL,Utrecht,pm25,48,5.0,67.0,31.0,2326.02
2022-09-06,NL,Nijmegen,pm25,48,2.0,53.0,28.0,1569.64
2022-09-06,NL,Haarlem,pm25,131,1.0,66.0,32.0,2127.97
2022-09-06,NL,Eindhoven,pm25,24,14.0,76.0,47.0,2612.59
2022-09-06,NL,Rotterdam,pm25,190,1.0,58.0,25.0,1302.56
2022-09-06,NL,Amsterdam,pm25,254,1.0,73.0,28.0,1662.41
2022-09-06,NL,Dordrecht,pm25,24,5.0,59.0,21.0,2465.14
2022-09-06,NL,Breda,pm25,24,8.0,72.0,34.0,2480.22
2022-09-06,NL,Groningen,pm25,48,36.0,81.0,53.0,822.91
2022-09-06,NL,Maastricht,pm25,69,5.0,80.0,17.0,2149.1
2022-09-06,NL,The Hague,pm25,70,1.0,50.0,25.0,1438.93
2022-09-06,PT,Lisbon,pm25,46,11.0,48.0,18.0,844.21
2022-09-06,PT,Funchal,pm25,63,1.0,26.0,12.0,472.68
2022-09-06,CA,Hamilton,pm25,69,9.0,42.0,17.0,890.42
2022-09-06,CA,Calgary,pm25,92,10.0,95.0,40.0,3503.5
2022-09-06,CA,Winnipeg,pm25,15,17.0,110.0,75.0,9435.43
2022-09-06,CA,Halifax,pm25,45,10.0,20.0,13.0,46.34
2022-09-06,CA,Kitchener,pm25,31,5.0,34.0,9.0,381.31
2022-09-06,CA,Edmonton,pm25,104,1.0,56.0,11.0,1297.47
2022-09-06,CA,Mississauga,pm25,59,5.0,55.0,17.0,2055.07
2022-09-06,CA,Québec,pm25,155,9.0,61.0,18.0,1636.38
2022-09-06,CA,Vancouver,pm25,23,8.0,26.0,9.0,381.3
2022-09-06,CA,Victoria,pm25,44,5.0,63.0,21.0,1764.41
2022-09-06,CA,Montréal,pm25,354,3.0,53.0,18.0,713.09
2022-09-06,CA,Toronto,pm25,125,5.0,65.0,13.0,1484.1
2022-09-06,CA,Ottawa,pm25,53,9.0,34.0,18.0,216.52
2022-09-06,CA,London,pm25,31,5.0,46.0,17.0,1082.26
2022-09-06,US,Oklahoma City,pm25,94,25.0,53.0,36.0,526.91
2022-09-06,US,Raleigh,pm25,65,9.0,59.0,30.0,1322.2
2022-09-06,US,Memphis,pm25,72,26.0,55.0,40.0,538.77
2022-09-06,US,Jackson,pm25,72,29.0,70.0,45.0,728.35
2022-09-06,US,Boston,pm25,109,5.0,42.0,17.0,465.9
2022-09-06,US,Richmond,pm25,96,7.0,28.0,18.0,444.0
2022-09-06,US,Portland,pm25,165,5.0,42.0,16.0,296.66
2022-09-06,US,Boise,pm25,48,42.0,91.0,65.0,1093.72
2022-09-06,US,Austin,pm25,40,5.0,53.0,25.0,1574.85
2022-09-06,US,Honolulu,pm25,44,5.0,42.0,17.0,864.29
2022-09-06,US,Fresno,pm25,48,31.0,91.0,60.0,2442.87
2022-09-06,US,Milwaukee,pm25,144,13.0,63.0,24.0,873.14
2022-09-06,US,Hartford,pm25,48,5.0,18.0,9.0,116.1
2022-09-06,US,Washington D.C.,pm25,104,5.0,42.0,13.0,495.93
2022-09-06,US,Chicago,pm25,206,8.0,65.0,26.0,1125.79
2022-09-06,US,Houston,pm25,95,2.0,70.0,26.0,2695.89
2022-09-06,US,Indianapolis,pm25,118,16.0,65.0,39.0,1313.03
2022-09-06,US,Atlanta,pm25,24,31.0,56.0,42.0,453.91
2022-09-06,US,Charlotte,pm25,66,5.0,42.0,21.0,518.3
2022-09-06,US,Sacramento,pm25,72,17.0,72.0,42.0,1461.59
2022-09-06,US,Oakland,pm25,120,13.0,82.0,55.0,1620.33
2022-09-06,US,Providence,pm25,17,5.0,21.0,9.0,195.29
2022-09-06,US,Staten Island,pm25,111,1.0,104.0,25.0,3231.77
2022-09-06,US,Brooklyn,pm25,126,2.0,63.0,23.0,1676.84
2022-09-06,US,Springfield,pm25,72,28.0,53.0,35.0,512.61
2022-09-06,US,The Bronx,pm25,46,2.0,31.0,13.0,837.26
2022-09-06,US,San Jose,pm25,86,13.0,89.0,50.0,2465.06
2022-09-06,US,Los Angeles,pm25,45,29.0,70.0,52.0,993.31
2022-09-06,US,Detroit,pm25,131,15.0,58.0,25.0,515.52
2022-09-06,US,Little Rock,pm25,22,11.0,53.0,36.0,1662.53
2022-09-06,US,Baltimore,pm25,35,5.0,27.0,13.0,371.23
2022-09-06,US,Phoenix,pm25,182,5.0,56.0,21.0,1156.51
2022-09-06,US,Omaha,pm25,47,5.0,46.0,25.0,950.55
2022-09-06,US,El Paso,pm25,159,5.0,72.0,30.0,3237.41
2022-09-06,US,Dallas,pm25,20,9.0,42.0,21.0,647.24
2022-09-06,US,Seattle,pm25,260,9.0,57.0,25.0,1381.99
2022-09-06,US,Manhattan,pm25,59,1.0,51.0,20.0,1952.62
2022-09-06,US,Miami,pm25,94,12.0,34.0,18.0,255.96
2022-09-06,US,Jacksonville,pm25,141,5.0,64.0,30.0,1202.49
2022-09-06,US,San Antonio,pm25,92,2.0,60.0,27.0,1518.14
2022-09-06,US,Philadelphia,pm25,84,1.0,57.0,18.0,967.14
2022-09-06,US,San Diego,pm25,24,35.0,53.0,41.0,300.58
2022-09-06,US,Columbus,pm25,48,6.0,33.0,22.0,444.1
2022-09-06,US,Saint Paul,pm25,140,5.0,78.0,32.0,1314.85
2022-09-06,US,Denver,pm25,157,21.0,82.0,42.0,2380.0
2022-09-06,US,Salt Lake City,pm25,216,18.0,78.0,39.0,1591.92
2022-09-06,US,Albuquerque,pm25,72,22.0,56.0,30.0,712.91
2022-09-06,US,San Francisco,pm25,70,17.0,112.0,55.0,3114.83
2022-09-06,US,Salem,pm25,72,10.0,132.0,18.0,2055.49
2022-09-06,US,Madison,pm25,48,15.0,83.0,23.0,1471.8
2022-09-06,US,Nashville,pm25,72,5.0,74.0,38.0,1622.96
2022-09-06,US,Tucson,pm25,139,5.0,34.0,17.0,663.76
2022-09-06,US,Queens,pm25,85,1.0,47.0,23.0,1138.45
2022-09-06,US,Tallahassee,pm25,72,12.0,69.0,34.0,1187.17
2022-09-06,US,Fort Worth,pm25,45,5.0,91.0,30.0,3287.65
2022-09-06,RS,Novi Sad,pm25,48,30.0,96.0,59.0,3949.14
2022-09-06,RS,Niš,pm25,48,16.0,59.0,32.0,1064.11
2022-09-06,RS,Belgrade,pm25,120,20.0,87.0,55.0,2972.38
2022-09-06,CY,Nicosia,pm25,24,63.0,99.0,80.0,1034.33
2022-09-06,CY,Limassol,pm25,24,70.0,91.0,79.0,317.1
2022-09-06,HR,Zagreb,pm25,24,21.0,88.0,57.0,5012.59
2022-09-06,MK,Skopje,pm25,141,1.0,87.0,42.0,3671.42
2022-09-07,GE,Tbilisi,pm25,96,36.0,65.0,41.0,726.74
2022-09-07,HU,Győr,pm25,48,21.0,132.0,59.0,7993.12
2022-09-07,HU,Szeged,pm25,21,25.0,61.0,50.0,1106.0
2022-09-07,HU,Pécs,pm25,72,25.0,68.0,50.0,1474.49
2022-09-07,HU,Kecskemét,pm25,48,53.0,89.0,61.0,1205.67
2022-09-07,HU,Miskolc,pm25,118,34.0,74.0,50.0,981.95
2022-09-07,HU,Budapest,pm25,252,21.0,85.0,55.0,1072.67
2022-09-07,JP,Fukuoka,pm25,390,5.0,104.0,34.0,1864.33
2022-09-07,JP,Kanazawa,pm25,195,5.0,59.0,13.0,831.15
2022-09-07,JP,Kumamoto,pm25,293,5.0,82.0,34.0,2860.91
2022-09-07,JP,Akita,pm25,47,13.0,139.0,38.0,6827.08
2022-09-07,JP,Kochi,pm25,48,5.0,82.0,30.0,2373.62
2022-09-07,JP,Gifu-shi,pm25,124,5.0,184.0,21.0,4588.06
2022-09-07,JP,Kyoto,pm25,512,5.0,97.0,21.0,1712.87
2022-09-07,JP,Hiroshima,pm25,286,5.0,80.0,21.0,1973.37
2022-09-07,JP,Shizuoka,pm25,179,5.0,68.0,9.0,939.16
2022-09-07,JP,Chiba,pm25,695,5.0,102.0,17.0,2028.76
2022-09-07,JP,Sapporo,pm25,206,5.0,104.0,30.0,1978.85
2022-09-07,JP,Yokohama,pm25,525,1.0,53.0,17.0,862.38
2022-09-07,JP,Tokyo,pm25,2428,5.0,91.0,17.0,1165.1
2022-09-07,JP,Saitama,pm25,461,5.0,61.0,21.0,1131.36
2022-09-07,JP,Naha,pm25,138,13.0,50.0,30.0,953.87
2022-09-07,JP,Nagasaki,pm25,182,5.0,78.0,30.0,1077.87
2022-09-07,JP,Toyama,pm25,176,5.0,82.0,17.0,1253.17
2022-09-07,JP,Niigata,pm25,207,5.0,59.0,17.0,892.56
2022-09-07,JP,Nara-shi,pm25,171,5.0,46.0,17.0,878.92
2022-09-07,JP,Okayama,pm25,276,5.0,55.0,21.0,1022.14
2022-09-07,JP,Sendai,pm25,455,5.0,53.0,21.0,1044.11
2022-09-07,JP,Osaka,pm25,1194,5.0,122.0,17.0,1540.45
2022-09-07,JP,Miyazaki,pm25,131,5.0,82.0,53.0,2832.69
2022-09-07,JP,Matsuyama,pm25,150,5.0,72.0,30.0,2190.0
2022-09-07,JP,Wakayama,pm25,257,5.0,70.0,17.0,1494.01
2022-09-07,JP,Takamatsu,pm25,219,5.0,46.0,21.0,1003.21
2022-09-07,JP,Nagoya,pm25,634,1.0,97.0,17.0,2176.91
2022-09-07,JP,Ōita,pm25,241,5.0,310.0,34.0,5886.72
2022-09-07,JP,Kobe,pm25,387,5.0,95.0,21.0,1670.65
2022-09-07,JP,Nagano,pm25,46,5.0,30.0,9.0,489.55
2022-09-07,JP,Utsunomiya,pm25,427,5.0,55.0,17.0,632.69
2022-09-07,JP,Kagoshima,pm25,91,5.0,68.0,30.0,2042.78
2022-09-07,SK,Košice,pm25,96,25.0,97.0,50.0,1562.26
2022-09-07,SK,Bratislava,pm25,90,9.0,82.0,42.0,2815.94
2022-09-07,FI,Vantaa,pm25,24,6.0,30.0,15.0,308.41
2022-09-07,FI,Turku,pm25,24,5.0,21.0,9.0,132.45
2022-09-07,FI,Helsinki,pm25,120,5.0,29.0,10.0,350.22
2022-09-07,FI,Tampere,pm25,94,3.0,16.0,5.0,91.25
2022-09-07,ET,Addis Ababa,pm25,24,78.0,245.0,109.0,20338.2
2022-09-07,CH,Zürich,pm25,22,1.0,3.0,1.0,4.44
2022-09-07,CO,Bogotá,pm25,309,5.0,153.0,42.0,5529.47
2022-09-07,CO,Medellín,pm25,281,57.0,104.0,74.0,935.77
2022-09-07,DK,Copenhagen,pm25,24,11.0,40.0,27.0,673.26
2022-09-07,GB,Edinburgh,pm25,282,5.0,76.0,27.0,1909.0
2022-09-07,GB,Norwich,pm25,22,18.0,26.0,23.0,42.19
2022-09-07,GB,Liverpool,pm25,44,21.0,42.0,28.0,458.83
2022-09-07,GB,Belfast,pm25,42,15.0,35.0,25.0,235.61
2022-09-07,GB,Coventry,pm25,51,12.0,32.0,21.0,140.67
2022-09-07,GB,Leeds,pm25,33,13.0,56.0,38.0,720.64
2022-09-07,GB,Cardiff,pm25,136,5.0,53.0,34.0,1192.78
2022-09-07,GB,Bristol,pm25,71,17.0,53.0,30.0,482.45
2022-09-07,GB,London,pm25,476,3.0,92.0,25.0,1834.4
2022-09-07,GB,Birmingham,pm25,38,14.0,36.0,23.0,220.77
2022-09-07,GB,Sheffield,pm25,75,10.0,61.0,26.0,849.01
2022-09-07,GB,Newport,pm25,45,4.0,34.0,26.0,446.5
2022-09-07,GB,Leicester,pm25,23,14.0,33.0,23.0,184.43
2022-09-07,GB,Manchester,pm25,75,12.0,53.0,26.0,870.75
2022-09-07,GB,Reading,pm25,36,5.0,38.0,9.0,665.43
2022-09-07,GB,Plymouth,pm25,43,25.0,54.0,42.0,991.77
2022-09-07,GB,Glasgow,pm25,571,12.0,52.0,24.0,828.32
2022-09-07,GB,Preston,pm25,43,13.0,31.0,21.0,179.62
2022-09-07,GB,Swansea,pm25,170,5.0,87.0,30.0,1744.31
2022-09-07,GB,Southend-on-Sea,pm25,46,8.0,43.0,24.0,391.09
2022-09-07,ID,Jakarta,pm25,71,42.0,156.0,97.0,8605.71
2022-09-07,NP,Kathmandu,pm25,91,13.0,129.0,61.0,5066.11
2022-09-07,NP,Biratnagar,pm25,24,41.0,72.0,58.0,516.79
2022-09-07,AU,Sydney,pm25,156,1.0,45.0,20.0,1046.53
2022-09-07,AU,Newcastle,pm25,127,1.0,77.0,20.0,2649.5
2022-09-07,AU,Launceston,pm25,119,5.0,147.0,17.0,8554.87
2022-09-07,AU,Hobart,pm25,53,5.0,38.0,13.0,1268.62
2022-09-07,AU,Darwin,pm25,72,13.0,80.0,46.0,2092.46
2022-09-07,AU,Melbourne,pm25,161,1.0,55.0,22.0,1662.12
2022-09-07,AU,Canberra,pm25,60,3.0,62.0,15.0,1827.94
2022-09-07,AU,Adelaide,pm25,87,3.0,42.0,13.0,631.31
2022-09-07,AU,Brisbane,pm25,204,1.0,52.0,17.0,1202.78
2022-09-07,AU,Perth,pm25,88,2.0,18.0,6.0,118.66
2022-09-07,AU,Wollongong,pm25,36,1.0,59.0,13.0,2058.92
2022-09-07,CI,Abidjan,pm25,24,17.0,70.0,53.0,2561.58
2022-09-07,IQ,Baghdad,pm25,24,153.0,260.0,168.0,8933.62
2022-09-07,IS,Reykjavík,pm25,96,10.0,45.0,20.0,502.94
2022-09-07,KG,Bishkek,pm25,24,63.0,153.0,72.0,3112.97
2022-09-07,NL,Utrecht,pm25,48,16.0,61.0,35.0,1631.33
2022-09-07,NL,Nijmegen,pm25,45,4.0,63.0,29.0,2799.22
2022-09-07,NL,Haarlem,pm25,142,1.0,64.0,28.0,1688.58
2022-09-07,NL,Eindhoven,pm25,24,7.0,75.0,41.0,2503.32
2022-09-07,NL,Rotterdam,pm25,192,8.0,52.0,26.0,843.45
2022-09-07,NL,Amsterdam,pm25,244,1.0,60.0,25.0,1568.2
2022-09-07,NL,Dordrecht,pm25,24,9.0,61.0,25.0,1459.11
2022-09-07,NL,Breda,pm25,24,18.0,62.0,34.0,1467.75
2022-09-07,NL,Groningen,pm25,46,3.0,81.0,50.0,3138.92
2022-09-07,NL,Maastricht,pm25,73,5.0,68.0,17.0,1142.87
2022-09-07,NL,The Hague,pm25,68,5.0,53.0,26.0,1190.33
2022-09-07,PT,Lisbon,pm25,58,13.0,40.0,19.0,412.1
2022-09-07,PT,Funchal,pm25,57,1.0,30.0,18.0,1047.66
2022-09-07,CA,Hamilton,pm25,93,9.0,65.0,21.0,1377.25
2022-09-07,CA,Calgary,pm25,78,11.0,152.0,71.0,9482.05
2022-09-07,CA,Winnipeg,pm25,24,48.0,70.0,55.0,350.43
2022-09-07,CA,Halifax,pm25,46,12.0,20.0,15.0,40.28
2022-09-07,CA,Kitchener,pm25,45,9.0,46.0,21.0,1041.55
2022-09-07,CA,Edmonton,pm25,125,2.0,93.0,32.0,1897.36
2022-09-07,CA,Mississauga,pm25,69,9.0,80.0,21.0,1592.05
2022-09-07,CA,Québec,pm25,158,14.0,58.0,22.0,839.44
2022-09-07,CA,Vancouver,pm25,23,8.0,15.0,11.0,50.59
2022-09-07,CA,Victoria,pm25,42,5.0,59.0,17.0,1726.05
2022-09-07,CA,Montréal,pm25,375,6.0,64.0,27.0,1379.69
2022-09-07,CA,Toronto,pm25,115,5.0,53.0,17.0,1082.1
2022-09-07,CA,Ottawa,pm25,63,9.0,50.0,18.0,326.73
2022-09-07,CA,London,pm25,46,9.0,50.0,21.0,823.92
2022-09-07,US,Oklahoma City,pm25,96,26.0,51.0,37.0,319.77
2022-09-07,US,Raleigh,pm25,70,5.0,59.0,25.0,2041.29
2022-09-07,US,Memphis,pm25,72,22.0,60.0,33.0,505.07
2022-09-07,US,Jackson,pm25,72,14.0,63.0,38.0,863.36
2022-09-07,US,Boston,pm25,122,5.0,46.0,21.0,390.42
2022-09-07,US,Richmond,pm25,90,8.0,29.0,16.0,114.79
2022-09-07,US,Portland,pm25,166,9.0,56.0,15.0,488.61
2022-09-07,US,Boise,pm25,48,17.0,164.0,59.0,5067.87
2022-09-07,US,Austin,pm25,35,5.0,72.0,30.0,3157.73
2022-09-07,US,Honolulu,pm25,45,5.0,38.0,13.0,615.83
2022-09-07,US,Fresno,pm25,47,18.0,86.0,53.0,2082.75
2022-09-07,US,Milwaukee,pm25,141,21.0,55.0,31.0,453.12
2022-09-07,US,Hartford,pm25,48,14.0,23.0,17.0,83.12
2022-09-07,US,Washington D.C.,pm25,101,5.0,34.0,17.0,419.06
2022-09-07,US,Chicago,pm25,225,2.0,51.0,25.0,568.81
2022-09-07,US,Houston,pm25,96,5.0,62.0,30.0,2177.0
2022-09-07,US,Indianapolis,pm25,119,8.0,65.0,33.0,1297.58
2022-09-07,US,Atlanta,pm25,24,38.0,56.0,44.0,224.62
2022-09-07,US,Charlotte,pm25,69,5.0,50.0,21.0,782.73
2022-09-07,US,Sacramento,pm25,69,5.0,55.0,34.0,1063.02
2022-09-07,US,Oakland,pm25,117,42.0,85.0,61.0,578.47
2022-09-07,US,Providence,pm25,31,5.0,61.0,13.0,1116.8
2022-09-07,US,Staten Island,pm25,110,2.0,114.0,18.0,3038.12
2022-09-07,US,Brooklyn,pm25,126,1.0,37.0,16.0,642.85
2022-09-07,US,Springfield,pm25,72,25.0,52.0,32.0,398.49
2022-09-07,US,The Bronx,pm25,46,1.0,15.0,6.0,113.62
2022-09-07,US,San Jose,pm25,93,5.0,78.0,53.0,2796.39
2022-09-07,US,Los Angeles,pm25,48,50.0,81.0,60.0,680.92
2022-09-07,US,Detroit,pm25,159,18.0,82.0,28.0,1232.98
2022-09-07,US,Little Rock,pm25,23,23.0,63.0,38.0,563.32
2022-09-07,US,Baltimore,pm25,42,5.0,55.0,18.0,1172.22
2022-09-07,US,Phoenix,pm25,185,7.0,53.0,25.0,698.83
2022-09-07,US,Omaha,pm25,45,9.0,65.0,30.0,1935.91
2022-09-07,US,El Paso,pm25,164,5.0,76.0,30.0,3162.45
2022-09-07,US,Dallas,pm25,6,13.0,21.0,17.0,128.0
2022-09-07,US,Seattle,pm25,249,5.0,65.0,25.0,1558.65
2022-09-07,US,Manhattan,pm25,65,3.0,33.0,8.0,587.46
2022-09-07,US,Miami,pm25,94,13.0,40.0,21.0,360.16
2022-09-07,US,Jacksonville,pm25,142,15.0,68.0,40.0,913.28
2022-09-07,US,San Antonio,pm25,92,6.0,60.0,26.0,1630.93
2022-09-07,US,Philadelphia,pm25,95,1.0,43.0,21.0,663.93
2022-09-07,US,San Diego,pm25,24,35.0,55.0,48.0,287.81
2022-09-07,US,Columbus,pm25,47,1.0,38.0,17.0,716.96
2022-09-07,US,Saint Paul,pm25,144,9.0,93.0,46.0,1398.74
2022-09-07,US,Denver,pm25,157,30.0,78.0,59.0,1088.71
2022-09-07,US,Salt Lake City,pm25,215,22.0,79.0,42.0,1504.13
2022-09-07,US,Albuquerque,pm25,70,21.0,65.0,45.0,1669.13
2022-09-07,US,San Francisco,pm25,72,25.0,76.0,57.0,886.67
2022-09-07,US,Salem,pm25,72,9.0,35.0,16.0,480.47
2022-09-07,US,Madison,pm25,48,24.0,48.0,33.0,487.22
2022-09-07,US,Nashville,pm25,72,5.0,48.0,31.0,1067.97
2022-09-07,US,Tucson,pm25,155,5.0,57.0,21.0,1079.36
2022-09-07,US,Queens,pm25,77,1.0,24.0,15.0,598.53
2022-09-07,US,Tallahassee,pm25,67,23.0,69.0,51.0,833.24
2022-09-07,US,Fort Worth,pm25,48,17.0,60.0,33.0,1215.73
2022-09-07,RS,Novi Sad,pm25,48,31.0,99.0,52.0,2629.04
2022-09-07,RS,Niš,pm25,48,18.0,64.0,38.0,1833.72
2022-09-07,RS,Belgrade,pm25,120,19.0,65.0,44.0,1389.87
2022-09-07,CY,Nicosia,pm25,24,11.0,73.0,59.0,2147.37
2022-09-07,CY,Limassol,pm25,24,53.0,80.0,64.0,637.66
2022-09-07,HR,Zagreb,pm25,18,35.0,83.0,62.0,2091.63
2022-09-07,MK,Skopje,pm25,120,5.0,88.0,51.0,3409.78
2022-09-08,GE,Tbilisi,pm25,96,35.0,64.0,40.0,516.77
2022-09-08,HU,Győr,pm25,48,21.0,89.0,59.0,4555.11
2022-09-08,HU,Szeged,pm25,23,46.0,70.0,57.0,689.92
2022-09-08,HU,Pécs,pm25,69,13.0,61.0,21.0,2884.83
2022-09-08,HU,Kecskemét,pm25,46,25.0,87.0,42.0,4031.3
2022-09-08,HU,Miskolc,pm25,120,17.0,95.0,59.0,2152.59
2022-09-08,HU,Budapest,pm25,277,17.0,99.0,55.0,4126.39
2022-09-08,JP,Fukuoka,pm25,392,5.0,107.0,42.0,1855.77
2022-09-08,JP,Kanazawa,pm25,222,5.0,55.0,21.0,1175.69
2022-09-08,JP,Kumamoto,pm25,372,5.0,127.0,46.0,3256.11
2022-09-08,JP,Akita,pm25,36,9.0,78.0,25.0,2565.21
2022-09-08,JP,Kochi,pm25,48,5.0,70.0,30.0,1623.4
2022-09-08,JP,Gifu-shi,pm25,150,5.0,70.0,21.0,1567.05
2022-09-08,JP,Kyoto,pm25,536,5.0,57.0,25.0,1368.0
2022-09-08,JP,Hiroshima,pm25,297,5.0,76.0,25.0,2182.84
2022-09-08,JP,Shizuoka,pm25,203,5.0,72.0,13.0,2324.95
2022-09-08,JP,Chiba,pm25,723,5.0,85.0,21.0,2022.52
2022-09-08,JP,Sapporo,pm25,201,5.0,95.0,25.0,1969.05
2022-09-08,JP,Yokohama,pm25,530,1.0,61.0,17.0,1369.56
2022-09-08,JP,Tokyo,pm25,2398,1.0,59.0,17.0,749.47
2022-09-08,JP,Saitama,pm25,453,5.0,80.0,13.0,543.47
2022-09-08,JP,Naha,pm25,144,25.0,82.0,50.0,1696.71
2022-09-08,JP,Nagasaki,pm25,190,5.0,63.0,34.0,1365.46
2022-09-08,JP,Toyama,pm25,172,5.0,61.0,30.0,1506.79
2022-09-08,JP,Niigata,pm25,211,5.0,46.0,21.0,804.62
2022-09-08,JP,Nara-shi,pm25,176,5.0,57.0,21.0,991.88
2022-09-08,JP,Okayama,pm25,284,5.0,61.0,25.0,953.53
2022-09-08,JP,Sendai,pm25,436,5.0,46.0,13.0,576.52
2022-09-08,JP,Osaka,pm25,1358,5.0,78.0,21.0,1071.51
2022-09-08,JP,Miyazaki,pm25,137,5.0,95.0,55.0,2024.14
2022-09-08,JP,Matsuyama,pm25,159,5.0,70.0,38.0,2468.42
2022-09-08,JP,Wakayama,pm25,276,5.0,72.0,21.0,1049.31
2022-09-08,JP,Takamatsu,pm25,219,5.0,55.0,25.0,1098.94
2022-09-08,JP,Nagoya,pm25,692,1.0,80.0,21.0,1066.74
2022-09-08,JP,Ōita,pm25,245,5.0,76.0,38.0,1702.79
2022-09-08,JP,Kobe,pm25,409,5.0,107.0,21.0,1146.7
2022-09-08,JP,Nagano,pm25,53,5.0,46.0,17.0,725.24
2022-09-08,JP,Utsunomiya,pm25,359,5.0,50.0,13.0,730.88
2022-09-08,JP,Kagoshima,pm25,95,25.0,85.0,57.0,1354.66
2022-09-08,SK,Košice,pm25,96,34.0,91.0,61.0,2566.1
2022-09-08,SK,Bratislava,pm25,91,5.0,99.0,55.0,5307.35
2022-09-08,FI,Vantaa,pm25,24,8.0,40.0,21.0,799.13
2022-09-08,FI,Turku,pm25,24,10.0,37.0,13.0,418.84
2022-09-08,FI,Helsinki,pm25,119,7.0,61.0,15.0,763.68
2022-09-08,FI,Tampere,pm25,96,5.0,47.0,14.0,675.66
2022-09-08,ET,Addis Ababa,pm25,23,82.0,208.0,147.0,11512.0
2022-09-08,CH,Zürich,pm25,16,1.0,3.0,1.0,4.0
2022-09-08,CO,Bogotá,pm25,232,5.0,159.0,57.0,9363.15
2022-09-08,CO,Medellín,pm25,308,38.0,97.0,65.0,1219.82
2022-09-08,DK,Copenhagen,pm25,24,17.0,32.0,27.0,192.01
2022-09-08,GB,Edinburgh,pm25,285,6.0,76.0,35.0,1601.07
2022-09-08,GB,Norwich,pm25,19,17.0,25.0,19.0,64.8
2022-09-08,GB,Liverpool,pm25,44,22.0,55.0,30.0,472.07
2022-09-08,GB,Belfast,pm25,31,10.0,33.0,21.0,298.45
2022-09-08,GB,Coventry,pm25,65,12.0,31.0,21.0,137.68
2022-09-08,GB,Leeds,pm25,42,13.0,55.0,33.0,569.87
2022-09-08,GB,Cardiff,pm25,124,5.0,50.0,30.0,1217.31
2022-09-08,GB,Bristol,pm25,60,5.0,34.0,21.0,510.91
2022-09-08,GB,London,pm25,507,1.0,131.0,25.0,3221.96
2022-09-08,GB,Birmingham,pm25,38,12.0,38.0,23.0,195.42
2022-09-08,GB,Sheffield,pm25,91,11.0,61.0,26.0,1659.16
2022-09-08,GB,Newport,pm25,46,8.0,30.0,17.0,581.86
2022-09-08,GB,Leicester,pm25,12,21.0,30.0,21.0,122.42
2022-09-08,GB,Manchester,pm25,80,17.0,53.0,35.0,1011.64
2022-09-08,GB,Reading,pm25,24,5.0,13.0,9.0,106.67
2022-09-08,GB,Plymouth,pm25,30,13.0,48.0,30.0,1245.93
2022-09-08,GB,Glasgow,pm25,571,8.0,58.0,30.0,1167.99
2022-09-08,GB,Preston,pm25,43,19.0,55.0,30.0,938.8
2022-09-08,GB,Swansea,pm25,145,5.0,59.0,21.0,1678.18
2022-09-08,GB,Southend-on-Sea,pm25,45,6.0,33.0,21.0,340.52
2022-09-08,ID,Jakarta,pm25,71,70.0,176.0,112.0,5652.38
2022-09-08,NP,Kathmandu,pm25,84,38.0,151.0,68.0,4384.94
2022-09-08,NP,Biratnagar,pm25,24,31.0,72.0,55.0,1129.28
2022-09-08,AU,Sydney,pm25,153,1.0,61.0,15.0,1132.03
2022-09-08,AU,Newcastle,pm25,122,1.0,57.0,16.0,1297.37
2022-09-08,AU,Launceston,pm25,125,5.0,61.0,9.0,974.91
2022-09-08,AU,Hobart,pm25,57,5.0,53.0,13.0,1421.02
2022-09-08,AU,Darwin,pm25,72,11.0,66.0,43.0,1439.12
2022-09-08,AU,Melbourne,pm25,160,1.0,46.0,18.0,1074.61
2022-09-08,AU,Canberra,pm25,65,2.0,66.0,32.0,1743.35
2022-09-08,AU,Adelaide,pm25,85,1.0,30.0,12.0,474.96
2022-09-08,AU,Brisbane,pm25,210,1.0,64.0,17.0,2350.93
2022-09-08,AU,Perth,pm25,87,2.0,17.0,6.0,126.83
2022-09-08,AU,Wollongong,pm25,40,1.0,53.0,12.0,1543.46
2022-09-08,CI,Abidjan,pm25,24,13.0,61.0,46.0,2036.45
2022-09-08,IQ,Baghdad,pm25,24,112.0,206.0,158.0,2425.14
2022-09-08,IS,Reykjavík,pm25,96,7.0,36.0,15.0,538.67
2022-09-08,KG,Bishkek,pm25,24,59.0,89.0,72.0,592.16
2022-09-08,NL,Utrecht,pm25,47,15.0,59.0,34.0,1319.0
2022-09-08,NL,Nijmegen,pm25,44,1.0,52.0,21.0,1221.52
2022-09-08,NL,Haarlem,pm25,143,2.0,65.0,28.0,1357.08
2022-09-08,NL,Eindhoven,pm25,24,14.0,55.0,31.0,1422.32
2022-09-08,NL,Rotterdam,pm25,192,6.0,55.0,24.0,721.03
2022-09-08,NL,Amsterdam,pm25,262,3.0,60.0,25.0,1280.74
2022-09-08,NL,Dordrecht,pm25,24,17.0,50.0,30.0,883.46
2022-09-08,NL,Breda,pm25,24,15.0,45.0,33.0,721.29
2022-09-08,NL,Groningen,pm25,48,8.0,115.0,43.0,8317.85
2022-09-08,NL,Maastricht,pm25,86,5.0,42.0,21.0,1000.59
2022-09-08,NL,The Hague,pm25,70,3.0,34.0,20.0,599.76
2022-09-08,PT,Lisbon,pm25,31,11.0,90.0,23.0,3003.16
2022-09-08,PT,Funchal,pm25,59,1.0,26.0,10.0,692.68
2022-09-08,CA,Hamilton,pm25,83,5.0,55.0,21.0,1779.94
2022-09-08,CA,Calgary,pm25,90,2.0,77.0,25.0,3440.78
2022-09-08,CA,Winnipeg,pm25,24,36.0,62.0,50.0,420.58
2022-09-08,CA,Halifax,pm25,46,10.0,30.0,18.0,171.98
2022-09-08,CA,Kitchener,pm25,45,9.0,46.0,13.0,1007.53
2022-09-08,CA,Edmonton,pm25,117,3.0,38.0,12.0,609.05
2022-09-08,CA,Mississauga,pm25,63,9.0,42.0,17.0,403.94
2022-09-08,CA,Québec,pm25,173,20.0,49.0,33.0,479.78
2022-09-08,CA,Vancouver,pm25,22,5.0,26.0,15.0,319.76
2022-09-08,CA,Victoria,pm25,45,5.0,42.0,25.0,770.1
2022-09-08,CA,Montréal,pm25,353,18.0,67.0,35.0,1012.81
2022-09-08,CA,Toronto,pm25,120,5.0,63.0,17.0,1293.33
2022-09-08,CA,Ottawa,pm25,69,13.0,38.0,22.0,419.61
2022-09-08,CA,London,pm25,38,9.0,61.0,21.0,2065.09
2022-09-08,US,Oklahoma City,pm25,95,26.0,55.0,38.0,333.15
2022-09-08,US,Raleigh,pm25,67,5.0,42.0,23.0,803.45
2022-09-08,US,Memphis,pm25,72,20.0,51.0,33.0,475.19
2022-09-08,US,Jackson,pm25,72,12.0,62.0,35.0,1118.0
2022-09-08,US,Boston,pm25,99,5.0,50.0,21.0,560.07
2022-09-08,US,Richmond,pm25,96,17.0,32.0,25.0,159.29
2022-09-08,US,Portland,pm25,165,9.0,55.0,16.0,448.66
2022-09-08,US,Boise,pm25,47,5.0,174.0,35.0,16747.0
2022-09-08,US,Austin,pm25,48,9.0,63.0,34.0,1729.34
2022-09-08,US,Honolulu,pm25,43,5.0,42.0,13.0,1189.92
2022-09-08,US,Fresno,pm25,48,13.0,89.0,58.0,3000.85
2022-09-08,US,Milwaukee,pm25,144,28.0,101.0,45.0,1013.22
2022-09-08,US,Hartford,pm25,47,13.0,44.0,22.0,345.07
2022-09-08,US,Washington D.C.,pm25,106,5.0,32.0,20.0,682.18
2022-09-08,US,Chicago,pm25,238,8.0,85.0,36.0,998.06
2022-09-08,US,Houston,pm25,94,17.0,76.0,50.0,1394.66
2022-09-08,US,Indianapolis,pm25,111,7.0,90.0,32.0,2216.49
2022-09-08,US,Atlanta,pm25,24,25.0,45.0,33.0,330.14
2022-09-08,US,Charlotte,pm25,70,5.0,55.0,21.0,621.38
2022-09-08,US,Sacramento,pm25,70,17.0,72.0,38.0,1355.54
2022-09-08,US,Oakland,pm25,117,30.0,87.0,63.0,1484.42
2022-09-08,US,Providence,pm25,20,5.0,46.0,9.0,1463.68
2022-09-08,US,Staten Island,pm25,116,3.0,91.0,21.0,1844.96
2022-09-08,US,Brooklyn,pm25,137,1.0,56.0,20.0,1110.48
2022-09-08,US,Springfield,pm25,72,21.0,56.0,30.0,910.39
2022-09-08,US,The Bronx,pm25,48,2.0,32.0,10.0,782.06
2022-09-08,US,San Jose,pm25,93,5.0,95.0,46.0,3707.82
2022-09-08,US,Los Angeles,pm25,48,22.0,72.0,56.0,1526.8
2022-09-08,US,Detroit,pm25,168,17.0,136.0,34.0,2310.54
2022-09-08,US,Little Rock,pm25,23,28.0,57.0,35.0,868.58
2022-09-08,US,Baltimore,pm25,44,5.0,40.0,19.0,786.61
2022-09-08,US,Phoenix,pm25,189,3.0,46.0,23.0,1141.02
2022-09-08,US,Omaha,pm25,44,5.0,65.0,25.0,1179.25
2022-09-08,US,El Paso,pm25,168,13.0,80.0,46.0,2763.79
2022-09-08,US,Dallas,pm25,13,13.0,91.0,30.0,5813.33
2022-09-08,US,Seattle,pm25,253,5.0,57.0,25.0,924.84
2022-09-08,US,Manhattan,pm25,66,2.0,43.0,13.0,895.86
2022-09-08,US,Miami,pm25,93,12.0,30.0,19.0,172.53
2022-09-08,US,Jacksonville,pm25,143,3.0,73.0,46.0,2146.2
2022-09-08,US,San Antonio,pm25,94,5.0,83.0,38.0,2615.26
2022-09-08,US,Philadelphia,pm25,91,1.0,54.0,23.0,1002.75
2022-09-08,US,San Diego,pm25,24,28.0,54.0,37.0,753.9
2022-09-08,US,Columbus,pm25,47,3.0,43.0,21.0,753.37
2022-09-08,US,Saint Paul,pm25,142,21.0,59.0,50.0,759.96
2022-09-08,US,Denver,pm25,149,21.0,74.0,46.0,1392.52
2022-09-08,US,Salt Lake City,pm25,216,25.0,111.0,51.0,2712.58
2022-09-08,US,Albuquerque,pm25,71,36.0,91.0,54.0,840.83
2022-09-08,US,San Francisco,pm25,72,34.0,87.0,61.0,1210.97
2022-09-08,US,Salem,pm25,72,10.0,20.0,15.0,57.17
2022-09-08,US,Madison,pm25,48,33.0,50.0,43.0,179.32
2022-09-08,US,Nashville,pm25,71,13.0,42.0,30.0,408.21
2022-09-08,US,Tucson,pm25,157,5.0,55.0,25.0,1519.55
2022-09-08,US,Queens,pm25,86,2.0,50.0,16.0,941.32
2022-09-08,US,Tallahassee,pm25,70,6.0,64.0,46.0,2065.62
2022-09-08,US,Fort Worth,pm25,48,9.0,105.0,41.0,2937.85
2022-09-08,RS,Novi Sad,pm25,36,23.0,82.0,55.0,3169.99
2022-09-08,RS,Niš,pm25,48,20.0,60.0,44.0,1151.47
2022-09-08,RS,Belgrade,pm25,119,12.0,76.0,51.0,2152.96
2022-09-08,CY,Nicosia,pm25,24,34.0,72.0,52.0,914.49
2022-09-08,CY,Limassol,pm25,24,20.0,67.0,45.0,1804.28
2022-09-08,HR,Zagreb,pm25,23,29.0,69.0,44.0,672.73
2022-09-08,MK,Skopje,pm25,166,14.0,86.0,51.0,2719.7
2022-09-09,GE,Tbilisi,pm25,96,32.0,63.0,47.0,743.39
2022-09-09,HU,Győr,pm25,48,5.0,53.0,25.0,1809.34
2022-09-09,HU,Szeged,pm25,20,13.0,61.0,38.0,3097.89
2022-09-09,HU,Pécs,pm25,72,9.0,30.0,13.0,213.64
2022-09-09,HU,Kecskemét,pm25,46,5.0,46.0,17.0,1974.61
2022-09-09,HU,Miskolc,pm25,54,21.0,59.0,42.0,1085.77
2022-09-09,HU,Budapest,pm25,159,9.0,57.0,17.0,1068.21
2022-09-09,JP,Fukuoka,pm25,395,5.0,122.0,42.0,1479.95
2022-09-09,JP,Kanazawa,pm25,224,5.0,46.0,21.0,841.74
2022-09-09,JP,Kumamoto,pm25,373,5.0,124.0,50.0,3256.04
2022-09-09,JP,Akita,pm25,35,9.0,78.0,34.0,3232.64
2022-09-09,JP,Kochi,pm25,38,5.0,70.0,30.0,2572.27
2022-09-09,JP,Gifu-shi,pm25,144,5.0,70.0,21.0,2235.03
2022-09-09,JP,Kyoto,pm25,545,5.0,95.0,21.0,1620.88
2022-09-09,JP,Hiroshima,pm25,282,5.0,76.0,25.0,1605.27
2022-09-09,JP,Shizuoka,pm25,243,5.0,59.0,21.0,1628.18
2022-09-09,JP,Chiba,pm25,737,5.0,97.0,21.0,2095.16
2022-09-09,JP,Sapporo,pm25,202,5.0,127.0,25.0,2976.89
2022-09-09,JP,Yokohama,pm25,534,1.0,65.0,25.0,1703.36
2022-09-09,JP,Tokyo,pm25,2491,1.0,85.0,21.0,1132.63
2022-09-09,JP,Saitama,pm25,473,5.0,63.0,21.0,892.99
2022-09-09,JP,Naha,pm25,138,34.0,63.0,53.0,944.2
2022-09-09,JP,Nagasaki,pm25,191,5.0,72.0,42.0,1234.07
2022-09-09,JP,Toyama,pm25,168,5.0,78.0,25.0,1660.96
2022-09-09,JP,Niigata,pm25,213,5.0,42.0,21.0,596.31
2022-09-09,JP,Nara-shi,pm25,175,5.0,53.0,21.0,1153.94
2022-09-09,JP,Okayama,pm25,278,5.0,59.0,21.0,978.74
2022-09-09,JP,Sendai,pm25,463,5.0,57.0,21.0,882.45
2022-09-09,JP,Osaka,pm25,1306,5.0,127.0,17.0,1395.19
2022-09-09,JP,Miyazaki,pm25,142,9.0,89.0,57.0,2089.48
2022-09-09,JP,Matsuyama,pm25,157,5.0,76.0,42.0,2359.16
2022-09-09,JP,Wakayama,pm25,265,5.0,55.0,17.0,1263.75
2022-09-09,JP,Takamatsu,pm25,229,5.0,53.0,25.0,1110.46
2022-09-09,JP,Nagoya,pm25,715,1.0,91.0,25.0,1445.4
2022-09-09,JP,Ōita,pm25,248,5.0,89.0,38.0,2287.44
2022-09-09,JP,Kobe,pm25,401,5.0,134.0,17.0,1223.02
2022-09-09,JP,Nagano,pm25,58,9.0,50.0,17.0,1255.28
2022-09-09,JP,Utsunomiya,pm25,392,5.0,57.0,17.0,1091.98
2022-09-09,JP,Kagoshima,pm25,96,38.0,99.0,63.0,1664.55
2022-09-09,SK,Košice,pm25,96,17.0,55.0,34.0,766.63
2022-09-09,SK,Bratislava,pm25,76,5.0,76.0,17.0,2556.62
2022-09-09,FI,Vantaa,pm25,24,9.0,46.0,25.0,1474.18
2022-09-09,FI,Turku,pm25,24,8.0,47.0,18.0,1067.54
2022-09-09,FI,Helsinki,pm25,120,6.0,54.0,19.0,1107.9
2022-09-09,FI,Tampere,pm25,96,2.0,66.0,18.0,1385.42
2022-09-09,ET,Addis Ababa,pm25,23,63.0,178.0,134.0,12091.5
2022-09-09,CH,Zürich,pm25,20,1.0,3.0,1.0,3.45
2022-09-09,CO,Bogotá,pm25,175,5.0,159.0,42.0,12206.7
2022-09-09,CO,Medellín,pm25,286,30.0,87.0,59.0,1546.12
2022-09-09,DK,Copenhagen,pm25,24,23.0,48.0,36.0,371.52
2022-09-09,GB,Edinburgh,pm25,279,6.0,78.0,25.0,1366.38
2022-09-09,GB,Norwich,pm25,24,21.0,36.0,26.0,168.1
2022-09-09,GB,Liverpool,pm25,37,8.0,57.0,38.0,990.78
2022-09-09,GB,Belfast,pm25,45,7.0,31.0,21.0,271.62
2022-09-09,GB,Coventry,pm25,65,18.0,60.0,35.0,1294.68
2022-09-09,GB,Leeds,pm25,36,17.0,53.0,38.0,587.64
2022-09-09,GB,Cardiff,pm25,131,5.0,78.0,34.0,2615.52
2022-09-09,GB,Bristol,pm25,56,5.0,50.0,25.0,1082.22
2022-09-09,GB,London,pm25,532,4.0,107.0,30.0,2098.43
2022-09-09,GB,Birmingham,pm25,38,23.0,65.0,46.0,1336.48
2022-09-09,GB,Sheffield,pm25,72,16.0,74.0,53.0,1384.08
2022-09-09,GB,Newport,pm25,41,5.0,23.0,9.0,251.11
2022-09-09,GB,Leicester,pm25,14,10.0,48.0,22.0,1034.51
2022-09-09,GB,Manchester,pm25,81,10.0,53.0,34.0,1205.82
2022-09-09,GB,Reading,pm25,36,5.0,25.0,13.0,356.06
2022-09-09,GB,Plymouth,pm25,43,5.0,46.0,25.0,533.59
2022-09-09,GB,Glasgow,pm25,569,4.0,36.0,16.0,434.78
2022-09-09,GB,Preston,pm25,39,6.0,50.0,30.0,1976.21
2022-09-09,GB,Swansea,pm25,156,5.0,59.0,21.0,1691.82
2022-09-09,GB,Southend-on-Sea,pm25,47,14.0,40.0,25.0,386.13
2022-09-09,ID,Jakarta,pm25,53,46.0,172.0,127.0,9841.94
2022-09-09,NP,Kathmandu,pm25,48,21.0,124.0,63.0,5061.27
2022-09-09,NP,Biratnagar,pm25,24,19.0,63.0,33.0,1309.49
2022-09-09,AU,Sydney,pm25,155,1.0,41.0,14.0,641.1
2022-09-09,AU,Newcastle,pm25,125,1.0,59.0,14.0,1381.41
2022-09-09,AU,Launceston,pm25,134,5.0,82.0,17.0,2368.02
2022-09-09,AU,Hobart,pm25,51,5.0,34.0,13.0,391.13
2022-09-09,AU,Darwin,pm25,72,2.0,91.0,41.0,2680.74
2022-09-09,AU,Melbourne,pm25,149,1.0,43.0,14.0,838.24
2022-09-09,AU,Canberra,pm25,53,1.0,65.0,20.0,2010.16
2022-09-09,AU,Adelaide,pm25,85,5.0,75.0,25.0,1515.09
2022-09-09,AU,Brisbane,pm25,209,1.0,52.0,18.0,701.11
2022-09-09,AU,Perth,pm25,90,2.0,15.0,6.0,49.74
2022-09-09,AU,Wollongong,pm25,43,3.0,51.0,16.0,1504.93
2022-09-09,CI,Abidjan,pm25,24,9.0,74.0,53.0,3337.97
2022-09-09,GH,Accra,pm25,8,17.0,80.0,42.0,4173.57
2022-09-09,IQ,Baghdad,pm25,24,97.0,160.0,117.0,4023.41
2022-09-09,IS,Reykjavík,pm25,96,1.0,34.0,13.0,333.58
2022-09-09,KG,Bishkek,pm25,24,63.0,107.0,76.0,1500.58
2022-09-09,NL,Utrecht,pm25,48,3.0,56.0,25.0,1316.38
2022-09-09,NL,Nijmegen,pm25,44,2.0,47.0,17.0,957.25
2022-09-09,NL,Haarlem,pm25,132,2.0,70.0,27.0,1809.77
2022-09-09,NL,Eindhoven,pm25,24,8.0,51.0,19.0,970.27
2022-09-09,NL,Rotterdam,pm25,191,6.0,57.0,20.0,356.65
2022-09-09,NL,Amsterdam,pm25,255,1.0,50.0,21.0,996.36
2022-09-09,NL,Dordrecht,pm25,24,13.0,38.0,25.0,734.13
2022-09-09,NL,Breda,pm25,24,7.0,38.0,21.0,665.63
2022-09-09,NL,Groningen,pm25,48,1.0,51.0,23.0,940.83
2022-09-09,NL,Maastricht,pm25,72,5.0,42.0,13.0,697.79
2022-09-09,NL,The Hague,pm25,70,2.0,35.0,20.0,536.86
2022-09-09,PT,Lisbon,pm25,46,10.0,39.0,20.0,428.31
2022-09-09,PT,Funchal,pm25,65,2.0,40.0,18.0,1385.18
2022-09-09,CA,Hamilton,pm25,68,9.0,80.0,34.0,3404.03
2022-09-09,CA,Calgary,pm25,107,1.0,55.0,11.0,1282.66
2022-09-09,CA,Winnipeg,pm25,24,19.0,42.0,29.0,604.57
2022-09-09,CA,Halifax,pm25,46,15.0,23.0,18.0,45.43
2022-09-09,CA,Kitchener,pm25,34,13.0,50.0,34.0,1356.8
2022-09-09,CA,Edmonton,pm25,163,1.0,289.0,15.0,7728.78
2022-09-09,CA,Mississauga,pm25,48,13.0,68.0,30.0,2512.7
2022-09-09,CA,Québec,pm25,174,25.0,75.0,47.0,1323.7
2022-09-09,CA,Vancouver,pm25,22,5.0,43.0,14.0,1215.24
2022-09-09,CA,Victoria,pm25,44,5.0,63.0,30.0,1681.37
2022-09-09,CA,Montréal,pm25,396,15.0,67.0,33.0,1097.7
2022-09-09,CA,Toronto,pm25,98,5.0,74.0,21.0,2538.39
2022-09-09,CA,Ottawa,pm25,55,13.0,46.0,29.0,544.3
2022-09-09,CA,London,pm25,34,5.0,59.0,21.0,2488.34
2022-09-09,US,Oklahoma City,pm25,96,31.0,57.0,45.0,548.05
2022-09-09,US,Raleigh,pm25,71,5.0,89.0,25.0,1959.8
2022-09-09,US,Memphis,pm25,72,20.0,55.0,32.0,800.85
2022-09-09,US,Jackson,pm25,72,10.0,63.0,37.0,1505.02
2022-09-09,US,Boston,pm25,125,5.0,65.0,25.0,1166.71
2022-09-09,US,Richmond,pm25,94,16.0,53.0,27.0,470.53
2022-09-09,US,Portland,pm25,167,11.0,118.0,32.0,5667.91
2022-09-09,US,Boise,pm25,48,82.0,198.0,162.0,6055.04
2022-09-09,US,Austin,pm25,46,17.0,70.0,50.0,1367.69
2022-09-09,US,Honolulu,pm25,39,5.0,61.0,13.0,1606.29
2022-09-09,US,Fresno,pm25,48,46.0,94.0,73.0,1495.1
2022-09-09,US,Milwaukee,pm25,144,24.0,56.0,34.0,670.97
2022-09-09,US,Hartford,pm25,48,20.0,47.0,27.0,439.41
2022-09-09,US,Washington D.C.,pm25,114,5.0,53.0,25.0,964.59
2022-09-09,US,Chicago,pm25,239,8.0,73.0,32.0,1004.72
2022-09-09,US,Houston,pm25,94,2.0,78.0,54.0,2716.55
2022-09-09,US,Indianapolis,pm25,119,6.0,85.0,34.0,2583.29
2022-09-09,US,Atlanta,pm25,24,24.0,45.0,30.0,460.22
2022-09-09,US,Charlotte,pm25,71,5.0,46.0,25.0,643.17
2022-09-09,US,Sacramento,pm25,71,25.0,158.0,57.0,5787.2
2022-09-09,US,Oakland,pm25,119,42.0,99.0,72.0,1279.1
2022-09-09,US,Providence,pm25,23,5.0,46.0,17.0,1796.96
2022-09-09,US,Staten Island,pm25,118,4.0,59.0,30.0,1454.5
2022-09-09,US,Brooklyn,pm25,140,1.0,72.0,24.0,2619.51
2022-09-09,US,Springfield,pm25,72,20.0,62.0,32.0,840.75
2022-09-09,US,The Bronx,pm25,42,3.0,54.0,20.0,1353.64
2022-09-09,US,San Jose,pm25,95,17.0,95.0,61.0,2361.84
2022-09-09,US,Los Angeles,pm25,48,8.0,88.0,44.0,3562.11
2022-09-09,US,Detroit,pm25,162,18.0,103.0,33.0,2914.12
2022-09-09,US,Little Rock,pm25,23,24.0,61.0,50.0,1060.4
2022-09-09,US,Baltimore,pm25,48,5.0,50.0,28.0,1379.56
2022-09-09,US,Phoenix,pm25,191,2.0,65.0,22.0,1024.62
2022-09-09,US,Omaha,pm25,40,9.0,61.0,25.0,2089.13
2022-09-09,US,El Paso,pm25,164,5.0,97.0,35.0,3553.12
2022-09-09,US,Dallas,pm25,24,17.0,63.0,38.0,1607.54
2022-09-09,US,Seattle,pm25,246,9.0,107.0,38.0,6111.89
2022-09-09,US,Manhattan,pm25,71,2.0,61.0,20.0,1556.68
2022-09-09,US,Miami,pm25,94,13.0,49.0,26.0,830.8
2022-09-09,US,Jacksonville,pm25,142,5.0,50.0,20.0,531.32
2022-09-09,US,San Antonio,pm25,93,11.0,218.0,38.0,5831.45
2022-09-09,US,Philadelphia,pm25,93,3.0,58.0,28.0,886.37
2022-09-09,US,San Diego,pm25,24,6.0,44.0,11.0,1483.03
2022-09-09,US,Columbus,pm25,48,7.0,58.0,20.0,1219.89
2022-09-09,US,Saint Paul,pm25,143,5.0,58.0,37.0,1195.17
2022-09-09,US,Denver,pm25,161,21.0,89.0,59.0,1622.73
2022-09-09,US,Salt Lake City,pm25,216,30.0,159.0,90.0,7230.5
2022-09-09,US,Albuquerque,pm25,72,32.0,90.0,47.0,797.18
2022-09-09,US,San Francisco,pm25,72,38.0,107.0,68.0,1281.64
2022-09-09,US,Salem,pm25,72,12.0,103.0,42.0,6717.25
2022-09-09,US,Madison,pm25,48,24.0,55.0,29.0,355.71
2022-09-09,US,Nashville,pm25,72,5.0,50.0,35.0,947.88
2022-09-09,US,Tucson,pm25,127,5.0,50.0,21.0,960.05
2022-09-09,US,Queens,pm25,91,1.0,72.0,25.0,1667.16
2022-09-09,US,Tallahassee,pm25,71,6.0,43.0,28.0,602.52
2022-09-09,US,Fort Worth,pm25,48,9.0,72.0,39.0,1070.78
2022-09-09,RS,Novi Sad,pm25,24,40.0,70.0,50.0,573.46
2022-09-09,RS,Niš,pm25,48,27.0,68.0,54.0,1161.42
2022-09-09,RS,Belgrade,pm25,119,18.0,82.0,53.0,1832.76
2022-09-09,CY,Nicosia,pm25,24,34.0,63.0,49.0,695.58
2022-09-09,CY,Limassol,pm25,24,30.0,82.0,46.0,2260.8
2022-09-09,HR,Zagreb,pm25,24,10.0,71.0,22.0,2995.2
2022-09-09,MK,Skopje,pm25,168,17.0,131.0,54.0,3854.58
2022-09-10,GE,Tbilisi,pm25,96,26.0,52.0,35.0,502.52
2022-09-10,HU,Győr,pm25,46,9.0,76.0,34.0,4484.44
2022-09-10,HU,Szeged,pm25,19,17.0,57.0,38.0,1337.31
2022-09-10,HU,Pécs,pm25,62,5.0,30.0,13.0,398.92
2022-09-10,HU,Kecskemét,pm25,40,5.0,57.0,17.0,4194.13
2022-09-10,HU,Miskolc,pm25,101,13.0,61.0,34.0,1457.79
2022-09-10,HU,Budapest,pm25,194,5.0,55.0,13.0,1989.29
2022-09-10,JP,Fukuoka,pm25,392,9.0,102.0,42.0,1644.32
2022-09-10,JP,Kanazawa,pm25,225,5.0,50.0,25.0,902.86
2022-09-10,JP,Kumamoto,pm25,376,5.0,134.0,53.0,4522.96
2022-09-10,JP,Akita,pm25,43,13.0,80.0,38.0,2291.22
2022-09-10,JP,Gifu-shi,pm25,97,5.0,61.0,30.0,2270.84
2022-09-10,JP,Kyoto,pm25,536,5.0,65.0,34.0,1495.3
2022-09-10,JP,Hiroshima,pm25,271,5.0,72.0,21.0,1581.38
2022-09-10,JP,Shizuoka,pm25,250,5.0,68.0,25.0,2334.26
2022-09-10,JP,Chiba,pm25,741,5.0,107.0,30.0,2642.78
2022-09-10,JP,Sapporo,pm25,183,5.0,59.0,17.0,1102.02
2022-09-10,JP,Yokohama,pm25,545,1.0,63.0,30.0,2039.35
2022-09-10,JP,Tokyo,pm25,2495,1.0,167.0,34.0,2230.17
2022-09-10,JP,Saitama,pm25,474,5.0,65.0,30.0,1894.27
2022-09-10,JP,Naha,pm25,144,9.0,38.0,25.0,703.06
2022-09-10,JP,Nagasaki,pm25,161,17.0,78.0,46.0,1822.89
2022-09-10,JP,Toyama,pm25,164,5.0,68.0,34.0,1683.63
2022-09-10,JP,Niigata,pm25,210,13.0,55.0,34.0,847.83
2022-09-10,JP,Nara-shi,pm25,186,5.0,59.0,25.0,1008.73
2022-09-10,JP,Okayama,pm25,276,9.0,80.0,21.0,855.44
2022-09-10,JP,Sendai,pm25,472,9.0,65.0,38.0,1359.35
2022-09-10,JP,Osaka,pm25,1409,5.0,93.0,30.0,1397.32
2022-09-10,JP,Miyazaki,pm25,140,5.0,89.0,55.0,2077.39
2022-09-10,JP,Matsuyama,pm25,158,5.0,82.0,38.0,2757.22
2022-09-10,JP,Wakayama,pm25,281,5.0,76.0,25.0,1744.33
2022-09-10,JP,Takamatsu,pm25,235,5.0,65.0,25.0,1312.58
2022-09-10,JP,Nagoya,pm25,705,1.0,89.0,25.0,2037.48
2022-09-10,JP,Ōita,pm25,245,5.0,78.0,38.0,2243.59
2022-09-10,JP,Kobe,pm25,417,9.0,117.0,30.0,1539.96
2022-09-10,JP,Nagano,pm25,66,5.0,61.0,25.0,2979.18
2022-09-10,JP,Utsunomiya,pm25,431,5.0,72.0,34.0,1795.47
2022-09-10,JP,Kagoshima,pm25,96,30.0,95.0,53.0,1882.92
2022-09-10,SK,Košice,pm25,96,9.0,78.0,30.0,949.36
2022-09-10,SK,Bratislava,pm25,77,5.0,55.0,13.0,933.1
2022-09-10,FI,Vantaa,pm25,24,8.0,48.0,21.0,1433.26
2022-09-10,FI,Turku,pm25,24,7.0,41.0,16.0,690.43
2022-09-10,FI,Helsinki,pm25,120,9.0,55.0,15.0,727.67
2022-09-10,FI,Tampere,pm25,96,3.0,34.0,15.0,393.32
2022-09-10,ET,Addis Ababa,pm25,24,87.0,193.0,129.0,8650.15
2022-09-10,CH,Zürich,pm25,14,1.0,2.0,1.0,0.71
2022-09-10,CO,Bogotá,pm25,240,5.0,134.0,34.0,6688.07
2022-09-10,CO,Medellín,pm25,288,30.0,93.0,61.0,1297.15
2022-09-10,DK,Copenhagen,pm25,24,19.0,48.0,29.0,339.93
2022-09-10,GB,Edinburgh,pm25,285,8.0,68.0,13.0,1272.67
2022-09-10,GB,Norwich,pm25,17,25.0,42.0,30.0,302.35
2022-09-10,GB,Liverpool,pm25,45,9.0,45.0,21.0,704.92
2022-09-10,GB,Belfast,pm25,37,17.0,29.0,19.0,115.53
2022-09-10,GB,Coventry,pm25,58,17.0,39.0,25.0,387.75
2022-09-10,GB,Leeds,pm25,38,13.0,65.0,25.0,1656.68
2022-09-10,GB,Cardiff,pm25,119,5.0,53.0,30.0,1712.1
2022-09-10,GB,Bristol,pm25,70,5.0,74.0,21.0,2366.58
2022-09-10,GB,London,pm25,552,5.0,93.0,38.0,1854.55
2022-09-10,GB,Birmingham,pm25,46,17.0,63.0,30.0,1291.44
2022-09-10,GB,Sheffield,pm25,88,13.0,50.0,21.0,1116.22
2022-09-10,GB,Newport,pm25,44,4.0,46.0,10.0,1157.65
2022-09-10,GB,Leicester,pm25,14,21.0,38.0,26.0,306.87
2022-09-10,GB,Manchester,pm25,75,5.0,55.0,19.0,1386.04
2022-09-10,GB,Reading,pm25,48,5.0,53.0,13.0,1108.87
2022-09-10,GB,Plymouth,pm25,35,9.0,37.0,21.0,312.32
2022-09-10,GB,Glasgow,pm25,572,8.0,58.0,15.0,340.04
2022-09-10,GB,Preston,pm25,39,6.0,22.0,12.0,230.9
2022-09-10,GB,Swansea,pm25,156,5.0,114.0,21.0,2481.87
2022-09-10,GB,Southend-on-Sea,pm25,40,25.0,116.0,43.0,2469.69
2022-09-10,ID,Jakarta,pm25,69,50.0,371.0,101.0,17154.5
2022-09-10,NP,Kathmandu,pm25,47,34.0,107.0,53.0,2786.88
2022-09-10,NP,Biratnagar,pm25,24,10.0,64.0,40.0,1806.36
2022-09-10,AU,Sydney,pm25,131,1.0,54.0,9.0,857.51
2022-09-10,AU,Newcastle,pm25,127,1.0,59.0,15.0,1581.19
2022-09-10,AU,Launceston,pm25,121,5.0,85.0,13.0,2185.87
2022-09-10,AU,Hobart,pm25,60,5.0,46.0,9.0,869.97
2022-09-10,AU,Darwin,pm25,69,1.0,66.0,33.0,2202.97
2022-09-10,AU,Melbourne,pm25,161,1.0,52.0,19.0,1266.53
2022-09-10,AU,Canberra,pm25,51,1.0,60.0,10.0,2525.7
2022-09-10,AU,Adelaide,pm25,93,1.0,85.0,21.0,1917.79
2022-09-10,AU,Brisbane,pm25,208,1.0,60.0,14.0,1052.97
2022-09-10,AU,Perth,pm25,90,2.0,19.0,8.0,208.43
2022-09-10,AU,Wollongong,pm25,30,1.0,44.0,15.0,1089.38
2022-09-10,CI,Abidjan,pm25,24,34.0,68.0,55.0,704.28
2022-09-10,GH,Accra,pm25,24,34.0,76.0,55.0,1419.93
2022-09-10,IQ,Baghdad,pm25,24,95.0,174.0,122.0,6631.72
2022-09-10,IS,Reykjavík,pm25,88,2.0,27.0,11.0,263.9
2022-09-10,KG,Bishkek,pm25,24,63.0,134.0,82.0,2117.37
2022-09-10,NL,Utrecht,pm25,48,13.0,65.0,34.0,1579.98
2022-09-10,NL,Nijmegen,pm25,46,1.0,54.0,26.0,1621.14
2022-09-10,NL,Haarlem,pm25,141,3.0,89.0,26.0,1883.89
2022-09-10,NL,Eindhoven,pm25,24,10.0,56.0,37.0,1673.75
2022-09-10,NL,Rotterdam,pm25,192,3.0,43.0,20.0,539.81
2022-09-10,NL,Amsterdam,pm25,260,1.0,54.0,23.0,1467.53
2022-09-10,NL,Dordrecht,pm25,24,13.0,61.0,25.0,1595.0
2022-09-10,NL,Breda,pm25,24,10.0,51.0,26.0,1594.76
2022-09-10,NL,Groningen,pm25,48,8.0,65.0,37.0,2130.21
2022-09-10,NL,Maastricht,pm25,61,5.0,50.0,21.0,1336.83
2022-09-10,NL,The Hague,pm25,70,2.0,39.0,15.0,511.86
2022-09-10,PT,Lisbon,pm25,31,10.0,24.0,17.0,146.47
2022-09-10,PT,Funchal,pm25,67,1.0,27.0,19.0,648.05
2022-09-10,CA,Hamilton,pm25,35,13.0,57.0,34.0,1479.11
2022-09-10,CA,Calgary,pm25,115,2.0,200.0,57.0,37513.4
2022-09-10,CA,Winnipeg,pm25,24,20.0,44.0,30.0,614.62
2022-09-10,CA,Halifax,pm25,46,13.0,22.0,16.0,58.92
2022-09-10,CA,Kitchener,pm25,20,9.0,53.0,30.0,1429.34
2022-09-10,CA,Edmonton,pm25,170,1.0,200.0,85.0,39717.8
2022-09-10,CA,Mississauga,pm25,25,21.0,50.0,30.0,761.73
2022-09-10,CA,Québec,pm25,184,25.0,80.0,40.0,1878.63
2022-09-10,CA,Vancouver,pm25,22,35.0,81.0,55.0,845.39
2022-09-10,CA,Victoria,pm25,46,5.0,158.0,55.0,18813.6
2022-09-10,CA,Montréal,pm25,438,12.0,63.0,35.0,1065.8
2022-09-10,CA,Toronto,pm25,55,9.0,63.0,34.0,1911.56
2022-09-10,CA,Ottawa,pm25,56,25.0,49.0,35.0,377.06
2022-09-10,CA,London,pm25,9,34.0,57.0,38.0,520.0
2022-09-10,US,Oklahoma City,pm25,96,15.0,63.0,48.0,1173.52
2022-09-10,US,Raleigh,pm25,69,5.0,61.0,25.0,1696.37
2022-09-10,US,Memphis,pm25,72,12.0,40.0,23.0,414.86
2022-09-10,US,Jackson,pm25,72,18.0,68.0,26.0,1476.88
2022-09-10,US,Boston,pm25,121,21.0,87.0,38.0,1314.27
2022-09-10,US,Richmond,pm25,77,28.0,44.0,34.0,137.01
2022-09-10,US,Portland,pm25,168,32.0,152.0,89.0,5543.99
2022-09-10,US,Boise,pm25,48,62.0,165.0,102.0,10228.4
2022-09-10,US,Austin,pm25,47,9.0,68.0,50.0,1470.12
2022-09-10,US,Honolulu,pm25,40,5.0,34.0,13.0,615.58
2022-09-10,US,Fresno,pm25,48,22.0,80.0,55.0,2384.4
2022-09-10,US,Milwaukee,pm25,144,15.0,76.0,42.0,1118.9
2022-09-10,US,Hartford,pm25,48,30.0,54.0,38.0,391.59
2022-09-10,US,Washington D.C.,pm25,82,5.0,50.0,25.0,888.64
2022-09-10,US,Chicago,pm25,237,9.0,79.0,49.0,1503.97
2022-09-10,US,Houston,pm25,96,25.0,87.0,55.0,1446.32
2022-09-10,US,Indianapolis,pm25,120,7.0,81.0,38.0,2502.67
2022-09-10,US,Atlanta,pm25,24,9.0,32.0,23.0,530.36
2022-09-10,US,Charlotte,pm25,72,5.0,59.0,21.0,1037.09
2022-09-10,US,Sacramento,pm25,72,34.0,85.0,56.0,1208.17
2022-09-10,US,Oakland,pm25,119,30.0,80.0,59.0,1070.24
2022-09-10,US,Providence,pm25,24,17.0,91.0,30.0,3669.4
2022-09-10,US,Staten Island,pm25,120,1.0,68.0,35.0,1618.31
2022-09-10,US,Brooklyn,pm25,144,10.0,70.0,33.0,1147.53
2022-09-10,US,Springfield,pm25,72,24.0,94.0,47.0,1763.65
2022-09-10,US,The Bronx,pm25,48,14.0,70.0,25.0,1654.11
2022-09-10,US,San Jose,pm25,96,9.0,85.0,55.0,2737.75
2022-09-10,US,Los Angeles,pm25,48,10.0,52.0,28.0,1123.12
2022-09-10,US,Detroit,pm25,159,19.0,65.0,31.0,701.58
2022-09-10,US,Little Rock,pm25,23,5.0,57.0,30.0,936.01
2022-09-10,US,Baltimore,pm25,44,9.0,53.0,35.0,1292.14
2022-09-10,US,Phoenix,pm25,175,1.0,30.0,13.0,359.97
2022-09-10,US,Omaha,pm25,47,9.0,57.0,25.0,1066.93
2022-09-10,US,El Paso,pm25,145,5.0,69.0,30.0,2563.74
2022-09-10,US,Dallas,pm25,21,38.0,78.0,57.0,1363.9
2022-09-10,US,Seattle,pm25,260,5.0,222.0,104.0,25232.9
2022-09-10,US,Manhattan,pm25,72,4.0,62.0,28.0,1198.03
2022-09-10,US,Miami,pm25,94,15.0,52.0,23.0,404.31
2022-09-10,US,Jacksonville,pm25,144,12.0,50.0,23.0,572.36
2022-09-10,US,San Antonio,pm25,94,13.0,65.0,50.0,1386.28
2022-09-10,US,Philadelphia,pm25,96,6.0,83.0,33.0,2352.21
2022-09-10,US,San Diego,pm25,24,19.0,43.0,32.0,686.36
2022-09-10,US,Columbus,pm25,48,10.0,46.0,28.0,363.4
2022-09-10,US,Saint Paul,pm25,144,5.0,144.0,33.0,3124.26
2022-09-10,US,Denver,pm25,150,5.0,34.0,17.0,472.55
2022-09-10,US,Salt Lake City,pm25,214,54.0,157.0,96.0,6708.23
2022-09-10,US,Albuquerque,pm25,72,24.0,67.0,39.0,882.11
2022-09-10,US,San Francisco,pm25,72,25.0,122.0,55.0,3214.08
2022-09-10,US,Salem,pm25,72,28.0,133.0,83.0,7271.08
2022-09-10,US,Madison,pm25,48,5.0,53.0,30.0,1260.85
2022-09-10,US,Nashville,pm25,70,9.0,42.0,27.0,585.47
2022-09-10,US,Tucson,pm25,116,5.0,30.0,9.0,313.15
2022-09-10,US,Queens,pm25,96,3.0,52.0,30.0,1179.01
2022-09-10,US,Tallahassee,pm25,67,3.0,43.0,16.0,627.15
2022-09-10,US,Fort Worth,pm25,48,13.0,76.0,42.0,1769.5
2022-09-10,RS,Novi Sad,pm25,24,12.0,63.0,34.0,2681.29
2022-09-10,RS,Niš,pm25,48,19.0,67.0,52.0,1232.62
2022-09-10,RS,Belgrade,pm25,120,6.0,72.0,25.0,3337.64
2022-09-10,CY,Nicosia,pm25,24,46.0,70.0,53.0,373.62
2022-09-10,CY,Limassol,pm25,24,24.0,67.0,54.0,1671.29
2022-09-10,HR,Zagreb,pm25,24,5.0,52.0,16.0,2269.28
2022-09-10,MK,Skopje,pm25,168,13.0,85.0,42.0,3665.67
2022-09-11,GE,Tbilisi,pm25,96,41.0,63.0,49.0,412.46
2022-09-11,HU,Győr,pm25,48,13.0,46.0,25.0,885.89
2022-09-11,HU,Szeged,pm25,21,5.0,30.0,13.0,579.57
2022-09-11,HU,Pécs,pm25,66,5.0,13.0,9.0,79.55
2022-09-11,HU,Kecskemét,pm25,32,5.0,13.0,9.0,56.13
2022-09-11,HU,Miskolc,pm25,119,9.0,68.0,21.0,1259.45
2022-09-11,HU,Budapest,pm25,115,5.0,30.0,13.0,171.08
2022-09-11,JP,Fukuoka,pm25,390,5.0,134.0,46.0,2439.29
2022-09-11,JP,Kanazawa,pm25,233,5.0,55.0,30.0,922.11
2022-09-11,JP,Kumamoto,pm25,354,5.0,129.0,53.0,3817.05
2022-09-11,JP,Akita,pm25,40,9.0,76.0,46.0,1648.92
2022-09-11,JP,Gifu-shi,pm25,94,9.0,78.0,42.0,1305.03
2022-09-11,JP,Kyoto,pm25,558,5.0,74.0,46.0,1480.04
2022-09-11,JP,Hiroshima,pm25,255,5.0,61.0,21.0,1507.56
2022-09-11,JP,Shizuoka,pm25,228,5.0,80.0,30.0,1787.25
2022-09-11,JP,Chiba,pm25,763,5.0,87.0,38.0,2446.02
2022-09-11,JP,Sapporo,pm25,209,5.0,97.0,30.0,1868.8
2022-09-11,JP,Yokohama,pm25,549,1.0,68.0,38.0,2106.93
2022-09-11,JP,Tokyo,pm25,2528,1.0,134.0,38.0,1911.75
2022-09-11,JP,Saitama,pm25,496,5.0,72.0,38.0,1847.55
2022-09-11,JP,Naha,pm25,138,5.0,25.0,13.0,216.92
2022-09-11,JP,Nagasaki,pm25,192,5.0,97.0,55.0,2142.97
2022-09-11,JP,Toyama,pm25,170,5.0,999.0,38.0,55877.3
2022-09-11,JP,Niigata,pm25,216,21.0,59.0,42.0,640.53
2022-09-11,JP,Nara-shi,pm25,183,5.0,72.0,46.0,1853.63
2022-09-11,JP,Okayama,pm25,273,5.0,80.0,38.0,3017.88
2022-09-11,JP,Sendai,pm25,471,9.0,59.0,34.0,856.63
2022-09-11,JP,Osaka,pm25,1427,5.0,109.0,38.0,1821.4
2022-09-11,JP,Miyazaki,pm25,130,5.0,91.0,42.0,2836.16
2022-09-11,JP,Matsuyama,pm25,154,5.0,85.0,38.0,3080.14
2022-09-11,JP,Wakayama,pm25,281,5.0,82.0,38.0,1651.25
2022-09-11,JP,Takamatsu,pm25,237,5.0,68.0,34.0,1806.06
2022-09-11,JP,Nagoya,pm25,756,5.0,91.0,42.0,2031.88
2022-09-11,JP,Ōita,pm25,249,5.0,72.0,38.0,2459.71
2022-09-11,JP,Kobe,pm25,421,9.0,119.0,42.0,1399.39
2022-09-11,JP,Nagano,pm25,68,9.0,55.0,25.0,1849.03
2022-09-11,JP,Utsunomiya,pm25,429,5.0,61.0,42.0,1474.84
2022-09-11,JP,Kagoshima,pm25,92,5.0,59.0,25.0,1465.61
2022-09-11,SK,Košice,pm25,91,5.0,63.0,21.0,2276.18
2022-09-11,SK,Bratislava,pm25,53,5.0,30.0,9.0,382.61
2022-09-11,FI,Vantaa,pm25,24,13.0,54.0,23.0,1145.43
2022-09-11,FI,Turku,pm25,24,12.0,41.0,20.0,726.67
2022-09-11,FI,Helsinki,pm25,120,9.0,51.0,21.0,481.95
2022-09-11,FI,Tampere,pm25,96,3.0,35.0,17.0,306.05
2022-09-11,ET,Addis Ababa,pm25,24,57.0,157.0,82.0,6424.57
2022-09-11,CH,Zürich,pm25,10,1.0,1.0,1.0,0.0
2022-09-11,CO,Bogotá,pm25,235,1.0,97.0,22.0,4432.94
2022-09-11,CO,Medellín,pm25,239,21.0,85.0,57.0,1740.44
2022-09-11,DK,Copenhagen,pm25,24,15.0,44.0,24.0,450.27
2022-09-11,GB,Edinburgh,pm25,282,6.0,100.0,15.0,2433.52
2022-09-11,GB,Norwich,pm25,18,25.0,48.0,30.0,656.77
2022-09-11,GB,Liverpool,pm25,39,20.0,63.0,38.0,1497.04
2022-09-11,GB,Belfast,pm25,43,9.0,50.0,21.0,395.41
2022-09-11,GB,Coventry,pm25,52,24.0,50.0,31.0,304.48
2022-09-11,GB,Leeds,pm25,44,21.0,61.0,46.0,852.49
2022-09-11,GB,Cardiff,pm25,142,5.0,61.0,38.0,2472.42
2022-09-11,GB,Bristol,pm25,59,17.0,68.0,38.0,1251.67
2022-09-11,GB,London,pm25,530,1.0,107.0,38.0,2141.58
2022-09-11,GB,Birmingham,pm25,37,14.0,81.0,42.0,1539.74
2022-09-11,GB,Sheffield,pm25,89,14.0,61.0,34.0,1307.19
2022-09-11,GB,Newport,pm25,48,12.0,46.0,21.0,533.76
2022-09-11,GB,Leicester,pm25,16,22.0,61.0,36.0,1182.5
2022-09-11,GB,Manchester,pm25,70,23.0,52.0,32.0,609.9
2022-09-11,GB,Reading,pm25,44,9.0,46.0,30.0,1060.63
2022-09-11,GB,Plymouth,pm25,38,13.0,40.0,25.0,616.31
2022-09-11,GB,Glasgow,pm25,572,3.0,51.0,18.0,426.88
2022-09-11,GB,Preston,pm25,46,9.0,44.0,28.0,861.99
2022-09-11,GB,Swansea,pm25,151,5.0,114.0,34.0,3141.75
2022-09-11,GB,Southend-on-Sea,pm25,39,23.0,65.0,41.0,1145.24
2022-09-11,ID,Jakarta,pm25,71,25.0,156.0,93.0,10915.8
2022-09-11,NP,Kathmandu,pm25,42,34.0,107.0,74.0,2766.25
2022-09-11,NP,Biratnagar,pm25,24,41.0,61.0,50.0,272.97
2022-09-11,AU,Sydney,pm25,142,1.0,55.0,14.0,1065.1
2022-09-11,AU,Newcastle,pm25,126,1.0,75.0,14.0,1794.87
2022-09-11,AU,Launceston,pm25,83,5.0,46.0,5.0,694.53
2022-09-11,AU,Hobart,pm25,29,5.0,9.0,5.0,5.52
2022-09-11,AU,Darwin,pm25,68,4.0,91.0,27.0,2836.29
2022-09-11,AU,Melbourne,pm25,143,1.0,39.0,15.0,815.61
2022-09-11,AU,Canberra,pm25,60,1.0,57.0,16.0,1987.8
2022-09-11,AU,Adelaide,pm25,90,4.0,195.0,21.0,5709.06
2022-09-11,AU,Brisbane,pm25,213,1.0,50.0,13.0,410.59
2022-09-11,AU,Perth,pm25,92,2.0,40.0,17.0,927.32
2022-09-11,AU,Wollongong,pm25,32,2.0,54.0,19.0,1761.77
2022-09-11,CI,Abidjan,pm25,24,34.0,65.0,50.0,677.39
2022-09-11,GH,Accra,pm25,24,46.0,76.0,55.0,844.28
2022-09-11,IQ,Baghdad,pm25,24,104.0,195.0,151.0,5996.07
2022-09-11,IS,Reykjavík,pm25,72,4.0,14.0,11.0,100.97
2022-09-11,KG,Bishkek,pm25,24,65.0,192.0,78.0,7069.56
2022-09-11,NL,Utrecht,pm25,48,16.0,70.0,49.0,2125.39
2022-09-11,NL,Nijmegen,pm25,48,18.0,65.0,47.0,1932.55
2022-09-11,NL,Haarlem,pm25,139,3.0,205.0,30.0,3985.47
2022-09-11,NL,Eindhoven,pm25,24,36.0,69.0,55.0,756.74
2022-09-11,NL,Rotterdam,pm25,192,10.0,97.0,39.0,2100.62
2022-09-11,NL,Amsterdam,pm25,257,3.0,67.0,33.0,1807.65
2022-09-11,NL,Dordrecht,pm25,24,13.0,70.0,46.0,2022.61
2022-09-11,NL,Breda,pm25,24,15.0,68.0,51.0,1873.03
2022-09-11,NL,Groningen,pm25,46,1.0,69.0,29.0,3521.86
2022-09-11,NL,Maastricht,pm25,68,9.0,70.0,42.0,2530.88
2022-09-11,NL,The Hague,pm25,72,12.0,60.0,28.0,1336.21
2022-09-11,PT,Lisbon,pm25,18,15.0,23.0,16.0,108.01
2022-09-11,PT,Funchal,pm25,64,2.0,31.0,17.0,521.97
2022-09-11,CA,Hamilton,pm25,86,9.0,53.0,21.0,1067.46
2022-09-11,CA,Calgary,pm25,110,18.0,999.0,40.0,108982.0
2022-09-11,CA,Winnipeg,pm25,24,22.0,52.0,32.0,785.2
2022-09-11,CA,Halifax,pm25,46,10.0,26.0,20.0,182.36
2022-09-11,CA,Kitchener,pm25,46,5.0,57.0,25.0,2556.08
2022-09-11,CA,Edmonton,pm25,183,4.0,249.0,130.0,29668.8
2022-09-11,CA,Mississauga,pm25,67,9.0,50.0,30.0,1545.73
2022-09-11,CA,Québec,pm25,165,25.0,80.0,44.0,1081.16
2022-09-11,CA,Vancouver,pm25,22,83.0,164.0,114.0,7507.03
2022-09-11,CA,Victoria,pm25,44,61.0,160.0,109.0,14661.6
2022-09-11,CA,Montréal,pm25,428,15.0,72.0,38.0,1189.44
2022-09-11,CA,Toronto,pm25,137,5.0,63.0,25.0,1555.66
2022-09-11,CA,Ottawa,pm25,56,25.0,51.0,42.0,453.79
2022-09-11,CA,London,pm25,41,9.0,57.0,21.0,1659.76
2022-09-11,US,Oklahoma City,pm25,96,9.0,50.0,31.0,861.75
2022-09-11,US,Raleigh,pm25,64,5.0,55.0,21.0,1197.95
2022-09-11,US,Memphis,pm25,72,12.0,44.0,28.0,705.53
2022-09-11,US,Jackson,pm25,72,15.0,79.0,35.0,1961.67
2022-09-11,US,Boston,pm25,123,17.0,78.0,42.0,1122.34
2022-09-11,US,Richmond,pm25,72,14.0,39.0,22.0,623.5
2022-09-11,US,Portland,pm25,168,60.0,137.0,81.0,3855.45
2022-09-11,US,Boise,pm25,48,95.0,149.0,122.0,2193.4
2022-09-11,US,Austin,pm25,48,9.0,70.0,38.0,1876.91
2022-09-11,US,Honolulu,pm25,41,5.0,38.0,13.0,820.8
2022-09-11,US,Fresno,pm25,48,43.0,76.0,58.0,655.07
2022-09-11,US,Milwaukee,pm25,144,3.0,87.0,22.0,2563.23
2022-09-11,US,Hartford,pm25,48,20.0,53.0,40.0,975.32
2022-09-11,US,Washington D.C.,pm25,64,5.0,42.0,17.0,835.38
2022-09-11,US,Chicago,pm25,192,2.0,95.0,29.0,3601.34
2022-09-11,US,Houston,pm25,96,24.0,99.0,54.0,1516.68
2022-09-11,US,Indianapolis,pm25,117,5.0,61.0,25.0,1234.28
2022-09-11,US,Atlanta,pm25,24,15.0,41.0,23.0,721.14
2022-09-11,US,Charlotte,pm25,68,5.0,38.0,15.0,562.98
2022-09-11,US,Sacramento,pm25,72,34.0,112.0,76.0,3701.38
2022-09-11,US,Oakland,pm25,120,34.0,80.0,55.0,597.94
2022-09-11,US,Providence,pm25,23,9.0,85.0,38.0,3979.88
2022-09-11,US,Staten Island,pm25,117,3.0,50.0,26.0,987.69
2022-09-11,US,Brooklyn,pm25,140,1.0,58.0,30.0,1170.4
2022-09-11,US,Springfield,pm25,72,4.0,61.0,28.0,1724.63
2022-09-11,US,The Bronx,pm25,48,7.0,52.0,22.0,773.19
2022-09-11,US,San Jose,pm25,95,9.0,76.0,53.0,2180.9
2022-09-11,US,Los Angeles,pm25,48,7.0,50.0,22.0,825.63
2022-09-11,US,Detroit,pm25,144,5.0,49.0,29.0,1299.88
2022-09-11,US,Little Rock,pm25,22,15.0,52.0,33.0,1078.96
2022-09-11,US,Baltimore,pm25,42,5.0,35.0,16.0,611.13
2022-09-11,US,Phoenix,pm25,190,1.0,157.0,16.0,2702.49
2022-09-11,US,Omaha,pm25,46,5.0,57.0,21.0,1307.1
2022-09-11,US,El Paso,pm25,168,13.0,78.0,34.0,1685.42
2022-09-11,US,Dallas,pm25,24,5.0,72.0,25.0,3469.57
2022-09-11,US,Seattle,pm25,262,21.0,168.0,89.0,8931.69
2022-09-11,US,Manhattan,pm25,70,2.0,57.0,27.0,1014.11
2022-09-11,US,Miami,pm25,93,10.0,33.0,21.0,363.27
2022-09-11,US,Jacksonville,pm25,144,7.0,67.0,24.0,576.26
2022-09-11,US,San Antonio,pm25,93,9.0,63.0,41.0,1433.49
2022-09-11,US,Philadelphia,pm25,87,3.0,50.0,25.0,712.32
2022-09-11,US,San Diego,pm25,24,16.0,29.0,21.0,151.01
2022-09-11,US,Columbus,pm25,44,3.0,29.0,15.0,546.23
2022-09-11,US,Saint Paul,pm25,140,5.0,149.0,31.0,4477.67
2022-09-11,US,Denver,pm25,142,17.0,65.0,38.0,1184.6
2022-09-11,US,Salt Lake City,pm25,216,56.0,116.0,86.0,1087.1
2022-09-11,US,Albuquerque,pm25,72,17.0,51.0,30.0,781.1
2022-09-11,US,San Francisco,pm25,72,34.0,68.0,53.0,530.48
2022-09-11,US,Salem,pm25,72,53.0,113.0,64.0,3048.54
2022-09-11,US,Madison,pm25,48,5.0,27.0,17.0,444.04
2022-09-11,US,Nashville,pm25,70,5.0,46.0,28.0,1036.08
2022-09-11,US,Tucson,pm25,147,5.0,46.0,17.0,727.23
2022-09-11,US,Queens,pm25,96,1.0,39.0,24.0,972.76
2022-09-11,US,Tallahassee,pm25,68,2.0,58.0,21.0,1041.32
2022-09-11,US,Fort Worth,pm25,47,4.0,60.0,26.0,1765.92
2022-09-11,RS,Novi Sad,pm25,24,11.0,32.0,16.0,278.24
2022-09-11,RS,Niš,pm25,48,17.0,70.0,48.0,2147.93
2022-09-11,RS,Belgrade,pm25,120,5.0,44.0,15.0,783.6
2022-09-11,CY,Nicosia,pm25,24,20.0,87.0,61.0,2875.63
2022-09-11,CY,Limassol,pm25,24,49.0,67.0,58.0,262.59
2022-09-11,HR,Zagreb,pm25,24,5.0,42.0,15.0,842.59
2022-09-11,MK,Skopje,pm25,167,14.0,86.0,39.0,2292.42
2022-09-12,GE,Tbilisi,pm25,96,42.0,82.0,54.0,1105.36
2022-09-12,HU,Győr,pm25,48,13.0,59.0,30.0,1438.71
2022-09-12,HU,Szeged,pm25,24,13.0,50.0,21.0,981.67
2022-09-12,HU,Pécs,pm25,72,9.0,38.0,21.0,582.82
2022-09-12,HU,Kecskemét,pm25,36,17.0,34.0,25.0,178.54
2022-09-12,HU,Miskolc,pm25,114,9.0,55.0,25.0,1032.36
2022-09-12,HU,Budapest,pm25,240,13.0,46.0,21.0,658.99
2022-09-12,JP,Fukuoka,pm25,385,5.0,104.0,42.0,1931.95
2022-09-12,JP,Kanazawa,pm25,237,5.0,59.0,38.0,1122.06
2022-09-12,JP,Kumamoto,pm25,320,5.0,129.0,25.0,3665.07
2022-09-12,JP,Akita,pm25,38,9.0,61.0,34.0,1302.54
2022-09-12,JP,Kochi,pm25,20,13.0,57.0,30.0,976.42
2022-09-12,JP,Gifu-shi,pm25,92,5.0,70.0,42.0,2129.35
2022-09-12,JP,Kyoto,pm25,578,9.0,72.0,42.0,1555.66
2022-09-12,JP,Hiroshima,pm25,302,5.0,91.0,42.0,4111.63
2022-09-12,JP,Shizuoka,pm25,230,5.0,68.0,30.0,1826.16
2022-09-12,JP,Chiba,pm25,736,5.0,112.0,25.0,2592.52
2022-09-12,JP,Sapporo,pm25,142,13.0,89.0,34.0,1570.4
2022-09-12,JP,Yokohama,pm25,539,1.0,61.0,25.0,1260.77
2022-09-12,JP,Tokyo,pm25,2489,1.0,151.0,25.0,1238.83
2022-09-12,JP,Saitama,pm25,491,5.0,61.0,25.0,991.59
2022-09-12,JP,Naha,pm25,132,5.0,21.0,13.0,251.82
2022-09-12,JP,Nagasaki,pm25,191,5.0,65.0,46.0,1884.6
2022-09-12,JP,Toyama,pm25,187,5.0,74.0,50.0,1500.58
2022-09-12,JP,Niigata,pm25,215,9.0,53.0,30.0,629.26
2022-09-12,JP,Nara-shi,pm25,180,5.0,65.0,30.0,1817.06
2022-09-12,JP,Okayama,pm25,281,21.0,72.0,46.0,1194.24
2022-09-12,JP,Sendai,pm25,470,5.0,59.0,30.0,825.79
2022-09-12,JP,Osaka,pm25,1432,5.0,95.0,38.0,1872.4
2022-09-12,JP,Miyazaki,pm25,134,5.0,221.0,42.0,4873.33
2022-09-12,JP,Matsuyama,pm25,160,5.0,89.0,50.0,3628.45
2022-09-12,JP,Wakayama,pm25,260,17.0,95.0,42.0,1039.28
2022-09-12,JP,Takamatsu,pm25,238,13.0,74.0,42.0,1637.15
2022-09-12,JP,Nagoya,pm25,758,5.0,89.0,38.0,2530.9
2022-09-12,JP,Ōita,pm25,237,5.0,65.0,34.0,2320.99
2022-09-12,JP,Kobe,pm25,416,5.0,80.0,42.0,1322.67
2022-09-12,JP,Nagano,pm25,72,9.0,80.0,34.0,3222.44
2022-09-12,JP,Utsunomiya,pm25,407,5.0,57.0,30.0,1119.02
2022-09-12,JP,Kagoshima,pm25,91,5.0,74.0,30.0,1744.32
2022-09-12,SK,Košice,pm25,85,5.0,55.0,25.0,1741.94
2022-09-12,SK,Bratislava,pm25,93,9.0,76.0,25.0,2125.35
2022-09-12,FI,Vantaa,pm25,24,14.0,43.0,26.0,665.2
2022-09-12,FI,Turku,pm25,24,15.0,37.0,19.0,263.32
2022-09-12,FI,Helsinki,pm25,119,7.0,65.0,21.0,1288.94
2022-09-12,FI,Tampere,pm25,96,9.0,31.0,19.0,208.45
2022-09-12,ET,Addis Ababa,pm25,23,63.0,156.0,102.0,7207.87
2022-09-12,CH,Zürich,pm25,22,2.0,3.0,2.0,2.27
2022-09-12,CO,Bogotá,pm25,277,5.0,179.0,65.0,10051.5
2022-09-12,CO,Medellín,pm25,274,17.0,78.0,50.0,1770.56
2022-09-12,DK,Copenhagen,pm25,24,8.0,51.0,22.0,1460.22
2022-09-12,GB,Edinburgh,pm25,284,2.0,65.0,8.0,961.21
2022-09-12,GB,Norwich,pm25,14,23.0,70.0,48.0,1571.43
2022-09-12,GB,Liverpool,pm25,33,14.0,38.0,25.0,576.89
2022-09-12,GB,Belfast,pm25,53,6.0,21.0,15.0,108.83
2022-09-12,GB,Coventry,pm25,44,19.0,55.0,41.0,1043.76
2022-09-12,GB,Leeds,pm25,44,13.0,46.0,30.0,816.8
2022-09-12,GB,Cardiff,pm25,96,30.0,65.0,50.0,860.17
2022-09-12,GB,Bristol,pm25,71,17.0,61.0,38.0,940.91
2022-09-12,GB,London,pm25,520,5.0,82.0,34.0,2083.24
2022-09-12,GB,Birmingham,pm25,45,14.0,37.0,25.0,315.13
2022-09-12,GB,Sheffield,pm25,75,13.0,46.0,25.0,664.96
2022-09-12,GB,Newport,pm25,42,17.0,43.0,25.0,346.74
2022-09-12,GB,Leicester,pm25,22,9.0,49.0,30.0,811.0
2022-09-12,GB,Manchester,pm25,82,8.0,53.0,25.0,1105.13
2022-09-12,GB,Reading,pm25,47,9.0,57.0,34.0,1375.5
2022-09-12,GB,Plymouth,pm25,34,5.0,35.0,21.0,429.81
2022-09-12,GB,Glasgow,pm25,572,3.0,26.0,9.0,175.89
2022-09-12,GB,Preston,pm25,37,5.0,35.0,22.0,649.65
2022-09-12,GB,Swansea,pm25,138,5.0,72.0,25.0,3459.62
2022-09-12,GB,Southend-on-Sea,pm25,40,20.0,64.0,30.0,1379.77
2022-09-12,ID,Jakarta,pm25,71,17.0,151.0,91.0,6058.19
2022-09-12,ML,Bamako,pm25,14,9.0,89.0,30.0,6997.2
2022-09-12,NP,Kathmandu,pm25,58,5.0,97.0,59.0,6430.89
2022-09-12,NP,Biratnagar,pm25,24,21.0,73.0,36.0,2440.27
2022-09-12,AU,Sydney,pm25,147,1.0,60.0,14.0,1275.37
2022-09-12,AU,Newcastle,pm25,133,3.0,51.0,20.0,929.29
2022-09-12,AU,Launceston,pm25,98,5.0,112.0,9.0,3972.3
2022-09-12,AU,Hobart,pm25,41,5.0,46.0,5.0,583.02
2022-09-12,AU,Darwin,pm25,72,6.0,85.0,33.0,2235.62
2022-09-12,AU,Melbourne,pm25,161,2.0,52.0,21.0,1033.78
2022-09-12,AU,Canberra,pm25,56,1.0,60.0,17.0,2602.49
2022-09-12,AU,Adelaide,pm25,47,5.0,49.0,16.0,811.86
2022-09-12,AU,Brisbane,pm25,208,1.0,38.0,17.0,529.0
2022-09-12,AU,Perth,pm25,88,2.0,33.0,9.0,701.16
2022-09-12,AU,Wollongong,pm25,31,2.0,53.0,14.0,1658.56
2022-09-12,CI,Abidjan,pm25,24,25.0,72.0,53.0,1988.7
2022-09-12,GH,Accra,pm25,24,30.0,70.0,50.0,1324.28
2022-09-12,IQ,Baghdad,pm25,24,97.0,214.0,162.0,6987.83
2022-09-12,IS,Reykjavík,pm25,74,5.0,45.0,14.0,767.86
2022-09-12,KG,Bishkek,pm25,24,82.0,147.0,102.0,3353.89
2022-09-12,NL,Utrecht,pm25,47,14.0,87.0,57.0,3968.03
2022-09-12,NL,Nijmegen,pm25,48,11.0,122.0,46.0,7425.53
2022-09-12,NL,Haarlem,pm25,144,8.0,150.0,45.0,5145.69
2022-09-12,NL,Eindhoven,pm25,23,10.0,72.0,56.0,2058.85
2022-09-12,NL,Rotterdam,pm25,192,18.0,73.0,40.0,2052.84
2022-09-12,NL,Amsterdam,pm25,261,5.0,81.0,44.0,2887.89
2022-09-12,NL,Dordrecht,pm25,24,17.0,76.0,50.0,3042.59
2022-09-12,NL,Breda,pm25,24,16.0,76.0,54.0,3114.76
2022-09-12,NL,Groningen,pm25,46,21.0,84.0,47.0,3185.65
2022-09-12,NL,Maastricht,pm25,74,5.0,80.0,30.0,2351.65
2022-09-12,NL,The Hague,pm25,72,12.0,71.0,39.0,2576.49
2022-09-12,PT,Lisbon,pm25,41,13.0,32.0,16.0,255.55
2022-09-12,PT,Funchal,pm25,64,1.0,36.0,19.0,643.17
2022-09-12,CA,Hamilton,pm25,71,5.0,53.0,17.0,987.31
2022-09-12,CA,Calgary,pm25,99,18.0,155.0,54.0,12931.6
2022-09-12,CA,Winnipeg,pm25,24,42.0,63.0,52.0,206.07
2022-09-12,CA,Halifax,pm25,46,13.0,54.0,38.0,1657.08
2022-09-12,CA,Kitchener,pm25,43,5.0,55.0,17.0,2789.79
2022-09-12,CA,Edmonton,pm25,138,4.0,95.0,26.0,2628.21
2022-09-12,CA,Mississauga,pm25,68,9.0,55.0,17.0,1811.8
2022-09-12,CA,Québec,pm25,158,25.0,69.0,47.0,1288.94
2022-09-12,CA,Vancouver,pm25,23,50.0,158.0,68.0,23779.5
2022-09-12,CA,Victoria,pm25,46,42.0,87.0,61.0,995.29
2022-09-12,CA,Montréal,pm25,436,12.0,65.0,33.0,821.38
2022-09-12,CA,Toronto,pm25,122,5.0,55.0,17.0,1395.8
2022-09-12,CA,Ottawa,pm25,70,17.0,47.0,31.0,809.14
2022-09-12,CA,London,pm25,33,9.0,42.0,21.0,641.1
2022-09-12,US,Oklahoma City,pm25,96,24.0,57.0,36.0,591.65
2022-09-12,US,Raleigh,pm25,69,5.0,53.0,31.0,1027.65
2022-09-12,US,Memphis,pm25,72,5.0,82.0,25.0,1377.11
2022-09-12,US,Jackson,pm25,65,28.0,62.0,37.0,619.97
2022-09-12,US,Boston,pm25,110,9.0,53.0,21.0,552.88
2022-09-12,US,Richmond,pm25,72,20.0,30.0,24.0,84.44
2022-09-12,US,Portland,pm25,167,37.0,90.0,66.0,848.49
2022-09-12,US,Boise,pm25,48,76.0,124.0,97.0,1017.87
2022-09-12,US,Austin,pm25,47,13.0,57.0,34.0,1522.58
2022-09-12,US,Honolulu,pm25,37,5.0,53.0,13.0,794.23
2022-09-12,US,Fresno,pm25,48,3.0,78.0,42.0,3025.25
2022-09-12,US,Milwaukee,pm25,144,3.0,25.0,14.0,325.79
2022-09-12,US,Hartford,pm25,48,12.0,28.0,19.0,200.99
2022-09-12,US,Washington D.C.,pm25,61,5.0,53.0,13.0,1220.5
2022-09-12,US,Chicago,pm25,200,2.0,46.0,16.0,686.91
2022-09-12,US,Houston,pm25,96,5.0,87.0,45.0,1939.89
2022-09-12,US,Indianapolis,pm25,115,3.0,38.0,23.0,679.91
2022-09-12,US,Atlanta,pm25,24,22.0,46.0,37.0,518.68
2022-09-12,US,Charlotte,pm25,66,9.0,74.0,21.0,823.04
2022-09-12,US,Sacramento,pm25,72,25.0,89.0,53.0,2034.86
2022-09-12,US,Oakland,pm25,118,13.0,74.0,53.0,1300.77
2022-09-12,US,Providence,pm25,9,5.0,17.0,9.0,200.0
2022-09-12,US,Staten Island,pm25,112,2.0,52.0,21.0,1430.72
2022-09-12,US,Brooklyn,pm25,105,1.0,66.0,20.0,2871.63
2022-09-12,US,Springfield,pm25,72,18.0,36.0,23.0,193.3
2022-09-12,US,The Bronx,pm25,39,1.0,54.0,16.0,3286.84
2022-09-12,US,San Jose,pm25,92,25.0,72.0,53.0,1205.85
2022-09-12,US,Los Angeles,pm25,45,1.0,59.0,26.0,2179.36
2022-09-12,US,Detroit,pm25,144,9.0,99.0,23.0,1437.82
2022-09-12,US,Little Rock,pm25,22,9.0,76.0,33.0,2858.79
2022-09-12,US,Baltimore,pm25,42,5.0,30.0,22.0,632.27
2022-09-12,US,Phoenix,pm25,186,2.0,53.0,18.0,723.22
2022-09-12,US,Omaha,pm25,45,9.0,50.0,25.0,1098.0
2022-09-12,US,El Paso,pm25,168,3.0,69.0,34.0,2524.99
2022-09-12,US,Dallas,pm25,24,21.0,53.0,38.0,751.88
2022-09-12,US,Seattle,pm25,261,21.0,104.0,70.0,764.71
2022-09-12,US,Manhattan,pm25,71,1.0,60.0,12.0,2406.81
2022-09-12,US,Miami,pm25,85,9.0,32.0,17.0,165.72
2022-09-12,US,Jacksonville,pm25,144,8.0,56.0,21.0,607.13
2022-09-12,US,San Antonio,pm25,94,21.0,155.0,40.0,2835.48
2022-09-12,US,Philadelphia,pm25,66,13.0,59.0,23.0,837.22
2022-09-12,US,San Diego,pm25,24,10.0,24.0,18.0,186.07
2022-09-12,US,Columbus,pm25,48,3.0,31.0,16.0,334.82
2022-09-12,US,Saint Paul,pm25,138,5.0,68.0,25.0,1355.5
2022-09-12,US,Denver,pm25,150,13.0,70.0,38.0,1050.53
2022-09-12,US,Salt Lake City,pm25,216,49.0,112.0,73.0,1061.09
2022-09-12,US,Albuquerque,pm25,70,15.0,63.0,28.0,1042.52
2022-09-12,US,San Francisco,pm25,69,25.0,104.0,53.0,2030.71
2022-09-12,US,Salem,pm25,72,30.0,85.0,63.0,1705.92
2022-09-12,US,Madison,pm25,48,16.0,28.0,19.0,113.88
2022-09-12,US,Nashville,pm25,72,5.0,48.0,25.0,822.97
2022-09-12,US,Tucson,pm25,154,5.0,42.0,17.0,702.95
2022-09-12,US,Queens,pm25,88,1.0,44.0,19.0,1244.17
2022-09-12,US,Tallahassee,pm25,63,2.0,38.0,21.0,612.81
2022-09-12,US,Fort Worth,pm25,35,9.0,63.0,31.0,1548.52
2022-09-12,RS,Novi Sad,pm25,24,8.0,52.0,33.0,1812.1
2022-09-12,RS,Niš,pm25,48,17.0,64.0,37.0,1983.93
2022-09-12,RS,Belgrade,pm25,118,4.0,49.0,20.0,1141.93
2022-09-12,CY,Nicosia,pm25,21,22.0,93.0,70.0,1832.9
2022-09-12,CY,Limassol,pm25,24,54.0,82.0,65.0,509.11
2022-09-12,HR,Zagreb,pm25,24,8.0,59.0,23.0,2154.33
2022-09-12,MK,Skopje,pm25,166,1.0,90.0,38.0,2799.38
2022-09-13,GE,Tbilisi,pm25,96,52.0,92.0,59.0,1521.74
2022-09-13,HU,Győr,pm25,46,17.0,102.0,46.0,5277.91
2022-09-13,HU,Szeged,pm25,23,9.0,50.0,21.0,1723.83
2022-09-13,HU,Pécs,pm25,66,13.0,50.0,25.0,903.61
2022-09-13,HU,Kecskemét,pm25,35,13.0,34.0,21.0,313.11
2022-09-13,HU,Miskolc,pm25,117,13.0,59.0,25.0,1588.01
2022-09-13,HU,Budapest,pm25,281,9.0,164.0,30.0,2341.59
2022-09-13,JP,Fukuoka,pm25,392,5.0,127.0,42.0,1977.32
2022-09-13,JP,Kanazawa,pm25,239,5.0,68.0,46.0,1065.51
2022-09-13,JP,Kumamoto,pm25,271,5.0,97.0,17.0,2532.49
2022-09-13,JP,Akita,pm25,45,9.0,93.0,38.0,2366.04
2022-09-13,JP,Kochi,pm25,47,13.0,85.0,30.0,2063.46
2022-09-13,JP,Gifu-shi,pm25,92,9.0,87.0,50.0,2186.31
2022-09-13,JP,Kyoto,pm25,552,13.0,112.0,50.0,2254.41
2022-09-13,JP,Hiroshima,pm25,308,5.0,82.0,42.0,2332.49
2022-09-13,JP,Shizuoka,pm25,246,5.0,78.0,30.0,2054.17
2022-09-13,JP,Chiba,pm25,672,5.0,139.0,25.0,3565.34
2022-09-13,JP,Sapporo,pm25,104,9.0,89.0,38.0,2072.95
2022-09-13,JP,Yokohama,pm25,520,1.0,89.0,34.0,2867.46
2022-09-13,JP,Tokyo,pm25,2541,1.0,114.0,34.0,2052.1
2022-09-13,JP,Saitama,pm25,489,5.0,76.0,34.0,1372.12
2022-09-13,JP,Naha,pm25,138,5.0,50.0,30.0,2004.47
2022-09-13,JP,Nagasaki,pm25,180,5.0,95.0,21.0,1426.18
2022-09-13,JP,Toyama,pm25,192,13.0,78.0,46.0,1574.08
2022-09-13,JP,Niigata,pm25,213,21.0,61.0,42.0,705.46
2022-09-13,JP,Nara-shi,pm25,186,5.0,65.0,34.0,1859.35
2022-09-13,JP,Okayama,pm25,274,17.0,72.0,46.0,1292.63
2022-09-13,JP,Sendai,pm25,469,13.0,89.0,42.0,1514.54
2022-09-13,JP,Osaka,pm25,1411,5.0,104.0,38.0,2398.09
2022-09-13,JP,Miyazaki,pm25,132,5.0,107.0,38.0,2838.08
2022-09-13,JP,Matsuyama,pm25,163,5.0,93.0,55.0,3267.7
2022-09-13,JP,Wakayama,pm25,266,13.0,87.0,42.0,1435.86
2022-09-13,JP,Takamatsu,pm25,237,9.0,70.0,38.0,1613.07
2022-09-13,JP,Nagoya,pm25,758,5.0,112.0,50.0,3116.75
2022-09-13,JP,Ōita,pm25,243,5.0,91.0,34.0,3412.05
2022-09-13,JP,Kobe,pm25,408,5.0,95.0,46.0,2387.38
2022-09-13,JP,Nagano,pm25,70,17.0,139.0,46.0,5299.72
2022-09-13,JP,Utsunomiya,pm25,379,5.0,70.0,34.0,994.32
2022-09-13,JP,Kagoshima,pm25,83,5.0,59.0,17.0,1564.86
2022-09-13,SK,Košice,pm25,84,13.0,85.0,38.0,1714.32
2022-09-13,SK,Bratislava,pm25,92,5.0,59.0,25.0,1728.89
2022-09-13,FI,Vantaa,pm25,23,4.0,23.0,11.0,277.67
2022-09-13,FI,Turku,pm25,23,2.0,23.0,11.0,499.05
2022-09-13,FI,Helsinki,pm25,120,4.0,52.0,11.0,852.82
2022-09-13,FI,Tampere,pm25,95,4.0,35.0,15.0,208.21
2022-09-13,ET,Addis Ababa,pm25,24,34.0,155.0,78.0,6086.79
2022-09-13,CH,Zürich,pm25,24,1.0,5.0,3.0,9.11
2022-09-13,CO,Bogotá,pm25,275,5.0,171.0,53.0,11475.3
2022-09-13,CO,Medellín,pm25,273,25.0,91.0,57.0,2241.55
2022-09-13,DK,Copenhagen,pm25,24,15.0,40.0,23.0,384.06
2022-09-13,GB,Edinburgh,pm25,281,5.0,59.0,12.0,1480.6
2022-09-13,GB,Norwich,pm25,16,17.0,38.0,21.0,565.96
2022-09-13,GB,Liverpool,pm25,40,12.0,34.0,17.0,437.89
2022-09-13,GB,Belfast,pm25,43,11.0,139.0,20.0,4752.61
2022-09-13,GB,Coventry,pm25,57,12.0,34.0,21.0,276.05
2022-09-13,GB,Leeds,pm25,38,13.0,50.0,18.0,903.61
2022-09-13,GB,Cardiff,pm25,96,17.0,55.0,42.0,719.1
2022-09-13,GB,Bristol,pm25,66,5.0,50.0,25.0,1111.24
2022-09-13,GB,London,pm25,467,3.0,86.0,32.0,1883.81
2022-09-13,GB,Birmingham,pm25,38,15.0,64.0,23.0,1331.78
2022-09-13,GB,Sheffield,pm25,85,9.0,75.0,19.0,933.3
2022-09-13,GB,Newport,pm25,45,13.0,42.0,21.0,426.04
2022-09-13,GB,Leicester,pm25,14,10.0,25.0,21.0,186.87
2022-09-13,GB,Manchester,pm25,82,15.0,55.0,27.0,1148.59
2022-09-13,GB,Reading,pm25,47,5.0,30.0,13.0,463.25
2022-09-13,GB,Plymouth,pm25,37,5.0,43.0,18.0,853.56
2022-09-13,GB,Glasgow,pm25,570,5.0,34.0,12.0,291.53
2022-09-13,GB,Preston,pm25,40,10.0,48.0,17.0,698.85
2022-09-13,GB,Swansea,pm25,162,5.0,65.0,25.0,1956.83
2022-09-13,GB,Southend-on-Sea,pm25,44,14.0,54.0,24.0,1312.92
2022-09-13,ID,Jakarta,pm25,71,65.0,162.0,114.0,7517.64
2022-09-13,ML,Bamako,pm25,4,38.0,53.0,42.0,590.0
2022-09-13,NP,Kathmandu,pm25,64,5.0,91.0,50.0,4148.4
2022-09-13,NP,Biratnagar,pm25,20,14.0,56.0,25.0,1699.05
2022-09-13,AU,Sydney,pm25,160,1.0,43.0,13.0,609.94
2022-09-13,AU,Newcastle,pm25,136,1.0,43.0,18.0,902.74
2022-09-13,AU,Launceston,pm25,113,5.0,154.0,30.0,11354.7
2022-09-13,AU,Hobart,pm25,53,5.0,61.0,9.0,1811.34
2022-09-13,AU,Darwin,pm25,70,1.0,91.0,34.0,3145.27
2022-09-13,AU,Melbourne,pm25,155,3.0,58.0,19.0,1187.79
2022-09-13,AU,Canberra,pm25,60,3.0,86.0,23.0,4103.08
2022-09-13,AU,Adelaide,pm25,79,1.0,38.0,13.0,587.15
2022-09-13,AU,Brisbane,pm25,215,2.0,61.0,20.0,1239.16
2022-09-13,AU,Perth,pm25,83,2.0,30.0,7.0,849.15
2022-09-13,AU,Wollongong,pm25,41,2.0,45.0,15.0,1217.39
2022-09-13,CI,Abidjan,pm25,24,17.0,61.0,46.0,1895.58
2022-09-13,GH,Accra,pm25,24,21.0,68.0,38.0,1708.62
2022-09-13,IQ,Baghdad,pm25,24,137.0,256.0,177.0,10415.0
2022-09-13,IS,Reykjavík,pm25,80,9.0,50.0,22.0,1282.02
2022-09-13,KG,Bishkek,pm25,24,74.0,134.0,87.0,1755.92
2022-09-13,NL,Utrecht,pm25,47,5.0,99.0,30.0,5910.62
2022-09-13,NL,Nijmegen,pm25,48,2.0,84.0,46.0,4389.36
2022-09-13,NL,Haarlem,pm25,132,1.0,61.0,16.0,1449.18
2022-09-13,NL,Eindhoven,pm25,24,16.0,71.0,53.0,1572.17
2022-09-13,NL,Rotterdam,pm25,189,1.0,64.0,21.0,2448.75
2022-09-13,NL,Amsterdam,pm25,242,1.0,95.0,19.0,3699.09
2022-09-13,NL,Dordrecht,pm25,23,5.0,71.0,46.0,3052.41
2022-09-13,NL,Breda,pm25,24,6.0,66.0,35.0,4558.68
2022-09-13,NL,Groningen,pm25,41,1.0,64.0,21.0,2722.76
2022-09-13,NL,Maastricht,pm25,95,5.0,82.0,34.0,2940.44
2022-09-13,NL,The Hague,pm25,64,3.0,54.0,16.0,1841.5
2022-09-13,PT,Lisbon,pm25,39,15.0,30.0,19.0,165.12
2022-09-13,PT,Funchal,pm25,67,1.0,37.0,20.0,1190.78
2022-09-13,CA,Hamilton,pm25,44,5.0,42.0,13.0,431.4
2022-09-13,CA,Calgary,pm25,115,26.0,108.0,73.0,1595.32
2022-09-13,CA,Winnipeg,pm25,19,16.0,40.0,18.0,588.19
2022-09-13,CA,Halifax,pm25,46,30.0,55.0,50.0,428.7
2022-09-13,CA,Kitchener,pm25,37,5.0,21.0,13.0,161.2
2022-09-13,CA,Edmonton,pm25,176,1.0,110.0,57.0,5998.31
2022-09-13,CA,Mississauga,pm25,50,5.0,30.0,9.0,240.85
2022-09-13,CA,Québec,pm25,162,22.0,70.0,42.0,1134.22
2022-09-13,CA,Vancouver,pm25,14,58.0,78.0,64.0,431.87
2022-09-13,CA,Victoria,pm25,28,30.0,74.0,53.0,1127.66
2022-09-13,CA,Montréal,pm25,413,15.0,64.0,38.0,1246.0
2022-09-13,CA,Toronto,pm25,120,5.0,55.0,21.0,1550.15
2022-09-13,CA,Ottawa,pm25,62,9.0,40.0,27.0,661.78
2022-09-13,CA,London,pm25,24,9.0,25.0,13.0,164.35
2022-09-13,US,Oklahoma City,pm25,95,34.0,85.0,50.0,620.79
2022-09-13,US,Raleigh,pm25,65,5.0,50.0,26.0,805.45
2022-09-13,US,Memphis,pm25,70,17.0,70.0,33.0,1153.54
2022-09-13,US,Jackson,pm25,71,18.0,68.0,37.0,1331.94
2022-09-13,US,Boston,pm25,122,5.0,38.0,17.0,339.66
2022-09-13,US,Richmond,pm25,85,22.0,34.0,26.0,116.58
2022-09-13,US,Portland,pm25,166,18.0,55.0,36.0,779.45
2022-09-13,US,Boise,pm25,48,8.0,128.0,65.0,13999.1
2022-09-13,US,Austin,pm25,47,21.0,76.0,46.0,2919.06
2022-09-13,US,Honolulu,pm25,29,5.0,34.0,13.0,663.62
2022-09-13,US,Fresno,pm25,47,1.0,69.0,38.0,3266.33
2022-09-13,US,Milwaukee,pm25,144,13.0,56.0,27.0,860.0
2022-09-13,US,Hartford,pm25,48,7.0,32.0,21.0,287.3
2022-09-13,US,Washington D.C.,pm25,91,5.0,38.0,24.0,450.51
2022-09-13,US,Chicago,pm25,237,3.0,60.0,28.0,1423.04
2022-09-13,US,Houston,pm25,96,15.0,85.0,47.0,1519.44
2022-09-13,US,Indianapolis,pm25,126,9.0,147.0,28.0,2487.31
2022-09-13,US,Atlanta,pm25,24,23.0,54.0,30.0,819.84
2022-09-13,US,Charlotte,pm25,61,9.0,46.0,28.0,700.2
2022-09-13,US,Sacramento,pm25,60,9.0,63.0,25.0,1487.22
2022-09-13,US,Oakland,pm25,112,5.0,55.0,21.0,1150.49
2022-09-13,US,Providence,pm25,10,5.0,17.0,9.0,241.78
2022-09-13,US,Staten Island,pm25,109,3.0,60.0,24.0,2426.36
2022-09-13,US,Brooklyn,pm25,130,1.0,60.0,20.0,1443.29
2022-09-13,US,Springfield,pm25,70,17.0,58.0,21.0,451.27
2022-09-13,US,The Bronx,pm25,44,1.0,45.0,14.0,1116.72
2022-09-13,US,San Jose,pm25,93,5.0,46.0,21.0,936.65
2022-09-13,US,Los Angeles,pm25,48,22.0,66.0,53.0,1072.32
2022-09-13,US,Detroit,pm25,143,15.0,73.0,29.0,1178.89
2022-09-13,US,Little Rock,pm25,23,11.0,87.0,50.0,4147.47
2022-09-13,US,Baltimore,pm25,44,5.0,48.0,26.0,925.81
2022-09-13,US,Phoenix,pm25,181,1.0,61.0,13.0,775.65
2022-09-13,US,Omaha,pm25,48,9.0,53.0,25.0,967.12
2022-09-13,US,El Paso,pm25,112,2.0,61.0,19.0,2386.24
2022-09-13,US,Dallas,pm25,8,42.0,61.0,46.0,428.39
2022-09-13,US,Seattle,pm25,258,28.0,824.0,57.0,23874.3
2022-09-13,US,Manhattan,pm25,71,3.0,61.0,19.0,1659.35
2022-09-13,US,Miami,pm25,94,12.0,37.0,18.0,241.79
2022-09-13,US,Jacksonville,pm25,134,10.0,65.0,29.0,1502.28
2022-09-13,US,San Antonio,pm25,94,9.0,93.0,55.0,2294.77
2022-09-13,US,Philadelphia,pm25,82,9.0,97.0,30.0,3084.36
2022-09-13,US,San Diego,pm25,24,15.0,50.0,26.0,976.45
2022-09-13,US,Columbus,pm25,47,1.0,69.0,14.0,1407.75
2022-09-13,US,Saint Paul,pm25,143,13.0,85.0,38.0,1593.95
2022-09-13,US,Denver,pm25,134,13.0,87.0,34.0,2156.62
2022-09-13,US,Salt Lake City,pm25,205,4.0,67.0,17.0,3426.1
2022-09-13,US,Albuquerque,pm25,68,4.0,60.0,20.0,1012.19
2022-09-13,US,San Francisco,pm25,70,5.0,99.0,25.0,4039.31
2022-09-13,US,Salem,pm25,72,16.0,75.0,31.0,1910.98
2022-09-13,US,Madison,pm25,48,20.0,45.0,27.0,356.13
2022-09-13,US,Nashville,pm25,67,9.0,57.0,34.0,1262.23
2022-09-13,US,Tucson,pm25,131,5.0,34.0,13.0,480.58
2022-09-13,US,Queens,pm25,92,2.0,41.0,24.0,1000.3
2022-09-13,US,Tallahassee,pm25,61,12.0,66.0,35.0,1149.13
2022-09-13,US,Fort Worth,pm25,24,20.0,56.0,41.0,1005.49
2022-09-13,RS,Novi Sad,pm25,24,19.0,61.0,38.0,1677.32
2022-09-13,RS,Niš,pm25,48,16.0,98.0,40.0,2207.66
2022-09-13,RS,Belgrade,pm25,120,11.0,93.0,39.0,2935.96
2022-09-13,CY,Nicosia,pm25,24,48.0,76.0,60.0,523.7
2022-09-13,CY,Limassol,pm25,24,40.0,77.0,59.0,846.96
2022-09-13,HR,Zagreb,pm25,24,15.0,61.0,32.0,2265.8
2022-09-13,MK,Skopje,pm25,163,5.0,91.0,37.0,3430.09
2022-09-14,GE,Tbilisi,pm25,96,21.0,81.0,40.0,2276.67
2022-09-14,HU,Győr,pm25,48,25.0,70.0,46.0,1263.39
2022-09-14,HU,Szeged,pm25,23,21.0,53.0,38.0,1172.21
2022-09-14,HU,Pécs,pm25,66,17.0,46.0,21.0,633.5
2022-09-14,HU,Kecskemét,pm25,42,21.0,38.0,25.0,270.85
2022-09-14,HU,Miskolc,pm25,113,21.0,76.0,50.0,1750.58
2022-09-14,HU,Budapest,pm25,318,9.0,65.0,42.0,1102.82
2022-09-14,JP,Fukuoka,pm25,394,5.0,124.0,46.0,2289.21
2022-09-14,JP,Kanazawa,pm25,229,5.0,57.0,34.0,1072.84
2022-09-14,JP,Kumamoto,pm25,295,5.0,95.0,17.0,2747.1
2022-09-14,JP,Akita,pm25,37,5.0,74.0,38.0,2330.36
2022-09-14,JP,Kochi,pm25,47,13.0,57.0,30.0,1282.91
2022-09-14,JP,Gifu-shi,pm25,123,5.0,91.0,50.0,2969.34
2022-09-14,JP,Kyoto,pm25,563,17.0,91.0,59.0,992.57
2022-09-14,JP,Hiroshima,pm25,319,5.0,95.0,46.0,3010.96
2022-09-14,JP,Shizuoka,pm25,255,5.0,87.0,46.0,2932.85
2022-09-14,JP,Chiba,pm25,661,5.0,124.0,42.0,2780.1
2022-09-14,JP,Sapporo,pm25,120,5.0,57.0,17.0,1095.76
2022-09-14,JP,Yokohama,pm25,525,1.0,80.0,50.0,2394.86
2022-09-14,JP,Tokyo,pm25,2504,5.0,159.0,50.0,1630.39
2022-09-14,JP,Saitama,pm25,495,5.0,76.0,50.0,939.54
2022-09-14,JP,Naha,pm25,144,13.0,46.0,30.0,835.37
2022-09-14,JP,Nagasaki,pm25,178,5.0,57.0,21.0,1481.38
2022-09-14,JP,Toyama,pm25,188,9.0,74.0,42.0,1393.62
2022-09-14,JP,Niigata,pm25,214,13.0,57.0,34.0,774.3
2022-09-14,JP,Nara-shi,pm25,187,13.0,76.0,50.0,1470.75
2022-09-14,JP,Okayama,pm25,277,17.0,76.0,50.0,1203.26
2022-09-14,JP,Sendai,pm25,456,5.0,65.0,38.0,943.16
2022-09-14,JP,Osaka,pm25,1415,5.0,119.0,53.0,1399.52
2022-09-14,JP,Miyazaki,pm25,131,5.0,89.0,42.0,2113.01
2022-09-14,JP,Matsuyama,pm25,158,5.0,107.0,57.0,3987.39
2022-09-14,JP,Wakayama,pm25,284,21.0,102.0,57.0,2033.74
2022-09-14,JP,Takamatsu,pm25,240,21.0,76.0,53.0,1062.54
2022-09-14,JP,Nagoya,pm25,759,9.0,104.0,50.0,2728.9
2022-09-14,JP,Ōita,pm25,240,5.0,80.0,42.0,3916.62
2022-09-14,JP,Kobe,pm25,413,9.0,114.0,53.0,1217.9
2022-09-14,JP,Nagano,pm25,64,13.0,65.0,46.0,2052.98
2022-09-14,JP,Utsunomiya,pm25,409,13.0,74.0,46.0,1106.45
2022-09-14,JP,Kagoshima,pm25,86,5.0,61.0,21.0,1186.24
2022-09-14,SK,Košice,pm25,96,17.0,74.0,46.0,2221.89
2022-09-14,SK,Bratislava,pm25,95,21.0,82.0,42.0,2084.48
2022-09-14,FI,Vantaa,pm25,24,6.0,23.0,19.0,332.45
2022-09-14,FI,Turku,pm25,24,5.0,17.0,8.0,92.59
2022-09-14,FI,Helsinki,pm25,119,6.0,46.0,21.0,605.22
2022-09-14,FI,Tampere,pm25,96,3.0,61.0,13.0,712.05
2022-09-14,ET,Addis Ababa,pm25,24,38.0,193.0,99.0,17695.2
2022-09-14,CH,Zürich,pm25,20,1.0,3.0,2.0,3.03
2022-09-14,CO,Bogotá,pm25,286,3.0,132.0,43.0,8298.15
2022-09-14,CO,Medellín,pm25,276,25.0,91.0,59.0,1268.68
2022-09-14,DK,Copenhagen,pm25,24,16.0,32.0,24.0,191.23
2022-09-14,GB,Edinburgh,pm25,285,4.0,84.0,13.0,2188.96
2022-09-14,GB,Norwich,pm25,18,13.0,41.0,18.0,617.91
2022-09-14,GB,Liverpool,pm25,41,13.0,38.0,25.0,455.74
2022-09-14,GB,Belfast,pm25,49,3.0,25.0,15.0,263.8
2022-09-14,GB,Coventry,pm25,68,13.0,53.0,34.0,976.3
2022-09-14,GB,Leeds,pm25,27,5.0,53.0,27.0,741.8
2022-09-14,GB,Cardiff,pm25,85,30.0,68.0,50.0,1176.06
2022-09-14,GB,Bristol,pm25,71,17.0,74.0,38.0,1476.96
2022-09-14,GB,London,pm25,483,2.0,73.0,30.0,2051.81
2022-09-14,GB,Birmingham,pm25,40,17.0,53.0,38.0,599.39
2022-09-14,GB,Sheffield,pm25,75,16.0,46.0,30.0,422.94
2022-09-14,GB,Newport,pm25,47,9.0,46.0,30.0,682.5
2022-09-14,GB,Leicester,pm25,24,14.0,56.0,29.0,1281.67
2022-09-14,GB,Manchester,pm25,75,12.0,56.0,31.0,1333.58
2022-09-14,GB,Reading,pm25,46,5.0,46.0,21.0,1191.85
2022-09-14,GB,Plymouth,pm25,42,13.0,42.0,21.0,449.85
2022-09-14,GB,Glasgow,pm25,570,3.0,33.0,14.0,367.37
2022-09-14,GB,Preston,pm25,45,8.0,45.0,22.0,834.73
2022-09-14,GB,Swansea,pm25,153,5.0,72.0,30.0,2904.78
2022-09-14,GB,Southend-on-Sea,pm25,46,10.0,59.0,21.0,869.42
2022-09-14,ID,Jakarta,pm25,71,68.0,158.0,116.0,6294.73
2022-09-14,ML,Bamako,pm25,14,30.0,159.0,65.0,20067.7
2022-09-14,NP,Kathmandu,pm25,47,5.0,80.0,34.0,3423.26
2022-09-14,AU,Sydney,pm25,152,1.0,55.0,15.0,1025.67
2022-09-14,AU,Newcastle,pm25,129,1.0,44.0,14.0,759.08
2022-09-14,AU,Launceston,pm25,136,5.0,172.0,21.0,13862.0
2022-09-14,AU,Hobart,pm25,61,5.0,61.0,13.0,1855.66
2022-09-14,AU,Darwin,pm25,69,4.0,95.0,31.0,3040.0
2022-09-14,AU,Melbourne,pm25,162,1.0,56.0,22.0,2354.09
2022-09-14,AU,Canberra,pm25,65,2.0,79.0,24.0,3895.59
2022-09-14,AU,Adelaide,pm25,81,1.0,51.0,15.0,838.59
2022-09-14,AU,Brisbane,pm25,213,2.0,90.0,27.0,2247.32
2022-09-14,AU,Perth,pm25,90,2.0,22.0,5.0,373.89
2022-09-14,AU,Wollongong,pm25,35,1.0,64.0,12.0,2377.53
2022-09-14,CI,Abidjan,pm25,20,5.0,61.0,34.0,3392.92
2022-09-14,GH,Accra,pm25,24,25.0,109.0,53.0,3490.85
2022-09-14,IQ,Baghdad,pm25,24,91.0,173.0,134.0,6570.15
2022-09-14,IS,Reykjavík,pm25,90,3.0,16.0,9.0,102.75
2022-09-14,KG,Bishkek,pm25,24,72.0,127.0,87.0,1550.27
2022-09-14,NL,Utrecht,pm25,45,7.0,48.0,30.0,769.27
2022-09-14,NL,Nijmegen,pm25,46,3.0,57.0,19.0,838.18
2022-09-14,NL,Haarlem,pm25,127,1.0,70.0,15.0,1960.38
2022-09-14,NL,Eindhoven,pm25,21,12.0,65.0,36.0,1309.48
2022-09-14,NL,Rotterdam,pm25,190,5.0,44.0,17.0,210.97
2022-09-14,NL,Amsterdam,pm25,229,1.0,43.0,15.0,601.56
2022-09-14,NL,Dordrecht,pm25,24,5.0,50.0,21.0,1115.2
2022-09-14,NL,Breda,pm25,23,10.0,47.0,20.0,1437.15
2022-09-14,NL,Groningen,pm25,45,3.0,51.0,16.0,975.1
2022-09-14,NL,Maastricht,pm25,93,5.0,68.0,34.0,2290.58
2022-09-14,NL,The Hague,pm25,64,1.0,24.0,17.0,245.57
2022-09-14,PT,Lisbon,pm25,63,9.0,30.0,18.0,177.56
2022-09-14,PT,Funchal,pm25,49,1.0,43.0,22.0,1176.81
2022-09-14,CA,Hamilton,pm25,78,9.0,78.0,17.0,2280.67
2022-09-14,CA,Calgary,pm25,105,53.0,124.0,76.0,2795.15
2022-09-14,CA,Winnipeg,pm25,24,16.0,25.0,20.0,61.14
2022-09-14,CA,Halifax,pm25,46,7.0,30.0,18.0,244.14
2022-09-14,CA,Kitchener,pm25,48,5.0,68.0,30.0,3814.73
2022-09-14,CA,Edmonton,pm25,173,5.0,145.0,65.0,6725.65
2022-09-14,CA,Surrey,pm25,36,46.0,63.0,55.0,134.5
2022-09-14,CA,Mississauga,pm25,66,5.0,55.0,21.0,1731.89
2022-09-14,CA,Québec,pm25,187,5.0,56.0,18.0,796.06
2022-09-14,CA,Vancouver,pm25,63,28.0,68.0,53.0,483.54
2022-09-14,CA,Victoria,pm25,18,25.0,61.0,38.0,1177.65
2022-09-14,CA,Montréal,pm25,419,3.0,61.0,18.0,957.16
2022-09-14,CA,Toronto,pm25,138,5.0,68.0,21.0,2237.44
2022-09-14,CA,Ottawa,pm25,69,5.0,35.0,21.0,687.54
2022-09-14,CA,London,pm25,47,13.0,61.0,30.0,1877.82
2022-09-14,US,Oklahoma City,pm25,96,33.0,71.0,46.0,782.21
2022-09-14,US,Raleigh,pm25,62,9.0,53.0,30.0,721.84
2022-09-14,US,Memphis,pm25,72,25.0,60.0,46.0,1063.66
2022-09-14,US,Jackson,pm25,72,15.0,76.0,51.0,1958.18
2022-09-14,US,Boston,pm25,136,9.0,59.0,25.0,950.03
2022-09-14,US,Richmond,pm25,96,19.0,38.0,26.0,256.55
2022-09-14,US,Portland,pm25,168,13.0,52.0,26.0,390.29
2022-09-14,US,Boise,pm25,48,17.0,70.0,49.0,2050.39
2022-09-14,US,Austin,pm25,48,17.0,70.0,55.0,1908.07
2022-09-14,US,Honolulu,pm25,21,5.0,34.0,13.0,436.48
2022-09-14,US,Fresno,pm25,47,1.0,62.0,35.0,3330.71
2022-09-14,US,Milwaukee,pm25,134,15.0,54.0,35.0,820.83
2022-09-14,US,Hartford,pm25,48,18.0,60.0,24.0,1671.8
2022-09-14,US,Washington D.C.,pm25,118,5.0,57.0,25.0,606.62
2022-09-14,US,Chicago,pm25,240,9.0,64.0,35.0,1280.46
2022-09-14,US,Houston,pm25,96,21.0,76.0,46.0,1469.81
2022-09-14,US,Indianapolis,pm25,143,6.0,97.0,42.0,3436.87
2022-09-14,US,Atlanta,pm25,24,28.0,149.0,43.0,5706.94
2022-09-14,US,Charlotte,pm25,47,5.0,55.0,27.0,732.44
2022-09-14,US,Sacramento,pm25,51,14.0,53.0,30.0,1004.41
2022-09-14,US,Oakland,pm25,119,5.0,59.0,30.0,1612.4
2022-09-14,US,Providence,pm25,17,5.0,21.0,13.0,209.41
2022-09-14,US,Staten Island,pm25,119,2.0,46.0,26.0,933.25
2022-09-14,US,Brooklyn,pm25,136,1.0,41.0,24.0,730.47
2022-09-14,US,Springfield,pm25,72,18.0,69.0,26.0,1986.24
2022-09-14,US,The Bronx,pm25,48,7.0,33.0,17.0,648.47
2022-09-14,US,San Jose,pm25,94,5.0,53.0,30.0,1158.85
2022-09-14,US,Los Angeles,pm25,42,25.0,60.0,43.0,666.95
2022-09-14,US,Detroit,pm25,143,29.0,96.0,43.0,830.32
2022-09-14,US,Little Rock,pm25,35,32.0,77.0,59.0,1264.4
2022-09-14,US,Baltimore,pm25,48,13.0,59.0,30.0,1078.29
2022-09-14,US,Phoenix,pm25,176,1.0,63.0,18.0,940.59
2022-09-14,US,Omaha,pm25,48,9.0,74.0,30.0,2167.64
2022-09-14,US,El Paso,pm25,121,5.0,85.0,17.0,4031.26
2022-09-14,US,Dallas,pm25,13,5.0,89.0,38.0,5425.0
2022-09-14,US,Seattle,pm25,262,30.0,76.0,57.0,1155.04
2022-09-14,US,Manhattan,pm25,68,4.0,45.0,18.0,860.43
2022-09-14,US,Miami,pm25,94,9.0,72.0,18.0,645.52
2022-09-14,US,Jacksonville,pm25,142,18.0,63.0,42.0,715.24
2022-09-14,US,San Antonio,pm25,87,9.0,91.0,53.0,2790.44
2022-09-14,US,Philadelphia,pm25,95,3.0,64.0,29.0,1790.19
2022-09-14,US,San Diego,pm25,24,32.0,56.0,48.0,701.96
2022-09-14,US,Columbus,pm25,48,9.0,52.0,22.0,993.61
2022-09-14,US,Saint Paul,pm25,144,5.0,70.0,39.0,1580.7
2022-09-14,US,Denver,pm25,155,5.0,55.0,21.0,1366.1
2022-09-14,US,Salt Lake City,pm25,195,8.0,43.0,25.0,480.54
2022-09-14,US,Albuquerque,pm25,70,4.0,28.0,14.0,226.71
2022-09-14,US,San Francisco,pm25,70,5.0,61.0,30.0,1428.74
2022-09-14,US,Salem,pm25,72,18.0,42.0,23.0,330.86
2022-09-14,US,Madison,pm25,48,29.0,63.0,41.0,724.25
2022-09-14,US,Nashville,pm25,69,5.0,67.0,27.0,2558.7
2022-09-14,US,Tucson,pm25,126,5.0,30.0,13.0,422.68
2022-09-14,US,Queens,pm25,96,5.0,49.0,24.0,1070.49
2022-09-14,US,Tallahassee,pm25,72,14.0,66.0,39.0,844.08
2022-09-14,US,Fort Worth,pm25,24,21.0,82.0,36.0,2519.93
2022-09-14,RS,Novi Sad,pm25,24,16.0,70.0,34.0,2621.45
2022-09-14,RS,Niš,pm25,48,8.0,105.0,38.0,4356.88
2022-09-14,RS,Belgrade,pm25,120,12.0,74.0,41.0,3180.17
2022-09-14,CY,Nicosia,pm25,24,42.0,71.0,58.0,646.07
2022-09-14,CY,Limassol,pm25,24,33.0,68.0,45.0,1201.74
2022-09-14,HR,Zagreb,pm25,24,14.0,29.0,21.0,157.32
2022-09-14,MK,Skopje,pm25,166,9.0,145.0,45.0,5487.66
2022-09-15,GE,Tbilisi,pm25,96,14.0,34.0,21.0,201.61
2022-09-15,HU,Győr,pm25,48,17.0,142.0,57.0,8697.02
2022-09-15,HU,Szeged,pm25,22,25.0,42.0,38.0,229.44
2022-09-15,HU,Pécs,pm25,57,13.0,30.0,21.0,235.54
2022-09-15,HU,Kecskemét,pm25,48,21.0,38.0,25.0,260.14
2022-09-15,HU,Miskolc,pm25,109,9.0,76.0,34.0,5200.21
2022-09-15,HU,Budapest,pm25,312,9.0,78.0,25.0,977.49
2022-09-15,JP,Fukuoka,pm25,358,5.0,112.0,34.0,2313.77
2022-09-15,JP,Kanazawa,pm25,226,9.0,63.0,38.0,1545.94
2022-09-15,JP,Kumamoto,pm25,271,5.0,95.0,17.0,2573.14
2022-09-15,JP,Akita,pm25,40,5.0,76.0,42.0,2035.89
2022-09-15,JP,Kochi,pm25,46,5.0,61.0,25.0,1841.88
2022-09-15,JP,Gifu-shi,pm25,151,5.0,93.0,57.0,2230.88
2022-09-15,JP,Kyoto,pm25,560,5.0,89.0,57.0,923.47
2022-09-15,JP,Hiroshima,pm25,329,5.0,87.0,50.0,2367.72
2022-09-15,JP,Shizuoka,pm25,258,5.0,85.0,50.0,1942.86
2022-09-15,JP,Chiba,pm25,696,5.0,97.0,34.0,1475.65
2022-09-15,JP,Sapporo,pm25,190,5.0,91.0,17.0,2081.69
2022-09-15,JP,Yokohama,pm25,548,1.0,72.0,42.0,1562.32
2022-09-15,JP,Tokyo,pm25,2470,1.0,91.0,42.0,849.75
2022-09-15,JP,Saitama,pm25,496,13.0,68.0,42.0,887.46
2022-09-15,JP,Naha,pm25,144,9.0,38.0,21.0,542.87
2022-09-15,JP,Nagasaki,pm25,174,5.0,61.0,21.0,1801.07
2022-09-15,JP,Toyama,pm25,185,9.0,70.0,38.0,1485.55
2022-09-15,JP,Niigata,pm25,212,13.0,59.0,38.0,840.0
2022-09-15,JP,Nara-shi,pm25,187,9.0,68.0,38.0,1176.27
2022-09-15,JP,Okayama,pm25,284,9.0,72.0,42.0,976.97
2022-09-15,JP,Sendai,pm25,436,5.0,70.0,25.0,782.03
2022-09-15,JP,Osaka,pm25,1397,5.0,99.0,46.0,1459.52
2022-09-15,JP,Miyazaki,pm25,134,9.0,122.0,42.0,3216.63
2022-09-15,JP,Matsuyama,pm25,158,5.0,91.0,50.0,4144.46
2022-09-15,JP,Wakayama,pm25,286,5.0,104.0,50.0,1404.91
2022-09-15,JP,Takamatsu,pm25,239,9.0,87.0,46.0,1355.93
2022-09-15,JP,Nagoya,pm25,761,5.0,95.0,55.0,1115.58
2022-09-15,JP,Ōita,pm25,234,5.0,72.0,30.0,2580.68
2022-09-15,JP,Kobe,pm25,420,13.0,89.0,46.0,1210.86
2022-09-15,JP,Nagano,pm25,70,9.0,78.0,34.0,4555.58
2022-09-15,JP,Utsunomiya,pm25,426,5.0,65.0,38.0,1215.17
2022-09-15,JP,Kagoshima,pm25,84,5.0,59.0,21.0,1236.94
2022-09-15,SK,Košice,pm25,96,9.0,78.0,55.0,2810.94
2022-09-15,SK,Bratislava,pm25,82,5.0,57.0,17.0,1653.3
2022-09-15,FI,Vantaa,pm25,24,5.0,18.0,12.0,168.68
2022-09-15,FI,Turku,pm25,23,2.0,13.0,8.0,100.67
2022-09-15,FI,Helsinki,pm25,120,3.0,28.0,11.0,230.36
2022-09-15,FI,Tampere,pm25,95,3.0,63.0,10.0,417.34
2022-09-15,ET,Addis Ababa,pm25,24,68.0,157.0,99.0,8943.02
2022-09-15,CH,Zürich,pm25,14,1.0,4.0,1.0,7.25
2022-09-15,CO,Bogotá,pm25,290,1.0,168.0,50.0,8990.38
2022-09-15,CO,Medellín,pm25,324,17.0,107.0,68.0,2218.88
2022-09-15,DK,Copenhagen,pm25,24,11.0,35.0,27.0,455.2
2022-09-15,GB,Edinburgh,pm25,283,2.0,101.0,10.0,1776.04
2022-09-15,GB,Norwich,pm25,14,16.0,24.0,17.0,76.54
2022-09-15,GB,Liverpool,pm25,27,13.0,42.0,19.0,351.65
2022-09-15,GB,Belfast,pm25,47,10.0,23.0,16.0,73.78
2022-09-15,GB,Coventry,pm25,50,12.0,34.0,21.0,383.17
2022-09-15,GB,Leeds,pm25,28,8.0,42.0,17.0,454.11
2022-09-15,GB,Cardiff,pm25,72,13.0,50.0,30.0,1071.55
2022-09-15,GB,Bristol,pm25,58,13.0,59.0,25.0,662.06
2022-09-15,GB,London,pm25,474,1.0,102.0,34.0,1765.38
2022-09-15,GB,Birmingham,pm25,35,12.0,78.0,30.0,1474.57
2022-09-15,GB,Sheffield,pm25,59,13.0,34.0,21.0,282.08
2022-09-15,GB,Newport,pm25,42,5.0,19.0,13.0,107.92
2022-09-15,GB,Leicester,pm25,19,16.0,30.0,22.0,221.17
2022-09-15,GB,Manchester,pm25,75,11.0,50.0,20.0,613.74
2022-09-15,GB,Reading,pm25,47,5.0,38.0,17.0,797.74
2022-09-15,GB,Plymouth,pm25,34,9.0,38.0,17.0,364.92
2022-09-15,GB,Glasgow,pm25,568,4.0,30.0,10.0,266.6
2022-09-15,GB,Preston,pm25,37,8.0,26.0,17.0,184.91
2022-09-15,GB,Swansea,pm25,152,5.0,42.0,17.0,935.76
2022-09-15,GB,Southend-on-Sea,pm25,44,16.0,60.0,41.0,1600.15
2022-09-15,ID,Jakarta,pm25,71,80.0,183.0,122.0,7581.19
2022-09-15,NP,Kathmandu,pm25,41,5.0,89.0,46.0,3681.56
2022-09-15,AU,Sydney,pm25,155,1.0,53.0,18.0,906.02
2022-09-15,AU,Newcastle,pm25,129,2.0,50.0,15.0,831.84
2022-09-15,AU,Launceston,pm25,146,5.0,181.0,21.0,9296.19
2022-09-15,AU,Hobart,pm25,63,5.0,53.0,13.0,1236.73
2022-09-15,AU,Darwin,pm25,69,2.0,78.0,37.0,2178.85
2022-09-15,AU,Melbourne,pm25,139,1.0,52.0,15.0,1066.2
2022-09-15,AU,Canberra,pm25,63,4.0,62.0,23.0,1714.05
2022-09-15,AU,Adelaide,pm25,96,5.0,53.0,25.0,1112.0
2022-09-15,AU,Brisbane,pm25,215,1.0,65.0,25.0,1928.54
2022-09-15,AU,Perth,pm25,82,2.0,32.0,4.0,402.65
2022-09-15,AU,Wollongong,pm25,39,1.0,38.0,16.0,1067.99
2022-09-15,GH,Accra,pm25,24,21.0,70.0,50.0,1854.78
2022-09-15,IQ,Baghdad,pm25,24,72.0,171.0,104.0,9330.42
2022-09-15,IS,Reykjavík,pm25,96,5.0,19.0,12.0,148.07
2022-09-15,KG,Bishkek,pm25,24,72.0,124.0,82.0,1621.67
2022-09-15,NL,Utrecht,pm25,47,10.0,56.0,28.0,706.57
2022-09-15,NL,Nijmegen,pm25,48,1.0,59.0,18.0,2664.26
2022-09-15,NL,Haarlem,pm25,130,1.0,88.0,16.0,1338.18
2022-09-15,NL,Eindhoven,pm25,24,20.0,77.0,55.0,3086.09
2022-09-15,NL,Rotterdam,pm25,192,4.0,48.0,16.0,417.91
2022-09-15,NL,Amsterdam,pm25,237,1.0,36.0,15.0,468.05
2022-09-15,NL,Dordrecht,pm25,23,9.0,46.0,21.0,1031.74
2022-09-15,NL,Breda,pm25,24,4.0,56.0,26.0,2434.76
2022-09-15,NL,Groningen,pm25,43,1.0,45.0,16.0,772.92
2022-09-15,NL,Maastricht,pm25,91,5.0,91.0,46.0,3450.78
2022-09-15,NL,The Hague,pm25,69,1.0,43.0,15.0,644.85
2022-09-15,PT,Lisbon,pm25,58,9.0,30.0,19.0,178.16
2022-09-15,PT,Funchal,pm25,58,1.0,92.0,19.0,2996.74
2022-09-15,CA,Hamilton,pm25,62,5.0,30.0,9.0,346.04
2022-09-15,CA,Calgary,pm25,92,41.0,113.0,67.0,2018.44
2022-09-15,CA,Winnipeg,pm25,19,17.0,20.0,18.0,4.85
2022-09-15,CA,Halifax,pm25,46,12.0,31.0,18.0,298.11
2022-09-15,CA,Kitchener,pm25,34,5.0,68.0,21.0,2792.84
2022-09-15,CA,Edmonton,pm25,135,2.0,79.0,46.0,3235.43
2022-09-15,CA,Surrey,pm25,96,22.0,57.0,37.0,728.35
2022-09-15,CA,Mississauga,pm25,49,5.0,38.0,9.0,385.2
2022-09-15,CA,Québec,pm25,139,5.0,16.0,9.0,63.96
2022-09-15,CA,Vancouver,pm25,167,14.0,67.0,33.0,1111.94
2022-09-15,CA,Victoria,pm25,47,5.0,53.0,25.0,1268.62
2022-09-15,CA,Montréal,pm25,236,3.0,30.0,12.0,461.36
2022-09-15,CA,Toronto,pm25,97,5.0,61.0,13.0,1537.16
2022-09-15,CA,Ottawa,pm25,49,5.0,20.0,12.0,141.25
2022-09-15,CA,London,pm25,36,5.0,25.0,17.0,404.83
2022-09-15,US,Oklahoma City,pm25,96,33.0,73.0,46.0,729.6
2022-09-15,US,Raleigh,pm25,70,5.0,57.0,35.0,1470.02
2022-09-15,US,Memphis,pm25,70,20.0,58.0,27.0,815.86
2022-09-15,US,Jackson,pm25,72,29.0,88.0,53.0,1408.12
2022-09-15,US,Boston,pm25,119,5.0,50.0,17.0,1399.22
2022-09-15,US,Richmond,pm25,96,30.0,57.0,39.0,730.36
2022-09-15,US,Portland,pm25,167,11.0,50.0,27.0,492.03
2022-09-15,US,Boise,pm25,48,30.0,69.0,55.0,1186.79
2022-09-15,US,Austin,pm25,35,21.0,76.0,53.0,1622.57
2022-09-15,US,Honolulu,pm25,14,9.0,17.0,13.0,109.89
2022-09-15,US,Fresno,pm25,48,21.0,69.0,46.0,1548.23
2022-09-15,US,Milwaukee,pm25,130,15.0,55.0,32.0,912.72
2022-09-15,US,Hartford,pm25,48,6.0,53.0,14.0,1680.27
2022-09-15,US,Washington D.C.,pm25,118,9.0,50.0,31.0,898.73
2022-09-15,US,Chicago,pm25,240,9.0,62.0,32.0,1119.39
2022-09-15,US,Houston,pm25,96,17.0,72.0,51.0,1316.1
2022-09-15,US,Indianapolis,pm25,143,10.0,121.0,53.0,5719.07
2022-09-15,US,Atlanta,pm25,24,27.0,52.0,40.0,543.9
2022-09-15,US,Charlotte,pm25,47,17.0,55.0,30.0,531.19
2022-09-15,US,Sacramento,pm25,68,13.0,55.0,38.0,858.64
2022-09-15,US,Oakland,pm25,117,9.0,65.0,34.0,820.4
2022-09-15,US,Providence,pm25,3,21.0,30.0,30.0,270.0
2022-09-15,US,Staten Island,pm25,112,2.0,65.0,21.0,2137.8
2022-09-15,US,Brooklyn,pm25,127,1.0,43.0,18.0,1257.38
2022-09-15,US,Springfield,pm25,72,21.0,46.0,30.0,320.65
2022-09-15,US,The Bronx,pm25,39,1.0,30.0,13.0,802.04
2022-09-15,US,San Jose,pm25,96,5.0,61.0,34.0,1674.83
2022-09-15,US,Los Angeles,pm25,48,24.0,64.0,45.0,1015.07
2022-09-15,US,Detroit,pm25,167,19.0,60.0,29.0,513.18
2022-09-15,US,Little Rock,pm25,47,42.0,79.0,58.0,520.85
2022-09-15,US,Baltimore,pm25,48,17.0,58.0,28.0,1519.98
2022-09-15,US,Phoenix,pm25,189,2.0,93.0,21.0,1246.45
2022-09-15,US,Omaha,pm25,47,13.0,63.0,34.0,1117.63
2022-09-15,US,El Paso,pm25,124,1.0,117.0,25.0,3951.24
2022-09-15,US,Dallas,pm25,24,25.0,65.0,46.0,1161.45
2022-09-15,US,Seattle,pm25,257,17.0,72.0,53.0,993.99
2022-09-15,US,Manhattan,pm25,59,1.0,47.0,20.0,1250.37
2022-09-15,US,Miami,pm25,94,12.0,35.0,20.0,231.83
2022-09-15,US,Jacksonville,pm25,144,17.0,73.0,42.0,679.02
2022-09-15,US,San Antonio,pm25,93,3.0,94.0,49.0,4630.09
2022-09-15,US,Philadelphia,pm25,95,3.0,64.0,29.0,2026.8
2022-09-15,US,San Diego,pm25,24,30.0,41.0,37.0,66.94
2022-09-15,US,Columbus,pm25,48,20.0,72.0,44.0,1456.91
2022-09-15,US,Saint Paul,pm25,143,9.0,120.0,38.0,2277.27
2022-09-15,US,Denver,pm25,141,5.0,53.0,17.0,1007.33
2022-09-15,US,Salt Lake City,pm25,216,8.0,41.0,22.0,545.56
2022-09-15,US,Albuquerque,pm25,72,14.0,43.0,18.0,248.38
2022-09-15,US,San Francisco,pm25,69,9.0,93.0,34.0,2141.65
2022-09-15,US,Salem,pm25,72,17.0,35.0,23.0,152.93
2022-09-15,US,Madison,pm25,48,19.0,78.0,29.0,1326.95
2022-09-15,US,Nashville,pm25,70,9.0,53.0,34.0,1030.92
2022-09-15,US,Tucson,pm25,129,5.0,80.0,13.0,1026.64
2022-09-15,US,Queens,pm25,86,1.0,53.0,20.0,2067.49
2022-09-15,US,Tallahassee,pm25,67,23.0,62.0,43.0,772.67
2022-09-15,US,Fort Worth,pm25,24,24.0,59.0,36.0,931.3
2022-09-15,RS,Novi Sad,pm25,24,17.0,62.0,35.0,1446.09
2022-09-15,RS,Niš,pm25,48,8.0,80.0,38.0,3140.95
2022-09-15,RS,Belgrade,pm25,120,20.0,77.0,36.0,1141.26
2022-09-15,CY,Nicosia,pm25,24,29.0,76.0,54.0,1340.22
2022-09-15,CY,Limassol,pm25,24,39.0,71.0,56.0,843.46
2022-09-15,HR,Zagreb,pm25,24,15.0,57.0,27.0,1964.28
2022-09-15,MK,Skopje,pm25,118,5.0,162.0,53.0,9050.86
2022-09-16,GE,Tbilisi,pm25,96,26.0,61.0,38.0,932.65
2022-09-16,HU,Győr,pm25,48,5.0,34.0,17.0,659.56
2022-09-16,HU,Szeged,pm25,13,17.0,42.0,30.0,851.41
2022-09-16,HU,Pécs,pm25,72,5.0,30.0,25.0,564.49
2022-09-16,HU,Kecskemét,pm25,42,13.0,50.0,30.0,1337.19
2022-09-16,HU,Miskolc,pm25,99,9.0,355.0,21.0,31706.3
2022-09-16,HU,Budapest,pm25,242,13.0,55.0,30.0,1241.1
2022-09-16,JP,Fukuoka,pm25,339,5.0,91.0,34.0,2230.22
2022-09-16,JP,Kanazawa,pm25,239,9.0,74.0,55.0,1209.02
2022-09-16,JP,Kumamoto,pm25,321,5.0,102.0,30.0,3311.88
2022-09-16,JP,Akita,pm25,43,9.0,63.0,42.0,1949.91
2022-09-16,JP,Kochi,pm25,48,13.0,61.0,34.0,1277.16
2022-09-16,JP,Gifu-shi,pm25,96,5.0,89.0,55.0,3449.6
2022-09-16,JP,Kyoto,pm25,567,5.0,74.0,46.0,1460.03
2022-09-16,JP,Hiroshima,pm25,317,5.0,80.0,46.0,2935.59
2022-09-16,JP,Shizuoka,pm25,248,5.0,72.0,30.0,2139.28
2022-09-16,JP,Chiba,pm25,709,5.0,149.0,25.0,2979.34
2022-09-16,JP,Sapporo,pm25,205,5.0,87.0,25.0,1343.87
2022-09-16,JP,Yokohama,pm25,540,1.0,72.0,38.0,1636.52
2022-09-16,JP,Tokyo,pm25,2511,5.0,152.0,34.0,1487.5
2022-09-16,JP,Saitama,pm25,501,5.0,87.0,42.0,1214.61
2022-09-16,JP,Naha,pm25,144,13.0,59.0,21.0,1237.6
2022-09-16,JP,Nagasaki,pm25,177,5.0,61.0,25.0,1686.65
2022-09-16,JP,Toyama,pm25,191,21.0,95.0,57.0,1732.26
2022-09-16,JP,Niigata,pm25,214,21.0,65.0,46.0,1021.47
2022-09-16,JP,Nara-shi,pm25,189,5.0,61.0,38.0,1217.0
2022-09-16,JP,Okayama,pm25,285,21.0,74.0,46.0,1052.56
2022-09-16,JP,Sendai,pm25,431,9.0,59.0,25.0,771.81
2022-09-16,JP,Osaka,pm25,1391,5.0,91.0,38.0,1386.68
2022-09-16,JP,Miyazaki,pm25,140,13.0,104.0,55.0,1701.8
2022-09-16,JP,Matsuyama,pm25,151,5.0,78.0,38.0,3118.69
2022-09-16,JP,Wakayama,pm25,286,13.0,99.0,42.0,1304.27
2022-09-16,JP,Takamatsu,pm25,239,9.0,65.0,34.0,1525.0
2022-09-16,JP,Nagoya,pm25,744,1.0,107.0,42.0,2853.27
2022-09-16,JP,Ōita,pm25,245,5.0,59.0,34.0,1425.07
2022-09-16,JP,Kobe,pm25,420,5.0,91.0,42.0,1278.84
2022-09-16,JP,Nagano,pm25,72,5.0,65.0,25.0,3921.34
2022-09-16,JP,Utsunomiya,pm25,443,5.0,74.0,42.0,1518.91
2022-09-16,JP,Kagoshima,pm25,96,9.0,80.0,34.0,1546.53
2022-09-16,SK,Košice,pm25,95,9.0,57.0,34.0,1618.95
2022-09-16,SK,Bratislava,pm25,90,5.0,50.0,25.0,890.09
2022-09-16,FI,Vantaa,pm25,24,9.0,56.0,14.0,1563.48
2022-09-16,FI,Turku,pm25,24,8.0,22.0,11.0,161.14
2022-09-16,FI,Helsinki,pm25,119,4.0,40.0,10.0,478.37
2022-09-16,FI,Tampere,pm25,96,3.0,28.0,8.0,180.32
2022-09-16,ET,Addis Ababa,pm25,24,25.0,104.0,80.0,4318.48
2022-09-16,CH,Zürich,pm25,23,1.0,3.0,2.0,3.28
2022-09-16,CO,Bogotá,pm25,286,5.0,153.0,38.0,7628.95
2022-09-16,CO,Medellín,pm25,330,21.0,99.0,57.0,2104.91
2022-09-16,DK,Copenhagen,pm25,24,14.0,47.0,28.0,591.02
2022-09-16,GB,Edinburgh,pm25,275,2.0,94.0,7.0,1304.61
2022-09-16,GB,Norwich,pm25,20,13.0,25.0,13.0,132.08
2022-09-16,GB,Liverpool,pm25,32,9.0,30.0,17.0,365.0
2022-09-16,GB,Belfast,pm25,35,9.0,19.0,13.0,27.51
2022-09-16,GB,Coventry,pm25,50,9.0,35.0,13.0,288.75
2022-09-16,GB,Leeds,pm25,34,9.0,59.0,13.0,1147.13
2022-09-16,GB,Cardiff,pm25,72,5.0,42.0,25.0,863.91
2022-09-16,GB,Bristol,pm25,56,9.0,50.0,21.0,922.7
2022-09-16,GB,London,pm25,468,1.0,294.0,21.0,2765.29
2022-09-16,GB,Birmingham,pm25,26,13.0,26.0,15.0,133.79
2022-09-16,GB,Sheffield,pm25,52,6.0,34.0,13.0,387.39
2022-09-16,GB,Newport,pm25,42,4.0,13.0,9.0,80.46
2022-09-16,GB,Leicester,pm25,18,13.0,26.0,17.0,130.85
2022-09-16,GB,Manchester,pm25,74,7.0,53.0,19.0,1081.41
2022-09-16,GB,Reading,pm25,45,5.0,25.0,13.0,443.31
2022-09-16,GB,Plymouth,pm25,22,5.0,18.0,13.0,120.69
2022-09-16,GB,Glasgow,pm25,570,4.0,31.0,8.0,183.52
2022-09-16,GB,Preston,pm25,43,4.0,34.0,13.0,584.45
2022-09-16,GB,Swansea,pm25,147,5.0,42.0,17.0,1015.94
2022-09-16,GB,Southend-on-Sea,pm25,45,6.0,30.0,16.0,347.19
2022-09-16,ID,Jakarta,pm25,71,74.0,161.0,112.0,5697.98
2022-09-16,NP,Kathmandu,pm25,48,5.0,91.0,46.0,4138.58
2022-09-16,AU,Sydney,pm25,142,1.0,46.0,12.0,772.53
2022-09-16,AU,Newcastle,pm25,123,1.0,49.0,15.0,1246.86
2022-09-16,AU,Launceston,pm25,137,5.0,134.0,13.0,3228.1
2022-09-16,AU,Hobart,pm25,66,5.0,53.0,9.0,1496.91
2022-09-16,AU,Darwin,pm25,71,2.0,62.0,28.0,2097.74
2022-09-16,AU,Melbourne,pm25,151,1.0,53.0,19.0,1106.87
2022-09-16,AU,Canberra,pm25,54,2.0,59.0,21.0,1341.2
2022-09-16,AU,Adelaide,pm25,96,13.0,55.0,30.0,1045.97
2022-09-16,AU,Brisbane,pm25,213,1.0,75.0,26.0,2586.17
2022-09-16,AU,Perth,pm25,82,2.0,47.0,5.0,479.75
2022-09-16,AU,Wollongong,pm25,40,1.0,33.0,11.0,626.56
2022-09-16,CI,Abidjan,pm25,13,21.0,57.0,38.0,1301.03
2022-09-16,GH,Accra,pm25,23,21.0,74.0,42.0,1534.98
2022-09-16,IQ,Baghdad,pm25,24,68.0,153.0,97.0,4052.75
2022-09-16,IS,Reykjavík,pm25,96,4.0,18.0,12.0,100.55
2022-09-16,KG,Bishkek,pm25,24,65.0,139.0,76.0,2295.65
2022-09-16,NL,Utrecht,pm25,48,14.0,51.0,25.0,431.06
2022-09-16,NL,Nijmegen,pm25,43,1.0,49.0,15.0,1019.87
2022-09-16,NL,Haarlem,pm25,140,3.0,66.0,22.0,1241.93
2022-09-16,NL,Eindhoven,pm25,23,5.0,61.0,48.0,2165.73
2022-09-16,NL,Rotterdam,pm25,191,2.0,51.0,14.0,408.31
2022-09-16,NL,Amsterdam,pm25,234,1.0,59.0,14.0,709.9
2022-09-16,NL,Dordrecht,pm25,24,9.0,42.0,17.0,534.71
2022-09-16,NL,Breda,pm25,24,7.0,35.0,19.0,599.06
2022-09-16,NL,Groningen,pm25,48,3.0,45.0,18.0,1047.64
2022-09-16,NL,Maastricht,pm25,92,5.0,65.0,25.0,2256.65
2022-09-16,NL,The Hague,pm25,72,2.0,34.0,15.0,372.94
2022-09-16,PT,Lisbon,pm25,26,10.0,27.0,20.0,216.94
2022-09-16,PT,Funchal,pm25,60,1.0,86.0,22.0,1915.42
2022-09-16,CA,Hamilton,pm25,90,5.0,82.0,30.0,3033.85
2022-09-16,CA,Calgary,pm25,92,28.0,64.0,51.0,604.55
2022-09-16,CA,Winnipeg,pm25,15,18.0,20.0,18.0,3.81
2022-09-16,CA,Halifax,pm25,46,5.0,16.0,11.0,51.54
2022-09-16,CA,Kitchener,pm25,48,9.0,74.0,34.0,4246.22
2022-09-16,CA,Edmonton,pm25,126,3.0,90.0,48.0,2695.62
2022-09-16,CA,Surrey,pm25,93,3.0,40.0,10.0,695.7
2022-09-16,CA,Mississauga,pm25,67,9.0,97.0,30.0,3850.59
2022-09-16,CA,Québec,pm25,138,7.0,25.0,12.0,142.99
2022-09-16,CA,Vancouver,pm25,165,1.0,44.0,7.0,812.98
2022-09-16,CA,Victoria,pm25,38,5.0,30.0,13.0,505.1
2022-09-16,CA,Montréal,pm25,294,3.0,44.0,14.0,702.52
2022-09-16,CA,Toronto,pm25,127,5.0,57.0,21.0,845.84
2022-09-16,CA,Ottawa,pm25,40,9.0,25.0,14.0,190.87
2022-09-16,CA,London,pm25,42,9.0,109.0,42.0,9334.66
2022-09-16,US,Oklahoma City,pm25,96,35.0,89.0,50.0,750.73
2022-09-16,US,Raleigh,pm25,66,17.0,65.0,53.0,879.76
2022-09-16,US,Memphis,pm25,72,25.0,76.0,47.0,862.22
2022-09-16,US,Jackson,pm25,71,31.0,88.0,58.0,1019.11
2022-09-16,US,Boston,pm25,81,9.0,42.0,17.0,640.11
2022-09-16,US,Richmond,pm25,96,27.0,58.0,38.0,717.67
2022-09-16,US,Portland,pm25,167,5.0,30.0,12.0,192.4
2022-09-16,US,Boise,pm25,48,30.0,85.0,53.0,1561.21
2022-09-16,US,Austin,pm25,21,5.0,46.0,21.0,1078.0
2022-09-16,US,Honolulu,pm25,13,5.0,30.0,13.0,582.31
2022-09-16,US,Fresno,pm25,48,24.0,75.0,51.0,1178.08
2022-09-16,US,Milwaukee,pm25,139,31.0,145.0,41.0,1244.48
2022-09-16,US,Hartford,pm25,48,8.0,23.0,14.0,143.83
2022-09-16,US,Washington D.C.,pm25,116,5.0,57.0,31.0,1279.58
2022-09-16,US,Chicago,pm25,239,13.0,58.0,38.0,704.77
2022-09-16,US,Houston,pm25,94,2.0,72.0,28.0,2188.92
2022-09-16,US,Indianapolis,pm25,144,31.0,126.0,58.0,2494.75
2022-09-16,US,Atlanta,pm25,24,40.0,56.0,46.0,239.71
2022-09-16,US,Charlotte,pm25,48,34.0,91.0,47.0,995.53
2022-09-16,US,Sacramento,pm25,72,16.0,61.0,38.0,1252.11
2022-09-16,US,Oakland,pm25,114,5.0,89.0,34.0,1700.02
2022-09-16,US,Providence,pm25,21,5.0,30.0,13.0,947.14
2022-09-16,US,Staten Island,pm25,83,1.0,61.0,18.0,2375.79
2022-09-16,US,Brooklyn,pm25,119,1.0,60.0,18.0,1486.05
2022-09-16,US,Springfield,pm25,72,22.0,52.0,39.0,541.57
2022-09-16,US,The Bronx,pm25,37,1.0,60.0,8.0,2781.19
2022-09-16,US,San Jose,pm25,96,5.0,63.0,34.0,1129.95
2022-09-16,US,Los Angeles,pm25,47,39.0,68.0,53.0,542.61
2022-09-16,US,Detroit,pm25,168,30.0,97.0,55.0,1110.0
2022-09-16,US,Little Rock,pm25,48,15.0,95.0,63.0,2027.5
2022-09-16,US,Baltimore,pm25,48,17.0,58.0,31.0,1254.82
2022-09-16,US,Phoenix,pm25,180,6.0,59.0,23.0,896.13
2022-09-16,US,Omaha,pm25,48,17.0,63.0,42.0,1079.14
2022-09-16,US,El Paso,pm25,119,5.0,134.0,34.0,4057.86
2022-09-16,US,Dallas,pm25,22,21.0,107.0,46.0,4551.34
2022-09-16,US,Seattle,pm25,255,5.0,55.0,25.0,867.13
2022-09-16,US,Manhattan,pm25,55,2.0,47.0,17.0,1027.51
2022-09-16,US,Miami,pm25,93,12.0,40.0,20.0,356.22
2022-09-16,US,Jacksonville,pm25,144,8.0,62.0,29.0,786.84
2022-09-16,US,San Antonio,pm25,83,1.0,67.0,25.0,4097.33
2022-09-16,US,Philadelphia,pm25,93,1.0,58.0,22.0,1618.91
2022-09-16,US,San Diego,pm25,24,36.0,55.0,50.0,392.59
2022-09-16,US,Columbus,pm25,48,34.0,75.0,51.0,1131.13
2022-09-16,US,Saint Paul,pm25,131,25.0,69.0,51.0,905.53
2022-09-16,US,Denver,pm25,146,5.0,42.0,17.0,518.16
2022-09-16,US,Salt Lake City,pm25,216,7.0,55.0,17.0,771.97
2022-09-16,US,Albuquerque,pm25,72,5.0,54.0,15.0,966.76
2022-09-16,US,San Francisco,pm25,71,13.0,82.0,34.0,1742.34
2022-09-16,US,Salem,pm25,72,8.0,27.0,11.0,336.32
2022-09-16,US,Madison,pm25,48,27.0,49.0,33.0,300.41
2022-09-16,US,Nashville,pm25,71,13.0,58.0,44.0,1329.09
2022-09-16,US,Tucson,pm25,139,5.0,50.0,17.0,753.94
2022-09-16,US,Queens,pm25,77,1.0,57.0,20.0,2001.12
2022-09-16,US,Tallahassee,pm25,72,15.0,63.0,43.0,938.68
2022-09-16,US,Fort Worth,pm25,38,14.0,57.0,38.0,910.19
2022-09-16,RS,Novi Sad,pm25,24,10.0,49.0,31.0,1559.4
2022-09-16,RS,Niš,pm25,48,12.0,75.0,35.0,2318.29
2022-09-16,RS,Belgrade,pm25,120,12.0,51.0,26.0,775.62
2022-09-16,CY,Nicosia,pm25,24,40.0,80.0,54.0,709.84
2022-09-16,CY,Limassol,pm25,24,46.0,66.0,56.0,274.49
2022-09-16,HR,Zagreb,pm25,24,17.0,47.0,29.0,719.06
2022-09-16,MK,Skopje,pm25,157,4.0,138.0,51.0,4902.54
2022-09-17,GE,Tbilisi,pm25,96,29.0,67.0,44.0,817.58
2022-09-17,HU,Győr,pm25,28,17.0,46.0,25.0,831.38
2022-09-17,HU,Pécs,pm25,72,9.0,21.0,17.0,111.55
2022-09-17,HU,Kecskemét,pm25,48,17.0,46.0,25.0,1077.43
2022-09-17,HU,Miskolc,pm25,111,13.0,76.0,30.0,1238.12
2022-09-17,HU,Budapest,pm25,209,9.0,53.0,21.0,682.55
2022-09-17,JP,Fukuoka,pm25,355,5.0,82.0,34.0,1553.86
2022-09-17,JP,Kanazawa,pm25,240,13.0,76.0,55.0,1213.97
2022-09-17,JP,Kumamoto,pm25,311,5.0,61.0,25.0,1797.41
2022-09-17,JP,Akita,pm25,41,5.0,76.0,38.0,3083.94
2022-09-17,JP,Kochi,pm25,47,5.0,50.0,30.0,1390.64
2022-09-17,JP,Gifu-shi,pm25,149,5.0,112.0,46.0,3217.23
2022-09-17,JP,Kyoto,pm25,542,5.0,70.0,30.0,1160.64
2022-09-17,JP,Hiroshima,pm25,315,5.0,80.0,34.0,2354.13
2022-09-17,JP,Shizuoka,pm25,236,5.0,65.0,25.0,1522.18
2022-09-17,JP,Chiba,pm25,736,5.0,139.0,30.0,2509.25
2022-09-17,JP,Sapporo,pm25,210,5.0,85.0,30.0,1648.8
2022-09-17,JP,Yokohama,pm25,544,1.0,70.0,34.0,1978.13
2022-09-17,JP,Tokyo,pm25,2534,1.0,228.0,38.0,1678.57
2022-09-17,JP,Saitama,pm25,502,9.0,95.0,50.0,1232.96
2022-09-17,JP,Naha,pm25,144,21.0,53.0,30.0,1168.88
2022-09-17,JP,Nagasaki,pm25,182,5.0,65.0,30.0,1493.11
2022-09-17,JP,Toyama,pm25,191,25.0,89.0,55.0,1455.78
2022-09-17,JP,Niigata,pm25,216,17.0,57.0,38.0,829.99
2022-09-17,JP,Nara-shi,pm25,171,5.0,63.0,17.0,1195.0
2022-09-17,JP,Okayama,pm25,279,5.0,68.0,30.0,1298.0
2022-09-17,JP,Sendai,pm25,462,5.0,53.0,21.0,833.33
2022-09-17,JP,Osaka,pm25,1344,5.0,65.0,21.0,965.06
2022-09-17,JP,Miyazaki,pm25,138,17.0,95.0,57.0,1466.68
2022-09-17,JP,Matsuyama,pm25,158,5.0,74.0,30.0,3150.9
2022-09-17,JP,Wakayama,pm25,280,5.0,85.0,30.0,1426.23
2022-09-17,JP,Takamatsu,pm25,228,5.0,72.0,21.0,1532.8
2022-09-17,JP,Nagoya,pm25,743,1.0,109.0,25.0,2179.39
2022-09-17,JP,Ōita,pm25,244,5.0,63.0,34.0,1953.78
2022-09-17,JP,Kobe,pm25,413,5.0,63.0,21.0,585.23
2022-09-17,JP,Nagano,pm25,65,17.0,57.0,42.0,715.56
2022-09-17,JP,Utsunomiya,pm25,453,13.0,74.0,42.0,1439.14
2022-09-17,JP,Kagoshima,pm25,94,9.0,89.0,30.0,1676.93
2022-09-17,SK,Košice,pm25,96,9.0,76.0,30.0,1242.88
2022-09-17,SK,Bratislava,pm25,78,5.0,42.0,17.0,899.5
2022-09-17,FI,Vantaa,pm25,24,11.0,46.0,20.0,1095.58
2022-09-17,FI,Turku,pm25,24,9.0,19.0,15.0,108.62
2022-09-17,FI,Helsinki,pm25,120,5.0,45.0,16.0,469.41
2022-09-17,FI,Tampere,pm25,96,4.0,26.0,10.0,159.58
2022-09-17,ET,Addis Ababa,pm25,20,70.0,161.0,124.0,9956.29
2022-09-17,CH,Zürich,pm25,20,1.0,2.0,1.0,1.34
2022-09-17,CO,Bogotá,pm25,306,5.0,158.0,53.0,6827.96
2022-09-17,CO,Medellín,pm25,327,21.0,114.0,68.0,3078.68
2022-09-17,DK,Copenhagen,pm25,24,11.0,47.0,22.0,541.72
2022-09-17,GB,Edinburgh,pm25,284,2.0,66.0,7.0,1184.74
2022-09-17,GB,Norwich,pm25,15,17.0,30.0,17.0,166.95
2022-09-17,GB,Liverpool,pm25,41,9.0,38.0,14.0,584.9
2022-09-17,GB,Belfast,pm25,29,9.0,19.0,13.0,68.2
2022-09-17,GB,Coventry,pm25,55,9.0,28.0,13.0,200.03
2022-09-17,GB,Leeds,pm25,16,13.0,34.0,17.0,393.17
2022-09-17,GB,Cardiff,pm25,68,5.0,53.0,25.0,837.75
2022-09-17,GB,Bristol,pm25,69,5.0,50.0,25.0,987.83
2022-09-17,GB,London,pm25,467,4.0,134.0,23.0,1939.11
2022-09-17,GB,Birmingham,pm25,33,11.0,22.0,15.0,63.98
2022-09-17,GB,Sheffield,pm25,69,5.0,21.0,9.0,190.09
2022-09-17,GB,Newport,pm25,30,7.0,30.0,10.0,222.57
2022-09-17,GB,Leicester,pm25,16,13.0,36.0,17.0,496.62
2022-09-17,GB,Manchester,pm25,77,7.0,57.0,25.0,1545.13
2022-09-17,GB,Reading,pm25,46,5.0,46.0,17.0,1109.99
2022-09-17,GB,Plymouth,pm25,38,5.0,30.0,13.0,370.9
2022-09-17,GB,Glasgow,pm25,570,3.0,28.0,8.0,143.58
2022-09-17,GB,Preston,pm25,38,5.0,37.0,17.0,482.31
2022-09-17,GB,Swansea,pm25,147,5.0,57.0,13.0,1419.22
2022-09-17,GB,Southend-on-Sea,pm25,45,8.0,37.0,13.0,261.8
2022-09-17,ID,Jakarta,pm25,71,72.0,171.0,122.0,9550.78
2022-09-17,NP,Kathmandu,pm25,54,30.0,98.0,63.0,2980.16
2022-09-17,NP,Biratnagar,pm25,6,43.0,60.0,48.0,371.0
2022-09-17,AU,Sydney,pm25,154,1.0,38.0,12.0,603.46
2022-09-17,AU,Newcastle,pm25,139,2.0,42.0,19.0,1117.52
2022-09-17,AU,Launceston,pm25,131,5.0,34.0,9.0,272.65
2022-09-17,AU,Hobart,pm25,45,5.0,17.0,5.0,74.83
2022-09-17,AU,Darwin,pm25,65,7.0,61.0,33.0,2247.77
2022-09-17,AU,Melbourne,pm25,140,1.0,52.0,16.0,947.33
2022-09-17,AU,Canberra,pm25,62,1.0,59.0,17.0,2375.55
2022-09-17,AU,Adelaide,pm25,95,9.0,53.0,25.0,681.63
2022-09-17,AU,Brisbane,pm25,215,1.0,82.0,43.0,3292.58
2022-09-17,AU,Perth,pm25,84,2.0,27.0,9.0,442.12
2022-09-17,AU,Wollongong,pm25,39,1.0,48.0,15.0,1446.25
2022-09-17,CI,Abidjan,pm25,24,13.0,63.0,34.0,2246.01
2022-09-17,GH,Accra,pm25,24,25.0,91.0,53.0,2261.45
2022-09-17,IQ,Baghdad,pm25,24,46.0,163.0,95.0,9618.68
2022-09-17,IS,Reykjavík,pm25,96,7.0,53.0,15.0,415.16
2022-09-17,KG,Bishkek,pm25,24,72.0,129.0,85.0,2075.65
2022-09-17,NL,Utrecht,pm25,48,8.0,53.0,32.0,811.88
2022-09-17,NL,Nijmegen,pm25,43,2.0,30.0,14.0,497.74
2022-09-17,NL,Haarlem,pm25,139,1.0,77.0,25.0,2832.66
2022-09-17,NL,Eindhoven,pm25,24,29.0,69.0,46.0,1133.84
2022-09-17,NL,Rotterdam,pm25,192,6.0,41.0,18.0,233.51
2022-09-17,NL,Amsterdam,pm25,240,1.0,40.0,17.0,633.07
2022-09-17,NL,Dordrecht,pm25,24,9.0,30.0,17.0,360.42
2022-09-17,NL,Breda,pm25,24,5.0,36.0,20.0,708.7
2022-09-17,NL,Groningen,pm25,48,5.0,53.0,24.0,698.79
2022-09-17,NL,Maastricht,pm25,96,5.0,57.0,25.0,1456.1
2022-09-17,NL,The Hague,pm25,71,1.0,33.0,19.0,520.99
2022-09-17,PT,Funchal,pm25,68,14.0,63.0,42.0,1140.55
2022-09-17,CA,Hamilton,pm25,94,17.0,109.0,53.0,3911.31
2022-09-17,CA,Calgary,pm25,84,2.0,70.0,18.0,1995.51
2022-09-17,CA,Winnipeg,pm25,21,18.0,20.0,19.0,4.48
2022-09-17,CA,Halifax,pm25,46,5.0,25.0,8.0,151.83
2022-09-17,CA,Kitchener,pm25,48,13.0,74.0,53.0,2552.83
2022-09-17,CA,Edmonton,pm25,118,2.0,72.0,9.0,4177.88
2022-09-17,CA,Surrey,pm25,96,3.0,35.0,10.0,476.0
2022-09-17,CA,Mississauga,pm25,71,13.0,91.0,46.0,4578.62
2022-09-17,CA,Québec,pm25,151,7.0,29.0,14.0,183.17
2022-09-17,CA,Vancouver,pm25,166,1.0,30.0,5.0,357.17
2022-09-17,CA,Victoria,pm25,44,5.0,46.0,17.0,720.23
2022-09-17,CA,Montréal,pm25,399,3.0,72.0,21.0,810.72
2022-09-17,CA,Toronto,pm25,139,9.0,72.0,25.0,2146.24
2022-09-17,CA,Ottawa,pm25,57,13.0,50.0,18.0,413.44
2022-09-17,CA,London,pm25,48,9.0,85.0,50.0,2549.68
2022-09-17,US,Oklahoma City,pm25,96,14.0,54.0,28.0,1377.4
2022-09-17,US,Raleigh,pm25,68,5.0,62.0,38.0,2367.45
2022-09-17,US,Memphis,pm25,72,40.0,75.0,52.0,286.18
2022-09-17,US,Jackson,pm25,72,9.0,73.0,57.0,2028.45
2022-09-17,US,Boston,pm25,87,9.0,85.0,21.0,1223.02
2022-09-17,US,Richmond,pm25,96,21.0,57.0,36.0,715.95
2022-09-17,US,Portland,pm25,165,8.0,38.0,15.0,316.36
2022-09-17,US,Boise,pm25,48,21.0,72.0,53.0,1356.91
2022-09-17,US,Austin,pm25,22,5.0,42.0,17.0,923.46
2022-09-17,US,Honolulu,pm25,19,5.0,25.0,9.0,478.13
2022-09-17,US,Fresno,pm25,48,10.0,70.0,45.0,2124.24
2022-09-17,US,Milwaukee,pm25,138,37.0,67.0,51.0,480.52
2022-09-17,US,Hartford,pm25,48,13.0,40.0,20.0,233.29
2022-09-17,US,Washington D.C.,pm25,118,21.0,104.0,39.0,1232.31
2022-09-17,US,Chicago,pm25,240,25.0,67.0,48.0,843.36
2022-09-17,US,Houston,pm25,94,5.0,57.0,32.0,1035.14
2022-09-17,US,Indianapolis,pm25,144,34.0,87.0,54.0,868.79
2022-09-17,US,Atlanta,pm25,24,48.0,58.0,55.0,100.85
2022-09-17,US,Charlotte,pm25,48,39.0,82.0,54.0,1354.04
2022-09-17,US,Sacramento,pm25,70,3.0,42.0,22.0,1127.72
2022-09-17,US,Oakland,pm25,109,5.0,46.0,21.0,990.69
2022-09-17,US,Providence,pm25,34,5.0,46.0,21.0,1462.29
2022-09-17,US,Staten Island,pm25,112,6.0,173.0,23.0,21912.1
2022-09-17,US,Brooklyn,pm25,144,2.0,46.0,19.0,561.13
2022-09-17,US,Springfield,pm25,72,41.0,71.0,52.0,564.65
2022-09-17,US,The Bronx,pm25,48,2.0,38.0,16.0,612.75
2022-09-17,US,San Jose,pm25,82,5.0,46.0,21.0,872.38
2022-09-17,US,Los Angeles,pm25,48,35.0,65.0,53.0,479.36
2022-09-17,US,Detroit,pm25,168,42.0,72.0,57.0,383.81
2022-09-17,US,Little Rock,pm25,47,33.0,85.0,63.0,1244.35
2022-09-17,US,Baltimore,pm25,48,13.0,55.0,38.0,1074.68
2022-09-17,US,Phoenix,pm25,171,1.0,50.0,22.0,727.7
2022-09-17,US,Omaha,pm25,48,9.0,61.0,38.0,1141.06
2022-09-17,US,El Paso,pm25,120,5.0,64.0,30.0,2075.63
2022-09-17,US,Dallas,pm25,21,5.0,25.0,9.0,388.57
2022-09-17,US,Seattle,pm25,252,5.0,68.0,25.0,1141.18
2022-09-17,US,Manhattan,pm25,69,1.0,43.0,17.0,527.47
2022-09-17,US,Miami,pm25,93,12.0,52.0,20.0,307.13
2022-09-17,US,Jacksonville,pm25,142,5.0,56.0,22.0,857.31
2022-09-17,US,San Antonio,pm25,89,3.0,67.0,17.0,3467.46
2022-09-17,US,Philadelphia,pm25,95,6.0,79.0,35.0,1474.24
2022-09-17,US,San Diego,pm25,24,49.0,68.0,55.0,235.92
2022-09-17,US,Columbus,pm25,48,27.0,80.0,51.0,2000.95
2022-09-17,US,Saint Paul,pm25,119,9.0,110.0,38.0,1963.2
2022-09-17,US,Denver,pm25,116,5.0,65.0,17.0,640.5
2022-09-17,US,Salt Lake City,pm25,216,20.0,58.0,43.0,721.25
2022-09-17,US,Albuquerque,pm25,72,6.0,29.0,13.0,303.31
2022-09-17,US,San Francisco,pm25,61,5.0,68.0,25.0,1943.17
2022-09-17,US,Salem,pm25,71,8.0,19.0,11.0,73.43
2022-09-17,US,Madison,pm25,48,33.0,56.0,46.0,398.56
2022-09-17,US,Nashville,pm25,72,13.0,63.0,48.0,1162.3
2022-09-17,US,Tucson,pm25,112,5.0,34.0,13.0,460.54
2022-09-17,US,Queens,pm25,70,2.0,43.0,18.0,635.8
2022-09-17,US,Tallahassee,pm25,67,8.0,63.0,35.0,1466.16
2022-09-17,US,Fort Worth,pm25,43,4.0,38.0,17.0,725.22
2022-09-17,RS,Novi Sad,pm25,24,14.0,51.0,30.0,974.49
2022-09-17,RS,Niš,pm25,48,4.0,89.0,44.0,5414.36
2022-09-17,RS,Belgrade,pm25,120,11.0,55.0,29.0,1306.54
2022-09-17,CY,Nicosia,pm25,21,51.0,79.0,62.0,550.48
2022-09-17,CY,Limassol,pm25,24,36.0,72.0,56.0,653.84
2022-09-17,HR,Zagreb,pm25,24,15.0,29.0,20.0,171.01
2022-09-17,MK,Skopje,pm25,163,4.0,104.0,49.0,4961.03
2022-09-18,GE,Tbilisi,pm25,96,52.0,93.0,64.0,888.7
2022-09-18,HU,Győr,pm25,44,17.0,70.0,30.0,1981.75
2022-09-18,HU,Pécs,pm25,60,5.0,42.0,9.0,874.68
2022-09-18,HU,Kecskemét,pm25,28,5.0,17.0,9.0,122.75
2022-09-18,HU,Miskolc,pm25,94,5.0,68.0,13.0,1724.82
2022-09-18,HU,Budapest,pm25,192,5.0,55.0,9.0,268.78
2022-09-18,JP,Fukuoka,pm25,334,5.0,129.0,34.0,2013.11
2022-09-18,JP,Kanazawa,pm25,238,5.0,70.0,38.0,1532.74
2022-09-18,JP,Kumamoto,pm25,261,5.0,65.0,21.0,2039.89
2022-09-18,JP,Akita,pm25,38,13.0,68.0,34.0,1252.7
2022-09-18,JP,Kochi,pm25,48,17.0,70.0,53.0,2223.81
2022-09-18,JP,Gifu-shi,pm25,124,5.0,68.0,30.0,1962.76
2022-09-18,JP,Kyoto,pm25,564,5.0,65.0,34.0,2569.47
2022-09-18,JP,Hiroshima,pm25,316,5.0,72.0,34.0,2161.05
2022-09-18,JP,Shizuoka,pm25,231,5.0,65.0,21.0,1734.51
2022-09-18,JP,Chiba,pm25,677,5.0,89.0,21.0,1959.56
2022-09-18,JP,Sapporo,pm25,216,5.0,63.0,30.0,1162.31
2022-09-18,JP,Yokohama,pm25,525,1.0,53.0,21.0,1111.48
2022-09-18,JP,Tokyo,pm25,2477,1.0,78.0,21.0,1172.23
2022-09-18,JP,Saitama,pm25,464,5.0,57.0,25.0,1772.9
2022-09-18,JP,Naha,pm25,144,34.0,68.0,46.0,747.69
2022-09-18,JP,Nagasaki,pm25,165,5.0,65.0,21.0,1242.56
2022-09-18,JP,Toyama,pm25,191,5.0,89.0,50.0,2014.27
2022-09-18,JP,Niigata,pm25,208,5.0,53.0,17.0,1454.83
2022-09-18,JP,Nara-shi,pm25,184,5.0,59.0,25.0,1533.54
2022-09-18,JP,Okayama,pm25,277,5.0,74.0,38.0,2819.82
2022-09-18,JP,Sendai,pm25,467,9.0,59.0,34.0,1044.56
2022-09-18,JP,Osaka,pm25,1316,5.0,80.0,25.0,1850.23
2022-09-18,JP,Miyazaki,pm25,98,5.0,129.0,70.0,5564.94
2022-09-18,JP,Matsuyama,pm25,152,5.0,68.0,25.0,2298.91
2022-09-18,JP,Wakayama,pm25,275,5.0,80.0,30.0,2223.97
2022-09-18,JP,Takamatsu,pm25,228,5.0,74.0,34.0,2505.64
2022-09-18,JP,Nagoya,pm25,724,5.0,72.0,21.0,1559.24
2022-09-18,JP,Ōita,pm25,235,5.0,65.0,30.0,2227.12
2022-09-18,JP,Kobe,pm25,413,5.0,61.0,30.0,1776.8
2022-09-18,JP,Nagano,pm25,68,5.0,57.0,25.0,1834.94
2022-09-18,JP,Utsunomiya,pm25,438,5.0,61.0,30.0,1816.31
2022-09-18,JP,Kagoshima,pm25,82,5.0,93.0,38.0,3541.62
2022-09-18,SK,Košice,pm25,87,5.0,57.0,17.0,712.56
2022-09-18,SK,Bratislava,pm25,45,5.0,38.0,9.0,500.64
2022-09-18,FI,Vantaa,pm25,24,8.0,28.0,15.0,236.94
2022-09-18,FI,Turku,pm25,24,5.0,25.0,8.0,381.58
2022-09-18,FI,Helsinki,pm25,119,3.0,23.0,12.0,186.86
2022-09-18,FI,Tampere,pm25,96,3.0,25.0,5.0,159.44
2022-09-18,ET,Addis Ababa,pm25,22,61.0,158.0,80.0,7193.27
2022-09-18,CH,Zürich,pm25,11,1.0,2.0,1.0,2.18
2022-09-18,CO,Bogotá,pm25,305,5.0,142.0,53.0,6360.58
2022-09-18,CO,Medellín,pm25,325,17.0,104.0,59.0,2925.57
2022-09-18,DK,Copenhagen,pm25,24,17.0,34.0,24.0,176.74
2022-09-18,GB,Edinburgh,pm25,277,3.0,75.0,7.0,1389.83
2022-09-18,GB,Norwich,pm25,12,10.0,19.0,15.0,84.24
2022-09-18,GB,Liverpool,pm25,39,7.0,25.0,13.0,164.29
2022-09-18,GB,Belfast,pm25,29,6.0,15.0,9.0,51.8
2022-09-18,GB,Coventry,pm25,59,9.0,26.0,12.0,148.59
2022-09-18,GB,Leeds,pm25,11,9.0,46.0,17.0,1234.18
2022-09-18,GB,Cardiff,pm25,69,13.0,53.0,25.0,1028.71
2022-09-18,GB,Bristol,pm25,71,9.0,59.0,25.0,967.39
2022-09-18,GB,London,pm25,434,3.0,57.0,21.0,1110.18
2022-09-18,GB,Birmingham,pm25,33,9.0,19.0,13.0,110.59
2022-09-18,GB,Sheffield,pm25,55,8.0,42.0,10.0,707.58
2022-09-18,GB,Newport,pm25,45,5.0,30.0,12.0,170.64
2022-09-18,GB,Leicester,pm25,13,9.0,18.0,13.0,54.36
2022-09-18,GB,Manchester,pm25,78,8.0,50.0,15.0,1227.19
2022-09-18,GB,Reading,pm25,48,5.0,38.0,13.0,783.24
2022-09-18,GB,Plymouth,pm25,36,9.0,30.0,15.0,202.94
2022-09-18,GB,Glasgow,pm25,566,3.0,30.0,5.0,158.76
2022-09-18,GB,Preston,pm25,44,7.0,21.0,10.0,83.17
2022-09-18,GB,Swansea,pm25,150,5.0,76.0,17.0,2063.0
2022-09-18,GB,Southend-on-Sea,pm25,34,8.0,30.0,13.0,240.29
2022-09-18,ID,Jakarta,pm25,71,85.0,182.0,153.0,4048.25
2022-09-18,NP,Kathmandu,pm25,53,17.0,95.0,59.0,2429.43
2022-09-18,NP,Biratnagar,pm25,24,32.0,71.0,55.0,1253.89
2022-09-18,AU,Sydney,pm25,150,1.0,45.0,10.0,451.87
2022-09-18,AU,Newcastle,pm25,133,1.0,61.0,13.0,1254.77
2022-09-18,AU,Launceston,pm25,118,5.0,42.0,5.0,361.97
2022-09-18,AU,Hobart,pm25,41,5.0,17.0,5.0,143.02
2022-09-18,AU,Darwin,pm25,69,8.0,62.0,32.0,2315.76
2022-09-18,AU,Melbourne,pm25,147,1.0,40.0,15.0,870.94
2022-09-18,AU,Canberra,pm25,55,4.0,55.0,19.0,2223.12
2022-09-18,AU,Adelaide,pm25,94,4.0,61.0,25.0,1478.39
2022-09-18,AU,Brisbane,pm25,215,2.0,54.0,20.0,1050.36
2022-09-18,AU,Perth,pm25,84,2.0,30.0,12.0,753.1
2022-09-18,AU,Wollongong,pm25,33,3.0,38.0,11.0,1141.84
2022-09-18,CI,Abidjan,pm25,24,9.0,50.0,30.0,1442.16
2022-09-18,GH,Accra,pm25,24,34.0,72.0,53.0,878.19
2022-09-18,IQ,Baghdad,pm25,24,74.0,221.0,127.0,14039.3
2022-09-18,IS,Reykjavík,pm25,96,5.0,164.0,20.0,9917.81
2022-09-18,KG,Bishkek,pm25,24,74.0,112.0,82.0,726.67
2022-09-18,NL,Utrecht,pm25,48,11.0,49.0,27.0,584.26
2022-09-18,NL,Nijmegen,pm25,44,1.0,35.0,13.0,668.41
2022-09-18,NL,Haarlem,pm25,133,4.0,93.0,23.0,2048.92
2022-09-18,NL,Eindhoven,pm25,24,33.0,63.0,45.0,660.22
2022-09-18,NL,Rotterdam,pm25,191,8.0,47.0,13.0,357.1
2022-09-18,NL,Amsterdam,pm25,236,1.0,54.0,13.0,635.49
2022-09-18,NL,Dordrecht,pm25,24,9.0,25.0,17.0,187.54
2022-09-18,NL,Breda,pm25,24,2.0,39.0,17.0,845.63
2022-09-18,NL,Groningen,pm25,46,1.0,34.0,15.0,755.3
2022-09-18,NL,Maastricht,pm25,96,5.0,61.0,25.0,1484.83
2022-09-18,NL,The Hague,pm25,61,1.0,28.0,15.0,286.52
2022-09-18,PT,Lisbon,pm25,21,25.0,56.0,40.0,1021.29
2022-09-18,PT,Funchal,pm25,52,1.0,43.0,20.0,1117.6
2022-09-18,CA,Hamilton,pm25,92,21.0,72.0,46.0,921.18
2022-09-18,CA,Calgary,pm25,92,6.0,64.0,27.0,2049.14
2022-09-18,CA,Winnipeg,pm25,24,20.0,63.0,31.0,1459.11
2022-09-18,CA,Halifax,pm25,46,13.0,23.0,15.0,39.25
2022-09-18,CA,Kitchener,pm25,48,9.0,78.0,50.0,3190.99
2022-09-18,CA,Edmonton,pm25,129,2.0,74.0,16.0,2317.73
2022-09-18,CA,Surrey,pm25,95,4.0,57.0,10.0,832.22
2022-09-18,CA,Mississauga,pm25,70,25.0,65.0,50.0,961.15
2022-09-18,CA,Québec,pm25,174,9.0,35.0,18.0,242.69
2022-09-18,CA,Vancouver,pm25,162,1.0,50.0,5.0,698.01
2022-09-18,CA,Victoria,pm25,42,5.0,38.0,17.0,693.57
2022-09-18,CA,Montréal,pm25,434,6.0,67.0,24.0,1269.0
2022-09-18,CA,Toronto,pm25,137,30.0,76.0,46.0,1017.18
2022-09-18,CA,Ottawa,pm25,70,7.0,57.0,35.0,3135.94
2022-09-18,CA,London,pm25,43,17.0,61.0,34.0,1355.35
2022-09-18,US,Oklahoma City,pm25,96,16.0,36.0,25.0,196.47
2022-09-18,US,Raleigh,pm25,72,5.0,59.0,34.0,1179.14
2022-09-18,US,Memphis,pm25,72,27.0,60.0,55.0,360.26
2022-09-18,US,Jackson,pm25,72,8.0,66.0,29.0,3287.89
2022-09-18,US,Boston,pm25,125,9.0,74.0,42.0,1954.56
2022-09-18,US,Richmond,pm25,96,22.0,52.0,29.0,741.89
2022-09-18,US,Portland,pm25,167,15.0,53.0,25.0,507.66
2022-09-18,US,Boise,pm25,47,13.0,59.0,37.0,1451.95
2022-09-18,US,Austin,pm25,20,5.0,61.0,21.0,2880.92
2022-09-18,US,Honolulu,pm25,21,5.0,46.0,17.0,1014.62
2022-09-18,US,Fresno,pm25,44,3.0,54.0,20.0,1601.29
2022-09-18,US,Milwaukee,pm25,143,19.0,61.0,38.0,1402.38
2022-09-18,US,Hartford,pm25,48,19.0,52.0,39.0,1259.25
2022-09-18,US,Washington D.C.,pm25,120,13.0,87.0,34.0,1549.65
2022-09-18,US,Chicago,pm25,239,10.0,63.0,40.0,1677.27
2022-09-18,US,Houston,pm25,95,3.0,59.0,25.0,1656.05
2022-09-18,US,Indianapolis,pm25,144,23.0,155.0,56.0,1550.81
2022-09-18,US,Atlanta,pm25,24,49.0,72.0,54.0,258.97
2022-09-18,US,Charlotte,pm25,47,13.0,74.0,31.0,2952.75
2022-09-18,US,Sacramento,pm25,70,2.0,63.0,13.0,1193.8
2022-09-18,US,Oakland,pm25,95,5.0,30.0,13.0,455.14
2022-09-18,US,Providence,pm25,40,5.0,46.0,21.0,876.8
2022-09-18,US,Staten Island,pm25,108,7.0,173.0,41.0,11164.7
2022-09-18,US,Brooklyn,pm25,144,10.0,62.0,38.0,1207.92
2022-09-18,US,Springfield,pm25,72,25.0,64.0,49.0,863.75
2022-09-18,US,The Bronx,pm25,48,10.0,55.0,30.0,1203.33
2022-09-18,US,San Jose,pm25,84,5.0,34.0,9.0,412.89
2022-09-18,US,Los Angeles,pm25,48,18.0,63.0,43.0,1233.83
2022-09-18,US,Detroit,pm25,168,42.0,90.0,59.0,645.91
2022-09-18,US,Little Rock,pm25,27,2.0,91.0,57.0,2550.26
2022-09-18,US,Baltimore,pm25,48,13.0,81.0,34.0,2002.98
2022-09-18,US,Phoenix,pm25,160,2.0,61.0,19.0,499.55
2022-09-18,US,Omaha,pm25,42,5.0,38.0,21.0,612.82
2022-09-18,US,El Paso,pm25,104,5.0,65.0,26.0,2240.28
2022-09-18,US,Dallas,pm25,24,5.0,46.0,13.0,926.94
2022-09-18,US,Seattle,pm25,246,5.0,71.0,21.0,686.02
2022-09-18,US,Manhattan,pm25,72,18.0,57.0,39.0,1060.18
2022-09-18,US,Miami,pm25,70,7.0,36.0,19.0,504.02
2022-09-18,US,Jacksonville,pm25,143,1.0,30.0,14.0,345.25
2022-09-18,US,San Antonio,pm25,88,1.0,66.0,21.0,3099.31
2022-09-18,US,Philadelphia,pm25,95,3.0,63.0,30.0,1144.18
2022-09-18,US,San Diego,pm25,24,27.0,64.0,52.0,1983.46
2022-09-18,US,Columbus,pm25,48,29.0,56.0,45.0,681.02
2022-09-18,US,Saint Paul,pm25,117,5.0,67.0,30.0,1006.37
2022-09-18,US,Denver,pm25,124,9.0,42.0,25.0,505.43
2022-09-18,US,Salt Lake City,pm25,216,3.0,56.0,18.0,2313.2
2022-09-18,US,Albuquerque,pm25,72,12.0,31.0,19.0,182.24
2022-09-18,US,San Francisco,pm25,67,5.0,34.0,13.0,567.38
2022-09-18,US,Salem,pm25,72,10.0,52.0,22.0,1122.11
2022-09-18,US,Madison,pm25,48,13.0,42.0,25.0,572.75
2022-09-18,US,Nashville,pm25,72,25.0,66.0,55.0,805.21
2022-09-18,US,Tucson,pm25,133,5.0,65.0,17.0,831.78
2022-09-18,US,Queens,pm25,72,8.0,59.0,35.0,1444.15
2022-09-18,US,Tallahassee,pm25,71,7.0,67.0,32.0,1573.6
2022-09-18,US,Fort Worth,pm25,47,4.0,50.0,20.0,849.48
2022-09-18,RS,Novi Sad,pm25,24,8.0,44.0,14.0,780.8
2022-09-18,RS,Niš,pm25,48,4.0,50.0,13.0,1452.55
2022-09-18,RS,Belgrade,pm25,120,5.0,59.0,12.0,1411.14
2022-09-18,CY,Nicosia,pm25,24,42.0,69.0,56.0,341.09
2022-09-18,CY,Limassol,pm25,24,42.0,69.0,53.0,445.43
2022-09-18,HR,Zagreb,pm25,24,8.0,38.0,19.0,576.36
2022-09-18,MK,Skopje,pm25,160,1.0,88.0,20.0,3648.25
2022-09-19,GE,Tbilisi,pm25,96,54.0,109.0,60.0,3581.76
2022-09-19,HU,Győr,pm25,40,9.0,59.0,21.0,2424.21
2022-09-19,HU,Pécs,pm25,63,5.0,17.0,9.0,168.85
2022-09-19,HU,Kecskemét,pm25,38,5.0,13.0,9.0,70.1
2022-09-19,HU,Miskolc,pm25,87,5.0,50.0,9.0,1944.78
2022-09-19,HU,Budapest,pm25,193,5.0,25.0,9.0,129.45
2022-09-19,JP,Fukuoka,pm25,326,5.0,76.0,25.0,3969.62
2022-09-19,JP,Kanazawa,pm25,213,5.0,55.0,21.0,1436.24
2022-09-19,JP,Kumamoto,pm25,257,5.0,68.0,17.0,1376.03
2022-09-19,JP,Akita,pm25,36,5.0,78.0,30.0,3636.29
2022-09-19,JP,Kochi,pm25,31,9.0,72.0,46.0,2979.31
2022-09-19,JP,Gifu-shi,pm25,115,5.0,76.0,50.0,1719.45
2022-09-19,JP,Kyoto,pm25,579,5.0,74.0,34.0,1747.69
2022-09-19,JP,Hiroshima,pm25,230,5.0,63.0,13.0,1526.2
2022-09-19,JP,Shizuoka,pm25,257,5.0,80.0,50.0,2286.55
2022-09-19,JP,Chiba,pm25,731,5.0,102.0,46.0,4013.43
2022-09-19,JP,Sapporo,pm25,202,5.0,61.0,21.0,922.09
2022-09-19,JP,Yokohama,pm25,519,1.0,78.0,42.0,3300.57
2022-09-19,JP,Tokyo,pm25,2515,5.0,109.0,42.0,2877.21
2022-09-19,JP,Saitama,pm25,475,5.0,65.0,38.0,2477.07
2022-09-19,JP,Naha,pm25,144,42.0,80.0,61.0,1220.7
2022-09-19,JP,Nagasaki,pm25,140,5.0,80.0,17.0,1998.61
2022-09-19,JP,Toyama,pm25,187,5.0,63.0,25.0,1384.87
2022-09-19,JP,Niigata,pm25,203,5.0,50.0,25.0,1400.06
2022-09-19,JP,Nara-shi,pm25,182,5.0,61.0,17.0,1453.81
2022-09-19,JP,Okayama,pm25,276,5.0,82.0,25.0,2959.47
2022-09-19,JP,Sendai,pm25,475,5.0,63.0,42.0,1306.29
2022-09-19,JP,Osaka,pm25,1377,5.0,72.0,21.0,1750.62
2022-09-19,JP,Miyazaki,pm25,51,5.0,91.0,25.0,3915.93
2022-09-19,JP,Matsuyama,pm25,105,5.0,82.0,17.0,2598.08
2022-09-19,JP,Wakayama,pm25,283,5.0,76.0,38.0,3130.21
2022-09-19,JP,Takamatsu,pm25,197,5.0,63.0,17.0,1423.07
2022-09-19,JP,Nagoya,pm25,757,5.0,82.0,46.0,1291.42
2022-09-19,JP,Ōita,pm25,173,5.0,42.0,13.0,814.3
2022-09-19,JP,Kobe,pm25,421,5.0,91.0,42.0,3379.59
2022-09-19,JP,Nagano,pm25,56,5.0,55.0,21.0,2019.27
2022-09-19,JP,Utsunomiya,pm25,433,5.0,82.0,38.0,2856.39
2022-09-19,JP,Kagoshima,pm25,85,5.0,68.0,25.0,2365.59
2022-09-19,SK,Košice,pm25,81,5.0,137.0,13.0,2506.14
2022-09-19,SK,Bratislava,pm25,57,5.0,55.0,13.0,993.46
2022-09-19,FI,Vantaa,pm25,24,6.0,22.0,11.0,146.94
2022-09-19,FI,Turku,pm25,24,4.0,26.0,12.0,306.5
2022-09-19,FI,Helsinki,pm25,111,5.0,53.0,10.0,430.53
2022-09-19,FI,Tampere,pm25,89,3.0,24.0,10.0,202.49
2022-09-19,ET,Addis Ababa,pm25,23,65.0,107.0,82.0,1051.19
2022-09-19,CH,Zürich,pm25,18,1.0,2.0,1.0,1.47
2022-09-19,CO,Bogotá,pm25,304,5.0,161.0,70.0,6673.63
2022-09-19,CO,Medellín,pm25,236,21.0,80.0,46.0,1880.93
2022-09-19,DK,Copenhagen,pm25,24,16.0,45.0,26.0,595.2
2022-09-19,GB,Edinburgh,pm25,284,4.0,76.0,15.0,2181.27
2022-09-19,GB,Norwich,pm25,24,13.0,46.0,15.0,716.36
2022-09-19,GB,Liverpool,pm25,34,8.0,58.0,17.0,1027.95
2022-09-19,GB,Belfast,pm25,68,13.0,49.0,21.0,512.57
2022-09-19,GB,Coventry,pm25,68,9.0,35.0,15.0,244.49
2022-09-19,GB,Leeds,pm25,20,9.0,57.0,17.0,1704.5
2022-09-19,GB,Cardiff,pm25,72,17.0,68.0,30.0,2027.39
2022-09-19,GB,Bristol,pm25,69,9.0,74.0,21.0,2703.11
2022-09-19,GB,London,pm25,422,1.0,90.0,21.0,969.96
2022-09-19,GB,Birmingham,pm25,40,7.0,51.0,16.0,1007.59
2022-09-19,GB,Sheffield,pm25,89,9.0,53.0,19.0,807.19
2022-09-19,GB,Newport,pm25,38,7.0,39.0,12.0,699.61
2022-09-19,GB,Leicester,pm25,24,8.0,64.0,18.0,2534.33
2022-09-19,GB,Manchester,pm25,81,13.0,53.0,24.0,1066.19
2022-09-19,GB,Reading,pm25,11,5.0,30.0,13.0,676.55
2022-09-19,GB,Plymouth,pm25,30,8.0,21.0,13.0,84.09
2022-09-19,GB,Glasgow,pm25,572,5.0,52.0,17.0,460.85
2022-09-19,GB,Preston,pm25,41,12.0,57.0,23.0,1144.0
2022-09-19,GB,Swansea,pm25,161,5.0,68.0,21.0,2334.71
2022-09-19,GB,Southend-on-Sea,pm25,37,9.0,22.0,14.0,88.54
2022-09-19,ID,Jakarta,pm25,71,65.0,178.0,129.0,8493.53
2022-09-19,NP,Kathmandu,pm25,53,21.0,117.0,59.0,3483.98
2022-09-19,NP,Biratnagar,pm25,24,47.0,118.0,70.0,2467.17
2022-09-19,AU,Sydney,pm25,158,1.0,72.0,14.0,1391.94
2022-09-19,AU,Newcastle,pm25,137,2.0,78.0,20.0,1606.11
2022-09-19,AU,Launceston,pm25,116,5.0,152.0,13.0,6038.44
2022-09-19,AU,Hobart,pm25,42,5.0,46.0,5.0,516.61
2022-09-19,AU,Darwin,pm25,66,5.0,60.0,32.0,2451.23
2022-09-19,AU,Melbourne,pm25,157,1.0,54.0,19.0,1325.67
2022-09-19,AU,Canberra,pm25,54,1.0,57.0,19.0,2233.84
2022-09-19,AU,Adelaide,pm25,95,5.0,46.0,21.0,644.78
2022-09-19,AU,Brisbane,pm25,134,1.0,73.0,28.0,2819.97
2022-09-19,AU,Perth,pm25,80,2.0,24.0,5.0,598.0
2022-09-19,AU,Wollongong,pm25,41,1.0,55.0,13.0,1415.4
2022-09-19,CI,Abidjan,pm25,24,9.0,124.0,53.0,10731.7
2022-09-19,GH,Accra,pm25,24,30.0,70.0,46.0,1081.74
2022-09-19,IQ,Baghdad,pm25,24,124.0,218.0,169.0,4664.33
2022-09-19,IS,Reykjavík,pm25,78,2.0,44.0,12.0,699.07
2022-09-19,KG,Bishkek,pm25,24,68.0,137.0,80.0,1724.35
2022-09-19,NL,Utrecht,pm25,48,7.0,51.0,27.0,807.97
2022-09-19,NL,Nijmegen,pm25,46,2.0,59.0,18.0,1403.21
2022-09-19,NL,Haarlem,pm25,128,4.0,79.0,25.0,1727.0
2022-09-19,NL,Eindhoven,pm25,24,24.0,68.0,51.0,939.71
2022-09-19,NL,Rotterdam,pm25,189,3.0,50.0,20.0,544.31
2022-09-19,NL,Amsterdam,pm25,252,2.0,154.0,20.0,1585.57
2022-09-19,NL,Dordrecht,pm25,23,5.0,34.0,21.0,623.48
2022-09-19,NL,Breda,pm25,24,9.0,41.0,25.0,625.05
2022-09-19,NL,Groningen,pm25,46,7.0,44.0,23.0,652.74
2022-09-19,NL,Maastricht,pm25,92,5.0,80.0,25.0,2886.26
2022-09-19,NL,The Hague,pm25,68,1.0,33.0,15.0,616.83
2022-09-19,CA,Hamilton,pm25,91,5.0,65.0,42.0,2615.11
2022-09-19,CA,Calgary,pm25,85,2.0,142.0,22.0,3964.67
2022-09-19,CA,Winnipeg,pm25,24,38.0,58.0,52.0,435.65
2022-09-19,CA,Halifax,pm25,46,5.0,18.0,13.0,135.09
2022-09-19,CA,Kitchener,pm25,45,5.0,57.0,34.0,2763.46
2022-09-19,CA,Edmonton,pm25,129,4.0,80.0,16.0,1909.72
2022-09-19,CA,Surrey,pm25,94,5.0,52.0,25.0,1555.53
2022-09-19,CA,Mississauga,pm25,68,5.0,109.0,38.0,3543.47
2022-09-19,CA,Québec,pm25,152,5.0,52.0,16.0,1441.25
2022-09-19,CA,Vancouver,pm25,168,3.0,63.0,14.0,2005.98
2022-09-19,CA,Victoria,pm25,48,9.0,57.0,30.0,2235.53
2022-09-19,CA,Montréal,pm25,371,9.0,44.0,18.0,646.04
2022-09-19,CA,Toronto,pm25,138,9.0,82.0,50.0,2575.34
2022-09-19,CA,Ottawa,pm25,67,5.0,30.0,16.0,425.86
2022-09-19,CA,London,pm25,47,17.0,139.0,46.0,5249.27
2022-09-19,US,Oklahoma City,pm25,96,20.0,58.0,30.0,629.05
2022-09-19,US,Raleigh,pm25,71,13.0,155.0,42.0,2914.6
2022-09-19,US,Memphis,pm25,72,40.0,72.0,55.0,499.52
2022-09-19,US,Jackson,pm25,72,13.0,64.0,44.0,1632.32
2022-09-19,US,Boston,pm25,133,5.0,57.0,34.0,1449.22
2022-09-19,US,Richmond,pm25,96,41.0,55.0,50.0,159.51
2022-09-19,US,Portland,pm25,166,23.0,99.0,37.0,1637.72
2022-09-19,US,Boise,pm25,48,17.0,58.0,41.0,1200.1
2022-09-19,US,Austin,pm25,18,5.0,46.0,21.0,1630.59
2022-09-19,US,Honolulu,pm25,21,5.0,25.0,17.0,425.9
2022-09-19,US,Fresno,pm25,35,1.0,33.0,17.0,737.61
2022-09-19,US,Milwaukee,pm25,144,13.0,81.0,40.0,1142.86
2022-09-19,US,Hartford,pm25,48,20.0,58.0,52.0,1285.74
2022-09-19,US,Washington D.C.,pm25,120,17.0,68.0,46.0,898.45
2022-09-19,US,Chicago,pm25,237,5.0,72.0,32.0,841.95
2022-09-19,US,Houston,pm25,92,3.0,54.0,25.0,1334.38
2022-09-19,US,Indianapolis,pm25,142,5.0,81.0,38.0,2192.68
2022-09-19,US,Atlanta,pm25,24,35.0,69.0,56.0,582.83
2022-09-19,US,Charlotte,pm25,47,21.0,61.0,37.0,1002.16
2022-09-19,US,Sacramento,pm25,60,2.0,38.0,13.0,695.82
2022-09-19,US,Oakland,pm25,99,5.0,38.0,17.0,588.18
2022-09-19,US,Providence,pm25,47,5.0,91.0,30.0,2362.88
2022-09-19,US,Staten Island,pm25,98,21.0,166.0,45.0,2966.32
2022-09-19,US,Brooklyn,pm25,144,13.0,80.0,46.0,1054.78
2022-09-19,US,Springfield,pm25,72,12.0,56.0,32.0,1653.08
2022-09-19,US,The Bronx,pm25,48,21.0,70.0,41.0,1098.51
2022-09-19,US,San Jose,pm25,80,5.0,91.0,13.0,2265.29
2022-09-19,US,Los Angeles,pm25,48,8.0,42.0,25.0,642.11
2022-09-19,US,Detroit,pm25,167,22.0,79.0,42.0,1830.13
2022-09-19,US,Little Rock,pm25,19,6.0,73.0,22.0,5058.13
2022-09-19,US,Baltimore,pm25,44,30.0,65.0,54.0,1073.23
2022-09-19,US,Phoenix,pm25,171,3.0,47.0,21.0,350.44
2022-09-19,US,Omaha,pm25,44,5.0,34.0,17.0,566.68
2022-09-19,US,El Paso,pm25,102,3.0,63.0,21.0,2216.99
2022-09-19,US,Dallas,pm25,22,13.0,42.0,25.0,622.51
2022-09-19,US,Seattle,pm25,257,13.0,91.0,38.0,2667.01
2022-09-19,US,Manhattan,pm25,72,22.0,63.0,43.0,1079.15
2022-09-19,US,Miami,pm25,81,20.0,52.0,30.0,397.93
2022-09-19,US,Jacksonville,pm25,141,3.0,43.0,23.0,726.78
2022-09-19,US,San Antonio,pm25,91,3.0,63.0,21.0,3261.16
2022-09-19,US,Philadelphia,pm25,96,9.0,79.0,49.0,1642.07
2022-09-19,US,San Diego,pm25,24,20.0,39.0,32.0,393.32
2022-09-19,US,Columbus,pm25,48,26.0,58.0,40.0,852.32
2022-09-19,US,Saint Paul,pm25,120,13.0,56.0,35.0,1061.11
2022-09-19,US,Denver,pm25,130,5.0,63.0,21.0,1023.32
2022-09-19,US,Salt Lake City,pm25,216,3.0,38.0,10.0,449.2
2022-09-19,US,Albuquerque,pm25,72,6.0,52.0,16.0,500.28
2022-09-19,US,San Francisco,pm25,65,5.0,99.0,17.0,3481.34
2022-09-19,US,Salem,pm25,72,30.0,121.0,42.0,6440.41
2022-09-19,US,Madison,pm25,47,27.0,64.0,46.0,1165.49
2022-09-19,US,Nashville,pm25,71,42.0,72.0,62.0,528.22
2022-09-19,US,Tucson,pm25,144,5.0,82.0,21.0,1635.01
2022-09-19,US,Queens,pm25,72,14.0,80.0,44.0,1246.1
2022-09-19,US,Tallahassee,pm25,69,2.0,67.0,33.0,1701.26
2022-09-19,US,Fort Worth,pm25,47,3.0,59.0,25.0,1494.83
2022-09-19,RS,Novi Sad,pm25,33,8.0,46.0,25.0,667.97
2022-09-19,RS,Niš,pm25,48,7.0,34.0,19.0,397.43
2022-09-19,RS,Belgrade,pm25,168,6.0,187.0,24.0,2781.83
2022-09-19,CY,Nicosia,pm25,20,15.0,59.0,47.0,1292.5
2022-09-19,CY,Limassol,pm25,20,13.0,69.0,55.0,1371.47
2022-09-19,HR,Zagreb,pm25,24,12.0,56.0,27.0,1764.28
2022-09-19,MK,Skopje,pm25,160,5.0,88.0,27.0,2346.19
2022-09-20,GE,Tbilisi,pm25,96,54.0,90.0,58.0,995.63
2022-09-20,HU,Győr,pm25,42,13.0,55.0,25.0,1150.38
2022-09-20,HU,Szeged,pm25,12,9.0,42.0,13.0,1468.18
2022-09-20,HU,Pécs,pm25,60,5.0,25.0,13.0,281.09
2022-09-20,HU,Kecskemét,pm25,42,5.0,25.0,13.0,263.88
2022-09-20,HU,Miskolc,pm25,118,9.0,63.0,25.0,1451.26
2022-09-20,HU,Budapest,pm25,272,5.0,30.0,13.0,246.21
2022-09-20,JP,Fukuoka,pm25,361,5.0,99.0,42.0,1761.69
2022-09-20,JP,Kanazawa,pm25,211,5.0,57.0,21.0,922.91
2022-09-20,JP,Kumamoto,pm25,349,5.0,142.0,42.0,3237.9
2022-09-20,JP,Akita,pm25,34,5.0,68.0,21.0,1875.02
2022-09-20,JP,Kochi,pm25,47,5.0,68.0,25.0,2574.63
2022-09-20,JP,Gifu-shi,pm25,103,5.0,78.0,21.0,2976.21
2022-09-20,JP,Kyoto,pm25,543,5.0,95.0,25.0,1602.8
2022-09-20,JP,Hiroshima,pm25,275,5.0,78.0,30.0,2120.98
2022-09-20,JP,Shizuoka,pm25,230,5.0,68.0,17.0,2510.14
2022-09-20,JP,Chiba,pm25,625,5.0,78.0,34.0,3763.21
2022-09-20,JP,Sapporo,pm25,184,5.0,42.0,17.0,709.39
2022-09-20,JP,Yokohama,pm25,460,1.0,70.0,30.0,3564.6
2022-09-20,JP,Tokyo,pm25,2176,5.0,76.0,25.0,3564.22
2022-09-20,JP,Saitama,pm25,420,5.0,61.0,21.0,3158.95
2022-09-20,JP,Naha,pm25,144,25.0,63.0,46.0,698.86
2022-09-20,JP,Nagasaki,pm25,185,5.0,65.0,34.0,1380.15
2022-09-20,JP,Toyama,pm25,178,5.0,991.0,25.0,54473.3
2022-09-20,JP,Niigata,pm25,213,5.0,57.0,21.0,1024.96
2022-09-20,JP,Nara-shi,pm25,169,5.0,59.0,21.0,1367.23
2022-09-20,JP,Okayama,pm25,269,5.0,57.0,25.0,1266.53
2022-09-20,JP,Sendai,pm25,450,5.0,78.0,25.0,4036.15
2022-09-20,JP,Osaka,pm25,1255,5.0,65.0,21.0,1226.51
2022-09-20,JP,Miyazaki,pm25,73,9.0,78.0,46.0,3148.89
2022-09-20,JP,Matsuyama,pm25,136,5.0,65.0,25.0,2299.11
2022-09-20,JP,Wakayama,pm25,265,5.0,82.0,21.0,1651.2
2022-09-20,JP,Takamatsu,pm25,219,5.0,55.0,17.0,1124.54
2022-09-20,JP,Nagoya,pm25,646,5.0,80.0,17.0,2184.34
2022-09-20,JP,Ōita,pm25,251,5.0,65.0,38.0,1855.18
2022-09-20,JP,Kobe,pm25,377,5.0,68.0,25.0,1275.96
2022-09-20,JP,Nagano,pm25,31,5.0,46.0,9.0,607.89
2022-09-20,JP,Utsunomiya,pm25,418,5.0,65.0,25.0,3111.15
2022-09-20,JP,Kagoshima,pm25,95,17.0,76.0,50.0,1653.87
2022-09-20,SK,Košice,pm25,94,5.0,74.0,25.0,2079.77
2022-09-20,SK,Bratislava,pm25,70,5.0,42.0,13.0,706.55
2022-09-20,FI,Vantaa,pm25,24,13.0,25.0,17.0,106.67
2022-09-20,FI,Turku,pm25,22,11.0,18.0,13.0,31.0
2022-09-20,FI,Helsinki,pm25,108,7.0,30.0,11.0,257.02
2022-09-20,FI,Tampere,pm25,95,4.0,37.0,8.0,167.43
2022-09-20,ET,Addis Ababa,pm25,22,46.0,112.0,74.0,2496.19
2022-09-20,CH,Zürich,pm25,22,1.0,3.0,2.0,5.22
2022-09-20,CO,Bogotá,pm25,292,9.0,162.0,61.0,8375.11
2022-09-20,CO,Medellín,pm25,314,25.0,97.0,57.0,2154.96
2022-09-20,DK,Copenhagen,pm25,24,15.0,39.0,27.0,387.75
2022-09-20,GB,Edinburgh,pm25,283,13.0,161.0,25.0,1775.67
2022-09-20,GB,Norwich,pm25,17,17.0,51.0,21.0,1161.18
2022-09-20,GB,Liverpool,pm25,39,17.0,46.0,25.0,628.84
2022-09-20,GB,Belfast,pm25,60,30.0,51.0,38.0,350.1
2022-09-20,GB,Coventry,pm25,56,18.0,52.0,30.0,585.3
2022-09-20,GB,Leeds,pm25,22,21.0,68.0,25.0,2395.84
2022-09-20,GB,Cardiff,pm25,71,25.0,59.0,42.0,840.63
2022-09-20,GB,Bristol,pm25,67,9.0,61.0,30.0,1699.16
2022-09-20,GB,London,pm25,431,8.0,110.0,30.0,2312.2
2022-09-20,GB,Birmingham,pm25,41,21.0,40.0,26.0,264.44
2022-09-20,GB,Sheffield,pm25,73,16.0,68.0,23.0,1015.54
2022-09-20,GB,Newport,pm25,48,17.0,38.0,26.0,196.77
2022-09-20,GB,Leicester,pm25,18,28.0,65.0,43.0,970.88
2022-09-20,GB,Manchester,pm25,79,21.0,59.0,41.0,1326.89
2022-09-20,GB,Plymouth,pm25,38,9.0,46.0,20.0,790.11
2022-09-20,GB,Glasgow,pm25,568,13.0,55.0,28.0,673.47
2022-09-20,GB,Preston,pm25,46,21.0,62.0,28.0,1285.16
2022-09-20,GB,Swansea,pm25,168,5.0,102.0,34.0,2945.63
2022-09-20,GB,Southend-on-Sea,pm25,43,8.0,57.0,17.0,1770.0
2022-09-20,ID,Jakarta,pm25,70,63.0,167.0,114.0,5904.73
2022-09-20,ML,Bamako,pm25,9,30.0,91.0,61.0,4136.11
2022-09-20,NP,Kathmandu,pm25,72,21.0,115.0,67.0,3453.05
2022-09-20,NP,Biratnagar,pm25,24,46.0,81.0,63.0,615.36
2022-09-20,AU,Sydney,pm25,154,1.0,54.0,16.0,961.21
2022-09-20,AU,Newcastle,pm25,138,1.0,62.0,17.0,1048.73
2022-09-20,AU,Launceston,pm25,149,5.0,160.0,13.0,6530.95
2022-09-20,AU,Hobart,pm25,46,5.0,21.0,5.0,177.55
2022-09-20,AU,Darwin,pm25,67,3.0,58.0,28.0,2157.39
2022-09-20,AU,Melbourne,pm25,146,1.0,56.0,23.0,1902.73
2022-09-20,AU,Canberra,pm25,71,1.0,89.0,26.0,4406.45
2022-09-20,AU,Adelaide,pm25,89,4.0,41.0,19.0,654.79
2022-09-20,AU,Brisbane,pm25,161,3.0,77.0,30.0,3287.24
2022-09-20,AU,Perth,pm25,90,2.0,22.0,6.0,455.02
2022-09-20,AU,Wollongong,pm25,43,1.0,62.0,16.0,1619.09
2022-09-20,CI,Abidjan,pm25,24,9.0,78.0,42.0,3638.84
2022-09-20,GH,Accra,pm25,24,21.0,61.0,42.0,1174.62
2022-09-20,IQ,Baghdad,pm25,24,132.0,226.0,164.0,4272.01
2022-09-20,IS,Reykjavík,pm25,72,1.0,29.0,11.0,344.22
2022-09-20,KG,Bishkek,pm25,24,65.0,114.0,78.0,1438.19
2022-09-20,NL,Utrecht,pm25,48,7.0,48.0,25.0,1067.59
2022-09-20,NL,Nijmegen,pm25,44,4.0,61.0,22.0,1760.04
2022-09-20,NL,Haarlem,pm25,127,1.0,59.0,19.0,1176.68
2022-09-20,NL,Eindhoven,pm25,24,33.0,67.0,54.0,443.02
2022-09-20,NL,Rotterdam,pm25,192,4.0,56.0,16.0,836.82
2022-09-20,NL,Amsterdam,pm25,245,1.0,69.0,17.0,1024.27
2022-09-20,NL,Dordrecht,pm25,24,5.0,34.0,21.0,346.5
2022-09-20,NL,Breda,pm25,21,17.0,57.0,29.0,1073.33
2022-09-20,NL,Groningen,pm25,48,6.0,44.0,25.0,529.93
2022-09-20,NL,Maastricht,pm25,94,5.0,89.0,30.0,2757.94
2022-09-20,NL,The Hague,pm25,68,4.0,33.0,12.0,247.03
2022-09-20,PT,Lisbon,pm25,24,27.0,56.0,43.0,594.18
2022-09-20,PT,Funchal,pm25,47,1.0,49.0,15.0,2390.31
2022-09-20,CA,Hamilton,pm25,91,5.0,42.0,13.0,876.2
2022-09-20,CA,Calgary,pm25,88,2.0,52.0,17.0,1071.64
2022-09-20,CA,Winnipeg,pm25,24,21.0,51.0,32.0,842.61
2022-09-20,CA,Halifax,pm25,46,7.0,38.0,13.0,925.43
2022-09-20,CA,Kitchener,pm25,48,5.0,34.0,21.0,610.99
2022-09-20,CA,Edmonton,pm25,138,3.0,69.0,17.0,1796.06
2022-09-20,CA,Surrey,pm25,93,6.0,42.0,17.0,641.34
2022-09-20,CA,Mississauga,pm25,64,5.0,57.0,13.0,990.49
2022-09-20,CA,Québec,pm25,152,5.0,31.0,14.0,381.02
2022-09-20,CA,Vancouver,pm25,160,1.0,76.0,11.0,1744.34
2022-09-20,CA,Victoria,pm25,46,9.0,42.0,21.0,746.63
2022-09-20,CA,Montréal,pm25,403,3.0,47.0,21.0,851.4
2022-09-20,CA,Toronto,pm25,124,5.0,53.0,21.0,1050.62
2022-09-20,CA,Ottawa,pm25,62,5.0,20.0,12.0,226.04
2022-09-20,CA,London,pm25,48,17.0,63.0,34.0,1725.7
2022-09-20,US,Oklahoma City,pm25,94,14.0,45.0,27.0,392.65
2022-09-20,US,Raleigh,pm25,70,9.0,76.0,46.0,1634.77
2022-09-20,US,Memphis,pm25,71,36.0,151.0,55.0,4656.78
2022-09-20,US,Jackson,pm25,72,43.0,169.0,61.0,2675.3
2022-09-20,US,Boston,pm25,105,5.0,38.0,17.0,496.75
2022-09-20,US,Richmond,pm25,96,37.0,56.0,49.0,279.23
2022-09-20,US,Portland,pm25,168,13.0,92.0,30.0,2593.87
2022-09-20,US,Boise,pm25,48,9.0,56.0,30.0,1696.74
2022-09-20,US,Austin,pm25,19,5.0,53.0,13.0,1884.44
2022-09-20,US,Honolulu,pm25,17,5.0,30.0,13.0,378.82
2022-09-20,US,Fresno,pm25,41,3.0,42.0,17.0,810.24
2022-09-20,US,Milwaukee,pm25,144,20.0,59.0,43.0,473.62
2022-09-20,US,Hartford,pm25,48,15.0,39.0,25.0,377.43
2022-09-20,US,Washington D.C.,pm25,117,13.0,59.0,38.0,855.95
2022-09-20,US,Chicago,pm25,240,18.0,73.0,39.0,892.5
2022-09-20,US,Houston,pm25,96,9.0,62.0,34.0,2203.01
2022-09-20,US,Indianapolis,pm25,144,15.0,72.0,42.0,1125.03
2022-09-20,US,Atlanta,pm25,24,53.0,82.0,63.0,606.09
2022-09-20,US,Charlotte,pm25,48,30.0,72.0,42.0,783.08
2022-09-20,US,Sacramento,pm25,42,5.0,42.0,17.0,839.58
2022-09-20,US,Oakland,pm25,115,5.0,42.0,17.0,632.73
2022-09-20,US,Providence,pm25,39,5.0,25.0,13.0,318.92
2022-09-20,US,Staten Island,pm25,118,1.0,67.0,25.0,3399.35
2022-09-20,US,Brooklyn,pm25,144,1.0,55.0,22.0,1858.66
2022-09-20,US,Springfield,pm25,72,28.0,49.0,36.0,324.03
2022-09-20,US,The Bronx,pm25,48,3.0,40.0,10.0,1254.4
2022-09-20,US,San Jose,pm25,89,5.0,38.0,17.0,609.59
2022-09-20,US,Los Angeles,pm25,48,8.0,52.0,23.0,650.85
2022-09-20,US,Detroit,pm25,168,31.0,90.0,53.0,757.81
2022-09-20,US,Little Rock,pm25,24,3.0,70.0,26.0,2181.74
2022-09-20,US,Baltimore,pm25,48,13.0,72.0,35.0,2159.22
2022-09-20,US,Phoenix,pm25,189,5.0,53.0,21.0,633.06
2022-09-20,US,Omaha,pm25,47,5.0,34.0,17.0,498.26
2022-09-20,US,El Paso,pm25,124,5.0,70.0,24.0,2924.97
2022-09-20,US,Dallas,pm25,24,5.0,38.0,25.0,577.23
2022-09-20,US,Seattle,pm25,246,13.0,91.0,42.0,2736.14
2022-09-20,US,Manhattan,pm25,61,3.0,50.0,20.0,1608.46
2022-09-20,US,Miami,pm25,89,9.0,42.0,27.0,240.22
2022-09-20,US,Jacksonville,pm25,137,2.0,49.0,21.0,704.53
2022-09-20,US,San Antonio,pm25,84,2.0,64.0,21.0,3191.08
2022-09-20,US,Philadelphia,pm25,95,6.0,99.0,38.0,2956.27
2022-09-20,US,San Diego,pm25,24,11.0,28.0,21.0,316.07
2022-09-20,US,Columbus,pm25,47,23.0,55.0,37.0,497.24
2022-09-20,US,Saint Paul,pm25,120,13.0,57.0,40.0,1042.55
2022-09-20,US,Denver,pm25,148,5.0,65.0,17.0,740.54
2022-09-20,US,Salt Lake City,pm25,216,5.0,69.0,18.0,1144.68
2022-09-20,US,Albuquerque,pm25,72,8.0,45.0,13.0,599.28
2022-09-20,US,San Francisco,pm25,60,5.0,68.0,13.0,1790.2
2022-09-20,US,Salem,pm25,72,34.0,106.0,53.0,2962.66
2022-09-20,US,Madison,pm25,48,19.0,62.0,48.0,1070.9
2022-09-20,US,Nashville,pm25,73,34.0,98.0,57.0,1424.12
2022-09-20,US,Tucson,pm25,158,5.0,53.0,21.0,1043.86
2022-09-20,US,Queens,pm25,79,1.0,51.0,20.0,1717.53
2022-09-20,US,Tallahassee,pm25,72,13.0,88.0,49.0,2104.21
2022-09-20,US,Fort Worth,pm25,45,5.0,53.0,21.0,1194.95
2022-09-20,RS,Novi Sad,pm25,48,9.0,51.0,22.0,1316.59
2022-09-20,RS,Niš,pm25,48,9.0,64.0,24.0,2773.36
2022-09-20,RS,Belgrade,pm25,168,9.0,60.0,33.0,1732.31
2022-09-20,CY,Nicosia,pm25,24,48.0,76.0,55.0,628.62
2022-09-20,CY,Limassol,pm25,24,28.0,59.0,39.0,950.36
2022-09-20,HR,Zagreb,pm25,24,8.0,55.0,33.0,2631.3
2022-09-20,MK,Skopje,pm25,156,5.0,93.0,27.0,2692.95
2022-09-21,GE,Tbilisi,pm25,96,52.0,91.0,57.0,1611.68
2022-09-21,HU,Győr,pm25,46,9.0,38.0,25.0,562.55
2022-09-21,HU,Szeged,pm25,22,5.0,30.0,13.0,613.85
2022-09-21,HU,Pécs,pm25,60,9.0,25.0,13.0,203.39
2022-09-21,HU,Kecskemét,pm25,46,9.0,38.0,21.0,657.74
2022-09-21,HU,Miskolc,pm25,116,9.0,74.0,30.0,2776.16
2022-09-21,HU,Budapest,pm25,281,9.0,50.0,21.0,735.17
2022-09-21,JP,Fukuoka,pm25,344,5.0,137.0,25.0,1514.26
2022-09-21,JP,Kanazawa,pm25,205,5.0,38.0,13.0,455.84
2022-09-21,JP,Kumamoto,pm25,319,5.0,89.0,30.0,2627.36
2022-09-21,JP,Akita,pm25,39,5.0,59.0,21.0,2035.52
2022-09-21,JP,Kochi,pm25,47,9.0,46.0,25.0,854.63
2022-09-21,JP,Gifu-shi,pm25,104,5.0,61.0,17.0,1257.42
2022-09-21,JP,Kyoto,pm25,529,5.0,57.0,21.0,907.19
2022-09-21,JP,Hiroshima,pm25,251,5.0,63.0,21.0,1470.83
2022-09-21,JP,Shizuoka,pm25,194,5.0,65.0,17.0,1674.04
2022-09-21,JP,Chiba,pm25,708,5.0,82.0,21.0,1628.26
2022-09-21,JP,Sapporo,pm25,201,5.0,59.0,17.0,1004.31
2022-09-21,JP,Yokohama,pm25,516,1.0,53.0,21.0,968.67
2022-09-21,JP,Tokyo,pm25,2433,1.0,87.0,21.0,1040.4
2022-09-21,JP,Saitama,pm25,441,5.0,57.0,21.0,950.54
2022-09-21,JP,Naha,pm25,138,25.0,46.0,38.0,417.77
2022-09-21,JP,Nagasaki,pm25,175,5.0,61.0,21.0,804.26
2022-09-21,JP,Toyama,pm25,157,5.0,127.0,21.0,2386.51
2022-09-21,JP,Niigata,pm25,205,5.0,34.0,17.0,432.43
2022-09-21,JP,Nara-shi,pm25,187,5.0,55.0,25.0,835.4
2022-09-21,JP,Okayama,pm25,280,5.0,50.0,25.0,877.05
2022-09-21,JP,Sendai,pm25,445,5.0,50.0,17.0,565.93
2022-09-21,JP,Osaka,pm25,1366,5.0,87.0,21.0,788.32
2022-09-21,JP,Miyazaki,pm25,87,5.0,70.0,42.0,1734.96
2022-09-21,JP,Matsuyama,pm25,146,5.0,61.0,25.0,1807.79
2022-09-21,JP,Wakayama,pm25,273,5.0,63.0,21.0,943.76
2022-09-21,JP,Takamatsu,pm25,218,5.0,46.0,21.0,837.72
2022-09-21,JP,Nagoya,pm25,710,5.0,76.0,17.0,1069.2
2022-09-21,JP,Ōita,pm25,219,5.0,53.0,21.0,1116.45
2022-09-21,JP,Kobe,pm25,412,5.0,104.0,21.0,791.89
2022-09-21,JP,Nagano,pm25,44,5.0,25.0,13.0,245.24
2022-09-21,JP,Utsunomiya,pm25,433,5.0,59.0,17.0,857.13
2022-09-21,JP,Kagoshima,pm25,94,21.0,91.0,50.0,1281.45
2022-09-21,SK,Košice,pm25,96,9.0,68.0,30.0,1511.73
2022-09-21,SK,Bratislava,pm25,80,5.0,34.0,17.0,432.2
2022-09-21,FI,Vantaa,pm25,24,8.0,24.0,15.0,162.54
2022-09-21,FI,Turku,pm25,23,8.0,15.0,10.0,44.74
2022-09-21,FI,Helsinki,pm25,120,6.0,36.0,13.0,353.95
2022-09-21,FI,Tampere,pm25,96,3.0,57.0,7.0,905.5
2022-09-21,ET,Addis Ababa,pm25,22,42.0,99.0,72.0,2264.68
2022-09-21,CH,Zürich,pm25,21,1.0,3.0,1.0,4.57
2022-09-21,CO,Bogotá,pm25,309,9.0,176.0,88.0,10143.9
2022-09-21,CO,Medellín,pm25,307,30.0,104.0,63.0,2083.49
2022-09-21,DK,Copenhagen,pm25,24,19.0,63.0,36.0,2257.81
2022-09-21,GB,Edinburgh,pm25,284,9.0,68.0,26.0,1254.59
2022-09-21,GB,Norwich,pm25,18,14.0,57.0,49.0,1063.53
2022-09-21,GB,Liverpool,pm25,36,19.0,53.0,30.0,468.79
2022-09-21,GB,Belfast,pm25,50,23.0,46.0,34.0,276.15
2022-09-21,GB,Coventry,pm25,67,17.0,57.0,28.0,744.37
2022-09-21,GB,Leeds,pm25,35,34.0,78.0,50.0,1022.4
2022-09-21,GB,Cardiff,pm25,83,9.0,65.0,53.0,2093.53
2022-09-21,GB,Bristol,pm25,67,13.0,61.0,38.0,1203.98
2022-09-21,GB,London,pm25,468,4.0,164.0,43.0,2807.54
2022-09-21,GB,Birmingham,pm25,39,25.0,50.0,32.0,492.95
2022-09-21,GB,Sheffield,pm25,76,20.0,57.0,30.0,1029.07
2022-09-21,GB,Newport,pm25,46,13.0,64.0,34.0,2090.09
2022-09-21,GB,Leicester,pm25,24,23.0,59.0,34.0,1144.35
2022-09-21,GB,Manchester,pm25,80,23.0,65.0,47.0,1260.11
2022-09-21,GB,Reading,pm25,28,5.0,38.0,13.0,842.75
2022-09-21,GB,Plymouth,pm25,32,17.0,54.0,21.0,620.93
2022-09-21,GB,Glasgow,pm25,567,11.0,55.0,27.0,696.49
2022-09-21,GB,Preston,pm25,38,20.0,59.0,46.0,1371.04
2022-09-21,GB,Swansea,pm25,159,5.0,142.0,34.0,3826.27
2022-09-21,GB,Southend-on-Sea,pm25,40,8.0,101.0,44.0,4366.51
2022-09-21,ID,Jakarta,pm25,70,46.0,169.0,109.0,8745.21
2022-09-21,ML,Bamako,pm25,14,9.0,87.0,42.0,4721.1
2022-09-21,NP,Kathmandu,pm25,72,21.0,119.0,63.0,4434.17
2022-09-21,NP,Biratnagar,pm25,24,27.0,74.0,57.0,1921.67
2022-09-21,AU,Sydney,pm25,147,1.0,47.0,17.0,864.47
2022-09-21,AU,Newcastle,pm25,135,1.0,152.0,18.0,3013.18
2022-09-21,AU,Launceston,pm25,161,5.0,124.0,17.0,3735.62
2022-09-21,AU,Hobart,pm25,55,5.0,30.0,9.0,367.56
2022-09-21,AU,Darwin,pm25,67,1.0,79.0,33.0,2906.17
2022-09-21,AU,Melbourne,pm25,137,3.0,63.0,29.0,1974.26
2022-09-21,AU,Canberra,pm25,68,2.0,88.0,41.0,3819.59
2022-09-21,AU,Adelaide,pm25,93,9.0,46.0,25.0,671.62
2022-09-21,AU,Brisbane,pm25,216,4.0,81.0,30.0,2348.7
2022-09-21,AU,Perth,pm25,87,2.0,24.0,6.0,576.66
2022-09-21,AU,Wollongong,pm25,42,1.0,56.0,20.0,1805.34
2022-09-21,CI,Abidjan,pm25,24,17.0,76.0,46.0,1741.74
2022-09-21,GH,Accra,pm25,24,30.0,82.0,42.0,2005.92
2022-09-21,IQ,Baghdad,pm25,24,149.0,217.0,158.0,3887.17
2022-09-21,IS,Reykjavík,pm25,91,5.0,57.0,14.0,704.87
2022-09-21,KG,Bishkek,pm25,24,68.0,119.0,82.0,1928.91
2022-09-21,NL,Utrecht,pm25,47,10.0,80.0,41.0,2588.53
2022-09-21,NL,Nijmegen,pm25,45,3.0,67.0,26.0,2922.83
2022-09-21,NL,Haarlem,pm25,142,3.0,79.0,20.0,2057.69
2022-09-21,NL,Eindhoven,pm25,24,41.0,84.0,57.0,1052.1
2022-09-21,NL,Rotterdam,pm25,192,10.0,82.0,20.0,2312.41
2022-09-21,NL,Amsterdam,pm25,254,1.0,64.0,23.0,1540.54
2022-09-21,NL,Dordrecht,pm25,22,5.0,38.0,21.0,816.82
2022-09-21,NL,Breda,pm25,24,8.0,68.0,38.0,2770.27
2022-09-21,NL,Groningen,pm25,48,7.0,52.0,27.0,1001.38
2022-09-21,NL,Maastricht,pm25,95,5.0,99.0,46.0,3750.9
2022-09-21,NL,The Hague,pm25,72,9.0,58.0,21.0,673.57
2022-09-21,PT,Lisbon,pm25,47,15.0,57.0,35.0,1712.96
2022-09-21,PT,Funchal,pm25,72,4.0,50.0,25.0,1245.51
2022-09-21,CA,Hamilton,pm25,95,5.0,63.0,38.0,1916.69
2022-09-21,CA,Calgary,pm25,89,4.0,67.0,22.0,2157.41
2022-09-21,CA,Winnipeg,pm25,23,15.0,19.0,16.0,8.85
2022-09-21,CA,Halifax,pm25,46,11.0,58.0,21.0,1161.51
2022-09-21,CA,Kitchener,pm25,44,13.0,91.0,38.0,3025.71
2022-09-21,CA,Edmonton,pm25,126,5.0,75.0,25.0,1382.99
2022-09-21,CA,Surrey,pm25,96,11.0,52.0,28.0,763.2
2022-09-21,CA,Mississauga,pm25,71,9.0,87.0,38.0,2732.84
2022-09-21,CA,Québec,pm25,154,5.0,29.0,16.0,286.65
2022-09-21,CA,Vancouver,pm25,164,4.0,63.0,25.0,1839.85
2022-09-21,CA,Victoria,pm25,44,9.0,63.0,25.0,1599.72
2022-09-21,CA,Montréal,pm25,419,6.0,52.0,21.0,744.41
2022-09-21,CA,Toronto,pm25,137,5.0,63.0,30.0,1480.56
2022-09-21,CA,Ottawa,pm25,70,5.0,59.0,18.0,2158.09
2022-09-21,CA,London,pm25,46,17.0,68.0,42.0,1726.0
2022-09-21,US,Oklahoma City,pm25,94,15.0,46.0,26.0,403.91
2022-09-21,US,Raleigh,pm25,63,5.0,97.0,54.0,1982.36
2022-09-21,US,Memphis,pm25,72,14.0,150.0,60.0,4586.26
2022-09-21,US,Jackson,pm25,72,47.0,152.0,58.0,1765.62
2022-09-21,US,Boston,pm25,101,5.0,38.0,21.0,391.08
2022-09-21,US,Richmond,pm25,95,41.0,58.0,50.0,144.78
2022-09-21,US,Portland,pm25,168,16.0,66.0,49.0,1362.66
2022-09-21,US,Boise,pm25,44,1.0,64.0,42.0,2837.8
2022-09-21,US,Austin,pm25,37,5.0,57.0,34.0,2370.53
2022-09-21,US,Honolulu,pm25,20,5.0,30.0,13.0,678.0
2022-09-21,US,Fresno,pm25,47,8.0,52.0,31.0,1145.42
2022-09-21,US,Milwaukee,pm25,142,8.0,60.0,30.0,867.4
2022-09-21,US,Hartford,pm25,47,7.0,21.0,16.0,115.15
2022-09-21,US,Washington D.C.,pm25,118,17.0,57.0,43.0,900.68
2022-09-21,US,Chicago,pm25,234,4.0,89.0,32.0,1148.37
2022-09-21,US,Houston,pm25,94,6.0,79.0,48.0,3262.41
2022-09-21,US,Indianapolis,pm25,144,9.0,60.0,40.0,1348.32
2022-09-21,US,Atlanta,pm25,24,52.0,63.0,56.0,112.17
2022-09-21,US,Charlotte,pm25,43,25.0,65.0,44.0,601.35
2022-09-21,US,Sacramento,pm25,68,2.0,46.0,18.0,932.21
2022-09-21,US,Oakland,pm25,112,5.0,42.0,17.0,844.24
2022-09-21,US,Providence,pm25,25,5.0,30.0,9.0,430.27
2022-09-21,US,Staten Island,pm25,116,3.0,54.0,21.0,1190.8
2022-09-21,US,Brooklyn,pm25,137,1.0,110.0,25.0,2096.12
2022-09-21,US,Springfield,pm25,72,14.0,45.0,33.0,662.25
2022-09-21,US,The Bronx,pm25,48,1.0,40.0,9.0,1608.78
2022-09-21,US,San Jose,pm25,86,5.0,42.0,17.0,648.07
2022-09-21,US,Los Angeles,pm25,48,6.0,64.0,28.0,1578.71
2022-09-21,US,Detroit,pm25,167,15.0,70.0,39.0,945.39
2022-09-21,US,Little Rock,pm25,42,1.0,58.0,31.0,1878.08
2022-09-21,US,Baltimore,pm25,48,17.0,70.0,42.0,1495.6
2022-09-21,US,Phoenix,pm25,187,7.0,59.0,29.0,928.54
2022-09-21,US,Omaha,pm25,46,5.0,38.0,21.0,594.51
2022-09-21,US,El Paso,pm25,151,3.0,76.0,25.0,3310.77
2022-09-21,US,Dallas,pm25,24,21.0,59.0,34.0,963.75
2022-09-21,US,Seattle,pm25,262,17.0,225.0,61.0,19252.4
2022-09-21,US,Manhattan,pm25,64,1.0,52.0,17.0,1567.2
2022-09-21,US,Miami,pm25,77,1.0,40.0,23.0,186.55
2022-09-21,US,Jacksonville,pm25,140,18.0,68.0,43.0,818.03
2022-09-21,US,San Antonio,pm25,91,1.0,70.0,34.0,2881.57
2022-09-21,US,Philadelphia,pm25,95,2.0,77.0,33.0,1470.78
2022-09-21,US,San Diego,pm25,24,14.0,23.0,17.0,55.36
2022-09-21,US,Columbus,pm25,48,15.0,57.0,38.0,906.91
2022-09-21,US,Saint Paul,pm25,119,5.0,38.0,16.0,708.53
2022-09-21,US,Denver,pm25,152,9.0,61.0,30.0,1462.37
2022-09-21,US,Salt Lake City,pm25,215,4.0,62.0,18.0,791.65
2022-09-21,US,Albuquerque,pm25,72,9.0,35.0,14.0,199.58
2022-09-21,US,San Francisco,pm25,68,5.0,46.0,17.0,1124.13
2022-09-21,US,Salem,pm25,72,19.0,71.0,42.0,2286.19
2022-09-21,US,Madison,pm25,48,18.0,42.0,26.0,321.28
2022-09-21,US,Nashville,pm25,72,13.0,70.0,54.0,1313.24
2022-09-21,US,Tucson,pm25,149,5.0,63.0,17.0,843.49
2022-09-21,US,Queens,pm25,88,2.0,46.0,23.0,1093.38
2022-09-21,US,Tallahassee,pm25,68,2.0,91.0,56.0,3258.94
2022-09-21,US,Fort Worth,pm25,47,13.0,53.0,26.0,824.97
2022-09-21,RS,Novi Sad,pm25,48,19.0,64.0,38.0,1755.85
2022-09-21,RS,Niš,pm25,48,23.0,62.0,42.0,1028.51
2022-09-21,RS,Belgrade,pm25,168,11.0,82.0,34.0,1567.24
2022-09-21,CY,Nicosia,pm25,24,34.0,78.0,56.0,1360.85
2022-09-21,CY,Limassol,pm25,21,6.0,64.0,51.0,2213.9
2022-09-21,HR,Zagreb,pm25,24,9.0,73.0,30.0,2959.11
2022-09-21,MK,Skopje,pm25,168,1.0,80.0,27.0,2096.5
2022-09-22,GE,Tbilisi,pm25,96,53.0,94.0,58.0,1707.42
2022-09-22,HU,Győr,pm25,46,5.0,76.0,34.0,2622.49
2022-09-22,HU,Szeged,pm25,23,17.0,53.0,30.0,1301.74
2022-09-22,HU,Pécs,pm25,66,9.0,46.0,17.0,1132.13
2022-09-22,HU,Kecskemét,pm25,36,17.0,42.0,25.0,595.21
2022-09-22,HU,Miskolc,pm25,118,9.0,107.0,38.0,4300.34
2022-09-22,HU,Budapest,pm25,185,13.0,59.0,25.0,421.36
2022-09-22,JP,Fukuoka,pm25,345,5.0,132.0,42.0,3612.1
2022-09-22,JP,Kanazawa,pm25,231,5.0,50.0,21.0,881.54
2022-09-22,JP,Kumamoto,pm25,364,5.0,112.0,53.0,5974.29
2022-09-22,JP,Akita,pm25,36,5.0,53.0,17.0,1221.36
2022-09-22,JP,Kochi,pm25,48,5.0,59.0,34.0,1674.4
2022-09-22,JP,Gifu-shi,pm25,115,5.0,87.0,38.0,2739.35
2022-09-22,JP,Kyoto,pm25,535,5.0,65.0,30.0,1283.91
2022-09-22,JP,Hiroshima,pm25,277,5.0,80.0,34.0,3178.51
2022-09-22,JP,Shizuoka,pm25,221,5.0,55.0,21.0,966.5
2022-09-22,JP,Chiba,pm25,745,5.0,89.0,25.0,1663.46
2022-09-22,JP,Sapporo,pm25,191,5.0,80.0,17.0,1475.43
2022-09-22,JP,Yokohama,pm25,523,1.0,55.0,25.0,1066.39
2022-09-22,JP,Tokyo,pm25,2428,1.0,109.0,25.0,1006.37
2022-09-22,JP,Saitama,pm25,462,5.0,63.0,25.0,1064.82
2022-09-22,JP,Naha,pm25,138,9.0,46.0,25.0,901.96
2022-09-22,JP,Nagasaki,pm25,189,9.0,99.0,50.0,3550.07
2022-09-22,JP,Toyama,pm25,172,5.0,114.0,25.0,2397.54
2022-09-22,JP,Niigata,pm25,210,5.0,42.0,21.0,496.12
2022-09-22,JP,Nara-shi,pm25,174,5.0,50.0,17.0,1162.9
2022-09-22,JP,Okayama,pm25,278,5.0,159.0,21.0,1792.71
2022-09-22,JP,Sendai,pm25,452,5.0,46.0,17.0,580.22
2022-09-22,JP,Osaka,pm25,1376,5.0,91.0,21.0,1015.8
2022-09-22,JP,Miyazaki,pm25,91,5.0,206.0,34.0,7131.0
2022-09-22,JP,Matsuyama,pm25,149,5.0,70.0,38.0,2552.15
2022-09-22,JP,Wakayama,pm25,278,5.0,85.0,30.0,1556.3
2022-09-22,JP,Takamatsu,pm25,224,5.0,46.0,21.0,733.31
2022-09-22,JP,Nagoya,pm25,758,5.0,76.0,38.0,1533.73
2022-09-22,JP,Ōita,pm25,250,5.0,407.0,42.0,8114.34
2022-09-22,JP,Kobe,pm25,414,5.0,53.0,21.0,651.87
2022-09-22,JP,Nagano,pm25,57,5.0,30.0,13.0,273.63
2022-09-22,JP,Utsunomiya,pm25,407,5.0,59.0,25.0,1176.77
2022-09-22,JP,Kagoshima,pm25,87,9.0,65.0,38.0,1441.27
2022-09-22,SK,Košice,pm25,94,9.0,68.0,25.0,766.23
2022-09-22,SK,Bratislava,pm25,89,5.0,57.0,25.0,1498.98
2022-09-22,FI,Vantaa,pm25,24,7.0,39.0,14.0,653.04
2022-09-22,FI,Turku,pm25,24,7.0,33.0,13.0,570.71
2022-09-22,FI,Helsinki,pm25,120,7.0,61.0,14.0,836.57
2022-09-22,FI,Tampere,pm25,96,7.0,52.0,19.0,944.74
2022-09-22,ET,Addis Ababa,pm25,24,53.0,139.0,78.0,4535.58
2022-09-22,CH,Zürich,pm25,23,1.0,8.0,3.0,23.0
2022-09-22,CO,Bogotá,pm25,324,13.0,163.0,74.0,6213.2
2022-09-22,CO,Medellín,pm25,295,21.0,91.0,61.0,1586.38
2022-09-22,DK,Copenhagen,pm25,24,15.0,67.0,35.0,2585.49
2022-09-22,GB,Edinburgh,pm25,280,2.0,74.0,13.0,1450.88
2022-09-22,GB,Norwich,pm25,22,13.0,39.0,30.0,464.26
2022-09-22,GB,Liverpool,pm25,41,19.0,53.0,32.0,970.12
2022-09-22,GB,Belfast,pm25,54,6.0,32.0,25.0,430.55
2022-09-22,GB,Coventry,pm25,50,20.0,52.0,34.0,760.23
2022-09-22,GB,Leeds,pm25,45,30.0,52.0,38.0,339.77
2022-09-22,GB,Cardiff,pm25,94,5.0,68.0,42.0,2187.47
2022-09-22,GB,Bristol,pm25,71,9.0,61.0,34.0,1480.62
2022-09-22,GB,London,pm25,448,5.0,104.0,38.0,2594.98
2022-09-22,GB,Birmingham,pm25,35,23.0,63.0,43.0,982.32
2022-09-22,GB,Sheffield,pm25,74,21.0,61.0,37.0,1219.09
2022-09-22,GB,Newport,pm25,46,17.0,59.0,30.0,1466.05
2022-09-22,GB,Leicester,pm25,18,28.0,60.0,43.0,727.22
2022-09-22,GB,Manchester,pm25,78,19.0,72.0,46.0,2394.78
2022-09-22,GB,Reading,pm25,48,5.0,46.0,21.0,1306.95
2022-09-22,GB,Plymouth,pm25,30,17.0,72.0,28.0,1459.09
2022-09-22,GB,Glasgow,pm25,562,3.0,40.0,15.0,456.3
2022-09-22,GB,Preston,pm25,45,17.0,64.0,34.0,1214.01
2022-09-22,GB,Swansea,pm25,161,5.0,76.0,46.0,2836.53
2022-09-22,GB,Southend-on-Sea,pm25,34,22.0,66.0,34.0,1752.56
2022-09-22,ID,Jakarta,pm25,71,63.0,160.0,124.0,6021.88
2022-09-22,ML,Bamako,pm25,4,30.0,72.0,38.0,3370.0
2022-09-22,NP,Kathmandu,pm25,69,25.0,122.0,57.0,3178.02
2022-09-22,NP,Biratnagar,pm25,24,39.0,71.0,52.0,965.15
2022-09-22,AU,Sydney,pm25,139,1.0,40.0,15.0,681.21
2022-09-22,AU,Newcastle,pm25,128,1.0,140.0,16.0,3171.25
2022-09-22,AU,Launceston,pm25,162,5.0,134.0,21.0,4901.68
2022-09-22,AU,Hobart,pm25,64,5.0,30.0,13.0,265.2
2022-09-22,AU,Darwin,pm25,69,4.0,80.0,41.0,3002.61
2022-09-22,AU,Melbourne,pm25,138,2.0,69.0,39.0,1277.08
2022-09-22,AU,Canberra,pm25,62,1.0,58.0,26.0,1954.68
2022-09-22,AU,Adelaide,pm25,75,1.0,56.0,13.0,1520.78
2022-09-22,AU,Brisbane,pm25,216,1.0,63.0,27.0,1786.38
2022-09-22,AU,Perth,pm25,87,2.0,33.0,6.0,607.03
2022-09-22,AU,Wollongong,pm25,46,1.0,59.0,17.0,1272.1
2022-09-22,CI,Abidjan,pm25,24,21.0,119.0,59.0,4779.06
2022-09-22,GH,Accra,pm25,24,25.0,82.0,55.0,1652.39
2022-09-22,IQ,Baghdad,pm25,24,149.0,229.0,170.0,4190.42
2022-09-22,IS,Reykjavík,pm25,96,3.0,17.0,8.0,76.03
2022-09-22,KG,Bishkek,pm25,24,57.0,107.0,74.0,1162.16
2022-09-22,NL,Utrecht,pm25,48,14.0,78.0,50.0,2764.14
2022-09-22,NL,Nijmegen,pm25,48,6.0,79.0,39.0,3629.5
2022-09-22,NL,Haarlem,pm25,143,15.0,102.0,43.0,2571.44
2022-09-22,NL,Eindhoven,pm25,24,29.0,84.0,70.0,2305.63
2022-09-22,NL,Rotterdam,pm25,192,19.0,123.0,43.0,2765.73
2022-09-22,NL,Amsterdam,pm25,260,4.0,76.0,39.0,2009.68
2022-09-22,NL,Dordrecht,pm25,24,21.0,76.0,34.0,3357.37
2022-09-22,NL,Breda,pm25,24,16.0,84.0,49.0,3346.01
2022-09-22,NL,Groningen,pm25,48,14.0,64.0,37.0,1325.0
2022-09-22,NL,Maastricht,pm25,94,5.0,102.0,38.0,3978.7
2022-09-22,NL,The Hague,pm25,72,12.0,77.0,37.0,2458.54
2022-09-22,PT,Lisbon,pm25,48,20.0,58.0,38.0,1012.75
2022-09-22,PT,Funchal,pm25,70,1.0,48.0,24.0,1270.63
2022-09-22,CA,Hamilton,pm25,31,5.0,65.0,13.0,4060.45
2022-09-22,CA,Calgary,pm25,92,13.0,66.0,33.0,1477.32
2022-09-22,CA,Winnipeg,pm25,22,15.0,25.0,16.0,44.52
2022-09-22,CA,Halifax,pm25,42,7.0,38.0,17.0,491.81
2022-09-22,CA,Kitchener,pm25,13,5.0,53.0,5.0,2881.92
2022-09-22,CA,Edmonton,pm25,126,2.0,58.0,25.0,1640.62
2022-09-22,CA,Surrey,pm25,96,14.0,55.0,35.0,1508.13
2022-09-22,CA,Mississauga,pm25,27,5.0,78.0,5.0,3168.72
2022-09-22,CA,Québec,pm25,177,5.0,40.0,20.0,850.33
2022-09-22,CA,Vancouver,pm25,166,14.0,66.0,39.0,1706.42
2022-09-22,CA,Victoria,pm25,47,9.0,63.0,30.0,1413.9
2022-09-22,CA,Montréal,pm25,409,3.0,113.0,21.0,3158.12
2022-09-22,CA,Toronto,pm25,88,5.0,59.0,13.0,1905.5
2022-09-22,CA,Ottawa,pm25,48,5.0,46.0,20.0,1711.24
2022-09-22,CA,London,pm25,20,5.0,72.0,9.0,3118.53
2022-09-22,US,Oklahoma City,pm25,95,25.0,51.0,35.0,374.95
2022-09-22,US,Raleigh,pm25,59,5.0,95.0,52.0,3056.5
2022-09-22,US,Memphis,pm25,72,22.0,101.0,48.0,3014.83
2022-09-22,US,Jackson,pm25,72,42.0,87.0,60.0,931.55
2022-09-22,US,Boston,pm25,114,9.0,57.0,21.0,925.44
2022-09-22,US,Richmond,pm25,96,10.0,68.0,44.0,3065.83
2022-09-22,US,Portland,pm25,168,17.0,47.0,25.0,441.62
2022-09-22,US,Boise,pm25,48,5.0,57.0,30.0,2194.45
2022-09-22,US,Austin,pm25,45,5.0,72.0,34.0,2653.31
2022-09-22,US,Honolulu,pm25,26,5.0,30.0,9.0,477.55
2022-09-22,US,Fresno,pm25,48,3.0,33.0,20.0,494.31
2022-09-22,US,Milwaukee,pm25,141,5.0,48.0,13.0,689.03
2022-09-22,US,Hartford,pm25,48,7.0,54.0,22.0,1795.1
2022-09-22,US,Washington D.C.,pm25,117,5.0,61.0,30.0,2171.77
2022-09-22,US,Chicago,pm25,239,2.0,51.0,13.0,423.99
2022-09-22,US,Houston,pm25,85,24.0,117.0,56.0,1460.66
2022-09-22,US,Indianapolis,pm25,123,2.0,48.0,17.0,907.81
2022-09-22,US,Atlanta,pm25,24,29.0,68.0,59.0,1558.53
2022-09-22,US,Charlotte,pm25,48,13.0,61.0,51.0,1509.77
2022-09-22,US,Sacramento,pm25,67,2.0,50.0,21.0,1117.62
2022-09-22,US,Oakland,pm25,117,5.0,53.0,25.0,1082.68
2022-09-22,US,Providence,pm25,39,5.0,42.0,13.0,987.62
2022-09-22,US,Staten Island,pm25,105,1.0,63.0,35.0,3054.03
2022-09-22,US,Brooklyn,pm25,127,1.0,69.0,34.0,3681.88
2022-09-22,US,Springfield,pm25,72,10.0,35.0,16.0,514.93
2022-09-22,US,The Bronx,pm25,39,1.0,57.0,28.0,4113.77
2022-09-22,US,San Jose,pm25,85,5.0,59.0,25.0,1422.6
2022-09-22,US,Los Angeles,pm25,48,13.0,71.0,37.0,1510.42
2022-09-22,US,Detroit,pm25,153,5.0,32.0,16.0,446.7
2022-09-22,US,Little Rock,pm25,47,2.0,51.0,31.0,1780.38
2022-09-22,US,Baltimore,pm25,48,5.0,55.0,27.0,2190.85
2022-09-22,US,Phoenix,pm25,187,1.0,171.0,31.0,3992.74
2022-09-22,US,Omaha,pm25,48,5.0,42.0,21.0,742.83
2022-09-22,US,El Paso,pm25,150,2.0,77.0,21.0,3339.21
2022-09-22,US,Dallas,pm25,21,21.0,102.0,42.0,4043.9
2022-09-22,US,Seattle,pm25,264,5.0,99.0,38.0,1612.14
2022-09-22,US,Manhattan,pm25,66,1.0,64.0,23.0,3743.36
2022-09-22,US,Miami,pm25,88,13.0,40.0,20.0,355.83
2022-09-22,US,Jacksonville,pm25,143,18.0,109.0,52.0,1751.22
2022-09-22,US,San Antonio,pm25,93,8.0,92.0,42.0,2892.24
2022-09-22,US,Philadelphia,pm25,85,1.0,63.0,31.0,3849.73
2022-09-22,US,San Diego,pm25,24,17.0,25.0,20.0,39.98
2022-09-22,US,Columbus,pm25,43,1.0,42.0,15.0,1204.35
2022-09-22,US,Saint Paul,pm25,112,5.0,40.0,13.0,483.64
2022-09-22,US,Denver,pm25,151,9.0,80.0,38.0,2543.71
2022-09-22,US,Salt Lake City,pm25,215,5.0,60.0,18.0,718.1
2022-09-22,US,Albuquerque,pm25,72,8.0,43.0,21.0,611.08
2022-09-22,US,San Francisco,pm25,69,5.0,89.0,21.0,1964.2
2022-09-22,US,Salem,pm25,72,16.0,58.0,23.0,514.08
2022-09-22,US,Madison,pm25,48,8.0,51.0,17.0,1269.68
2022-09-22,US,Nashville,pm25,72,5.0,76.0,41.0,2884.22
2022-09-22,US,Tucson,pm25,132,5.0,42.0,13.0,614.92
2022-09-22,US,Queens,pm25,89,2.0,57.0,24.0,3528.5
2022-09-22,US,Tallahassee,pm25,68,10.0,120.0,61.0,2258.99
2022-09-22,US,Fort Worth,pm25,47,13.0,83.0,38.0,1954.9
2022-09-22,RS,Novi Sad,pm25,48,22.0,90.0,39.0,2033.93
2022-09-22,RS,Niš,pm25,48,31.0,59.0,47.0,576.17
2022-09-22,RS,Belgrade,pm25,168,16.0,75.0,46.0,1216.23
2022-09-22,CY,Nicosia,pm25,24,36.0,81.0,55.0,1107.83
2022-09-22,CY,Limassol,pm25,24,19.0,57.0,42.0,901.45
2022-09-22,HR,Zagreb,pm25,24,15.0,80.0,44.0,3925.63
2022-09-22,MK,Skopje,pm25,160,5.0,76.0,28.0,2802.69
2022-09-23,GE,Tbilisi,pm25,96,37.0,110.0,55.0,4814.5
2022-09-23,HU,Győr,pm25,46,17.0,63.0,30.0,1962.05
2022-09-23,HU,Szeged,pm25,23,13.0,59.0,34.0,1910.0
2022-09-23,HU,Pécs,pm25,51,13.0,53.0,25.0,1096.52
2022-09-23,HU,Kecskemét,pm25,46,21.0,55.0,38.0,1359.88
2022-09-23,HU,Miskolc,pm25,119,13.0,129.0,42.0,5897.06
2022-09-23,HU,Budapest,pm25,166,13.0,65.0,38.0,663.63
2022-09-23,JP,Fukuoka,pm25,356,5.0,89.0,50.0,1888.76
2022-09-23,JP,Kanazawa,pm25,218,5.0,50.0,17.0,787.7
2022-09-23,JP,Kumamoto,pm25,376,13.0,127.0,68.0,3490.54
2022-09-23,JP,Akita,pm25,26,5.0,46.0,17.0,916.18
2022-09-23,JP,Kochi,pm25,37,5.0,76.0,21.0,2335.08
2022-09-23,JP,Gifu-shi,pm25,135,5.0,70.0,25.0,2858.37
2022-09-23,JP,Kyoto,pm25,537,5.0,53.0,17.0,1342.38
2022-09-23,JP,Hiroshima,pm25,321,5.0,87.0,42.0,2449.06
2022-09-23,JP,Shizuoka,pm25,208,5.0,72.0,13.0,1216.91
2022-09-23,JP,Chiba,pm25,741,5.0,119.0,25.0,2241.36
2022-09-23,JP,Sapporo,pm25,184,5.0,50.0,13.0,836.92
2022-09-23,JP,Yokohama,pm25,529,1.0,61.0,25.0,1481.14
2022-09-23,JP,Tokyo,pm25,2460,1.0,153.0,25.0,1209.06
2022-09-23,JP,Saitama,pm25,464,5.0,55.0,21.0,686.32
2022-09-23,JP,Naha,pm25,144,13.0,57.0,21.0,642.78
2022-09-23,JP,Nagasaki,pm25,190,13.0,76.0,55.0,1392.35
2022-09-23,JP,Toyama,pm25,164,5.0,76.0,25.0,2178.26
2022-09-23,JP,Niigata,pm25,208,5.0,42.0,17.0,596.91
2022-09-23,JP,Nara-shi,pm25,165,5.0,46.0,13.0,791.95
2022-09-23,JP,Okayama,pm25,284,9.0,61.0,21.0,826.12
2022-09-23,JP,Sendai,pm25,415,5.0,42.0,13.0,524.41
2022-09-23,JP,Osaka,pm25,1278,5.0,59.0,13.0,736.61
2022-09-23,JP,Miyazaki,pm25,89,5.0,119.0,42.0,3419.04
2022-09-23,JP,Matsuyama,pm25,162,5.0,95.0,46.0,3833.76
2022-09-23,JP,Wakayama,pm25,262,5.0,53.0,13.0,856.25
2022-09-23,JP,Takamatsu,pm25,225,5.0,57.0,21.0,1410.99
2022-09-23,JP,Nagoya,pm25,682,1.0,70.0,25.0,3059.66
2022-09-23,JP,Ōita,pm25,260,9.0,89.0,57.0,2214.04
2022-09-23,JP,Kobe,pm25,386,5.0,46.0,13.0,511.08
2022-09-23,JP,Nagano,pm25,57,5.0,30.0,17.0,462.41
2022-09-23,JP,Utsunomiya,pm25,412,5.0,70.0,21.0,1084.46
2022-09-23,JP,Kagoshima,pm25,89,5.0,102.0,53.0,4930.88
2022-09-23,SK,Košice,pm25,95,13.0,107.0,30.0,2190.39
2022-09-23,SK,Bratislava,pm25,93,5.0,61.0,30.0,1721.3
2022-09-23,FI,Vantaa,pm25,24,8.0,37.0,25.0,565.15
2022-09-23,FI,Turku,pm25,24,8.0,28.0,16.0,441.09
2022-09-23,FI,Helsinki,pm25,120,11.0,52.0,20.0,793.88
2022-09-23,FI,Tampere,pm25,96,8.0,36.0,16.0,388.84
2022-09-23,ET,Addis Ababa,pm25,24,65.0,139.0,85.0,3416.74
2022-09-23,CH,Zürich,pm25,23,2.0,5.0,3.0,9.05
2022-09-23,CO,Bogotá,pm25,333,13.0,174.0,91.0,10722.0
2022-09-23,CO,Medellín,pm25,302,21.0,117.0,68.0,2262.92
2022-09-23,DK,Copenhagen,pm25,24,17.0,43.0,26.0,488.91
2022-09-23,GB,Edinburgh,pm25,283,2.0,55.0,13.0,723.78
2022-09-23,GB,Norwich,pm25,19,22.0,60.0,38.0,1370.64
2022-09-23,GB,Liverpool,pm25,28,15.0,42.0,30.0,797.08
2022-09-23,GB,Belfast,pm25,35,13.0,34.0,22.0,169.46
2022-09-23,GB,Coventry,pm25,40,13.0,48.0,26.0,915.58
2022-09-23,GB,Leeds,pm25,36,17.0,53.0,30.0,665.8
2022-09-23,GB,Cardiff,pm25,86,5.0,57.0,25.0,1655.24
2022-09-23,GB,Bristol,pm25,70,5.0,42.0,25.0,781.42
2022-09-23,GB,London,pm25,493,3.0,100.0,34.0,2251.41
2022-09-23,GB,Birmingham,pm25,37,19.0,51.0,34.0,769.88
2022-09-23,GB,Sheffield,pm25,80,7.0,53.0,30.0,974.08
2022-09-23,GB,Newport,pm25,41,5.0,21.0,12.0,105.55
2022-09-23,GB,Leicester,pm25,18,20.0,60.0,38.0,1449.71
2022-09-23,GB,Manchester,pm25,83,13.0,73.0,38.0,2309.21
2022-09-23,GB,Reading,pm25,47,5.0,34.0,25.0,576.08
2022-09-23,GB,Plymouth,pm25,36,5.0,25.0,15.0,324.09
2022-09-23,GB,Glasgow,pm25,567,4.0,47.0,14.0,330.16
2022-09-23,GB,Preston,pm25,35,10.0,56.0,23.0,1516.34
2022-09-23,GB,Swansea,pm25,175,5.0,80.0,25.0,3389.97
2022-09-23,GB,Southend-on-Sea,pm25,46,15.0,56.0,37.0,985.32
2022-09-23,ID,Jakarta,pm25,71,63.0,160.0,118.0,7670.47
2022-09-23,NP,Kathmandu,pm25,70,25.0,107.0,55.0,3253.32
2022-09-23,NP,Biratnagar,pm25,24,48.0,97.0,62.0,1196.07
2022-09-23,AU,Sydney,pm25,133,1.0,37.0,15.0,641.63
2022-09-23,AU,Newcastle,pm25,126,1.0,90.0,15.0,2259.41
2022-09-23,AU,Launceston,pm25,139,5.0,61.0,17.0,1671.63
2022-09-23,AU,Hobart,pm25,51,5.0,25.0,13.0,368.94
2022-09-23,AU,Darwin,pm25,72,7.0,58.0,30.0,1445.98
2022-09-23,AU,Melbourne,pm25,138,6.0,63.0,29.0,1223.95
2022-09-23,AU,Canberra,pm25,63,1.0,58.0,16.0,1276.91
2022-09-23,AU,Adelaide,pm25,90,3.0,58.0,30.0,2222.13
2022-09-23,AU,Brisbane,pm25,206,1.0,50.0,15.0,975.09
2022-09-23,AU,Perth,pm25,89,2.0,28.0,6.0,635.46
2022-09-23,AU,Wollongong,pm25,40,1.0,56.0,10.0,1219.49
2022-09-23,CI,Abidjan,pm25,24,17.0,68.0,46.0,2146.5
2022-09-23,GH,Accra,pm25,24,17.0,74.0,42.0,2506.67
2022-09-23,IQ,Baghdad,pm25,24,85.0,178.0,119.0,8112.16
2022-09-23,IS,Reykjavík,pm25,96,4.0,43.0,16.0,1360.35
2022-09-23,KG,Bishkek,pm25,24,57.0,129.0,72.0,2325.43
2022-09-23,NL,Utrecht,pm25,48,40.0,75.0,59.0,693.19
2022-09-23,NL,Nijmegen,pm25,48,23.0,73.0,48.0,1479.41
2022-09-23,NL,Haarlem,pm25,142,3.0,86.0,57.0,3673.79
2022-09-23,NL,Eindhoven,pm25,24,38.0,85.0,66.0,1223.19
2022-09-23,NL,Rotterdam,pm25,192,27.0,75.0,52.0,669.04
2022-09-23,NL,Amsterdam,pm25,264,10.0,88.0,54.0,1570.23
2022-09-23,NL,Dordrecht,pm25,24,38.0,70.0,55.0,628.04
2022-09-23,NL,Breda,pm25,24,40.0,78.0,63.0,853.84
2022-09-23,NL,Groningen,pm25,48,39.0,136.0,61.0,1675.96
2022-09-23,NL,Maastricht,pm25,94,5.0,119.0,42.0,4439.08
2022-09-23,NL,The Hague,pm25,72,5.0,80.0,51.0,2376.99
2022-09-23,PT,Lisbon,pm25,35,15.0,48.0,29.0,740.81
2022-09-23,PT,Funchal,pm25,61,1.0,40.0,22.0,1316.03
2022-09-23,CA,Hamilton,pm25,29,5.0,21.0,9.0,247.09
2022-09-23,CA,Calgary,pm25,86,15.0,63.0,32.0,1464.99
2022-09-23,CA,Winnipeg,pm25,24,16.0,25.0,20.0,53.62
2022-09-23,CA,Halifax,pm25,44,3.0,36.0,8.0,482.55
2022-09-23,CA,Kitchener,pm25,13,5.0,25.0,17.0,601.03
2022-09-23,CA,Edmonton,pm25,131,2.0,64.0,26.0,2150.5
2022-09-23,CA,Surrey,pm25,96,12.0,43.0,23.0,615.41
2022-09-23,CA,Mississauga,pm25,29,5.0,91.0,13.0,4525.76
2022-09-23,CA,Québec,pm25,156,5.0,52.0,7.0,379.51
2022-09-23,CA,Vancouver,pm25,168,10.0,48.0,27.0,941.39
2022-09-23,CA,Victoria,pm25,43,5.0,63.0,25.0,1025.15
2022-09-23,CA,Montréal,pm25,282,3.0,41.0,12.0,708.16
2022-09-23,CA,Toronto,pm25,66,5.0,55.0,13.0,1379.42
2022-09-23,CA,Ottawa,pm25,49,5.0,22.0,9.0,246.87
2022-09-23,CA,London,pm25,21,5.0,34.0,17.0,800.9
2022-09-23,US,Oklahoma City,pm25,96,23.0,75.0,40.0,1968.61
2022-09-23,US,Raleigh,pm25,60,5.0,59.0,13.0,1137.12
2022-09-23,US,Memphis,pm25,72,14.0,48.0,20.0,379.84
2022-09-23,US,Jackson,pm25,72,25.0,69.0,33.0,1358.18
2022-09-23,US,Boston,pm25,95,5.0,25.0,9.0,280.04
2022-09-23,US,Richmond,pm25,96,6.0,38.0,12.0,455.42
2022-09-23,US,Portland,pm25,168,14.0,56.0,23.0,899.95
2022-09-23,US,Boise,pm25,48,17.0,73.0,42.0,1678.47
2022-09-23,US,Austin,pm25,47,13.0,74.0,50.0,2206.83
2022-09-23,US,Honolulu,pm25,31,5.0,34.0,9.0,577.23
2022-09-23,US,Fresno,pm25,48,9.0,60.0,33.0,1796.1
2022-09-23,US,Milwaukee,pm25,141,9.0,61.0,20.0,725.19
2022-09-23,US,Hartford,pm25,47,3.0,9.0,6.0,25.58
2022-09-23,US,Washington D.C.,pm25,102,5.0,95.0,12.0,859.07
2022-09-23,US,Chicago,pm25,239,4.0,60.0,18.0,798.65
2022-09-23,US,Houston,pm25,85,52.0,80.0,65.0,334.55
2022-09-23,US,Indianapolis,pm25,142,1.0,78.0,15.0,2341.37
2022-09-23,US,Atlanta,pm25,24,18.0,37.0,25.0,385.05
2022-09-23,US,Charlotte,pm25,61,5.0,89.0,15.0,1918.17
2022-09-23,US,Sacramento,pm25,70,5.0,66.0,21.0,2129.83
2022-09-23,US,Oakland,pm25,117,5.0,72.0,34.0,1667.52
2022-09-23,US,Providence,pm25,15,5.0,13.0,9.0,102.1
2022-09-23,US,Staten Island,pm25,80,1.0,39.0,9.0,524.92
2022-09-23,US,Brooklyn,pm25,110,1.0,29.0,10.0,297.64
2022-09-23,US,Springfield,pm25,72,10.0,55.0,16.0,447.73
2022-09-23,US,The Bronx,pm25,27,1.0,23.0,8.0,346.61
2022-09-23,US,San Jose,pm25,91,5.0,59.0,25.0,1457.37
2022-09-23,US,Los Angeles,pm25,48,16.0,80.0,49.0,1992.48
2022-09-23,US,Detroit,pm25,144,9.0,82.0,18.0,1221.58
2022-09-23,US,Little Rock,pm25,48,3.0,138.0,20.0,11352.7
2022-09-23,US,Baltimore,pm25,48,5.0,30.0,13.0,301.12
2022-09-23,US,Phoenix,pm25,189,2.0,55.0,21.0,1218.6
2022-09-23,US,Omaha,pm25,47,5.0,38.0,21.0,454.31
2022-09-23,US,El Paso,pm25,164,4.0,116.0,21.0,4697.6
2022-09-23,US,Dallas,pm25,24,25.0,107.0,59.0,3325.2
2022-09-23,US,Seattle,pm25,246,9.0,59.0,27.0,1299.54
2022-09-23,US,Manhattan,pm25,48,2.0,25.0,9.0,342.12
2022-09-23,US,Miami,pm25,94,17.0,58.0,43.0,1392.15
2022-09-23,US,Jacksonville,pm25,144,8.0,72.0,38.0,1956.87
2022-09-23,US,San Antonio,pm25,94,28.0,81.0,55.0,1318.27
2022-09-23,US,Philadelphia,pm25,73,2.0,53.0,10.0,657.76
2022-09-23,US,San Diego,pm25,24,20.0,38.0,25.0,205.63
2022-09-23,US,Columbus,pm25,45,1.0,44.0,11.0,852.71
2022-09-23,US,Saint Paul,pm25,133,5.0,81.0,17.0,597.18
2022-09-23,US,Denver,pm25,141,5.0,74.0,21.0,3132.73
2022-09-23,US,Salt Lake City,pm25,215,8.0,71.0,21.0,1010.04
2022-09-23,US,Albuquerque,pm25,72,8.0,33.0,16.0,177.74
2022-09-23,US,San Francisco,pm25,71,5.0,63.0,30.0,1429.4
2022-09-23,US,Salem,pm25,72,18.0,41.0,27.0,302.24
2022-09-23,US,Madison,pm25,48,11.0,30.0,19.0,261.91
2022-09-23,US,Nashville,pm25,66,5.0,56.0,20.0,976.68
2022-09-23,US,Tucson,pm25,148,5.0,104.0,13.0,959.64
2022-09-23,US,Queens,pm25,71,2.0,23.0,10.0,236.11
2022-09-23,US,Tallahassee,pm25,58,24.0,64.0,45.0,1268.08
2022-09-23,US,Fort Worth,pm25,48,3.0,85.0,42.0,3000.74
2022-09-23,RS,Novi Sad,pm25,48,19.0,70.0,42.0,1994.22
2022-09-23,RS,Niš,pm25,48,18.0,91.0,54.0,3402.02
2022-09-23,RS,Belgrade,pm25,168,17.0,118.0,55.0,3456.65
2022-09-23,CY,Nicosia,pm25,21,14.0,75.0,41.0,1923.14
2022-09-23,CY,Limassol,pm25,15,5.0,45.0,33.0,1442.57
2022-09-23,HR,Zagreb,pm25,23,15.0,75.0,54.0,4110.67
2022-09-23,MK,Skopje,pm25,167,1.0,97.0,43.0,6183.95
2022-09-24,GE,Tbilisi,pm25,96,21.0,79.0,30.0,1362.95
2022-09-24,HU,Győr,pm25,44,5.0,55.0,34.0,1833.17
2022-09-24,HU,Szeged,pm25,16,30.0,50.0,38.0,399.33
2022-09-24,HU,Pécs,pm25,66,9.0,34.0,21.0,528.61
2022-09-24,HU,Kecskemét,pm25,48,17.0,57.0,46.0,2087.64
2022-09-24,HU,Miskolc,pm25,119,13.0,147.0,57.0,5779.23
2022-09-24,JP,Fukuoka,pm25,345,5.0,95.0,34.0,1574.75
2022-09-24,JP,Kanazawa,pm25,218,5.0,53.0,25.0,1268.6
2022-09-24,JP,Kumamoto,pm25,366,5.0,107.0,46.0,2797.95
2022-09-24,JP,Akita,pm25,35,5.0,68.0,34.0,2629.46
2022-09-24,JP,Kochi,pm25,48,17.0,61.0,50.0,1308.15
2022-09-24,JP,Gifu-shi,pm25,148,5.0,95.0,30.0,2925.34
2022-09-24,JP,Kyoto,pm25,564,5.0,65.0,42.0,2168.97
2022-09-24,JP,Hiroshima,pm25,328,5.0,82.0,38.0,2307.75
2022-09-24,JP,Shizuoka,pm25,154,5.0,59.0,13.0,1449.46
2022-09-24,JP,Chiba,pm25,687,5.0,85.0,17.0,1962.96
2022-09-24,JP,Sapporo,pm25,170,5.0,59.0,17.0,1442.85
2022-09-24,JP,Yokohama,pm25,499,1.0,46.0,17.0,932.06
2022-09-24,JP,Tokyo,pm25,2368,1.0,72.0,13.0,831.15
2022-09-24,JP,Saitama,pm25,438,5.0,82.0,9.0,425.2
2022-09-24,JP,Naha,pm25,132,5.0,38.0,21.0,746.5
2022-09-24,JP,Nagasaki,pm25,186,5.0,65.0,38.0,1623.77
2022-09-24,JP,Toyama,pm25,158,5.0,93.0,30.0,2341.3
2022-09-24,JP,Niigata,pm25,205,5.0,53.0,25.0,1548.74
2022-09-24,JP,Nara-shi,pm25,189,5.0,61.0,34.0,2229.38
2022-09-24,JP,Okayama,pm25,284,17.0,72.0,46.0,1395.0
2022-09-24,JP,Sendai,pm25,434,5.0,53.0,17.0,1387.45
2022-09-24,JP,Osaka,pm25,1438,5.0,95.0,34.0,2389.42
2022-09-24,JP,Miyazaki,pm25,93,13.0,114.0,63.0,3366.01
2022-09-24,JP,Matsuyama,pm25,163,5.0,82.0,50.0,2079.03
2022-09-24,JP,Wakayama,pm25,275,5.0,95.0,30.0,2752.73
2022-09-24,JP,Takamatsu,pm25,238,9.0,78.0,46.0,1652.25
2022-09-24,JP,Nagoya,pm25,707,5.0,74.0,30.0,1946.57
2022-09-24,JP,Ōita,pm25,258,5.0,65.0,42.0,1748.15
2022-09-24,JP,Kobe,pm25,419,5.0,76.0,34.0,2379.73
2022-09-24,JP,Nagano,pm25,54,5.0,53.0,17.0,1560.16
2022-09-24,JP,Utsunomiya,pm25,308,5.0,57.0,13.0,576.44
2022-09-24,JP,Kagoshima,pm25,96,9.0,95.0,59.0,2335.97
2022-09-24,SK,Košice,pm25,96,21.0,155.0,50.0,3362.39
2022-09-24,SK,Bratislava,pm25,96,13.0,65.0,42.0,1307.91
2022-09-24,FI,Vantaa,pm25,24,12.0,47.0,18.0,1066.88
2022-09-24,FI,Turku,pm25,24,8.0,46.0,13.0,1127.54
2022-09-24,FI,Helsinki,pm25,120,3.0,45.0,19.0,562.93
2022-09-24,FI,Tampere,pm25,96,10.0,71.0,19.0,850.08
2022-09-24,ET,Addis Ababa,pm25,24,25.0,151.0,72.0,10108.5
2022-09-24,CH,Zürich,pm25,23,1.0,4.0,2.0,9.09
2022-09-24,CO,Bogotá,pm25,329,5.0,162.0,53.0,8532.04
2022-09-24,CO,Medellín,pm25,280,30.0,122.0,80.0,3176.45
2022-09-24,DK,Copenhagen,pm25,24,29.0,53.0,41.0,479.13
2022-09-24,GB,Edinburgh,pm25,280,3.0,61.0,10.0,1162.72
2022-09-24,GB,Norwich,pm25,22,13.0,34.0,19.0,433.27
2022-09-24,GB,Liverpool,pm25,37,13.0,46.0,20.0,937.03
2022-09-24,GB,Belfast,pm25,46,8.0,24.0,16.0,123.41
2022-09-24,GB,Coventry,pm25,58,14.0,30.0,20.0,183.94
2022-09-24,GB,Leeds,pm25,34,13.0,63.0,19.0,1137.61
2022-09-24,GB,Cardiff,pm25,92,5.0,46.0,21.0,1141.02
2022-09-24,GB,Bristol,pm25,66,5.0,38.0,21.0,689.38
2022-09-24,GB,London,pm25,492,3.0,151.0,25.0,2326.55
2022-09-24,GB,Birmingham,pm25,30,13.0,51.0,21.0,503.09
2022-09-24,GB,Sheffield,pm25,77,8.0,46.0,17.0,502.98
2022-09-24,GB,Newport,pm25,43,4.0,18.0,10.0,105.15
2022-09-24,GB,Leicester,pm25,23,17.0,30.0,21.0,151.78
2022-09-24,GB,Manchester,pm25,78,9.0,61.0,30.0,1677.4
2022-09-24,GB,Reading,pm25,42,5.0,30.0,13.0,524.51
2022-09-24,GB,Plymouth,pm25,30,5.0,17.0,13.0,179.41
2022-09-24,GB,Glasgow,pm25,546,3.0,53.0,12.0,590.57
2022-09-24,GB,Preston,pm25,41,9.0,56.0,19.0,784.44
2022-09-24,GB,Swansea,pm25,167,5.0,89.0,21.0,3458.66
2022-09-24,GB,Southend-on-Sea,pm25,40,9.0,33.0,19.0,434.87
2022-09-24,ID,Jakarta,pm25,70,53.0,153.0,81.0,7349.83
2022-09-24,NP,Kathmandu,pm25,72,21.0,99.0,61.0,2716.04
2022-09-24,NP,Biratnagar,pm25,24,53.0,97.0,70.0,1179.71
2022-09-24,AU,Sydney,pm25,137,1.0,41.0,18.0,806.72
2022-09-24,AU,Newcastle,pm25,135,1.0,45.0,17.0,931.67
2022-09-24,AU,Launceston,pm25,86,5.0,42.0,9.0,521.27
2022-09-24,AU,Hobart,pm25,52,5.0,159.0,9.0,10629.2
2022-09-24,AU,Darwin,pm25,72,7.0,93.0,44.0,2562.97
2022-09-24,AU,Melbourne,pm25,142,1.0,60.0,23.0,1279.19
2022-09-24,AU,Canberra,pm25,57,1.0,67.0,22.0,3202.3
2022-09-24,AU,Adelaide,pm25,93,3.0,74.0,21.0,2798.91
2022-09-24,AU,Brisbane,pm25,209,1.0,62.0,15.0,1553.19
2022-09-24,AU,Perth,pm25,82,2.0,32.0,6.0,675.56
2022-09-24,AU,Wollongong,pm25,41,3.0,58.0,21.0,1923.95
2022-09-24,CI,Abidjan,pm25,24,17.0,85.0,46.0,2163.03
2022-09-24,GH,Accra,pm25,24,25.0,72.0,42.0,1932.17
2022-09-24,IQ,Baghdad,pm25,24,55.0,164.0,99.0,9678.19
2022-09-24,IS,Reykjavík,pm25,96,5.0,48.0,21.0,952.13
2022-09-24,KG,Bishkek,pm25,24,61.0,119.0,72.0,1444.93
2022-09-24,NL,Utrecht,pm25,48,18.0,77.0,43.0,2416.8
2022-09-24,NL,Nijmegen,pm25,48,7.0,64.0,45.0,2116.98
2022-09-24,NL,Haarlem,pm25,129,1.0,76.0,20.0,2725.62
2022-09-24,NL,Eindhoven,pm25,24,25.0,73.0,56.0,1610.71
2022-09-24,NL,Rotterdam,pm25,192,2.0,66.0,20.0,2829.4
2022-09-24,NL,Amsterdam,pm25,249,1.0,69.0,20.0,3077.68
2022-09-24,NL,Dordrecht,pm25,24,13.0,80.0,34.0,3552.45
2022-09-24,NL,Breda,pm25,26,1.0,58.0,38.0,2626.22
2022-09-24,NL,Groningen,pm25,48,5.0,93.0,26.0,7108.61
2022-09-24,NL,Maastricht,pm25,96,17.0,114.0,53.0,3186.84
2022-09-24,NL,The Hague,pm25,69,4.0,69.0,20.0,2931.85
2022-09-24,PT,Lisbon,pm25,15,17.0,28.0,20.0,137.43
2022-09-24,PT,Funchal,pm25,60,1.0,43.0,13.0,1255.48
2022-09-24,CA,Hamilton,pm25,69,5.0,53.0,17.0,1128.32
2022-09-24,CA,Calgary,pm25,91,1.0,53.0,16.0,817.44
2022-09-24,CA,Winnipeg,pm25,24,18.0,25.0,20.0,31.23
2022-09-24,CA,Halifax,pm25,23,5.0,22.0,13.0,339.96
2022-09-24,CA,Kitchener,pm25,33,5.0,50.0,17.0,1280.47
2022-09-24,CA,Edmonton,pm25,120,1.0,83.0,14.0,3171.8
2022-09-24,CA,Surrey,pm25,92,3.0,32.0,18.0,449.63
2022-09-24,CA,Mississauga,pm25,54,5.0,91.0,21.0,5134.79
2022-09-24,CA,Québec,pm25,136,7.0,38.0,12.0,290.4
2022-09-24,CA,Vancouver,pm25,161,3.0,46.0,16.0,529.62
2022-09-24,CA,Victoria,pm25,42,5.0,46.0,21.0,1266.93
2022-09-24,CA,Montréal,pm25,330,3.0,42.0,15.0,463.63
2022-09-24,CA,Toronto,pm25,121,5.0,57.0,13.0,1015.17
2022-09-24,CA,Ottawa,pm25,47,5.0,50.0,16.0,980.1
2022-09-24,CA,London,pm25,41,9.0,53.0,21.0,1939.51
2022-09-24,US,Oklahoma City,pm25,96,27.0,72.0,54.0,487.58
2022-09-24,US,Raleigh,pm25,69,9.0,48.0,25.0,961.03
2022-09-24,US,Memphis,pm25,70,23.0,153.0,56.0,4761.71
2022-09-24,US,Jackson,pm25,72,30.0,89.0,45.0,1727.69
2022-09-24,US,Boston,pm25,98,5.0,70.0,17.0,1437.56
2022-09-24,US,Richmond,pm25,96,14.0,35.0,18.0,192.26
2022-09-24,US,Portland,pm25,168,10.0,53.0,23.0,815.93
2022-09-24,US,Boise,pm25,48,5.0,61.0,34.0,2270.05
2022-09-24,US,Austin,pm25,46,5.0,61.0,38.0,3030.07
2022-09-24,US,Honolulu,pm25,31,5.0,30.0,13.0,654.73
2022-09-24,US,Fresno,pm25,48,4.0,63.0,43.0,1711.9
2022-09-24,US,Milwaukee,pm25,144,12.0,50.0,24.0,716.99
2022-09-24,US,Hartford,pm25,48,8.0,62.0,10.0,1926.17
2022-09-24,US,Washington D.C.,pm25,113,5.0,55.0,17.0,781.33
2022-09-24,US,Chicago,pm25,239,3.0,54.0,22.0,964.1
2022-09-24,US,Houston,pm25,96,3.0,112.0,50.0,3290.74
2022-09-24,US,Indianapolis,pm25,143,3.0,77.0,28.0,2104.91
2022-09-24,US,Atlanta,pm25,23,21.0,42.0,31.0,562.25
2022-09-24,US,Charlotte,pm25,71,9.0,61.0,26.0,2331.77
2022-09-24,US,Sacramento,pm25,71,5.0,72.0,44.0,3296.18
2022-09-24,US,Oakland,pm25,120,5.0,63.0,34.0,1461.27
2022-09-24,US,Providence,pm25,20,5.0,53.0,5.0,1954.63
2022-09-24,US,Staten Island,pm25,104,1.0,41.0,14.0,1110.66
2022-09-24,US,Brooklyn,pm25,126,1.0,67.0,15.0,1309.13
2022-09-24,US,Springfield,pm25,72,15.0,63.0,26.0,1390.47
2022-09-24,US,The Bronx,pm25,38,1.0,29.0,7.0,696.59
2022-09-24,US,San Jose,pm25,94,5.0,61.0,30.0,1954.81
2022-09-24,US,Los Angeles,pm25,48,24.0,71.0,46.0,1166.7
2022-09-24,US,Detroit,pm25,144,18.0,63.0,28.0,1072.66
2022-09-24,US,Little Rock,pm25,46,21.0,81.0,48.0,2036.14
2022-09-24,US,Baltimore,pm25,48,5.0,55.0,21.0,864.66
2022-09-24,US,Phoenix,pm25,184,1.0,43.0,18.0,682.02
2022-09-24,US,Omaha,pm25,47,5.0,46.0,21.0,971.22
2022-09-24,US,El Paso,pm25,154,3.0,93.0,17.0,4995.12
2022-09-24,US,Dallas,pm25,22,9.0,87.0,57.0,3897.06
2022-09-24,US,Seattle,pm25,224,9.0,61.0,30.0,1515.34
2022-09-24,US,Manhattan,pm25,53,1.0,36.0,13.0,919.94
2022-09-24,US,Miami,pm25,94,23.0,61.0,47.0,1118.06
2022-09-24,US,Jacksonville,pm25,143,4.0,56.0,22.0,641.06
2022-09-24,US,San Antonio,pm25,91,3.0,76.0,41.0,3762.74
2022-09-24,US,Philadelphia,pm25,90,2.0,59.0,18.0,1888.42
2022-09-24,US,San Diego,pm25,24,20.0,45.0,29.0,541.58
2022-09-24,US,Columbus,pm25,48,9.0,47.0,23.0,859.72
2022-09-24,US,Saint Paul,pm25,136,5.0,48.0,20.0,1021.73
2022-09-24,US,Denver,pm25,115,5.0,50.0,17.0,975.26
2022-09-24,US,Salt Lake City,pm25,216,13.0,63.0,24.0,788.96
2022-09-24,US,Albuquerque,pm25,72,12.0,36.0,15.0,296.21
2022-09-24,US,San Francisco,pm25,70,5.0,76.0,30.0,1951.19
2022-09-24,US,Salem,pm25,72,9.0,45.0,20.0,481.0
2022-09-24,US,Madison,pm25,48,10.0,62.0,25.0,1138.44
2022-09-24,US,Nashville,pm25,73,5.0,95.0,34.0,2077.53
2022-09-24,US,Tucson,pm25,130,5.0,30.0,13.0,330.37
2022-09-24,US,Queens,pm25,81,1.0,41.0,13.0,906.48
2022-09-24,US,Tallahassee,pm25,48,14.0,59.0,33.0,1418.4
2022-09-24,US,Fort Worth,pm25,47,5.0,65.0,51.0,3486.07
2022-09-24,RS,Novi Sad,pm25,48,19.0,99.0,44.0,4197.12
2022-09-24,RS,Niš,pm25,48,17.0,139.0,53.0,4720.64
2022-09-24,RS,Belgrade,pm25,168,18.0,154.0,63.0,4971.94
2022-09-24,CY,Nicosia,pm25,22,1.0,68.0,19.0,3267.9
2022-09-24,CY,Limassol,pm25,24,19.0,79.0,33.0,2113.62
2022-09-24,HR,Zagreb,pm25,24,20.0,90.0,45.0,6470.14
2022-09-24,MK,Skopje,pm25,121,10.0,139.0,61.0,5437.09
2022-09-25,GE,Tbilisi,pm25,96,10.0,36.0,23.0,335.82
2022-09-25,HU,Győr,pm25,44,34.0,63.0,53.0,961.29
2022-09-25,HU,Szeged,pm25,24,34.0,63.0,53.0,825.43
2022-09-25,HU,Pécs,pm25,63,9.0,30.0,17.0,430.14
2022-09-25,HU,Kecskemét,pm25,40,17.0,65.0,34.0,2618.74
2022-09-25,HU,Miskolc,pm25,112,25.0,137.0,59.0,5095.94
2022-09-25,JP,Fukuoka,pm25,347,5.0,109.0,38.0,4126.58
2022-09-25,JP,Kanazawa,pm25,236,5.0,50.0,25.0,769.79
2022-09-25,JP,Kumamoto,pm25,373,5.0,137.0,59.0,7069.67
2022-09-25,JP,Akita,pm25,35,5.0,50.0,21.0,766.64
2022-09-25,JP,Kochi,pm25,48,9.0,68.0,50.0,1138.44
2022-09-25,JP,Gifu-shi,pm25,156,9.0,70.0,34.0,2540.05
2022-09-25,JP,Kyoto,pm25,565,5.0,65.0,38.0,1834.75
2022-09-25,JP,Hiroshima,pm25,303,5.0,78.0,38.0,2765.14
2022-09-25,JP,Shizuoka,pm25,241,5.0,74.0,25.0,2348.49
2022-09-25,JP,Chiba,pm25,762,5.0,99.0,30.0,1597.31
2022-09-25,JP,Sapporo,pm25,204,5.0,89.0,25.0,1714.23
2022-09-25,JP,Yokohama,pm25,542,1.0,63.0,34.0,1561.26
2022-09-25,JP,Tokyo,pm25,2492,1.0,124.0,30.0,1210.32
2022-09-25,JP,Saitama,pm25,473,5.0,68.0,25.0,1241.87
2022-09-25,JP,Naha,pm25,138,5.0,25.0,13.0,307.71
2022-09-25,JP,Nagasaki,pm25,187,5.0,95.0,46.0,4944.72
2022-09-25,JP,Toyama,pm25,169,5.0,70.0,30.0,1417.64
2022-09-25,JP,Niigata,pm25,212,9.0,53.0,25.0,716.81
2022-09-25,JP,Nara-shi,pm25,190,9.0,109.0,34.0,2351.25
2022-09-25,JP,Okayama,pm25,276,5.0,76.0,34.0,1871.72
2022-09-25,JP,Sendai,pm25,470,5.0,65.0,25.0,772.89
2022-09-25,JP,Osaka,pm25,1451,5.0,183.0,34.0,2141.08
2022-09-25,JP,Miyazaki,pm25,90,9.0,176.0,59.0,4856.7
2022-09-25,JP,Matsuyama,pm25,159,9.0,78.0,50.0,2037.86
2022-09-25,JP,Wakayama,pm25,283,5.0,89.0,34.0,1630.65
2022-09-25,JP,Takamatsu,pm25,235,5.0,68.0,30.0,1605.13
2022-09-25,JP,Nagoya,pm25,742,5.0,87.0,30.0,2019.6
2022-09-25,JP,Ōita,pm25,260,9.0,89.0,50.0,3012.76
2022-09-25,JP,Kobe,pm25,418,5.0,70.0,34.0,1429.07
2022-09-25,JP,Nagano,pm25,63,5.0,53.0,21.0,2327.62
2022-09-25,JP,Utsunomiya,pm25,395,9.0,72.0,25.0,1117.67
2022-09-25,JP,Kagoshima,pm25,93,34.0,112.0,68.0,1955.29
2022-09-25,SK,Košice,pm25,96,34.0,85.0,57.0,1386.93
2022-09-25,SK,Bratislava,pm25,96,25.0,72.0,46.0,1026.37
2022-09-25,FI,Vantaa,pm25,24,4.0,45.0,18.0,1246.07
2022-09-25,FI,Turku,pm25,24,8.0,55.0,28.0,1739.35
2022-09-25,FI,Helsinki,pm25,120,1.0,34.0,19.0,452.82
2022-09-25,FI,Tampere,pm25,96,8.0,45.0,20.0,706.79
2022-09-25,ET,Addis Ababa,pm25,22,59.0,142.0,74.0,5192.55
2022-09-25,CH,Zürich,pm25,20,1.0,3.0,2.0,5.55
2022-09-25,CO,Bogotá,pm25,327,2.0,128.0,42.0,6266.38
2022-09-25,CO,Medellín,pm25,249,38.0,107.0,68.0,2266.2
2022-09-25,DK,Copenhagen,pm25,24,14.0,151.0,46.0,7007.75
2022-09-25,GB,Edinburgh,pm25,282,2.0,194.0,12.0,2523.91
2022-09-25,GB,Norwich,pm25,19,13.0,23.0,14.0,69.88
2022-09-25,GB,Liverpool,pm25,35,7.0,53.0,34.0,1184.76
2022-09-25,GB,Belfast,pm25,50,8.0,26.0,17.0,180.51
2022-09-25,GB,Coventry,pm25,51,11.0,31.0,21.0,187.93
2022-09-25,GB,Leeds,pm25,30,13.0,30.0,15.0,215.64
2022-09-25,GB,Cardiff,pm25,91,5.0,55.0,30.0,1513.79
2022-09-25,GB,Bristol,pm25,70,5.0,53.0,30.0,1030.36
2022-09-25,GB,London,pm25,467,1.0,92.0,20.0,2141.4
2022-09-25,GB,Birmingham,pm25,31,11.0,38.0,23.0,399.83
2022-09-25,GB,Sheffield,pm25,73,9.0,30.0,17.0,203.64
2022-09-25,GB,Newport,pm25,40,8.0,51.0,13.0,754.26
2022-09-25,GB,Leicester,pm25,18,13.0,29.0,21.0,152.03
2022-09-25,GB,Manchester,pm25,80,11.0,61.0,36.0,2029.75
2022-09-25,GB,Reading,pm25,41,5.0,25.0,13.0,393.56
2022-09-25,GB,Plymouth,pm25,42,5.0,19.0,13.0,191.85
2022-09-25,GB,Glasgow,pm25,544,3.0,143.0,13.0,1022.2
2022-09-25,GB,Preston,pm25,39,12.0,69.0,24.0,1779.27
2022-09-25,GB,Swansea,pm25,180,5.0,68.0,21.0,2934.95
2022-09-25,GB,Southend-on-Sea,pm25,46,10.0,28.0,17.0,180.85
2022-09-25,ID,Jakarta,pm25,71,70.0,164.0,112.0,6340.43
2022-09-25,NP,Kathmandu,pm25,61,17.0,85.0,63.0,1606.86
2022-09-25,NP,Biratnagar,pm25,24,30.0,83.0,61.0,1557.1
2022-09-25,AU,Sydney,pm25,129,1.0,46.0,21.0,1197.86
2022-09-25,AU,Newcastle,pm25,124,1.0,60.0,20.0,1786.92
2022-09-25,AU,Launceston,pm25,146,5.0,163.0,13.0,6111.12
2022-09-25,AU,Hobart,pm25,58,5.0,53.0,9.0,1037.91
2022-09-25,AU,Darwin,pm25,72,8.0,60.0,36.0,1697.98
2022-09-25,AU,Melbourne,pm25,121,2.0,64.0,26.0,1941.91
2022-09-25,AU,Canberra,pm25,69,2.0,79.0,27.0,3162.31
2022-09-25,AU,Adelaide,pm25,93,5.0,80.0,21.0,2111.22
2022-09-25,AU,Brisbane,pm25,215,1.0,53.0,20.0,1088.87
2022-09-25,AU,Perth,pm25,81,2.0,32.0,10.0,749.5
2022-09-25,AU,Wollongong,pm25,42,1.0,46.0,15.0,1581.93
2022-09-25,CI,Abidjan,pm25,24,5.0,53.0,25.0,1649.84
2022-09-25,GH,Accra,pm25,24,25.0,74.0,46.0,1773.32
2022-09-25,IQ,Baghdad,pm25,24,91.0,272.0,164.0,10542.2
2022-09-25,IS,Reykjavík,pm25,96,4.0,83.0,30.0,4240.59
2022-09-25,KG,Bishkek,pm25,24,61.0,107.0,70.0,992.1
2022-09-25,NL,Utrecht,pm25,48,13.0,62.0,32.0,1300.85
2022-09-25,NL,Nijmegen,pm25,45,2.0,53.0,24.0,1567.55
2022-09-25,NL,Haarlem,pm25,139,1.0,65.0,13.0,1422.88
2022-09-25,NL,Eindhoven,pm25,24,14.0,91.0,36.0,2803.19
2022-09-25,NL,Rotterdam,pm25,188,2.0,54.0,14.0,760.77
2022-09-25,NL,Amsterdam,pm25,227,1.0,69.0,13.0,997.64
2022-09-25,NL,Dordrecht,pm25,22,9.0,30.0,21.0,266.08
2022-09-25,NL,Breda,pm25,35,2.0,80.0,23.0,2445.18
2022-09-25,NL,Groningen,pm25,47,4.0,34.0,19.0,654.15
2022-09-25,NL,Maastricht,pm25,94,5.0,70.0,21.0,2644.82
2022-09-25,NL,The Hague,pm25,72,1.0,40.0,13.0,568.35
2022-09-25,PT,Lisbon,pm25,31,13.0,29.0,19.0,118.49
2022-09-25,PT,Funchal,pm25,66,1.0,29.0,14.0,756.36
2022-09-25,CA,Hamilton,pm25,94,13.0,61.0,38.0,1641.86
2022-09-25,CA,Calgary,pm25,91,6.0,58.0,19.0,2126.52
2022-09-25,CA,Winnipeg,pm25,19,17.0,25.0,18.0,109.53
2022-09-25,CA,Halifax,pm25,34,15.0,26.0,20.0,123.93
2022-09-25,CA,Kitchener,pm25,47,9.0,76.0,30.0,3158.96
2022-09-25,CA,Edmonton,pm25,126,3.0,62.0,22.0,1698.14
2022-09-25,CA,Surrey,pm25,68,9.0,48.0,23.0,677.47
2022-09-25,CA,Mississauga,pm25,70,5.0,89.0,25.0,3123.69
2022-09-25,CA,Québec,pm25,154,16.0,55.0,22.0,1096.43
2022-09-25,CA,Vancouver,pm25,119,6.0,60.0,13.0,617.34
2022-09-25,CA,Victoria,pm25,34,9.0,63.0,30.0,1055.87
2022-09-25,CA,Montréal,pm25,348,9.0,41.0,20.0,529.82
2022-09-25,CA,Toronto,pm25,134,5.0,53.0,25.0,1267.65
2022-09-25,CA,Ottawa,pm25,67,13.0,47.0,25.0,597.75
2022-09-25,CA,London,pm25,48,5.0,53.0,25.0,1833.97
2022-09-25,US,Oklahoma City,pm25,96,21.0,68.0,34.0,2131.79
2022-09-25,US,Raleigh,pm25,72,17.0,55.0,34.0,746.74
2022-09-25,US,Memphis,pm25,72,29.0,81.0,54.0,1223.05
2022-09-25,US,Jackson,pm25,72,32.0,84.0,56.0,608.89
2022-09-25,US,Boston,pm25,127,13.0,87.0,25.0,1139.43
2022-09-25,US,Richmond,pm25,96,25.0,42.0,33.0,182.93
2022-09-25,US,Portland,pm25,168,17.0,63.0,33.0,917.36
2022-09-25,US,Boise,pm25,47,5.0,67.0,26.0,2608.01
2022-09-25,US,Austin,pm25,36,5.0,55.0,17.0,2077.04
2022-09-25,US,Honolulu,pm25,30,5.0,30.0,13.0,667.13
2022-09-25,US,Fresno,pm25,48,9.0,67.0,35.0,2306.77
2022-09-25,US,Milwaukee,pm25,144,7.0,56.0,18.0,844.78
2022-09-25,US,Hartford,pm25,48,19.0,56.0,30.0,763.19
2022-09-25,US,Washington D.C.,pm25,120,13.0,68.0,30.0,901.23
2022-09-25,US,Chicago,pm25,239,3.0,58.0,18.0,1546.11
2022-09-25,US,Houston,pm25,96,2.0,65.0,32.0,2141.37
2022-09-25,US,Indianapolis,pm25,142,3.0,61.0,21.0,2191.77
2022-09-25,US,Atlanta,pm25,24,37.0,54.0,44.0,224.27
2022-09-25,US,Charlotte,pm25,72,20.0,59.0,34.0,826.43
2022-09-25,US,Sacramento,pm25,70,4.0,76.0,30.0,2154.35
2022-09-25,US,Oakland,pm25,118,9.0,85.0,30.0,2185.21
2022-09-25,US,Providence,pm25,44,5.0,55.0,17.0,1501.92
2022-09-25,US,Staten Island,pm25,117,2.0,57.0,29.0,1534.65
2022-09-25,US,Brooklyn,pm25,144,2.0,61.0,28.0,926.28
2022-09-25,US,Springfield,pm25,72,18.0,54.0,22.0,341.11
2022-09-25,US,The Bronx,pm25,48,2.0,42.0,27.0,743.36
2022-09-25,US,San Jose,pm25,95,5.0,72.0,38.0,2036.51
2022-09-25,US,Los Angeles,pm25,48,22.0,70.0,48.0,1264.82
2022-09-25,US,Detroit,pm25,143,6.0,63.0,32.0,2528.23
2022-09-25,US,Little Rock,pm25,46,7.0,51.0,33.0,1904.62
2022-09-25,US,Baltimore,pm25,48,17.0,53.0,30.0,538.56
2022-09-25,US,Phoenix,pm25,184,2.0,50.0,18.0,997.07
2022-09-25,US,Omaha,pm25,44,5.0,30.0,17.0,420.74
2022-09-25,US,El Paso,pm25,163,5.0,86.0,21.0,4009.49
2022-09-25,US,Dallas,pm25,23,13.0,65.0,30.0,1664.43
2022-09-25,US,Seattle,pm25,238,17.0,65.0,42.0,1676.93
2022-09-25,US,Manhattan,pm25,72,3.0,43.0,25.0,951.25
2022-09-25,US,Miami,pm25,94,18.0,45.0,25.0,698.53
2022-09-25,US,Jacksonville,pm25,144,1.0,54.0,28.0,705.31
2022-09-25,US,San Antonio,pm25,83,3.0,61.0,21.0,2567.32
2022-09-25,US,Philadelphia,pm25,93,3.0,69.0,26.0,1327.6
2022-09-25,US,San Diego,pm25,24,22.0,37.0,31.0,179.93
2022-09-25,US,Columbus,pm25,48,3.0,51.0,20.0,1636.02
2022-09-25,US,Saint Paul,pm25,128,5.0,30.0,15.0,297.07
2022-09-25,US,Denver,pm25,129,13.0,55.0,30.0,781.11
2022-09-25,US,Salt Lake City,pm25,216,12.0,62.0,23.0,663.54
2022-09-25,US,Albuquerque,pm25,69,5.0,30.0,22.0,213.11
2022-09-25,US,San Francisco,pm25,72,9.0,91.0,25.0,1641.06
2022-09-25,US,Salem,pm25,71,12.0,80.0,28.0,1309.98
2022-09-25,US,Madison,pm25,48,7.0,24.0,14.0,108.08
2022-09-25,US,Nashville,pm25,72,5.0,61.0,45.0,1589.62
2022-09-25,US,Tucson,pm25,134,5.0,30.0,13.0,409.15
2022-09-25,US,Queens,pm25,96,5.0,49.0,30.0,682.7
2022-09-25,US,Tallahassee,pm25,48,11.0,58.0,35.0,1086.77
2022-09-25,US,Fort Worth,pm25,45,5.0,72.0,33.0,1630.74
2022-09-25,RS,Novi Sad,pm25,48,20.0,91.0,55.0,2317.59
2022-09-25,RS,Niš,pm25,48,14.0,93.0,53.0,4987.34
2022-09-25,RS,Belgrade,pm25,168,20.0,82.0,55.0,1920.74
2022-09-25,CY,Nicosia,pm25,5,34.0,65.0,53.0,1887.0
2022-09-25,CY,Limassol,pm25,24,15.0,63.0,40.0,1582.88
2022-09-25,HR,Zagreb,pm25,24,22.0,114.0,45.0,6239.98
2022-09-25,MK,Skopje,pm25,120,13.0,157.0,66.0,9429.58
2022-09-26,GE,Tbilisi,pm25,96,11.0,58.0,28.0,878.89
2022-09-26,HU,Győr,pm25,48,13.0,57.0,21.0,1443.4
2022-09-26,HU,Szeged,pm25,23,13.0,74.0,42.0,3836.01
2022-09-26,HU,Pécs,pm25,50,21.0,78.0,63.0,2446.32
2022-09-26,HU,Kecskemét,pm25,48,50.0,74.0,59.0,436.81
2022-09-26,HU,Miskolc,pm25,120,30.0,157.0,68.0,6734.99
2022-09-26,HU,Budapest,pm25,222,5.0,102.0,55.0,3883.68
2022-09-26,JP,Fukuoka,pm25,376,13.0,109.0,63.0,1555.05
2022-09-26,JP,Kanazawa,pm25,238,9.0,59.0,34.0,1173.8
2022-09-26,JP,Kumamoto,pm25,380,5.0,153.0,80.0,2683.89
2022-09-26,JP,Akita,pm25,42,5.0,74.0,21.0,3159.26
2022-09-26,JP,Kochi,pm25,48,25.0,61.0,42.0,939.43
2022-09-26,JP,Gifu-shi,pm25,161,5.0,82.0,46.0,2215.19
2022-09-26,JP,Kyoto,pm25,541,9.0,72.0,53.0,1405.65
2022-09-26,JP,Hiroshima,pm25,330,5.0,109.0,57.0,2313.83
2022-09-26,JP,Shizuoka,pm25,248,5.0,78.0,42.0,2268.38
2022-09-26,JP,Chiba,pm25,758,5.0,142.0,34.0,3315.94
2022-09-26,JP,Sapporo,pm25,197,5.0,91.0,25.0,1985.96
2022-09-26,JP,Yokohama,pm25,541,1.0,72.0,42.0,2073.42
2022-09-26,JP,Tokyo,pm25,2465,1.0,160.0,42.0,2063.57
2022-09-26,JP,Saitama,pm25,480,5.0,74.0,38.0,1564.24
2022-09-26,JP,Naha,pm25,114,5.0,30.0,13.0,374.31
2022-09-26,JP,Nagasaki,pm25,190,17.0,95.0,72.0,1097.62
2022-09-26,JP,Toyama,pm25,183,9.0,85.0,38.0,2073.94
2022-09-26,JP,Niigata,pm25,212,9.0,53.0,34.0,719.68
2022-09-26,JP,Nara-shi,pm25,171,30.0,74.0,50.0,850.88
2022-09-26,JP,Okayama,pm25,283,13.0,134.0,55.0,4179.56
2022-09-26,JP,Sendai,pm25,447,9.0,57.0,30.0,1017.32
2022-09-26,JP,Osaka,pm25,1441,5.0,122.0,46.0,1610.19
2022-09-26,JP,Miyazaki,pm25,92,17.0,122.0,59.0,2296.81
2022-09-26,JP,Matsuyama,pm25,161,5.0,147.0,59.0,3047.47
2022-09-26,JP,Wakayama,pm25,275,5.0,109.0,42.0,1841.9
2022-09-26,JP,Takamatsu,pm25,238,9.0,99.0,53.0,2560.09
2022-09-26,JP,Nagoya,pm25,759,1.0,85.0,46.0,1345.97
2022-09-26,JP,Ōita,pm25,262,9.0,142.0,61.0,2645.42
2022-09-26,JP,Kobe,pm25,422,5.0,93.0,50.0,1559.9
2022-09-26,JP,Nagano,pm25,68,17.0,72.0,34.0,2505.54
2022-09-26,JP,Utsunomiya,pm25,399,9.0,74.0,38.0,1368.6
2022-09-26,JP,Kagoshima,pm25,94,38.0,102.0,63.0,1381.87
2022-09-26,SK,Košice,pm25,96,42.0,91.0,61.0,694.7
2022-09-26,SK,Bratislava,pm25,96,5.0,80.0,42.0,2707.68
2022-09-26,FI,Vantaa,pm25,24,11.0,33.0,18.0,298.48
2022-09-26,FI,Turku,pm25,24,8.0,21.0,15.0,143.41
2022-09-26,FI,Helsinki,pm25,120,10.0,76.0,17.0,702.97
2022-09-26,FI,Tampere,pm25,95,10.0,27.0,15.0,134.34
2022-09-26,ET,Addis Ababa,pm25,24,25.0,403.0,70.0,86179.7
2022-09-26,CH,Zürich,pm25,15,1.0,2.0,1.0,2.1
2022-09-26,CO,Bogotá,pm25,321,5.0,163.0,46.0,10620.3
2022-09-26,CO,Medellín,pm25,222,21.0,91.0,61.0,1915.79
2022-09-26,DK,Copenhagen,pm25,24,9.0,31.0,20.0,359.93
2022-09-26,GB,Edinburgh,pm25,285,5.0,68.0,17.0,1685.95
2022-09-26,GB,Norwich,pm25,16,13.0,44.0,14.0,1105.29
2022-09-26,GB,Liverpool,pm25,31,5.0,68.0,30.0,1995.57
2022-09-26,GB,Belfast,pm25,70,17.0,61.0,30.0,716.78
2022-09-26,GB,Coventry,pm25,63,10.0,47.0,17.0,621.28
2022-09-26,GB,Leeds,pm25,31,4.0,57.0,21.0,1836.92
2022-09-26,GB,Cardiff,pm25,92,5.0,59.0,30.0,1585.48
2022-09-26,GB,Bristol,pm25,69,5.0,46.0,21.0,941.5
2022-09-26,GB,London,pm25,505,4.0,114.0,25.0,2284.33
2022-09-26,GB,Birmingham,pm25,37,10.0,52.0,20.0,920.08
2022-09-26,GB,Sheffield,pm25,82,3.0,53.0,21.0,1578.57
2022-09-26,GB,Newport,pm25,43,8.0,43.0,13.0,702.06
2022-09-26,GB,Leicester,pm25,18,13.0,47.0,17.0,1205.65
2022-09-26,GB,Manchester,pm25,77,5.0,63.0,26.0,2073.3
2022-09-26,GB,Reading,pm25,44,5.0,38.0,13.0,631.8
2022-09-26,GB,Plymouth,pm25,42,5.0,45.0,21.0,1369.25
2022-09-26,GB,Glasgow,pm25,556,6.0,109.0,22.0,1655.09
2022-09-26,GB,Preston,pm25,34,9.0,57.0,23.0,1527.46
2022-09-26,GB,Swansea,pm25,183,5.0,80.0,25.0,3250.76
2022-09-26,GB,Southend-on-Sea,pm25,48,6.0,40.0,17.0,551.98
2022-09-26,ID,Jakarta,pm25,71,57.0,155.0,99.0,5748.73
2022-09-26,NP,Kathmandu,pm25,48,34.0,91.0,63.0,2188.35
2022-09-26,NP,Biratnagar,pm25,24,50.0,80.0,61.0,704.77
2022-09-26,AU,Sydney,pm25,143,1.0,47.0,23.0,1055.67
2022-09-26,AU,Newcastle,pm25,142,1.0,63.0,28.0,1264.46
2022-09-26,AU,Launceston,pm25,160,5.0,134.0,17.0,5628.3
2022-09-26,AU,Hobart,pm25,52,5.0,25.0,9.0,365.55
2022-09-26,AU,Darwin,pm25,72,4.0,68.0,41.0,2678.52
2022-09-26,AU,Melbourne,pm25,125,1.0,53.0,22.0,968.88
2022-09-26,AU,Canberra,pm25,71,2.0,61.0,26.0,1967.03
2022-09-26,AU,Adelaide,pm25,61,5.0,61.0,25.0,2929.78
2022-09-26,AU,Brisbane,pm25,215,4.0,61.0,28.0,1654.81
2022-09-26,AU,Perth,pm25,69,2.0,32.0,7.0,698.7
2022-09-26,AU,Wollongong,pm25,42,3.0,42.0,16.0,883.19
2022-09-26,CI,Abidjan,pm25,22,5.0,114.0,38.0,5755.61
2022-09-26,GH,Accra,pm25,24,17.0,76.0,38.0,2273.84
2022-09-26,IQ,Baghdad,pm25,24,99.0,176.0,151.0,4895.2
2022-09-26,IS,Reykjavík,pm25,96,9.0,53.0,17.0,1388.17
2022-09-26,KG,Bishkek,pm25,24,65.0,117.0,72.0,1380.8
2022-09-26,NL,Utrecht,pm25,48,12.0,55.0,30.0,648.93
2022-09-26,NL,Nijmegen,pm25,43,1.0,45.0,19.0,1268.26
2022-09-26,NL,Haarlem,pm25,134,1.0,62.0,21.0,944.72
2022-09-26,NL,Eindhoven,pm25,24,22.0,66.0,36.0,1560.42
2022-09-26,NL,Rotterdam,pm25,191,8.0,36.0,17.0,296.92
2022-09-26,NL,Amsterdam,pm25,242,1.0,49.0,16.0,595.45
2022-09-26,NL,Dordrecht,pm25,23,17.0,60.0,25.0,863.48
2022-09-26,NL,Breda,pm25,46,2.0,47.0,21.0,1710.92
2022-09-26,NL,Groningen,pm25,37,7.0,33.0,20.0,373.8
2022-09-26,NL,Maastricht,pm25,93,5.0,61.0,21.0,1905.53
2022-09-26,NL,The Hague,pm25,68,4.0,35.0,15.0,361.34
2022-09-26,PT,Lisbon,pm25,39,13.0,26.0,17.0,152.2
2022-09-26,PT,Funchal,pm25,50,1.0,32.0,11.0,525.0
2022-09-26,CA,Hamilton,pm25,71,5.0,34.0,13.0,440.1
2022-09-26,CA,Calgary,pm25,92,8.0,82.0,31.0,2451.57
2022-09-26,CA,Winnipeg,pm25,24,17.0,27.0,20.0,77.97
2022-09-26,CA,Halifax,pm25,46,18.0,54.0,33.0,935.92
2022-09-26,CA,Kitchener,pm25,44,5.0,30.0,9.0,317.31
2022-09-26,CA,Edmonton,pm25,127,1.0,88.0,22.0,2206.1
2022-09-26,CA,Surrey,pm25,92,12.0,60.0,33.0,1484.89
2022-09-26,CA,Mississauga,pm25,49,5.0,25.0,9.0,355.92
2022-09-26,CA,Québec,pm25,170,9.0,51.0,25.0,1341.74
2022-09-26,CA,Vancouver,pm25,157,6.0,128.0,24.0,3044.88
2022-09-26,CA,Victoria,pm25,47,9.0,65.0,34.0,1969.33
2022-09-26,CA,Montréal,pm25,450,6.0,70.0,30.0,1981.03
2022-09-26,CA,Toronto,pm25,131,5.0,50.0,13.0,731.42
2022-09-26,CA,Ottawa,pm25,65,12.0,34.0,25.0,486.57
2022-09-26,CA,London,pm25,25,5.0,17.0,13.0,133.33
2022-09-26,US,Oklahoma City,pm25,96,18.0,53.0,25.0,535.46
2022-09-26,US,Raleigh,pm25,69,5.0,53.0,30.0,1126.35
2022-09-26,US,Memphis,pm25,70,9.0,92.0,32.0,3883.1
2022-09-26,US,Jackson,pm25,68,20.0,250.0,52.0,23672.5
2022-09-26,US,Boston,pm25,125,13.0,50.0,25.0,482.39
2022-09-26,US,Richmond,pm25,96,14.0,40.0,25.0,589.95
2022-09-26,US,Portland,pm25,168,33.0,73.0,48.0,728.14
2022-09-26,US,Boise,pm25,36,10.0,59.0,29.0,1219.52
2022-09-26,US,Austin,pm25,39,5.0,50.0,21.0,1328.27
2022-09-26,US,Honolulu,pm25,32,5.0,25.0,9.0,371.61
2022-09-26,US,Fresno,pm25,48,22.0,58.0,39.0,904.68
2022-09-26,US,Milwaukee,pm25,144,8.0,25.0,19.0,157.89
2022-09-26,US,Hartford,pm25,48,16.0,38.0,23.0,203.39
2022-09-26,US,Washington D.C.,pm25,117,5.0,38.0,21.0,655.62
2022-09-26,US,Chicago,pm25,235,1.0,37.0,18.0,264.71
2022-09-26,US,Houston,pm25,96,5.0,57.0,34.0,1501.47
2022-09-26,US,Indianapolis,pm25,135,1.0,38.0,20.0,409.77
2022-09-26,US,Atlanta,pm25,24,18.0,56.0,32.0,2101.72
2022-09-26,US,Charlotte,pm25,71,5.0,57.0,35.0,2235.48
2022-09-26,US,Sacramento,pm25,71,5.0,42.0,21.0,823.21
2022-09-26,US,Oakland,pm25,116,5.0,53.0,30.0,1844.61
2022-09-26,US,Providence,pm25,49,5.0,42.0,17.0,640.94
2022-09-26,US,Staten Island,pm25,95,1.0,109.0,21.0,2211.48
2022-09-26,US,Brooklyn,pm25,144,3.0,47.0,20.0,814.12
2022-09-26,US,Springfield,pm25,60,15.0,21.0,17.0,29.64
2022-09-26,US,The Bronx,pm25,48,3.0,43.0,15.0,750.14
2022-09-26,US,San Jose,pm25,94,9.0,78.0,34.0,1357.63
2022-09-26,US,Los Angeles,pm25,48,25.0,71.0,53.0,1322.54
2022-09-26,US,Detroit,pm25,144,8.0,56.0,16.0,665.28
2022-09-26,US,Little Rock,pm25,45,3.0,29.0,17.0,386.34
2022-09-26,US,Baltimore,pm25,48,5.0,46.0,22.0,593.62
2022-09-26,US,Phoenix,pm25,185,4.0,92.0,23.0,1541.44
2022-09-26,US,Omaha,pm25,46,5.0,53.0,17.0,1504.91
2022-09-26,US,El Paso,pm25,166,9.0,87.0,30.0,2803.85
2022-09-26,US,Dallas,pm25,24,13.0,53.0,25.0,941.45
2022-09-26,US,Seattle,pm25,253,24.0,109.0,61.0,3793.6
2022-09-26,US,Manhattan,pm25,69,1.0,70.0,15.0,983.98
2022-09-26,US,Miami,pm25,94,7.0,43.0,19.0,373.6
2022-09-26,US,Jacksonville,pm25,135,12.0,402.0,39.0,10901.3
2022-09-26,US,San Antonio,pm25,92,1.0,50.0,26.0,1502.71
2022-09-26,US,Philadelphia,pm25,95,3.0,92.0,23.0,2597.34
2022-09-26,US,San Diego,pm25,24,28.0,51.0,40.0,282.59
2022-09-26,US,Columbus,pm25,48,1.0,30.0,15.0,348.68
2022-09-26,US,Saint Paul,pm25,122,5.0,24.0,14.0,140.2
2022-09-26,US,Denver,pm25,134,9.0,57.0,30.0,1158.0
2022-09-26,US,Salt Lake City,pm25,216,11.0,73.0,27.0,857.54
2022-09-26,US,Albuquerque,pm25,72,4.0,51.0,28.0,772.67
2022-09-26,US,San Francisco,pm25,67,5.0,74.0,21.0,1927.26
2022-09-26,US,Salem,pm25,72,30.0,77.0,45.0,787.51
2022-09-26,US,Madison,pm25,47,9.0,28.0,20.0,188.58
2022-09-26,US,Nashville,pm25,69,5.0,52.0,25.0,1691.75
2022-09-26,US,Tucson,pm25,159,5.0,42.0,17.0,618.93
2022-09-26,US,Queens,pm25,95,1.0,47.0,21.0,934.48
2022-09-26,US,Tallahassee,pm25,70,21.0,64.0,43.0,1213.33
2022-09-26,US,Fort Worth,pm25,47,1.0,53.0,21.0,1527.05
2022-09-26,RS,Novi Sad,pm25,48,25.0,81.0,55.0,1829.34
2022-09-26,RS,Niš,pm25,46,27.0,122.0,61.0,5350.67
2022-09-26,RS,Belgrade,pm25,168,16.0,124.0,40.0,3308.8
2022-09-26,CY,Limassol,pm25,24,26.0,66.0,42.0,1213.84
2022-09-26,HR,Zagreb,pm25,24,28.0,93.0,54.0,4102.88
2022-09-26,MK,Skopje,pm25,120,9.0,144.0,78.0,5736.22
2022-09-27,GE,Tbilisi,pm25,96,29.0,88.0,51.0,2917.61
2022-09-27,HU,Győr,pm25,46,13.0,61.0,30.0,2650.59
2022-09-27,HU,Szeged,pm25,23,21.0,70.0,46.0,2074.07
2022-09-27,HU,Pécs,pm25,57,9.0,65.0,38.0,2600.75
2022-09-27,HU,Kecskemét,pm25,48,9.0,72.0,55.0,4627.22
2022-09-27,HU,Miskolc,pm25,119,13.0,144.0,61.0,5520.78
2022-09-27,HU,Budapest,pm25,309,9.0,91.0,61.0,6259.15
2022-09-27,JP,Fukuoka,pm25,396,5.0,85.0,34.0,4061.88
2022-09-27,JP,Kanazawa,pm25,225,5.0,63.0,34.0,2133.68
2022-09-27,JP,Kumamoto,pm25,310,5.0,467.0,34.0,19834.3
2022-09-27,JP,Akita,pm25,42,9.0,63.0,30.0,1533.73
2022-09-27,JP,Kochi,pm25,48,13.0,68.0,42.0,1927.07
2022-09-27,JP,Gifu-shi,pm25,162,9.0,91.0,55.0,2309.28
2022-09-27,JP,Kyoto,pm25,528,5.0,76.0,50.0,1718.43
2022-09-27,JP,Hiroshima,pm25,304,5.0,78.0,34.0,3523.4
2022-09-27,JP,Shizuoka,pm25,258,5.0,82.0,46.0,1953.16
2022-09-27,JP,Chiba,pm25,734,5.0,134.0,30.0,2664.16
2022-09-27,JP,Sapporo,pm25,198,5.0,89.0,30.0,2405.66
2022-09-27,JP,Yokohama,pm25,544,1.0,70.0,46.0,1896.9
2022-09-27,JP,Tokyo,pm25,2466,5.0,142.0,38.0,1501.37
2022-09-27,JP,Saitama,pm25,467,5.0,78.0,42.0,1689.77
2022-09-27,JP,Naha,pm25,144,5.0,117.0,57.0,6382.03
2022-09-27,JP,Nagasaki,pm25,185,5.0,91.0,25.0,6129.65
2022-09-27,JP,Toyama,pm25,178,5.0,89.0,38.0,2826.59
2022-09-27,JP,Niigata,pm25,213,5.0,57.0,34.0,1437.62
2022-09-27,JP,Nara-shi,pm25,174,9.0,80.0,55.0,1909.99
2022-09-27,JP,Okayama,pm25,285,21.0,99.0,59.0,2573.49
2022-09-27,JP,Sendai,pm25,476,9.0,65.0,34.0,1154.59
2022-09-27,JP,Osaka,pm25,1435,5.0,163.0,50.0,2140.24
2022-09-27,JP,Miyazaki,pm25,88,9.0,165.0,55.0,7015.9
2022-09-27,JP,Matsuyama,pm25,152,5.0,95.0,34.0,4714.35
2022-09-27,JP,Wakayama,pm25,278,13.0,127.0,46.0,2862.51
2022-09-27,JP,Takamatsu,pm25,239,13.0,93.0,55.0,2712.54
2022-09-27,JP,Nagoya,pm25,762,1.0,107.0,55.0,1401.61
2022-09-27,JP,Ōita,pm25,245,5.0,74.0,34.0,3736.15
2022-09-27,JP,Kobe,pm25,421,5.0,78.0,46.0,1818.51
2022-09-27,JP,Nagano,pm25,68,9.0,70.0,42.0,3213.81
2022-09-27,JP,Utsunomiya,pm25,426,17.0,85.0,42.0,2345.41
2022-09-27,JP,Kagoshima,pm25,89,5.0,80.0,50.0,3524.56
2022-09-27,SK,Košice,pm25,96,21.0,89.0,46.0,2321.26
2022-09-27,SK,Bratislava,pm25,86,5.0,72.0,34.0,3553.32
2022-09-27,FI,Vantaa,pm25,24,7.0,22.0,15.0,160.8
2022-09-27,FI,Turku,pm25,24,11.0,25.0,18.0,115.58
2022-09-27,FI,Helsinki,pm25,120,7.0,55.0,13.0,666.59
2022-09-27,FI,Tampere,pm25,96,9.0,51.0,14.0,306.39
2022-09-27,ET,Addis Ababa,pm25,24,42.0,167.0,59.0,7821.58
2022-09-27,CH,Zürich,pm25,13,1.0,3.0,1.0,3.08
2022-09-27,CO,Bogotá,pm25,333,5.0,153.0,59.0,9004.48
2022-09-27,CO,Medellín,pm25,227,21.0,99.0,59.0,2419.53
2022-09-27,DK,Copenhagen,pm25,24,13.0,38.0,24.0,476.36
2022-09-27,GB,Edinburgh,pm25,284,2.0,53.0,13.0,752.62
2022-09-27,GB,Norwich,pm25,21,9.0,28.0,17.0,192.48
2022-09-27,GB,Liverpool,pm25,40,13.0,50.0,21.0,440.28
2022-09-27,GB,Belfast,pm25,46,13.0,48.0,30.0,495.0
2022-09-27,GB,Coventry,pm25,62,12.0,29.0,17.0,136.1
2022-09-27,GB,Leeds,pm25,42,7.0,46.0,17.0,493.41
2022-09-27,GB,Cardiff,pm25,96,5.0,68.0,34.0,1938.57
2022-09-27,GB,Bristol,pm25,71,9.0,57.0,25.0,1522.47
2022-09-27,GB,London,pm25,516,5.0,71.0,22.0,1586.26
2022-09-27,GB,Birmingham,pm25,36,13.0,29.0,18.0,103.49
2022-09-27,GB,Sheffield,pm25,87,4.0,34.0,16.0,210.7
2022-09-27,GB,Newport,pm25,46,9.0,34.0,24.0,373.55
2022-09-27,GB,Leicester,pm25,23,17.0,29.0,19.0,84.74
2022-09-27,GB,Manchester,pm25,78,14.0,55.0,24.0,1055.94
2022-09-27,GB,Reading,pm25,40,5.0,30.0,13.0,361.92
2022-09-27,GB,Plymouth,pm25,38,5.0,51.0,30.0,1557.7
2022-09-27,GB,Glasgow,pm25,565,5.0,33.0,13.0,212.66
2022-09-27,GB,Preston,pm25,45,11.0,30.0,20.0,117.46
2022-09-27,GB,Swansea,pm25,172,9.0,74.0,34.0,1630.53
2022-09-27,GB,Southend-on-Sea,pm25,41,6.0,46.0,16.0,385.12
2022-09-27,ID,Jakarta,pm25,71,46.0,152.0,85.0,6590.47
2022-09-27,ML,Bamako,pm25,16,13.0,122.0,61.0,6444.29
2022-09-27,NP,Kathmandu,pm25,48,21.0,97.0,50.0,2762.91
2022-09-27,NP,Biratnagar,pm25,24,51.0,93.0,62.0,863.48
2022-09-27,AU,Sydney,pm25,154,2.0,59.0,23.0,1299.55
2022-09-27,AU,Newcastle,pm25,135,6.0,76.0,33.0,2020.82
2022-09-27,AU,Launceston,pm25,145,5.0,151.0,13.0,6848.05
2022-09-27,AU,Hobart,pm25,53,5.0,42.0,9.0,567.54
2022-09-27,AU,Darwin,pm25,72,10.0,154.0,37.0,3735.21
2022-09-27,AU,Melbourne,pm25,139,1.0,58.0,25.0,1249.43
2022-09-27,AU,Canberra,pm25,57,2.0,67.0,27.0,2977.81
2022-09-27,AU,Adelaide,pm25,20,4.0,72.0,16.0,2916.29
2022-09-27,AU,Brisbane,pm25,214,2.0,73.0,28.0,1755.2
2022-09-27,AU,Perth,pm25,77,4.0,38.0,9.0,973.31
2022-09-27,AU,Wollongong,pm25,36,3.0,52.0,23.0,1331.14
2022-09-27,CI,Abidjan,pm25,21,5.0,55.0,30.0,2409.9
2022-09-27,GH,Accra,pm25,24,13.0,72.0,34.0,3130.85
2022-09-27,IQ,Baghdad,pm25,24,104.0,157.0,127.0,3236.23
2022-09-27,IS,Reykjavík,pm25,96,14.0,60.0,32.0,724.9
2022-09-27,KG,Bishkek,pm25,24,55.0,97.0,76.0,1426.07
2022-09-27,NL,Utrecht,pm25,48,9.0,57.0,25.0,898.83
2022-09-27,NL,Nijmegen,pm25,42,3.0,40.0,15.0,664.35
2022-09-27,NL,Haarlem,pm25,135,1.0,69.0,19.0,1859.17
2022-09-27,NL,Eindhoven,pm25,24,15.0,55.0,35.0,1431.29
2022-09-27,NL,Rotterdam,pm25,191,2.0,34.0,14.0,270.1
2022-09-27,NL,Amsterdam,pm25,219,1.0,49.0,14.0,886.27
2022-09-27,NL,Dordrecht,pm25,24,9.0,38.0,25.0,558.84
2022-09-27,NL,Breda,pm25,41,1.0,46.0,15.0,1228.56
2022-09-27,NL,Groningen,pm25,22,2.0,19.0,9.0,245.46
2022-09-27,NL,Maastricht,pm25,88,5.0,59.0,21.0,1675.74
2022-09-27,NL,The Hague,pm25,69,3.0,26.0,16.0,215.18
2022-09-27,PT,Lisbon,pm25,30,13.0,26.0,14.0,163.26
2022-09-27,PT,Funchal,pm25,63,1.0,30.0,12.0,529.31
2022-09-27,CA,Hamilton,pm25,65,5.0,70.0,13.0,5227.5
2022-09-27,CA,Calgary,pm25,92,8.0,69.0,44.0,2470.51
2022-09-27,CA,Winnipeg,pm25,22,16.0,25.0,18.0,81.82
2022-09-27,CA,Halifax,pm25,46,5.0,38.0,14.0,509.41
2022-09-27,CA,Kitchener,pm25,44,9.0,34.0,13.0,411.33
2022-09-27,CA,Edmonton,pm25,122,4.0,78.0,31.0,2740.38
2022-09-27,CA,Surrey,pm25,96,35.0,87.0,57.0,961.12
2022-09-27,CA,Mississauga,pm25,58,5.0,46.0,17.0,773.41
2022-09-27,CA,Québec,pm25,166,5.0,31.0,18.0,227.42
2022-09-27,CA,Vancouver,pm25,168,13.0,94.0,51.0,2743.95
2022-09-27,CA,Victoria,pm25,45,5.0,114.0,38.0,3884.82
2022-09-27,CA,Montréal,pm25,361,3.0,44.0,14.0,764.68
2022-09-27,CA,Toronto,pm25,120,9.0,91.0,17.0,2073.78
2022-09-27,CA,Ottawa,pm25,52,9.0,21.0,16.0,122.11
2022-09-27,CA,London,pm25,17,9.0,21.0,13.0,189.41
2022-09-27,US,Oklahoma City,pm25,96,29.0,72.0,38.0,696.14
2022-09-27,US,Raleigh,pm25,70,5.0,74.0,21.0,2073.67
2022-09-27,US,Memphis,pm25,72,12.0,150.0,39.0,6380.8
2022-09-27,US,Jackson,pm25,60,18.0,62.0,35.0,1748.75
2022-09-27,US,Boston,pm25,134,9.0,57.0,25.0,711.96
2022-09-27,US,Richmond,pm25,93,15.0,27.0,19.0,159.69
2022-09-27,US,Portland,pm25,168,13.0,70.0,45.0,1885.33
2022-09-27,US,Boise,pm25,29,1.0,48.0,24.0,1499.56
2022-09-27,US,Austin,pm25,28,5.0,65.0,21.0,1968.19
2022-09-27,US,Honolulu,pm25,37,5.0,30.0,13.0,527.97
2022-09-27,US,Fresno,pm25,48,18.0,60.0,39.0,1173.33
2022-09-27,US,Milwaukee,pm25,143,5.0,24.0,12.0,167.53
2022-09-27,US,Hartford,pm25,48,10.0,43.0,20.0,850.85
2022-09-27,US,Washington D.C.,pm25,118,5.0,34.0,17.0,299.31
2022-09-27,US,Chicago,pm25,224,1.0,52.0,14.0,455.21
2022-09-27,US,Houston,pm25,95,8.0,61.0,30.0,1821.93
2022-09-27,US,Indianapolis,pm25,140,4.0,42.0,20.0,622.32
2022-09-27,US,Atlanta,pm25,24,15.0,33.0,20.0,294.49
2022-09-27,US,Charlotte,pm25,68,5.0,42.0,21.0,803.57
2022-09-27,US,Sacramento,pm25,72,5.0,59.0,24.0,1269.17
2022-09-27,US,Oakland,pm25,118,9.0,57.0,30.0,1125.01
2022-09-27,US,Providence,pm25,65,5.0,38.0,17.0,689.99
2022-09-27,US,Staten Island,pm25,92,3.0,52.0,21.0,1100.11
2022-09-27,US,Brooklyn,pm25,144,7.0,43.0,20.0,396.15
2022-09-27,US,Springfield,pm25,47,13.0,28.0,17.0,84.63
2022-09-27,US,The Bronx,pm25,48,8.0,31.0,18.0,332.06
2022-09-27,US,San Jose,pm25,92,5.0,59.0,34.0,1583.33
2022-09-27,US,Los Angeles,pm25,48,38.0,78.0,56.0,741.77
2022-09-27,US,Detroit,pm25,144,5.0,97.0,13.0,1539.23
2022-09-27,US,Little Rock,pm25,47,2.0,112.0,22.0,5665.58
2022-09-27,US,Baltimore,pm25,47,9.0,34.0,21.0,263.16
2022-09-27,US,Phoenix,pm25,182,1.0,40.0,19.0,560.14
2022-09-27,US,Omaha,pm25,47,5.0,46.0,25.0,984.05
2022-09-27,US,El Paso,pm25,158,4.0,74.0,25.0,2412.76
2022-09-27,US,Dallas,pm25,24,21.0,74.0,46.0,2406.09
2022-09-27,US,Seattle,pm25,264,25.0,167.0,76.0,4682.83
2022-09-27,US,Manhattan,pm25,69,3.0,31.0,18.0,465.19
2022-09-27,US,Miami,pm25,94,11.0,49.0,25.0,633.06
2022-09-27,US,Jacksonville,pm25,142,9.0,67.0,39.0,729.92
2022-09-27,US,San Antonio,pm25,91,3.0,67.0,29.0,2345.51
2022-09-27,US,Philadelphia,pm25,93,7.0,135.0,21.0,6780.68
2022-09-27,US,San Diego,pm25,24,27.0,54.0,49.0,457.97
2022-09-27,US,Columbus,pm25,47,3.0,28.0,15.0,450.28
2022-09-27,US,Saint Paul,pm25,126,5.0,34.0,14.0,387.78
2022-09-27,US,Denver,pm25,140,9.0,57.0,25.0,1018.27
2022-09-27,US,Salt Lake City,pm25,214,8.0,72.0,23.0,1210.45
2022-09-27,US,Albuquerque,pm25,70,14.0,64.0,32.0,1161.53
2022-09-27,US,San Francisco,pm25,68,5.0,87.0,25.0,1998.92
2022-09-27,US,Salem,pm25,72,12.0,74.0,28.0,1904.63
2022-09-27,US,Madison,pm25,48,8.0,24.0,16.0,111.33
2022-09-27,US,Nashville,pm25,69,5.0,45.0,23.0,718.61
2022-09-27,US,Tucson,pm25,150,5.0,38.0,17.0,665.87
2022-09-27,US,Queens,pm25,96,6.0,43.0,20.0,437.47
2022-09-27,US,Tallahassee,pm25,71,19.0,52.0,31.0,750.12
2022-09-27,US,Fort Worth,pm25,47,9.0,74.0,25.0,1618.4
2022-09-27,RS,Novi Sad,pm25,48,12.0,91.0,54.0,4123.39
2022-09-27,RS,Niš,pm25,48,16.0,103.0,67.0,5796.45
2022-09-27,RS,Belgrade,pm25,168,17.0,78.0,48.0,1607.89
2022-09-27,CY,Nicosia,pm25,8,12.0,74.0,54.0,3345.54
2022-09-27,CY,Limassol,pm25,24,22.0,59.0,37.0,1526.5
2022-09-27,HR,Zagreb,pm25,24,10.0,77.0,38.0,2542.01
2022-09-27,MK,Skopje,pm25,120,9.0,97.0,62.0,5320.27
2022-09-28,GE,Tbilisi,pm25,96,48.0,101.0,61.0,2611.56
2022-09-28,HU,Győr,pm25,28,5.0,70.0,13.0,2852.49
2022-09-28,HU,Szeged,pm25,21,9.0,50.0,25.0,1761.14
2022-09-28,HU,Pécs,pm25,21,17.0,53.0,34.0,1355.14
2022-09-28,HU,Kecskemét,pm25,42,5.0,30.0,13.0,492.17
2022-09-28,HU,Miskolc,pm25,104,5.0,85.0,25.0,4062.19
2022-09-28,HU,Budapest,pm25,251,5.0,38.0,13.0,356.91
2022-09-28,JP,Fukuoka,pm25,370,5.0,63.0,21.0,984.33
2022-09-28,JP,Kanazawa,pm25,222,5.0,82.0,17.0,970.48
2022-09-28,JP,Kumamoto,pm25,313,5.0,74.0,30.0,2018.86
2022-09-28,JP,Akita,pm25,36,5.0,55.0,30.0,1292.25
2022-09-28,JP,Kochi,pm25,47,13.0,65.0,34.0,2046.36
2022-09-28,JP,Gifu-shi,pm25,153,5.0,68.0,38.0,2382.25
2022-09-28,JP,Kyoto,pm25,532,5.0,63.0,34.0,1783.0
2022-09-28,JP,Hiroshima,pm25,251,5.0,76.0,17.0,1437.83
2022-09-28,JP,Shizuoka,pm25,257,5.0,82.0,42.0,1866.13
2022-09-28,JP,Chiba,pm25,728,5.0,122.0,34.0,2309.01
2022-09-28,JP,Sapporo,pm25,211,9.0,95.0,34.0,1707.87
2022-09-28,JP,Yokohama,pm25,542,1.0,89.0,38.0,1876.96
2022-09-28,JP,Tokyo,pm25,2486,1.0,134.0,38.0,1315.39
2022-09-28,JP,Saitama,pm25,485,5.0,147.0,38.0,1442.56
2022-09-28,JP,Naha,pm25,144,9.0,85.0,38.0,3534.27
2022-09-28,JP,Nagasaki,pm25,169,5.0,57.0,17.0,855.17
2022-09-28,JP,Toyama,pm25,167,5.0,76.0,21.0,2158.29
2022-09-28,JP,Niigata,pm25,211,5.0,53.0,25.0,857.33
2022-09-28,JP,Nara-shi,pm25,187,5.0,63.0,34.0,1614.82
2022-09-28,JP,Okayama,pm25,285,5.0,59.0,25.0,1493.92
2022-09-28,JP,Sendai,pm25,458,5.0,55.0,30.0,900.32
2022-09-28,JP,Osaka,pm25,1387,5.0,93.0,30.0,1586.09
2022-09-28,JP,Miyazaki,pm25,95,5.0,124.0,57.0,3526.05
2022-09-28,JP,Matsuyama,pm25,148,5.0,70.0,34.0,2118.0
2022-09-28,JP,Wakayama,pm25,274,5.0,95.0,30.0,1925.4
2022-09-28,JP,Takamatsu,pm25,234,5.0,61.0,30.0,1527.63
2022-09-28,JP,Nagoya,pm25,741,1.0,89.0,42.0,2531.25
2022-09-28,JP,Ōita,pm25,241,5.0,55.0,30.0,1254.75
2022-09-28,JP,Kobe,pm25,399,5.0,53.0,25.0,1195.79
2022-09-28,JP,Nagano,pm25,60,5.0,50.0,17.0,1792.69
2022-09-28,JP,Utsunomiya,pm25,446,9.0,68.0,42.0,1633.33
2022-09-28,JP,Kagoshima,pm25,85,5.0,65.0,30.0,1428.33
2022-09-28,SK,Košice,pm25,82,5.0,85.0,38.0,3364.14
2022-09-28,SK,Bratislava,pm25,66,5.0,46.0,13.0,967.46
2022-09-28,FI,Vantaa,pm25,24,8.0,28.0,18.0,297.32
2022-09-28,FI,Turku,pm25,24,8.0,23.0,13.0,181.67
2022-09-28,FI,Helsinki,pm25,120,7.0,46.0,17.0,743.09
2022-09-28,FI,Tampere,pm25,96,4.0,27.0,11.0,295.7
2022-09-28,ET,Addis Ababa,pm25,24,42.0,127.0,65.0,3540.8
2022-09-28,CH,Zürich,pm25,18,1.0,2.0,1.0,1.83
2022-09-28,CO,Bogotá,pm25,334,5.0,186.0,74.0,8833.19
2022-09-28,CO,Medellín,pm25,229,38.0,93.0,59.0,1349.69
2022-09-28,DK,Copenhagen,pm25,24,11.0,34.0,24.0,389.57
2022-09-28,GB,Edinburgh,pm25,278,3.0,59.0,7.0,865.64
2022-09-28,GB,Norwich,pm25,18,12.0,41.0,17.0,785.36
2022-09-28,GB,Liverpool,pm25,33,13.0,30.0,17.0,104.6
2022-09-28,GB,Belfast,pm25,60,8.0,30.0,15.0,322.07
2022-09-28,GB,Coventry,pm25,45,12.0,29.0,17.0,153.16
2022-09-28,GB,Leeds,pm25,24,13.0,21.0,17.0,97.39
2022-09-28,GB,Cardiff,pm25,83,5.0,53.0,25.0,1640.39
2022-09-28,GB,Bristol,pm25,59,9.0,42.0,21.0,580.29
2022-09-28,GB,London,pm25,522,3.0,82.0,25.0,2308.5
2022-09-28,GB,Birmingham,pm25,27,11.0,20.0,16.0,50.26
2022-09-28,GB,Sheffield,pm25,60,6.0,21.0,13.0,115.69
2022-09-28,GB,Newport,pm25,45,5.0,21.0,10.0,248.36
2022-09-28,GB,Leicester,pm25,17,10.0,56.0,29.0,1543.09
2022-09-28,GB,Manchester,pm25,75,8.0,60.0,27.0,2158.73
2022-09-28,GB,Reading,pm25,46,5.0,53.0,13.0,1002.63
2022-09-28,GB,Plymouth,pm25,27,5.0,25.0,17.0,391.91
2022-09-28,GB,Glasgow,pm25,558,3.0,32.0,8.0,211.27
2022-09-28,GB,Preston,pm25,32,5.0,39.0,13.0,501.04
2022-09-28,GB,Swansea,pm25,150,5.0,42.0,17.0,760.64
2022-09-28,GB,Southend-on-Sea,pm25,42,10.0,40.0,21.0,418.24
2022-09-28,ID,Jakarta,pm25,71,59.0,162.0,119.0,9164.71
2022-09-28,ML,Bamako,pm25,24,42.0,164.0,78.0,8706.94
2022-09-28,NP,Kathmandu,pm25,48,25.0,99.0,61.0,3099.25
2022-09-28,NP,Biratnagar,pm25,24,48.0,93.0,62.0,1141.67
2022-09-28,AU,Sydney,pm25,142,2.0,109.0,16.0,1594.78
2022-09-28,AU,Newcastle,pm25,88,1.0,65.0,20.0,1763.4
2022-09-28,AU,Launceston,pm25,144,5.0,161.0,13.0,7646.11
2022-09-28,AU,Hobart,pm25,71,5.0,63.0,17.0,913.39
2022-09-28,AU,Darwin,pm25,71,6.0,58.0,31.0,2057.42
2022-09-28,AU,Melbourne,pm25,141,3.0,56.0,20.0,1101.07
2022-09-28,AU,Canberra,pm25,61,1.0,58.0,18.0,1934.21
2022-09-28,AU,Adelaide,pm25,24,2.0,25.0,13.0,299.35
2022-09-28,AU,Brisbane,pm25,216,5.0,62.0,25.0,1919.97
2022-09-28,AU,Perth,pm25,92,2.0,40.0,11.0,950.63
2022-09-28,AU,Wollongong,pm25,40,1.0,29.0,11.0,556.66
2022-09-28,CI,Abidjan,pm25,22,5.0,61.0,25.0,2258.55
2022-09-28,GH,Accra,pm25,24,13.0,63.0,25.0,1536.94
2022-09-28,IQ,Baghdad,pm25,24,82.0,155.0,107.0,3244.06
2022-09-28,IS,Reykjavík,pm25,96,3.0,56.0,19.0,1350.31
2022-09-28,KG,Bishkek,pm25,24,46.0,112.0,65.0,2184.62
2022-09-28,NL,Utrecht,pm25,48,3.0,45.0,18.0,1086.13
2022-09-28,NL,Nijmegen,pm25,48,4.0,51.0,22.0,1519.84
2022-09-28,NL,Haarlem,pm25,108,1.0,42.0,11.0,864.2
2022-09-28,NL,Eindhoven,pm25,24,11.0,68.0,40.0,2931.29
2022-09-28,NL,Rotterdam,pm25,191,3.0,52.0,11.0,542.02
2022-09-28,NL,Amsterdam,pm25,227,1.0,47.0,12.0,652.88
2022-09-28,NL,Dordrecht,pm25,13,9.0,50.0,30.0,1549.36
2022-09-28,NL,Breda,pm25,43,3.0,57.0,13.0,1782.08
2022-09-28,NL,Groningen,pm25,27,9.0,57.0,19.0,1350.88
2022-09-28,NL,Maastricht,pm25,92,5.0,68.0,21.0,1856.23
2022-09-28,NL,The Hague,pm25,67,1.0,43.0,10.0,549.83
2022-09-28,PT,Lisbon,pm25,29,12.0,36.0,14.0,364.65
2022-09-28,PT,Funchal,pm25,70,1.0,30.0,13.0,667.62
2022-09-28,CA,Hamilton,pm25,53,5.0,46.0,13.0,1298.21
2022-09-28,CA,Calgary,pm25,92,30.0,167.0,51.0,3947.11
2022-09-28,CA,Winnipeg,pm25,24,24.0,30.0,27.0,29.55
2022-09-28,CA,Halifax,pm25,46,8.0,30.0,17.0,318.07
2022-09-28,CA,Kitchener,pm25,38,5.0,25.0,13.0,234.99
2022-09-28,CA,Edmonton,pm25,138,12.0,120.0,53.0,2816.5
2022-09-28,CA,Surrey,pm25,96,12.0,78.0,22.0,2705.75
2022-09-28,CA,Mississauga,pm25,58,5.0,34.0,9.0,376.09
2022-09-28,CA,Québec,pm25,175,5.0,44.0,20.0,623.77
2022-09-28,CA,Vancouver,pm25,168,5.0,69.0,23.0,2762.01
2022-09-28,CA,Victoria,pm25,35,5.0,112.0,13.0,4290.17
2022-09-28,CA,Montréal,pm25,371,3.0,62.0,18.0,792.6
2022-09-28,CA,Toronto,pm25,124,5.0,55.0,17.0,926.76
2022-09-28,CA,Ottawa,pm25,53,9.0,22.0,14.0,154.91
2022-09-28,CA,London,pm25,27,5.0,57.0,25.0,2510.46
2022-09-28,US,Oklahoma City,pm25,96,34.0,60.0,44.0,368.08
2022-09-28,US,Raleigh,pm25,66,5.0,42.0,18.0,568.89
2022-09-28,US,Memphis,pm25,72,15.0,75.0,23.0,1683.65
2022-09-28,US,Jackson,pm25,72,15.0,46.0,24.0,609.7
2022-09-28,US,Boston,pm25,116,5.0,78.0,17.0,1118.72
2022-09-28,US,Richmond,pm25,96,10.0,27.0,16.0,187.75
2022-09-28,US,Portland,pm25,168,9.0,34.0,17.0,200.24
2022-09-28,US,Boise,pm25,42,2.0,61.0,20.0,1538.19
2022-09-28,US,Austin,pm25,22,5.0,61.0,25.0,2376.8
2022-09-28,US,Honolulu,pm25,34,5.0,30.0,9.0,285.07
2022-09-28,US,Fresno,pm25,48,1.0,59.0,33.0,2388.44
2022-09-28,US,Milwaukee,pm25,142,5.0,38.0,13.0,284.61
2022-09-28,US,Hartford,pm25,47,6.0,29.0,13.0,407.8
2022-09-28,US,Washington D.C.,pm25,115,5.0,34.0,16.0,381.43
2022-09-28,US,Chicago,pm25,202,3.0,30.0,11.0,273.78
2022-09-28,US,Houston,pm25,94,3.0,70.0,38.0,2124.43
2022-09-28,US,Indianapolis,pm25,139,2.0,52.0,17.0,952.4
2022-09-28,US,Atlanta,pm25,24,15.0,24.0,18.0,86.79
2022-09-28,US,Charlotte,pm25,64,5.0,59.0,17.0,706.19
2022-09-28,US,Sacramento,pm25,66,3.0,42.0,17.0,1094.77
2022-09-28,US,Oakland,pm25,106,5.0,42.0,17.0,809.16
2022-09-28,US,Providence,pm25,56,5.0,34.0,21.0,701.37
2022-09-28,US,Staten Island,pm25,89,1.0,45.0,15.0,948.46
2022-09-28,US,Brooklyn,pm25,141,2.0,31.0,15.0,401.19
2022-09-28,US,Springfield,pm25,47,6.0,99.0,15.0,2688.1
2022-09-28,US,The Bronx,pm25,47,4.0,17.0,10.0,149.61
2022-09-28,US,San Jose,pm25,84,5.0,46.0,21.0,1210.51
2022-09-28,US,Los Angeles,pm25,48,27.0,93.0,54.0,1961.8
2022-09-28,US,Detroit,pm25,152,7.0,51.0,15.0,582.62
2022-09-28,US,Little Rock,pm25,47,10.0,89.0,49.0,3537.0
2022-09-28,US,Baltimore,pm25,48,13.0,41.0,19.0,442.11
2022-09-28,US,Phoenix,pm25,189,1.0,55.0,20.0,1252.72
2022-09-28,US,Omaha,pm25,46,5.0,42.0,17.0,780.33
2022-09-28,US,El Paso,pm25,163,1.0,62.0,25.0,1723.23
2022-09-28,US,Dallas,pm25,24,25.0,57.0,34.0,1057.66
2022-09-28,US,Seattle,pm25,257,9.0,65.0,34.0,1182.83
2022-09-28,US,Manhattan,pm25,65,1.0,25.0,13.0,373.77
2022-09-28,US,Miami,pm25,94,26.0,49.0,35.0,310.67
2022-09-28,US,Jacksonville,pm25,140,18.0,60.0,38.0,495.65
2022-09-28,US,San Antonio,pm25,93,7.0,67.0,32.0,2877.88
2022-09-28,US,Philadelphia,pm25,91,2.0,68.0,17.0,1966.27
2022-09-28,US,San Diego,pm25,24,39.0,58.0,52.0,233.84
2022-09-28,US,Columbus,pm25,45,1.0,34.0,12.0,285.68
2022-09-28,US,Saint Paul,pm25,134,5.0,75.0,19.0,1210.17
2022-09-28,US,Denver,pm25,149,9.0,59.0,21.0,1413.96
2022-09-28,US,Salt Lake City,pm25,216,9.0,67.0,22.0,932.22
2022-09-28,US,Albuquerque,pm25,72,17.0,61.0,26.0,373.8
2022-09-28,US,San Francisco,pm25,57,5.0,42.0,17.0,909.21
2022-09-28,US,Salem,pm25,72,11.0,30.0,18.0,258.43
2022-09-28,US,Madison,pm25,48,5.0,25.0,10.0,292.09
2022-09-28,US,Nashville,pm25,70,5.0,38.0,18.0,560.95
2022-09-28,US,Tucson,pm25,160,5.0,46.0,21.0,805.37
2022-09-28,US,Queens,pm25,95,2.0,46.0,15.0,523.29
2022-09-28,US,Tallahassee,pm25,67,14.0,52.0,25.0,505.07
2022-09-28,US,Fort Worth,pm25,47,6.0,57.0,30.0,1263.42
2022-09-28,RS,Novi Sad,pm25,48,7.0,73.0,24.0,3035.53
2022-09-28,RS,Niš,pm25,48,17.0,114.0,49.0,4815.32
2022-09-28,RS,Belgrade,pm25,168,12.0,89.0,37.0,4154.1
2022-09-28,CY,Nicosia,pm25,18,5.0,67.0,32.0,2417.12
2022-09-28,CY,Limassol,pm25,24,28.0,59.0,45.0,663.32
2022-09-28,HR,Zagreb,pm25,23,10.0,93.0,20.0,8139.64
2022-09-28,MK,Skopje,pm25,110,4.0,90.0,51.0,4436.37
2022-09-29,GE,Tbilisi,pm25,96,40.0,92.0,53.0,1356.07
2022-09-29,HU,Győr,pm25,42,13.0,74.0,25.0,3685.44
2022-09-29,HU,Szeged,pm25,24,5.0,61.0,34.0,2713.62
2022-09-29,HU,Pécs,pm25,45,17.0,68.0,46.0,3782.55
2022-09-29,HU,Kecskemét,pm25,44,9.0,59.0,34.0,1835.86
2022-09-29,HU,Miskolc,pm25,120,9.0,124.0,50.0,6345.18
2022-09-29,HU,Budapest,pm25,264,5.0,74.0,25.0,2542.5
2022-09-29,JP,Fukuoka,pm25,374,5.0,70.0,21.0,1042.72
2022-09-29,JP,Kanazawa,pm25,219,5.0,53.0,21.0,871.12
2022-09-29,JP,Kumamoto,pm25,321,5.0,102.0,30.0,2367.49
2022-09-29,JP,Akita,pm25,40,5.0,70.0,38.0,2767.89
2022-09-29,JP,Kochi,pm25,48,13.0,68.0,42.0,1374.78
2022-09-29,JP,Gifu-shi,pm25,155,5.0,72.0,30.0,2515.36
2022-09-29,JP,Kyoto,pm25,527,5.0,57.0,30.0,1275.13
2022-09-29,JP,Hiroshima,pm25,289,5.0,78.0,21.0,1816.47
2022-09-29,JP,Shizuoka,pm25,257,5.0,85.0,50.0,1280.61
2022-09-29,JP,Chiba,pm25,750,5.0,112.0,46.0,2052.92
2022-09-29,JP,Sapporo,pm25,209,9.0,112.0,46.0,1601.71
2022-09-29,JP,Yokohama,pm25,543,1.0,74.0,46.0,1571.48
2022-09-29,JP,Tokyo,pm25,2510,5.0,153.0,46.0,1283.22
2022-09-29,JP,Saitama,pm25,494,9.0,74.0,46.0,1414.13
2022-09-29,JP,Naha,pm25,144,21.0,68.0,50.0,1679.42
2022-09-29,JP,Nagasaki,pm25,177,5.0,46.0,21.0,685.33
2022-09-29,JP,Toyama,pm25,165,5.0,72.0,25.0,1966.25
2022-09-29,JP,Niigata,pm25,207,5.0,68.0,25.0,770.05
2022-09-29,JP,Nara-shi,pm25,185,5.0,61.0,25.0,1169.56
2022-09-29,JP,Okayama,pm25,281,5.0,78.0,25.0,1674.97
2022-09-29,JP,Sendai,pm25,456,5.0,59.0,25.0,1049.23
2022-09-29,JP,Osaka,pm25,1387,5.0,124.0,21.0,1266.04
2022-09-29,JP,Miyazaki,pm25,91,21.0,186.0,61.0,4917.82
2022-09-29,JP,Matsuyama,pm25,151,5.0,70.0,38.0,1782.82
2022-09-29,JP,Wakayama,pm25,280,9.0,57.0,25.0,1082.25
2022-09-29,JP,Takamatsu,pm25,224,5.0,55.0,21.0,1182.77
2022-09-29,JP,Nagoya,pm25,752,5.0,82.0,34.0,2238.93
2022-09-29,JP,Ōita,pm25,251,5.0,74.0,34.0,1656.9
2022-09-29,JP,Kobe,pm25,414,5.0,61.0,21.0,867.97
2022-09-29,JP,Nagano,pm25,56,5.0,70.0,25.0,3390.1
2022-09-29,JP,Utsunomiya,pm25,451,5.0,91.0,46.0,3587.18
2022-09-29,JP,Kagoshima,pm25,87,5.0,70.0,34.0,1511.36
2022-09-29,SK,Košice,pm25,89,9.0,80.0,34.0,1908.84
2022-09-29,SK,Bratislava,pm25,69,5.0,57.0,17.0,1664.92
2022-09-29,FI,Vantaa,pm25,24,5.0,19.0,8.0,167.83
2022-09-29,FI,Turku,pm25,24,6.0,14.0,8.0,59.06
2022-09-29,FI,Helsinki,pm25,120,2.0,67.0,11.0,526.13
2022-09-29,FI,Tampere,pm25,96,3.0,19.0,7.0,113.65
2022-09-29,ET,Addis Ababa,pm25,24,61.0,163.0,93.0,9187.37
2022-09-29,CH,Zürich,pm25,21,1.0,4.0,2.0,8.9
2022-09-29,CO,Bogotá,pm25,327,9.0,171.0,78.0,8196.98
2022-09-29,CO,Medellín,pm25,218,30.0,104.0,55.0,2715.14
2022-09-29,DK,Copenhagen,pm25,24,12.0,47.0,25.0,724.06
2022-09-29,GB,Edinburgh,pm25,281,14.0,80.0,27.0,1212.88
2022-09-29,GB,Norwich,pm25,17,21.0,57.0,33.0,1086.54
2022-09-29,GB,Liverpool,pm25,42,9.0,57.0,17.0,1827.78
2022-09-29,GB,Belfast,pm25,41,6.0,53.0,17.0,1424.24
2022-09-29,GB,Coventry,pm25,67,10.0,32.0,17.0,331.62
2022-09-29,GB,Leeds,pm25,38,9.0,68.0,25.0,2656.31
2022-09-29,GB,Cardiff,pm25,94,5.0,59.0,21.0,2053.17
2022-09-29,GB,Bristol,pm25,71,9.0,99.0,30.0,3790.52
2022-09-29,GB,London,pm25,545,3.0,109.0,38.0,2767.56
2022-09-29,GB,Birmingham,pm25,47,9.0,62.0,21.0,1194.12
2022-09-29,GB,Sheffield,pm25,92,3.0,73.0,15.0,2231.53
2022-09-29,GB,Newport,pm25,44,5.0,34.0,13.0,484.12
2022-09-29,GB,Leicester,pm25,19,12.0,48.0,25.0,989.83
2022-09-29,GB,Manchester,pm25,82,8.0,66.0,21.0,3357.99
2022-09-29,GB,Reading,pm25,46,5.0,59.0,13.0,3065.28
2022-09-29,GB,Plymouth,pm25,30,5.0,34.0,13.0,436.51
2022-09-29,GB,Glasgow,pm25,544,3.0,76.0,28.0,1899.57
2022-09-29,GB,Preston,pm25,45,6.0,59.0,14.0,1793.0
2022-09-29,GB,Swansea,pm25,152,5.0,78.0,21.0,1911.06
2022-09-29,GB,Southend-on-Sea,pm25,44,16.0,54.0,25.0,807.04
2022-09-29,ID,Jakarta,pm25,71,65.0,156.0,109.0,4351.03
2022-09-29,ML,Bamako,pm25,24,25.0,182.0,61.0,15262.3
2022-09-29,NP,Kathmandu,pm25,48,34.0,97.0,61.0,2155.16
2022-09-29,NP,Biratnagar,pm25,24,38.0,85.0,54.0,1310.65
2022-09-29,AU,Sydney,pm25,121,1.0,166.0,12.0,3584.13
2022-09-29,AU,Newcastle,pm25,129,1.0,48.0,15.0,1171.21
2022-09-29,AU,Launceston,pm25,105,5.0,34.0,9.0,212.25
2022-09-29,AU,Hobart,pm25,57,5.0,50.0,9.0,963.57
2022-09-29,AU,Darwin,pm25,62,1.0,51.0,20.0,1576.34
2022-09-29,AU,Melbourne,pm25,137,2.0,49.0,20.0,875.41
2022-09-29,AU,Canberra,pm25,55,1.0,65.0,13.0,2212.21
2022-09-29,AU,Adelaide,pm25,41,1.0,38.0,13.0,747.55
2022-09-29,AU,Brisbane,pm25,206,1.0,58.0,12.0,1345.24
2022-09-29,AU,Perth,pm25,91,2.0,132.0,11.0,4065.82
2022-09-29,AU,Wollongong,pm25,34,1.0,74.0,10.0,1913.48
2022-09-29,CI,Abidjan,pm25,21,5.0,61.0,25.0,3754.48
2022-09-29,GH,Accra,pm25,24,21.0,70.0,38.0,1955.2
2022-09-29,IQ,Baghdad,pm25,24,85.0,206.0,134.0,7729.49
2022-09-29,IS,Reykjavík,pm25,96,1.0,30.0,14.0,520.32
2022-09-29,KG,Bishkek,pm25,24,55.0,104.0,65.0,1671.72
2022-09-29,NL,Utrecht,pm25,48,11.0,72.0,43.0,2537.97
2022-09-29,NL,Nijmegen,pm25,48,5.0,86.0,42.0,2678.71
2022-09-29,NL,Haarlem,pm25,131,1.0,78.0,26.0,3115.82
2022-09-29,NL,Eindhoven,pm25,24,15.0,67.0,53.0,1906.88
2022-09-29,NL,Rotterdam,pm25,187,3.0,64.0,26.0,2280.09
2022-09-29,NL,Amsterdam,pm25,261,1.0,76.0,28.0,2770.93
2022-09-29,NL,Dordrecht,pm25,24,9.0,61.0,38.0,2663.03
2022-09-29,NL,Breda,pm25,48,4.0,68.0,42.0,2870.85
2022-09-29,NL,Groningen,pm25,44,1.0,71.0,21.0,2670.04
2022-09-29,NL,Maastricht,pm25,95,5.0,109.0,34.0,5203.15
2022-09-29,NL,The Hague,pm25,70,3.0,69.0,18.0,2466.13
2022-09-29,PT,Lisbon,pm25,45,11.0,37.0,19.0,357.68
2022-09-29,PT,Funchal,pm25,55,1.0,33.0,16.0,1083.59
2022-09-29,CA,Hamilton,pm25,78,5.0,59.0,17.0,1447.36
2022-09-29,CA,Calgary,pm25,92,29.0,151.0,57.0,4824.38
2022-09-29,CA,Winnipeg,pm25,24,22.0,57.0,30.0,1643.03
2022-09-29,CA,Halifax,pm25,46,15.0,28.0,20.0,120.43
2022-09-29,CA,Kitchener,pm25,38,5.0,119.0,13.0,5362.8
2022-09-29,CA,Edmonton,pm25,137,20.0,87.0,60.0,2139.38
2022-09-29,CA,Surrey,pm25,96,8.0,46.0,23.0,630.0
2022-09-29,CA,Mississauga,pm25,68,5.0,82.0,17.0,1696.42
2022-09-29,CA,Québec,pm25,147,7.0,25.0,14.0,147.94
2022-09-29,CA,Vancouver,pm25,167,5.0,70.0,23.0,1381.07
2022-09-29,CA,Victoria,pm25,31,5.0,109.0,25.0,3551.78
2022-09-29,CA,Montréal,pm25,388,3.0,52.0,18.0,1202.14
2022-09-29,CA,Toronto,pm25,117,5.0,112.0,21.0,4532.48
2022-09-29,CA,Ottawa,pm25,43,5.0,25.0,12.0,239.67
2022-09-29,CA,London,pm25,25,5.0,89.0,17.0,3584.93
2022-09-29,US,Oklahoma City,pm25,96,33.0,89.0,53.0,1220.75
2022-09-29,US,Raleigh,pm25,63,5.0,55.0,17.0,555.15
2022-09-29,US,Memphis,pm25,71,10.0,29.0,19.0,145.49
2022-09-29,US,Jackson,pm25,72,8.0,48.0,19.0,659.0
2022-09-29,US,Boston,pm25,106,5.0,68.0,21.0,824.7
2022-09-29,US,Richmond,pm25,96,14.0,25.0,17.0,50.05
2022-09-29,US,Portland,pm25,157,9.0,32.0,15.0,193.65
2022-09-29,US,Boise,pm25,44,1.0,56.0,25.0,1986.74
2022-09-29,US,Austin,pm25,23,9.0,91.0,30.0,4032.92
2022-09-29,US,Honolulu,pm25,33,5.0,34.0,13.0,436.89
2022-09-29,US,Fresno,pm25,47,5.0,46.0,20.0,1120.97
2022-09-29,US,Milwaukee,pm25,144,14.0,87.0,25.0,1420.42
2022-09-29,US,Hartford,pm25,48,11.0,22.0,15.0,69.46
2022-09-29,US,Washington D.C.,pm25,110,5.0,25.0,16.0,269.83
2022-09-29,US,Chicago,pm25,210,4.0,60.0,22.0,1106.04
2022-09-29,US,Houston,pm25,96,13.0,62.0,38.0,1462.84
2022-09-29,US,Indianapolis,pm25,144,5.0,82.0,22.0,1437.61
2022-09-29,US,Atlanta,pm25,24,13.0,27.0,18.0,142.45
2022-09-29,US,Charlotte,pm25,70,5.0,34.0,18.0,403.81
2022-09-29,US,Sacramento,pm25,55,2.0,48.0,17.0,1221.11
2022-09-29,US,Oakland,pm25,111,5.0,65.0,30.0,1824.69
2022-09-29,US,Providence,pm25,51,5.0,42.0,17.0,768.12
2022-09-29,US,Staten Island,pm25,81,5.0,163.0,13.0,4786.26
2022-09-29,US,Brooklyn,pm25,134,1.0,28.0,13.0,494.4
2022-09-29,US,Springfield,pm25,47,11.0,53.0,16.0,566.44
2022-09-29,US,The Bronx,pm25,43,1.0,13.0,7.0,139.8
2022-09-29,US,San Jose,pm25,83,5.0,76.0,21.0,2356.61
2022-09-29,US,Los Angeles,pm25,48,30.0,89.0,47.0,2439.29
2022-09-29,US,Detroit,pm25,168,11.0,69.0,23.0,1209.19
2022-09-29,US,Little Rock,pm25,44,2.0,101.0,33.0,6420.74
2022-09-29,US,Baltimore,pm25,48,9.0,30.0,17.0,190.42
2022-09-29,US,Phoenix,pm25,191,1.0,59.0,20.0,870.05
2022-09-29,US,Omaha,pm25,42,9.0,50.0,21.0,794.7
2022-09-29,US,El Paso,pm25,161,3.0,88.0,25.0,2900.05
2022-09-29,US,Dallas,pm25,24,34.0,63.0,53.0,778.1
2022-09-29,US,Seattle,pm25,260,9.0,59.0,30.0,1082.79
2022-09-29,US,Manhattan,pm25,61,1.0,33.0,13.0,483.09
2022-09-29,US,Miami,pm25,94,19.0,38.0,25.0,88.81
2022-09-29,US,Jacksonville,pm25,104,15.0,45.0,30.0,388.45
2022-09-29,US,San Antonio,pm25,91,15.0,76.0,38.0,2256.71
2022-09-29,US,Philadelphia,pm25,85,2.0,51.0,17.0,537.67
2022-09-29,US,San Diego,pm25,24,48.0,67.0,56.0,164.62
2022-09-29,US,Columbus,pm25,48,1.0,25.0,16.0,271.76
2022-09-29,US,Saint Paul,pm25,138,5.0,57.0,21.0,667.37
2022-09-29,US,Denver,pm25,144,5.0,157.0,17.0,1735.31
2022-09-29,US,Salt Lake City,pm25,216,5.0,47.0,21.0,572.23
2022-09-29,US,Albuquerque,pm25,72,12.0,62.0,21.0,1236.96
2022-09-29,US,San Francisco,pm25,71,5.0,74.0,30.0,2471.14
2022-09-29,US,Salem,pm25,72,7.0,24.0,11.0,126.94
2022-09-29,US,Madison,pm25,48,11.0,61.0,20.0,1475.25
2022-09-29,US,Nashville,pm25,65,5.0,30.0,16.0,265.49
2022-09-29,US,Tucson,pm25,145,5.0,46.0,21.0,820.28
2022-09-29,US,Queens,pm25,78,1.0,27.0,14.0,308.1
2022-09-29,US,Tallahassee,pm25,71,13.0,46.0,23.0,405.05
2022-09-29,US,Fort Worth,pm25,48,20.0,76.0,50.0,2013.88
2022-09-29,RS,Novi Sad,pm25,48,14.0,68.0,30.0,2885.51
2022-09-29,RS,Niš,pm25,48,25.0,138.0,61.0,6972.91
2022-09-29,RS,Belgrade,pm25,167,14.0,73.0,31.0,1542.07
2022-09-29,CY,Nicosia,pm25,24,16.0,58.0,44.0,1457.66
2022-09-29,CY,Limassol,pm25,24,21.0,85.0,52.0,3629.49
2022-09-29,HR,Zagreb,pm25,24,13.0,65.0,48.0,3742.83
2022-09-29,MK,Skopje,pm25,119,1.0,97.0,56.0,4709.59
2022-09-30,GE,Tbilisi,pm25,96,40.0,73.0,52.0,335.22
2022-09-30,HU,Győr,pm25,48,17.0,74.0,50.0,3353.6
2022-09-30,HU,Szeged,pm25,24,9.0,55.0,21.0,1683.7
2022-09-30,HU,Pécs,pm25,12,13.0,21.0,17.0,120.0
2022-09-30,HU,Kecskemét,pm25,38,9.0,63.0,46.0,4318.98
2022-09-30,HU,Miskolc,pm25,118,5.0,112.0,50.0,6166.66
2022-09-30,HU,Budapest,pm25,278,5.0,70.0,42.0,2563.51
2022-09-30,JP,Fukuoka,pm25,381,5.0,109.0,30.0,2067.62
2022-09-30,JP,Kanazawa,pm25,222,5.0,53.0,25.0,953.63
2022-09-30,JP,Kumamoto,pm25,342,5.0,132.0,55.0,3509.18
2022-09-30,JP,Akita,pm25,39,9.0,104.0,42.0,4366.6
2022-09-30,JP,Kochi,pm25,48,13.0,59.0,34.0,1445.46
2022-09-30,JP,Gifu-shi,pm25,173,5.0,95.0,53.0,3145.35
2022-09-30,JP,Kyoto,pm25,543,9.0,85.0,53.0,2599.39
2022-09-30,JP,Hiroshima,pm25,306,5.0,82.0,34.0,3415.89
2022-09-30,JP,Shizuoka,pm25,255,9.0,80.0,42.0,1810.51
2022-09-30,JP,Chiba,pm25,740,5.0,124.0,42.0,2474.34
2022-09-30,JP,Sapporo,pm25,214,17.0,117.0,55.0,1635.37
2022-09-30,JP,Yokohama,pm25,548,1.0,151.0,50.0,2117.99
2022-09-30,JP,Tokyo,pm25,2507,1.0,134.0,50.0,1618.65
2022-09-30,JP,Saitama,pm25,491,5.0,87.0,53.0,1331.1
2022-09-30,JP,Naha,pm25,144,17.0,46.0,25.0,681.8
2022-09-30,JP,Nagasaki,pm25,183,5.0,55.0,30.0,1696.68
2022-09-30,JP,Toyama,pm25,185,5.0,87.0,38.0,2055.03
2022-09-30,JP,Niigata,pm25,207,13.0,57.0,34.0,828.8
2022-09-30,JP,Nara-shi,pm25,190,13.0,82.0,46.0,1676.98
2022-09-30,JP,Okayama,pm25,286,9.0,68.0,38.0,1295.92
2022-09-30,JP,Sendai,pm25,469,9.0,68.0,46.0,1987.67
2022-09-30,JP,Osaka,pm25,1424,5.0,107.0,42.0,2664.03
2022-09-30,JP,Miyazaki,pm25,92,13.0,151.0,63.0,3612.31
2022-09-30,JP,Matsuyama,pm25,136,5.0,80.0,38.0,2740.24
2022-09-30,JP,Wakayama,pm25,286,13.0,87.0,46.0,2333.46
2022-09-30,JP,Takamatsu,pm25,237,5.0,68.0,30.0,1543.3
2022-09-30,JP,Nagoya,pm25,768,13.0,104.0,50.0,1573.83
2022-09-30,JP,Ōita,pm25,259,5.0,74.0,46.0,2586.14
2022-09-30,JP,Kobe,pm25,414,5.0,78.0,38.0,2361.4
2022-09-30,JP,Nagano,pm25,66,5.0,65.0,30.0,3235.97
2022-09-30,JP,Utsunomiya,pm25,455,13.0,76.0,50.0,951.55
2022-09-30,JP,Kagoshima,pm25,94,13.0,142.0,59.0,3702.08
2022-09-30,SK,Košice,pm25,95,5.0,65.0,34.0,1496.8
2022-09-30,SK,Bratislava,pm25,91,5.0,57.0,34.0,1691.69
2022-09-30,FI,Vantaa,pm25,24,11.0,27.0,18.0,250.44
2022-09-30,FI,Turku,pm25,24,7.0,48.0,11.0,1307.66
2022-09-30,FI,Helsinki,pm25,120,7.0,28.0,15.0,142.98
2022-09-30,FI,Tampere,pm25,96,3.0,23.0,9.0,188.83
2022-09-30,ET,Addis Ababa,pm25,22,59.0,155.0,91.0,11600.5
2022-09-30,CH,Zürich,pm25,24,1.0,4.0,2.0,6.01
2022-09-30,CO,Bogotá,pm25,330,5.0,157.0,68.0,8138.34
2022-09-30,CO,Medellín,pm25,306,38.0,114.0,72.0,2860.78
2022-09-30,DK,Copenhagen,pm25,24,19.0,42.0,26.0,302.01
2022-09-30,GB,Edinburgh,pm25,285,2.0,169.0,21.0,2229.52
2022-09-30,GB,Norwich,pm25,21,5.0,50.0,25.0,786.48
2022-09-30,GB,Liverpool,pm25,33,30.0,59.0,34.0,656.1
2022-09-30,GB,Belfast,pm25,51,7.0,52.0,21.0,686.2
2022-09-30,GB,Coventry,pm25,60,13.0,39.0,27.0,316.55
2022-09-30,GB,Leeds,pm25,40,25.0,68.0,50.0,693.28
2022-09-30,GB,Cardiff,pm25,93,5.0,61.0,30.0,1379.62
2022-09-30,GB,Bristol,pm25,67,5.0,99.0,38.0,3312.27
2022-09-30,GB,London,pm25,554,3.0,129.0,38.0,4431.01
2022-09-30,GB,Birmingham,pm25,38,17.0,60.0,38.0,1013.75
2022-09-30,GB,Sheffield,pm25,82,17.0,68.0,34.0,798.34
2022-09-30,GB,Newport,pm25,47,9.0,42.0,21.0,660.05
2022-09-30,GB,Leicester,pm25,18,20.0,53.0,33.0,833.89
2022-09-30,GB,Manchester,pm25,79,10.0,67.0,42.0,1588.39
2022-09-30,GB,Reading,pm25,41,5.0,53.0,30.0,2447.02
2022-09-30,GB,Plymouth,pm25,43,5.0,41.0,17.0,784.29
2022-09-30,GB,Glasgow,pm25,548,2.0,62.0,21.0,983.58
2022-09-30,GB,Preston,pm25,40,7.0,51.0,34.0,895.15
2022-09-30,GB,Swansea,pm25,164,5.0,82.0,30.0,3597.01
2022-09-30,GB,Southend-on-Sea,pm25,41,3.0,60.0,33.0,2554.89
2022-09-30,ID,Jakarta,pm25,71,55.0,171.0,109.0,11309.7
2022-09-30,ML,Bamako,pm25,24,34.0,129.0,65.0,5706.36
2022-09-30,NP,Kathmandu,pm25,47,46.0,107.0,70.0,1849.77
2022-09-30,NP,Biratnagar,pm25,24,42.0,235.0,64.0,13268.6
2022-09-30,AU,Sydney,pm25,152,1.0,91.0,16.0,2093.47
2022-09-30,AU,Newcastle,pm25,139,1.0,65.0,22.0,1668.18
2022-09-30,AU,Launceston,pm25,125,5.0,99.0,9.0,3285.42
2022-09-30,AU,Hobart,pm25,64,5.0,53.0,13.0,1087.62
2022-09-30,AU,Darwin,pm25,71,1.0,57.0,28.0,1575.53
2022-09-30,AU,Melbourne,pm25,125,3.0,55.0,20.0,1158.64
2022-09-30,AU,Canberra,pm25,58,3.0,65.0,14.0,1959.56
2022-09-30,AU,Adelaide,pm25,81,1.0,42.0,13.0,938.1
2022-09-30,AU,Brisbane,pm25,207,1.0,64.0,24.0,1697.67
2022-09-30,AU,Perth,pm25,87,2.0,95.0,17.0,2693.42
2022-09-30,AU,Wollongong,pm25,42,1.0,58.0,14.0,1634.25
2022-09-30,CI,Abidjan,pm25,22,5.0,57.0,38.0,2616.1
2022-09-30,GH,Accra,pm25,24,9.0,82.0,38.0,3288.97
2022-09-30,IQ,Baghdad,pm25,24,124.0,205.0,165.0,3574.78
2022-09-30,IS,Reykjavík,pm25,96,1.0,21.0,13.0,190.1
2022-09-30,KG,Bishkek,pm25,24,63.0,114.0,82.0,1802.32
2022-09-30,NL,Utrecht,pm25,48,19.0,90.0,53.0,3124.61
2022-09-30,NL,Nijmegen,pm25,47,17.0,87.0,54.0,3359.54
2022-09-30,NL,Haarlem,pm25,144,5.0,71.0,28.0,1464.36
2022-09-30,NL,Eindhoven,pm25,24,2.0,91.0,62.0,5703.7
2022-09-30,NL,Rotterdam,pm25,189,10.0,67.0,33.0,1312.14
2022-09-30,NL,Amsterdam,pm25,262,1.0,84.0,33.0,1971.39
2022-09-30,NL,Dordrecht,pm25,24,21.0,65.0,42.0,1403.46
2022-09-30,NL,Breda,pm25,48,4.0,73.0,51.0,2753.29
2022-09-30,NL,Groningen,pm25,48,2.0,56.0,27.0,1282.77
2022-09-30,NL,Maastricht,pm25,94,5.0,117.0,50.0,5780.24
2022-09-30,NL,The Hague,pm25,72,3.0,64.0,21.0,1391.55
2022-09-30,PT,Lisbon,pm25,25,5.0,20.0,12.0,301.23
2022-09-30,PT,Funchal,pm25,47,1.0,30.0,15.0,858.01
2022-09-30,CA,Hamilton,pm25,93,9.0,63.0,30.0,1408.8
2022-09-30,CA,Calgary,pm25,92,36.0,81.0,56.0,718.33
2022-09-30,CA,Winnipeg,pm25,24,38.0,56.0,44.0,331.14
2022-09-30,CA,Halifax,pm25,46,14.0,28.0,21.0,137.96
2022-09-30,CA,Kitchener,pm25,45,5.0,55.0,21.0,1663.91
2022-09-30,CA,Edmonton,pm25,134,1.0,77.0,41.0,2605.3
2022-09-30,CA,Surrey,pm25,96,11.0,46.0,24.0,674.0
2022-09-30,CA,Mississauga,pm25,68,9.0,107.0,25.0,2942.2
2022-09-30,CA,Québec,pm25,165,12.0,58.0,20.0,965.36
2022-09-30,CA,Vancouver,pm25,168,5.0,52.0,20.0,1090.39
2022-09-30,CA,Victoria,pm25,23,9.0,61.0,21.0,1967.55
2022-09-30,CA,Montréal,pm25,456,9.0,103.0,27.0,2426.1
2022-09-30,CA,Toronto,pm25,142,5.0,137.0,34.0,4593.31
2022-09-30,CA,Ottawa,pm25,61,5.0,42.0,18.0,808.84
2022-09-30,CA,London,pm25,26,5.0,57.0,21.0,3062.78
2022-09-30,US,Oklahoma City,pm25,95,31.0,100.0,54.0,1733.03
2022-09-30,US,Raleigh,pm25,56,4.0,65.0,13.0,878.52
2022-09-30,US,Memphis,pm25,71,16.0,97.0,27.0,4448.56
2022-09-30,US,Jackson,pm25,72,7.0,51.0,23.0,966.97
2022-09-30,US,Boston,pm25,110,17.0,61.0,25.0,715.89
2022-09-30,US,Richmond,pm25,96,8.0,29.0,19.0,194.63
2022-09-30,US,Portland,pm25,191,9.0,47.0,24.0,609.67
2022-09-30,US,Boise,pm25,44,5.0,45.0,21.0,1151.63
2022-09-30,US,Austin,pm25,33,13.0,61.0,34.0,1883.09
2022-09-30,US,Honolulu,pm25,41,5.0,34.0,13.0,579.4
2022-09-30,US,Fresno,pm25,48,1.0,56.0,35.0,1956.74
2022-09-30,US,Milwaukee,pm25,144,20.0,145.0,44.0,2684.24
2022-09-30,US,Hartford,pm25,48,15.0,50.0,20.0,803.61
2022-09-30,US,Washington D.C.,pm25,113,5.0,30.0,18.0,452.61
2022-09-30,US,Chicago,pm25,219,4.0,131.0,31.0,1785.07
2022-09-30,US,Houston,pm25,95,5.0,70.0,30.0,2290.58
2022-09-30,US,Indianapolis,pm25,141,4.0,62.0,30.0,1527.7
2022-09-30,US,Atlanta,pm25,9,14.0,68.0,15.0,3806.11
2022-09-30,US,Charlotte,pm25,66,5.0,30.0,14.0,494.42
2022-09-30,US,Sacramento,pm25,68,5.0,63.0,26.0,1794.58
2022-09-30,US,Oakland,pm25,114,5.0,74.0,30.0,2672.92
2022-09-30,US,Providence,pm25,60,5.0,38.0,21.0,766.34
2022-09-30,US,Staten Island,pm25,79,1.0,171.0,20.0,24033.3
2022-09-30,US,Brooklyn,pm25,142,1.0,33.0,17.0,604.6
2022-09-30,US,Springfield,pm25,48,15.0,45.0,21.0,830.99
2022-09-30,US,The Bronx,pm25,48,2.0,23.0,9.0,310.85
2022-09-30,US,San Jose,pm25,94,5.0,82.0,25.0,2070.2
2022-09-30,US,Los Angeles,pm25,48,30.0,80.0,46.0,1158.56
2022-09-30,US,Detroit,pm25,167,13.0,73.0,42.0,3267.38
2022-09-30,US,Little Rock,pm25,27,3.0,103.0,60.0,7789.43
2022-09-30,US,Baltimore,pm25,45,5.0,40.0,25.0,590.91
2022-09-30,US,Phoenix,pm25,188,2.0,73.0,27.0,1281.97
2022-09-30,US,Omaha,pm25,46,13.0,42.0,21.0,483.83
2022-09-30,US,El Paso,pm25,166,5.0,78.0,33.0,2491.96
2022-09-30,US,Dallas,pm25,24,25.0,70.0,42.0,1434.76
2022-09-30,US,Seattle,pm25,263,9.0,76.0,27.0,1404.78
2022-09-30,US,Manhattan,pm25,62,1.0,29.0,12.0,339.49
2022-09-30,US,Miami,pm25,92,20.0,51.0,23.0,312.01
2022-09-30,US,Jacksonville,pm25,120,15.0,51.0,23.0,440.65
2022-09-30,US,San Antonio,pm25,94,5.0,66.0,48.0,1746.12
2022-09-30,US,Philadelphia,pm25,93,2.0,48.0,17.0,1007.19
2022-09-30,US,San Diego,pm25,24,38.0,70.0,63.0,1658.19
2022-09-30,US,Columbus,pm25,47,2.0,48.0,23.0,1082.59
2022-09-30,US,Saint Paul,pm25,143,5.0,52.0,26.0,841.01
2022-09-30,US,Denver,pm25,140,9.0,53.0,17.0,652.64
2022-09-30,US,Salt Lake City,pm25,210,5.0,50.0,20.0,656.03
2022-09-30,US,Albuquerque,pm25,71,14.0,48.0,19.0,618.62
2022-09-30,US,San Francisco,pm25,70,5.0,80.0,25.0,3594.06
2022-09-30,US,Salem,pm25,72,8.0,46.0,31.0,1049.15
2022-09-30,US,Madison,pm25,48,20.0,63.0,43.0,1714.61
2022-09-30,US,Nashville,pm25,72,5.0,42.0,20.0,514.32
2022-09-30,US,Tucson,pm25,153,5.0,46.0,17.0,580.34
2022-09-30,US,Queens,pm25,88,1.0,25.0,16.0,506.14
2022-09-30,US,Tallahassee,pm25,72,11.0,50.0,23.0,672.76
2022-09-30,US,Fort Worth,pm25,47,13.0,65.0,42.0,1238.9
2022-09-30,RS,Novi Sad,pm25,48,7.0,70.0,21.0,2431.8
2022-09-30,RS,Niš,pm25,48,16.0,78.0,53.0,3221.48
2022-09-30,RS,Belgrade,pm25,165,13.0,70.0,33.0,1678.59
2022-09-30,CY,Nicosia,pm25,24,24.0,60.0,51.0,900.71
2022-09-30,CY,Limassol,pm25,24,47.0,85.0,56.0,951.29
2022-09-30,HR,Zagreb,pm25,24,10.0,69.0,44.0,3438.19
2022-09-30,MK,Skopje,pm25,120,1.0,148.0,62.0,7023.53
2022-10-01,GE,Tbilisi,pm25,96,49.0,80.0,55.0,836.38
2022-10-01,HU,Győr,pm25,46,25.0,70.0,53.0,1577.43
2022-10-01,HU,Szeged,pm25,24,21.0,53.0,30.0,1044.76
2022-10-01,HU,Pécs,pm25,72,9.0,61.0,34.0,2058.01
2022-10-01,HU,Kecskemét,pm25,47,17.0,53.0,38.0,704.39
2022-10-01,HU,Miskolc,pm25,120,5.0,114.0,46.0,4409.19
2022-10-01,HU,Budapest,pm25,240,13.0,68.0,50.0,1754.73
2022-10-01,JP,Fukuoka,pm25,398,5.0,109.0,42.0,1900.35
2022-10-01,JP,Kanazawa,pm25,235,5.0,61.0,42.0,1446.51
2022-10-01,JP,Kumamoto,pm25,350,5.0,132.0,63.0,2620.08
2022-10-01,JP,Akita,pm25,40,5.0,76.0,46.0,2271.38
2022-10-01,JP,Kochi,pm25,48,21.0,63.0,42.0,1074.89
2022-10-01,JP,Gifu-shi,pm25,189,5.0,82.0,50.0,2277.99
2022-10-01,JP,Kyoto,pm25,552,5.0,85.0,53.0,1378.99
2022-10-01,JP,Hiroshima,pm25,321,5.0,97.0,50.0,2515.27
2022-10-01,JP,Shizuoka,pm25,257,5.0,144.0,38.0,2769.23
2022-10-01,JP,Chiba,pm25,759,5.0,129.0,34.0,2322.9
2022-10-01,JP,Sapporo,pm25,211,17.0,109.0,50.0,1844.37
2022-10-01,JP,Yokohama,pm25,548,1.0,68.0,34.0,1499.82
2022-10-01,JP,Tokyo,pm25,2490,1.0,137.0,42.0,1322.12
2022-10-01,JP,Saitama,pm25,468,9.0,170.0,42.0,1742.62
2022-10-01,JP,Naha,pm25,144,13.0,34.0,25.0,291.59
2022-10-01,JP,Nagasaki,pm25,185,9.0,65.0,46.0,926.03
2022-10-01,JP,Toyama,pm25,189,13.0,78.0,50.0,1459.48
2022-10-01,JP,Niigata,pm25,215,25.0,65.0,46.0,666.82
2022-10-01,JP,Nara-shi,pm25,188,17.0,85.0,55.0,1495.03
2022-10-01,JP,Okayama,pm25,285,30.0,97.0,55.0,1801.26
2022-10-01,JP,Sendai,pm25,479,5.0,76.0,38.0,1213.94
2022-10-01,JP,Osaka,pm25,1424,5.0,129.0,50.0,1740.07
2022-10-01,JP,Miyazaki,pm25,90,13.0,122.0,63.0,2505.07
2022-10-01,JP,Matsuyama,pm25,73,5.0,78.0,50.0,2817.25
2022-10-01,JP,Wakayama,pm25,288,17.0,89.0,53.0,1276.89
2022-10-01,JP,Takamatsu,pm25,239,13.0,93.0,53.0,2328.55
2022-10-01,JP,Nagoya,pm25,765,17.0,104.0,55.0,1065.98
2022-10-01,JP,Ōita,pm25,264,13.0,91.0,59.0,1888.09
2022-10-01,JP,Kobe,pm25,429,5.0,89.0,50.0,1539.42
2022-10-01,JP,Nagano,pm25,72,13.0,74.0,42.0,2799.81
2022-10-01,JP,Utsunomiya,pm25,416,9.0,70.0,34.0,1248.39
2022-10-01,JP,Kagoshima,pm25,96,42.0,139.0,76.0,3347.17
2022-10-01,SK,Košice,pm25,96,17.0,68.0,42.0,1449.47
2022-10-01,SK,Bratislava,pm25,94,9.0,65.0,42.0,2267.36
2022-10-01,FI,Vantaa,pm25,24,8.0,35.0,16.0,630.42
2022-10-01,FI,Turku,pm25,24,8.0,39.0,14.0,890.42
2022-10-01,FI,Helsinki,pm25,120,5.0,42.0,15.0,340.84
2022-10-01,FI,Tampere,pm25,96,6.0,51.0,12.0,582.71
2022-10-01,ET,Addis Ababa,pm25,24,70.0,159.0,89.0,7060.85
2022-10-01,CH,Zürich,pm25,21,1.0,4.0,2.0,15.29
2022-10-01,CO,Bogotá,pm25,266,2.0,122.0,30.0,4636.84
2022-10-01,CO,Medellín,pm25,306,34.0,99.0,70.0,1178.16
2022-10-01,DK,Copenhagen,pm25,24,20.0,43.0,28.0,369.49
2022-10-01,GB,Edinburgh,pm25,282,5.0,70.0,15.0,1313.1
2022-10-01,GB,Norwich,pm25,18,9.0,25.0,21.0,142.22
2022-10-01,GB,Liverpool,pm25,21,25.0,55.0,30.0,752.33
2022-10-01,GB,Belfast,pm25,45,13.0,35.0,23.0,234.83
2022-10-01,GB,Coventry,pm25,68,14.0,28.0,20.0,68.47
2022-10-01,GB,Leeds,pm25,27,20.0,55.0,38.0,1022.85
2022-10-01,GB,Cardiff,pm25,94,5.0,68.0,46.0,1850.91
2022-10-01,GB,Bristol,pm25,72,17.0,57.0,34.0,1296.18
2022-10-01,GB,London,pm25,576,5.0,142.0,30.0,3138.67
2022-10-01,GB,Birmingham,pm25,44,13.0,34.0,20.0,220.63
2022-10-01,GB,Sheffield,pm25,58,16.0,46.0,21.0,452.88
2022-10-01,GB,Newport,pm25,46,21.0,39.0,29.0,163.83
2022-10-01,GB,Leicester,pm25,22,17.0,27.0,21.0,82.19
2022-10-01,GB,Manchester,pm25,80,18.0,46.0,30.0,477.71
2022-10-01,GB,Reading,pm25,46,5.0,34.0,13.0,746.43
2022-10-01,GB,Plymouth,pm25,46,9.0,61.0,30.0,2206.18
2022-10-01,GB,Glasgow,pm25,546,5.0,45.0,18.0,568.41
2022-10-01,GB,Preston,pm25,41,18.0,38.0,30.0,216.88
2022-10-01,GB,Swansea,pm25,167,9.0,91.0,38.0,1882.84
2022-10-01,GB,Southend-on-Sea,pm25,48,6.0,40.0,23.0,357.51
2022-10-01,ID,Jakarta,pm25,64,38.0,162.0,95.0,14128.0
2022-10-01,ML,Bamako,pm25,24,25.0,172.0,95.0,18143.2
2022-10-01,NP,Kathmandu,pm25,48,46.0,107.0,76.0,1979.53
2022-10-01,NP,Biratnagar,pm25,24,34.0,86.0,57.0,1269.28
2022-10-01,AU,Sydney,pm25,132,1.0,74.0,14.0,1140.13
2022-10-01,AU,Newcastle,pm25,135,1.0,55.0,20.0,1195.8
2022-10-01,AU,Launceston,pm25,136,5.0,151.0,13.0,6887.62
2022-10-01,AU,Hobart,pm25,55,5.0,50.0,9.0,896.09
2022-10-01,AU,Darwin,pm25,66,2.0,48.0,24.0,1423.15
2022-10-01,AU,Melbourne,pm25,141,3.0,59.0,29.0,1429.93
2022-10-01,AU,Canberra,pm25,53,3.0,57.0,15.0,1849.7
2022-10-01,AU,Adelaide,pm25,90,5.0,72.0,25.0,1579.2
2022-10-01,AU,Brisbane,pm25,182,1.0,47.0,12.0,1104.16
2022-10-01,AU,Perth,pm25,89,4.0,108.0,15.0,5596.15
2022-10-01,AU,Wollongong,pm25,39,2.0,44.0,13.0,964.21
2022-10-01,CI,Abidjan,pm25,20,5.0,57.0,34.0,2189.58
2022-10-01,GH,Accra,pm25,24,13.0,74.0,34.0,3011.72
2022-10-01,IQ,Baghdad,pm25,24,80.0,186.0,122.0,9189.98
2022-10-01,IS,Reykjavík,pm25,96,5.0,62.0,13.0,606.84
2022-10-01,KG,Bishkek,pm25,24,65.0,159.0,89.0,7944.28
2022-10-01,NL,Utrecht,pm25,48,13.0,61.0,35.0,1212.02
2022-10-01,NL,Nijmegen,pm25,45,6.0,45.0,23.0,875.59
2022-10-01,NL,Haarlem,pm25,142,1.0,61.0,28.0,1314.24
2022-10-01,NL,Eindhoven,pm25,24,12.0,54.0,33.0,1851.58
2022-10-01,NL,Rotterdam,pm25,191,6.0,44.0,23.0,531.58
2022-10-01,NL,Amsterdam,pm25,252,3.0,53.0,22.0,845.7
2022-10-01,NL,Dordrecht,pm25,24,17.0,53.0,30.0,921.29
2022-10-01,NL,Breda,pm25,48,4.0,51.0,20.0,1062.3
2022-10-01,NL,Groningen,pm25,47,2.0,48.0,20.0,1257.0
2022-10-01,NL,Maastricht,pm25,84,5.0,76.0,25.0,3000.68
2022-10-01,NL,The Hague,pm25,71,10.0,37.0,22.0,413.98
2022-10-01,PT,Lisbon,pm25,7,6.0,25.0,7.0,889.05
2022-10-01,PT,Funchal,pm25,35,1.0,29.0,18.0,708.2
2022-10-01,CA,Hamilton,pm25,90,9.0,55.0,25.0,1347.27
2022-10-01,CA,Calgary,pm25,92,8.0,62.0,45.0,1253.51
2022-10-01,CA,Winnipeg,pm25,24,26.0,37.0,30.0,81.72
2022-10-01,CA,Halifax,pm25,46,11.0,29.0,17.0,160.55
2022-10-01,CA,Kitchener,pm25,37,5.0,55.0,30.0,1867.69
2022-10-01,CA,Edmonton,pm25,135,9.0,65.0,39.0,1821.93
2022-10-01,CA,Surrey,pm25,88,18.0,59.0,34.0,817.05
2022-10-01,CA,Mississauga,pm25,67,9.0,63.0,25.0,1388.1
2022-10-01,CA,Québec,pm25,167,5.0,52.0,20.0,971.1
2022-10-01,CA,Vancouver,pm25,155,8.0,56.0,29.0,1121.21
2022-10-01,CA,Victoria,pm25,24,21.0,57.0,34.0,1162.54
2022-10-01,CA,Montréal,pm25,417,6.0,53.0,27.0,813.46
2022-10-01,CA,Toronto,pm25,132,5.0,74.0,21.0,2030.46
2022-10-01,CA,Ottawa,pm25,62,5.0,34.0,18.0,297.78
2022-10-01,CA,London,pm25,47,5.0,55.0,13.0,2413.03
2022-10-01,US,Oklahoma City,pm25,96,24.0,54.0,41.0,533.58
2022-10-01,US,Raleigh,pm25,60,5.0,89.0,17.0,1396.55
2022-10-01,US,Memphis,pm25,72,21.0,130.0,45.0,6822.86
2022-10-01,US,Jackson,pm25,72,6.0,138.0,35.0,3416.27
2022-10-01,US,Boston,pm25,134,13.0,80.0,30.0,1286.66
2022-10-01,US,Richmond,pm25,96,4.0,37.0,16.0,1076.42
2022-10-01,US,Portland,pm25,192,15.0,61.0,38.0,1166.76
2022-10-01,US,Boise,pm25,44,3.0,73.0,28.0,2957.15
2022-10-01,US,Austin,pm25,46,5.0,74.0,30.0,2578.36
2022-10-01,US,Honolulu,pm25,34,5.0,34.0,9.0,517.5
2022-10-01,US,Fresno,pm25,47,2.0,61.0,31.0,2119.75
2022-10-01,US,Milwaukee,pm25,144,17.0,107.0,40.0,5017.85
2022-10-01,US,Hartford,pm25,48,15.0,37.0,22.0,514.82
2022-10-01,US,Washington D.C.,pm25,111,5.0,34.0,13.0,457.81
2022-10-01,US,Chicago,pm25,229,7.0,71.0,27.0,1864.96
2022-10-01,US,Houston,pm25,96,11.0,151.0,46.0,5768.21
2022-10-01,US,Indianapolis,pm25,143,5.0,125.0,25.0,2573.34
2022-10-01,US,Charlotte,pm25,59,5.0,32.0,12.0,441.93
2022-10-01,US,Sacramento,pm25,69,3.0,61.0,18.0,1232.73
2022-10-01,US,Oakland,pm25,111,5.0,53.0,21.0,759.97
2022-10-01,US,Providence,pm25,52,5.0,59.0,17.0,1265.14
2022-10-01,US,Staten Island,pm25,75,2.0,109.0,21.0,5600.57
2022-10-01,US,Brooklyn,pm25,139,1.0,39.0,16.0,637.92
2022-10-01,US,Springfield,pm25,48,12.0,50.0,23.0,1173.55
2022-10-01,US,The Bronx,pm25,48,1.0,25.0,10.0,364.4
2022-10-01,US,San Jose,pm25,84,5.0,65.0,25.0,1845.01
2022-10-01,US,Los Angeles,pm25,48,23.0,59.0,37.0,901.7
2022-10-01,US,Detroit,pm25,168,8.0,55.0,25.0,792.22
2022-10-01,US,Little Rock,pm25,23,2.0,145.0,33.0,15717.6
2022-10-01,US,Baltimore,pm25,43,5.0,30.0,15.0,476.46
2022-10-01,US,Phoenix,pm25,190,3.0,60.0,18.0,1168.5
2022-10-01,US,Omaha,pm25,47,13.0,53.0,25.0,732.09
2022-10-01,US,El Paso,pm25,168,5.0,82.0,25.0,2423.68
2022-10-01,US,Dallas,pm25,24,17.0,68.0,46.0,2201.29
2022-10-01,US,Seattle,pm25,264,23.0,160.0,55.0,4419.29
2022-10-01,US,Manhattan,pm25,65,1.0,30.0,12.0,438.75
2022-10-01,US,Miami,pm25,94,17.0,33.0,24.0,131.75
2022-10-01,US,Jacksonville,pm25,144,10.0,101.0,33.0,2870.69
2022-10-01,US,San Antonio,pm25,94,5.0,121.0,38.0,2935.69
2022-10-01,US,Philadelphia,pm25,86,1.0,50.0,18.0,1126.4
2022-10-01,US,San Diego,pm25,24,23.0,54.0,45.0,1764.35
2022-10-01,US,Columbus,pm25,48,12.0,45.0,18.0,574.75
2022-10-01,US,Saint Paul,pm25,142,5.0,51.0,29.0,550.2
2022-10-01,US,Denver,pm25,115,9.0,42.0,13.0,610.23
2022-10-01,US,Salt Lake City,pm25,194,7.0,52.0,16.0,560.41
2022-10-01,US,Albuquerque,pm25,72,14.0,75.0,22.0,1235.74
2022-10-01,US,San Francisco,pm25,65,5.0,151.0,17.0,7166.16
2022-10-01,US,Salem,pm25,72,19.0,61.0,35.0,1289.98
2022-10-01,US,Madison,pm25,48,20.0,97.0,60.0,3604.43
2022-10-01,US,Nashville,pm25,72,5.0,38.0,21.0,594.22
2022-10-01,US,Tucson,pm25,159,5.0,50.0,17.0,803.1
2022-10-01,US,Queens,pm25,90,1.0,39.0,15.0,804.95
2022-10-01,US,Tallahassee,pm25,72,6.0,59.0,24.0,1377.13
2022-10-01,US,Fort Worth,pm25,48,5.0,76.0,34.0,3067.23
2022-10-01,RS,Novi Sad,pm25,48,16.0,67.0,31.0,1554.22
2022-10-01,RS,Niš,pm25,48,14.0,97.0,55.0,3042.76
2022-10-01,RS,Belgrade,pm25,168,15.0,60.0,35.0,1041.21
2022-10-01,CY,Nicosia,pm25,24,47.0,67.0,54.0,219.71
2022-10-01,CY,Limassol,pm25,24,51.0,85.0,58.0,726.3
2022-10-01,HR,Zagreb,pm25,24,11.0,66.0,35.0,3327.17
2022-10-01,MK,Skopje,pm25,117,9.0,128.0,70.0,4673.18
2022-10-02,GE,Tbilisi,pm25,96,46.0,90.0,53.0,830.49
2022-10-02,HU,Győr,pm25,23,9.0,57.0,21.0,1686.76
2022-10-02,HU,Szeged,pm25,23,9.0,34.0,17.0,581.74
2022-10-02,HU,Pécs,pm25,23,9.0,50.0,30.0,1492.57
2022-10-02,HU,Kecskemét,pm25,18,9.0,30.0,13.0,483.69
2022-10-02,HU,Miskolc,pm25,63,5.0,42.0,17.0,1004.19
2022-10-02,HU,Budapest,pm25,89,5.0,42.0,13.0,735.0
2022-10-02,JP,Fukuoka,pm25,406,9.0,144.0,76.0,4761.13
2022-10-02,JP,Kanazawa,pm25,239,5.0,61.0,46.0,1190.67
2022-10-02,JP,Kumamoto,pm25,360,5.0,155.0,82.0,5416.64
2022-10-02,JP,Akita,pm25,42,5.0,78.0,42.0,2173.27
2022-10-02,JP,Kochi,pm25,48,30.0,72.0,53.0,848.65
2022-10-02,JP,Gifu-shi,pm25,185,9.0,95.0,55.0,1897.7
2022-10-02,JP,Kyoto,pm25,552,13.0,152.0,57.0,1910.82
2022-10-02,JP,Hiroshima,pm25,328,5.0,91.0,50.0,2421.12
2022-10-02,JP,Shizuoka,pm25,250,5.0,112.0,38.0,2261.57
2022-10-02,JP,Chiba,pm25,786,5.0,164.0,46.0,2936.06
2022-10-02,JP,Sapporo,pm25,206,13.0,104.0,42.0,1795.78
2022-10-02,JP,Yokohama,pm25,543,1.0,78.0,42.0,1778.98
2022-10-02,JP,Tokyo,pm25,2491,1.0,153.0,46.0,1471.05
2022-10-02,JP,Saitama,pm25,469,5.0,89.0,50.0,1368.92
2022-10-02,JP,Naha,pm25,144,17.0,63.0,34.0,1872.94
2022-10-02,JP,Nagasaki,pm25,190,5.0,107.0,65.0,2212.57
2022-10-02,JP,Toyama,pm25,191,13.0,85.0,50.0,1324.27
2022-10-02,JP,Niigata,pm25,214,25.0,61.0,50.0,599.59
2022-10-02,JP,Nara-shi,pm25,191,38.0,82.0,57.0,579.53
2022-10-02,JP,Okayama,pm25,276,17.0,158.0,53.0,1477.99
2022-10-02,JP,Sendai,pm25,469,17.0,72.0,46.0,1168.45
2022-10-02,JP,Osaka,pm25,1455,5.0,117.0,50.0,1504.77
2022-10-02,JP,Miyazaki,pm25,92,5.0,109.0,57.0,2927.74
2022-10-02,JP,Matsuyama,pm25,164,5.0,99.0,55.0,2368.91
2022-10-02,JP,Wakayama,pm25,284,25.0,107.0,55.0,1147.53
2022-10-02,JP,Takamatsu,pm25,240,17.0,102.0,50.0,1214.46
2022-10-02,JP,Nagoya,pm25,767,1.0,109.0,57.0,852.51
2022-10-02,JP,Ōita,pm25,263,9.0,93.0,63.0,2633.5
2022-10-02,JP,Kobe,pm25,424,13.0,151.0,46.0,1798.55
2022-10-02,JP,Nagano,pm25,72,21.0,76.0,42.0,2333.66
2022-10-02,JP,Utsunomiya,pm25,419,9.0,82.0,50.0,1516.09
2022-10-02,JP,Kagoshima,pm25,95,13.0,119.0,55.0,3840.14
2022-10-02,SK,Košice,pm25,89,5.0,57.0,21.0,1929.37
2022-10-02,SK,Bratislava,pm25,62,5.0,42.0,9.0,322.28
2022-10-02,FI,Vantaa,pm25,24,13.0,28.0,23.0,185.14
2022-10-02,FI,Turku,pm25,24,10.0,38.0,16.0,515.2
2022-10-02,FI,Helsinki,pm25,120,8.0,40.0,20.0,248.5
2022-10-02,FI,Tampere,pm25,96,11.0,39.0,22.0,466.3
2022-10-02,ET,Addis Ababa,pm25,24,65.0,153.0,82.0,4285.2
2022-10-02,CH,Zürich,pm25,15,1.0,3.0,1.0,3.81
2022-10-02,CO,Bogotá,pm25,327,5.0,163.0,30.0,3842.59
2022-10-02,CO,Medellín,pm25,326,17.0,95.0,59.0,1736.6
2022-10-02,DK,Copenhagen,pm25,24,9.0,38.0,29.0,368.24
2022-10-02,GB,Edinburgh,pm25,284,9.0,63.0,17.0,1152.82
2022-10-02,GB,Norwich,pm25,21,21.0,64.0,24.0,1477.14
2022-10-02,GB,Liverpool,pm25,18,30.0,57.0,38.0,418.6
2022-10-02,GB,Belfast,pm25,45,13.0,65.0,25.0,690.83
2022-10-02,GB,Coventry,pm25,69,21.0,50.0,23.0,471.16
2022-10-02,GB,Leeds,pm25,36,21.0,53.0,29.0,476.79
2022-10-02,GB,Cardiff,pm25,93,5.0,57.0,38.0,2250.97
2022-10-02,GB,Bristol,pm25,68,9.0,80.0,34.0,1876.12
2022-10-02,GB,London,pm25,577,3.0,149.0,31.0,5705.21
2022-10-02,GB,Birmingham,pm25,46,20.0,51.0,24.0,528.43
2022-10-02,GB,Sheffield,pm25,88,15.0,50.0,24.0,509.25
2022-10-02,GB,Newport,pm25,44,13.0,27.0,20.0,130.42
2022-10-02,GB,Leicester,pm25,24,22.0,49.0,27.0,735.65
2022-10-02,GB,Manchester,pm25,79,20.0,51.0,30.0,456.76
2022-10-02,GB,Reading,pm25,43,9.0,59.0,13.0,2689.2
2022-10-02,GB,Plymouth,pm25,35,5.0,38.0,21.0,615.16
2022-10-02,GB,Glasgow,pm25,547,8.0,101.0,20.0,465.57
2022-10-02,GB,Preston,pm25,40,14.0,56.0,30.0,695.89
2022-10-02,GB,Swansea,pm25,163,5.0,61.0,25.0,1596.85
2022-10-02,GB,Southend-on-Sea,pm25,36,19.0,48.0,24.0,646.5
2022-10-02,ID,Jakarta,pm25,71,21.0,154.0,61.0,9237.76
2022-10-02,ML,Bamako,pm25,24,21.0,174.0,70.0,14307.8
2022-10-02,NP,Kathmandu,pm25,48,17.0,104.0,70.0,4225.31
2022-10-02,NP,Biratnagar,pm25,24,38.0,82.0,61.0,1282.01
2022-10-02,AU,Sydney,pm25,128,1.0,47.0,11.0,777.16
2022-10-02,AU,Newcastle,pm25,116,1.0,54.0,13.0,1420.01
2022-10-02,AU,Launceston,pm25,137,5.0,65.0,17.0,2467.92
2022-10-02,AU,Hobart,pm25,50,5.0,25.0,9.0,341.22
2022-10-02,AU,Darwin,pm25,70,2.0,51.0,27.0,1377.67
2022-10-02,AU,Melbourne,pm25,141,5.0,69.0,31.0,1983.86
2022-10-02,AU,Canberra,pm25,52,1.0,52.0,12.0,1985.34
2022-10-02,AU,Adelaide,pm25,69,1.0,36.0,13.0,546.17
2022-10-02,AU,Brisbane,pm25,210,1.0,45.0,13.0,755.76
2022-10-02,AU,Perth,pm25,79,2.0,14.0,4.0,147.05
2022-10-02,AU,Wollongong,pm25,40,1.0,113.0,7.0,5498.46
2022-10-02,CI,Abidjan,pm25,22,5.0,57.0,21.0,1348.74
2022-10-02,GH,Accra,pm25,24,9.0,65.0,25.0,2225.8
2022-10-02,IQ,Baghdad,pm25,24,109.0,228.0,154.0,8560.85
2022-10-02,IS,Reykjavík,pm25,96,4.0,34.0,14.0,399.15
2022-10-02,KG,Bishkek,pm25,24,76.0,144.0,91.0,1887.54
2022-10-02,NL,Utrecht,pm25,48,6.0,63.0,39.0,1137.02
2022-10-02,NL,Nijmegen,pm25,48,2.0,61.0,32.0,1732.61
2022-10-02,NL,Haarlem,pm25,143,4.0,63.0,30.0,803.91
2022-10-02,NL,Eindhoven,pm25,24,31.0,64.0,52.0,903.46
2022-10-02,NL,Rotterdam,pm25,192,6.0,66.0,26.0,463.42
2022-10-02,NL,Amsterdam,pm25,247,1.0,51.0,24.0,934.06
2022-10-02,NL,Dordrecht,pm25,24,21.0,60.0,34.0,937.23
2022-10-02,NL,Breda,pm25,48,3.0,61.0,26.0,1808.9
2022-10-02,NL,Groningen,pm25,46,5.0,47.0,20.0,718.48
2022-10-02,NL,Maastricht,pm25,94,5.0,80.0,30.0,3504.85
2022-10-02,NL,The Hague,pm25,72,6.0,49.0,26.0,387.6
2022-10-02,PT,Lisbon,pm25,34,9.0,32.0,15.0,606.85
2022-10-02,PT,Funchal,pm25,62,1.0,33.0,13.0,544.38
2022-10-02,CA,Hamilton,pm25,79,5.0,59.0,17.0,1194.33
2022-10-02,CA,Calgary,pm25,92,14.0,73.0,45.0,1965.24
2022-10-02,CA,Winnipeg,pm25,24,27.0,48.0,34.0,230.42
2022-10-02,CA,Halifax,pm25,46,9.0,25.0,15.0,109.32
2022-10-02,CA,Kitchener,pm25,39,5.0,34.0,13.0,865.15
2022-10-02,CA,Edmonton,pm25,133,1.0,57.0,38.0,2266.12
2022-10-02,CA,Surrey,pm25,96,21.0,177.0,45.0,7636.89
2022-10-02,CA,Mississauga,pm25,53,5.0,38.0,13.0,664.37
2022-10-02,CA,Québec,pm25,113,5.0,38.0,9.0,599.44
2022-10-02,CA,Vancouver,pm25,168,9.0,115.0,32.0,3166.82
2022-10-02,CA,Victoria,pm25,23,25.0,57.0,34.0,1014.19
2022-10-02,CA,Montréal,pm25,366,3.0,60.0,12.0,1322.37
2022-10-02,CA,Toronto,pm25,105,5.0,59.0,13.0,1190.84
2022-10-02,CA,Ottawa,pm25,31,5.0,20.0,9.0,219.98
2022-10-02,CA,London,pm25,42,5.0,38.0,17.0,754.61
2022-10-02,US,Oklahoma City,pm25,96,25.0,329.0,40.0,35387.5
2022-10-02,US,Raleigh,pm25,55,3.0,34.0,15.0,483.35
2022-10-02,US,Memphis,pm25,72,16.0,78.0,30.0,2234.63
2022-10-02,US,Jackson,pm25,72,9.0,49.0,26.0,1384.6
2022-10-02,US,Boston,pm25,117,9.0,57.0,21.0,807.4
2022-10-02,US,Richmond,pm25,96,3.0,42.0,13.0,2129.89
2022-10-02,US,Portland,pm25,188,26.0,71.0,45.0,1116.84
2022-10-02,US,Boise,pm25,42,5.0,63.0,34.0,2847.9
2022-10-02,US,Austin,pm25,48,5.0,63.0,34.0,2101.68
2022-10-02,US,Honolulu,pm25,37,5.0,30.0,13.0,525.81
2022-10-02,US,Fresno,pm25,48,3.0,60.0,31.0,1537.62
2022-10-02,US,Milwaukee,pm25,143,8.0,50.0,19.0,727.57
2022-10-02,US,Hartford,pm25,48,6.0,24.0,13.0,303.93
2022-10-02,US,Washington D.C.,pm25,103,5.0,30.0,9.0,329.86
2022-10-02,US,Chicago,pm25,240,1.0,48.0,19.0,817.36
2022-10-02,US,Houston,pm25,96,7.0,134.0,50.0,4330.0
2022-10-02,US,Indianapolis,pm25,141,4.0,152.0,25.0,3426.71
2022-10-02,US,Atlanta,pm25,7,4.0,11.0,10.0,59.05
2022-10-02,US,Charlotte,pm25,63,4.0,57.0,13.0,1464.35
2022-10-02,US,Sacramento,pm25,72,7.0,46.0,24.0,649.2
2022-10-02,US,Oakland,pm25,112,5.0,70.0,21.0,1319.41
2022-10-02,US,Providence,pm25,63,5.0,30.0,13.0,424.77
2022-10-02,US,Staten Island,pm25,66,1.0,38.0,15.0,890.68
2022-10-02,US,Brooklyn,pm25,126,1.0,41.0,16.0,610.06
2022-10-02,US,Springfield,pm25,48,16.0,44.0,24.0,448.94
2022-10-02,US,The Bronx,pm25,36,2.0,29.0,16.0,644.28
2022-10-02,US,San Jose,pm25,92,5.0,38.0,21.0,727.14
2022-10-02,US,Los Angeles,pm25,48,23.0,65.0,47.0,1327.83
2022-10-02,US,Detroit,pm25,166,10.0,86.0,20.0,550.7
2022-10-02,US,Little Rock,pm25,22,6.0,50.0,27.0,2034.65
2022-10-02,US,Baltimore,pm25,40,5.0,30.0,21.0,294.97
2022-10-02,US,Phoenix,pm25,189,1.0,57.0,18.0,1012.61
2022-10-02,US,Omaha,pm25,48,9.0,46.0,25.0,988.65
2022-10-02,US,El Paso,pm25,160,5.0,68.0,25.0,1938.16
2022-10-02,US,Dallas,pm25,24,42.0,74.0,61.0,853.62
2022-10-02,US,Seattle,pm25,264,34.0,144.0,72.0,2975.82
2022-10-02,US,Manhattan,pm25,62,1.0,27.0,13.0,624.49
2022-10-02,US,Miami,pm25,90,12.0,44.0,24.0,436.19
2022-10-02,US,Jacksonville,pm25,144,5.0,76.0,28.0,1888.81
2022-10-02,US,San Antonio,pm25,94,13.0,68.0,37.0,2395.05
2022-10-02,US,Philadelphia,pm25,86,1.0,36.0,17.0,514.67
2022-10-02,US,San Diego,pm25,24,25.0,33.0,28.0,61.96
2022-10-02,US,Columbus,pm25,47,5.0,46.0,19.0,687.08
2022-10-02,US,Saint Paul,pm25,142,5.0,42.0,27.0,668.2
2022-10-02,US,Denver,pm25,130,5.0,38.0,17.0,529.73
2022-10-02,US,Salt Lake City,pm25,207,10.0,55.0,25.0,1036.35
2022-10-02,US,Albuquerque,pm25,72,14.0,29.0,20.0,182.54
2022-10-02,US,San Francisco,pm25,68,5.0,132.0,25.0,4613.58
2022-10-02,US,Salem,pm25,72,19.0,62.0,37.0,872.29
2022-10-02,US,Madison,pm25,47,23.0,53.0,30.0,818.19
2022-10-02,US,Nashville,pm25,72,5.0,40.0,20.0,519.29
2022-10-02,US,Tucson,pm25,147,5.0,38.0,13.0,591.93
2022-10-02,US,Queens,pm25,79,2.0,41.0,15.0,775.35
2022-10-02,US,Tallahassee,pm25,72,5.0,67.0,21.0,831.52
2022-10-02,US,Fort Worth,pm25,48,5.0,72.0,40.0,2687.19
2022-10-02,RS,Novi Sad,pm25,48,14.0,72.0,30.0,1809.68
2022-10-02,RS,Niš,pm25,48,13.0,76.0,22.0,3562.11
2022-10-02,RS,Belgrade,pm25,168,9.0,89.0,29.0,2138.38
2022-10-02,CY,Nicosia,pm25,24,40.0,70.0,60.0,552.97
2022-10-02,CY,Limassol,pm25,24,41.0,71.0,61.0,456.52
2022-10-02,HR,Zagreb,pm25,24,20.0,66.0,40.0,1757.81
2022-10-02,MK,Skopje,pm25,109,1.0,136.0,33.0,6762.29
2022-10-03,GE,Tbilisi,pm25,96,46.0,103.0,62.0,2709.45
2022-10-03,HU,Győr,pm25,22,13.0,34.0,17.0,338.55
2022-10-03,HU,Szeged,pm25,24,9.0,50.0,25.0,1404.06
2022-10-03,HU,Pécs,pm25,18,5.0,25.0,13.0,286.54
2022-10-03,HU,Kecskemét,pm25,19,13.0,21.0,17.0,75.79
2022-10-03,HU,Miskolc,pm25,83,5.0,42.0,13.0,917.75
2022-10-03,HU,Budapest,pm25,95,5.0,34.0,17.0,293.12
2022-10-03,JP,Fukuoka,pm25,400,5.0,151.0,65.0,3794.86
2022-10-03,JP,Kanazawa,pm25,237,13.0,65.0,42.0,1622.18
2022-10-03,JP,Kumamoto,pm25,351,5.0,127.0,59.0,4892.38
2022-10-03,JP,Akita,pm25,41,9.0,78.0,53.0,1934.95
2022-10-03,JP,Kochi,pm25,48,9.0,63.0,38.0,2173.6
2022-10-03,JP,Gifu-shi,pm25,190,5.0,99.0,57.0,2155.9
2022-10-03,JP,Kyoto,pm25,555,9.0,80.0,53.0,1051.78
2022-10-03,JP,Hiroshima,pm25,334,5.0,89.0,53.0,2114.8
2022-10-03,JP,Shizuoka,pm25,252,9.0,78.0,42.0,2059.9
2022-10-03,JP,Chiba,pm25,789,5.0,132.0,53.0,2289.98
2022-10-03,JP,Sapporo,pm25,213,5.0,107.0,38.0,1787.78
2022-10-03,JP,Yokohama,pm25,535,1.0,107.0,53.0,1883.42
2022-10-03,JP,Tokyo,pm25,2486,1.0,109.0,53.0,910.64
2022-10-03,JP,Saitama,pm25,486,5.0,109.0,55.0,1354.0
2022-10-03,JP,Naha,pm25,144,13.0,38.0,25.0,423.78
2022-10-03,JP,Nagasaki,pm25,189,5.0,102.0,46.0,1606.64
2022-10-03,JP,Toyama,pm25,192,17.0,91.0,53.0,1833.8
2022-10-03,JP,Niigata,pm25,216,34.0,70.0,55.0,332.56
2022-10-03,JP,Nara-shi,pm25,187,21.0,91.0,50.0,1013.41
2022-10-03,JP,Okayama,pm25,279,13.0,70.0,50.0,1198.97
2022-10-03,JP,Sendai,pm25,454,13.0,74.0,53.0,700.22
2022-10-03,JP,Osaka,pm25,1427,5.0,112.0,46.0,1670.51
2022-10-03,JP,Miyazaki,pm25,87,5.0,99.0,42.0,2677.98
2022-10-03,JP,Matsuyama,pm25,168,5.0,85.0,46.0,2838.7
2022-10-03,JP,Wakayama,pm25,285,9.0,99.0,38.0,1896.63
2022-10-03,JP,Takamatsu,pm25,237,9.0,74.0,42.0,2177.85
2022-10-03,JP,Nagoya,pm25,750,1.0,95.0,50.0,1282.67
2022-10-03,JP,Ōita,pm25,255,5.0,65.0,42.0,2139.49
2022-10-03,JP,Kobe,pm25,411,5.0,76.0,42.0,1347.06
2022-10-03,JP,Nagano,pm25,70,13.0,156.0,46.0,10035.6
2022-10-03,JP,Utsunomiya,pm25,420,34.0,95.0,57.0,705.86
2022-10-03,JP,Kagoshima,pm25,95,5.0,63.0,38.0,1284.18
2022-10-03,SK,Košice,pm25,95,5.0,70.0,25.0,2106.28
2022-10-03,SK,Bratislava,pm25,69,5.0,46.0,13.0,1022.84
2022-10-03,FI,Vantaa,pm25,24,9.0,29.0,19.0,479.98
2022-10-03,FI,Turku,pm25,24,10.0,42.0,18.0,515.0
2022-10-03,FI,Helsinki,pm25,120,11.0,47.0,20.0,507.11
2022-10-03,FI,Tampere,pm25,96,10.0,61.0,22.0,662.03
2022-10-03,ET,Addis Ababa,pm25,24,46.0,97.0,72.0,1593.89
2022-10-03,CH,Zürich,pm25,21,1.0,3.0,1.0,4.57
2022-10-03,CO,Bogotá,pm25,329,5.0,151.0,34.0,5604.24
2022-10-03,CO,Medellín,pm25,218,21.0,76.0,50.0,1293.35
2022-10-03,DK,Copenhagen,pm25,24,21.0,41.0,30.0,279.84
2022-10-03,GB,Edinburgh,pm25,285,5.0,66.0,14.0,943.75
2022-10-03,GB,Norwich,pm25,21,20.0,41.0,34.0,181.48
2022-10-03,GB,Liverpool,pm25,26,21.0,55.0,38.0,636.94
2022-10-03,GB,Belfast,pm25,52,11.0,30.0,17.0,162.7
2022-10-03,GB,Coventry,pm25,45,15.0,37.0,26.0,180.91
2022-10-03,GB,Leeds,pm25,40,25.0,63.0,38.0,1081.64
2022-10-03,GB,Cardiff,pm25,93,9.0,72.0,38.0,2032.52
2022-10-03,GB,Bristol,pm25,69,13.0,57.0,42.0,1129.48
2022-10-03,GB,London,pm25,566,9.0,118.0,48.0,2563.54
2022-10-03,GB,Birmingham,pm25,31,13.0,51.0,34.0,794.99
2022-10-03,GB,Sheffield,pm25,80,21.0,64.0,30.0,869.11
2022-10-03,GB,Newport,pm25,45,9.0,30.0,18.0,242.95
2022-10-03,GB,Leicester,pm25,19,25.0,51.0,34.0,423.33
2022-10-03,GB,Manchester,pm25,82,28.0,55.0,34.0,539.56
2022-10-03,GB,Reading,pm25,48,9.0,59.0,30.0,1666.22
2022-10-03,GB,Plymouth,pm25,36,9.0,45.0,17.0,579.9
2022-10-03,GB,Glasgow,pm25,547,7.0,29.0,14.0,185.46
2022-10-03,GB,Preston,pm25,39,24.0,56.0,30.0,531.13
2022-10-03,GB,Swansea,pm25,165,5.0,93.0,25.0,2490.12
2022-10-03,GB,Southend-on-Sea,pm25,45,24.0,58.0,34.0,1173.36
2022-10-03,ID,Jakarta,pm25,71,59.0,162.0,95.0,8313.27
2022-10-03,ML,Bamako,pm25,24,34.0,149.0,61.0,7015.2
2022-10-03,NP,Kathmandu,pm25,48,21.0,93.0,59.0,3178.26
2022-10-03,NP,Biratnagar,pm25,24,10.0,73.0,51.0,2826.07
2022-10-03,AU,Sydney,pm25,131,1.0,60.0,17.0,1705.81
2022-10-03,AU,Newcastle,pm25,121,1.0,86.0,20.0,1984.13
2022-10-03,AU,Launceston,pm25,154,5.0,112.0,13.0,2179.47
2022-10-03,AU,Hobart,pm25,62,5.0,25.0,9.0,218.34
2022-10-03,AU,Darwin,pm25,68,5.0,48.0,28.0,841.97
2022-10-03,AU,Melbourne,pm25,138,3.0,71.0,35.0,1949.18
2022-10-03,AU,Canberra,pm25,48,1.0,70.0,30.0,2772.75
2022-10-03,AU,Adelaide,pm25,68,5.0,45.0,11.0,719.45
2022-10-03,AU,Brisbane,pm25,211,1.0,51.0,15.0,1039.97
2022-10-03,AU,Perth,pm25,83,2.0,18.0,5.0,186.82
2022-10-03,AU,Wollongong,pm25,38,1.0,52.0,17.0,2223.1
2022-10-03,CI,Abidjan,pm25,21,9.0,99.0,53.0,6331.0
2022-10-03,GH,Accra,pm25,24,21.0,80.0,42.0,2140.71
2022-10-03,IQ,Baghdad,pm25,24,80.0,207.0,163.0,12503.7
2022-10-03,IS,Reykjavík,pm25,96,3.0,36.0,13.0,284.63
2022-10-03,KG,Bishkek,pm25,24,78.0,151.0,102.0,2998.48
2022-10-03,NL,Utrecht,pm25,48,17.0,83.0,40.0,1871.47
2022-10-03,NL,Nijmegen,pm25,47,1.0,64.0,36.0,1912.65
2022-10-03,NL,Haarlem,pm25,144,1.0,61.0,26.0,1107.84
2022-10-03,NL,Eindhoven,pm25,24,26.0,83.0,54.0,2286.88
2022-10-03,NL,Rotterdam,pm25,191,13.0,66.0,29.0,1183.02
2022-10-03,NL,Amsterdam,pm25,258,1.0,73.0,26.0,1668.22
2022-10-03,NL,Dordrecht,pm25,24,9.0,50.0,30.0,1366.01
2022-10-03,NL,Breda,pm25,48,12.0,63.0,36.0,1770.31
2022-10-03,NL,Groningen,pm25,48,3.0,48.0,18.0,794.31
2022-10-03,NL,Maastricht,pm25,93,5.0,95.0,46.0,3371.81
2022-10-03,NL,The Hague,pm25,72,5.0,53.0,27.0,1150.92
2022-10-03,PT,Lisbon,pm25,44,18.0,72.0,51.0,1909.11
2022-10-03,PT,Funchal,pm25,50,3.0,43.0,18.0,1122.43
2022-10-03,CA,Hamilton,pm25,86,9.0,55.0,25.0,1348.11
2022-10-03,CA,Calgary,pm25,92,11.0,96.0,39.0,2085.15
2022-10-03,CA,Winnipeg,pm25,24,40.0,60.0,47.0,390.85
2022-10-03,CA,Halifax,pm25,46,8.0,24.0,15.0,125.94
2022-10-03,CA,Kitchener,pm25,41,5.0,55.0,17.0,2251.98
2022-10-03,CA,Edmonton,pm25,121,1.0,59.0,28.0,1847.68
2022-10-03,CA,Surrey,pm25,94,26.0,106.0,61.0,2803.43
2022-10-03,CA,Mississauga,pm25,68,5.0,114.0,17.0,2991.53
2022-10-03,CA,Québec,pm25,149,7.0,47.0,16.0,683.14
2022-10-03,CA,Vancouver,pm25,165,6.0,132.0,59.0,5452.26
2022-10-03,CA,Victoria,pm25,32,30.0,85.0,46.0,1373.38
2022-10-03,CA,Montréal,pm25,458,6.0,142.0,30.0,3564.08
2022-10-03,CA,Toronto,pm25,124,5.0,59.0,13.0,1096.33
2022-10-03,CA,Ottawa,pm25,58,5.0,57.0,16.0,1035.68
2022-10-03,CA,London,pm25,36,9.0,53.0,13.0,2046.0
2022-10-03,US,Oklahoma City,pm25,96,25.0,107.0,38.0,2941.68
2022-10-03,US,Raleigh,pm25,51,3.0,30.0,13.0,308.01
2022-10-03,US,Memphis,pm25,72,20.0,57.0,33.0,504.65
2022-10-03,US,Jackson,pm25,70,15.0,82.0,30.0,1888.12
2022-10-03,US,Boston,pm25,88,9.0,74.0,21.0,632.87
2022-10-03,US,Richmond,pm25,96,9.0,23.0,13.0,51.56
2022-10-03,US,Portland,pm25,192,25.0,78.0,43.0,1016.35
2022-10-03,US,Boise,pm25,48,5.0,54.0,25.0,1294.04
2022-10-03,US,Austin,pm25,46,9.0,78.0,38.0,2893.22
2022-10-03,US,Honolulu,pm25,12,5.0,34.0,17.0,595.38
2022-10-03,US,Fresno,pm25,48,3.0,59.0,30.0,1909.29
2022-10-03,US,Milwaukee,pm25,144,9.0,70.0,20.0,808.87
2022-10-03,US,Hartford,pm25,48,9.0,19.0,13.0,104.64
2022-10-03,US,Washington D.C.,pm25,108,5.0,30.0,13.0,341.88
2022-10-03,US,Chicago,pm25,230,3.0,64.0,16.0,1809.25
2022-10-03,US,Houston,pm25,96,7.0,87.0,47.0,2872.4
2022-10-03,US,Indianapolis,pm25,138,2.0,85.0,23.0,2473.69
2022-10-03,US,Charlotte,pm25,61,4.0,38.0,13.0,769.46
2022-10-03,US,Sacramento,pm25,72,5.0,50.0,22.0,952.32
2022-10-03,US,Oakland,pm25,111,5.0,55.0,21.0,1499.22
2022-10-03,US,Providence,pm25,65,5.0,25.0,13.0,345.15
2022-10-03,US,Staten Island,pm25,78,1.0,56.0,16.0,1120.63
2022-10-03,US,Brooklyn,pm25,137,1.0,29.0,15.0,454.98
2022-10-03,US,Springfield,pm25,48,13.0,51.0,20.0,733.12
2022-10-03,US,The Bronx,pm25,48,2.0,25.0,10.0,386.34
2022-10-03,US,San Jose,pm25,88,5.0,57.0,25.0,1348.97
2022-10-03,US,Los Angeles,pm25,48,28.0,66.0,43.0,769.5
2022-10-03,US,Detroit,pm25,168,12.0,107.0,23.0,2033.51
2022-10-03,US,Little Rock,pm25,22,4.0,131.0,22.0,10114.9
2022-10-03,US,Baltimore,pm25,45,5.0,38.0,14.0,417.45
2022-10-03,US,Phoenix,pm25,179,1.0,178.0,24.0,3624.73
2022-10-03,US,Omaha,pm25,48,5.0,55.0,25.0,1169.72
2022-10-03,US,El Paso,pm25,145,3.0,68.0,25.0,1916.79
2022-10-03,US,Dallas,pm25,24,25.0,89.0,57.0,3149.4
2022-10-03,US,Seattle,pm25,261,59.0,127.0,82.0,1583.32
2022-10-03,US,Manhattan,pm25,67,1.0,27.0,10.0,453.7
2022-10-03,US,Miami,pm25,83,18.0,37.0,24.0,228.97
2022-10-03,US,Jacksonville,pm25,138,2.0,51.0,28.0,825.72
2022-10-03,US,San Antonio,pm25,94,9.0,65.0,42.0,1499.36
2022-10-03,US,Philadelphia,pm25,86,1.0,26.0,13.0,495.81
2022-10-03,US,San Diego,pm25,24,28.0,40.0,32.0,87.37
2022-10-03,US,Columbus,pm25,46,3.0,30.0,16.0,367.83
2022-10-03,US,Saint Paul,pm25,143,5.0,56.0,30.0,1137.45
2022-10-03,US,Denver,pm25,123,9.0,53.0,21.0,761.1
2022-10-03,US,Salt Lake City,pm25,216,9.0,66.0,21.0,1048.03
2022-10-03,US,Albuquerque,pm25,72,11.0,26.0,18.0,125.68
2022-10-03,US,San Francisco,pm25,70,5.0,65.0,25.0,1123.53
2022-10-03,US,Salem,pm25,71,13.0,57.0,30.0,1289.96
2022-10-03,US,Madison,pm25,48,10.0,73.0,19.0,1046.1
2022-10-03,US,Nashville,pm25,70,5.0,38.0,21.0,434.5
2022-10-03,US,Tucson,pm25,144,5.0,104.0,17.0,3470.49
2022-10-03,US,Queens,pm25,87,1.0,25.0,14.0,456.02
2022-10-03,US,Tallahassee,pm25,72,5.0,43.0,24.0,842.38
2022-10-03,US,Fort Worth,pm25,43,5.0,85.0,37.0,2970.52
2022-10-03,RS,Novi Sad,pm25,46,12.0,58.0,24.0,918.5
2022-10-03,RS,Niš,pm25,48,25.0,114.0,43.0,3995.46
2022-10-03,RS,Belgrade,pm25,168,11.0,43.0,20.0,353.76
2022-10-03,CY,Nicosia,pm25,24,34.0,89.0,64.0,1324.93
2022-10-03,CY,Limassol,pm25,24,40.0,106.0,59.0,2688.24
2022-10-03,HR,Zagreb,pm25,20,15.0,60.0,33.0,2990.63
2022-10-03,MK,Skopje,pm25,120,5.0,92.0,47.0,3594.79
2022-10-04,GE,Tbilisi,pm25,55,34.0,84.0,53.0,1263.04
2022-10-04,HU,Győr,pm25,21,17.0,63.0,25.0,2021.57
2022-10-04,HU,Szeged,pm25,20,17.0,46.0,25.0,755.03
2022-10-04,HU,Pécs,pm25,23,13.0,70.0,25.0,2966.96
2022-10-04,HU,Kecskemét,pm25,15,17.0,34.0,21.0,224.1
2022-10-04,HU,Miskolc,pm25,79,5.0,102.0,30.0,6704.45
2022-10-04,HU,Budapest,pm25,92,9.0,59.0,21.0,1077.38
2022-10-04,JP,Fukuoka,pm25,369,5.0,109.0,38.0,2287.3
2022-10-04,JP,Kanazawa,pm25,216,5.0,70.0,30.0,1367.1
2022-10-04,JP,Kumamoto,pm25,338,5.0,219.0,38.0,4514.76
2022-10-04,JP,Akita,pm25,43,5.0,72.0,46.0,2738.85
2022-10-04,JP,Kochi,pm25,48,9.0,59.0,30.0,1267.16
2022-10-04,JP,Gifu-shi,pm25,174,5.0,89.0,55.0,2038.06
2022-10-04,JP,Kyoto,pm25,537,17.0,72.0,42.0,1003.17
2022-10-04,JP,Hiroshima,pm25,320,5.0,74.0,46.0,1956.8
2022-10-04,JP,Shizuoka,pm25,242,5.0,76.0,34.0,1951.23
2022-10-04,JP,Chiba,pm25,759,5.0,112.0,42.0,2211.69
2022-10-04,JP,Sapporo,pm25,188,5.0,68.0,25.0,2681.19
2022-10-04,JP,Yokohama,pm25,528,1.0,74.0,38.0,1404.1
2022-10-04,JP,Tokyo,pm25,2432,1.0,129.0,42.0,1196.34
2022-10-04,JP,Saitama,pm25,497,17.0,151.0,59.0,2563.73
2022-10-04,JP,Naha,pm25,138,25.0,55.0,38.0,620.68
2022-10-04,JP,Nagasaki,pm25,175,5.0,55.0,25.0,1018.59
2022-10-04,JP,Toyama,pm25,190,5.0,74.0,38.0,1839.27
2022-10-04,JP,Niigata,pm25,202,5.0,61.0,46.0,1611.51
2022-10-04,JP,Nara-shi,pm25,186,9.0,59.0,38.0,1130.19
2022-10-04,JP,Okayama,pm25,284,17.0,76.0,42.0,1544.52
2022-10-04,JP,Sendai,pm25,470,25.0,76.0,55.0,441.58
2022-10-04,JP,Osaka,pm25,1356,5.0,107.0,34.0,1346.07
2022-10-04,JP,Miyazaki,pm25,94,9.0,91.0,34.0,2939.82
2022-10-04,JP,Matsuyama,pm25,157,5.0,72.0,38.0,2670.24
2022-10-04,JP,Wakayama,pm25,280,5.0,76.0,34.0,865.49
2022-10-04,JP,Takamatsu,pm25,233,5.0,97.0,34.0,2954.2
2022-10-04,JP,Nagoya,pm25,755,9.0,134.0,42.0,1158.97
2022-10-04,JP,Ōita,pm25,254,5.0,85.0,34.0,2571.69
2022-10-04,JP,Kobe,pm25,413,5.0,93.0,34.0,895.75
2022-10-04,JP,Nagano,pm25,70,9.0,97.0,46.0,3481.03
2022-10-04,JP,Utsunomiya,pm25,396,38.0,95.0,63.0,852.02
2022-10-04,JP,Kagoshima,pm25,88,5.0,63.0,25.0,1598.14
2022-10-04,SK,Košice,pm25,91,5.0,122.0,30.0,3893.48
2022-10-04,SK,Bratislava,pm25,83,5.0,53.0,17.0,1418.71
2022-10-04,FI,Vantaa,pm25,24,9.0,22.0,15.0,146.67
2022-10-04,FI,Turku,pm25,24,10.0,37.0,19.0,522.83
2022-10-04,FI,Helsinki,pm25,120,5.0,42.0,14.0,290.43
2022-10-04,FI,Tampere,pm25,96,8.0,54.0,18.0,847.92
2022-10-04,ET,Addis Ababa,pm25,24,50.0,158.0,85.0,9600.42
2022-10-04,CH,Zürich,pm25,20,2.0,3.0,3.0,2.53
2022-10-04,CO,Bogotá,pm25,329,5.0,162.0,59.0,6554.29
2022-10-04,CO,Medellín,pm25,246,25.0,76.0,53.0,1274.72
2022-10-04,DK,Copenhagen,pm25,24,17.0,51.0,32.0,1128.62
2022-10-04,GB,Edinburgh,pm25,287,2.0,57.0,8.0,1026.85
2022-10-04,GB,Norwich,pm25,18,13.0,49.0,34.0,1048.79
2022-10-04,GB,Liverpool,pm25,29,3.0,42.0,21.0,1120.47
2022-10-04,GB,Belfast,pm25,24,7.0,21.0,13.0,114.33
2022-10-04,GB,Coventry,pm25,51,8.0,28.0,17.0,177.7
2022-10-04,GB,Leeds,pm25,35,10.0,42.0,30.0,795.26
2022-10-04,GB,Cardiff,pm25,93,5.0,59.0,30.0,1825.13
2022-10-04,GB,Bristol,pm25,68,5.0,30.0,17.0,320.32
2022-10-04,GB,London,pm25,545,2.0,117.0,25.0,1976.52
2022-10-04,GB,Birmingham,pm25,30,13.0,34.0,17.0,342.58
2022-10-04,GB,Sheffield,pm25,64,9.0,38.0,25.0,412.7
2022-10-04,GB,Newport,pm25,46,8.0,21.0,14.0,164.1
2022-10-04,GB,Leicester,pm25,21,16.0,33.0,25.0,264.48
2022-10-04,GB,Manchester,pm25,77,6.0,46.0,14.0,913.06
2022-10-04,GB,Reading,pm25,32,5.0,21.0,13.0,282.42
2022-10-04,GB,Plymouth,pm25,40,5.0,32.0,17.0,708.92
2022-10-04,GB,Glasgow,pm25,553,2.0,50.0,14.0,425.46
2022-10-04,GB,Preston,pm25,34,4.0,34.0,12.0,716.8
2022-10-04,GB,Swansea,pm25,142,5.0,78.0,30.0,3594.04
2022-10-04,GB,Southend-on-Sea,pm25,39,6.0,56.0,25.0,1978.84
2022-10-04,ID,Jakarta,pm25,71,25.0,152.0,80.0,5644.25
2022-10-04,ML,Bamako,pm25,24,42.0,119.0,61.0,3898.26
2022-10-04,NP,Kathmandu,pm25,47,9.0,85.0,42.0,3515.09
2022-10-04,NP,Biratnagar,pm25,24,3.0,52.0,24.0,2106.07
2022-10-04,AU,Sydney,pm25,132,1.0,41.0,16.0,608.15
2022-10-04,AU,Newcastle,pm25,123,1.0,57.0,19.0,1564.82
2022-10-04,AU,Launceston,pm25,129,5.0,89.0,9.0,954.59
2022-10-04,AU,Hobart,pm25,54,5.0,25.0,9.0,203.72
2022-10-04,AU,Darwin,pm25,61,1.0,54.0,19.0,1179.37
2022-10-04,AU,Melbourne,pm25,137,1.0,57.0,26.0,1241.19
2022-10-04,AU,Canberra,pm25,69,3.0,62.0,32.0,2084.29
2022-10-04,AU,Adelaide,pm25,77,3.0,46.0,13.0,545.96
2022-10-04,AU,Brisbane,pm25,205,1.0,61.0,14.0,1200.87
2022-10-04,AU,Perth,pm25,84,2.0,15.0,4.0,171.38
2022-10-04,AU,Wollongong,pm25,41,1.0,60.0,18.0,2493.06
2022-10-04,CI,Abidjan,pm25,22,5.0,63.0,38.0,2836.47
2022-10-04,GH,Accra,pm25,24,9.0,82.0,30.0,4582.54
2022-10-04,IQ,Baghdad,pm25,24,95.0,207.0,154.0,7504.06
2022-10-04,IS,Reykjavík,pm25,96,3.0,17.0,10.0,123.37
2022-10-04,KG,Bishkek,pm25,24,55.0,107.0,72.0,1464.93
2022-10-04,NL,Utrecht,pm25,48,37.0,69.0,51.0,621.21
2022-10-04,NL,Nijmegen,pm25,48,8.0,70.0,46.0,1719.41
2022-10-04,NL,Haarlem,pm25,144,10.0,88.0,45.0,2682.79
2022-10-04,NL,Eindhoven,pm25,24,19.0,72.0,60.0,1289.55
2022-10-04,NL,Rotterdam,pm25,192,14.0,70.0,47.0,1288.94
2022-10-04,NL,Amsterdam,pm25,264,4.0,108.0,45.0,1937.54
2022-10-04,NL,Dordrecht,pm25,24,25.0,64.0,50.0,1104.93
2022-10-04,NL,Breda,pm25,48,5.0,67.0,49.0,2478.4
2022-10-04,NL,Groningen,pm25,48,6.0,58.0,40.0,1548.44
2022-10-04,NL,Maastricht,pm25,95,5.0,97.0,42.0,3796.78
2022-10-04,NL,The Hague,pm25,72,11.0,65.0,49.0,1747.28
2022-10-04,PT,Lisbon,pm25,49,20.0,65.0,49.0,1338.3
2022-10-04,PT,Funchal,pm25,58,14.0,152.0,87.0,14663.1
2022-10-04,CA,Hamilton,pm25,95,9.0,104.0,30.0,2623.81
2022-10-04,CA,Calgary,pm25,92,15.0,82.0,41.0,2714.81
2022-10-04,CA,Winnipeg,pm25,24,39.0,107.0,51.0,2747.66
2022-10-04,CA,Halifax,pm25,46,5.0,28.0,14.0,336.42
2022-10-04,CA,Kitchener,pm25,47,9.0,59.0,17.0,2684.63
2022-10-04,CA,Edmonton,pm25,137,1.0,107.0,47.0,3343.8
2022-10-04,CA,Surrey,pm25,96,26.0,84.0,56.0,1622.76
2022-10-04,CA,Mississauga,pm25,69,9.0,104.0,21.0,3539.85
2022-10-04,CA,Québec,pm25,168,12.0,54.0,22.0,560.8
2022-10-04,CA,Vancouver,pm25,165,18.0,84.0,50.0,2038.92
2022-10-04,CA,Victoria,pm25,47,13.0,122.0,34.0,3668.07
2022-10-04,CA,Montréal,pm25,443,21.0,79.0,52.0,1556.66
2022-10-04,CA,Toronto,pm25,135,5.0,132.0,25.0,2718.1
2022-10-04,CA,Ottawa,pm25,70,9.0,57.0,20.0,1092.33
2022-10-04,CA,London,pm25,46,9.0,61.0,17.0,2233.05
2022-10-04,US,Oklahoma City,pm25,94,28.0,71.0,46.0,949.0
2022-10-04,US,Raleigh,pm25,56,5.0,38.0,13.0,471.36
2022-10-04,US,Memphis,pm25,71,17.0,54.0,30.0,681.62
2022-10-04,US,Jackson,pm25,72,9.0,67.0,43.0,1797.46
2022-10-04,US,Boston,pm25,109,9.0,46.0,21.0,481.59
2022-10-04,US,Richmond,pm25,96,8.0,15.0,13.0,38.0
2022-10-04,US,Portland,pm25,192,18.0,72.0,43.0,1555.25
2022-10-04,US,Boise,pm25,44,9.0,61.0,26.0,1592.83
2022-10-04,US,Austin,pm25,46,9.0,74.0,38.0,2753.86
2022-10-04,US,Fresno,pm25,48,20.0,69.0,44.0,1448.15
2022-10-04,US,Milwaukee,pm25,142,15.0,80.0,33.0,1868.57
2022-10-04,US,Hartford,pm25,48,12.0,21.0,15.0,56.58
2022-10-04,US,Washington D.C.,pm25,107,5.0,34.0,12.0,210.53
2022-10-04,US,Chicago,pm25,237,15.0,89.0,42.0,2685.73
2022-10-04,US,Houston,pm25,94,5.0,83.0,43.0,2403.22
2022-10-04,US,Indianapolis,pm25,139,5.0,143.0,32.0,6006.99
2022-10-04,US,Charlotte,pm25,69,5.0,53.0,21.0,870.18
2022-10-04,US,Sacramento,pm25,71,10.0,97.0,30.0,1678.74
2022-10-04,US,Oakland,pm25,117,5.0,65.0,34.0,1035.04
2022-10-04,US,Providence,pm25,49,5.0,25.0,13.0,324.49
2022-10-04,US,Staten Island,pm25,87,1.0,30.0,10.0,419.82
2022-10-04,US,Brooklyn,pm25,135,1.0,69.0,13.0,2212.15
2022-10-04,US,Springfield,pm25,48,15.0,72.0,23.0,1799.96
2022-10-04,US,The Bronx,pm25,46,3.0,20.0,8.0,234.21
2022-10-04,US,San Jose,pm25,94,5.0,63.0,30.0,1523.14
2022-10-04,US,Los Angeles,pm25,48,31.0,68.0,52.0,634.75
2022-10-04,US,Detroit,pm25,166,13.0,155.0,53.0,9313.07
2022-10-04,US,Little Rock,pm25,18,10.0,136.0,42.0,12664.2
2022-10-04,US,Baltimore,pm25,48,5.0,25.0,14.0,256.31
2022-10-04,US,Phoenix,pm25,180,1.0,55.0,13.0,924.26
2022-10-04,US,Omaha,pm25,48,13.0,68.0,38.0,1543.4
2022-10-04,US,El Paso,pm25,155,5.0,64.0,25.0,2603.9
2022-10-04,US,Dallas,pm25,24,38.0,74.0,50.0,1090.42
2022-10-04,US,Seattle,pm25,264,21.0,99.0,57.0,1908.46
2022-10-04,US,Manhattan,pm25,70,2.0,27.0,10.0,341.86
2022-10-04,US,Miami,pm25,90,18.0,39.0,25.0,225.57
2022-10-04,US,Jacksonville,pm25,141,8.0,53.0,22.0,796.7
2022-10-04,US,San Antonio,pm25,90,5.0,100.0,46.0,3097.93
2022-10-04,US,Philadelphia,pm25,87,2.0,23.0,10.0,185.4
2022-10-04,US,San Diego,pm25,24,40.0,59.0,50.0,334.76
2022-10-04,US,Columbus,pm25,46,1.0,43.0,20.0,940.1
2022-10-04,US,Saint Paul,pm25,144,13.0,69.0,42.0,1259.79
2022-10-04,US,Denver,pm25,146,17.0,68.0,38.0,1498.49
2022-10-04,US,Salt Lake City,pm25,215,11.0,59.0,23.0,1038.17
2022-10-04,US,Albuquerque,pm25,68,7.0,29.0,15.0,167.61
2022-10-04,US,San Francisco,pm25,69,9.0,78.0,25.0,1401.1
2022-10-04,US,Salem,pm25,72,21.0,55.0,37.0,980.44
2022-10-04,US,Madison,pm25,48,15.0,48.0,30.0,912.75
2022-10-04,US,Nashville,pm25,71,5.0,56.0,30.0,1330.78
2022-10-04,US,Tucson,pm25,159,5.0,109.0,21.0,4898.57
2022-10-04,US,Queens,pm25,85,1.0,45.0,12.0,565.29
2022-10-04,US,Tallahassee,pm25,72,5.0,89.0,25.0,1424.36
2022-10-04,US,Fort Worth,pm25,47,5.0,82.0,34.0,3085.34
2022-10-04,RS,Novi Sad,pm25,48,15.0,81.0,30.0,3300.85
2022-10-04,RS,Niš,pm25,48,20.0,88.0,41.0,3084.04
2022-10-04,RS,Belgrade,pm25,167,11.0,91.0,27.0,2096.38
2022-10-04,CY,Nicosia,pm25,24,51.0,72.0,62.0,324.33
2022-10-04,CY,Limassol,pm25,24,49.0,76.0,62.0,341.14
2022-10-04,HR,Zagreb,pm25,24,15.0,74.0,50.0,3287.66
2022-10-04,MK,Skopje,pm25,117,5.0,108.0,36.0,5801.85
2022-10-05,GE,Tbilisi,pm25,74,63.0,125.0,72.0,4718.63
2022-10-05,HU,Győr,pm25,24,21.0,107.0,38.0,5806.07
2022-10-05,HU,Szeged,pm25,23,17.0,46.0,34.0,782.92
2022-10-05,HU,Pécs,pm25,23,21.0,85.0,55.0,3408.1
2022-10-05,HU,Kecskemét,pm25,24,17.0,55.0,46.0,2266.07
2022-10-05,HU,Miskolc,pm25,69,42.0,102.0,59.0,1632.14
2022-10-05,HU,Budapest,pm25,88,17.0,70.0,46.0,1380.45
2022-10-05,JP,Fukuoka,pm25,356,5.0,65.0,21.0,1091.29
2022-10-05,JP,Kanazawa,pm25,199,5.0,46.0,13.0,577.16
2022-10-05,JP,Kumamoto,pm25,284,5.0,85.0,17.0,1981.1
2022-10-05,JP,Akita,pm25,34,5.0,55.0,13.0,1274.63
2022-10-05,JP,Kochi,pm25,41,5.0,82.0,30.0,2624.48
2022-10-05,JP,Gifu-shi,pm25,134,5.0,129.0,25.0,4294.39
2022-10-05,JP,Kyoto,pm25,482,5.0,59.0,21.0,1467.5
2022-10-05,JP,Hiroshima,pm25,208,5.0,53.0,13.0,1516.75
2022-10-05,JP,Shizuoka,pm25,232,5.0,76.0,34.0,2670.09
2022-10-05,JP,Chiba,pm25,675,5.0,97.0,30.0,3416.29
2022-10-05,JP,Sapporo,pm25,165,5.0,42.0,13.0,631.63
2022-10-05,JP,Yokohama,pm25,532,1.0,68.0,25.0,2517.67
2022-10-05,JP,Tokyo,pm25,2377,1.0,181.0,30.0,3909.78
2022-10-05,JP,Saitama,pm25,473,5.0,85.0,25.0,6063.2
2022-10-05,JP,Naha,pm25,144,17.0,68.0,30.0,1173.71
2022-10-05,JP,Nagasaki,pm25,160,5.0,68.0,17.0,1179.44
2022-10-05,JP,Toyama,pm25,164,5.0,63.0,17.0,1363.56
2022-10-05,JP,Niigata,pm25,204,5.0,38.0,17.0,456.47
2022-10-05,JP,Nara-shi,pm25,171,5.0,55.0,21.0,1446.57
2022-10-05,JP,Okayama,pm25,245,5.0,85.0,17.0,1301.57
2022-10-05,JP,Sendai,pm25,395,5.0,63.0,13.0,476.32
2022-10-05,JP,Osaka,pm25,1145,5.0,153.0,17.0,1731.21
2022-10-05,JP,Miyazaki,pm25,109,5.0,74.0,34.0,1946.03
2022-10-05,JP,Matsuyama,pm25,125,5.0,59.0,17.0,1756.46
2022-10-05,JP,Wakayama,pm25,254,5.0,57.0,21.0,1683.85
2022-10-05,JP,Takamatsu,pm25,186,5.0,55.0,13.0,1197.15
2022-10-05,JP,Nagoya,pm25,663,5.0,78.0,17.0,2281.03
2022-10-05,JP,Ōita,pm25,205,5.0,42.0,17.0,824.68
2022-10-05,JP,Kobe,pm25,380,5.0,93.0,17.0,1537.23
2022-10-05,JP,Nagano,pm25,29,5.0,50.0,9.0,1198.5
2022-10-05,JP,Utsunomiya,pm25,369,5.0,78.0,21.0,4575.48
2022-10-05,JP,Kagoshima,pm25,85,9.0,63.0,25.0,1632.04
2022-10-05,SK,Košice,pm25,96,13.0,89.0,46.0,3470.23
2022-10-05,SK,Bratislava,pm25,95,9.0,63.0,34.0,1720.32
2022-10-05,FI,Vantaa,pm25,24,11.0,35.0,27.0,648.53
2022-10-05,FI,Turku,pm25,24,12.0,42.0,20.0,739.4
2022-10-05,FI,Helsinki,pm25,120,9.0,68.0,25.0,1505.76
2022-10-05,FI,Tampere,pm25,96,9.0,52.0,19.0,991.26
2022-10-05,ET,Addis Ababa,pm25,21,53.0,87.0,63.0,981.57
2022-10-05,CH,Zürich,pm25,24,1.0,6.0,3.0,15.58
2022-10-05,CO,Bogotá,pm25,334,17.0,164.0,74.0,7128.35
2022-10-05,CO,Medellín,pm25,293,21.0,80.0,53.0,1565.02
2022-10-05,DK,Copenhagen,pm25,24,27.0,44.0,35.0,182.32
2022-10-05,GB,Edinburgh,pm25,283,2.0,61.0,7.0,1012.89
2022-10-05,GB,Norwich,pm25,18,12.0,21.0,14.0,100.29
2022-10-05,GB,Liverpool,pm25,43,3.0,53.0,17.0,1459.68
2022-10-05,GB,Belfast,pm25,10,9.0,17.0,9.0,78.22
2022-10-05,GB,Coventry,pm25,56,10.0,24.0,13.0,62.79
2022-10-05,GB,Leeds,pm25,38,4.0,55.0,21.0,1629.79
2022-10-05,GB,Cardiff,pm25,94,9.0,59.0,38.0,2503.7
2022-10-05,GB,Bristol,pm25,67,13.0,61.0,30.0,1081.97
2022-10-05,GB,London,pm25,521,1.0,93.0,21.0,1680.16
2022-10-05,GB,Birmingham,pm25,37,9.0,19.0,13.0,66.37
2022-10-05,GB,Sheffield,pm25,52,9.0,25.0,13.0,153.86
2022-10-05,GB,Newport,pm25,45,2.0,34.0,19.0,703.45
2022-10-05,GB,Leicester,pm25,21,13.0,26.0,17.0,153.9
2022-10-05,GB,Manchester,pm25,79,4.0,31.0,13.0,408.83
2022-10-05,GB,Reading,pm25,30,5.0,25.0,9.0,431.26
2022-10-05,GB,Plymouth,pm25,40,9.0,52.0,21.0,1873.53
2022-10-05,GB,Glasgow,pm25,567,2.0,38.0,9.0,299.68
2022-10-05,GB,Preston,pm25,46,4.0,23.0,9.0,302.96
2022-10-05,GB,Swansea,pm25,154,5.0,167.0,34.0,3430.51
2022-10-05,GB,Southend-on-Sea,pm25,45,3.0,28.0,17.0,264.34
2022-10-05,ID,Jakarta,pm25,71,30.0,155.0,87.0,7630.81
2022-10-05,ML,Bamako,pm25,24,50.0,154.0,91.0,9389.98
2022-10-05,NP,Kathmandu,pm25,36,5.0,85.0,34.0,3996.66
2022-10-05,NP,Biratnagar,pm25,23,1.0,68.0,16.0,2544.51
2022-10-05,AU,Sydney,pm25,133,1.0,46.0,14.0,498.75
2022-10-05,AU,Newcastle,pm25,119,1.0,38.0,18.0,850.7
2022-10-05,AU,Launceston,pm25,116,5.0,57.0,9.0,1036.97
2022-10-05,AU,Hobart,pm25,43,5.0,50.0,9.0,1075.88
2022-10-05,AU,Darwin,pm25,69,2.0,47.0,17.0,1381.46
2022-10-05,AU,Melbourne,pm25,135,1.0,61.0,25.0,1513.55
2022-10-05,AU,Canberra,pm25,56,1.0,36.0,12.0,1047.01
2022-10-05,AU,Adelaide,pm25,80,5.0,46.0,17.0,1030.53
2022-10-05,AU,Brisbane,pm25,200,1.0,70.0,13.0,2010.2
2022-10-05,AU,Perth,pm25,89,2.0,18.0,6.0,216.48
2022-10-05,AU,Wollongong,pm25,44,2.0,54.0,14.0,1685.68
2022-10-05,CI,Abidjan,pm25,24,5.0,65.0,34.0,2773.03
2022-10-05,GH,Accra,pm25,24,9.0,85.0,30.0,3237.32
2022-10-05,IQ,Baghdad,pm25,24,89.0,269.0,153.0,15980.6
2022-10-05,IS,Reykjavík,pm25,96,4.0,27.0,12.0,262.52
2022-10-05,KG,Bishkek,pm25,12,59.0,134.0,74.0,4348.11
2022-10-05,NL,Utrecht,pm25,48,20.0,58.0,38.0,929.0
2022-10-05,NL,Nijmegen,pm25,48,11.0,55.0,36.0,1037.19
2022-10-05,NL,Haarlem,pm25,134,2.0,66.0,22.0,2282.18
2022-10-05,NL,Eindhoven,pm25,24,12.0,76.0,54.0,2765.49
2022-10-05,NL,Rotterdam,pm25,190,6.0,36.0,20.0,352.31
2022-10-05,NL,Amsterdam,pm25,234,1.0,45.0,17.0,729.76
2022-10-05,NL,Dordrecht,pm25,23,21.0,53.0,30.0,622.37
2022-10-05,NL,Breda,pm25,48,1.0,54.0,25.0,2206.45
2022-10-05,NL,Groningen,pm25,46,2.0,54.0,23.0,1107.39
2022-10-05,NL,Maastricht,pm25,95,5.0,76.0,34.0,3338.46
2022-10-05,NL,The Hague,pm25,66,3.0,34.0,16.0,328.94
2022-10-05,PT,Lisbon,pm25,34,8.0,59.0,30.0,1814.38
2022-10-05,PT,Funchal,pm25,70,3.0,157.0,99.0,21332.1
2022-10-05,CA,Hamilton,pm25,93,13.0,72.0,34.0,1920.12
2022-10-05,CA,Calgary,pm25,86,23.0,167.0,60.0,12871.9
2022-10-05,CA,Winnipeg,pm25,23,38.0,122.0,75.0,6879.49
2022-10-05,CA,Halifax,pm25,46,9.0,25.0,18.0,117.02
2022-10-05,CA,Kitchener,pm25,44,17.0,63.0,30.0,1772.83
2022-10-05,CA,Edmonton,pm25,131,2.0,102.0,48.0,3834.28
2022-10-05,CA,Surrey,pm25,90,26.0,62.0,42.0,652.53
2022-10-05,CA,Mississauga,pm25,72,13.0,107.0,30.0,5634.58
2022-10-05,CA,Québec,pm25,178,16.0,62.0,35.0,1057.98
2022-10-05,CA,Vancouver,pm25,160,20.0,64.0,42.0,879.13
2022-10-05,CA,Victoria,pm25,46,5.0,65.0,34.0,1953.42
2022-10-05,CA,Montréal,pm25,451,18.0,80.0,55.0,1861.94
2022-10-05,CA,Toronto,pm25,139,5.0,65.0,30.0,2254.93
2022-10-05,CA,Ottawa,pm25,71,17.0,50.0,29.0,837.46
2022-10-05,CA,London,pm25,46,13.0,63.0,34.0,2164.62
2022-10-05,US,Oklahoma City,pm25,96,33.0,70.0,50.0,606.6
2022-10-05,US,Raleigh,pm25,69,5.0,70.0,18.0,1495.85
2022-10-05,US,Memphis,pm25,59,23.0,62.0,35.0,1106.26
2022-10-05,US,Jackson,pm25,72,2.0,75.0,44.0,3169.42
2022-10-05,US,Boston,pm25,137,5.0,65.0,17.0,461.75
2022-10-05,US,Richmond,pm25,96,8.0,27.0,11.0,197.52
2022-10-05,US,Portland,pm25,192,19.0,80.0,50.0,1340.97
2022-10-05,US,Boise,pm25,48,5.0,57.0,34.0,1784.75
2022-10-05,US,Austin,pm25,42,5.0,80.0,42.0,3052.31
2022-10-05,US,Honolulu,pm25,15,5.0,25.0,9.0,416.0
2022-10-05,US,Fresno,pm25,44,23.0,85.0,43.0,1804.16
2022-10-05,US,Milwaukee,pm25,144,19.0,82.0,39.0,1900.91
2022-10-05,US,Hartford,pm25,47,11.0,41.0,15.0,183.25
2022-10-05,US,Washington D.C.,pm25,102,5.0,30.0,13.0,181.81
2022-10-05,US,Chicago,pm25,239,8.0,114.0,40.0,3551.6
2022-10-05,US,Houston,pm25,93,31.0,107.0,56.0,1995.25
2022-10-05,US,Indianapolis,pm25,144,13.0,164.0,51.0,9240.15
2022-10-05,US,Atlanta,pm25,17,16.0,51.0,25.0,1211.32
2022-10-05,US,Charlotte,pm25,70,5.0,53.0,20.0,1155.45
2022-10-05,US,Sacramento,pm25,72,8.0,72.0,34.0,1227.6
2022-10-05,US,Oakland,pm25,114,5.0,59.0,30.0,1626.7
2022-10-05,US,Providence,pm25,42,5.0,21.0,9.0,261.37
2022-10-05,US,Staten Island,pm25,85,1.0,42.0,11.0,510.05
2022-10-05,US,Brooklyn,pm25,139,1.0,73.0,13.0,2335.57
2022-10-05,US,Springfield,pm25,48,17.0,76.0,28.0,2646.91
2022-10-05,US,The Bronx,pm25,45,1.0,29.0,9.0,377.95
2022-10-05,US,San Jose,pm25,96,5.0,134.0,30.0,4154.68
2022-10-05,US,Los Angeles,pm25,45,34.0,88.0,61.0,1323.16
2022-10-05,US,Detroit,pm25,168,22.0,156.0,56.0,5987.15
2022-10-05,US,Little Rock,pm25,9,30.0,99.0,88.0,4480.0
2022-10-05,US,Baltimore,pm25,48,5.0,38.0,15.0,567.02
2022-10-05,US,Phoenix,pm25,187,3.0,51.0,15.0,846.11
2022-10-05,US,Omaha,pm25,46,13.0,61.0,38.0,1680.18
2022-10-05,US,El Paso,pm25,156,4.0,60.0,21.0,2101.31
2022-10-05,US,Dallas,pm25,22,17.0,85.0,59.0,2743.55
2022-10-05,US,Seattle,pm25,263,25.0,93.0,56.0,1967.04
2022-10-05,US,Manhattan,pm25,67,1.0,36.0,11.0,671.24
2022-10-05,US,Miami,pm25,88,14.0,36.0,17.0,130.56
2022-10-05,US,Jacksonville,pm25,144,14.0,79.0,33.0,1912.09
2022-10-05,US,San Antonio,pm25,93,12.0,93.0,39.0,2203.02
2022-10-05,US,Philadelphia,pm25,84,2.0,27.0,10.0,393.06
2022-10-05,US,San Diego,pm25,24,52.0,69.0,60.0,221.29
2022-10-05,US,Columbus,pm25,48,7.0,51.0,24.0,818.71
2022-10-05,US,Saint Paul,pm25,144,9.0,72.0,50.0,1367.76
2022-10-05,US,Denver,pm25,158,13.0,55.0,34.0,1320.19
2022-10-05,US,Salt Lake City,pm25,216,11.0,65.0,24.0,1062.46
2022-10-05,US,Albuquerque,pm25,72,5.0,33.0,16.0,226.46
2022-10-05,US,San Francisco,pm25,72,5.0,50.0,21.0,1139.15
2022-10-05,US,Salem,pm25,72,28.0,75.0,53.0,1518.37
2022-10-05,US,Madison,pm25,48,23.0,47.0,30.0,364.25
2022-10-05,US,Nashville,pm25,71,5.0,80.0,30.0,2195.85
2022-10-05,US,Tucson,pm25,150,5.0,38.0,17.0,529.6
2022-10-05,US,Queens,pm25,94,2.0,40.0,13.0,816.89
2022-10-05,US,Tallahassee,pm25,69,15.0,86.0,36.0,2193.91
2022-10-05,US,Fort Worth,pm25,45,13.0,89.0,41.0,3272.71
2022-10-05,RS,Novi Sad,pm25,48,24.0,96.0,49.0,3003.24
2022-10-05,RS,Niš,pm25,48,23.0,120.0,56.0,5863.33
2022-10-05,RS,Belgrade,pm25,167,21.0,134.0,61.0,2883.27
2022-10-05,CY,Nicosia,pm25,24,51.0,73.0,60.0,475.87
2022-10-05,CY,Limassol,pm25,24,47.0,78.0,58.0,499.4
2022-10-05,HR,Zagreb,pm25,23,27.0,75.0,63.0,2819.05
2022-10-05,MK,Skopje,pm25,120,5.0,119.0,57.0,4525.33
2022-10-06,GE,Tbilisi,pm25,96,33.0,113.0,58.0,3319.05
2022-10-06,HU,Győr,pm25,24,13.0,91.0,42.0,5230.85
2022-10-06,HU,Szeged,pm25,24,21.0,89.0,42.0,2790.65
2022-10-06,HU,Pécs,pm25,23,34.0,85.0,55.0,2334.51
2022-10-06,HU,Kecskemét,pm25,24,30.0,63.0,53.0,1185.05
2022-10-06,HU,Miskolc,pm25,72,42.0,119.0,74.0,3086.82
2022-10-06,HU,Budapest,pm25,89,30.0,109.0,59.0,2030.55
2022-10-06,JP,Fukuoka,pm25,363,5.0,85.0,25.0,1342.82
2022-10-06,JP,Kanazawa,pm25,197,5.0,38.0,13.0,413.15
2022-10-06,JP,Kumamoto,pm25,346,5.0,82.0,30.0,2530.79
2022-10-06,JP,Akita,pm25,37,5.0,59.0,17.0,1677.48
2022-10-06,JP,Kochi,pm25,45,5.0,46.0,21.0,801.64
2022-10-06,JP,Gifu-shi,pm25,153,5.0,59.0,21.0,2143.36
2022-10-06,JP,Kyoto,pm25,462,5.0,57.0,21.0,1173.21
2022-10-06,JP,Hiroshima,pm25,277,5.0,65.0,21.0,1797.57
2022-10-06,JP,Shizuoka,pm25,134,5.0,70.0,9.0,1174.71
2022-10-06,JP,Chiba,pm25,564,5.0,61.0,13.0,992.6
2022-10-06,JP,Sapporo,pm25,169,5.0,78.0,17.0,1055.11
2022-10-06,JP,Yokohama,pm25,519,1.0,53.0,13.0,738.69
2022-10-06,JP,Tokyo,pm25,2302,1.0,59.0,13.0,475.33
2022-10-06,JP,Saitama,pm25,481,5.0,42.0,17.0,424.61
2022-10-06,JP,Naha,pm25,138,17.0,61.0,30.0,928.85
2022-10-06,JP,Nagasaki,pm25,177,5.0,55.0,21.0,792.74
2022-10-06,JP,Toyama,pm25,162,5.0,57.0,17.0,1099.89
2022-10-06,JP,Niigata,pm25,212,5.0,50.0,17.0,492.82
2022-10-06,JP,Nara-shi,pm25,185,5.0,57.0,21.0,1288.74
2022-10-06,JP,Okayama,pm25,276,5.0,134.0,21.0,1788.75
2022-10-06,JP,Sendai,pm25,425,5.0,38.0,17.0,480.56
2022-10-06,JP,Osaka,pm25,1272,5.0,70.0,17.0,974.2
2022-10-06,JP,Miyazaki,pm25,109,5.0,76.0,38.0,1570.95
2022-10-06,JP,Matsuyama,pm25,138,5.0,95.0,21.0,2526.62
2022-10-06,JP,Wakayama,pm25,273,5.0,53.0,21.0,821.04
2022-10-06,JP,Takamatsu,pm25,193,5.0,122.0,17.0,1350.09
2022-10-06,JP,Nagoya,pm25,718,5.0,102.0,17.0,1393.09
2022-10-06,JP,Ōita,pm25,240,5.0,85.0,25.0,1369.1
2022-10-06,JP,Kobe,pm25,411,5.0,85.0,17.0,820.39
2022-10-06,JP,Nagano,pm25,36,5.0,53.0,13.0,1153.4
2022-10-06,JP,Utsunomiya,pm25,353,5.0,46.0,17.0,559.99
2022-10-06,JP,Kagoshima,pm25,90,13.0,68.0,34.0,1087.79
2022-10-06,SK,Košice,pm25,96,34.0,152.0,57.0,3357.45
2022-10-06,SK,Bratislava,pm25,93,21.0,76.0,42.0,1746.66
2022-10-06,FI,Vantaa,pm25,24,10.0,37.0,18.0,384.76
2022-10-06,FI,Turku,pm25,24,11.0,20.0,14.0,51.72
2022-10-06,FI,Helsinki,pm25,120,4.0,56.0,19.0,1654.32
2022-10-06,FI,Tampere,pm25,95,3.0,32.0,10.0,390.23
2022-10-06,ET,Addis Ababa,pm25,5,65.0,85.0,70.0,687.0
2022-10-06,CH,Zürich,pm25,24,2.0,4.0,2.0,4.33
2022-10-06,CO,Bogotá,pm25,334,21.0,157.0,73.0,6784.21
2022-10-06,CO,Medellín,pm25,266,21.0,80.0,57.0,1350.6
2022-10-06,DK,Copenhagen,pm25,10,15.0,42.0,28.0,820.44
2022-10-06,GB,Edinburgh,pm25,283,5.0,65.0,19.0,1295.27
2022-10-06,GB,Norwich,pm25,24,12.0,28.0,20.0,264.76
2022-10-06,GB,Liverpool,pm25,38,17.0,57.0,27.0,1023.99
2022-10-06,GB,Belfast,pm25,33,9.0,25.0,21.0,340.91
2022-10-06,GB,Coventry,pm25,67,13.0,32.0,21.0,258.95
2022-10-06,GB,Leeds,pm25,41,9.0,53.0,30.0,1029.51
2022-10-06,GB,Cardiff,pm25,111,9.0,68.0,42.0,2589.01
2022-10-06,GB,Bristol,pm25,67,17.0,59.0,34.0,1085.92
2022-10-06,GB,London,pm25,528,1.0,132.0,30.0,3730.05
2022-10-06,GB,Birmingham,pm25,48,13.0,36.0,21.0,299.25
2022-10-06,GB,Sheffield,pm25,93,9.0,53.0,18.0,423.12
2022-10-06,GB,Newport,pm25,47,17.0,38.0,28.0,292.58
2022-10-06,GB,Leicester,pm25,24,16.0,41.0,25.0,380.42
2022-10-06,GB,Manchester,pm25,82,15.0,42.0,26.0,645.96
2022-10-06,GB,Reading,pm25,48,5.0,34.0,13.0,459.41
2022-10-06,GB,Plymouth,pm25,37,9.0,48.0,33.0,1234.1
2022-10-06,GB,Glasgow,pm25,567,5.0,47.0,24.0,468.82
2022-10-06,GB,Preston,pm25,41,13.0,42.0,27.0,629.78
2022-10-06,GB,Swansea,pm25,166,5.0,87.0,38.0,2089.54
2022-10-06,GB,Southend-on-Sea,pm25,48,17.0,34.0,25.0,175.53
2022-10-06,ID,Jakarta,pm25,71,21.0,159.0,99.0,11249.8
2022-10-06,ML,Bamako,pm25,14,53.0,387.0,89.0,79965.6
2022-10-06,NP,Kathmandu,pm25,42,5.0,57.0,30.0,2177.35
2022-10-06,NP,Biratnagar,pm25,24,17.0,81.0,27.0,2628.04
2022-10-06,AU,Sydney,pm25,123,1.0,35.0,10.0,425.33
2022-10-06,AU,Newcastle,pm25,122,1.0,55.0,15.0,1587.45
2022-10-06,AU,Launceston,pm25,78,5.0,42.0,5.0,579.11
2022-10-06,AU,Hobart,pm25,31,5.0,13.0,5.0,42.32
2022-10-06,AU,Darwin,pm25,71,3.0,74.0,26.0,1762.27
2022-10-06,AU,Melbourne,pm25,118,1.0,34.0,17.0,699.21
2022-10-06,AU,Canberra,pm25,51,1.0,71.0,16.0,3391.18
2022-10-06,AU,Adelaide,pm25,75,5.0,38.0,13.0,595.78
2022-10-06,AU,Brisbane,pm25,201,1.0,54.0,12.0,1432.7
2022-10-06,AU,Perth,pm25,89,2.0,19.0,5.0,220.6
2022-10-06,AU,Wollongong,pm25,41,2.0,60.0,11.0,1509.6
2022-10-06,CI,Abidjan,pm25,23,5.0,61.0,42.0,2206.64
2022-10-06,GH,Accra,pm25,24,21.0,68.0,38.0,1824.06
2022-10-06,IQ,Baghdad,pm25,24,124.0,275.0,186.0,12719.3
2022-10-06,IS,Reykjavík,pm25,96,3.0,24.0,10.0,130.84
2022-10-06,KG,Bishkek,pm25,12,76.0,114.0,87.0,1127.5
2022-10-06,NL,Utrecht,pm25,48,3.0,58.0,32.0,1890.49
2022-10-06,NL,Nijmegen,pm25,48,1.0,59.0,23.0,2025.37
2022-10-06,NL,Haarlem,pm25,142,1.0,64.0,30.0,1274.21
2022-10-06,NL,Eindhoven,pm25,24,21.0,63.0,52.0,1537.97
2022-10-06,NL,Rotterdam,pm25,178,2.0,57.0,23.0,485.51
2022-10-06,NL,Amsterdam,pm25,252,1.0,42.0,20.0,600.1
2022-10-06,NL,Dordrecht,pm25,24,13.0,53.0,34.0,697.97
2022-10-06,NL,Breda,pm25,47,1.0,56.0,28.0,2322.96
2022-10-06,NL,Groningen,pm25,43,1.0,53.0,20.0,1157.88
2022-10-06,NL,Maastricht,pm25,92,5.0,85.0,30.0,4571.75
2022-10-06,NL,The Hague,pm25,72,9.0,45.0,22.0,335.39
2022-10-06,PT,Lisbon,pm25,50,13.0,61.0,38.0,1471.41
2022-10-06,PT,Funchal,pm25,66,1.0,58.0,30.0,2727.15
2022-10-06,CA,Hamilton,pm25,91,13.0,63.0,42.0,1279.79
2022-10-06,CA,Calgary,pm25,78,17.0,58.0,35.0,1282.8
2022-10-06,CA,Winnipeg,pm25,11,18.0,33.0,25.0,262.73
2022-10-06,CA,Halifax,pm25,46,3.0,25.0,10.0,349.49
2022-10-06,CA,Kitchener,pm25,48,17.0,59.0,38.0,1060.41
2022-10-06,CA,Edmonton,pm25,129,1.0,73.0,30.0,3300.79
2022-10-06,CA,Surrey,pm25,93,22.0,101.0,53.0,1961.95
2022-10-06,CA,Mississauga,pm25,71,17.0,80.0,34.0,2281.28
2022-10-06,CA,Québec,pm25,177,5.0,66.0,42.0,1505.22
2022-10-06,CA,Vancouver,pm25,164,9.0,100.0,45.0,2881.44
2022-10-06,CA,Victoria,pm25,48,17.0,68.0,42.0,1935.49
2022-10-06,CA,Montréal,pm25,416,6.0,65.0,33.0,1219.81
2022-10-06,CA,Toronto,pm25,144,13.0,87.0,42.0,1955.1
2022-10-06,CA,Ottawa,pm25,67,13.0,50.0,29.0,493.51
2022-10-06,CA,London,pm25,48,13.0,97.0,38.0,3912.61
2022-10-06,US,Oklahoma City,pm25,94,23.0,67.0,43.0,1717.13
2022-10-06,US,Raleigh,pm25,69,5.0,72.0,34.0,1844.24
2022-10-06,US,Memphis,pm25,71,36.0,136.0,58.0,3876.38
2022-10-06,US,Jackson,pm25,72,17.0,95.0,59.0,2913.71
2022-10-06,US,Boston,pm25,122,5.0,50.0,25.0,1098.25
2022-10-06,US,Richmond,pm25,96,17.0,34.0,20.0,189.15
2022-10-06,US,Portland,pm25,191,34.0,115.0,62.0,1352.35
2022-10-06,US,Boise,pm25,48,8.0,61.0,35.0,2145.67
2022-10-06,US,Austin,pm25,46,9.0,74.0,38.0,2198.07
2022-10-06,US,Honolulu,pm25,33,5.0,34.0,13.0,500.91
2022-10-06,US,Fresno,pm25,47,27.0,94.0,52.0,1760.28
2022-10-06,US,Milwaukee,pm25,144,3.0,59.0,35.0,2075.05
2022-10-06,US,Hartford,pm25,48,12.0,47.0,18.0,726.53
2022-10-06,US,Washington D.C.,pm25,118,5.0,34.0,21.0,462.53
2022-10-06,US,Chicago,pm25,230,3.0,97.0,33.0,1428.01
2022-10-06,US,Houston,pm25,96,17.0,98.0,54.0,2917.43
2022-10-06,US,Indianapolis,pm25,142,17.0,165.0,53.0,7832.0
2022-10-06,US,Atlanta,pm25,24,20.0,43.0,33.0,636.23
2022-10-06,US,Charlotte,pm25,72,5.0,57.0,30.0,1381.28
2022-10-06,US,Sacramento,pm25,72,11.0,72.0,42.0,1578.31
2022-10-06,US,Oakland,pm25,113,5.0,59.0,21.0,1633.53
2022-10-06,US,Providence,pm25,56,5.0,50.0,17.0,1226.49
2022-10-06,US,Staten Island,pm25,79,5.0,65.0,29.0,2102.15
2022-10-06,US,Brooklyn,pm25,140,2.0,81.0,24.0,2980.58
2022-10-06,US,Springfield,pm25,60,30.0,95.0,38.0,3560.07
2022-10-06,US,The Bronx,pm25,48,3.0,81.0,19.0,4154.14
2022-10-06,US,San Jose,pm25,91,9.0,78.0,34.0,2444.59
2022-10-06,US,Los Angeles,pm25,48,37.0,96.0,58.0,1842.11
2022-10-06,US,Detroit,pm25,167,26.0,109.0,50.0,2980.59
2022-10-06,US,Little Rock,pm25,23,5.0,72.0,46.0,4861.34
2022-10-06,US,Baltimore,pm25,46,9.0,46.0,26.0,562.83
2022-10-06,US,Phoenix,pm25,185,1.0,42.0,13.0,623.54
2022-10-06,US,Omaha,pm25,48,13.0,63.0,42.0,2264.18
2022-10-06,US,El Paso,pm25,156,5.0,67.0,17.0,2303.94
2022-10-06,US,Dallas,pm25,24,42.0,112.0,59.0,2480.58
2022-10-06,US,Seattle,pm25,264,53.0,115.0,78.0,1706.15
2022-10-06,US,Manhattan,pm25,69,2.0,59.0,21.0,1863.28
2022-10-06,US,Miami,pm25,94,13.0,47.0,17.0,190.8
2022-10-06,US,Jacksonville,pm25,140,25.0,86.0,49.0,811.43
2022-10-06,US,San Antonio,pm25,93,19.0,68.0,43.0,1391.86
2022-10-06,US,Philadelphia,pm25,92,1.0,70.0,25.0,1701.11
2022-10-06,US,San Diego,pm25,24,51.0,69.0,61.0,264.35
2022-10-06,US,Columbus,pm25,48,14.0,60.0,34.0,1547.5
2022-10-06,US,Saint Paul,pm25,136,3.0,72.0,32.0,5511.98
2022-10-06,US,Denver,pm25,146,5.0,63.0,25.0,1602.93
2022-10-06,US,Salt Lake City,pm25,216,10.0,67.0,23.0,1280.8
2022-10-06,US,Albuquerque,pm25,72,10.0,40.0,18.0,445.88
2022-10-06,US,San Francisco,pm25,64,5.0,59.0,17.0,1149.84
2022-10-06,US,Salem,pm25,71,52.0,85.0,69.0,733.46
2022-10-06,US,Madison,pm25,48,3.0,61.0,31.0,2359.56
2022-10-06,US,Nashville,pm25,71,9.0,139.0,34.0,4100.8
2022-10-06,US,Tucson,pm25,126,5.0,34.0,13.0,497.97
2022-10-06,US,Queens,pm25,95,7.0,64.0,26.0,1957.2
2022-10-06,US,Tallahassee,pm25,70,18.0,101.0,39.0,1935.53
2022-10-06,US,Fort Worth,pm25,47,13.0,87.0,50.0,2237.6
2022-10-06,RS,Novi Sad,pm25,48,35.0,123.0,65.0,5255.04
2022-10-06,RS,Niš,pm25,48,30.0,144.0,61.0,9077.87
2022-10-06,RS,Belgrade,pm25,164,22.0,157.0,63.0,4187.59
2022-10-06,CY,Nicosia,pm25,24,21.0,69.0,40.0,2137.32
2022-10-06,CY,Limassol,pm25,24,31.0,69.0,40.0,973.46
2022-10-06,HR,Zagreb,pm25,24,43.0,92.0,70.0,1819.84
2022-10-06,MK,Skopje,pm25,120,17.0,160.0,62.0,10016.7
2022-10-07,GE,Tbilisi,pm25,96,31.0,94.0,52.0,2763.15
2022-10-07,HU,Győr,pm25,24,13.0,85.0,63.0,2870.43
2022-10-07,HU,Szeged,pm25,21,30.0,97.0,53.0,4406.48
2022-10-07,HU,Pécs,pm25,24,42.0,95.0,61.0,2576.36
2022-10-07,HU,Kecskemét,pm25,24,38.0,80.0,63.0,1336.07
2022-10-07,HU,Miskolc,pm25,72,25.0,152.0,72.0,6224.49
2022-10-07,HU,Budapest,pm25,94,9.0,93.0,57.0,3612.31
2022-10-07,JP,Fukuoka,pm25,349,5.0,93.0,25.0,2408.87
2022-10-07,JP,Kanazawa,pm25,196,5.0,42.0,13.0,484.51
2022-10-07,JP,Kumamoto,pm25,349,5.0,68.0,30.0,2201.65
2022-10-07,JP,Akita,pm25,30,5.0,57.0,17.0,1415.51
2022-10-07,JP,Kochi,pm25,46,5.0,57.0,21.0,1108.78
2022-10-07,JP,Gifu-shi,pm25,145,5.0,59.0,17.0,1648.65
2022-10-07,JP,Kyoto,pm25,520,5.0,68.0,21.0,1483.32
2022-10-07,JP,Hiroshima,pm25,293,5.0,61.0,30.0,1672.4
2022-10-07,JP,Shizuoka,pm25,171,5.0,63.0,13.0,1424.94
2022-10-07,JP,Chiba,pm25,599,5.0,70.0,17.0,1436.48
2022-10-07,JP,Sapporo,pm25,184,5.0,59.0,13.0,1246.82
2022-10-07,JP,Yokohama,pm25,452,1.0,55.0,13.0,730.2
2022-10-07,JP,Tokyo,pm25,2288,1.0,63.0,17.0,731.4
2022-10-07,JP,Saitama,pm25,470,5.0,50.0,17.0,829.35
2022-10-07,JP,Naha,pm25,138,17.0,42.0,25.0,506.12
2022-10-07,JP,Nagasaki,pm25,178,5.0,85.0,25.0,1798.93
2022-10-07,JP,Toyama,pm25,179,5.0,61.0,17.0,1029.25
2022-10-07,JP,Niigata,pm25,198,5.0,38.0,13.0,394.18
2022-10-07,JP,Nara-shi,pm25,184,5.0,55.0,21.0,1227.56
2022-10-07,JP,Okayama,pm25,272,5.0,55.0,25.0,986.91
2022-10-07,JP,Sendai,pm25,400,5.0,42.0,13.0,424.24
2022-10-07,JP,Osaka,pm25,1347,5.0,127.0,21.0,1307.24
2022-10-07,JP,Miyazaki,pm25,108,5.0,80.0,34.0,2641.4
2022-10-07,JP,Matsuyama,pm25,143,5.0,72.0,25.0,1516.29
2022-10-07,JP,Wakayama,pm25,275,5.0,42.0,17.0,564.12
2022-10-07,JP,Takamatsu,pm25,221,5.0,55.0,21.0,1155.1
2022-10-07,JP,Nagoya,pm25,726,5.0,61.0,21.0,1154.83
2022-10-07,JP,Ōita,pm25,233,5.0,74.0,34.0,1916.3
2022-10-07,JP,Kobe,pm25,398,5.0,55.0,21.0,878.61
2022-10-07,JP,Nagano,pm25,21,5.0,21.0,9.0,215.62
2022-10-07,JP,Utsunomiya,pm25,320,5.0,46.0,17.0,624.43
2022-10-07,JP,Kagoshima,pm25,90,9.0,57.0,30.0,782.67
2022-10-07,SK,Košice,pm25,96,42.0,149.0,59.0,2670.31
2022-10-07,SK,Bratislava,pm25,95,21.0,91.0,57.0,1557.58
2022-10-07,FI,Vantaa,pm25,24,15.0,37.0,28.0,413.75
2022-10-07,FI,Turku,pm25,24,13.0,35.0,21.0,355.58
2022-10-07,FI,Helsinki,pm25,120,13.0,43.0,25.0,422.07
2022-10-07,FI,Tampere,pm25,95,9.0,26.0,19.0,218.38
2022-10-07,ET,Addis Ababa,pm25,24,46.0,89.0,70.0,1000.71
2022-10-07,CH,Zürich,pm25,17,2.0,8.0,3.0,23.68
2022-10-07,CO,Bogotá,pm25,333,5.0,160.0,72.0,8143.21
2022-10-07,CO,Medellín,pm25,281,21.0,91.0,57.0,1826.7
2022-10-07,GB,Edinburgh,pm25,282,5.0,63.0,13.0,1383.96
2022-10-07,GB,Norwich,pm25,15,14.0,26.0,21.0,142.57
2022-10-07,GB,Liverpool,pm25,30,20.0,50.0,30.0,568.97
2022-10-07,GB,Belfast,pm25,24,17.0,21.0,17.0,41.74
2022-10-07,GB,Coventry,pm25,40,10.0,23.0,18.0,86.13
2022-10-07,GB,Leeds,pm25,34,16.0,50.0,30.0,784.31
2022-10-07,GB,Cardiff,pm25,114,5.0,65.0,30.0,2632.56
2022-10-07,GB,Bristol,pm25,63,17.0,53.0,25.0,613.69
2022-10-07,GB,London,pm25,529,3.0,137.0,25.0,3491.74
2022-10-07,GB,Birmingham,pm25,32,10.0,28.0,18.0,138.07
2022-10-07,GB,Sheffield,pm25,65,10.0,38.0,17.0,270.66
2022-10-07,GB,Newport,pm25,43,2.0,43.0,22.0,852.53
2022-10-07,GB,Leicester,pm25,16,17.0,39.0,25.0,279.33
2022-10-07,GB,Manchester,pm25,79,16.0,49.0,25.0,765.66
2022-10-07,GB,Reading,pm25,33,5.0,17.0,5.0,130.3
2022-10-07,GB,Plymouth,pm25,28,5.0,53.0,17.0,2096.55
2022-10-07,GB,Glasgow,pm25,572,6.0,54.0,17.0,332.51
2022-10-07,GB,Preston,pm25,40,18.0,35.0,25.0,203.69
2022-10-07,GB,Swansea,pm25,143,13.0,76.0,34.0,1818.17
2022-10-07,GB,Southend-on-Sea,pm25,37,17.0,29.0,23.0,100.75
2022-10-07,ID,Jakarta,pm25,71,13.0,158.0,76.0,11551.1
2022-10-07,ML,Bamako,pm25,4,57.0,259.0,161.0,68066.7
2022-10-07,NP,Kathmandu,pm25,48,9.0,72.0,42.0,3187.16
2022-10-07,NP,Biratnagar,pm25,24,17.0,65.0,28.0,2834.76
2022-10-07,AU,Sydney,pm25,125,1.0,48.0,13.0,684.02
2022-10-07,AU,Newcastle,pm25,126,1.0,62.0,16.0,1501.42
2022-10-07,AU,Launceston,pm25,127,5.0,46.0,9.0,332.84
2022-10-07,AU,Hobart,pm25,43,5.0,192.0,5.0,8046.92
2022-10-07,AU,Darwin,pm25,71,1.0,67.0,26.0,2233.35
2022-10-07,AU,Melbourne,pm25,128,1.0,55.0,20.0,1350.02
2022-10-07,AU,Canberra,pm25,64,1.0,86.0,25.0,2579.36
2022-10-07,AU,Adelaide,pm25,76,1.0,43.0,17.0,869.73
2022-10-07,AU,Brisbane,pm25,203,1.0,56.0,16.0,1652.67
2022-10-07,AU,Perth,pm25,81,2.0,15.0,5.0,163.63
2022-10-07,AU,Wollongong,pm25,45,2.0,36.0,22.0,639.53
2022-10-07,CI,Abidjan,pm25,24,17.0,65.0,34.0,1527.75
2022-10-07,GH,Accra,pm25,24,17.0,76.0,42.0,2577.1
2022-10-07,IQ,Baghdad,pm25,24,112.0,261.0,155.0,11418.5
2022-10-07,IS,Reykjavík,pm25,96,3.0,17.0,10.0,99.98
2022-10-07,KG,Bishkek,pm25,24,72.0,117.0,87.0,1503.7
2022-10-07,NL,Utrecht,pm25,47,33.0,65.0,50.0,634.55
2022-10-07,NL,Nijmegen,pm25,48,10.0,60.0,34.0,1655.46
2022-10-07,NL,Haarlem,pm25,144,8.0,124.0,37.0,4119.88
2022-10-07,NL,Eindhoven,pm25,24,5.0,69.0,54.0,2964.28
2022-10-07,NL,Rotterdam,pm25,192,20.0,64.0,33.0,591.49
2022-10-07,NL,Amsterdam,pm25,263,6.0,69.0,29.0,919.16
2022-10-07,NL,Dordrecht,pm25,24,25.0,59.0,38.0,714.77
2022-10-07,NL,Breda,pm25,48,6.0,63.0,38.0,1428.23
2022-10-07,NL,Groningen,pm25,48,11.0,55.0,34.0,1216.17
2022-10-07,NL,Maastricht,pm25,95,9.0,109.0,42.0,3671.67
2022-10-07,NL,The Hague,pm25,72,21.0,48.0,29.0,397.6
2022-10-07,PT,Lisbon,pm25,44,38.0,82.0,62.0,711.54
2022-10-07,PT,Funchal,pm25,44,36.0,73.0,52.0,890.42
2022-10-07,CA,Hamilton,pm25,69,5.0,50.0,17.0,1429.88
2022-10-07,CA,Calgary,pm25,83,24.0,76.0,54.0,1679.87
2022-10-07,CA,Halifax,pm25,46,6.0,23.0,12.0,207.48
2022-10-07,CA,Kitchener,pm25,34,5.0,38.0,13.0,646.99
2022-10-07,CA,Edmonton,pm25,134,8.0,84.0,61.0,1854.58
2022-10-07,CA,Surrey,pm25,92,28.0,73.0,53.0,529.12
2022-10-07,CA,Mississauga,pm25,43,5.0,50.0,13.0,1396.2
2022-10-07,CA,Québec,pm25,179,5.0,61.0,27.0,1784.35
2022-10-07,CA,Vancouver,pm25,161,16.0,153.0,48.0,2144.01
2022-10-07,CA,Victoria,pm25,48,30.0,74.0,55.0,1058.23
2022-10-07,CA,Montréal,pm25,418,3.0,59.0,25.0,1300.72
2022-10-07,CA,Toronto,pm25,111,5.0,55.0,13.0,1229.81
2022-10-07,CA,Ottawa,pm25,62,5.0,53.0,12.0,2153.68
2022-10-07,CA,London,pm25,19,5.0,34.0,9.0,1279.24
2022-10-07,US,Oklahoma City,pm25,96,24.0,77.0,56.0,2480.84
2022-10-07,US,Raleigh,pm25,69,13.0,57.0,38.0,1414.21
2022-10-07,US,Memphis,pm25,72,7.0,166.0,68.0,7084.74
2022-10-07,US,Jackson,pm25,72,38.0,134.0,63.0,4562.94
2022-10-07,US,Boston,pm25,127,17.0,61.0,30.0,927.1
2022-10-07,US,Richmond,pm25,95,24.0,45.0,32.0,350.31
2022-10-07,US,Portland,pm25,192,49.0,130.0,78.0,2129.0
2022-10-07,US,Boise,pm25,48,15.0,76.0,42.0,2376.17
2022-10-07,US,Austin,pm25,48,25.0,68.0,42.0,1062.76
2022-10-07,US,Honolulu,pm25,33,5.0,30.0,9.0,495.93
2022-10-07,US,Fresno,pm25,48,27.0,72.0,53.0,1280.78
2022-10-07,US,Milwaukee,pm25,144,3.0,43.0,10.0,604.94
2022-10-07,US,Hartford,pm25,48,13.0,50.0,28.0,779.98
2022-10-07,US,Washington D.C.,pm25,118,5.0,53.0,30.0,642.18
2022-10-07,US,Chicago,pm25,212,3.0,42.0,11.0,476.67
2022-10-07,US,Houston,pm25,96,23.0,84.0,55.0,1624.68
2022-10-07,US,Indianapolis,pm25,142,2.0,58.0,13.0,1887.02
2022-10-07,US,Atlanta,pm25,24,44.0,58.0,52.0,114.62
2022-10-07,US,Charlotte,pm25,71,9.0,104.0,42.0,2311.71
2022-10-07,US,Sacramento,pm25,68,10.0,93.0,34.0,2864.36
2022-10-07,US,Oakland,pm25,108,5.0,53.0,17.0,1230.96
2022-10-07,US,Providence,pm25,71,5.0,42.0,25.0,1008.62
2022-10-07,US,Staten Island,pm25,96,9.0,64.0,42.0,1658.73
2022-10-07,US,Brooklyn,pm25,144,1.0,72.0,38.0,1929.92
2022-10-07,US,Springfield,pm25,72,5.0,56.0,18.0,2745.28
2022-10-07,US,The Bronx,pm25,48,1.0,61.0,37.0,1686.81
2022-10-07,US,San Jose,pm25,84,5.0,78.0,38.0,2538.22
2022-10-07,US,Los Angeles,pm25,48,48.0,96.0,66.0,1313.03
2022-10-07,US,Detroit,pm25,168,5.0,107.0,18.0,1997.56
2022-10-07,US,Little Rock,pm25,35,17.0,63.0,33.0,1484.08
2022-10-07,US,Baltimore,pm25,47,10.0,55.0,34.0,1826.46
2022-10-07,US,Phoenix,pm25,173,1.0,73.0,13.0,1098.84
2022-10-07,US,Omaha,pm25,48,5.0,68.0,21.0,1731.47
2022-10-07,US,El Paso,pm25,158,5.0,70.0,25.0,2639.05
2022-10-07,US,Dallas,pm25,24,25.0,85.0,46.0,2885.2
2022-10-07,US,Seattle,pm25,264,57.0,139.0,85.0,2002.85
2022-10-07,US,Manhattan,pm25,71,7.0,62.0,36.0,1467.41
2022-10-07,US,Miami,pm25,94,14.0,60.0,20.0,588.09
2022-10-07,US,Jacksonville,pm25,144,30.0,72.0,52.0,785.28
2022-10-07,US,San Antonio,pm25,92,13.0,83.0,41.0,1791.55
2022-10-07,US,Philadelphia,pm25,94,8.0,70.0,44.0,1604.64
2022-10-07,US,San Diego,pm25,24,42.0,69.0,54.0,670.85
2022-10-07,US,Columbus,pm25,45,7.0,53.0,24.0,1231.95
2022-10-07,US,Saint Paul,pm25,125,4.0,85.0,12.0,2289.35
2022-10-07,US,Denver,pm25,157,38.0,82.0,61.0,1062.01
2022-10-07,US,Salt Lake City,pm25,216,13.0,68.0,26.0,933.35
2022-10-07,US,Albuquerque,pm25,72,14.0,40.0,21.0,316.9
2022-10-07,US,San Francisco,pm25,59,5.0,72.0,17.0,1701.12
2022-10-07,US,Salem,pm25,72,37.0,116.0,64.0,2079.01
2022-10-07,US,Madison,pm25,48,3.0,52.0,11.0,1468.4
2022-10-07,US,Nashville,pm25,72,13.0,64.0,46.0,1273.8
2022-10-07,US,Tucson,pm25,136,5.0,50.0,13.0,823.18
2022-10-07,US,Queens,pm25,95,4.0,72.0,41.0,2093.97
2022-10-07,US,Tallahassee,pm25,72,18.0,84.0,46.0,1894.45
2022-10-07,US,Fort Worth,pm25,47,5.0,162.0,38.0,7874.97
2022-10-07,RS,Novi Sad,pm25,48,37.0,121.0,70.0,3916.59
2022-10-07,RS,Niš,pm25,48,26.0,122.0,73.0,4910.0
2022-10-07,RS,Belgrade,pm25,160,32.0,152.0,95.0,5525.25
2022-10-07,CY,Nicosia,pm25,24,19.0,60.0,51.0,1598.19
2022-10-07,CY,Limassol,pm25,24,28.0,55.0,41.0,671.52
2022-10-07,HR,Zagreb,pm25,24,43.0,101.0,74.0,2422.83
2022-10-07,MK,Skopje,pm25,120,22.0,154.0,63.0,8380.49
2022-10-08,GE,Tbilisi,pm25,96,45.0,105.0,56.0,3344.7
2022-10-08,HU,Győr,pm25,24,34.0,112.0,59.0,3638.68
2022-10-08,HU,Szeged,pm25,22,21.0,78.0,55.0,2797.08
2022-10-08,HU,Pécs,pm25,24,42.0,93.0,65.0,2481.09
2022-10-08,HU,Kecskemét,pm25,24,46.0,82.0,59.0,1526.5
2022-10-08,HU,Miskolc,pm25,67,46.0,163.0,70.0,4881.82
2022-10-08,HU,Budapest,pm25,92,21.0,95.0,68.0,2389.52
2022-10-08,JP,Fukuoka,pm25,336,5.0,82.0,21.0,1366.09
2022-10-08,JP,Kanazawa,pm25,198,5.0,34.0,13.0,386.67
2022-10-08,JP,Kumamoto,pm25,334,5.0,70.0,30.0,2268.99
2022-10-08,JP,Akita,pm25,31,5.0,50.0,17.0,1710.28
2022-10-08,JP,Kochi,pm25,44,5.0,50.0,21.0,1195.96
2022-10-08,JP,Gifu-shi,pm25,140,5.0,72.0,17.0,2783.92
2022-10-08,JP,Kyoto,pm25,519,5.0,65.0,21.0,964.65
2022-10-08,JP,Hiroshima,pm25,251,5.0,59.0,17.0,1499.23
2022-10-08,JP,Shizuoka,pm25,205,5.0,61.0,13.0,1446.23
2022-10-08,JP,Chiba,pm25,654,5.0,137.0,17.0,2233.16
2022-10-08,JP,Sapporo,pm25,199,5.0,65.0,17.0,976.98
2022-10-08,JP,Yokohama,pm25,501,1.0,59.0,17.0,1231.46
2022-10-08,JP,Tokyo,pm25,2398,1.0,132.0,17.0,1222.83
2022-10-08,JP,Saitama,pm25,479,5.0,68.0,17.0,1000.55
2022-10-08,JP,Naha,pm25,144,9.0,34.0,21.0,394.13
2022-10-08,JP,Nagasaki,pm25,174,5.0,72.0,17.0,1093.56
2022-10-08,JP,Toyama,pm25,151,5.0,104.0,17.0,2080.96
2022-10-08,JP,Niigata,pm25,190,5.0,30.0,13.0,338.98
2022-10-08,JP,Nara-shi,pm25,184,5.0,55.0,17.0,1025.45
2022-10-08,JP,Okayama,pm25,258,5.0,129.0,17.0,1288.84
2022-10-08,JP,Sendai,pm25,361,5.0,38.0,9.0,468.77
2022-10-08,JP,Osaka,pm25,1320,5.0,63.0,17.0,753.61
2022-10-08,JP,Miyazaki,pm25,100,5.0,61.0,30.0,1346.32
2022-10-08,JP,Matsuyama,pm25,142,5.0,65.0,21.0,1653.1
2022-10-08,JP,Wakayama,pm25,275,5.0,57.0,17.0,616.13
2022-10-08,JP,Takamatsu,pm25,184,5.0,55.0,13.0,921.6
2022-10-08,JP,Nagoya,pm25,667,5.0,72.0,17.0,802.82
2022-10-08,JP,Ōita,pm25,213,5.0,72.0,17.0,1455.22
2022-10-08,JP,Kobe,pm25,404,5.0,114.0,17.0,824.81
2022-10-08,JP,Nagano,pm25,46,5.0,30.0,13.0,545.07
2022-10-08,JP,Utsunomiya,pm25,349,5.0,53.0,13.0,875.56
2022-10-08,JP,Kagoshima,pm25,95,13.0,59.0,38.0,798.47
2022-10-08,SK,Košice,pm25,96,30.0,107.0,61.0,1584.0
2022-10-08,SK,Bratislava,pm25,96,53.0,97.0,68.0,985.84
2022-10-08,FI,Vantaa,pm25,24,8.0,32.0,21.0,240.27
2022-10-08,FI,Turku,pm25,24,8.0,24.0,18.0,239.06
2022-10-08,FI,Helsinki,pm25,120,9.0,32.0,23.0,386.27
2022-10-08,FI,Tampere,pm25,95,7.0,35.0,14.0,278.4
2022-10-08,ET,Addis Ababa,pm25,23,46.0,153.0,85.0,9388.58
2022-10-08,CO,Bogotá,pm25,331,5.0,127.0,34.0,6189.36
2022-10-08,CO,Medellín,pm25,296,17.0,90.0,53.0,2646.61
2022-10-08,GB,Edinburgh,pm25,279,8.0,63.0,14.0,888.9
2022-10-08,GB,Norwich,pm25,24,13.0,46.0,17.0,1357.37
2022-10-08,GB,Liverpool,pm25,39,21.0,42.0,30.0,427.34
2022-10-08,GB,Belfast,pm25,25,17.0,25.0,21.0,80.0
2022-10-08,GB,Coventry,pm25,70,10.0,65.0,17.0,1465.07
2022-10-08,GB,Leeds,pm25,33,17.0,76.0,34.0,2848.92
2022-10-08,GB,Cardiff,pm25,117,5.0,93.0,38.0,3620.61
2022-10-08,GB,Bristol,pm25,68,5.0,61.0,30.0,2354.17
2022-10-08,GB,London,pm25,508,3.0,100.0,34.0,3364.34
2022-10-08,GB,Birmingham,pm25,48,10.0,83.0,21.0,2351.42
2022-10-08,GB,Sheffield,pm25,87,13.0,72.0,22.0,1753.53
2022-10-08,GB,Newport,pm25,45,17.0,53.0,22.0,1063.18
2022-10-08,GB,Leicester,pm25,21,13.0,57.0,23.0,1815.62
2022-10-08,GB,Manchester,pm25,80,19.0,67.0,30.0,1619.35
2022-10-08,GB,Reading,pm25,44,5.0,68.0,17.0,3698.6
2022-10-08,GB,Plymouth,pm25,33,5.0,51.0,13.0,1905.02
2022-10-08,GB,Glasgow,pm25,570,8.0,49.0,15.0,271.96
2022-10-08,GB,Preston,pm25,39,15.0,65.0,25.0,1451.67
2022-10-08,GB,Swansea,pm25,120,5.0,99.0,25.0,3617.61
2022-10-08,GB,Southend-on-Sea,pm25,42,17.0,60.0,22.0,1127.76
2022-10-08,ID,Jakarta,pm25,71,25.0,145.0,63.0,6943.52
2022-10-08,NP,Kathmandu,pm25,48,5.0,80.0,34.0,4351.05
2022-10-08,NP,Biratnagar,pm25,24,26.0,56.0,40.0,663.48
2022-10-08,AU,Sydney,pm25,126,2.0,36.0,11.0,575.62
2022-10-08,AU,Newcastle,pm25,127,1.0,48.0,14.0,896.42
2022-10-08,AU,Launceston,pm25,102,5.0,151.0,9.0,3999.9
2022-10-08,AU,Hobart,pm25,44,5.0,13.0,5.0,29.34
2022-10-08,AU,Darwin,pm25,65,2.0,68.0,22.0,2157.12
2022-10-08,AU,Melbourne,pm25,136,1.0,77.0,21.0,1834.04
2022-10-08,AU,Canberra,pm25,55,1.0,53.0,19.0,2243.7
2022-10-08,AU,Adelaide,pm25,82,5.0,38.0,13.0,676.48
2022-10-08,AU,Brisbane,pm25,213,1.0,64.0,20.0,1451.31
2022-10-08,AU,Perth,pm25,90,2.0,20.0,7.0,251.94
2022-10-08,AU,Wollongong,pm25,45,1.0,37.0,10.0,560.53
2022-10-08,CI,Abidjan,pm25,24,13.0,53.0,30.0,1093.91
2022-10-08,GH,Accra,pm25,24,30.0,82.0,50.0,1969.55
2022-10-08,IQ,Baghdad,pm25,24,152.0,285.0,185.0,15137.8
2022-10-08,IS,Reykjavík,pm25,96,3.0,24.0,11.0,141.15
2022-10-08,KG,Bishkek,pm25,23,72.0,132.0,89.0,2000.67
2022-10-08,NL,Utrecht,pm25,47,9.0,54.0,33.0,1304.34
2022-10-08,NL,Nijmegen,pm25,48,11.0,58.0,29.0,1574.04
2022-10-08,NL,Haarlem,pm25,142,2.0,56.0,24.0,825.32
2022-10-08,NL,Eindhoven,pm25,24,20.0,72.0,54.0,2537.81
2022-10-08,NL,Rotterdam,pm25,192,5.0,71.0,19.0,825.29
2022-10-08,NL,Amsterdam,pm25,241,2.0,69.0,18.0,896.92
2022-10-08,NL,Dordrecht,pm25,24,9.0,53.0,25.0,1097.37
2022-10-08,NL,Breda,pm25,47,5.0,60.0,25.0,1620.54
2022-10-08,NL,Groningen,pm25,48,3.0,83.0,21.0,1722.62
2022-10-08,NL,Maastricht,pm25,94,5.0,78.0,34.0,3556.13
2022-10-08,NL,The Hague,pm25,72,9.0,48.0,18.0,525.53
2022-10-08,PT,Lisbon,pm25,14,44.0,58.0,52.0,172.58
2022-10-08,PT,Funchal,pm25,67,2.0,66.0,58.0,2817.15
2022-10-08,CA,Hamilton,pm25,30,5.0,34.0,17.0,517.07
2022-10-08,CA,Calgary,pm25,89,18.0,74.0,51.0,1372.63
2022-10-08,CA,Halifax,pm25,46,14.0,36.0,21.0,184.83
2022-10-08,CA,Kitchener,pm25,23,5.0,17.0,9.0,181.5
2022-10-08,CA,Edmonton,pm25,133,10.0,82.0,51.0,2104.11
2022-10-08,CA,Surrey,pm25,96,35.0,106.0,57.0,1255.42
2022-10-08,CA,Mississauga,pm25,44,5.0,78.0,17.0,2535.91
2022-10-08,CA,Québec,pm25,153,5.0,38.0,14.0,373.77
2022-10-08,CA,Vancouver,pm25,168,12.0,82.0,53.0,2809.33
2022-10-08,CA,Victoria,pm25,48,25.0,95.0,63.0,2640.21
2022-10-08,CA,Montréal,pm25,306,3.0,33.0,15.0,335.85
2022-10-08,CA,Toronto,pm25,96,5.0,42.0,9.0,618.45
2022-10-08,CA,Ottawa,pm25,63,5.0,16.0,9.0,104.57
2022-10-08,CA,London,pm25,26,5.0,46.0,17.0,1746.34
2022-10-08,US,Oklahoma City,pm25,96,19.0,63.0,25.0,450.67
2022-10-08,US,Raleigh,pm25,69,5.0,70.0,33.0,2178.42
2022-10-08,US,Memphis,pm25,72,9.0,63.0,26.0,1385.21
2022-10-08,US,Jackson,pm25,72,26.0,63.0,49.0,810.84
2022-10-08,US,Boston,pm25,118,5.0,76.0,17.0,1321.36
2022-10-08,US,Richmond,pm25,75,8.0,35.0,17.0,552.16
2022-10-08,US,Portland,pm25,192,53.0,119.0,78.0,2386.49
2022-10-08,US,Boise,pm25,48,17.0,87.0,51.0,3192.3
2022-10-08,US,Austin,pm25,46,9.0,70.0,34.0,2624.37
2022-10-08,US,Honolulu,pm25,40,5.0,42.0,13.0,825.48
2022-10-08,US,Fresno,pm25,43,23.0,73.0,56.0,1557.85
2022-10-08,US,Milwaukee,pm25,144,13.0,51.0,21.0,537.92
2022-10-08,US,Hartford,pm25,48,5.0,29.0,11.0,323.33
2022-10-08,US,Washington D.C.,pm25,65,5.0,59.0,17.0,1581.6
2022-10-08,US,Chicago,pm25,215,2.0,56.0,24.0,858.77
2022-10-08,US,Houston,pm25,95,32.0,82.0,54.0,1047.21
2022-10-08,US,Indianapolis,pm25,142,1.0,85.0,19.0,2432.62
2022-10-08,US,Atlanta,pm25,24,16.0,61.0,27.0,3194.71
2022-10-08,US,Charlotte,pm25,72,21.0,93.0,45.0,1519.97
2022-10-08,US,Sacramento,pm25,71,4.0,85.0,30.0,2029.33
2022-10-08,US,Oakland,pm25,110,5.0,57.0,21.0,1701.87
2022-10-08,US,Providence,pm25,60,5.0,25.0,13.0,326.33
2022-10-08,US,Staten Island,pm25,82,1.0,68.0,10.0,2370.39
2022-10-08,US,Brooklyn,pm25,119,1.0,72.0,12.0,1205.74
2022-10-08,US,Springfield,pm25,72,13.0,109.0,18.0,2580.97
2022-10-08,US,The Bronx,pm25,35,2.0,22.0,10.0,367.61
2022-10-08,US,San Jose,pm25,91,5.0,72.0,34.0,2373.17
2022-10-08,US,Los Angeles,pm25,47,38.0,90.0,65.0,2193.83
2022-10-08,US,Detroit,pm25,168,13.0,63.0,22.0,1181.91
2022-10-08,US,Little Rock,pm25,47,5.0,52.0,22.0,1140.64
2022-10-08,US,Baltimore,pm25,48,5.0,50.0,17.0,985.74
2022-10-08,US,Phoenix,pm25,185,1.0,85.0,13.0,792.26
2022-10-08,US,Omaha,pm25,48,17.0,72.0,34.0,2188.72
2022-10-08,US,El Paso,pm25,165,5.0,73.0,30.0,2866.96
2022-10-08,US,Dallas,pm25,24,30.0,65.0,55.0,732.01
2022-10-08,US,Seattle,pm25,262,53.0,160.0,87.0,4202.02
2022-10-08,US,Manhattan,pm25,54,1.0,59.0,13.0,1377.34
2022-10-08,US,Miami,pm25,94,15.0,30.0,20.0,97.74
2022-10-08,US,Jacksonville,pm25,144,34.0,78.0,55.0,668.32
2022-10-08,US,San Antonio,pm25,94,17.0,64.0,46.0,1166.15
2022-10-08,US,Philadelphia,pm25,86,1.0,150.0,15.0,3514.13
2022-10-08,US,San Diego,pm25,24,41.0,60.0,52.0,352.16
2022-10-08,US,Columbus,pm25,45,2.0,73.0,18.0,2472.53
2022-10-08,US,Saint Paul,pm25,139,5.0,57.0,24.0,886.78
2022-10-08,US,Denver,pm25,154,25.0,82.0,55.0,1177.01
2022-10-08,US,Salt Lake City,pm25,216,10.0,100.0,26.0,1178.91
2022-10-08,US,Albuquerque,pm25,72,8.0,50.0,18.0,377.43
2022-10-08,US,San Francisco,pm25,49,5.0,72.0,13.0,1505.53
2022-10-08,US,Salem,pm25,72,37.0,98.0,69.0,1348.38
2022-10-08,US,Madison,pm25,48,10.0,27.0,18.0,197.29
2022-10-08,US,Nashville,pm25,68,4.0,46.0,19.0,933.51
2022-10-08,US,Tucson,pm25,129,5.0,38.0,13.0,450.81
2022-10-08,US,Queens,pm25,79,1.0,37.0,13.0,581.84
2022-10-08,US,Tallahassee,pm25,68,26.0,70.0,50.0,1438.29
2022-10-08,US,Fort Worth,pm25,48,13.0,57.0,34.0,1562.98
2022-10-08,RS,Novi Sad,pm25,48,32.0,109.0,59.0,4526.8
2022-10-08,RS,Niš,pm25,34,29.0,149.0,67.0,8578.19
2022-10-08,RS,Belgrade,pm25,168,30.0,128.0,56.0,4515.09
2022-10-08,CY,Nicosia,pm25,24,28.0,63.0,52.0,1047.75
2022-10-08,CY,Limassol,pm25,24,22.0,51.0,41.0,453.62
2022-10-08,HR,Zagreb,pm25,24,79.0,157.0,94.0,6236.79
2022-10-08,MK,Skopje,pm25,110,13.0,161.0,69.0,6180.46
2022-10-09,GE,Tbilisi,pm25,96,45.0,84.0,53.0,897.92
2022-10-09,HU,Győr,pm25,23,17.0,114.0,46.0,9229.05
2022-10-09,HU,Szeged,pm25,24,42.0,78.0,61.0,1253.62
2022-10-09,HU,Pécs,pm25,24,21.0,91.0,50.0,6705.63
2022-10-09,HU,Kecskemét,pm25,24,21.0,97.0,63.0,6789.28
2022-10-09,HU,Miskolc,pm25,65,17.0,91.0,57.0,4014.99
2022-10-09,HU,Budapest,pm25,93,38.0,97.0,63.0,2064.9
2022-10-09,JP,Fukuoka,pm25,345,5.0,95.0,25.0,1814.77
2022-10-09,JP,Kanazawa,pm25,191,5.0,42.0,13.0,610.51
2022-10-09,JP,Kumamoto,pm25,369,5.0,134.0,38.0,3061.25
2022-10-09,JP,Akita,pm25,38,5.0,50.0,21.0,953.18
2022-10-09,JP,Kochi,pm25,48,5.0,50.0,25.0,1241.06
2022-10-09,JP,Gifu-shi,pm25,147,5.0,61.0,17.0,1825.88
2022-10-09,JP,Kyoto,pm25,548,5.0,59.0,21.0,1230.6
2022-10-09,JP,Hiroshima,pm25,267,5.0,76.0,21.0,1453.82
2022-10-09,JP,Shizuoka,pm25,212,5.0,57.0,13.0,1381.73
2022-10-09,JP,Chiba,pm25,679,5.0,74.0,17.0,1409.33
2022-10-09,JP,Sapporo,pm25,198,5.0,61.0,17.0,1039.1
2022-10-09,JP,Yokohama,pm25,536,1.0,59.0,17.0,807.7
2022-10-09,JP,Tokyo,pm25,2475,1.0,78.0,21.0,829.71
2022-10-09,JP,Saitama,pm25,479,5.0,61.0,21.0,834.33
2022-10-09,JP,Naha,pm25,144,21.0,57.0,38.0,884.68
2022-10-09,JP,Nagasaki,pm25,182,5.0,53.0,21.0,1395.15
2022-10-09,JP,Toyama,pm25,176,5.0,102.0,17.0,2043.86
2022-10-09,JP,Niigata,pm25,201,5.0,34.0,13.0,349.4
2022-10-09,JP,Nara-shi,pm25,174,5.0,50.0,21.0,901.43
2022-10-09,JP,Okayama,pm25,282,5.0,53.0,25.0,1180.29
2022-10-09,JP,Sendai,pm25,461,5.0,42.0,17.0,512.94
2022-10-09,JP,Osaka,pm25,1371,5.0,132.0,17.0,989.18
2022-10-09,JP,Miyazaki,pm25,102,5.0,172.0,25.0,5072.01
2022-10-09,JP,Matsuyama,pm25,154,5.0,72.0,25.0,1962.39
2022-10-09,JP,Wakayama,pm25,282,5.0,59.0,17.0,762.76
2022-10-09,JP,Takamatsu,pm25,203,5.0,42.0,17.0,691.49
2022-10-09,JP,Nagoya,pm25,741,5.0,99.0,21.0,1178.22
2022-10-09,JP,Ōita,pm25,202,5.0,70.0,34.0,2869.33
2022-10-09,JP,Kobe,pm25,396,5.0,134.0,17.0,1120.89
2022-10-09,JP,Nagano,pm25,40,5.0,30.0,13.0,656.9
2022-10-09,JP,Utsunomiya,pm25,362,5.0,55.0,17.0,701.0
2022-10-09,JP,Kagoshima,pm25,89,13.0,78.0,30.0,1596.05
2022-10-09,SK,Košice,pm25,96,13.0,112.0,53.0,4922.89
2022-10-09,SK,Bratislava,pm25,87,5.0,78.0,21.0,5349.5
2022-10-09,FI,Vantaa,pm25,24,6.0,29.0,16.0,432.88
2022-10-09,FI,Turku,pm25,24,3.0,56.0,12.0,1138.84
2022-10-09,FI,Helsinki,pm25,120,3.0,52.0,10.0,400.16
2022-10-09,FI,Tampere,pm25,95,3.0,18.0,6.0,102.31
2022-10-09,ET,Addis Ababa,pm25,24,53.0,144.0,65.0,4077.37
2022-10-09,CO,Bogotá,pm25,326,1.0,117.0,30.0,4244.19
2022-10-09,CO,Medellín,pm25,272,21.0,85.0,55.0,1484.06
2022-10-09,GB,Edinburgh,pm25,284,2.0,59.0,15.0,1047.48
2022-10-09,GB,Norwich,pm25,17,30.0,43.0,34.0,166.84
2022-10-09,GB,Liverpool,pm25,33,21.0,53.0,29.0,598.43
2022-10-09,GB,Belfast,pm25,30,17.0,25.0,21.0,71.54
2022-10-09,GB,Coventry,pm25,41,18.0,53.0,25.0,653.56
2022-10-09,GB,Leeds,pm25,29,34.0,68.0,50.0,780.42
2022-10-09,GB,Cardiff,pm25,119,9.0,78.0,46.0,2881.78
2022-10-09,GB,Bristol,pm25,65,21.0,63.0,34.0,1215.47
2022-10-09,GB,London,pm25,492,3.0,137.0,34.0,2539.6
2022-10-09,GB,Birmingham,pm25,21,17.0,56.0,30.0,1091.62
2022-10-09,GB,Sheffield,pm25,55,19.0,66.0,34.0,1105.91
2022-10-09,GB,Newport,pm25,36,19.0,42.0,29.0,465.99
2022-10-09,GB,Leicester,pm25,10,19.0,30.0,25.0,185.44
2022-10-09,GB,Manchester,pm25,71,21.0,50.0,28.0,839.11
2022-10-09,GB,Reading,pm25,47,9.0,55.0,34.0,1338.15
2022-10-09,GB,Plymouth,pm25,35,9.0,29.0,21.0,472.55
2022-10-09,GB,Glasgow,pm25,572,3.0,43.0,17.0,451.63
2022-10-09,GB,Preston,pm25,30,19.0,51.0,25.0,576.2
2022-10-09,GB,Swansea,pm25,118,9.0,80.0,30.0,1840.17
2022-10-09,GB,Southend-on-Sea,pm25,37,13.0,58.0,32.0,1753.59
2022-10-09,ID,Jakarta,pm25,71,38.0,163.0,112.0,11181.0
2022-10-09,NP,Kathmandu,pm25,47,5.0,155.0,42.0,5885.21
2022-10-09,NP,Biratnagar,pm25,24,18.0,71.0,35.0,2849.4
2022-10-09,AU,Sydney,pm25,92,1.0,32.0,11.0,358.84
2022-10-09,AU,Newcastle,pm25,128,1.0,36.0,12.0,800.12
2022-10-09,AU,Launceston,pm25,112,5.0,159.0,17.0,12824.4
2022-10-09,AU,Hobart,pm25,42,5.0,34.0,5.0,731.29
2022-10-09,AU,Darwin,pm25,23,8.0,44.0,19.0,1146.25
2022-10-09,AU,Melbourne,pm25,123,2.0,52.0,19.0,989.31
2022-10-09,AU,Canberra,pm25,58,1.0,69.0,16.0,2755.26
2022-10-09,AU,Adelaide,pm25,70,2.0,55.0,17.0,1022.79
2022-10-09,AU,Brisbane,pm25,214,1.0,54.0,15.0,1348.68
2022-10-09,AU,Perth,pm25,84,2.0,28.0,8.0,265.17
2022-10-09,AU,Wollongong,pm25,35,5.0,64.0,14.0,2107.87
2022-10-09,CI,Abidjan,pm25,23,9.0,55.0,25.0,1896.76
2022-10-09,GH,Accra,pm25,24,25.0,107.0,55.0,4388.04
2022-10-09,IQ,Baghdad,pm25,24,97.0,344.0,184.0,29973.8
2022-10-09,IS,Reykjavík,pm25,96,5.0,16.0,10.0,46.25
2022-10-09,KG,Bishkek,pm25,24,59.0,153.0,76.0,3570.85
2022-10-09,NL,Utrecht,pm25,48,25.0,70.0,44.0,1154.73
2022-10-09,NL,Nijmegen,pm25,47,12.0,56.0,31.0,1559.51
2022-10-09,NL,Haarlem,pm25,141,6.0,70.0,32.0,1870.55
2022-10-09,NL,Eindhoven,pm25,24,7.0,81.0,61.0,3457.97
2022-10-09,NL,Rotterdam,pm25,192,15.0,61.0,33.0,755.32
2022-10-09,NL,Amsterdam,pm25,260,1.0,75.0,33.0,1289.53
2022-10-09,NL,Dordrecht,pm25,23,17.0,59.0,42.0,1577.67
2022-10-09,NL,Breda,pm25,48,16.0,71.0,41.0,1256.86
2022-10-09,NL,Groningen,pm25,48,13.0,60.0,26.0,1027.87
2022-10-09,NL,Maastricht,pm25,95,5.0,117.0,38.0,4800.05
2022-10-09,NL,The Hague,pm25,71,18.0,56.0,32.0,726.56
2022-10-09,PT,Lisbon,pm25,22,28.0,60.0,40.0,1231.17
2022-10-09,PT,Funchal,pm25,57,1.0,56.0,29.0,3080.24
2022-10-09,CA,Hamilton,pm25,84,9.0,68.0,25.0,2245.65
2022-10-09,CA,Calgary,pm25,92,20.0,94.0,50.0,1370.65
2022-10-09,CA,Halifax,pm25,45,10.0,21.0,14.0,50.74
2022-10-09,CA,Kitchener,pm25,47,5.0,63.0,25.0,2707.22
2022-10-09,CA,Edmonton,pm25,138,3.0,145.0,47.0,3523.93
2022-10-09,CA,Surrey,pm25,96,28.0,74.0,51.0,1021.04
2022-10-09,CA,Mississauga,pm25,57,5.0,112.0,25.0,4027.45
2022-10-09,CA,Québec,pm25,171,5.0,31.0,16.0,431.95
2022-10-09,CA,Vancouver,pm25,168,10.0,80.0,46.0,2697.16
2022-10-09,CA,Victoria,pm25,48,30.0,72.0,53.0,837.97
2022-10-09,CA,Montréal,pm25,413,6.0,55.0,15.0,630.56
2022-10-09,CA,Toronto,pm25,132,9.0,119.0,21.0,2171.32
2022-10-09,CA,Ottawa,pm25,56,7.0,35.0,14.0,500.83
2022-10-09,CA,London,pm25,41,9.0,78.0,21.0,2583.7
2022-10-09,US,Oklahoma City,pm25,96,24.0,76.0,44.0,2122.94
2022-10-09,US,Raleigh,pm25,70,9.0,56.0,30.0,1488.46
2022-10-09,US,Memphis,pm25,72,19.0,113.0,47.0,4095.39
2022-10-09,US,Jackson,pm25,72,7.0,67.0,33.0,1566.66
2022-10-09,US,Boston,pm25,89,13.0,63.0,25.0,1410.92
2022-10-09,US,Richmond,pm25,75,20.0,43.0,32.0,687.83
2022-10-09,US,Portland,pm25,192,59.0,134.0,95.0,2449.44
2022-10-09,US,Boise,pm25,48,20.0,104.0,55.0,3467.97
2022-10-09,US,Austin,pm25,48,17.0,87.0,53.0,2857.97
2022-10-09,US,Honolulu,pm25,40,5.0,59.0,21.0,1435.12
2022-10-09,US,Fresno,pm25,24,30.0,75.0,55.0,1327.75
2022-10-09,US,Milwaukee,pm25,144,24.0,56.0,31.0,402.18
2022-10-09,US,Hartford,pm25,48,14.0,49.0,24.0,783.79
2022-10-09,US,Washington D.C.,pm25,68,5.0,50.0,25.0,1352.42
2022-10-09,US,Chicago,pm25,226,10.0,68.0,28.0,1230.3
2022-10-09,US,Houston,pm25,96,20.0,74.0,50.0,1341.25
2022-10-09,US,Indianapolis,pm25,144,6.0,74.0,31.0,2669.45
2022-10-09,US,Atlanta,pm25,24,24.0,59.0,54.0,1858.1
2022-10-09,US,Charlotte,pm25,71,9.0,72.0,35.0,1742.34
2022-10-09,US,Sacramento,pm25,66,1.0,38.0,21.0,768.15
2022-10-09,US,Oakland,pm25,105,5.0,53.0,17.0,1135.71
2022-10-09,US,Providence,pm25,63,5.0,42.0,17.0,841.03
2022-10-09,US,Staten Island,pm25,91,5.0,69.0,25.0,2450.49
2022-10-09,US,Brooklyn,pm25,144,2.0,53.0,25.0,1039.83
2022-10-09,US,Springfield,pm25,72,18.0,58.0,26.0,903.94
2022-10-09,US,The Bronx,pm25,48,3.0,35.0,17.0,785.37
2022-10-09,US,San Jose,pm25,86,5.0,70.0,25.0,3458.46
2022-10-09,US,Los Angeles,pm25,48,28.0,94.0,58.0,3811.05
2022-10-09,US,Detroit,pm25,168,26.0,66.0,37.0,986.26
2022-10-09,US,Little Rock,pm25,47,32.0,76.0,53.0,1777.48
2022-10-09,US,Baltimore,pm25,48,5.0,55.0,25.0,1340.07
2022-10-09,US,Phoenix,pm25,186,1.0,53.0,13.0,972.49
2022-10-09,US,Omaha,pm25,44,13.0,68.0,30.0,1872.56
2022-10-09,US,El Paso,pm25,156,5.0,77.0,25.0,3205.19
2022-10-09,US,Dallas,pm25,24,34.0,74.0,53.0,1148.68
2022-10-09,US,Seattle,pm25,264,55.0,164.0,95.0,3899.62
2022-10-09,US,Manhattan,pm25,67,6.0,55.0,24.0,1411.39
2022-10-09,US,Miami,pm25,88,12.0,39.0,19.0,362.73
2022-10-09,US,Jacksonville,pm25,144,15.0,92.0,51.0,2635.97
2022-10-09,US,San Antonio,pm25,94,19.0,72.0,53.0,1715.25
2022-10-09,US,Philadelphia,pm25,96,2.0,85.0,35.0,2484.35
2022-10-09,US,San Diego,pm25,24,40.0,59.0,48.0,387.81
2022-10-09,US,Columbus,pm25,48,8.0,41.0,23.0,547.64
2022-10-09,US,Saint Paul,pm25,144,13.0,76.0,38.0,1124.79
2022-10-09,US,Denver,pm25,150,9.0,89.0,34.0,1867.32
2022-10-09,US,Salt Lake City,pm25,216,10.0,71.0,25.0,1153.77
2022-10-09,US,Albuquerque,pm25,72,9.0,40.0,21.0,376.66
2022-10-09,US,San Francisco,pm25,56,5.0,119.0,13.0,4049.3
2022-10-09,US,Salem,pm25,72,53.0,104.0,81.0,1496.06
2022-10-09,US,Madison,pm25,48,25.0,46.0,32.0,256.58
2022-10-09,US,Nashville,pm25,70,5.0,47.0,26.0,1013.8
2022-10-09,US,Tucson,pm25,126,5.0,34.0,13.0,420.79
2022-10-09,US,Queens,pm25,95,5.0,53.0,27.0,1119.49
2022-10-09,US,Tallahassee,pm25,72,2.0,57.0,28.0,928.45
2022-10-09,US,Fort Worth,pm25,48,13.0,63.0,51.0,2265.74
2022-10-09,RS,Novi Sad,pm25,48,52.0,106.0,78.0,1671.06
2022-10-09,RS,Niš,pm25,39,64.0,152.0,84.0,6814.14
2022-10-09,RS,Belgrade,pm25,168,57.0,158.0,129.0,8181.44
2022-10-09,CY,Nicosia,pm25,24,33.0,66.0,55.0,645.49
2022-10-09,CY,Limassol,pm25,24,34.0,59.0,43.0,513.03
2022-10-09,HR,Zagreb,pm25,24,20.0,157.0,62.0,24040.0
2022-10-09,MK,Skopje,pm25,90,51.0,169.0,82.0,6190.56
2022-10-10,GE,Tbilisi,pm25,96,36.0,95.0,57.0,2433.84
2022-10-10,HU,Győr,pm25,21,13.0,59.0,30.0,2202.29
2022-10-10,HU,Szeged,pm25,20,5.0,134.0,59.0,10952.9
2022-10-10,HU,Pécs,pm25,24,21.0,95.0,42.0,5757.37
2022-10-10,HU,Kecskemét,pm25,21,17.0,80.0,34.0,4013.9
2022-10-10,HU,Miskolc,pm25,71,21.0,114.0,42.0,6276.85
2022-10-10,HU,Budapest,pm25,111,5.0,89.0,30.0,3022.0
2022-10-10,JP,Fukuoka,pm25,334,5.0,89.0,25.0,1549.66
2022-10-10,JP,Kanazawa,pm25,201,5.0,46.0,13.0,567.22
2022-10-10,JP,Kumamoto,pm25,348,5.0,74.0,30.0,2197.97
2022-10-10,JP,Akita,pm25,36,5.0,57.0,13.0,2399.33
2022-10-10,JP,Kochi,pm25,46,5.0,46.0,21.0,1468.99
2022-10-10,JP,Gifu-shi,pm25,140,5.0,63.0,17.0,2034.59
2022-10-10,JP,Kyoto,pm25,527,5.0,68.0,21.0,1875.16
2022-10-10,JP,Hiroshima,pm25,266,5.0,63.0,21.0,1807.83
2022-10-10,JP,Shizuoka,pm25,167,5.0,80.0,17.0,3319.31
2022-10-10,JP,Chiba,pm25,741,5.0,139.0,25.0,4403.51
2022-10-10,JP,Sapporo,pm25,174,5.0,42.0,13.0,722.33
2022-10-10,JP,Yokohama,pm25,524,1.0,82.0,25.0,2106.19
2022-10-10,JP,Tokyo,pm25,2508,1.0,139.0,30.0,2921.33
2022-10-10,JP,Saitama,pm25,493,5.0,85.0,30.0,1464.12
2022-10-10,JP,Naha,pm25,138,17.0,55.0,30.0,764.21
2022-10-10,JP,Nagasaki,pm25,175,5.0,59.0,21.0,1591.47
2022-10-10,JP,Toyama,pm25,160,5.0,57.0,17.0,1196.08
2022-10-10,JP,Niigata,pm25,200,5.0,57.0,13.0,842.17
2022-10-10,JP,Nara-shi,pm25,172,5.0,55.0,21.0,1317.55
2022-10-10,JP,Okayama,pm25,280,5.0,68.0,25.0,1700.71
2022-10-10,JP,Sendai,pm25,338,5.0,46.0,17.0,1135.87
2022-10-10,JP,Osaka,pm25,1320,5.0,112.0,17.0,1650.02
2022-10-10,JP,Miyazaki,pm25,104,5.0,74.0,30.0,2355.91
2022-10-10,JP,Matsuyama,pm25,142,5.0,59.0,21.0,1971.96
2022-10-10,JP,Wakayama,pm25,269,5.0,61.0,21.0,1353.4
2022-10-10,JP,Takamatsu,pm25,213,5.0,55.0,17.0,1053.05
2022-10-10,JP,Nagoya,pm25,676,5.0,70.0,13.0,1096.38
2022-10-10,JP,Ōita,pm25,229,5.0,53.0,30.0,1606.42
2022-10-10,JP,Kobe,pm25,399,5.0,82.0,21.0,1320.56
2022-10-10,JP,Nagano,pm25,41,5.0,38.0,13.0,1026.2
2022-10-10,JP,Utsunomiya,pm25,383,5.0,55.0,17.0,925.6
2022-10-10,JP,Kagoshima,pm25,93,5.0,74.0,34.0,1358.45
2022-10-10,SK,Košice,pm25,95,9.0,158.0,38.0,6698.0
2022-10-10,SK,Bratislava,pm25,95,5.0,61.0,34.0,1361.42
2022-10-10,FI,Vantaa,pm25,24,9.0,23.0,15.0,111.58
2022-10-10,FI,Turku,pm25,24,11.0,17.0,14.0,22.01
2022-10-10,FI,Helsinki,pm25,109,5.0,29.0,14.0,272.28
2022-10-10,FI,Tampere,pm25,96,4.0,27.0,11.0,157.32
2022-10-10,ET,Addis Ababa,pm25,24,38.0,112.0,70.0,2389.28
2022-10-10,CO,Bogotá,pm25,325,5.0,160.0,34.0,7357.61
2022-10-10,CO,Medellín,pm25,267,21.0,87.0,57.0,1409.55
2022-10-10,GB,Edinburgh,pm25,283,12.0,57.0,19.0,837.68
2022-10-10,GB,Norwich,pm25,18,30.0,51.0,32.0,584.09
2022-10-10,GB,Liverpool,pm25,46,17.0,59.0,34.0,946.51
2022-10-10,GB,Belfast,pm25,25,21.0,30.0,25.0,135.6
2022-10-10,GB,Coventry,pm25,69,17.0,52.0,23.0,868.1
2022-10-10,GB,Leeds,pm25,18,38.0,53.0,42.0,242.65
2022-10-10,GB,Cardiff,pm25,116,9.0,55.0,34.0,1655.04
2022-10-10,GB,Bristol,pm25,62,17.0,95.0,34.0,2242.83
2022-10-10,GB,London,pm25,514,1.0,97.0,38.0,2163.49
2022-10-10,GB,Birmingham,pm25,37,17.0,45.0,25.0,646.97
2022-10-10,GB,Sheffield,pm25,85,16.0,59.0,30.0,1029.88
2022-10-10,GB,Newport,pm25,42,5.0,34.0,18.0,505.2
2022-10-10,GB,Leicester,pm25,23,17.0,57.0,27.0,1673.0
2022-10-10,GB,Manchester,pm25,77,18.0,54.0,34.0,952.07
2022-10-10,GB,Reading,pm25,47,9.0,53.0,30.0,1479.33
2022-10-10,GB,Plymouth,pm25,39,13.0,45.0,25.0,535.36
2022-10-10,GB,Glasgow,pm25,572,10.0,53.0,21.0,456.33
2022-10-10,GB,Preston,pm25,46,18.0,51.0,28.0,531.1
2022-10-10,GB,Swansea,pm25,118,5.0,61.0,34.0,1686.95
2022-10-10,GB,Southend-on-Sea,pm25,44,14.0,57.0,26.0,1122.71
2022-10-10,ID,Jakarta,pm25,71,38.0,169.0,85.0,8522.43
2022-10-10,NP,Kathmandu,pm25,48,17.0,82.0,46.0,2772.27
2022-10-10,NP,Biratnagar,pm25,24,27.0,75.0,55.0,1400.22
2022-10-10,AU,Sydney,pm25,124,1.0,70.0,14.0,846.9
2022-10-10,AU,Newcastle,pm25,133,1.0,55.0,16.0,808.16
2022-10-10,AU,Launceston,pm25,137,5.0,122.0,17.0,4146.35
2022-10-10,AU,Hobart,pm25,43,5.0,34.0,5.0,256.67
2022-10-10,AU,Darwin,pm25,49,2.0,64.0,24.0,2164.99
2022-10-10,AU,Melbourne,pm25,135,2.0,68.0,23.0,1626.1
2022-10-10,AU,Canberra,pm25,58,2.0,61.0,21.0,1885.86
2022-10-10,AU,Adelaide,pm25,69,3.0,53.0,13.0,1124.7
2022-10-10,AU,Brisbane,pm25,203,1.0,54.0,29.0,1784.91
2022-10-10,AU,Perth,pm25,85,2.0,16.0,5.0,208.52
2022-10-10,AU,Wollongong,pm25,40,1.0,39.0,9.0,995.36
2022-10-10,CI,Abidjan,pm25,24,21.0,99.0,57.0,4612.17
2022-10-10,GH,Accra,pm25,24,13.0,137.0,53.0,9490.85
2022-10-10,IQ,Baghdad,pm25,24,102.0,227.0,152.0,6364.76
2022-10-10,IS,Reykjavík,pm25,96,8.0,31.0,14.0,326.63
2022-10-10,KG,Bishkek,pm25,24,61.0,127.0,74.0,2826.94
2022-10-10,NL,Utrecht,pm25,48,10.0,66.0,51.0,1738.01
2022-10-10,NL,Nijmegen,pm25,47,6.0,77.0,35.0,2217.28
2022-10-10,NL,Haarlem,pm25,136,1.0,95.0,33.0,3321.73
2022-10-10,NL,Eindhoven,pm25,22,38.0,78.0,57.0,879.57
2022-10-10,NL,Rotterdam,pm25,191,6.0,73.0,39.0,1425.2
2022-10-10,NL,Amsterdam,pm25,256,1.0,79.0,33.0,2387.31
2022-10-10,NL,Dordrecht,pm25,23,13.0,74.0,42.0,2223.12
2022-10-10,NL,Breda,pm25,46,5.0,67.0,41.0,1418.94
2022-10-10,NL,Groningen,pm25,47,1.0,60.0,30.0,1437.57
2022-10-10,NL,Maastricht,pm25,91,13.0,132.0,42.0,4779.89
2022-10-10,NL,The Hague,pm25,67,7.0,58.0,38.0,1658.82
2022-10-10,PT,Lisbon,pm25,35,14.0,43.0,23.0,757.03
2022-10-10,PT,Funchal,pm25,48,2.0,31.0,16.0,866.38
2022-10-10,CA,Hamilton,pm25,84,9.0,57.0,25.0,1252.98
2022-10-10,CA,Calgary,pm25,91,5.0,115.0,38.0,2680.28
2022-10-10,CA,Halifax,pm25,46,8.0,25.0,15.0,259.77
2022-10-10,CA,Kitchener,pm25,45,9.0,61.0,21.0,1706.92
2022-10-10,CA,Edmonton,pm25,128,1.0,60.0,25.0,2108.4
2022-10-10,CA,Surrey,pm25,96,5.0,89.0,34.0,2304.84
2022-10-10,CA,Mississauga,pm25,69,5.0,63.0,21.0,1411.71
2022-10-10,CA,Québec,pm25,178,7.0,63.0,14.0,807.7
2022-10-10,CA,Vancouver,pm25,168,4.0,59.0,31.0,2354.25
2022-10-10,CA,Victoria,pm25,42,5.0,68.0,46.0,4903.44
2022-10-10,CA,Montréal,pm25,419,3.0,96.0,27.0,2219.01
2022-10-10,CA,Toronto,pm25,135,5.0,53.0,21.0,1094.05
2022-10-10,CA,Ottawa,pm25,66,5.0,61.0,17.0,1402.19
2022-10-10,CA,London,pm25,41,5.0,76.0,30.0,4698.2
2022-10-10,US,Oklahoma City,pm25,96,50.0,84.0,61.0,854.24
2022-10-10,US,Raleigh,pm25,71,17.0,59.0,39.0,1295.94
2022-10-10,US,Memphis,pm25,72,42.0,89.0,54.0,995.74
2022-10-10,US,Jackson,pm25,72,16.0,82.0,53.0,2455.77
2022-10-10,US,Boston,pm25,134,25.0,87.0,38.0,1031.39
2022-10-10,US,Richmond,pm25,75,18.0,54.0,30.0,1006.61
2022-10-10,US,Portland,pm25,192,6.0,148.0,89.0,17117.8
2022-10-10,US,Boise,pm25,48,21.0,72.0,55.0,1288.08
2022-10-10,US,Austin,pm25,47,9.0,85.0,38.0,3008.38
2022-10-10,US,Honolulu,pm25,46,5.0,53.0,17.0,1054.65
2022-10-10,US,Fresno,pm25,46,28.0,58.0,46.0,657.74
2022-10-10,US,Milwaukee,pm25,140,9.0,78.0,30.0,2185.68
2022-10-10,US,Hartford,pm25,48,24.0,61.0,33.0,749.68
2022-10-10,US,Washington D.C.,pm25,77,5.0,57.0,25.0,1567.27
2022-10-10,US,Chicago,pm25,239,14.0,86.0,46.0,2311.66
2022-10-10,US,Houston,pm25,96,12.0,74.0,49.0,2249.81
2022-10-10,US,Indianapolis,pm25,143,17.0,90.0,43.0,1989.48
2022-10-10,US,Atlanta,pm25,24,46.0,59.0,54.0,90.42
2022-10-10,US,Charlotte,pm25,72,13.0,68.0,43.0,1426.29
2022-10-10,US,Sacramento,pm25,72,1.0,53.0,21.0,1364.5
2022-10-10,US,Oakland,pm25,116,5.0,59.0,25.0,1428.25
2022-10-10,US,Providence,pm25,72,5.0,53.0,30.0,1323.94
2022-10-10,US,Staten Island,pm25,96,5.0,59.0,30.0,1281.31
2022-10-10,US,Brooklyn,pm25,144,10.0,60.0,33.0,941.62
2022-10-10,US,Springfield,pm25,72,24.0,85.0,49.0,2086.54
2022-10-10,US,The Bronx,pm25,48,18.0,47.0,30.0,740.64
2022-10-10,US,San Jose,pm25,93,5.0,82.0,25.0,3766.62
2022-10-10,US,Los Angeles,pm25,48,36.0,87.0,55.0,1223.39
2022-10-10,US,Detroit,pm25,167,25.0,116.0,42.0,1066.14
2022-10-10,US,Little Rock,pm25,47,27.0,74.0,55.0,1506.19
2022-10-10,US,Baltimore,pm25,34,21.0,46.0,34.0,472.34
2022-10-10,US,Phoenix,pm25,188,1.0,55.0,16.0,1082.74
2022-10-10,US,Omaha,pm25,48,13.0,80.0,50.0,2958.61
2022-10-10,US,El Paso,pm25,143,1.0,67.0,14.0,3273.17
2022-10-10,US,Dallas,pm25,24,42.0,76.0,59.0,717.37
2022-10-10,US,Seattle,pm25,252,5.0,152.0,97.0,12736.7
2022-10-10,US,Manhattan,pm25,71,2.0,62.0,30.0,1449.81
2022-10-10,US,Miami,pm25,90,16.0,37.0,25.0,154.21
2022-10-10,US,Jacksonville,pm25,138,14.0,72.0,47.0,1329.7
2022-10-10,US,San Antonio,pm25,91,5.0,76.0,46.0,1696.63
2022-10-10,US,Philadelphia,pm25,68,9.0,56.0,40.0,1462.42
2022-10-10,US,San Diego,pm25,24,41.0,60.0,53.0,453.91
2022-10-10,US,Columbus,pm25,48,12.0,64.0,29.0,1161.06
2022-10-10,US,Saint Paul,pm25,144,5.0,67.0,38.0,2149.46
2022-10-10,US,Denver,pm25,135,9.0,55.0,25.0,1137.23
2022-10-10,US,Salt Lake City,pm25,216,1.0,72.0,31.0,1275.72
2022-10-10,US,Albuquerque,pm25,72,14.0,48.0,20.0,420.94
2022-10-10,US,San Francisco,pm25,65,5.0,68.0,17.0,1626.22
2022-10-10,US,Salem,pm25,72,6.0,172.0,75.0,20599.6
2022-10-10,US,Madison,pm25,46,27.0,46.0,37.0,198.32
2022-10-10,US,Nashville,pm25,72,5.0,63.0,30.0,2233.52
2022-10-10,US,Tucson,pm25,127,5.0,38.0,13.0,578.64
2022-10-10,US,Queens,pm25,96,10.0,54.0,35.0,1075.64
2022-10-10,US,Tallahassee,pm25,72,12.0,78.0,51.0,1832.46
2022-10-10,US,Fort Worth,pm25,48,17.0,70.0,55.0,1211.27
2022-10-10,RS,Novi Sad,pm25,48,44.0,120.0,67.0,2631.76
2022-10-10,RS,Niš,pm25,46,77.0,154.0,109.0,3366.69
2022-10-10,RS,Belgrade,pm25,168,56.0,151.0,81.0,8671.94
2022-10-10,CY,Nicosia,pm25,24,36.0,74.0,54.0,752.16
2022-10-10,CY,Limassol,pm25,24,19.0,65.0,41.0,1747.23
2022-10-10,HR,Zagreb,pm25,24,54.0,155.0,68.0,6764.28
2022-10-10,MK,Skopje,pm25,120,63.0,154.0,108.0,5542.74
2022-10-11,GE,Tbilisi,pm25,96,19.0,56.0,29.0,841.78
2022-10-11,HU,Győr,pm25,24,38.0,91.0,65.0,1805.2
2022-10-11,HU,Szeged,pm25,16,42.0,107.0,63.0,3195.33
2022-10-11,HU,Pécs,pm25,24,65.0,109.0,91.0,1627.37
2022-10-11,HU,Kecskemét,pm25,21,57.0,82.0,76.0,506.33
2022-10-11,HU,Miskolc,pm25,72,42.0,160.0,68.0,7710.99
2022-10-11,HU,Budapest,pm25,137,38.0,104.0,63.0,1484.73
2022-10-11,JP,Fukuoka,pm25,351,5.0,87.0,21.0,1173.83
2022-10-11,JP,Kanazawa,pm25,213,5.0,46.0,17.0,461.22
2022-10-11,JP,Kumamoto,pm25,327,5.0,82.0,21.0,1769.08
2022-10-11,JP,Akita,pm25,46,5.0,72.0,34.0,2470.69
2022-10-11,JP,Kochi,pm25,47,5.0,50.0,21.0,1440.41
2022-10-11,JP,Gifu-shi,pm25,158,5.0,70.0,21.0,1931.44
2022-10-11,JP,Kyoto,pm25,557,5.0,59.0,21.0,1135.54
2022-10-11,JP,Hiroshima,pm25,256,5.0,70.0,21.0,1374.74
2022-10-11,JP,Shizuoka,pm25,212,5.0,65.0,21.0,2174.14
2022-10-11,JP,Chiba,pm25,714,5.0,104.0,30.0,2255.03
2022-10-11,JP,Sapporo,pm25,185,5.0,50.0,21.0,941.51
2022-10-11,JP,Yokohama,pm25,540,1.0,70.0,30.0,1404.95
2022-10-11,JP,Tokyo,pm25,2501,5.0,124.0,30.0,1641.59
2022-10-11,JP,Saitama,pm25,471,5.0,61.0,30.0,1705.67
2022-10-11,JP,Naha,pm25,144,17.0,34.0,30.0,208.37
2022-10-11,JP,Nagasaki,pm25,166,5.0,46.0,17.0,691.11
2022-10-11,JP,Toyama,pm25,171,5.0,53.0,21.0,1120.88
2022-10-11,JP,Niigata,pm25,206,5.0,63.0,21.0,903.65
2022-10-11,JP,Nara-shi,pm25,186,5.0,59.0,21.0,1107.63
2022-10-11,JP,Okayama,pm25,285,5.0,59.0,25.0,1279.02
2022-10-11,JP,Sendai,pm25,393,5.0,42.0,13.0,653.98
2022-10-11,JP,Osaka,pm25,1379,5.0,78.0,21.0,1014.1
2022-10-11,JP,Miyazaki,pm25,102,5.0,55.0,25.0,1332.8
2022-10-11,JP,Matsuyama,pm25,134,5.0,65.0,17.0,1792.81
2022-10-11,JP,Wakayama,pm25,279,5.0,72.0,21.0,1266.11
2022-10-11,JP,Takamatsu,pm25,211,5.0,61.0,17.0,925.04
2022-10-11,JP,Nagoya,pm25,715,5.0,72.0,21.0,842.63
2022-10-11,JP,Ōita,pm25,225,5.0,61.0,21.0,1048.05
2022-10-11,JP,Kobe,pm25,418,5.0,117.0,21.0,1054.83
2022-10-11,JP,Nagano,pm25,49,5.0,42.0,17.0,1128.15
2022-10-11,JP,Utsunomiya,pm25,354,5.0,65.0,17.0,1397.89
2022-10-11,JP,Kagoshima,pm25,93,5.0,42.0,25.0,531.07
2022-10-11,SK,Košice,pm25,89,30.0,134.0,55.0,1919.17
2022-10-11,SK,Bratislava,pm25,96,21.0,78.0,46.0,1427.64
2022-10-11,FI,Vantaa,pm25,24,8.0,25.0,16.0,289.11
2022-10-11,FI,Turku,pm25,23,11.0,40.0,19.0,510.79
2022-10-11,FI,Helsinki,pm25,96,7.0,53.0,17.0,674.74
2022-10-11,FI,Tampere,pm25,96,5.0,35.0,14.0,590.16
2022-10-11,ET,Addis Ababa,pm25,24,53.0,169.0,78.0,8032.97
2022-10-11,CH,Zürich,pm25,22,2.0,5.0,3.0,8.85
2022-10-11,CO,Bogotá,pm25,313,1.0,151.0,34.0,7328.43
2022-10-11,CO,Medellín,pm25,243,21.0,91.0,57.0,1569.81
2022-10-11,GB,Edinburgh,pm25,283,6.0,57.0,15.0,588.23
2022-10-11,GB,Norwich,pm25,21,19.0,43.0,34.0,295.48
2022-10-11,GB,Liverpool,pm25,35,25.0,338.0,42.0,31705.0
2022-10-11,GB,Belfast,pm25,25,25.0,34.0,30.0,77.1
2022-10-11,GB,Coventry,pm25,60,30.0,70.0,34.0,852.71
2022-10-11,GB,Leeds,pm25,22,38.0,61.0,46.0,458.27
2022-10-11,GB,Cardiff,pm25,119,17.0,80.0,42.0,2487.82
2022-10-11,GB,Bristol,pm25,70,21.0,80.0,46.0,1621.92
2022-10-11,GB,London,pm25,544,17.0,134.0,48.0,2634.42
2022-10-11,GB,Birmingham,pm25,22,27.0,76.0,40.0,2088.51
2022-10-11,GB,Sheffield,pm25,68,24.0,78.0,34.0,1461.62
2022-10-11,GB,Newport,pm25,43,24.0,62.0,30.0,887.78
2022-10-11,GB,Leicester,pm25,19,42.0,69.0,50.0,571.17
2022-10-11,GB,Manchester,pm25,75,26.0,57.0,41.0,525.22
2022-10-11,GB,Reading,pm25,48,21.0,74.0,34.0,2384.52
2022-10-11,GB,Plymouth,pm25,43,13.0,46.0,27.0,1067.41
2022-10-11,GB,Glasgow,pm25,569,8.0,38.0,18.0,226.49
2022-10-11,GB,Preston,pm25,38,20.0,71.0,36.0,920.91
2022-10-11,GB,Swansea,pm25,120,9.0,74.0,34.0,2782.11
2022-10-11,GB,Southend-on-Sea,pm25,46,25.0,58.0,34.0,755.33
2022-10-11,ID,Jakarta,pm25,71,63.0,175.0,147.0,9553.43
2022-10-11,NP,Kathmandu,pm25,48,17.0,95.0,57.0,3356.48
2022-10-11,NP,Biratnagar,pm25,24,51.0,70.0,62.0,272.97
2022-10-11,AU,Sydney,pm25,127,1.0,82.0,14.0,1235.63
2022-10-11,AU,Newcastle,pm25,130,1.0,41.0,14.0,762.82
2022-10-11,AU,Launceston,pm25,113,5.0,104.0,9.0,3248.63
2022-10-11,AU,Hobart,pm25,62,5.0,25.0,9.0,310.23
2022-10-11,AU,Darwin,pm25,71,1.0,52.0,28.0,1295.57
2022-10-11,AU,Melbourne,pm25,148,2.0,57.0,25.0,1501.87
2022-10-11,AU,Canberra,pm25,66,1.0,61.0,27.0,1418.46
2022-10-11,AU,Adelaide,pm25,67,1.0,59.0,9.0,957.67
2022-10-11,AU,Brisbane,pm25,198,1.0,55.0,22.0,1507.66
2022-10-11,AU,Perth,pm25,85,2.0,17.0,6.0,198.05
2022-10-11,AU,Wollongong,pm25,41,2.0,52.0,12.0,1990.26
2022-10-11,CI,Abidjan,pm25,22,5.0,30.0,17.0,446.0
2022-10-11,GH,Accra,pm25,24,5.0,72.0,30.0,2956.23
2022-10-11,IQ,Baghdad,pm25,24,85.0,235.0,163.0,8607.37
2022-10-11,IS,Reykjavík,pm25,96,2.0,20.0,13.0,156.16
2022-10-11,KG,Bishkek,pm25,24,50.0,142.0,80.0,5930.42
2022-10-11,NL,Utrecht,pm25,48,15.0,80.0,49.0,1581.84
2022-10-11,NL,Nijmegen,pm25,46,6.0,67.0,41.0,2247.75
2022-10-11,NL,Haarlem,pm25,142,1.0,93.0,27.0,1918.34
2022-10-11,NL,Eindhoven,pm25,24,34.0,91.0,58.0,1799.4
2022-10-11,NL,Rotterdam,pm25,192,11.0,77.0,29.0,1361.88
2022-10-11,NL,Amsterdam,pm25,260,2.0,84.0,28.0,2225.95
2022-10-11,NL,Dordrecht,pm25,24,13.0,57.0,34.0,1039.84
2022-10-11,NL,Breda,pm25,48,11.0,72.0,45.0,2072.61
2022-10-11,NL,Groningen,pm25,48,6.0,73.0,23.0,1082.7
2022-10-11,NL,Maastricht,pm25,94,5.0,89.0,38.0,4754.65
2022-10-11,NL,The Hague,pm25,72,12.0,93.0,27.0,2166.52
2022-10-11,PT,Lisbon,pm25,46,8.0,43.0,20.0,915.92
2022-10-11,PT,Funchal,pm25,62,1.0,40.0,12.0,1069.87
2022-10-11,CA,Hamilton,pm25,84,9.0,65.0,30.0,3518.19
2022-10-11,CA,Calgary,pm25,77,1.0,32.0,12.0,623.54
2022-10-11,CA,Halifax,pm25,45,14.0,23.0,17.0,36.13
2022-10-11,CA,Kitchener,pm25,45,9.0,68.0,30.0,3453.92
2022-10-11,CA,Edmonton,pm25,112,4.0,46.0,20.0,800.69
2022-10-11,CA,Surrey,pm25,91,3.0,63.0,20.0,2239.92
2022-10-11,CA,Mississauga,pm25,71,5.0,89.0,38.0,3167.41
2022-10-11,CA,Québec,pm25,173,9.0,63.0,27.0,1029.2
2022-10-11,CA,Vancouver,pm25,161,3.0,56.0,15.0,1401.2
2022-10-11,CA,Victoria,pm25,45,5.0,46.0,21.0,971.36
2022-10-11,CA,Montréal,pm25,424,9.0,73.0,35.0,1246.71
2022-10-11,CA,Toronto,pm25,137,9.0,109.0,34.0,2865.71
2022-10-11,CA,Ottawa,pm25,69,16.0,47.0,33.0,760.48
2022-10-11,CA,London,pm25,48,9.0,55.0,38.0,2107.59
2022-10-11,US,Oklahoma City,pm25,96,23.0,67.0,41.0,1589.66
2022-10-11,US,Raleigh,pm25,70,13.0,70.0,38.0,1530.05
2022-10-11,US,Memphis,pm25,71,34.0,66.0,52.0,502.71
2022-10-11,US,Jackson,pm25,69,33.0,94.0,63.0,2225.28
2022-10-11,US,Boston,pm25,138,17.0,61.0,38.0,1543.72
2022-10-11,US,Richmond,pm25,75,23.0,45.0,34.0,315.47
2022-10-11,US,Portland,pm25,169,7.0,53.0,21.0,768.32
2022-10-11,US,Boise,pm25,48,16.0,68.0,44.0,1263.68
2022-10-11,US,Austin,pm25,45,5.0,57.0,25.0,2019.27
2022-10-11,US,Honolulu,pm25,38,5.0,34.0,17.0,614.52
2022-10-11,US,Fresno,pm25,48,10.0,56.0,40.0,1697.43
2022-10-11,US,Milwaukee,pm25,143,14.0,83.0,53.0,1954.92
2022-10-11,US,Hartford,pm25,48,22.0,53.0,36.0,554.03
2022-10-11,US,Washington D.C.,pm25,74,9.0,53.0,34.0,771.43
2022-10-11,US,Chicago,pm25,237,16.0,80.0,46.0,1191.45
2022-10-11,US,Houston,pm25,94,19.0,86.0,52.0,1393.89
2022-10-11,US,Indianapolis,pm25,127,9.0,84.0,45.0,1330.42
2022-10-11,US,Atlanta,pm25,24,45.0,59.0,56.0,146.09
2022-10-11,US,Charlotte,pm25,70,17.0,63.0,48.0,756.62
2022-10-11,US,Sacramento,pm25,71,9.0,63.0,34.0,1445.14
2022-10-11,US,Oakland,pm25,118,9.0,122.0,50.0,2272.64
2022-10-11,US,Providence,pm25,66,5.0,50.0,30.0,1529.94
2022-10-11,US,Staten Island,pm25,96,16.0,73.0,45.0,1699.57
2022-10-11,US,Brooklyn,pm25,144,14.0,79.0,45.0,1785.26
2022-10-11,US,Springfield,pm25,70,49.0,97.0,57.0,776.72
2022-10-11,US,The Bronx,pm25,48,14.0,67.0,39.0,1788.07
2022-10-11,US,San Jose,pm25,89,5.0,102.0,55.0,4362.85
2022-10-11,US,Los Angeles,pm25,48,30.0,67.0,50.0,773.12
2022-10-11,US,Detroit,pm25,168,35.0,78.0,53.0,870.23
2022-10-11,US,Little Rock,pm25,47,28.0,69.0,51.0,1290.21
2022-10-11,US,Baltimore,pm25,46,13.0,57.0,42.0,951.65
2022-10-11,US,Phoenix,pm25,184,2.0,64.0,19.0,1456.71
2022-10-11,US,Omaha,pm25,46,13.0,55.0,30.0,1123.33
2022-10-11,US,El Paso,pm25,143,5.0,96.0,25.0,5668.14
2022-10-11,US,Dallas,pm25,20,25.0,80.0,42.0,1484.5
2022-10-11,US,Seattle,pm25,232,9.0,824.0,30.0,29373.7
2022-10-11,US,Manhattan,pm25,71,6.0,65.0,43.0,1605.33
2022-10-11,US,Miami,pm25,88,19.0,30.0,22.0,60.41
2022-10-11,US,Jacksonville,pm25,142,10.0,93.0,33.0,1611.62
2022-10-11,US,San Antonio,pm25,87,3.0,62.0,34.0,2060.24
2022-10-11,US,Philadelphia,pm25,93,15.0,65.0,42.0,1325.99
2022-10-11,US,San Diego,pm25,24,35.0,59.0,51.0,494.78
2022-10-11,US,Columbus,pm25,48,10.0,53.0,30.0,1308.65
2022-10-11,US,Saint Paul,pm25,144,17.0,93.0,54.0,1163.98
2022-10-11,US,Denver,pm25,143,13.0,68.0,25.0,1620.84
2022-10-11,US,Salt Lake City,pm25,211,22.0,69.0,38.0,953.28
2022-10-11,US,Albuquerque,pm25,69,13.0,55.0,16.0,663.32
2022-10-11,US,San Francisco,pm25,69,5.0,93.0,42.0,3001.79
2022-10-11,US,Salem,pm25,72,5.0,43.0,18.0,646.75
2022-10-11,US,Madison,pm25,48,14.0,73.0,55.0,2352.75
2022-10-11,US,Nashville,pm25,71,9.0,95.0,46.0,2221.35
2022-10-11,US,Tucson,pm25,125,5.0,46.0,13.0,863.39
2022-10-11,US,Queens,pm25,96,10.0,70.0,45.0,1651.77
2022-10-11,US,Tallahassee,pm25,71,12.0,69.0,50.0,2431.65
2022-10-11,US,Fort Worth,pm25,48,5.0,57.0,30.0,2236.27
2022-10-11,RS,Novi Sad,pm25,48,67.0,155.0,94.0,5721.34
2022-10-11,RS,Niš,pm25,48,65.0,103.0,76.0,944.25
2022-10-11,RS,Belgrade,pm25,168,42.0,161.0,85.0,16373.6
2022-10-11,CY,Nicosia,pm25,24,29.0,63.0,53.0,601.45
2022-10-11,CY,Limassol,pm25,24,23.0,57.0,39.0,887.37
2022-10-11,HR,Zagreb,pm25,23,69.0,126.0,96.0,1461.66
2022-10-11,MK,Skopje,pm25,120,51.0,155.0,99.0,6451.92
2022-10-12,GE,Tbilisi,pm25,96,30.0,49.0,40.0,180.08
2022-10-12,HU,Győr,pm25,23,5.0,114.0,80.0,6731.3
2022-10-12,HU,Szeged,pm25,16,38.0,74.0,61.0,1070.96
2022-10-12,HU,Pécs,pm25,24,61.0,99.0,78.0,1160.87
2022-10-12,HU,Kecskemét,pm25,23,53.0,85.0,68.0,1389.29
2022-10-12,HU,Miskolc,pm25,72,42.0,149.0,65.0,2994.18
2022-10-12,HU,Budapest,pm25,139,38.0,127.0,74.0,1801.66
2022-10-12,JP,Fukuoka,pm25,367,5.0,134.0,25.0,1830.31
2022-10-12,JP,Kanazawa,pm25,219,5.0,50.0,17.0,642.14
2022-10-12,JP,Kumamoto,pm25,340,5.0,85.0,30.0,3008.22
2022-10-12,JP,Akita,pm25,45,5.0,76.0,30.0,2723.92
2022-10-12,JP,Kochi,pm25,33,9.0,50.0,30.0,1344.96
2022-10-12,JP,Gifu-shi,pm25,156,5.0,61.0,21.0,2150.1
2022-10-12,JP,Kyoto,pm25,547,5.0,63.0,30.0,1558.53
2022-10-12,JP,Hiroshima,pm25,249,5.0,63.0,21.0,1739.41
2022-10-12,JP,Shizuoka,pm25,236,5.0,61.0,21.0,999.63
2022-10-12,JP,Chiba,pm25,687,5.0,78.0,25.0,1320.48
2022-10-12,JP,Sapporo,pm25,163,5.0,59.0,21.0,1024.65
2022-10-12,JP,Yokohama,pm25,531,1.0,53.0,25.0,969.59
2022-10-12,JP,Tokyo,pm25,2394,1.0,202.0,25.0,1184.11
2022-10-12,JP,Saitama,pm25,489,9.0,70.0,30.0,1554.71
2022-10-12,JP,Naha,pm25,144,17.0,72.0,34.0,1442.92
2022-10-12,JP,Nagasaki,pm25,179,5.0,53.0,21.0,952.25
2022-10-12,JP,Toyama,pm25,184,5.0,65.0,21.0,1350.04
2022-10-12,JP,Niigata,pm25,210,5.0,59.0,21.0,777.63
2022-10-12,JP,Nara-shi,pm25,186,5.0,63.0,30.0,1111.83
2022-10-12,JP,Okayama,pm25,281,5.0,61.0,25.0,1255.93
2022-10-12,JP,Sendai,pm25,387,5.0,46.0,25.0,742.22
2022-10-12,JP,Osaka,pm25,1385,5.0,68.0,25.0,1114.65
2022-10-12,JP,Miyazaki,pm25,106,5.0,82.0,34.0,1995.99
2022-10-12,JP,Matsuyama,pm25,145,5.0,68.0,25.0,2119.5
2022-10-12,JP,Wakayama,pm25,277,9.0,53.0,25.0,768.22
2022-10-12,JP,Takamatsu,pm25,224,5.0,76.0,21.0,1594.32
2022-10-12,JP,Nagoya,pm25,731,5.0,72.0,21.0,1167.63
2022-10-12,JP,Ōita,pm25,233,5.0,55.0,21.0,1435.63
2022-10-12,JP,Kobe,pm25,417,5.0,109.0,25.0,1234.32
2022-10-12,JP,Nagano,pm25,49,5.0,53.0,21.0,1532.88
2022-10-12,JP,Utsunomiya,pm25,387,5.0,80.0,30.0,2098.21
2022-10-12,JP,Kagoshima,pm25,96,17.0,63.0,34.0,1197.38
2022-10-12,SK,Košice,pm25,94,13.0,70.0,42.0,1074.34
2022-10-12,SK,Bratislava,pm25,95,34.0,93.0,57.0,1678.06
2022-10-12,FI,Vantaa,pm25,24,3.0,58.0,15.0,2141.29
2022-10-12,FI,Turku,pm25,24,7.0,61.0,9.0,2715.63
2022-10-12,FI,Helsinki,pm25,104,3.0,37.0,11.0,447.39
2022-10-12,FI,Tampere,pm25,96,4.0,54.0,8.0,314.72
2022-10-12,ET,Addis Ababa,pm25,24,61.0,154.0,82.0,4664.35
2022-10-12,CH,Zürich,pm25,17,3.0,4.0,3.0,1.54
2022-10-12,CO,Bogotá,pm25,329,5.0,165.0,51.0,11259.7
2022-10-12,CO,Medellín,pm25,285,25.0,102.0,61.0,2222.18
2022-10-12,GB,Edinburgh,pm25,282,1.0,65.0,18.0,1548.64
2022-10-12,GB,Norwich,pm25,24,34.0,53.0,41.0,350.85
2022-10-12,GB,Liverpool,pm25,14,23.0,62.0,30.0,825.55
2022-10-12,GB,Belfast,pm25,24,17.0,30.0,21.0,140.71
2022-10-12,GB,Coventry,pm25,39,30.0,48.0,36.0,252.35
2022-10-12,GB,Leeds,pm25,13,42.0,61.0,46.0,357.44
2022-10-12,GB,Cardiff,pm25,109,5.0,76.0,50.0,3090.65
2022-10-12,GB,Bristol,pm25,71,21.0,70.0,46.0,600.14
2022-10-12,GB,London,pm25,560,5.0,102.0,46.0,2878.72
2022-10-12,GB,Birmingham,pm25,30,23.0,65.0,35.0,1004.89
2022-10-12,GB,Sheffield,pm25,70,20.0,70.0,42.0,666.76
2022-10-12,GB,Newport,pm25,46,21.0,55.0,37.0,947.64
2022-10-12,GB,Leicester,pm25,12,29.0,61.0,46.0,596.97
2022-10-12,GB,Manchester,pm25,75,23.0,87.0,41.0,1921.17
2022-10-12,GB,Reading,pm25,47,5.0,57.0,42.0,3179.06
2022-10-12,GB,Plymouth,pm25,34,13.0,50.0,30.0,526.68
2022-10-12,GB,Glasgow,pm25,567,2.0,63.0,21.0,1368.33
2022-10-12,GB,Preston,pm25,37,8.0,65.0,34.0,763.98
2022-10-12,GB,Swansea,pm25,114,5.0,78.0,34.0,2160.01
2022-10-12,GB,Southend-on-Sea,pm25,42,23.0,55.0,33.0,479.12
2022-10-12,ID,Jakarta,pm25,71,68.0,157.0,112.0,6544.76
2022-10-12,ML,Bamako,pm25,11,65.0,154.0,82.0,12290.2
2022-10-12,NP,Kathmandu,pm25,50,13.0,93.0,50.0,3466.78
2022-10-12,NP,Biratnagar,pm25,24,20.0,65.0,34.0,1702.01
2022-10-12,AU,Sydney,pm25,118,1.0,36.0,12.0,580.05
2022-10-12,AU,Newcastle,pm25,117,1.0,41.0,16.0,776.62
2022-10-12,AU,Launceston,pm25,136,5.0,97.0,9.0,1820.78
2022-10-12,AU,Hobart,pm25,62,5.0,91.0,9.0,1212.7
2022-10-12,AU,Darwin,pm25,71,2.0,43.0,25.0,905.42
2022-10-12,AU,Melbourne,pm25,145,1.0,52.0,23.0,1677.5
2022-10-12,AU,Canberra,pm25,49,3.0,60.0,22.0,1706.16
2022-10-12,AU,Adelaide,pm25,80,5.0,69.0,15.0,1297.82
2022-10-12,AU,Brisbane,pm25,214,1.0,48.0,18.0,981.91
2022-10-12,AU,Perth,pm25,73,2.0,16.0,6.0,216.33
2022-10-12,AU,Wollongong,pm25,36,1.0,79.0,13.0,2421.87
2022-10-12,CI,Abidjan,pm25,24,17.0,87.0,30.0,3681.67
2022-10-12,GH,Accra,pm25,24,21.0,155.0,61.0,13410.3
2022-10-12,IQ,Baghdad,pm25,24,119.0,256.0,161.0,15516.4
2022-10-12,IS,Reykjavík,pm25,96,5.0,65.0,14.0,550.74
2022-10-12,KG,Bishkek,pm25,24,65.0,147.0,82.0,4924.18
2022-10-12,NL,Utrecht,pm25,48,33.0,81.0,57.0,953.29
2022-10-12,NL,Nijmegen,pm25,48,6.0,73.0,54.0,1792.06
2022-10-12,NL,Haarlem,pm25,144,13.0,85.0,51.0,2087.53
2022-10-12,NL,Eindhoven,pm25,24,34.0,79.0,65.0,1663.19
2022-10-12,NL,Rotterdam,pm25,192,32.0,74.0,58.0,821.88
2022-10-12,NL,Amsterdam,pm25,258,13.0,89.0,52.0,2223.09
2022-10-12,NL,Dordrecht,pm25,24,25.0,72.0,50.0,1968.24
2022-10-12,NL,Breda,pm25,48,24.0,85.0,59.0,1535.85
2022-10-12,NL,Groningen,pm25,48,16.0,76.0,39.0,1784.89
2022-10-12,NL,Maastricht,pm25,94,9.0,160.0,53.0,7489.13
2022-10-12,NL,The Hague,pm25,72,29.0,90.0,58.0,1622.03
2022-10-12,PT,Lisbon,pm25,38,9.0,62.0,17.0,2223.08
2022-10-12,PT,Funchal,pm25,53,1.0,73.0,17.0,2492.94
2022-10-12,CA,Hamilton,pm25,90,13.0,61.0,42.0,1096.69
2022-10-12,CA,Calgary,pm25,91,2.0,45.0,13.0,708.62
2022-10-12,CA,Winnipeg,pm25,13,20.0,58.0,33.0,1500.77
2022-10-12,CA,Halifax,pm25,46,18.0,30.0,21.0,79.52
2022-10-12,CA,Kitchener,pm25,48,21.0,70.0,50.0,1461.97
2022-10-12,CA,Edmonton,pm25,111,8.0,58.0,20.0,1231.54
2022-10-12,CA,Surrey,pm25,95,3.0,63.0,23.0,2060.42
2022-10-12,CA,Mississauga,pm25,69,25.0,65.0,42.0,1185.73
2022-10-12,CA,Québec,pm25,176,22.0,73.0,47.0,1446.86
2022-10-12,CA,Vancouver,pm25,164,3.0,68.0,23.0,1986.27
2022-10-12,CA,Victoria,pm25,45,5.0,59.0,25.0,865.59
2022-10-12,CA,Montréal,pm25,405,21.0,76.0,41.0,1005.31
2022-10-12,CA,Toronto,pm25,140,21.0,147.0,34.0,4276.52
2022-10-12,CA,Ottawa,pm25,70,31.0,55.0,42.0,532.06
2022-10-12,CA,London,pm25,48,21.0,55.0,42.0,605.51
2022-10-12,US,Oklahoma City,pm25,96,20.0,51.0,30.0,409.61
2022-10-12,US,Raleigh,pm25,72,5.0,65.0,50.0,1582.77
2022-10-12,US,Memphis,pm25,71,11.0,68.0,51.0,1189.64
2022-10-12,US,Jackson,pm25,68,14.0,250.0,50.0,11678.2
2022-10-12,US,Boston,pm25,112,34.0,91.0,42.0,625.03
2022-10-12,US,Richmond,pm25,90,29.0,54.0,41.0,246.05
2022-10-12,US,Portland,pm25,167,18.0,71.0,40.0,1523.23
2022-10-12,US,Boise,pm25,48,23.0,63.0,50.0,1073.46
2022-10-12,US,Austin,pm25,41,5.0,68.0,25.0,3509.02
2022-10-12,US,Honolulu,pm25,47,5.0,42.0,17.0,750.38
2022-10-12,US,Fresno,pm25,45,20.0,74.0,52.0,1454.16
2022-10-12,US,Milwaukee,pm25,144,13.0,89.0,52.0,4798.24
2022-10-12,US,Hartford,pm25,48,29.0,61.0,38.0,698.56
2022-10-12,US,Washington D.C.,pm25,97,13.0,55.0,35.0,693.13
2022-10-12,US,Chicago,pm25,238,2.0,75.0,42.0,3135.22
2022-10-12,US,Houston,pm25,85,12.0,65.0,36.0,1798.62
2022-10-12,US,Indianapolis,pm25,115,14.0,72.0,48.0,1582.77
2022-10-12,US,Atlanta,pm25,24,27.0,59.0,51.0,1075.87
2022-10-12,US,Charlotte,pm25,72,17.0,65.0,53.0,1919.44
2022-10-12,US,Sacramento,pm25,68,18.0,156.0,42.0,3249.0
2022-10-12,US,Oakland,pm25,113,5.0,78.0,42.0,1977.28
2022-10-12,US,Providence,pm25,72,9.0,59.0,34.0,1191.17
2022-10-12,US,Staten Island,pm25,90,17.0,102.0,46.0,2532.65
2022-10-12,US,Brooklyn,pm25,141,6.0,71.0,35.0,1626.73
2022-10-12,US,Springfield,pm25,70,18.0,92.0,53.0,5509.14
2022-10-12,US,The Bronx,pm25,48,13.0,49.0,34.0,625.17
2022-10-12,US,San Jose,pm25,94,9.0,82.0,50.0,3277.59
2022-10-12,US,Los Angeles,pm25,45,30.0,64.0,43.0,992.49
2022-10-12,US,Detroit,pm25,168,16.0,71.0,51.0,1328.13
2022-10-12,US,Little Rock,pm25,45,14.0,61.0,48.0,1741.43
2022-10-12,US,Baltimore,pm25,48,17.0,66.0,42.0,1191.02
2022-10-12,US,Phoenix,pm25,191,2.0,89.0,26.0,1991.58
2022-10-12,US,Omaha,pm25,48,5.0,68.0,17.0,1556.86
2022-10-12,US,El Paso,pm25,139,5.0,152.0,24.0,7488.49
2022-10-12,US,Dallas,pm25,23,5.0,76.0,30.0,3269.09
2022-10-12,US,Seattle,pm25,239,13.0,136.0,55.0,4299.72
2022-10-12,US,Manhattan,pm25,72,6.0,58.0,34.0,1184.41
2022-10-12,US,Miami,pm25,85,16.0,30.0,20.0,67.94
2022-10-12,US,Jacksonville,pm25,141,3.0,71.0,24.0,655.76
2022-10-12,US,San Antonio,pm25,93,3.0,77.0,33.0,2374.4
2022-10-12,US,Philadelphia,pm25,94,8.0,63.0,31.0,1637.55
2022-10-12,US,San Diego,pm25,24,40.0,48.0,44.0,51.23
2022-10-12,US,Columbus,pm25,48,18.0,55.0,38.0,1097.29
2022-10-12,US,Saint Paul,pm25,144,5.0,57.0,28.0,1428.36
2022-10-12,US,Denver,pm25,154,17.0,65.0,38.0,1043.12
2022-10-12,US,Salt Lake City,pm25,215,19.0,68.0,38.0,983.5
2022-10-12,US,Albuquerque,pm25,72,14.0,83.0,20.0,1703.28
2022-10-12,US,San Francisco,pm25,71,13.0,57.0,38.0,733.11
2022-10-12,US,Salem,pm25,72,21.0,62.0,35.0,1113.64
2022-10-12,US,Madison,pm25,48,13.0,60.0,24.0,2798.36
2022-10-12,US,Nashville,pm25,71,5.0,67.0,50.0,3745.43
2022-10-12,US,Tucson,pm25,137,5.0,53.0,17.0,908.29
2022-10-12,US,Queens,pm25,94,8.0,66.0,36.0,2068.12
2022-10-12,US,Tallahassee,pm25,71,1.0,60.0,30.0,1458.85
2022-10-12,US,Fort Worth,pm25,46,9.0,53.0,25.0,1198.94
2022-10-12,RS,Novi Sad,pm25,48,91.0,166.0,112.0,2698.28
2022-10-12,RS,Niš,pm25,48,61.0,100.0,79.0,800.83
2022-10-12,RS,Belgrade,pm25,168,77.0,157.0,143.0,5141.19
2022-10-12,CY,Nicosia,pm25,24,41.0,84.0,61.0,1451.88
2022-10-12,CY,Limassol,pm25,24,23.0,67.0,45.0,1938.68
2022-10-12,HR,Zagreb,pm25,22,79.0,147.0,94.0,3735.93
2022-10-12,MK,Skopje,pm25,120,26.0,118.0,75.0,3617.81
2022-10-13,GE,Tbilisi,pm25,96,35.0,63.0,45.0,577.68
2022-10-13,HU,Győr,pm25,24,50.0,122.0,65.0,3147.75
2022-10-13,HU,Szeged,pm25,24,30.0,72.0,53.0,1419.98
2022-10-13,HU,Pécs,pm25,24,59.0,97.0,68.0,1385.8
2022-10-13,HU,Kecskemét,pm25,4,68.0,70.0,68.0,10.0
2022-10-13,HU,Miskolc,pm25,71,38.0,139.0,63.0,5332.47
2022-10-13,HU,Budapest,pm25,143,25.0,151.0,78.0,3341.06
2022-10-13,JP,Fukuoka,pm25,365,5.0,114.0,38.0,1797.58
2022-10-13,JP,Kanazawa,pm25,229,5.0,50.0,21.0,827.46
2022-10-13,JP,Kumamoto,pm25,356,5.0,124.0,42.0,3709.46
2022-10-13,JP,Akita,pm25,34,9.0,68.0,25.0,2372.05
2022-10-13,JP,Kochi,pm25,24,13.0,53.0,34.0,906.5
2022-10-13,JP,Gifu-shi,pm25,177,5.0,97.0,38.0,3421.87
2022-10-13,JP,Kyoto,pm25,559,9.0,68.0,38.0,1364.66
2022-10-13,JP,Hiroshima,pm25,265,5.0,74.0,30.0,2539.92
2022-10-13,JP,Shizuoka,pm25,247,5.0,68.0,25.0,936.94
2022-10-13,JP,Chiba,pm25,697,5.0,119.0,25.0,1509.28
2022-10-13,JP,Sapporo,pm25,192,5.0,61.0,25.0,1339.88
2022-10-13,JP,Yokohama,pm25,540,1.0,57.0,30.0,1242.99
2022-10-13,JP,Tokyo,pm25,2423,5.0,68.0,34.0,1143.59
2022-10-13,JP,Saitama,pm25,488,5.0,63.0,34.0,1266.07
2022-10-13,JP,Naha,pm25,144,25.0,82.0,46.0,1616.99
2022-10-13,JP,Nagasaki,pm25,185,5.0,63.0,38.0,2058.53
2022-10-13,JP,Toyama,pm25,182,5.0,59.0,30.0,1612.41
2022-10-13,JP,Niigata,pm25,199,5.0,53.0,25.0,928.58
2022-10-13,JP,Nara-shi,pm25,188,5.0,61.0,34.0,998.13
2022-10-13,JP,Okayama,pm25,283,5.0,85.0,34.0,1505.53
2022-10-13,JP,Sendai,pm25,399,5.0,53.0,25.0,721.07
2022-10-13,JP,Osaka,pm25,1422,5.0,107.0,30.0,1238.02
2022-10-13,JP,Miyazaki,pm25,106,9.0,72.0,38.0,1716.07
2022-10-13,JP,Matsuyama,pm25,161,5.0,114.0,42.0,3834.1
2022-10-13,JP,Wakayama,pm25,286,5.0,93.0,34.0,1274.26
2022-10-13,JP,Takamatsu,pm25,218,5.0,155.0,30.0,2726.74
2022-10-13,JP,Nagoya,pm25,761,5.0,164.0,42.0,2652.81
2022-10-13,JP,Ōita,pm25,246,5.0,407.0,34.0,7235.26
2022-10-13,JP,Kobe,pm25,415,5.0,72.0,30.0,1168.62
2022-10-13,JP,Nagano,pm25,64,9.0,57.0,30.0,1636.79
2022-10-13,JP,Utsunomiya,pm25,388,5.0,53.0,25.0,1315.0
2022-10-13,JP,Kagoshima,pm25,95,5.0,68.0,38.0,1109.7
2022-10-13,SK,Košice,pm25,92,30.0,162.0,53.0,5882.18
2022-10-13,SK,Bratislava,pm25,92,63.0,99.0,76.0,750.49
2022-10-13,FI,Vantaa,pm25,24,15.0,67.0,20.0,1918.84
2022-10-13,FI,Turku,pm25,24,9.0,59.0,17.0,1908.97
2022-10-13,FI,Helsinki,pm25,120,9.0,65.0,19.0,839.79
2022-10-13,FI,Tampere,pm25,94,5.0,38.0,12.0,336.56
2022-10-13,ET,Addis Ababa,pm25,24,53.0,171.0,76.0,7776.5
2022-10-13,CH,Zürich,pm25,18,2.0,5.0,3.0,3.53
2022-10-13,CO,Bogotá,pm25,325,25.0,165.0,80.0,8352.52
2022-10-13,CO,Medellín,pm25,310,30.0,109.0,65.0,3362.57
2022-10-13,DK,Copenhagen,pm25,11,16.0,35.0,25.0,377.64
2022-10-13,GB,Edinburgh,pm25,282,2.0,156.0,19.0,2028.25
2022-10-13,GB,Norwich,pm25,15,34.0,54.0,42.0,358.1
2022-10-13,GB,Liverpool,pm25,28,13.0,56.0,30.0,1277.3
2022-10-13,GB,Belfast,pm25,23,21.0,50.0,42.0,861.7
2022-10-13,GB,Coventry,pm25,70,30.0,62.0,37.0,488.4
2022-10-13,GB,Leeds,pm25,21,38.0,72.0,42.0,1115.9
2022-10-13,GB,Cardiff,pm25,91,5.0,72.0,55.0,2969.62
2022-10-13,GB,Bristol,pm25,70,9.0,74.0,38.0,2077.94
2022-10-13,GB,London,pm25,568,2.0,123.0,38.0,4091.94
2022-10-13,GB,Birmingham,pm25,48,25.0,56.0,34.0,587.64
2022-10-13,GB,Sheffield,pm25,82,18.0,93.0,30.0,2317.97
2022-10-13,GB,Newport,pm25,46,13.0,73.0,32.0,3008.64
2022-10-13,GB,Leicester,pm25,22,30.0,64.0,38.0,1187.55
2022-10-13,GB,Manchester,pm25,73,29.0,84.0,50.0,963.57
2022-10-13,GB,Reading,pm25,44,5.0,63.0,17.0,3030.97
2022-10-13,GB,Plymouth,pm25,42,5.0,28.0,17.0,460.4
2022-10-13,GB,Glasgow,pm25,571,6.0,48.0,23.0,509.3
2022-10-13,GB,Preston,pm25,44,24.0,58.0,30.0,755.05
2022-10-13,GB,Swansea,pm25,120,5.0,65.0,34.0,2682.17
2022-10-13,GB,Southend-on-Sea,pm25,44,10.0,49.0,27.0,670.33
2022-10-13,ID,Jakarta,pm25,68,42.0,154.0,95.0,6937.41
2022-10-13,ML,Bamako,pm25,24,72.0,179.0,117.0,10086.4
2022-10-13,NP,Kathmandu,pm25,52,17.0,87.0,50.0,2989.94
2022-10-13,NP,Biratnagar,pm25,24,24.0,56.0,36.0,1099.11
2022-10-13,AU,Sydney,pm25,125,1.0,49.0,11.0,598.62
2022-10-13,AU,Newcastle,pm25,121,1.0,55.0,18.0,1642.46
2022-10-13,AU,Launceston,pm25,72,5.0,17.0,5.0,85.63
2022-10-13,AU,Hobart,pm25,25,5.0,13.0,5.0,46.93
2022-10-13,AU,Darwin,pm25,70,1.0,46.0,21.0,980.47
2022-10-13,AU,Melbourne,pm25,126,1.0,44.0,13.0,778.82
2022-10-13,AU,Canberra,pm25,57,1.0,361.0,25.0,21339.0
2022-10-13,AU,Adelaide,pm25,81,4.0,35.0,13.0,511.77
2022-10-13,AU,Brisbane,pm25,210,2.0,58.0,20.0,1082.4
2022-10-13,AU,Perth,pm25,72,2.0,19.0,5.0,236.81
2022-10-13,AU,Wollongong,pm25,41,1.0,64.0,13.0,1914.28
2022-10-13,CI,Abidjan,pm25,24,17.0,93.0,50.0,3505.14
2022-10-13,GH,Accra,pm25,24,34.0,107.0,63.0,3218.84
2022-10-13,IQ,Baghdad,pm25,15,177.0,275.0,215.0,7425.24
2022-10-13,IS,Reykjavík,pm25,96,3.0,41.0,12.0,334.95
2022-10-13,KG,Bishkek,pm25,21,46.0,137.0,72.0,4964.14
2022-10-13,NL,Utrecht,pm25,48,30.0,80.0,61.0,917.62
2022-10-13,NL,Nijmegen,pm25,46,41.0,67.0,56.0,386.09
2022-10-13,NL,Haarlem,pm25,137,1.0,105.0,36.0,5530.93
2022-10-13,NL,Eindhoven,pm25,24,50.0,81.0,62.0,641.09
2022-10-13,NL,Rotterdam,pm25,191,5.0,71.0,53.0,2137.37
2022-10-13,NL,Amsterdam,pm25,255,1.0,77.0,51.0,3482.93
2022-10-13,NL,Dordrecht,pm25,24,17.0,70.0,55.0,2173.62
2022-10-13,NL,Breda,pm25,48,9.0,77.0,58.0,2071.8
2022-10-13,NL,Groningen,pm25,45,9.0,68.0,55.0,1348.59
2022-10-13,NL,Maastricht,pm25,95,9.0,147.0,50.0,4256.96
2022-10-13,NL,The Hague,pm25,72,4.0,65.0,39.0,3761.68
2022-10-13,PT,Lisbon,pm25,38,20.0,67.0,25.0,1882.0
2022-10-13,PT,Funchal,pm25,63,1.0,36.0,16.0,1028.44
2022-10-13,CA,Hamilton,pm25,94,9.0,63.0,34.0,2159.92
2022-10-13,CA,Calgary,pm25,92,4.0,71.0,19.0,2488.47
2022-10-13,CA,Winnipeg,pm25,12,17.0,19.0,18.0,3.86
2022-10-13,CA,Halifax,pm25,46,21.0,48.0,36.0,604.42
2022-10-13,CA,Kitchener,pm25,43,5.0,74.0,17.0,4092.56
2022-10-13,CA,Edmonton,pm25,125,1.0,83.0,27.0,2649.1
2022-10-13,CA,Surrey,pm25,86,14.0,72.0,35.0,1712.04
2022-10-13,CA,Mississauga,pm25,67,5.0,80.0,21.0,3355.61
2022-10-13,CA,Québec,pm25,188,12.0,80.0,35.0,2215.21
2022-10-13,CA,Vancouver,pm25,152,5.0,73.0,27.0,2518.47
2022-10-13,CA,Victoria,pm25,48,5.0,74.0,34.0,3092.75
2022-10-13,CA,Montréal,pm25,398,6.0,53.0,30.0,793.84
2022-10-13,CA,Toronto,pm25,139,9.0,99.0,30.0,2700.98
2022-10-13,CA,Ottawa,pm25,58,20.0,49.0,33.0,802.4
2022-10-13,CA,London,pm25,35,5.0,57.0,21.0,2475.51
2022-10-13,US,Oklahoma City,pm25,96,15.0,48.0,23.0,421.47
2022-10-13,US,Raleigh,pm25,27,9.0,55.0,30.0,1100.46
2022-10-13,US,Memphis,pm25,71,7.0,58.0,34.0,1421.36
2022-10-13,US,Jackson,pm25,72,13.0,65.0,32.0,1028.31
2022-10-13,US,Boston,pm25,135,9.0,65.0,34.0,1067.0
2022-10-13,US,Richmond,pm25,91,18.0,41.0,32.0,229.93
2022-10-13,US,Portland,pm25,191,38.0,100.0,70.0,1631.23
2022-10-13,US,Boise,pm25,47,25.0,65.0,42.0,1248.91
2022-10-13,US,Austin,pm25,44,5.0,63.0,25.0,2613.46
2022-10-13,US,Honolulu,pm25,38,5.0,53.0,21.0,2086.15
2022-10-13,US,Fresno,pm25,48,26.0,71.0,53.0,1066.34
2022-10-13,US,Milwaukee,pm25,142,15.0,58.0,43.0,1450.91
2022-10-13,US,Hartford,pm25,48,12.0,52.0,30.0,940.81
2022-10-13,US,Washington D.C.,pm25,89,5.0,55.0,25.0,917.05
2022-10-13,US,Chicago,pm25,236,7.0,69.0,33.0,1247.91
2022-10-13,US,Houston,pm25,87,4.0,61.0,35.0,1952.13
2022-10-13,US,Indianapolis,pm25,120,13.0,121.0,34.0,2100.08
2022-10-13,US,Atlanta,pm25,24,23.0,49.0,40.0,827.81
2022-10-13,US,Charlotte,pm25,69,5.0,55.0,25.0,988.21
2022-10-13,US,Sacramento,pm25,61,5.0,93.0,25.0,2189.16
2022-10-13,US,Oakland,pm25,101,5.0,42.0,17.0,619.85
2022-10-13,US,Providence,pm25,65,5.0,55.0,25.0,1433.84
2022-10-13,US,Staten Island,pm25,68,2.0,51.0,21.0,1650.58
2022-10-13,US,Brooklyn,pm25,144,1.0,46.0,25.0,956.5
2022-10-13,US,Springfield,pm25,72,17.0,65.0,27.0,1160.77
2022-10-13,US,The Bronx,pm25,48,2.0,46.0,20.0,1131.02
2022-10-13,US,San Jose,pm25,86,5.0,72.0,25.0,2073.46
2022-10-13,US,Los Angeles,pm25,45,46.0,96.0,69.0,1736.62
2022-10-13,US,Detroit,pm25,168,11.0,74.0,38.0,1340.14
2022-10-13,US,Little Rock,pm25,43,1.0,109.0,18.0,2645.98
2022-10-13,US,Baltimore,pm25,38,5.0,42.0,18.0,764.08
2022-10-13,US,Phoenix,pm25,189,3.0,91.0,25.0,2928.1
2022-10-13,US,Omaha,pm25,39,5.0,34.0,17.0,484.39
2022-10-13,US,El Paso,pm25,156,2.0,116.0,34.0,6807.18
2022-10-13,US,Dallas,pm25,24,9.0,38.0,25.0,636.36
2022-10-13,US,Seattle,pm25,262,29.0,169.0,89.0,15363.6
2022-10-13,US,Manhattan,pm25,70,5.0,45.0,21.0,938.14
2022-10-13,US,Miami,pm25,83,14.0,28.0,19.0,109.03
2022-10-13,US,Jacksonville,pm25,138,4.0,145.0,20.0,2324.42
2022-10-13,US,San Antonio,pm25,90,6.0,64.0,38.0,2265.12
2022-10-13,US,Philadelphia,pm25,88,3.0,53.0,23.0,783.11
2022-10-13,US,San Diego,pm25,24,28.0,54.0,38.0,631.58
2022-10-13,US,Columbus,pm25,46,3.0,59.0,27.0,1393.94
2022-10-13,US,Saint Paul,pm25,143,5.0,52.0,26.0,1175.14
2022-10-13,US,Denver,pm25,153,17.0,65.0,34.0,883.82
2022-10-13,US,Salt Lake City,pm25,216,21.0,65.0,35.0,1192.13
2022-10-13,US,Albuquerque,pm25,72,19.0,82.0,25.0,1719.2
2022-10-13,US,San Francisco,pm25,61,5.0,46.0,13.0,775.73
2022-10-13,US,Salem,pm25,69,32.0,72.0,54.0,1342.77
2022-10-13,US,Madison,pm25,47,23.0,58.0,39.0,747.14
2022-10-13,US,Nashville,pm25,70,3.0,52.0,25.0,1561.0
2022-10-13,US,Tucson,pm25,148,5.0,59.0,21.0,1165.09
2022-10-13,US,Queens,pm25,95,2.0,53.0,18.0,976.35
2022-10-13,US,Tallahassee,pm25,67,1.0,59.0,18.0,1637.64
2022-10-13,US,Fort Worth,pm25,41,2.0,79.0,21.0,2572.24
2022-10-13,RS,Novi Sad,pm25,48,79.0,151.0,108.0,1873.93
2022-10-13,RS,Niš,pm25,48,55.0,92.0,74.0,665.74
2022-10-13,RS,Belgrade,pm25,166,58.0,160.0,96.0,7289.2
2022-10-13,CY,Nicosia,pm25,24,49.0,91.0,62.0,1346.5
2022-10-13,CY,Limassol,pm25,24,45.0,78.0,54.0,807.75
2022-10-13,HR,Rijeka,pm25,69,65.0,129.0,78.0,1118.28
2022-10-13,MK,Skopje,pm25,120,34.0,107.0,77.0,2018.71
2022-10-14,GE,Tbilisi,pm25,96,45.0,92.0,59.0,1709.55
2022-10-14,HU,Győr,pm25,23,9.0,114.0,70.0,6794.43
2022-10-14,HU,Szeged,pm25,24,50.0,102.0,74.0,1894.71
2022-10-14,HU,Pécs,pm25,24,59.0,102.0,70.0,1615.63
2022-10-14,HU,Miskolc,pm25,72,57.0,127.0,80.0,2401.45
2022-10-14,HU,Budapest,pm25,142,30.0,127.0,78.0,2093.44
2022-10-14,JP,Fukuoka,pm25,348,5.0,117.0,42.0,2029.69
2022-10-14,JP,Kanazawa,pm25,223,5.0,59.0,30.0,1142.25
2022-10-14,JP,Kumamoto,pm25,352,5.0,129.0,55.0,3801.02
2022-10-14,JP,Akita,pm25,43,5.0,102.0,38.0,4751.21
2022-10-14,JP,Kochi,pm25,34,9.0,57.0,30.0,1938.25
2022-10-14,JP,Gifu-shi,pm25,182,5.0,74.0,34.0,2414.7
2022-10-14,JP,Kyoto,pm25,573,9.0,99.0,34.0,1432.22
2022-10-14,JP,Hiroshima,pm25,288,5.0,72.0,34.0,2569.04
2022-10-14,JP,Shizuoka,pm25,213,5.0,65.0,13.0,1455.19
2022-10-14,JP,Chiba,pm25,728,5.0,68.0,25.0,1243.63
2022-10-14,JP,Sapporo,pm25,195,5.0,76.0,25.0,1738.42
2022-10-14,JP,Yokohama,pm25,522,1.0,59.0,17.0,1227.74
2022-10-14,JP,Tokyo,pm25,2422,1.0,74.0,21.0,1181.34
2022-10-14,JP,Saitama,pm25,477,5.0,55.0,25.0,843.62
2022-10-14,JP,Naha,pm25,138,13.0,42.0,30.0,550.0
2022-10-14,JP,Nagasaki,pm25,186,5.0,65.0,42.0,1342.81
2022-10-14,JP,Toyama,pm25,187,5.0,74.0,34.0,1685.25
2022-10-14,JP,Niigata,pm25,204,5.0,152.0,21.0,1606.15
2022-10-14,JP,Nara-shi,pm25,191,9.0,85.0,38.0,1237.64
2022-10-14,JP,Okayama,pm25,285,9.0,95.0,38.0,1985.73
2022-10-14,JP,Sendai,pm25,458,9.0,74.0,30.0,1008.15
2022-10-14,JP,Osaka,pm25,1445,5.0,93.0,30.0,1325.5
2022-10-14,JP,Miyazaki,pm25,111,5.0,99.0,42.0,2411.63
2022-10-14,JP,Matsuyama,pm25,163,5.0,97.0,46.0,3181.16
2022-10-14,JP,Wakayama,pm25,285,13.0,93.0,38.0,1428.78
2022-10-14,JP,Takamatsu,pm25,219,5.0,76.0,30.0,1705.59
2022-10-14,JP,Nagoya,pm25,763,5.0,95.0,38.0,1980.06
2022-10-14,JP,Ōita,pm25,253,5.0,87.0,50.0,2695.0
2022-10-14,JP,Kobe,pm25,418,5.0,127.0,30.0,1454.91
2022-10-14,JP,Nagano,pm25,67,5.0,53.0,17.0,1735.44
2022-10-14,JP,Utsunomiya,pm25,410,5.0,63.0,25.0,1027.29
2022-10-14,JP,Kagoshima,pm25,89,25.0,74.0,42.0,1316.96
2022-10-14,SK,Košice,pm25,96,46.0,152.0,68.0,2892.87
2022-10-14,SK,Bratislava,pm25,95,53.0,107.0,82.0,1348.6
2022-10-14,FI,Vantaa,pm25,24,10.0,40.0,31.0,1255.2
2022-10-14,FI,Turku,pm25,24,12.0,38.0,27.0,440.87
2022-10-14,FI,Helsinki,pm25,120,10.0,111.0,34.0,2329.02
2022-10-14,FI,Tampere,pm25,95,13.0,50.0,26.0,769.83
2022-10-14,ET,Addis Ababa,pm25,24,34.0,163.0,65.0,7647.23
2022-10-14,CH,Zürich,pm25,20,1.0,3.0,2.0,2.74
2022-10-14,CO,Bogotá,pm25,331,25.0,171.0,85.0,8386.75
2022-10-14,CO,Medellín,pm25,325,34.0,112.0,76.0,2134.98
2022-10-14,DK,Copenhagen,pm25,24,18.0,46.0,29.0,481.45
2022-10-14,GB,Edinburgh,pm25,281,4.0,70.0,11.0,1000.65
2022-10-14,GB,Norwich,pm25,19,38.0,59.0,49.0,399.24
2022-10-14,GB,Liverpool,pm25,31,9.0,50.0,25.0,847.29
2022-10-14,GB,Belfast,pm25,20,8.0,38.0,30.0,458.0
2022-10-14,GB,Coventry,pm25,55,23.0,52.0,38.0,425.69
2022-10-14,GB,Leeds,pm25,15,50.0,70.0,53.0,339.81
2022-10-14,GB,Cardiff,pm25,87,5.0,63.0,38.0,2636.69
2022-10-14,GB,Bristol,pm25,67,17.0,59.0,38.0,1167.54
2022-10-14,GB,London,pm25,555,8.0,124.0,46.0,4533.59
2022-10-14,GB,Birmingham,pm25,36,18.0,59.0,41.0,895.07
2022-10-14,GB,Sheffield,pm25,73,23.0,61.0,42.0,727.72
2022-10-14,GB,Newport,pm25,48,9.0,42.0,21.0,656.77
2022-10-14,GB,Leicester,pm25,15,37.0,74.0,50.0,1115.52
2022-10-14,GB,Manchester,pm25,81,19.0,75.0,35.0,1244.04
2022-10-14,GB,Reading,pm25,48,5.0,61.0,34.0,2527.38
2022-10-14,GB,Plymouth,pm25,28,5.0,46.0,17.0,720.78
2022-10-14,GB,Glasgow,pm25,572,5.0,66.0,14.0,687.89
2022-10-14,GB,Preston,pm25,33,14.0,54.0,29.0,1017.97
2022-10-14,GB,Swansea,pm25,114,5.0,80.0,25.0,2951.72
2022-10-14,GB,Southend-on-Sea,pm25,43,21.0,62.0,36.0,1567.53
2022-10-14,ID,Jakarta,pm25,70,50.0,153.0,85.0,7985.61
2022-10-14,ML,Bamako,pm25,24,68.0,153.0,97.0,6398.48
2022-10-14,NP,Kathmandu,pm25,57,13.0,77.0,46.0,2031.35
2022-10-14,NP,Biratnagar,pm25,24,32.0,114.0,51.0,2633.84
2022-10-14,AU,Sydney,pm25,128,1.0,107.0,11.0,1499.82
2022-10-14,AU,Newcastle,pm25,124,1.0,69.0,17.0,1446.21
2022-10-14,AU,Launceston,pm25,83,5.0,25.0,5.0,238.24
2022-10-14,AU,Hobart,pm25,19,5.0,17.0,5.0,145.96
2022-10-14,AU,Darwin,pm25,69,3.0,37.0,20.0,640.0
2022-10-14,AU,Melbourne,pm25,148,1.0,52.0,16.0,1055.08
2022-10-14,AU,Canberra,pm25,51,1.0,55.0,20.0,2278.67
2022-10-14,AU,Adelaide,pm25,94,5.0,50.0,25.0,944.17
2022-10-14,AU,Brisbane,pm25,193,1.0,68.0,23.0,1784.37
2022-10-14,AU,Perth,pm25,83,2.0,17.0,6.0,182.68
2022-10-14,AU,Wollongong,pm25,43,3.0,56.0,17.0,1422.86
2022-10-14,CI,Abidjan,pm25,24,13.0,109.0,55.0,4115.49
2022-10-14,GH,Accra,pm25,24,38.0,91.0,55.0,2870.14
2022-10-14,IQ,Baghdad,pm25,24,158.0,658.0,186.0,120428.0
2022-10-14,IS,Reykjavík,pm25,96,5.0,42.0,9.0,387.89
2022-10-14,KG,Bishkek,pm25,24,65.0,137.0,78.0,2583.41
2022-10-14,NL,Utrecht,pm25,48,22.0,81.0,56.0,2432.97
2022-10-14,NL,Nijmegen,pm25,42,18.0,85.0,51.0,3273.01
2022-10-14,NL,Haarlem,pm25,142,3.0,79.0,33.0,3723.17
2022-10-14,NL,Eindhoven,pm25,24,23.0,89.0,52.0,2639.06
2022-10-14,NL,Rotterdam,pm25,192,13.0,98.0,52.0,3922.04
2022-10-14,NL,Amsterdam,pm25,260,5.0,82.0,39.0,3488.07
2022-10-14,NL,Dordrecht,pm25,24,17.0,74.0,50.0,3145.22
2022-10-14,NL,Breda,pm25,48,8.0,84.0,51.0,4022.09
2022-10-14,NL,Groningen,pm25,48,11.0,65.0,32.0,1841.66
2022-10-14,NL,Maastricht,pm25,88,5.0,63.0,21.0,1784.66
2022-10-14,NL,The Hague,pm25,70,5.0,95.0,44.0,4899.62
2022-10-14,PT,Lisbon,pm25,46,13.0,43.0,21.0,516.76
2022-10-14,PT,Funchal,pm25,54,1.0,36.0,13.0,962.92
2022-10-14,CA,Hamilton,pm25,89,9.0,61.0,21.0,1263.14
2022-10-14,CA,Calgary,pm25,92,1.0,72.0,18.0,2378.67
2022-10-14,CA,Winnipeg,pm25,17,17.0,19.0,18.0,2.79
2022-10-14,CA,Halifax,pm25,46,22.0,42.0,28.0,278.96
2022-10-14,CA,Kitchener,pm25,41,5.0,50.0,21.0,2075.56
2022-10-14,CA,Edmonton,pm25,130,2.0,96.0,28.0,3544.96
2022-10-14,CA,Surrey,pm25,96,25.0,166.0,53.0,10002.0
2022-10-14,CA,Mississauga,pm25,67,5.0,63.0,25.0,1881.46
2022-10-14,CA,Québec,pm25,186,5.0,65.0,20.0,1788.58
2022-10-14,CA,Vancouver,pm25,168,14.0,129.0,49.0,5370.6
2022-10-14,CA,Victoria,pm25,48,9.0,85.0,53.0,4074.45
2022-10-14,CA,Montréal,pm25,403,6.0,74.0,21.0,1560.36
2022-10-14,CA,Toronto,pm25,143,9.0,61.0,34.0,1545.86
2022-10-14,CA,Ottawa,pm25,65,13.0,47.0,29.0,731.74
2022-10-14,CA,London,pm25,42,9.0,59.0,17.0,2076.5
2022-10-14,US,Oklahoma City,pm25,96,20.0,41.0,28.0,342.62
2022-10-14,US,Memphis,pm25,72,17.0,73.0,42.0,1474.64
2022-10-14,US,Jackson,pm25,72,20.0,76.0,46.0,2478.4
2022-10-14,US,Boston,pm25,132,5.0,55.0,17.0,803.58
2022-10-14,US,Richmond,pm25,96,23.0,38.0,29.0,169.07
2022-10-14,US,Portland,pm25,192,30.0,137.0,88.0,4648.29
2022-10-14,US,Boise,pm25,48,26.0,85.0,50.0,1961.48
2022-10-14,US,Austin,pm25,30,5.0,61.0,21.0,3165.62
2022-10-14,US,Honolulu,pm25,36,5.0,38.0,13.0,661.36
2022-10-14,US,Fresno,pm25,45,28.0,153.0,53.0,4228.36
2022-10-14,US,Milwaukee,pm25,141,18.0,62.0,37.0,1257.16
2022-10-14,US,Hartford,pm25,48,6.0,49.0,16.0,1437.71
2022-10-14,US,Washington D.C.,pm25,102,5.0,42.0,25.0,737.95
2022-10-14,US,Chicago,pm25,238,7.0,67.0,34.0,1425.37
2022-10-14,US,Houston,pm25,96,10.0,72.0,46.0,1565.57
2022-10-14,US,Indianapolis,pm25,133,9.0,120.0,31.0,2470.68
2022-10-14,US,Atlanta,pm25,24,23.0,59.0,38.0,1013.04
2022-10-14,US,Charlotte,pm25,71,5.0,68.0,33.0,1636.21
2022-10-14,US,Sacramento,pm25,55,7.0,63.0,27.0,1503.99
2022-10-14,US,Oakland,pm25,110,5.0,59.0,25.0,2136.58
2022-10-14,US,Providence,pm25,55,5.0,42.0,13.0,619.73
2022-10-14,US,Staten Island,pm25,75,2.0,108.0,23.0,5041.78
2022-10-14,US,Brooklyn,pm25,136,1.0,85.0,20.0,4286.7
2022-10-14,US,Springfield,pm25,70,14.0,69.0,24.0,1455.46
2022-10-14,US,The Bronx,pm25,44,1.0,84.0,16.0,5414.86
2022-10-14,US,San Jose,pm25,94,9.0,74.0,34.0,2467.83
2022-10-14,US,Los Angeles,pm25,48,14.0,84.0,43.0,2090.7
2022-10-14,US,Detroit,pm25,168,23.0,78.0,48.0,1178.7
2022-10-14,US,Little Rock,pm25,47,1.0,45.0,23.0,866.93
2022-10-14,US,Baltimore,pm25,44,20.0,59.0,30.0,1084.88
2022-10-14,US,Phoenix,pm25,189,5.0,66.0,25.0,1665.52
2022-10-14,US,Omaha,pm25,45,9.0,34.0,21.0,509.01
2022-10-14,US,El Paso,pm25,164,4.0,105.0,30.0,5902.99
2022-10-14,US,Dallas,pm25,24,21.0,68.0,50.0,1296.45
2022-10-14,US,Seattle,pm25,261,38.0,169.0,100.0,12728.9
2022-10-14,US,Manhattan,pm25,66,2.0,66.0,15.0,3910.69
2022-10-14,US,Miami,pm25,93,15.0,38.0,22.0,217.62
2022-10-14,US,Jacksonville,pm25,144,16.0,93.0,48.0,920.12
2022-10-14,US,San Antonio,pm25,93,14.0,64.0,34.0,1980.94
2022-10-14,US,Philadelphia,pm25,91,1.0,70.0,25.0,1605.96
2022-10-14,US,San Diego,pm25,24,25.0,51.0,40.0,483.46
2022-10-14,US,Columbus,pm25,48,5.0,43.0,26.0,737.45
2022-10-14,US,Saint Paul,pm25,131,5.0,46.0,20.0,633.85
2022-10-14,US,Denver,pm25,152,9.0,59.0,25.0,1039.73
2022-10-14,US,Salt Lake City,pm25,216,13.0,78.0,29.0,1588.69
2022-10-14,US,Albuquerque,pm25,72,15.0,53.0,23.0,787.18
2022-10-14,US,San Francisco,pm25,61,5.0,137.0,25.0,5481.16
2022-10-14,US,Salem,pm25,72,54.0,149.0,74.0,4432.16
2022-10-14,US,Madison,pm25,48,24.0,49.0,32.0,581.97
2022-10-14,US,Nashville,pm25,71,9.0,67.0,30.0,1232.74
2022-10-14,US,Tucson,pm25,150,5.0,50.0,21.0,1056.96
2022-10-14,US,Queens,pm25,93,1.0,66.0,19.0,3706.01
2022-10-14,US,Tallahassee,pm25,72,5.0,152.0,34.0,3764.23
2022-10-14,US,Fort Worth,pm25,43,5.0,51.0,25.0,1501.68
2022-10-14,RS,Novi Sad,pm25,48,46.0,131.0,70.0,2547.64
2022-10-14,RS,Niš,pm25,48,45.0,77.0,56.0,536.74
2022-10-14,RS,Belgrade,pm25,168,34.0,87.0,69.0,978.23
2022-10-14,CY,Nicosia,pm25,24,67.0,96.0,78.0,831.29
2022-10-14,CY,Limassol,pm25,24,48.0,73.0,61.0,647.54
2022-10-14,HR,Rijeka,pm25,72,73.0,136.0,87.0,1065.6
2022-10-14,MK,Skopje,pm25,120,13.0,86.0,47.0,1958.99
2022-10-15,GE,Tbilisi,pm25,96,39.0,89.0,58.0,1928.81
2022-10-15,HU,Győr,pm25,23,5.0,95.0,63.0,5874.23
2022-10-15,HU,Szeged,pm25,24,50.0,99.0,59.0,1897.81
2022-10-15,HU,Pécs,pm25,24,38.0,72.0,61.0,906.96
2022-10-15,HU,Miskolc,pm25,71,42.0,154.0,85.0,5708.76
2022-10-15,HU,Budapest,pm25,140,38.0,102.0,65.0,2955.75
2022-10-15,JP,Fukuoka,pm25,355,9.0,112.0,53.0,2106.88
2022-10-15,JP,Kanazawa,pm25,227,5.0,53.0,30.0,1004.1
2022-10-15,JP,Kumamoto,pm25,379,5.0,139.0,65.0,4407.54
2022-10-15,JP,Akita,pm25,41,5.0,70.0,34.0,2016.2
2022-10-15,JP,Kochi,pm25,48,9.0,65.0,34.0,1484.1
2022-10-15,JP,Gifu-shi,pm25,178,5.0,78.0,34.0,2632.1
2022-10-15,JP,Kyoto,pm25,581,5.0,78.0,38.0,1519.9
2022-10-15,JP,Hiroshima,pm25,322,5.0,91.0,46.0,3348.13
2022-10-15,JP,Shizuoka,pm25,219,5.0,63.0,17.0,1550.92
2022-10-15,JP,Chiba,pm25,752,5.0,167.0,25.0,2008.97
2022-10-15,JP,Sapporo,pm25,190,5.0,70.0,25.0,1562.56
2022-10-15,JP,Yokohama,pm25,543,1.0,61.0,30.0,1171.98
2022-10-15,JP,Tokyo,pm25,2487,1.0,93.0,30.0,828.83
2022-10-15,JP,Saitama,pm25,492,9.0,109.0,30.0,1001.77
2022-10-15,JP,Naha,pm25,54,9.0,25.0,17.0,302.17
2022-10-15,JP,Nagasaki,pm25,187,5.0,99.0,55.0,2145.4
2022-10-15,JP,Toyama,pm25,183,9.0,74.0,34.0,1597.32
2022-10-15,JP,Niigata,pm25,215,13.0,63.0,30.0,758.9
2022-10-15,JP,Nara-shi,pm25,191,13.0,102.0,42.0,1386.38
2022-10-15,JP,Okayama,pm25,286,17.0,99.0,50.0,1874.67
2022-10-15,JP,Sendai,pm25,467,5.0,57.0,30.0,956.72
2022-10-15,JP,Osaka,pm25,1454,5.0,134.0,34.0,1742.18
2022-10-15,JP,Miyazaki,pm25,104,9.0,78.0,34.0,1832.22
2022-10-15,JP,Matsuyama,pm25,161,9.0,107.0,50.0,2730.0
2022-10-15,JP,Wakayama,pm25,283,9.0,97.0,42.0,1498.53
2022-10-15,JP,Takamatsu,pm25,239,5.0,85.0,38.0,1975.11
2022-10-15,JP,Nagoya,pm25,764,5.0,99.0,42.0,1504.56
2022-10-15,JP,Ōita,pm25,262,5.0,93.0,61.0,2979.14
2022-10-15,JP,Kobe,pm25,421,5.0,139.0,34.0,1650.57
2022-10-15,JP,Nagano,pm25,58,9.0,59.0,30.0,1981.43
2022-10-15,JP,Utsunomiya,pm25,425,5.0,78.0,34.0,1186.03
2022-10-15,JP,Kagoshima,pm25,93,9.0,93.0,38.0,2422.89
2022-10-15,SK,Košice,pm25,96,53.0,112.0,72.0,1385.71
2022-10-15,SK,Bratislava,pm25,96,55.0,107.0,76.0,1162.92
2022-10-15,FI,Vantaa,pm25,24,38.0,62.0,53.0,651.88
2022-10-15,FI,Turku,pm25,24,15.0,61.0,40.0,2581.67
2022-10-15,FI,Helsinki,pm25,120,38.0,79.0,58.0,885.29
2022-10-15,FI,Tampere,pm25,96,24.0,75.0,43.0,2150.53
2022-10-15,ET,Addis Ababa,pm25,23,61.0,152.0,78.0,3993.91
2022-10-15,CH,Zürich,pm25,17,1.0,4.0,1.0,10.96
2022-10-15,CO,Bogotá,pm25,328,5.0,152.0,58.0,9203.64
2022-10-15,CO,Medellín,pm25,276,34.0,99.0,72.0,1465.37
2022-10-15,DK,Copenhagen,pm25,24,18.0,42.0,29.0,354.49
2022-10-15,GB,Edinburgh,pm25,286,2.0,55.0,8.0,660.06
2022-10-15,GB,Norwich,pm25,19,25.0,46.0,34.0,458.42
2022-10-15,GB,Liverpool,pm25,30,9.0,22.0,17.0,161.79
2022-10-15,GB,Coventry,pm25,63,17.0,42.0,23.0,235.11
2022-10-15,GB,Leeds,pm25,15,25.0,59.0,50.0,662.86
2022-10-15,GB,Cardiff,pm25,93,5.0,61.0,42.0,2532.72
2022-10-15,GB,Bristol,pm25,65,5.0,57.0,25.0,1485.38
2022-10-15,GB,London,pm25,553,4.0,107.0,27.0,2220.97
2022-10-15,GB,Birmingham,pm25,46,13.0,36.0,22.0,353.65
2022-10-15,GB,Sheffield,pm25,70,17.0,76.0,25.0,1239.25
2022-10-15,GB,Newport,pm25,46,4.0,34.0,21.0,746.4
2022-10-15,GB,Leicester,pm25,19,21.0,38.0,27.0,288.13
2022-10-15,GB,Manchester,pm25,77,8.0,53.0,20.0,1627.57
2022-10-15,GB,Reading,pm25,42,5.0,38.0,21.0,663.74
2022-10-15,GB,Plymouth,pm25,36,5.0,46.0,21.0,1780.66
2022-10-15,GB,Glasgow,pm25,572,3.0,39.0,10.0,171.03
2022-10-15,GB,Preston,pm25,36,7.0,38.0,17.0,687.43
2022-10-15,GB,Swansea,pm25,117,5.0,87.0,34.0,3274.03
2022-10-15,GB,Southend-on-Sea,pm25,43,9.0,43.0,25.0,606.31
2022-10-15,ID,Jakarta,pm25,71,25.0,155.0,89.0,10728.7
2022-10-15,ML,Bamako,pm25,24,34.0,139.0,68.0,7484.06
2022-10-15,NP,Kathmandu,pm25,61,17.0,96.0,57.0,2088.5
2022-10-15,NP,Biratnagar,pm25,24,34.0,81.0,53.0,1615.0
2022-10-15,AU,Sydney,pm25,124,1.0,52.0,13.0,606.56
2022-10-15,AU,Newcastle,pm25,128,1.0,57.0,17.0,1106.14
2022-10-15,AU,Launceston,pm25,84,5.0,61.0,5.0,949.17
2022-10-15,AU,Hobart,pm25,42,5.0,13.0,5.0,78.51
2022-10-15,AU,Darwin,pm25,72,1.0,50.0,24.0,1289.98
2022-10-15,AU,Melbourne,pm25,160,1.0,51.0,19.0,1057.78
2022-10-15,AU,Canberra,pm25,64,1.0,52.0,13.0,1292.5
2022-10-15,AU,Adelaide,pm25,83,3.0,48.0,13.0,839.3
2022-10-15,AU,Brisbane,pm25,188,3.0,60.0,22.0,1541.46
2022-10-15,AU,Perth,pm25,91,3.0,36.0,10.0,435.46
2022-10-15,AU,Wollongong,pm25,36,1.0,49.0,10.0,1592.47
2022-10-15,CI,Abidjan,pm25,24,17.0,68.0,42.0,1936.5
2022-10-15,GH,Accra,pm25,24,25.0,89.0,50.0,2866.3
2022-10-15,IQ,Baghdad,pm25,21,157.0,288.0,198.0,11590.3
2022-10-15,IS,Reykjavík,pm25,96,4.0,31.0,12.0,237.96
2022-10-15,KG,Bishkek,pm25,23,63.0,149.0,82.0,5554.43
2022-10-15,NL,Utrecht,pm25,48,10.0,98.0,48.0,6245.32
2022-10-15,NL,Nijmegen,pm25,48,9.0,77.0,48.0,4509.25
2022-10-15,NL,Haarlem,pm25,140,1.0,104.0,43.0,5157.85
2022-10-15,NL,Eindhoven,pm25,24,16.0,78.0,51.0,2895.87
2022-10-15,NL,Rotterdam,pm25,192,5.0,85.0,48.0,5916.61
2022-10-15,NL,Amsterdam,pm25,259,2.0,89.0,52.0,6666.57
2022-10-15,NL,Dordrecht,pm25,24,13.0,85.0,38.0,6957.97
2022-10-15,NL,Breda,pm25,48,1.0,77.0,34.0,5772.77
2022-10-15,NL,Groningen,pm25,45,3.0,82.0,57.0,5385.56
2022-10-15,NL,Maastricht,pm25,87,5.0,82.0,25.0,3458.82
2022-10-15,NL,The Hague,pm25,70,1.0,72.0,45.0,5053.92
2022-10-15,PT,Lisbon,pm25,4,13.0,16.0,16.0,22.5
2022-10-15,PT,Funchal,pm25,57,1.0,40.0,19.0,1009.09
2022-10-15,CA,Hamilton,pm25,93,9.0,42.0,21.0,468.03
2022-10-15,CA,Calgary,pm25,87,26.0,67.0,49.0,1084.54
2022-10-15,CA,Winnipeg,pm25,20,17.0,20.0,18.0,5.16
2022-10-15,CA,Halifax,pm25,46,36.0,54.0,43.0,281.78
2022-10-15,CA,Kitchener,pm25,46,9.0,57.0,21.0,1239.77
2022-10-15,CA,Edmonton,pm25,124,2.0,102.0,26.0,5512.31
2022-10-15,CA,Surrey,pm25,96,34.0,78.0,52.0,1248.77
2022-10-15,CA,Mississauga,pm25,65,9.0,50.0,17.0,663.69
2022-10-15,CA,Québec,pm25,180,14.0,74.0,35.0,1639.71
2022-10-15,CA,Vancouver,pm25,168,13.0,92.0,39.0,2426.68
2022-10-15,CA,Victoria,pm25,48,17.0,63.0,38.0,1024.36
2022-10-15,CA,Montréal,pm25,403,9.0,73.0,30.0,2000.97
2022-10-15,CA,Toronto,pm25,126,5.0,55.0,21.0,860.36
2022-10-15,CA,Ottawa,pm25,70,13.0,49.0,27.0,848.55
2022-10-15,CA,London,pm25,43,5.0,42.0,17.0,657.49
2022-10-15,US,Oklahoma City,pm25,96,20.0,58.0,37.0,590.94
2022-10-15,US,Memphis,pm25,72,25.0,63.0,49.0,704.78
2022-10-15,US,Jackson,pm25,72,10.0,67.0,52.0,1886.88
2022-10-15,US,Boston,pm25,118,9.0,82.0,25.0,1859.41
2022-10-15,US,Richmond,pm25,96,26.0,52.0,40.0,633.04
2022-10-15,US,Portland,pm25,192,30.0,99.0,54.0,1475.41
2022-10-15,US,Boise,pm25,48,12.0,85.0,42.0,3285.17
2022-10-15,US,Austin,pm25,22,5.0,65.0,34.0,3304.52
2022-10-15,US,Honolulu,pm25,38,5.0,38.0,13.0,614.57
2022-10-15,US,Fresno,pm25,48,26.0,78.0,54.0,1601.68
2022-10-15,US,Milwaukee,pm25,144,9.0,40.0,23.0,743.61
2022-10-15,US,Hartford,pm25,48,23.0,64.0,34.0,1230.07
2022-10-15,US,Washington D.C.,pm25,119,5.0,61.0,34.0,990.13
2022-10-15,US,Chicago,pm25,237,3.0,52.0,20.0,819.57
2022-10-15,US,Houston,pm25,96,13.0,72.0,43.0,1830.0
2022-10-15,US,Indianapolis,pm25,143,3.0,82.0,22.0,1618.69
2022-10-15,US,Atlanta,pm25,24,29.0,57.0,48.0,840.22
2022-10-15,US,Charlotte,pm25,72,21.0,68.0,46.0,1152.01
2022-10-15,US,Sacramento,pm25,48,15.0,55.0,34.0,1219.14
2022-10-15,US,Oakland,pm25,120,5.0,61.0,34.0,1409.41
2022-10-15,US,Providence,pm25,69,5.0,50.0,17.0,1286.5
2022-10-15,US,Staten Island,pm25,96,9.0,122.0,43.0,3445.1
2022-10-15,US,Brooklyn,pm25,144,7.0,78.0,39.0,1845.69
2022-10-15,US,Springfield,pm25,72,9.0,40.0,24.0,495.4
2022-10-15,US,The Bronx,pm25,48,7.0,47.0,31.0,1160.83
2022-10-15,US,San Jose,pm25,91,5.0,97.0,34.0,2283.85
2022-10-15,US,Los Angeles,pm25,41,8.0,51.0,28.0,1004.8
2022-10-15,US,Detroit,pm25,168,16.0,85.0,27.0,1430.86
2022-10-15,US,Little Rock,pm25,46,6.0,57.0,41.0,1226.49
2022-10-15,US,Baltimore,pm25,48,24.0,61.0,38.0,1281.97
2022-10-15,US,Phoenix,pm25,188,3.0,54.0,25.0,1262.92
2022-10-15,US,Omaha,pm25,47,5.0,46.0,25.0,1052.44
2022-10-15,US,El Paso,pm25,162,5.0,104.0,30.0,5365.83
2022-10-15,US,Dallas,pm25,24,17.0,76.0,25.0,2161.74
2022-10-15,US,Seattle,pm25,264,57.0,199.0,137.0,11946.6
2022-10-15,US,Manhattan,pm25,70,8.0,54.0,35.0,1082.41
2022-10-15,US,Miami,pm25,78,14.0,35.0,21.0,326.35
2022-10-15,US,Jacksonville,pm25,144,5.0,86.0,50.0,2593.07
2022-10-15,US,San Antonio,pm25,93,2.0,51.0,25.0,1569.32
2022-10-15,US,Philadelphia,pm25,96,13.0,76.0,40.0,2120.94
2022-10-15,US,San Diego,pm25,24,24.0,52.0,33.0,602.01
2022-10-15,US,Columbus,pm25,48,3.0,70.0,18.0,1818.56
2022-10-15,US,Saint Paul,pm25,131,5.0,26.0,14.0,295.44
2022-10-15,US,Denver,pm25,139,9.0,34.0,21.0,256.61
2022-10-15,US,Salt Lake City,pm25,216,10.0,68.0,25.0,1547.43
2022-10-15,US,Albuquerque,pm25,72,13.0,53.0,18.0,671.03
2022-10-15,US,San Francisco,pm25,72,9.0,158.0,42.0,6642.63
2022-10-15,US,Salem,pm25,72,50.0,137.0,60.0,3314.17
2022-10-15,US,Madison,pm25,48,7.0,35.0,20.0,535.42
2022-10-15,US,Nashville,pm25,72,9.0,63.0,42.0,982.67
2022-10-15,US,Tucson,pm25,166,5.0,107.0,21.0,1725.93
2022-10-15,US,Queens,pm25,95,6.0,72.0,35.0,2292.4
2022-10-15,US,Tallahassee,pm25,72,8.0,63.0,42.0,1241.78
2022-10-15,US,Fort Worth,pm25,47,9.0,59.0,30.0,1508.18
2022-10-15,RS,Novi Sad,pm25,48,43.0,66.0,55.0,387.19
2022-10-15,RS,Niš,pm25,48,29.0,85.0,54.0,1859.84
2022-10-15,RS,Belgrade,pm25,168,33.0,75.0,58.0,739.95
2022-10-15,CY,Nicosia,pm25,24,55.0,91.0,70.0,1053.26
2022-10-15,CY,Limassol,pm25,24,29.0,69.0,54.0,1378.19
2022-10-15,HR,Rijeka,pm25,72,76.0,115.0,82.0,339.65
2022-10-15,MK,Skopje,pm25,120,1.0,160.0,58.0,6084.92
2022-10-16,GE,Tbilisi,pm25,96,43.0,137.0,58.0,7583.96
2022-10-16,HU,Győr,pm25,24,46.0,85.0,65.0,1019.93
2022-10-16,HU,Szeged,pm25,24,42.0,70.0,59.0,732.01
2022-10-16,HU,Pécs,pm25,24,42.0,78.0,63.0,1093.03
2022-10-16,HU,Kecskemét,pm25,15,42.0,72.0,53.0,969.81
2022-10-16,HU,Miskolc,pm25,72,30.0,132.0,70.0,3679.72
2022-10-16,HU,Budapest,pm25,139,21.0,85.0,53.0,1105.0
2022-10-16,JP,Fukuoka,pm25,359,17.0,156.0,70.0,2092.77
2022-10-16,JP,Kanazawa,pm25,236,5.0,53.0,30.0,1161.83
2022-10-16,JP,Kumamoto,pm25,377,13.0,154.0,76.0,4426.32
2022-10-16,JP,Akita,pm25,35,5.0,57.0,34.0,1732.55
2022-10-16,JP,Kochi,pm25,48,13.0,65.0,38.0,2065.6
2022-10-16,JP,Gifu-shi,pm25,180,5.0,91.0,42.0,2335.56
2022-10-16,JP,Kyoto,pm25,571,13.0,78.0,50.0,1476.23
2022-10-16,JP,Hiroshima,pm25,332,5.0,99.0,50.0,1949.93
2022-10-16,JP,Shizuoka,pm25,247,5.0,74.0,30.0,1846.48
2022-10-16,JP,Chiba,pm25,756,5.0,124.0,34.0,2036.18
2022-10-16,JP,Sapporo,pm25,212,9.0,72.0,25.0,1188.89
2022-10-16,JP,Yokohama,pm25,547,1.0,203.0,34.0,1986.17
2022-10-16,JP,Tokyo,pm25,2505,1.0,104.0,38.0,990.36
2022-10-16,JP,Saitama,pm25,497,9.0,68.0,42.0,1045.25
2022-10-16,JP,Nagasaki,pm25,191,25.0,95.0,68.0,1469.46
2022-10-16,JP,Toyama,pm25,190,5.0,72.0,38.0,2016.45
2022-10-16,JP,Niigata,pm25,214,5.0,59.0,30.0,979.67
2022-10-16,JP,Nara-shi,pm25,190,17.0,107.0,50.0,1319.46
2022-10-16,JP,Okayama,pm25,287,13.0,99.0,53.0,2481.88
2022-10-16,JP,Sendai,pm25,464,5.0,61.0,25.0,846.53
2022-10-16,JP,Osaka,pm25,1471,5.0,117.0,38.0,1474.09
2022-10-16,JP,Miyazaki,pm25,110,5.0,164.0,42.0,3276.38
2022-10-16,JP,Matsuyama,pm25,165,9.0,186.0,55.0,3642.56
2022-10-16,JP,Wakayama,pm25,287,13.0,151.0,46.0,1868.74
2022-10-16,JP,Takamatsu,pm25,204,17.0,153.0,46.0,3500.23
2022-10-16,JP,Nagoya,pm25,759,9.0,114.0,46.0,1638.62
2022-10-16,JP,Ōita,pm25,264,13.0,112.0,63.0,2702.94
2022-10-16,JP,Kobe,pm25,415,5.0,223.0,38.0,3053.52
2022-10-16,JP,Nagano,pm25,68,17.0,85.0,34.0,3456.55
2022-10-16,JP,Utsunomiya,pm25,430,5.0,70.0,38.0,986.71
2022-10-16,JP,Kagoshima,pm25,96,5.0,76.0,46.0,2047.21
2022-10-16,SK,Košice,pm25,96,42.0,127.0,68.0,1797.22
2022-10-16,SK,Bratislava,pm25,96,53.0,104.0,68.0,1376.37
2022-10-16,FI,Vantaa,pm25,24,13.0,62.0,47.0,1843.46
2022-10-16,FI,Turku,pm25,24,2.0,61.0,24.0,3490.71
2022-10-16,FI,Helsinki,pm25,120,13.0,76.0,55.0,1129.58
2022-10-16,FI,Tampere,pm25,96,6.0,71.0,33.0,3366.63
2022-10-16,ET,Addis Ababa,pm25,24,57.0,156.0,65.0,5409.57
2022-10-16,CH,Zürich,pm25,22,1.0,7.0,2.0,31.0
2022-10-16,CO,Bogotá,pm25,326,5.0,112.0,46.0,5134.16
2022-10-16,CO,Medellín,pm25,315,25.0,93.0,63.0,1520.29
2022-10-16,DK,Copenhagen,pm25,24,20.0,49.0,30.0,894.33
2022-10-16,GB,Edinburgh,pm25,285,4.0,57.0,14.0,1025.15
2022-10-16,GB,Norwich,pm25,17,17.0,35.0,25.0,281.32
2022-10-16,GB,Liverpool,pm25,35,9.0,34.0,13.0,334.34
2022-10-16,GB,Belfast,pm25,2,28.0,38.0,28.0,500.0
2022-10-16,GB,Coventry,pm25,58,6.0,29.0,17.0,248.91
2022-10-16,GB,Leeds,pm25,14,17.0,53.0,38.0,719.56
2022-10-16,GB,Cardiff,pm25,90,5.0,55.0,34.0,1296.91
2022-10-16,GB,Bristol,pm25,66,13.0,57.0,30.0,927.55
2022-10-16,GB,London,pm25,534,3.0,72.0,27.0,1361.05
2022-10-16,GB,Birmingham,pm25,24,10.0,34.0,18.0,293.84
2022-10-16,GB,Sheffield,pm25,52,9.0,59.0,17.0,1042.49
2022-10-16,GB,Newport,pm25,44,9.0,26.0,19.0,237.31
2022-10-16,GB,Leicester,pm25,19,11.0,31.0,18.0,283.98
2022-10-16,GB,Manchester,pm25,75,11.0,46.0,22.0,701.94
2022-10-16,GB,Reading,pm25,43,5.0,30.0,17.0,586.92
2022-10-16,GB,Plymouth,pm25,37,5.0,50.0,34.0,1728.98
2022-10-16,GB,Glasgow,pm25,569,3.0,182.0,17.0,3910.3
2022-10-16,GB,Preston,pm25,46,9.0,25.0,15.0,143.85
2022-10-16,GB,Swansea,pm25,118,5.0,74.0,30.0,3452.35
2022-10-16,GB,Southend-on-Sea,pm25,46,15.0,61.0,27.0,570.88
2022-10-16,ID,Jakarta,pm25,71,59.0,158.0,95.0,6902.73
2022-10-16,ML,Bamako,pm25,24,25.0,89.0,61.0,2430.65
2022-10-16,NP,Kathmandu,pm25,64,25.0,107.0,68.0,4156.66
2022-10-16,NP,Biratnagar,pm25,24,35.0,107.0,57.0,2058.26
2022-10-16,AU,Sydney,pm25,134,1.0,71.0,15.0,1227.19
2022-10-16,AU,Newcastle,pm25,135,1.0,73.0,22.0,1646.53
2022-10-16,AU,Launceston,pm25,91,5.0,68.0,5.0,1347.31
2022-10-16,AU,Hobart,pm25,48,5.0,13.0,5.0,68.01
2022-10-16,AU,Darwin,pm25,69,2.0,57.0,20.0,1127.14
2022-10-16,AU,Melbourne,pm25,149,1.0,64.0,18.0,1357.45
2022-10-16,AU,Canberra,pm25,58,1.0,58.0,16.0,2215.38
2022-10-16,AU,Adelaide,pm25,79,2.0,30.0,9.0,436.88
2022-10-16,AU,Brisbane,pm25,183,2.0,62.0,25.0,1939.56
2022-10-16,AU,Perth,pm25,76,2.0,18.0,8.0,237.34
2022-10-16,AU,Wollongong,pm25,39,1.0,43.0,17.0,1531.34
2022-10-16,CI,Abidjan,pm25,24,25.0,78.0,50.0,1513.03
2022-10-16,GH,Accra,pm25,23,30.0,72.0,50.0,881.3
2022-10-16,IQ,Baghdad,pm25,24,153.0,360.0,167.0,35742.2
2022-10-16,IS,Reykjavík,pm25,96,8.0,26.0,12.0,87.0
2022-10-16,KG,Bishkek,pm25,24,68.0,153.0,89.0,5706.79
2022-10-16,NL,Utrecht,pm25,48,14.0,60.0,32.0,1717.19
2022-10-16,NL,Nijmegen,pm25,45,2.0,62.0,27.0,2178.13
2022-10-16,NL,Haarlem,pm25,137,3.0,73.0,24.0,1947.79
2022-10-16,NL,Eindhoven,pm25,24,21.0,56.0,37.0,772.75
2022-10-16,NL,Rotterdam,pm25,192,3.0,63.0,21.0,1369.28
2022-10-16,NL,Amsterdam,pm25,248,1.0,63.0,17.0,1554.56
2022-10-16,NL,Dordrecht,pm25,24,9.0,71.0,30.0,1727.23
2022-10-16,NL,Breda,pm25,46,4.0,46.0,18.0,1114.8
2022-10-16,NL,Groningen,pm25,47,3.0,45.0,20.0,905.36
2022-10-16,NL,Maastricht,pm25,87,5.0,53.0,25.0,1424.31
2022-10-16,NL,The Hague,pm25,69,1.0,51.0,18.0,1600.58
2022-10-16,PT,Lisbon,pm25,20,10.0,18.0,17.0,97.26
2022-10-16,PT,Funchal,pm25,69,1.0,126.0,17.0,5552.6
2022-10-16,CA,Hamilton,pm25,89,9.0,68.0,25.0,1352.4
2022-10-16,CA,Calgary,pm25,92,8.0,71.0,36.0,3371.76
2022-10-16,CA,Winnipeg,pm25,7,16.0,17.0,17.0,1.43
2022-10-16,CA,Halifax,pm25,46,4.0,25.0,14.0,366.52
2022-10-16,CA,Kitchener,pm25,41,9.0,65.0,25.0,1584.2
2022-10-16,CA,Edmonton,pm25,127,5.0,60.0,29.0,2026.17
2022-10-16,CA,Surrey,pm25,89,26.0,119.0,69.0,4753.6
2022-10-16,CA,Mississauga,pm25,70,13.0,76.0,21.0,2072.18
2022-10-16,CA,Québec,pm25,149,14.0,60.0,27.0,1149.4
2022-10-16,CA,Vancouver,pm25,168,8.0,122.0,58.0,6551.34
2022-10-16,CA,Victoria,pm25,48,38.0,155.0,109.0,15529.3
2022-10-16,CA,Montréal,pm25,344,9.0,64.0,27.0,1382.32
2022-10-16,CA,Toronto,pm25,130,9.0,99.0,25.0,1947.04
2022-10-16,CA,Ottawa,pm25,65,16.0,34.0,25.0,230.85
2022-10-16,CA,London,pm25,36,5.0,55.0,17.0,2445.68
2022-10-16,US,Oklahoma City,pm25,96,11.0,40.0,27.0,405.04
2022-10-16,US,Memphis,pm25,72,15.0,55.0,33.0,1301.25
2022-10-16,US,Jackson,pm25,72,9.0,72.0,52.0,1983.28
2022-10-16,US,Boston,pm25,121,34.0,74.0,53.0,690.84
2022-10-16,US,Richmond,pm25,96,25.0,58.0,45.0,1014.07
2022-10-16,US,Portland,pm25,192,25.0,131.0,48.0,2353.78
2022-10-16,US,Boise,pm25,48,3.0,87.0,35.0,3797.02
2022-10-16,US,Austin,pm25,18,9.0,55.0,21.0,1938.69
2022-10-16,US,Honolulu,pm25,37,5.0,34.0,13.0,634.74
2022-10-16,US,Fresno,pm25,48,28.0,56.0,44.0,713.12
2022-10-16,US,Milwaukee,pm25,144,3.0,47.0,20.0,644.89
2022-10-16,US,Hartford,pm25,48,25.0,59.0,48.0,1145.51
2022-10-16,US,Washington D.C.,pm25,120,5.0,59.0,32.0,1497.6
2022-10-16,US,Chicago,pm25,239,1.0,43.0,21.0,464.14
2022-10-16,US,Houston,pm25,96,1.0,55.0,30.0,1390.96
2022-10-16,US,Indianapolis,pm25,144,6.0,78.0,33.0,1825.5
2022-10-16,US,Atlanta,pm25,24,42.0,70.0,57.0,614.18
2022-10-16,US,Charlotte,pm25,72,9.0,102.0,50.0,1407.25
2022-10-16,US,Sacramento,pm25,48,13.0,65.0,40.0,2101.7
2022-10-16,US,Oakland,pm25,118,13.0,72.0,42.0,1688.15
2022-10-16,US,Providence,pm25,72,5.0,63.0,38.0,2038.82
2022-10-16,US,Staten Island,pm25,95,7.0,114.0,38.0,2281.36
2022-10-16,US,Brooklyn,pm25,144,3.0,58.0,37.0,1831.81
2022-10-16,US,Springfield,pm25,72,23.0,40.0,31.0,231.97
2022-10-16,US,The Bronx,pm25,48,3.0,51.0,28.0,1741.21
2022-10-16,US,San Jose,pm25,96,17.0,59.0,38.0,1193.19
2022-10-16,US,Los Angeles,pm25,48,15.0,53.0,27.0,1240.92
2022-10-16,US,Detroit,pm25,168,18.0,73.0,29.0,1203.43
2022-10-16,US,Little Rock,pm25,45,4.0,67.0,18.0,1217.71
2022-10-16,US,Baltimore,pm25,48,13.0,57.0,30.0,2168.92
2022-10-16,US,Phoenix,pm25,186,4.0,50.0,19.0,1087.37
2022-10-16,US,Omaha,pm25,48,5.0,65.0,30.0,2295.7
2022-10-16,US,El Paso,pm25,160,5.0,83.0,21.0,4217.85
2022-10-16,US,Dallas,pm25,16,5.0,42.0,13.0,1490.0
2022-10-16,US,Seattle,pm25,264,30.0,163.0,89.0,9533.76
2022-10-16,US,Manhattan,pm25,70,7.0,77.0,32.0,2424.24
2022-10-16,US,Miami,pm25,68,28.0,43.0,32.0,51.18
2022-10-16,US,Jacksonville,pm25,144,7.0,87.0,34.0,3084.86
2022-10-16,US,San Antonio,pm25,91,3.0,62.0,23.0,1802.51
2022-10-16,US,Philadelphia,pm25,95,1.0,64.0,34.0,1809.46
2022-10-16,US,San Diego,pm25,24,24.0,41.0,31.0,388.24
2022-10-16,US,Columbus,pm25,48,5.0,61.0,29.0,1367.02
2022-10-16,US,Saint Paul,pm25,124,5.0,19.0,9.0,140.84
2022-10-16,US,Denver,pm25,145,9.0,70.0,34.0,1810.04
2022-10-16,US,Salt Lake City,pm25,216,5.0,64.0,22.0,1252.89
2022-10-16,US,Albuquerque,pm25,72,6.0,23.0,14.0,126.18
2022-10-16,US,San Francisco,pm25,72,21.0,129.0,50.0,4611.31
2022-10-16,US,Salem,pm25,72,27.0,68.0,53.0,1114.73
2022-10-16,US,Madison,pm25,48,4.0,21.0,16.0,308.49
2022-10-16,US,Nashville,pm25,72,21.0,65.0,50.0,1137.75
2022-10-16,US,Tucson,pm25,163,5.0,46.0,21.0,887.32
2022-10-16,US,Queens,pm25,96,6.0,58.0,37.0,1899.39
2022-10-16,US,Tallahassee,pm25,72,12.0,78.0,45.0,1733.33
2022-10-16,US,Fort Worth,pm25,40,2.0,52.0,19.0,1144.2
2022-10-16,RS,Novi Sad,pm25,48,40.0,107.0,51.0,2396.66
2022-10-16,RS,Niš,pm25,48,31.0,105.0,59.0,2142.51
2022-10-16,RS,Belgrade,pm25,168,24.0,89.0,47.0,1613.99
2022-10-16,CY,Nicosia,pm25,24,21.0,74.0,54.0,1769.49
2022-10-16,CY,Limassol,pm25,24,15.0,63.0,28.0,2324.62
2022-10-16,HR,Zagreb,pm25,23,89.0,157.0,116.0,3440.83
2022-10-16,HR,Rijeka,pm25,71,70.0,93.0,80.0,250.25
2022-10-16,MK,Skopje,pm25,120,21.0,155.0,70.0,7723.15
2022-10-17,GE,Tbilisi,pm25,96,40.0,112.0,54.0,2961.37
2022-10-17,HU,Győr,pm25,24,9.0,82.0,59.0,3113.84
2022-10-17,HU,Szeged,pm25,24,38.0,89.0,57.0,1097.32
2022-10-17,HU,Pécs,pm25,24,34.0,93.0,59.0,1930.71
2022-10-17,HU,Kecskemét,pm25,23,42.0,93.0,68.0,2280.87
2022-10-17,HU,Miskolc,pm25,72,30.0,134.0,70.0,3175.9
2022-10-17,HU,Budapest,pm25,139,13.0,102.0,65.0,2619.7
2022-10-17,JP,Fukuoka,pm25,358,13.0,152.0,63.0,1711.86
2022-10-17,JP,Kanazawa,pm25,234,5.0,63.0,38.0,1379.73
2022-10-17,JP,Kumamoto,pm25,370,5.0,82.0,50.0,3174.98
2022-10-17,JP,Akita,pm25,40,5.0,82.0,30.0,2478.4
2022-10-17,JP,Kochi,pm25,48,9.0,57.0,34.0,1187.44
2022-10-17,JP,Gifu-shi,pm25,181,5.0,72.0,38.0,2419.88
2022-10-17,JP,Kyoto,pm25,558,13.0,72.0,42.0,1120.65
2022-10-17,JP,Hiroshima,pm25,334,5.0,89.0,55.0,1794.65
2022-10-17,JP,Shizuoka,pm25,251,5.0,65.0,30.0,1496.59
2022-10-17,JP,Chiba,pm25,742,5.0,151.0,42.0,3544.41
2022-10-17,JP,Sapporo,pm25,203,5.0,63.0,25.0,1610.4
2022-10-17,JP,Yokohama,pm25,541,1.0,80.0,42.0,2619.26
2022-10-17,JP,Tokyo,pm25,2505,1.0,99.0,55.0,1626.38
2022-10-17,JP,Saitama,pm25,475,25.0,80.0,55.0,992.71
2022-10-17,JP,Nagasaki,pm25,188,5.0,89.0,50.0,2751.41
2022-10-17,JP,Toyama,pm25,190,5.0,109.0,50.0,2170.94
2022-10-17,JP,Niigata,pm25,211,17.0,95.0,46.0,1008.51
2022-10-17,JP,Nara-shi,pm25,187,9.0,70.0,42.0,1099.28
2022-10-17,JP,Okayama,pm25,287,30.0,107.0,61.0,1107.76
2022-10-17,JP,Sendai,pm25,419,13.0,70.0,34.0,1262.65
2022-10-17,JP,Osaka,pm25,1455,5.0,107.0,42.0,1375.49
2022-10-17,JP,Miyazaki,pm25,93,5.0,63.0,21.0,1765.48
2022-10-17,JP,Matsuyama,pm25,162,5.0,91.0,42.0,2614.79
2022-10-17,JP,Wakayama,pm25,278,13.0,72.0,46.0,1709.14
2022-10-17,JP,Takamatsu,pm25,223,9.0,102.0,53.0,1952.79
2022-10-17,JP,Nagoya,pm25,761,9.0,74.0,42.0,1252.16
2022-10-17,JP,Ōita,pm25,252,5.0,82.0,46.0,3188.12
2022-10-17,JP,Kobe,pm25,403,5.0,127.0,42.0,1763.4
2022-10-17,JP,Nagano,pm25,69,9.0,97.0,55.0,3743.3
2022-10-17,JP,Utsunomiya,pm25,429,5.0,80.0,46.0,1774.29
2022-10-17,JP,Kagoshima,pm25,87,5.0,57.0,21.0,1311.75
2022-10-17,SK,Košice,pm25,96,42.0,155.0,68.0,5985.47
2022-10-17,SK,Bratislava,pm25,81,38.0,112.0,63.0,1152.97
2022-10-17,FI,Vantaa,pm25,23,2.0,29.0,15.0,475.38
2022-10-17,FI,Turku,pm25,24,6.0,19.0,15.0,176.23
2022-10-17,FI,Helsinki,pm25,119,5.0,29.0,11.0,233.2
2022-10-17,FI,Tampere,pm25,95,2.0,24.0,9.0,292.94
2022-10-17,ET,Addis Ababa,pm25,22,34.0,169.0,61.0,12568.6
2022-10-17,CH,Zürich,pm25,24,2.0,6.0,3.0,13.91
2022-10-17,CO,Bogotá,pm25,334,9.0,155.0,59.0,6067.71
2022-10-17,CO,Medellín,pm25,277,17.0,70.0,50.0,1046.87
2022-10-17,DK,Copenhagen,pm25,24,23.0,58.0,32.0,1063.41
2022-10-17,GB,Edinburgh,pm25,283,2.0,55.0,12.0,1028.16
2022-10-17,GB,Norwich,pm25,20,21.0,49.0,25.0,467.66
2022-10-17,GB,Liverpool,pm25,44,13.0,35.0,21.0,247.63
2022-10-17,GB,Belfast,pm25,29,13.0,33.0,21.0,238.77
2022-10-17,GB,Coventry,pm25,63,6.0,34.0,22.0,309.99
2022-10-17,GB,Leeds,pm25,22,21.0,53.0,38.0,857.14
2022-10-17,GB,Cardiff,pm25,95,5.0,104.0,42.0,2536.94
2022-10-17,GB,Bristol,pm25,67,17.0,68.0,34.0,1832.49
2022-10-17,GB,London,pm25,516,1.0,89.0,30.0,2055.2
2022-10-17,GB,Birmingham,pm25,45,9.0,44.0,21.0,590.64
2022-10-17,GB,Sheffield,pm25,76,10.0,53.0,21.0,467.89
2022-10-17,GB,Newport,pm25,46,16.0,42.0,30.0,485.32
2022-10-17,GB,Leicester,pm25,21,9.0,43.0,28.0,558.33
2022-10-17,GB,Manchester,pm25,78,8.0,46.0,29.0,887.11
2022-10-17,GB,Reading,pm25,44,5.0,50.0,13.0,1377.25
2022-10-17,GB,Plymouth,pm25,43,9.0,43.0,30.0,1560.19
2022-10-17,GB,Glasgow,pm25,561,4.0,38.0,15.0,260.94
2022-10-17,GB,Preston,pm25,44,9.0,33.0,25.0,393.67
2022-10-17,GB,Swansea,pm25,118,9.0,80.0,46.0,2932.23
2022-10-17,GB,Southend-on-Sea,pm25,43,1.0,46.0,25.0,628.54
2022-10-17,ID,Jakarta,pm25,71,61.0,159.0,107.0,6472.71
2022-10-17,ML,Bamako,pm25,24,59.0,177.0,91.0,14161.4
2022-10-17,NP,Kathmandu,pm25,53,17.0,127.0,53.0,7292.55
2022-10-17,NP,Biratnagar,pm25,24,24.0,58.0,45.0,1079.84
2022-10-17,AU,Sydney,pm25,129,1.0,40.0,13.0,477.74
2022-10-17,AU,Newcastle,pm25,127,2.0,45.0,15.0,1032.65
2022-10-17,AU,Launceston,pm25,102,5.0,42.0,5.0,357.89
2022-10-17,AU,Hobart,pm25,43,5.0,13.0,9.0,72.82
2022-10-17,AU,Darwin,pm25,71,1.0,47.0,21.0,1147.2
2022-10-17,AU,Melbourne,pm25,164,1.0,64.0,22.0,1413.43
2022-10-17,AU,Canberra,pm25,60,2.0,59.0,14.0,1785.04
2022-10-17,AU,Adelaide,pm25,71,2.0,50.0,13.0,849.12
2022-10-17,AU,Brisbane,pm25,182,2.0,59.0,21.0,1732.28
2022-10-17,AU,Perth,pm25,79,2.0,17.0,5.0,256.15
2022-10-17,AU,Wollongong,pm25,44,2.0,43.0,11.0,944.62
2022-10-17,CI,Abidjan,pm25,24,17.0,70.0,46.0,2207.75
2022-10-17,GH,Accra,pm25,24,25.0,93.0,46.0,3178.24
2022-10-17,IQ,Baghdad,pm25,24,169.0,508.0,202.0,70549.5
2022-10-17,IS,Reykjavík,pm25,96,5.0,33.0,11.0,286.7
2022-10-17,KG,Bishkek,pm25,24,59.0,161.0,91.0,5308.68
2022-10-17,NL,Utrecht,pm25,48,16.0,66.0,40.0,1257.59
2022-10-17,NL,Nijmegen,pm25,35,8.0,58.0,39.0,1097.98
2022-10-17,NL,Haarlem,pm25,137,1.0,112.0,31.0,3106.18
2022-10-17,NL,Eindhoven,pm25,24,38.0,72.0,53.0,939.35
2022-10-17,NL,Rotterdam,pm25,191,8.0,54.0,29.0,873.07
2022-10-17,NL,Amsterdam,pm25,250,1.0,60.0,29.0,1441.41
2022-10-17,NL,Dordrecht,pm25,24,17.0,53.0,34.0,1157.81
2022-10-17,NL,Breda,pm25,48,8.0,63.0,32.0,1955.73
2022-10-17,NL,Groningen,pm25,48,3.0,58.0,31.0,1500.21
2022-10-17,NL,Maastricht,pm25,92,5.0,74.0,30.0,3199.36
2022-10-17,NL,The Hague,pm25,71,2.0,52.0,24.0,891.7
2022-10-17,PT,Lisbon,pm25,42,14.0,38.0,25.0,518.64
2022-10-17,PT,Funchal,pm25,46,1.0,24.0,13.0,378.3
2022-10-17,CA,Hamilton,pm25,89,9.0,34.0,17.0,498.07
2022-10-17,CA,Calgary,pm25,92,5.0,95.0,30.0,4097.35
2022-10-17,CA,Winnipeg,pm25,18,16.0,19.0,17.0,7.71
2022-10-17,CA,Halifax,pm25,46,15.0,47.0,29.0,658.98
2022-10-17,CA,Kitchener,pm25,47,9.0,34.0,17.0,359.68
2022-10-17,CA,Edmonton,pm25,138,4.0,83.0,42.0,2659.93
2022-10-17,CA,Surrey,pm25,96,11.0,124.0,69.0,4487.1
2022-10-17,CA,Mississauga,pm25,65,5.0,42.0,13.0,669.86
2022-10-17,CA,Québec,pm25,179,12.0,58.0,35.0,1022.56
2022-10-17,CA,Vancouver,pm25,168,44.0,146.0,70.0,4712.91
2022-10-17,CA,Victoria,pm25,46,9.0,112.0,63.0,5037.1
2022-10-17,CA,Montréal,pm25,422,15.0,52.0,35.0,453.39
2022-10-17,CA,Toronto,pm25,126,5.0,59.0,21.0,1647.3
2022-10-17,CA,Ottawa,pm25,69,25.0,49.0,38.0,431.01
2022-10-17,CA,London,pm25,31,5.0,42.0,9.0,680.56
2022-10-17,US,Oklahoma City,pm25,95,16.0,45.0,28.0,563.08
2022-10-17,US,Raleigh,pm25,39,13.0,64.0,53.0,1499.23
2022-10-17,US,Memphis,pm25,72,8.0,41.0,27.0,678.17
2022-10-17,US,Jackson,pm25,70,19.0,57.0,37.0,1107.46
2022-10-17,US,Boston,pm25,142,17.0,76.0,53.0,1464.76
2022-10-17,US,Richmond,pm25,96,21.0,51.0,31.0,551.71
2022-10-17,US,Portland,pm25,192,26.0,93.0,59.0,944.65
2022-10-17,US,Boise,pm25,48,7.0,92.0,38.0,3456.86
2022-10-17,US,Austin,pm25,20,5.0,34.0,13.0,1056.29
2022-10-17,US,Honolulu,pm25,38,5.0,30.0,13.0,537.7
2022-10-17,US,Fresno,pm25,48,24.0,62.0,47.0,815.63
2022-10-17,US,Milwaukee,pm25,144,1.0,15.0,7.0,66.57
2022-10-17,US,Hartford,pm25,48,45.0,60.0,51.0,171.38
2022-10-17,US,Washington D.C.,pm25,120,5.0,80.0,30.0,1443.07
2022-10-17,US,Chicago,pm25,236,1.0,34.0,8.0,326.71
2022-10-17,US,Houston,pm25,96,5.0,68.0,34.0,1491.1
2022-10-17,US,Indianapolis,pm25,144,3.0,87.0,16.0,1210.2
2022-10-17,US,Atlanta,pm25,24,30.0,65.0,51.0,1285.49
2022-10-17,US,Charlotte,pm25,71,21.0,63.0,48.0,1225.03
2022-10-17,US,Sacramento,pm25,56,18.0,66.0,38.0,1237.79
2022-10-17,US,Oakland,pm25,115,9.0,59.0,38.0,1732.54
2022-10-17,US,Providence,pm25,63,5.0,55.0,34.0,1870.7
2022-10-17,US,Staten Island,pm25,96,3.0,64.0,32.0,2149.67
2022-10-17,US,Brooklyn,pm25,143,4.0,55.0,34.0,1367.6
2022-10-17,US,Springfield,pm25,72,9.0,31.0,18.0,188.1
2022-10-17,US,The Bronx,pm25,48,4.0,55.0,33.0,2457.87
2022-10-17,US,San Jose,pm25,96,5.0,63.0,30.0,1388.35
2022-10-17,US,Los Angeles,pm25,48,23.0,77.0,45.0,1850.07
2022-10-17,US,Detroit,pm25,143,6.0,37.0,19.0,568.38
2022-10-17,US,Little Rock,pm25,46,5.0,33.0,22.0,552.74
2022-10-17,US,Baltimore,pm25,48,9.0,51.0,29.0,905.49
2022-10-17,US,Phoenix,pm25,180,1.0,58.0,17.0,1893.69
2022-10-17,US,Omaha,pm25,47,5.0,34.0,21.0,465.34
2022-10-17,US,El Paso,pm25,143,3.0,99.0,13.0,5894.05
2022-10-17,US,Dallas,pm25,23,9.0,38.0,25.0,1041.3
2022-10-17,US,Seattle,pm25,264,45.0,91.0,64.0,705.68
2022-10-17,US,Manhattan,pm25,70,4.0,58.0,30.0,1236.12
2022-10-17,US,Miami,pm25,69,21.0,40.0,30.0,128.69
2022-10-17,US,Jacksonville,pm25,136,1.0,63.0,31.0,764.33
2022-10-17,US,San Antonio,pm25,86,2.0,52.0,25.0,1312.69
2022-10-17,US,Philadelphia,pm25,82,7.0,56.0,34.0,909.36
2022-10-17,US,San Diego,pm25,24,34.0,51.0,41.0,268.7
2022-10-17,US,Columbus,pm25,47,3.0,33.0,16.0,627.49
2022-10-17,US,Saint Paul,pm25,118,5.0,25.0,8.0,85.47
2022-10-17,US,Denver,pm25,153,13.0,87.0,42.0,1810.79
2022-10-17,US,Salt Lake City,pm25,216,7.0,69.0,22.0,1398.97
2022-10-17,US,Albuquerque,pm25,72,6.0,27.0,12.0,209.26
2022-10-17,US,San Francisco,pm25,69,13.0,59.0,38.0,1319.89
2022-10-17,US,Salem,pm25,72,36.0,91.0,58.0,684.72
2022-10-17,US,Madison,pm25,48,4.0,18.0,10.0,126.38
2022-10-17,US,Nashville,pm25,70,9.0,60.0,27.0,2344.27
2022-10-17,US,Tucson,pm25,149,5.0,46.0,17.0,904.02
2022-10-17,US,Queens,pm25,96,4.0,56.0,33.0,1620.94
2022-10-17,US,Tallahassee,pm25,68,11.0,68.0,40.0,1585.08
2022-10-17,US,Fort Worth,pm25,39,3.0,42.0,18.0,1276.69
2022-10-17,RS,Novi Sad,pm25,48,39.0,99.0,58.0,2289.77
2022-10-17,RS,Niš,pm25,48,27.0,126.0,71.0,4240.41
2022-10-17,RS,Belgrade,pm25,168,28.0,95.0,60.0,1443.59
2022-10-17,CY,Nicosia,pm25,24,35.0,76.0,55.0,705.63
2022-10-17,CY,Limassol,pm25,24,2.0,61.0,24.0,2516.23
2022-10-17,HR,Zagreb,pm25,23,76.0,154.0,113.0,3475.73
2022-10-17,HR,Rijeka,pm25,72,52.0,122.0,65.0,1245.49
2022-10-17,MK,Skopje,pm25,35,34.0,127.0,88.0,6877.18
2022-10-18,GE,Tbilisi,pm25,96,43.0,116.0,63.0,4609.46
2022-10-18,HU,Győr,pm25,23,9.0,89.0,55.0,4689.76
2022-10-18,HU,Szeged,pm25,23,34.0,87.0,68.0,1639.05
2022-10-18,HU,Pécs,pm25,23,50.0,99.0,63.0,2562.25
2022-10-18,HU,Kecskemét,pm25,23,34.0,89.0,68.0,2238.1
2022-10-18,HU,Miskolc,pm25,69,50.0,129.0,72.0,3351.22
2022-10-18,HU,Budapest,pm25,132,5.0,114.0,68.0,3126.33
2022-10-18,JP,Fukuoka,pm25,359,5.0,91.0,25.0,1857.55
2022-10-18,JP,Kanazawa,pm25,220,5.0,57.0,21.0,1420.19
2022-10-18,JP,Kumamoto,pm25,340,5.0,85.0,34.0,2684.09
2022-10-18,JP,Akita,pm25,39,9.0,59.0,25.0,1833.48
2022-10-18,JP,Kochi,pm25,47,5.0,68.0,34.0,2996.03
2022-10-18,JP,Gifu-shi,pm25,180,5.0,72.0,30.0,2476.32
2022-10-18,JP,Kyoto,pm25,552,5.0,72.0,38.0,2396.79
2022-10-18,JP,Hiroshima,pm25,283,5.0,82.0,25.0,4664.85
2022-10-18,JP,Shizuoka,pm25,226,5.0,82.0,17.0,2011.16
2022-10-18,JP,Chiba,pm25,710,5.0,82.0,25.0,2949.99
2022-10-18,JP,Sapporo,pm25,193,5.0,46.0,17.0,809.19
2022-10-18,JP,Yokohama,pm25,535,1.0,72.0,25.0,2086.31
2022-10-18,JP,Tokyo,pm25,2390,1.0,97.0,25.0,2008.83
2022-10-18,JP,Saitama,pm25,460,5.0,78.0,21.0,1355.28
2022-10-18,JP,Nagasaki,pm25,178,5.0,65.0,21.0,1197.49
2022-10-18,JP,Toyama,pm25,167,5.0,70.0,30.0,2161.64
2022-10-18,JP,Niigata,pm25,213,5.0,50.0,25.0,710.34
2022-10-18,JP,Nara-shi,pm25,189,5.0,63.0,34.0,1911.4
2022-10-18,JP,Okayama,pm25,270,5.0,82.0,30.0,5905.47
2022-10-18,JP,Sendai,pm25,408,5.0,59.0,17.0,690.67
2022-10-18,JP,Osaka,pm25,1375,5.0,76.0,30.0,2326.2
2022-10-18,JP,Miyazaki,pm25,116,9.0,82.0,50.0,2724.45
2022-10-18,JP,Matsuyama,pm25,136,5.0,102.0,38.0,4378.23
2022-10-18,JP,Wakayama,pm25,276,5.0,74.0,38.0,2947.76
2022-10-18,JP,Takamatsu,pm25,175,5.0,72.0,46.0,5425.45
2022-10-18,JP,Nagoya,pm25,711,5.0,89.0,25.0,2053.91
2022-10-18,JP,Ōita,pm25,238,5.0,82.0,34.0,3800.69
2022-10-18,JP,Kobe,pm25,378,5.0,129.0,25.0,2018.72
2022-10-18,JP,Nagano,pm25,53,5.0,42.0,13.0,1090.93
2022-10-18,JP,Utsunomiya,pm25,405,5.0,53.0,21.0,1005.13
2022-10-18,JP,Kagoshima,pm25,94,17.0,61.0,38.0,1035.83
2022-10-18,SK,Košice,pm25,96,46.0,154.0,70.0,5130.57
2022-10-18,SK,Bratislava,pm25,76,25.0,104.0,65.0,2070.07
2022-10-18,FI,Vantaa,pm25,24,1.0,16.0,9.0,140.58
2022-10-18,FI,Turku,pm25,23,2.0,14.0,8.0,84.98
2022-10-18,FI,Helsinki,pm25,119,2.0,45.0,8.0,398.28
2022-10-18,FI,Tampere,pm25,96,2.0,19.0,8.0,125.89
2022-10-18,ET,Addis Ababa,pm25,23,46.0,156.0,63.0,9393.56
2022-10-18,CH,Zürich,pm25,24,2.0,5.0,3.0,9.55
2022-10-18,CO,Bogotá,pm25,333,9.0,151.0,57.0,6330.93
2022-10-18,CO,Medellín,pm25,309,17.0,87.0,57.0,1729.38
2022-10-18,DK,Copenhagen,pm25,10,19.0,38.0,24.0,566.78
2022-10-18,GB,Edinburgh,pm25,276,3.0,59.0,13.0,817.79
2022-10-18,GB,Norwich,pm25,18,22.0,40.0,30.0,164.57
2022-10-18,GB,Liverpool,pm25,40,13.0,61.0,30.0,1313.33
2022-10-18,GB,Belfast,pm25,53,21.0,60.0,30.0,733.14
2022-10-18,GB,Coventry,pm25,58,19.0,43.0,23.0,199.23
2022-10-18,GB,Leeds,pm25,28,21.0,63.0,42.0,1314.02
2022-10-18,GB,Cardiff,pm25,95,5.0,61.0,46.0,2373.99
2022-10-18,GB,Bristol,pm25,64,17.0,61.0,34.0,1272.38
2022-10-18,GB,London,pm25,536,5.0,93.0,38.0,2201.73
2022-10-18,GB,Birmingham,pm25,39,20.0,81.0,30.0,1936.41
2022-10-18,GB,Sheffield,pm25,85,17.0,74.0,27.0,1372.11
2022-10-18,GB,Newport,pm25,46,13.0,31.0,21.0,223.33
2022-10-18,GB,Leicester,pm25,19,25.0,58.0,34.0,699.41
2022-10-18,GB,Manchester,pm25,81,22.0,105.0,38.0,2260.7
2022-10-18,GB,Reading,pm25,48,17.0,57.0,34.0,1381.28
2022-10-18,GB,Plymouth,pm25,44,13.0,48.0,34.0,1254.46
2022-10-18,GB,Glasgow,pm25,559,5.0,52.0,14.0,457.16
2022-10-18,GB,Preston,pm25,43,12.0,85.0,30.0,1960.49
2022-10-18,GB,Swansea,pm25,116,5.0,70.0,25.0,3506.52
2022-10-18,GB,Southend-on-Sea,pm25,43,16.0,57.0,30.0,670.17
2022-10-18,ID,Jakarta,pm25,65,61.0,170.0,114.0,9707.59
2022-10-18,ML,Bamako,pm25,24,85.0,173.0,122.0,9951.88
2022-10-18,NP,Kathmandu,pm25,50,25.0,114.0,70.0,3447.11
2022-10-18,NP,Pokhara,pm25,13,59.0,85.0,70.0,665.0
2022-10-18,NP,Biratnagar,pm25,24,30.0,87.0,57.0,3022.61
2022-10-18,AU,Sydney,pm25,125,1.0,59.0,12.0,657.11
2022-10-18,AU,Newcastle,pm25,121,1.0,59.0,13.0,1498.64
2022-10-18,AU,Launceston,pm25,95,5.0,68.0,5.0,643.47
2022-10-18,AU,Hobart,pm25,51,5.0,34.0,9.0,295.63
2022-10-18,AU,Darwin,pm25,61,2.0,101.0,20.0,2518.87
2022-10-18,AU,Melbourne,pm25,155,2.0,56.0,23.0,1586.16
2022-10-18,AU,Canberra,pm25,55,1.0,53.0,17.0,1412.55
2022-10-18,AU,Adelaide,pm25,69,5.0,84.0,11.0,1197.93
2022-10-18,AU,Brisbane,pm25,178,2.0,67.0,20.0,1702.79
2022-10-18,AU,Perth,pm25,88,2.0,21.0,7.0,268.01
2022-10-18,AU,Wollongong,pm25,38,1.0,40.0,11.0,1299.72
2022-10-18,CI,Abidjan,pm25,24,34.0,124.0,55.0,6504.62
2022-10-18,GH,Accra,pm25,24,21.0,99.0,38.0,4551.72
2022-10-18,IQ,Baghdad,pm25,20,166.0,391.0,242.0,50236.2
2022-10-18,IS,Reykjavík,pm25,96,10.0,27.0,14.0,99.14
2022-10-18,KG,Bishkek,pm25,24,42.0,119.0,63.0,2990.43
2022-10-18,NL,Utrecht,pm25,46,3.0,62.0,38.0,1654.76
2022-10-18,NL,Nijmegen,pm25,24,23.0,64.0,45.0,1027.66
2022-10-18,NL,Haarlem,pm25,137,1.0,62.0,26.0,1476.53
2022-10-18,NL,Eindhoven,pm25,24,33.0,73.0,59.0,1000.85
2022-10-18,NL,Rotterdam,pm25,192,13.0,82.0,32.0,1648.58
2022-10-18,NL,Amsterdam,pm25,257,3.0,68.0,26.0,1215.51
2022-10-18,NL,Dordrecht,pm25,24,17.0,198.0,34.0,11917.7
2022-10-18,NL,Breda,pm25,48,13.0,63.0,38.0,2168.19
2022-10-18,NL,Groningen,pm25,48,8.0,54.0,28.0,801.42
2022-10-18,NL,Maastricht,pm25,95,13.0,102.0,53.0,4261.12
2022-10-18,NL,The Hague,pm25,70,9.0,62.0,26.0,1380.08
2022-10-18,PT,Lisbon,pm25,29,26.0,54.0,46.0,679.48
2022-10-18,PT,Funchal,pm25,38,1.0,35.0,8.0,885.01
2022-10-18,CA,Hamilton,pm25,73,5.0,34.0,13.0,366.37
2022-10-18,CA,Calgary,pm25,92,22.0,99.0,47.0,4387.05
2022-10-18,CA,Winnipeg,pm25,23,18.0,60.0,34.0,1226.64
2022-10-18,CA,Halifax,pm25,46,15.0,37.0,29.0,176.37
2022-10-18,CA,Kitchener,pm25,34,5.0,21.0,9.0,192.8
2022-10-18,CA,Edmonton,pm25,137,25.0,134.0,68.0,7059.2
2022-10-18,CA,Surrey,pm25,92,35.0,264.0,108.0,25337.0
2022-10-18,CA,Mississauga,pm25,57,5.0,55.0,13.0,1432.17
2022-10-18,CA,Québec,pm25,182,5.0,63.0,33.0,1626.01
2022-10-18,CA,Vancouver,pm25,168,50.0,243.0,124.0,17349.6
2022-10-18,CA,Victoria,pm25,24,25.0,70.0,42.0,1873.84
2022-10-18,CA,Montréal,pm25,428,9.0,195.0,31.0,4959.12
2022-10-18,CA,Toronto,pm25,111,5.0,61.0,13.0,1990.33
2022-10-18,CA,Ottawa,pm25,66,13.0,31.0,18.0,192.96
2022-10-18,CA,London,pm25,17,9.0,13.0,9.0,35.29
2022-10-18,US,Oklahoma City,pm25,94,18.0,44.0,23.0,291.75
2022-10-18,US,Raleigh,pm25,59,5.0,50.0,13.0,1592.69
2022-10-18,US,Memphis,pm25,72,16.0,64.0,23.0,1866.26
2022-10-18,US,Jackson,pm25,72,7.0,28.0,21.0,257.46
2022-10-18,US,Boston,pm25,140,13.0,68.0,38.0,807.9
2022-10-18,US,Richmond,pm25,95,13.0,38.0,17.0,547.84
2022-10-18,US,Portland,pm25,191,51.0,190.0,125.0,15106.5
2022-10-18,US,Boise,pm25,48,5.0,82.0,45.0,3281.38
2022-10-18,US,Austin,pm25,26,5.0,53.0,13.0,1170.34
2022-10-18,US,Honolulu,pm25,39,5.0,38.0,17.0,877.12
2022-10-18,US,Fresno,pm25,35,38.0,72.0,53.0,768.94
2022-10-18,US,Milwaukee,pm25,143,4.0,20.0,14.0,198.43
2022-10-18,US,Hartford,pm25,48,8.0,53.0,33.0,1798.28
2022-10-18,US,Washington D.C.,pm25,112,5.0,34.0,15.0,288.53
2022-10-18,US,Chicago,pm25,238,1.0,58.0,14.0,481.02
2022-10-18,US,Houston,pm25,94,2.0,38.0,17.0,715.04
2022-10-18,US,Indianapolis,pm25,143,2.0,35.0,14.0,405.95
2022-10-18,US,Atlanta,pm25,24,11.0,23.0,16.0,75.2
2022-10-18,US,Charlotte,pm25,69,5.0,42.0,21.0,775.36
2022-10-18,US,Sacramento,pm25,72,27.0,93.0,53.0,2532.76
2022-10-18,US,Oakland,pm25,119,9.0,74.0,46.0,1910.39
2022-10-18,US,Providence,pm25,63,5.0,42.0,21.0,882.4
2022-10-18,US,Staten Island,pm25,90,1.0,61.0,17.0,1326.96
2022-10-18,US,Brooklyn,pm25,135,1.0,89.0,18.0,1683.79
2022-10-18,US,Springfield,pm25,72,5.0,38.0,16.0,673.8
2022-10-18,US,The Bronx,pm25,47,2.0,28.0,12.0,499.53
2022-10-18,US,San Jose,pm25,94,13.0,87.0,46.0,2733.6
2022-10-18,US,Los Angeles,pm25,48,30.0,81.0,54.0,1456.1
2022-10-18,US,Detroit,pm25,120,4.0,32.0,11.0,376.81
2022-10-18,US,Little Rock,pm25,46,6.0,63.0,13.0,1201.74
2022-10-18,US,Baltimore,pm25,48,9.0,38.0,17.0,410.92
2022-10-18,US,Phoenix,pm25,182,2.0,38.0,13.0,557.36
2022-10-18,US,Omaha,pm25,44,13.0,50.0,21.0,548.81
2022-10-18,US,El Paso,pm25,158,5.0,85.0,17.0,5006.03
2022-10-18,US,Dallas,pm25,24,9.0,34.0,17.0,377.61
2022-10-18,US,Seattle,pm25,264,55.0,197.0,90.0,11249.3
2022-10-18,US,Manhattan,pm25,65,2.0,56.0,17.0,1285.35
2022-10-18,US,Miami,pm25,83,15.0,75.0,18.0,567.03
2022-10-18,US,Jacksonville,pm25,138,19.0,60.0,32.0,1331.09
2022-10-18,US,San Antonio,pm25,88,2.0,61.0,15.0,1695.38
2022-10-18,US,Philadelphia,pm25,81,1.0,74.0,22.0,1844.76
2022-10-18,US,San Diego,pm25,24,9.0,65.0,28.0,4073.03
2022-10-18,US,Columbus,pm25,47,2.0,27.0,12.0,441.61
2022-10-18,US,Saint Paul,pm25,126,5.0,28.0,13.0,151.15
2022-10-18,US,Denver,pm25,156,13.0,68.0,30.0,1573.48
2022-10-18,US,Salt Lake City,pm25,216,9.0,71.0,30.0,1666.6
2022-10-18,US,Albuquerque,pm25,71,15.0,97.0,24.0,1676.49
2022-10-18,US,San Francisco,pm25,71,17.0,70.0,46.0,1669.04
2022-10-18,US,Salem,pm25,72,44.0,162.0,85.0,20768.9
2022-10-18,US,Madison,pm25,48,8.0,26.0,16.0,232.75
2022-10-18,US,Nashville,pm25,65,5.0,40.0,17.0,452.36
2022-10-18,US,Tucson,pm25,132,5.0,50.0,13.0,625.56
2022-10-18,US,Queens,pm25,86,3.0,89.0,19.0,1502.13
2022-10-18,US,Tallahassee,pm25,72,5.0,59.0,25.0,1477.62
2022-10-18,US,Fort Worth,pm25,39,3.0,42.0,13.0,691.96
2022-10-18,RS,Novi Sad,pm25,48,44.0,136.0,63.0,5992.12
2022-10-18,RS,Niš,pm25,48,39.0,151.0,73.0,8418.26
2022-10-18,RS,Belgrade,pm25,168,27.0,101.0,63.0,2140.02
2022-10-18,CY,Nicosia,pm25,24,34.0,85.0,51.0,1671.72
2022-10-18,CY,Limassol,pm25,22,9.0,54.0,30.0,2280.0
2022-10-18,HR,Zagreb,pm25,24,97.0,169.0,116.0,5268.62
2022-10-18,HR,Rijeka,pm25,71,37.0,112.0,70.0,1374.68
2022-10-19,GE,Tbilisi,pm25,96,37.0,110.0,47.0,4169.26
2022-10-19,HU,Győr,pm25,24,25.0,114.0,50.0,7452.97
2022-10-19,HU,Szeged,pm25,24,50.0,85.0,65.0,1205.63
2022-10-19,HU,Pécs,pm25,23,17.0,93.0,46.0,6696.8
2022-10-19,HU,Kecskemét,pm25,24,21.0,85.0,50.0,3795.87
2022-10-19,HU,Miskolc,pm25,61,21.0,87.0,63.0,3799.97
2022-10-19,HU,Budapest,pm25,142,13.0,151.0,53.0,8552.2
2022-10-19,JP,Fukuoka,pm25,391,5.0,95.0,34.0,2066.55
2022-10-19,JP,Kanazawa,pm25,201,5.0,53.0,17.0,717.6
2022-10-19,JP,Kumamoto,pm25,314,5.0,91.0,30.0,3102.46
2022-10-19,JP,Akita,pm25,42,5.0,55.0,21.0,1625.48
2022-10-19,JP,Kochi,pm25,43,5.0,53.0,25.0,802.39
2022-10-19,JP,Gifu-shi,pm25,142,5.0,61.0,21.0,2270.75
2022-10-19,JP,Kyoto,pm25,522,5.0,61.0,21.0,1282.25
2022-10-19,JP,Hiroshima,pm25,260,5.0,61.0,17.0,1232.72
2022-10-19,JP,Shizuoka,pm25,222,5.0,65.0,17.0,1387.21
2022-10-19,JP,Chiba,pm25,705,5.0,74.0,21.0,1368.23
2022-10-19,JP,Sapporo,pm25,205,5.0,53.0,17.0,861.67
2022-10-19,JP,Yokohama,pm25,532,1.0,55.0,21.0,1009.05
2022-10-19,JP,Tokyo,pm25,2385,5.0,95.0,21.0,1068.04
2022-10-19,JP,Saitama,pm25,467,5.0,82.0,25.0,1256.62
2022-10-19,JP,Nagasaki,pm25,179,5.0,70.0,30.0,1663.63
2022-10-19,JP,Toyama,pm25,160,5.0,65.0,21.0,1651.33
2022-10-19,JP,Niigata,pm25,209,5.0,61.0,21.0,815.15
2022-10-19,JP,Nara-shi,pm25,186,5.0,50.0,21.0,926.85
2022-10-19,JP,Okayama,pm25,270,5.0,61.0,21.0,1126.85
2022-10-19,JP,Sendai,pm25,425,5.0,46.0,17.0,690.85
2022-10-19,JP,Osaka,pm25,1277,5.0,78.0,17.0,1097.39
2022-10-19,JP,Miyazaki,pm25,84,5.0,65.0,30.0,1529.1
2022-10-19,JP,Matsuyama,pm25,136,5.0,61.0,21.0,2089.59
2022-10-19,JP,Wakayama,pm25,273,5.0,97.0,21.0,1590.7
2022-10-19,JP,Takamatsu,pm25,185,5.0,53.0,17.0,817.01
2022-10-19,JP,Nagoya,pm25,703,1.0,72.0,17.0,948.67
2022-10-19,JP,Ōita,pm25,205,5.0,70.0,17.0,1179.59
2022-10-19,JP,Kobe,pm25,378,5.0,95.0,17.0,816.95
2022-10-19,JP,Nagano,pm25,35,5.0,38.0,13.0,1142.52
2022-10-19,JP,Utsunomiya,pm25,402,5.0,59.0,21.0,1561.31
2022-10-19,JP,Kagoshima,pm25,95,5.0,46.0,25.0,954.79
2022-10-19,SK,Košice,pm25,96,9.0,91.0,42.0,3477.47
2022-10-19,SK,Bratislava,pm25,95,5.0,95.0,46.0,4556.96
2022-10-19,FI,Vantaa,pm25,24,5.0,48.0,10.0,890.36
2022-10-19,FI,Turku,pm25,24,4.0,30.0,10.0,450.43
2022-10-19,FI,Helsinki,pm25,114,2.0,29.0,9.0,258.69
2022-10-19,FI,Tampere,pm25,96,3.0,39.0,8.0,282.26
2022-10-19,ET,Addis Ababa,pm25,24,25.0,174.0,61.0,13042.3
2022-10-19,CH,Zürich,pm25,22,3.0,5.0,3.0,2.19
2022-10-19,CO,Bogotá,pm25,332,5.0,158.0,61.0,8327.19
2022-10-19,CO,Medellín,pm25,316,25.0,87.0,61.0,1288.72
2022-10-19,GB,Edinburgh,pm25,280,6.0,164.0,17.0,1145.87
2022-10-19,GB,Norwich,pm25,21,13.0,41.0,21.0,408.14
2022-10-19,GB,Liverpool,pm25,34,17.0,46.0,25.0,363.5
2022-10-19,GB,Belfast,pm25,50,14.0,44.0,30.0,424.64
2022-10-19,GB,Coventry,pm25,55,21.0,41.0,23.0,199.85
2022-10-19,GB,Leeds,pm25,42,9.0,50.0,30.0,857.47
2022-10-19,GB,Cardiff,pm25,95,25.0,89.0,50.0,2564.29
2022-10-19,GB,Bristol,pm25,70,13.0,74.0,38.0,1783.53
2022-10-19,GB,London,pm25,542,5.0,76.0,42.0,2279.12
2022-10-19,GB,Birmingham,pm25,31,25.0,47.0,30.0,348.95
2022-10-19,GB,Sheffield,pm25,59,25.0,53.0,34.0,467.28
2022-10-19,GB,Newport,pm25,44,21.0,59.0,30.0,888.5
2022-10-19,GB,Leicester,pm25,21,17.0,38.0,25.0,314.9
2022-10-19,GB,Manchester,pm25,82,10.0,53.0,32.0,1391.55
2022-10-19,GB,Reading,pm25,46,9.0,61.0,25.0,1672.81
2022-10-19,GB,Plymouth,pm25,46,13.0,64.0,47.0,2102.63
2022-10-19,GB,Glasgow,pm25,567,9.0,46.0,15.0,230.32
2022-10-19,GB,Preston,pm25,42,10.0,44.0,23.0,563.33
2022-10-19,GB,Swansea,pm25,127,9.0,89.0,46.0,3284.51
2022-10-19,GB,Southend-on-Sea,pm25,48,18.0,71.0,37.0,1989.04
2022-10-19,ID,Jakarta,pm25,69,61.0,165.0,110.0,7587.71
2022-10-19,ML,Bamako,pm25,24,87.0,197.0,127.0,8290.36
2022-10-19,NP,Kathmandu,pm25,72,50.0,152.0,82.0,5589.79
2022-10-19,NP,Pokhara,pm25,21,56.0,86.0,68.0,753.48
2022-10-19,NP,Biratnagar,pm25,24,37.0,97.0,69.0,3145.92
2022-10-19,AU,Sydney,pm25,138,1.0,40.0,17.0,587.73
2022-10-19,AU,Newcastle,pm25,134,2.0,46.0,19.0,877.57
2022-10-19,AU,Launceston,pm25,123,5.0,139.0,13.0,2229.9
2022-10-19,AU,Hobart,pm25,58,5.0,34.0,17.0,462.0
2022-10-19,AU,Darwin,pm25,69,1.0,45.0,16.0,1137.79
2022-10-19,AU,Melbourne,pm25,165,1.0,73.0,30.0,2790.61
2022-10-19,AU,Canberra,pm25,57,1.0,77.0,25.0,3128.52
2022-10-19,AU,Adelaide,pm25,81,5.0,67.0,13.0,865.9
2022-10-19,AU,Brisbane,pm25,185,1.0,60.0,21.0,1589.99
2022-10-19,AU,Perth,pm25,87,3.0,35.0,7.0,544.68
2022-10-19,AU,Wollongong,pm25,48,6.0,50.0,19.0,972.61
2022-10-19,CI,Abidjan,pm25,24,9.0,97.0,50.0,4748.1
2022-10-19,GH,Accra,pm25,24,25.0,104.0,53.0,3429.28
2022-10-19,IQ,Baghdad,pm25,24,163.0,316.0,194.0,16260.2
2022-10-19,IS,Reykjavík,pm25,96,6.0,24.0,12.0,214.31
2022-10-19,KG,Bishkek,pm25,24,46.0,152.0,76.0,7613.75
2022-10-19,NL,Utrecht,pm25,48,16.0,65.0,40.0,1304.18
2022-10-19,NL,Nijmegen,pm25,23,12.0,58.0,30.0,2158.74
2022-10-19,NL,Haarlem,pm25,142,1.0,76.0,29.0,2353.79
2022-10-19,NL,Eindhoven,pm25,24,29.0,67.0,55.0,1158.68
2022-10-19,NL,Rotterdam,pm25,192,10.0,60.0,27.0,595.25
2022-10-19,NL,Amsterdam,pm25,246,1.0,54.0,20.0,987.19
2022-10-19,NL,Dordrecht,pm25,24,17.0,53.0,30.0,751.02
2022-10-19,NL,Breda,pm25,48,19.0,77.0,35.0,1376.31
2022-10-19,NL,Groningen,pm25,48,8.0,42.0,25.0,588.49
2022-10-19,NL,Maastricht,pm25,96,21.0,99.0,53.0,3333.68
2022-10-19,NL,The Hague,pm25,69,9.0,55.0,25.0,707.86
2022-10-19,PT,Lisbon,pm25,54,9.0,28.0,16.0,225.54
2022-10-19,PT,Funchal,pm25,64,1.0,25.0,13.0,488.05
2022-10-19,CA,Hamilton,pm25,84,5.0,46.0,17.0,754.89
2022-10-19,CA,Calgary,pm25,92,52.0,95.0,66.0,762.58
2022-10-19,CA,Winnipeg,pm25,22,26.0,53.0,38.0,1051.0
2022-10-19,CA,Halifax,pm25,46,2.0,55.0,23.0,2759.05
2022-10-19,CA,Kitchener,pm25,42,5.0,30.0,9.0,282.19
2022-10-19,CA,Edmonton,pm25,138,62.0,137.0,92.0,2669.62
2022-10-19,CA,Surrey,pm25,94,53.0,199.0,139.0,20381.0
2022-10-19,CA,Mississauga,pm25,59,5.0,70.0,13.0,1716.94
2022-10-19,CA,Québec,pm25,180,12.0,57.0,31.0,1307.84
2022-10-19,CA,Vancouver,pm25,168,33.0,193.0,95.0,23218.0
2022-10-19,CA,Victoria,pm25,24,34.0,124.0,65.0,8052.97
2022-10-19,CA,Montréal,pm25,446,9.0,74.0,27.0,1741.31
2022-10-19,CA,Toronto,pm25,107,5.0,63.0,17.0,1661.38
2022-10-19,CA,Ottawa,pm25,66,13.0,31.0,18.0,305.7
2022-10-19,CA,London,pm25,27,9.0,21.0,13.0,116.69
2022-10-19,US,Oklahoma City,pm25,95,16.0,96.0,26.0,1409.67
2022-10-19,US,Raleigh,pm25,59,5.0,87.0,15.0,2327.96
2022-10-19,US,Memphis,pm25,72,9.0,81.0,22.0,2165.82
2022-10-19,US,Jackson,pm25,72,6.0,69.0,25.0,1839.28
2022-10-19,US,Boston,pm25,138,9.0,53.0,21.0,646.89
2022-10-19,US,Richmond,pm25,96,3.0,22.0,15.0,193.25
2022-10-19,US,Portland,pm25,192,76.0,229.0,157.0,7481.7
2022-10-19,US,Boise,pm25,48,17.0,99.0,39.0,2580.27
2022-10-19,US,Austin,pm25,43,5.0,55.0,25.0,1774.88
2022-10-19,US,Honolulu,pm25,40,5.0,46.0,13.0,1225.74
2022-10-19,US,Fresno,pm25,23,42.0,90.0,58.0,1377.71
2022-10-19,US,Milwaukee,pm25,143,10.0,31.0,16.0,270.7
2022-10-19,US,Hartford,pm25,48,10.0,35.0,22.0,293.6
2022-10-19,US,Washington D.C.,pm25,104,3.0,30.0,13.0,417.43
2022-10-19,US,Chicago,pm25,237,2.0,52.0,15.0,488.56
2022-10-19,US,Houston,pm25,94,5.0,117.0,27.0,3297.31
2022-10-19,US,Indianapolis,pm25,144,2.0,52.0,19.0,530.58
2022-10-19,US,Atlanta,pm25,24,17.0,43.0,23.0,431.14
2022-10-19,US,Charlotte,pm25,71,5.0,50.0,21.0,825.7
2022-10-19,US,Sacramento,pm25,72,13.0,104.0,50.0,5691.82
2022-10-19,US,Oakland,pm25,108,17.0,89.0,42.0,2147.92
2022-10-19,US,Providence,pm25,59,5.0,46.0,17.0,864.29
2022-10-19,US,Staten Island,pm25,79,1.0,52.0,22.0,1534.07
2022-10-19,US,Brooklyn,pm25,140,1.0,50.0,19.0,750.73
2022-10-19,US,Springfield,pm25,72,18.0,43.0,25.0,355.76
2022-10-19,US,The Bronx,pm25,46,1.0,35.0,15.0,537.36
2022-10-19,US,San Jose,pm25,94,5.0,102.0,46.0,4197.51
2022-10-19,US,Los Angeles,pm25,48,8.0,101.0,38.0,5368.9
2022-10-19,US,Detroit,pm25,158,3.0,37.0,16.0,696.14
2022-10-19,US,Little Rock,pm25,43,1.0,75.0,14.0,2878.48
2022-10-19,US,Baltimore,pm25,46,5.0,42.0,14.0,819.89
2022-10-19,US,Phoenix,pm25,175,2.0,174.0,14.0,3496.86
2022-10-19,US,Omaha,pm25,47,9.0,57.0,34.0,1146.76
2022-10-19,US,El Paso,pm25,157,5.0,82.0,25.0,3902.36
2022-10-19,US,Dallas,pm25,24,17.0,46.0,25.0,377.81
2022-10-19,US,Seattle,pm25,264,89.0,264.0,165.0,13145.2
2022-10-19,US,Manhattan,pm25,70,2.0,39.0,18.0,682.65
2022-10-19,US,Miami,pm25,93,10.0,59.0,27.0,1035.25
2022-10-19,US,Jacksonville,pm25,142,6.0,71.0,20.0,1346.21
2022-10-19,US,San Antonio,pm25,91,3.0,65.0,25.0,2378.78
2022-10-19,US,Philadelphia,pm25,90,1.0,74.0,19.0,1881.45
2022-10-19,US,San Diego,pm25,24,12.0,40.0,22.0,518.19
2022-10-19,US,Columbus,pm25,46,2.0,40.0,15.0,771.21
2022-10-19,US,Saint Paul,pm25,134,5.0,57.0,19.0,1580.87
2022-10-19,US,Denver,pm25,152,9.0,85.0,25.0,3281.9
2022-10-19,US,Salt Lake City,pm25,216,11.0,75.0,29.0,1814.43
2022-10-19,US,Albuquerque,pm25,71,19.0,64.0,27.0,1048.95
2022-10-19,US,San Francisco,pm25,70,5.0,78.0,42.0,1725.14
2022-10-19,US,Salem,pm25,72,107.0,166.0,145.0,2365.28
2022-10-19,US,Madison,pm25,48,9.0,27.0,15.0,273.03
2022-10-19,US,Nashville,pm25,71,5.0,51.0,25.0,965.2
2022-10-19,US,Tucson,pm25,146,5.0,38.0,13.0,610.23
2022-10-19,US,Queens,pm25,89,1.0,41.0,17.0,840.88
2022-10-19,US,Tallahassee,pm25,72,4.0,58.0,21.0,907.86
2022-10-19,US,Fort Worth,pm25,46,2.0,137.0,21.0,4752.47
2022-10-19,RS,Novi Sad,pm25,48,51.0,115.0,81.0,2707.97
2022-10-19,RS,Niš,pm25,48,68.0,157.0,86.0,5351.9
2022-10-19,RS,Belgrade,pm25,166,39.0,153.0,89.0,6613.07
2022-10-19,CY,Nicosia,pm25,24,34.0,82.0,56.0,1558.68
2022-10-19,CY,Limassol,pm25,24,13.0,56.0,34.0,1189.55
2022-10-19,HR,Zagreb,pm25,24,88.0,164.0,142.0,6960.8
2022-10-19,HR,Rijeka,pm25,72,34.0,79.0,55.0,1199.81
2022-10-20,GE,Tbilisi,pm25,96,36.0,84.0,51.0,1990.05
2022-10-20,HU,Győr,pm25,24,21.0,93.0,46.0,3635.58
2022-10-20,HU,Szeged,pm25,13,30.0,59.0,46.0,747.56
2022-10-20,HU,Pécs,pm25,24,21.0,89.0,34.0,4438.24
2022-10-20,HU,Kecskemét,pm25,22,21.0,78.0,50.0,3620.45
2022-10-20,HU,Miskolc,pm25,72,30.0,152.0,55.0,8347.23
2022-10-20,HU,Budapest,pm25,114,17.0,109.0,46.0,3528.24
2022-10-20,JP,Fukuoka,pm25,384,5.0,87.0,30.0,1645.06
2022-10-20,JP,Kanazawa,pm25,171,5.0,50.0,13.0,635.88
2022-10-20,JP,Kumamoto,pm25,337,5.0,119.0,34.0,3866.15
2022-10-20,JP,Akita,pm25,44,9.0,63.0,25.0,3462.3
2022-10-20,JP,Kochi,pm25,41,9.0,53.0,21.0,1098.72
2022-10-20,JP,Gifu-shi,pm25,117,5.0,91.0,21.0,2708.93
2022-10-20,JP,Kyoto,pm25,555,5.0,68.0,25.0,1494.47
2022-10-20,JP,Hiroshima,pm25,253,5.0,68.0,21.0,1564.16
2022-10-20,JP,Shizuoka,pm25,230,5.0,82.0,25.0,2061.56
2022-10-20,JP,Chiba,pm25,710,5.0,104.0,25.0,2399.01
2022-10-20,JP,Sapporo,pm25,206,5.0,68.0,25.0,2165.44
2022-10-20,JP,Yokohama,pm25,527,1.0,65.0,25.0,1549.61
2022-10-20,JP,Tokyo,pm25,2401,1.0,122.0,25.0,1856.06
2022-10-20,JP,Saitama,pm25,469,5.0,97.0,25.0,2430.6
2022-10-20,JP,Nagasaki,pm25,180,5.0,59.0,25.0,1334.08
2022-10-20,JP,Toyama,pm25,157,5.0,59.0,17.0,1495.3
2022-10-20,JP,Niigata,pm25,204,5.0,53.0,17.0,677.98
2022-10-20,JP,Nara-shi,pm25,187,5.0,74.0,25.0,2056.23
2022-10-20,JP,Okayama,pm25,275,5.0,142.0,25.0,3747.82
2022-10-20,JP,Sendai,pm25,439,5.0,55.0,17.0,754.08
2022-10-20,JP,Osaka,pm25,1333,5.0,93.0,21.0,1549.27
2022-10-20,JP,Miyazaki,pm25,95,5.0,74.0,30.0,1687.89
2022-10-20,JP,Matsuyama,pm25,139,5.0,70.0,25.0,2343.36
2022-10-20,JP,Wakayama,pm25,275,5.0,97.0,21.0,1680.0
2022-10-20,JP,Takamatsu,pm25,210,5.0,53.0,17.0,1029.61
2022-10-20,JP,Nagoya,pm25,717,1.0,87.0,21.0,1364.78
2022-10-20,JP,Ōita,pm25,225,5.0,65.0,25.0,1810.61
2022-10-20,JP,Kobe,pm25,395,5.0,93.0,21.0,1290.41
2022-10-20,JP,Nagano,pm25,49,5.0,68.0,17.0,3047.54
2022-10-20,JP,Utsunomiya,pm25,398,5.0,70.0,21.0,2197.56
2022-10-20,JP,Kagoshima,pm25,90,9.0,65.0,38.0,1312.22
2022-10-20,SK,Košice,pm25,93,5.0,97.0,25.0,3411.87
2022-10-20,SK,Bratislava,pm25,94,5.0,74.0,34.0,2059.36
2022-10-20,FI,Vantaa,pm25,24,10.0,48.0,16.0,1331.01
2022-10-20,FI,Turku,pm25,24,5.0,26.0,10.0,180.8
2022-10-20,FI,Helsinki,pm25,118,5.0,59.0,13.0,686.69
2022-10-20,FI,Tampere,pm25,96,4.0,55.0,8.0,567.32
2022-10-20,ET,Addis Ababa,pm25,24,25.0,158.0,59.0,8286.07
2022-10-20,CH,Zürich,pm25,23,2.0,6.0,3.0,12.57
2022-10-20,CO,Bogotá,pm25,318,5.0,165.0,61.0,10752.9
2022-10-20,CO,Medellín,pm25,292,30.0,93.0,59.0,1876.13
2022-10-20,GB,Edinburgh,pm25,285,3.0,78.0,29.0,1443.85
2022-10-20,GB,Norwich,pm25,17,40.0,65.0,49.0,441.18
2022-10-20,GB,Liverpool,pm25,46,21.0,99.0,68.0,2350.94
2022-10-20,GB,Belfast,pm25,84,17.0,72.0,50.0,1450.96
2022-10-20,GB,Coventry,pm25,45,14.0,84.0,55.0,2656.34
2022-10-20,GB,Leeds,pm25,37,25.0,78.0,55.0,1673.26
2022-10-20,GB,Cardiff,pm25,95,5.0,85.0,55.0,3540.63
2022-10-20,GB,Bristol,pm25,71,25.0,72.0,46.0,1202.25
2022-10-20,GB,London,pm25,546,8.0,93.0,55.0,3182.03
2022-10-20,GB,Birmingham,pm25,34,31.0,92.0,56.0,2124.39
2022-10-20,GB,Sheffield,pm25,82,25.0,75.0,47.0,825.0
2022-10-20,GB,Newport,pm25,48,15.0,64.0,34.0,2778.28
2022-10-20,GB,Leicester,pm25,21,31.0,76.0,53.0,1592.9
2022-10-20,GB,Manchester,pm25,81,19.0,125.0,43.0,2989.91
2022-10-20,GB,Reading,pm25,46,9.0,59.0,38.0,2376.43
2022-10-20,GB,Plymouth,pm25,37,13.0,55.0,37.0,1629.52
2022-10-20,GB,Glasgow,pm25,570,5.0,76.0,23.0,539.37
2022-10-20,GB,Preston,pm25,46,15.0,98.0,39.0,4791.98
2022-10-20,GB,Swansea,pm25,144,5.0,112.0,57.0,4641.53
2022-10-20,GB,Southend-on-Sea,pm25,44,11.0,72.0,46.0,3902.3
2022-10-20,ID,Jakarta,pm25,71,30.0,162.0,102.0,13368.7
2022-10-20,ML,Bamako,pm25,24,80.0,169.0,119.0,7844.76
2022-10-20,NP,Kathmandu,pm25,57,55.0,144.0,85.0,4542.06
2022-10-20,NP,Pokhara,pm25,24,36.0,70.0,54.0,1189.28
2022-10-20,NP,Biratnagar,pm25,24,72.0,155.0,84.0,3542.16
2022-10-20,AU,Sydney,pm25,126,1.0,66.0,12.0,771.36
2022-10-20,AU,Newcastle,pm25,133,2.0,44.0,15.0,969.53
2022-10-20,AU,Launceston,pm25,119,5.0,46.0,9.0,425.66
2022-10-20,AU,Hobart,pm25,58,5.0,17.0,9.0,126.03
2022-10-20,AU,Darwin,pm25,63,4.0,46.0,23.0,897.23
2022-10-20,AU,Melbourne,pm25,150,2.0,58.0,27.0,1853.63
2022-10-20,AU,Canberra,pm25,59,5.0,65.0,21.0,1371.06
2022-10-20,AU,Adelaide,pm25,92,5.0,76.0,21.0,1162.16
2022-10-20,AU,Brisbane,pm25,195,1.0,55.0,20.0,1610.36
2022-10-20,AU,Perth,pm25,82,2.0,18.0,5.0,228.27
2022-10-20,AU,Wollongong,pm25,41,2.0,45.0,18.0,1203.76
2022-10-20,CI,Abidjan,pm25,21,5.0,91.0,34.0,3928.9
2022-10-20,GH,Accra,pm25,24,25.0,78.0,53.0,1716.5
2022-10-20,IQ,Baghdad,pm25,8,205.0,242.0,225.0,1879.82
2022-10-20,IS,Reykjavík,pm25,96,2.0,18.0,8.0,122.53
2022-10-20,KG,Bishkek,pm25,24,57.0,139.0,72.0,4424.93
2022-10-20,NL,Utrecht,pm25,48,32.0,73.0,53.0,895.1
2022-10-20,NL,Nijmegen,pm25,26,19.0,51.0,39.0,898.4
2022-10-20,NL,Haarlem,pm25,144,13.0,148.0,46.0,2687.31
2022-10-20,NL,Eindhoven,pm25,24,46.0,73.0,57.0,555.2
2022-10-20,NL,Rotterdam,pm25,192,11.0,64.0,52.0,876.0
2022-10-20,NL,Amsterdam,pm25,262,7.0,91.0,40.0,2047.02
2022-10-20,NL,Dordrecht,pm25,24,17.0,61.0,46.0,1437.1
2022-10-20,NL,Breda,pm25,48,26.0,60.0,45.0,840.74
2022-10-20,NL,Groningen,pm25,48,15.0,58.0,37.0,1212.7
2022-10-20,NL,Maastricht,pm25,95,13.0,104.0,42.0,3824.32
2022-10-20,NL,The Hague,pm25,72,22.0,62.0,51.0,901.57
2022-10-20,PT,Lisbon,pm25,42,10.0,25.0,15.0,187.11
2022-10-20,PT,Funchal,pm25,68,2.0,25.0,14.0,337.2
2022-10-20,CA,Hamilton,pm25,54,9.0,50.0,17.0,1125.09
2022-10-20,CA,Calgary,pm25,84,3.0,171.0,22.0,9918.28
2022-10-20,CA,Winnipeg,pm25,24,48.0,77.0,52.0,913.32
2022-10-20,CA,Halifax,pm25,46,7.0,26.0,20.0,168.85
2022-10-20,CA,Kitchener,pm25,46,9.0,55.0,17.0,1005.31
2022-10-20,CA,Edmonton,pm25,123,2.0,84.0,19.0,4328.43
2022-10-20,CA,Surrey,pm25,94,10.0,161.0,80.0,22432.2
2022-10-20,CA,Mississauga,pm25,68,5.0,50.0,17.0,1042.04
2022-10-20,CA,Québec,pm25,170,5.0,33.0,18.0,354.49
2022-10-20,CA,Vancouver,pm25,168,3.0,156.0,66.0,22025.8
2022-10-20,CA,Victoria,pm25,24,5.0,72.0,46.0,6444.06
2022-10-20,CA,Montréal,pm25,396,3.0,50.0,18.0,751.62
2022-10-20,CA,Toronto,pm25,118,5.0,55.0,17.0,1118.28
2022-10-20,CA,Ottawa,pm25,64,7.0,49.0,16.0,735.87
2022-10-20,CA,London,pm25,41,9.0,30.0,17.0,346.7
2022-10-20,US,Oklahoma City,pm25,93,23.0,58.0,33.0,613.95
2022-10-20,US,Raleigh,pm25,72,5.0,53.0,30.0,1640.84
2022-10-20,US,Memphis,pm25,71,20.0,70.0,38.0,1123.86
2022-10-20,US,Jackson,pm25,61,5.0,75.0,45.0,2597.03
2022-10-20,US,Boston,pm25,107,13.0,53.0,25.0,853.88
2022-10-20,US,Richmond,pm25,96,15.0,30.0,22.0,116.19
2022-10-20,US,Portland,pm25,192,8.0,232.0,174.0,44345.2
2022-10-20,US,Boise,pm25,48,21.0,69.0,48.0,1246.06
2022-10-20,US,Austin,pm25,40,13.0,78.0,30.0,2494.71
2022-10-20,US,Honolulu,pm25,37,5.0,46.0,9.0,753.68
2022-10-20,US,Fresno,pm25,24,38.0,67.0,52.0,568.1
2022-10-20,US,Milwaukee,pm25,144,19.0,108.0,44.0,2316.6
2022-10-20,US,Hartford,pm25,48,15.0,42.0,23.0,346.79
2022-10-20,US,Washington D.C.,pm25,112,5.0,46.0,20.0,506.82
2022-10-20,US,Chicago,pm25,233,10.0,78.0,40.0,1497.58
2022-10-20,US,Houston,pm25,96,8.0,102.0,35.0,3120.6
2022-10-20,US,Indianapolis,pm25,144,9.0,97.0,35.0,1619.2
2022-10-20,US,Atlanta,pm25,24,20.0,48.0,33.0,721.72
2022-10-20,US,Charlotte,pm25,72,5.0,78.0,36.0,3084.12
2022-10-20,US,Sacramento,pm25,72,15.0,79.0,42.0,1522.1
2022-10-20,US,Oakland,pm25,108,5.0,72.0,42.0,2288.88
2022-10-20,US,Providence,pm25,69,5.0,65.0,17.0,1164.29
2022-10-20,US,Staten Island,pm25,95,2.0,165.0,19.0,3690.04
2022-10-20,US,Brooklyn,pm25,139,3.0,43.0,20.0,680.15
2022-10-20,US,Springfield,pm25,72,23.0,85.0,33.0,1644.93
2022-10-20,US,The Bronx,pm25,44,3.0,39.0,17.0,919.8
2022-10-20,US,San Jose,pm25,96,9.0,80.0,46.0,2628.1
2022-10-20,US,Los Angeles,pm25,48,9.0,74.0,48.0,2156.86
2022-10-20,US,Detroit,pm25,168,16.0,72.0,40.0,1531.86
2022-10-20,US,Little Rock,pm25,47,8.0,125.0,29.0,5141.57
2022-10-20,US,Baltimore,pm25,48,17.0,57.0,21.0,1116.44
2022-10-20,US,Phoenix,pm25,181,1.0,162.0,20.0,7500.23
2022-10-20,US,Omaha,pm25,45,30.0,78.0,55.0,1445.71
2022-10-20,US,El Paso,pm25,132,4.0,103.0,25.0,5496.09
2022-10-20,US,Dallas,pm25,23,5.0,61.0,34.0,1583.83
2022-10-20,US,Seattle,pm25,264,30.0,230.0,192.0,9094.75
2022-10-20,US,Manhattan,pm25,70,3.0,50.0,18.0,1277.96
2022-10-20,US,Miami,pm25,92,16.0,38.0,21.0,200.8
2022-10-20,US,Jacksonville,pm25,144,18.0,93.0,39.0,1606.98
2022-10-20,US,San Antonio,pm25,92,5.0,74.0,30.0,2287.58
2022-10-20,US,Philadelphia,pm25,83,2.0,58.0,23.0,945.7
2022-10-20,US,San Diego,pm25,22,21.0,65.0,28.0,994.74
2022-10-20,US,Columbus,pm25,48,8.0,57.0,25.0,924.82
2022-10-20,US,Saint Paul,pm25,143,25.0,159.0,54.0,2261.54
2022-10-20,US,Denver,pm25,147,5.0,61.0,21.0,1739.7
2022-10-20,US,Salt Lake City,pm25,216,6.0,142.0,33.0,2739.91
2022-10-20,US,Albuquerque,pm25,60,15.0,86.0,27.0,2094.4
2022-10-20,US,San Francisco,pm25,69,17.0,65.0,42.0,1268.71
2022-10-20,US,Salem,pm25,72,40.0,214.0,151.0,15637.2
2022-10-20,US,Madison,pm25,48,23.0,60.0,49.0,937.38
2022-10-20,US,Nashville,pm25,57,5.0,65.0,30.0,1191.41
2022-10-20,US,Tucson,pm25,139,5.0,61.0,21.0,1062.15
2022-10-20,US,Queens,pm25,96,2.0,43.0,18.0,875.47
2022-10-20,US,Tallahassee,pm25,72,17.0,107.0,41.0,2897.45
2022-10-20,US,Fort Worth,pm25,44,1.0,54.0,21.0,1843.72
2022-10-20,RS,Novi Sad,pm25,48,25.0,116.0,56.0,3768.08
2022-10-20,RS,Niš,pm25,48,51.0,153.0,82.0,9259.93
2022-10-20,RS,Belgrade,pm25,168,32.0,108.0,59.0,1393.85
2022-10-20,CY,Nicosia,pm25,24,25.0,80.0,55.0,2639.06
2022-10-20,CY,Limassol,pm25,24,10.0,74.0,46.0,4291.72
2022-10-20,HR,Zagreb,pm25,24,39.0,132.0,53.0,7024.76
2022-10-20,HR,Rijeka,pm25,72,23.0,131.0,36.0,3053.43
2022-10-20,MK,Skopje,pm25,103,13.0,159.0,67.0,15384.6
2022-10-21,GE,Tbilisi,pm25,96,15.0,64.0,32.0,871.3
2022-10-21,HU,Győr,pm25,24,5.0,63.0,34.0,2367.37
2022-10-21,HU,Szeged,pm25,19,38.0,63.0,59.0,643.68
2022-10-21,HU,Pécs,pm25,21,42.0,122.0,55.0,4713.62
2022-10-21,HU,Kecskemét,pm25,24,42.0,82.0,57.0,901.74
2022-10-21,HU,Miskolc,pm25,72,34.0,151.0,76.0,6021.22
2022-10-21,HU,Budapest,pm25,141,13.0,93.0,57.0,3144.48
2022-10-21,JP,Fukuoka,pm25,391,5.0,119.0,42.0,2096.73
2022-10-21,JP,Kanazawa,pm25,204,5.0,53.0,21.0,1102.43
2022-10-21,JP,Kumamoto,pm25,356,5.0,117.0,46.0,3038.69
2022-10-21,JP,Akita,pm25,42,5.0,72.0,21.0,2676.38
2022-10-21,JP,Kochi,pm25,48,5.0,46.0,25.0,1072.66
2022-10-21,JP,Gifu-shi,pm25,142,5.0,89.0,30.0,3977.62
2022-10-21,JP,Kyoto,pm25,572,9.0,74.0,38.0,1972.49
2022-10-21,JP,Hiroshima,pm25,279,5.0,85.0,30.0,1927.78
2022-10-21,JP,Shizuoka,pm25,244,5.0,78.0,25.0,2543.07
2022-10-21,JP,Chiba,pm25,736,5.0,149.0,34.0,3926.54
2022-10-21,JP,Sapporo,pm25,216,5.0,89.0,46.0,1591.16
2022-10-21,JP,Yokohama,pm25,538,1.0,68.0,30.0,2008.74
2022-10-21,JP,Tokyo,pm25,2495,1.0,144.0,38.0,1919.56
2022-10-21,JP,Saitama,pm25,462,9.0,119.0,46.0,2280.85
2022-10-21,JP,Nagasaki,pm25,185,5.0,87.0,42.0,1909.66
2022-10-21,JP,Toyama,pm25,172,5.0,72.0,30.0,2183.87
2022-10-21,JP,Niigata,pm25,209,5.0,42.0,21.0,604.67
2022-10-21,JP,Nara-shi,pm25,190,9.0,72.0,42.0,1918.96
2022-10-21,JP,Okayama,pm25,288,9.0,156.0,46.0,2471.08
2022-10-21,JP,Sendai,pm25,430,5.0,65.0,21.0,1545.94
2022-10-21,JP,Osaka,pm25,1389,5.0,104.0,30.0,1678.34
2022-10-21,JP,Miyazaki,pm25,95,5.0,61.0,30.0,2282.08
2022-10-21,JP,Matsuyama,pm25,145,5.0,78.0,30.0,2674.2
2022-10-21,JP,Wakayama,pm25,279,5.0,99.0,25.0,1778.38
2022-10-21,JP,Takamatsu,pm25,226,5.0,68.0,30.0,2179.09
2022-10-21,JP,Nagoya,pm25,756,1.0,97.0,38.0,2191.84
2022-10-21,JP,Ōita,pm25,235,5.0,163.0,30.0,3090.25
2022-10-21,JP,Kobe,pm25,398,5.0,74.0,25.0,1547.18
2022-10-21,JP,Nagano,pm25,61,5.0,127.0,34.0,7976.13
2022-10-21,JP,Utsunomiya,pm25,403,5.0,114.0,46.0,2992.06
2022-10-21,JP,Kagoshima,pm25,92,13.0,63.0,30.0,1529.08
2022-10-21,SK,Košice,pm25,96,17.0,107.0,55.0,4798.16
2022-10-21,SK,Bratislava,pm25,93,5.0,65.0,38.0,1252.71
2022-10-21,FI,Vantaa,pm25,24,8.0,66.0,22.0,1640.85
2022-10-21,FI,Turku,pm25,24,3.0,68.0,18.0,2993.84
2022-10-21,FI,Helsinki,pm25,120,5.0,82.0,14.0,869.24
2022-10-21,FI,Tampere,pm25,96,5.0,42.0,9.0,508.07
2022-10-21,ET,Addis Ababa,pm25,22,38.0,158.0,61.0,6064.33
2022-10-21,CH,Zürich,pm25,21,2.0,5.0,3.0,7.48
2022-10-21,CO,Bogotá,pm25,323,25.0,171.0,82.0,9325.78
2022-10-21,CO,Medellín,pm25,322,21.0,109.0,68.0,2703.7
2022-10-21,GB,Edinburgh,pm25,271,2.0,160.0,20.0,3893.75
2022-10-21,GB,Norwich,pm25,21,23.0,52.0,38.0,372.57
2022-10-21,GB,Liverpool,pm25,45,23.0,72.0,57.0,1518.82
2022-10-21,GB,Belfast,pm25,80,28.0,63.0,53.0,600.93
2022-10-21,GB,Coventry,pm25,48,12.0,51.0,38.0,1137.44
2022-10-21,GB,Leeds,pm25,42,38.0,76.0,59.0,505.07
2022-10-21,GB,Cardiff,pm25,90,5.0,61.0,46.0,2326.64
2022-10-21,GB,Bristol,pm25,70,13.0,65.0,34.0,1117.61
2022-10-21,GB,London,pm25,542,5.0,65.0,39.0,1338.2
2022-10-21,GB,Birmingham,pm25,36,15.0,56.0,41.0,1311.14
2022-10-21,GB,Sheffield,pm25,86,7.0,78.0,43.0,1208.79
2022-10-21,GB,Newport,pm25,48,13.0,34.0,25.0,277.45
2022-10-21,GB,Leicester,pm25,18,14.0,54.0,42.0,1162.65
2022-10-21,GB,Manchester,pm25,75,12.0,64.0,35.0,2018.42
2022-10-21,GB,Reading,pm25,48,9.0,42.0,25.0,1018.56
2022-10-21,GB,Plymouth,pm25,45,13.0,70.0,34.0,3676.28
2022-10-21,GB,Glasgow,pm25,572,4.0,66.0,18.0,1903.05
2022-10-21,GB,Preston,pm25,41,13.0,65.0,42.0,2981.11
2022-10-21,GB,Swansea,pm25,141,5.0,78.0,38.0,4076.28
2022-10-21,GB,Southend-on-Sea,pm25,48,17.0,48.0,31.0,449.2
2022-10-21,ID,Jakarta,pm25,71,21.0,151.0,65.0,7232.52
2022-10-21,ML,Bamako,pm25,24,80.0,167.0,97.0,7484.56
2022-10-21,NP,Kathmandu,pm25,47,55.0,153.0,99.0,6504.67
2022-10-21,NP,Pokhara,pm25,24,56.0,85.0,62.0,705.92
2022-10-21,NP,Biratnagar,pm25,24,60.0,103.0,74.0,1498.53
2022-10-21,AU,Sydney,pm25,130,1.0,54.0,14.0,767.3
2022-10-21,AU,Newcastle,pm25,127,1.0,40.0,10.0,642.8
2022-10-21,AU,Launceston,pm25,127,5.0,42.0,9.0,345.41
2022-10-21,AU,Hobart,pm25,48,5.0,25.0,9.0,315.46
2022-10-21,AU,Darwin,pm25,67,1.0,40.0,18.0,1093.96
2022-10-21,AU,Melbourne,pm25,142,3.0,60.0,27.0,2334.03
2022-10-21,AU,Canberra,pm25,41,1.0,73.0,21.0,2681.06
2022-10-21,AU,Adelaide,pm25,93,5.0,58.0,34.0,1293.82
2022-10-21,AU,Brisbane,pm25,193,3.0,53.0,34.0,1998.07
2022-10-21,AU,Perth,pm25,76,2.0,18.0,5.0,261.12
2022-10-21,AU,Wollongong,pm25,34,1.0,57.0,18.0,2183.72
2022-10-21,CI,Abidjan,pm25,23,5.0,57.0,42.0,2995.34
2022-10-21,GH,Accra,pm25,24,34.0,87.0,55.0,2445.14
2022-10-21,IS,Reykjavík,pm25,96,2.0,52.0,14.0,1185.92
2022-10-21,KG,Bishkek,pm25,24,55.0,151.0,80.0,5966.94
2022-10-21,NL,Utrecht,pm25,48,15.0,61.0,40.0,1148.36
2022-10-21,NL,Nijmegen,pm25,48,2.0,56.0,31.0,1415.53
2022-10-21,NL,Haarlem,pm25,142,4.0,115.0,35.0,2528.02
2022-10-21,NL,Eindhoven,pm25,24,19.0,63.0,46.0,2042.54
2022-10-21,NL,Rotterdam,pm25,192,13.0,58.0,30.0,1350.57
2022-10-21,NL,Amsterdam,pm25,262,3.0,72.0,36.0,1850.19
2022-10-21,NL,Dordrecht,pm25,24,13.0,75.0,30.0,2154.33
2022-10-21,NL,Breda,pm25,46,2.0,54.0,27.0,1450.88
2022-10-21,NL,Groningen,pm25,48,21.0,58.0,44.0,1003.81
2022-10-21,NL,Maastricht,pm25,93,5.0,82.0,21.0,3529.38
2022-10-21,NL,The Hague,pm25,72,14.0,56.0,30.0,1225.28
2022-10-21,PT,Lisbon,pm25,46,12.0,39.0,16.0,478.85
2022-10-21,PT,Funchal,pm25,53,1.0,45.0,11.0,1161.67
2022-10-21,CA,Hamilton,pm25,89,13.0,76.0,38.0,2391.11
2022-10-21,CA,Calgary,pm25,92,1.0,52.0,21.0,1452.23
2022-10-21,CA,Winnipeg,pm25,24,43.0,76.0,49.0,935.63
2022-10-21,CA,Halifax,pm25,46,18.0,30.0,23.0,91.14
2022-10-21,CA,Kitchener,pm25,48,13.0,80.0,38.0,2310.42
2022-10-21,CA,Edmonton,pm25,124,1.0,56.0,31.0,1299.55
2022-10-21,CA,Surrey,pm25,92,2.0,32.0,8.0,357.02
2022-10-21,CA,Mississauga,pm25,71,25.0,82.0,42.0,918.46
2022-10-21,CA,Québec,pm25,175,12.0,83.0,29.0,1076.13
2022-10-21,CA,Vancouver,pm25,152,2.0,37.0,7.0,419.13
2022-10-21,CA,Victoria,pm25,25,5.0,50.0,21.0,1179.07
2022-10-21,CA,Montréal,pm25,397,15.0,58.0,29.0,473.2
2022-10-21,CA,Toronto,pm25,144,13.0,68.0,38.0,1937.76
2022-10-21,CA,Ottawa,pm25,62,21.0,65.0,33.0,1112.19
2022-10-21,CA,London,pm25,48,9.0,59.0,34.0,2601.48
2022-10-21,US,Oklahoma City,pm25,96,18.0,58.0,29.0,995.87
2022-10-21,US,Raleigh,pm25,71,5.0,61.0,34.0,1735.8
2022-10-21,US,Memphis,pm25,72,29.0,56.0,41.0,432.94
2022-10-21,US,Jackson,pm25,62,15.0,58.0,40.0,1447.02
2022-10-21,US,Boston,pm25,114,13.0,78.0,34.0,1043.35
2022-10-21,US,Richmond,pm25,96,23.0,53.0,32.0,700.74
2022-10-21,US,Portland,pm25,192,5.0,46.0,18.0,582.77
2022-10-21,US,Boise,pm25,48,5.0,68.0,36.0,2356.91
2022-10-21,US,Austin,pm25,40,5.0,63.0,25.0,3209.99
2022-10-21,US,Honolulu,pm25,40,5.0,38.0,13.0,509.74
2022-10-21,US,Fresno,pm25,36,23.0,153.0,45.0,4473.36
2022-10-21,US,Milwaukee,pm25,144,38.0,111.0,58.0,1571.19
2022-10-21,US,Hartford,pm25,48,23.0,67.0,36.0,1267.34
2022-10-21,US,Washington D.C.,pm25,119,5.0,55.0,29.0,943.22
2022-10-21,US,Chicago,pm25,238,18.0,73.0,48.0,1103.19
2022-10-21,US,Houston,pm25,95,3.0,62.0,25.0,1632.53
2022-10-21,US,Indianapolis,pm25,143,9.0,94.0,44.0,1528.29
2022-10-21,US,Atlanta,pm25,24,24.0,64.0,40.0,2089.78
2022-10-21,US,Charlotte,pm25,58,17.0,76.0,42.0,2267.21
2022-10-21,US,Sacramento,pm25,70,17.0,72.0,46.0,1553.54
2022-10-21,US,Oakland,pm25,120,17.0,76.0,55.0,1400.56
2022-10-21,US,Providence,pm25,71,5.0,61.0,25.0,2569.64
2022-10-21,US,Staten Island,pm25,86,5.0,96.0,38.0,2788.75
2022-10-21,US,Brooklyn,pm25,144,10.0,66.0,39.0,1412.4
2022-10-21,US,Springfield,pm25,72,29.0,82.0,43.0,1756.05
2022-10-21,US,The Bronx,pm25,48,14.0,55.0,38.0,1178.99
2022-10-21,US,San Jose,pm25,96,34.0,89.0,57.0,999.77
2022-10-21,US,Los Angeles,pm25,48,29.0,76.0,42.0,1351.84
2022-10-21,US,Detroit,pm25,166,37.0,86.0,54.0,794.01
2022-10-21,US,Little Rock,pm25,46,31.0,76.0,50.0,1198.07
2022-10-21,US,Baltimore,pm25,46,23.0,65.0,34.0,1310.5
2022-10-21,US,Phoenix,pm25,192,3.0,68.0,23.0,1981.38
2022-10-21,US,Omaha,pm25,47,25.0,82.0,50.0,1861.25
2022-10-21,US,El Paso,pm25,146,5.0,107.0,33.0,6648.9
2022-10-21,US,Dallas,pm25,9,53.0,76.0,61.0,537.5
2022-10-21,US,Seattle,pm25,261,7.0,160.0,30.0,4934.71
2022-10-21,US,Manhattan,pm25,72,5.0,77.0,37.0,1933.77
2022-10-21,US,Miami,pm25,96,17.0,39.0,23.0,138.0
2022-10-21,US,Jacksonville,pm25,144,24.0,107.0,46.0,2341.07
2022-10-21,US,San Antonio,pm25,87,1.0,58.0,23.0,2169.95
2022-10-21,US,Philadelphia,pm25,96,12.0,127.0,35.0,2150.07
2022-10-21,US,San Diego,pm25,24,35.0,78.0,65.0,2700.85
2022-10-21,US,Columbus,pm25,48,13.0,52.0,33.0,902.27
2022-10-21,US,Saint Paul,pm25,144,25.0,147.0,74.0,5318.95
2022-10-21,US,Denver,pm25,138,5.0,55.0,17.0,937.55
2022-10-21,US,Salt Lake City,pm25,215,8.0,58.0,24.0,1130.85
2022-10-21,US,Albuquerque,pm25,72,13.0,87.0,18.0,2416.33
2022-10-21,US,San Francisco,pm25,72,21.0,107.0,50.0,3903.0
2022-10-21,US,Salem,pm25,72,6.0,70.0,24.0,2217.46
2022-10-21,US,Madison,pm25,48,51.0,141.0,62.0,2538.01
2022-10-21,US,Nashville,pm25,49,29.0,88.0,47.0,1461.6
2022-10-21,US,Tucson,pm25,149,5.0,61.0,21.0,1042.34
2022-10-21,US,Queens,pm25,96,11.0,66.0,37.0,1353.73
2022-10-21,US,Tallahassee,pm25,72,22.0,101.0,51.0,1915.56
2022-10-21,US,Fort Worth,pm25,40,4.0,65.0,20.0,2944.61
2022-10-21,RS,Novi Sad,pm25,48,28.0,114.0,58.0,4302.19
2022-10-21,RS,Niš,pm25,48,27.0,157.0,85.0,10258.0
2022-10-21,RS,Belgrade,pm25,168,32.0,99.0,67.0,1863.81
2022-10-21,CY,Nicosia,pm25,24,62.0,110.0,74.0,1424.33
2022-10-21,CY,Limassol,pm25,24,51.0,83.0,65.0,849.11
2022-10-21,HR,Zagreb,pm25,24,53.0,111.0,82.0,2500.8
2022-10-21,HR,Rijeka,pm25,72,22.0,67.0,29.0,678.94
2022-10-21,MK,Skopje,pm25,120,22.0,167.0,75.0,8670.02
2022-10-22,GE,Tbilisi,pm25,96,15.0,45.0,26.0,617.76
2022-10-22,HU,Győr,pm25,24,55.0,104.0,74.0,1513.32
2022-10-22,HU,Szeged,pm25,23,53.0,124.0,65.0,3162.69
2022-10-22,HU,Pécs,pm25,24,13.0,65.0,34.0,2220.27
2022-10-22,HU,Kecskemét,pm25,23,42.0,82.0,76.0,1420.55
2022-10-22,HU,Miskolc,pm25,71,55.0,154.0,76.0,4133.28
2022-10-22,HU,Budapest,pm25,141,46.0,89.0,65.0,900.84
2022-10-22,JP,Fukuoka,pm25,398,5.0,117.0,53.0,1207.8
2022-10-22,JP,Kanazawa,pm25,224,5.0,63.0,30.0,1801.09
2022-10-22,JP,Kumamoto,pm25,352,5.0,127.0,42.0,3147.66
2022-10-22,JP,Akita,pm25,46,5.0,76.0,38.0,2565.62
2022-10-22,JP,Kochi,pm25,48,13.0,61.0,30.0,1050.74
2022-10-22,JP,Gifu-shi,pm25,183,5.0,202.0,46.0,4174.41
2022-10-22,JP,Kyoto,pm25,571,17.0,87.0,50.0,1269.75
2022-10-22,JP,Hiroshima,pm25,314,5.0,91.0,42.0,2535.4
2022-10-22,JP,Shizuoka,pm25,249,5.0,74.0,34.0,2167.72
2022-10-22,JP,Chiba,pm25,778,5.0,134.0,57.0,5389.26
2022-10-22,JP,Sapporo,pm25,211,9.0,78.0,38.0,2629.69
2022-10-22,JP,Yokohama,pm25,543,1.0,80.0,46.0,3589.33
2022-10-22,JP,Tokyo,pm25,2566,9.0,168.0,59.0,1568.73
2022-10-22,JP,Saitama,pm25,480,30.0,124.0,61.0,2701.39
2022-10-22,JP,Nagasaki,pm25,190,13.0,74.0,46.0,1284.1
2022-10-22,JP,Toyama,pm25,187,5.0,78.0,42.0,2091.36
2022-10-22,JP,Niigata,pm25,216,5.0,59.0,38.0,911.58
2022-10-22,JP,Nara-shi,pm25,187,17.0,72.0,53.0,892.7
2022-10-22,JP,Okayama,pm25,285,30.0,99.0,57.0,1005.41
2022-10-22,JP,Sendai,pm25,452,5.0,68.0,38.0,1710.73
2022-10-22,JP,Osaka,pm25,1470,5.0,91.0,38.0,1767.76
2022-10-22,JP,Miyazaki,pm25,98,5.0,82.0,25.0,2969.54
2022-10-22,JP,Matsuyama,pm25,157,5.0,72.0,30.0,2402.31
2022-10-22,JP,Wakayama,pm25,282,5.0,119.0,25.0,1724.3
2022-10-22,JP,Takamatsu,pm25,237,9.0,80.0,38.0,1849.74
2022-10-22,JP,Nagoya,pm25,767,1.0,114.0,53.0,1474.41
2022-10-22,JP,Ōita,pm25,253,5.0,89.0,38.0,2762.12
2022-10-22,JP,Kobe,pm25,398,5.0,97.0,30.0,1771.91
2022-10-22,JP,Nagano,pm25,72,9.0,102.0,59.0,5539.14
2022-10-22,JP,Utsunomiya,pm25,400,17.0,152.0,55.0,5862.34
2022-10-22,JP,Kagoshima,pm25,96,5.0,68.0,34.0,2117.05
2022-10-22,SK,Košice,pm25,96,46.0,99.0,70.0,2556.86
2022-10-22,SK,Bratislava,pm25,91,9.0,99.0,59.0,1446.87
2022-10-22,FI,Vantaa,pm25,24,4.0,89.0,22.0,4042.59
2022-10-22,FI,Turku,pm25,24,12.0,33.0,17.0,185.49
2022-10-22,FI,Helsinki,pm25,120,5.0,68.0,23.0,1064.68
2022-10-22,FI,Tampere,pm25,95,6.0,64.0,14.0,543.07
2022-10-22,ET,Addis Ababa,pm25,24,55.0,142.0,65.0,5104.06
2022-10-22,CH,Zürich,pm25,19,1.0,5.0,1.0,12.87
2022-10-22,CO,Bogotá,pm25,336,15.0,161.0,72.0,7986.58
2022-10-22,CO,Medellín,pm25,325,34.0,109.0,70.0,1908.39
2022-10-22,GB,Edinburgh,pm25,257,2.0,98.0,25.0,3340.97
2022-10-22,GB,Norwich,pm25,19,21.0,34.0,28.0,210.0
2022-10-22,GB,Liverpool,pm25,40,17.0,36.0,22.0,299.39
2022-10-22,GB,Belfast,pm25,53,5.0,53.0,38.0,1204.85
2022-10-22,GB,Coventry,pm25,42,15.0,165.0,21.0,7465.12
2022-10-22,GB,Leeds,pm25,43,7.0,61.0,46.0,2620.1
2022-10-22,GB,Cardiff,pm25,93,13.0,74.0,50.0,2096.51
2022-10-22,GB,Bristol,pm25,70,13.0,70.0,34.0,1277.28
2022-10-22,GB,London,pm25,534,1.0,77.0,30.0,1729.14
2022-10-22,GB,Birmingham,pm25,45,17.0,33.0,24.0,148.16
2022-10-22,GB,Sheffield,pm25,90,9.0,73.0,25.0,1809.94
2022-10-22,GB,Newport,pm25,47,17.0,34.0,28.0,188.1
2022-10-22,GB,Leicester,pm25,21,15.0,30.0,25.0,160.33
2022-10-22,GB,Manchester,pm25,79,8.0,69.0,31.0,2476.17
2022-10-22,GB,Reading,pm25,47,5.0,30.0,17.0,438.31
2022-10-22,GB,Plymouth,pm25,41,9.0,55.0,25.0,2254.11
2022-10-22,GB,Glasgow,pm25,572,3.0,64.0,37.0,2717.92
2022-10-22,GB,Preston,pm25,45,9.0,43.0,23.0,464.82
2022-10-22,GB,Swansea,pm25,144,5.0,76.0,38.0,3342.62
2022-10-22,GB,Southend-on-Sea,pm25,45,13.0,47.0,27.0,495.37
2022-10-22,ID,Jakarta,pm25,68,63.0,165.0,96.0,7326.1
2022-10-22,ML,Bamako,pm25,24,80.0,154.0,104.0,5026.09
2022-10-22,NP,Kathmandu,pm25,48,21.0,152.0,89.0,8455.59
2022-10-22,NP,Pokhara,pm25,23,59.0,71.0,64.0,221.78
2022-10-22,NP,Biratnagar,pm25,24,25.0,86.0,52.0,3675.36
2022-10-22,AU,Sydney,pm25,130,3.0,58.0,15.0,707.28
2022-10-22,AU,Newcastle,pm25,125,2.0,52.0,16.0,1115.98
2022-10-22,AU,Launceston,pm25,82,5.0,55.0,5.0,414.58
2022-10-22,AU,Hobart,pm25,45,5.0,13.0,5.0,103.92
2022-10-22,AU,Darwin,pm25,70,4.0,39.0,18.0,810.14
2022-10-22,AU,Melbourne,pm25,150,1.0,71.0,19.0,2032.28
2022-10-22,AU,Canberra,pm25,50,1.0,65.0,18.0,2138.11
2022-10-22,AU,Adelaide,pm25,96,5.0,62.0,26.0,1386.58
2022-10-22,AU,Brisbane,pm25,195,1.0,69.0,34.0,2298.11
2022-10-22,AU,Perth,pm25,87,2.0,18.0,6.0,239.39
2022-10-22,AU,Wollongong,pm25,24,7.0,69.0,17.0,3037.1
2022-10-22,CI,Abidjan,pm25,24,25.0,109.0,50.0,4527.81
2022-10-22,GH,Accra,pm25,24,38.0,82.0,57.0,1407.37
2022-10-22,IS,Reykjavík,pm25,96,5.0,37.0,13.0,383.6
2022-10-22,KG,Bishkek,pm25,24,42.0,95.0,57.0,2244.18
2022-10-22,NL,Utrecht,pm25,48,21.0,75.0,38.0,1657.83
2022-10-22,NL,Nijmegen,pm25,48,1.0,62.0,26.0,2088.87
2022-10-22,NL,Haarlem,pm25,143,7.0,73.0,29.0,1406.69
2022-10-22,NL,Eindhoven,pm25,24,19.0,75.0,39.0,1983.41
2022-10-22,NL,Rotterdam,pm25,192,11.0,66.0,28.0,942.66
2022-10-22,NL,Amsterdam,pm25,262,2.0,73.0,25.0,1427.49
2022-10-22,NL,Dordrecht,pm25,24,17.0,53.0,34.0,919.55
2022-10-22,NL,Breda,pm25,47,7.0,56.0,24.0,1068.82
2022-10-22,NL,Groningen,pm25,47,2.0,62.0,28.0,1605.57
2022-10-22,NL,Maastricht,pm25,96,5.0,85.0,25.0,4003.55
2022-10-22,NL,The Hague,pm25,72,1.0,64.0,27.0,1479.65
2022-10-22,PT,Lisbon,pm25,22,10.0,43.0,17.0,947.12
2022-10-22,PT,Funchal,pm25,40,1.0,41.0,14.0,1727.59
2022-10-22,CA,Hamilton,pm25,90,25.0,74.0,42.0,1352.04
2022-10-22,CA,Calgary,pm25,86,1.0,52.0,28.0,1722.14
2022-10-22,CA,Winnipeg,pm25,24,39.0,53.0,45.0,168.7
2022-10-22,CA,Halifax,pm25,46,14.0,30.0,18.0,158.8
2022-10-22,CA,Kitchener,pm25,40,17.0,72.0,42.0,3477.85
2022-10-22,CA,Edmonton,pm25,122,2.0,80.0,28.0,2851.93
2022-10-22,CA,Surrey,pm25,96,7.0,52.0,24.0,1146.12
2022-10-22,CA,Mississauga,pm25,68,17.0,107.0,38.0,2615.38
2022-10-22,CA,Québec,pm25,184,20.0,105.0,38.0,2186.03
2022-10-22,CA,Vancouver,pm25,168,3.0,64.0,20.0,2247.31
2022-10-22,CA,Victoria,pm25,38,5.0,76.0,13.0,2891.61
2022-10-22,CA,Montréal,pm25,383,21.0,96.0,35.0,1023.27
2022-10-22,CA,Toronto,pm25,132,17.0,87.0,38.0,2272.12
2022-10-22,CA,Ottawa,pm25,64,27.0,61.0,33.0,779.64
2022-10-22,CA,London,pm25,46,25.0,59.0,42.0,966.51
2022-10-22,US,Oklahoma City,pm25,96,18.0,57.0,24.0,274.78
2022-10-22,US,Raleigh,pm25,72,9.0,85.0,42.0,2470.66
2022-10-22,US,Memphis,pm25,47,27.0,52.0,36.0,389.31
2022-10-22,US,Jackson,pm25,72,11.0,69.0,41.0,1303.66
2022-10-22,US,Boston,pm25,142,25.0,114.0,42.0,1959.0
2022-10-22,US,Richmond,pm25,96,28.0,71.0,43.0,1363.51
2022-10-22,US,Portland,pm25,192,5.0,55.0,10.0,735.2
2022-10-22,US,Boise,pm25,43,4.0,42.0,17.0,756.61
2022-10-22,US,Austin,pm25,38,5.0,59.0,25.0,2447.83
2022-10-22,US,Honolulu,pm25,47,5.0,38.0,17.0,605.16
2022-10-22,US,Fresno,pm25,46,2.0,54.0,22.0,1722.8
2022-10-22,US,Milwaukee,pm25,144,38.0,101.0,60.0,1554.41
2022-10-22,US,Hartford,pm25,48,26.0,78.0,50.0,1917.87
2022-10-22,US,Washington D.C.,pm25,120,13.0,71.0,41.0,1466.35
2022-10-22,US,Chicago,pm25,220,20.0,76.0,53.0,615.71
2022-10-22,US,Houston,pm25,92,1.0,105.0,19.0,1685.3
2022-10-22,US,Indianapolis,pm25,144,30.0,90.0,55.0,799.44
2022-10-22,US,Atlanta,pm25,24,38.0,65.0,55.0,893.62
2022-10-22,US,Charlotte,pm25,48,27.0,85.0,48.0,3229.36
2022-10-22,US,Sacramento,pm25,66,1.0,53.0,13.0,1559.97
2022-10-22,US,Oakland,pm25,109,5.0,50.0,25.0,1385.21
2022-10-22,US,Providence,pm25,70,5.0,85.0,38.0,3895.81
2022-10-22,US,Staten Island,pm25,87,5.0,77.0,50.0,3478.89
2022-10-22,US,Brooklyn,pm25,144,23.0,78.0,51.0,1286.69
2022-10-22,US,Springfield,pm25,72,31.0,109.0,49.0,3748.82
2022-10-22,US,The Bronx,pm25,48,32.0,60.0,44.0,721.91
2022-10-22,US,San Jose,pm25,96,5.0,129.0,30.0,3774.16
2022-10-22,US,Los Angeles,pm25,48,27.0,65.0,45.0,815.42
2022-10-22,US,Detroit,pm25,168,36.0,90.0,54.0,599.82
2022-10-22,US,Baltimore,pm25,48,23.0,65.0,46.0,1387.87
2022-10-22,US,Phoenix,pm25,189,1.0,65.0,27.0,2657.32
2022-10-22,US,Omaha,pm25,48,17.0,68.0,38.0,1694.73
2022-10-22,US,El Paso,pm25,168,5.0,86.0,25.0,3416.44
2022-10-22,US,Seattle,pm25,259,4.0,59.0,21.0,1176.71
2022-10-22,US,Manhattan,pm25,72,20.0,100.0,45.0,1840.66
2022-10-22,US,Miami,pm25,94,15.0,46.0,22.0,281.26
2022-10-22,US,Jacksonville,pm25,144,23.0,160.0,47.0,2901.85
2022-10-22,US,San Antonio,pm25,89,2.0,58.0,26.0,1923.14
2022-10-22,US,Philadelphia,pm25,96,1.0,83.0,50.0,2620.63
2022-10-22,US,San Diego,pm25,24,28.0,58.0,46.0,494.33
2022-10-22,US,Columbus,pm25,48,12.0,70.0,36.0,1517.23
2022-10-22,US,Saint Paul,pm25,144,42.0,131.0,74.0,3254.37
2022-10-22,US,Denver,pm25,153,5.0,55.0,21.0,1216.4
2022-10-22,US,Salt Lake City,pm25,216,3.0,74.0,25.0,2264.65
2022-10-22,US,Albuquerque,pm25,72,15.0,57.0,20.0,639.71
2022-10-22,US,San Francisco,pm25,63,5.0,61.0,21.0,1984.47
2022-10-22,US,Salem,pm25,72,6.0,23.0,9.0,157.59
2022-10-22,US,Madison,pm25,48,36.0,68.0,52.0,670.85
2022-10-22,US,Nashville,pm25,48,36.0,68.0,55.0,505.04
2022-10-22,US,Tucson,pm25,166,5.0,50.0,21.0,640.43
2022-10-22,US,Queens,pm25,96,21.0,79.0,51.0,1594.0
2022-10-22,US,Tallahassee,pm25,72,28.0,89.0,49.0,1636.87
2022-10-22,US,Fort Worth,pm25,48,2.0,107.0,18.0,3512.34
2022-10-22,RS,Novi Sad,pm25,48,25.0,111.0,61.0,4620.17
2022-10-22,RS,Niš,pm25,48,35.0,187.0,82.0,19288.4
2022-10-22,RS,Belgrade,pm25,168,23.0,163.0,70.0,7250.69
2022-10-22,CY,Nicosia,pm25,24,34.0,108.0,62.0,3423.89
2022-10-22,CY,Limassol,pm25,24,33.0,66.0,46.0,969.98
2022-10-22,HR,Zagreb,pm25,24,22.0,66.0,40.0,1758.53
2022-10-22,HR,Rijeka,pm25,66,21.0,62.0,38.0,1560.3
2022-10-22,MK,Skopje,pm25,119,51.0,170.0,91.0,10719.3
2022-10-23,GE,Tbilisi,pm25,96,29.0,83.0,48.0,2135.07
2022-10-23,HU,Győr,pm25,20,17.0,70.0,38.0,2978.82
2022-10-23,HU,Szeged,pm25,24,21.0,68.0,34.0,1986.96
2022-10-23,HU,Pécs,pm25,24,21.0,91.0,34.0,5173.46
2022-10-23,HU,Kecskemét,pm25,24,13.0,70.0,57.0,2765.8
2022-10-23,HU,Miskolc,pm25,72,59.0,164.0,87.0,6025.44
2022-10-23,HU,Budapest,pm25,142,9.0,149.0,57.0,3379.6
2022-10-23,JP,Fukuoka,pm25,404,13.0,112.0,55.0,1647.75
2022-10-23,JP,Kanazawa,pm25,220,5.0,65.0,34.0,2169.89
2022-10-23,JP,Kumamoto,pm25,338,5.0,132.0,57.0,2078.36
2022-10-23,JP,Akita,pm25,41,5.0,76.0,34.0,2786.02
2022-10-23,JP,Kochi,pm25,48,17.0,63.0,53.0,1515.04
2022-10-23,JP,Gifu-shi,pm25,183,5.0,117.0,53.0,3042.88
2022-10-23,JP,Kyoto,pm25,570,9.0,89.0,55.0,1674.71
2022-10-23,JP,Hiroshima,pm25,320,5.0,85.0,50.0,1985.96
2022-10-23,JP,Shizuoka,pm25,257,9.0,87.0,38.0,2534.97
2022-10-23,JP,Chiba,pm25,813,5.0,171.0,68.0,4148.19
2022-10-23,JP,Sapporo,pm25,172,5.0,68.0,13.0,2164.33
2022-10-23,JP,Yokohama,pm25,547,1.0,112.0,55.0,2884.3
2022-10-23,JP,Tokyo,pm25,2576,5.0,174.0,57.0,2254.16
2022-10-23,JP,Saitama,pm25,480,5.0,137.0,57.0,4207.37
2022-10-23,JP,Nagasaki,pm25,190,13.0,74.0,50.0,1347.68
2022-10-23,JP,Toyama,pm25,187,9.0,134.0,42.0,3175.55
2022-10-23,JP,Niigata,pm25,213,9.0,61.0,34.0,1433.97
2022-10-23,JP,Nara-shi,pm25,190,25.0,93.0,55.0,1382.17
2022-10-23,JP,Okayama,pm25,287,17.0,97.0,53.0,1688.62
2022-10-23,JP,Sendai,pm25,432,5.0,63.0,30.0,1794.89
2022-10-23,JP,Osaka,pm25,1470,5.0,91.0,50.0,1716.99
2022-10-23,JP,Miyazaki,pm25,110,5.0,129.0,50.0,5504.49
2022-10-23,JP,Matsuyama,pm25,165,5.0,76.0,50.0,1761.25
2022-10-23,JP,Wakayama,pm25,281,5.0,87.0,38.0,1861.75
2022-10-23,JP,Takamatsu,pm25,240,5.0,74.0,46.0,1704.96
2022-10-23,JP,Nagoya,pm25,764,17.0,99.0,57.0,1089.32
2022-10-23,JP,Ōita,pm25,259,5.0,134.0,57.0,2533.84
2022-10-23,JP,Kobe,pm25,404,5.0,114.0,46.0,1525.21
2022-10-23,JP,Nagano,pm25,63,9.0,87.0,59.0,4858.67
2022-10-23,JP,Utsunomiya,pm25,381,5.0,102.0,50.0,3227.73
2022-10-23,JP,Kagoshima,pm25,95,17.0,78.0,53.0,1406.94
2022-10-23,SK,Košice,pm25,96,30.0,147.0,74.0,5165.36
2022-10-23,SK,Bratislava,pm25,96,5.0,80.0,53.0,2587.14
2022-10-23,FI,Vantaa,pm25,24,5.0,59.0,21.0,2571.14
2022-10-23,FI,Turku,pm25,24,6.0,28.0,19.0,596.23
2022-10-23,FI,Helsinki,pm25,120,6.0,52.0,22.0,1783.08
2022-10-23,FI,Tampere,pm25,96,3.0,32.0,10.0,576.56
2022-10-23,ET,Addis Ababa,pm25,24,34.0,122.0,57.0,2690.85
2022-10-23,CH,Zürich,pm25,23,1.0,5.0,3.0,9.09
2022-10-23,CO,Bogotá,pm25,330,5.0,134.0,57.0,4567.43
2022-10-23,CO,Medellín,pm25,274,21.0,76.0,55.0,1434.76
2022-10-23,GB,Edinburgh,pm25,257,6.0,47.0,17.0,632.87
2022-10-23,GB,Norwich,pm25,19,21.0,41.0,30.0,246.9
2022-10-23,GB,Liverpool,pm25,39,17.0,54.0,25.0,1100.42
2022-10-23,GB,Belfast,pm25,59,10.0,51.0,32.0,685.8
2022-10-23,GB,Coventry,pm25,44,13.0,46.0,23.0,833.55
2022-10-23,GB,Leeds,pm25,39,30.0,74.0,53.0,788.39
2022-10-23,GB,Cardiff,pm25,93,5.0,68.0,42.0,2868.18
2022-10-23,GB,Bristol,pm25,71,13.0,65.0,25.0,1488.47
2022-10-23,GB,London,pm25,531,3.0,60.0,30.0,1137.18
2022-10-23,GB,Birmingham,pm25,30,10.0,45.0,30.0,846.95
2022-10-23,GB,Sheffield,pm25,77,11.0,70.0,38.0,1423.61
2022-10-23,GB,Newport,pm25,47,5.0,34.0,17.0,672.88
2022-10-23,GB,Leicester,pm25,17,17.0,47.0,25.0,1061.4
2022-10-23,GB,Manchester,pm25,76,9.0,63.0,30.0,1396.81
2022-10-23,GB,Reading,pm25,46,5.0,25.0,13.0,348.14
2022-10-23,GB,Plymouth,pm25,34,9.0,38.0,30.0,1125.92
2022-10-23,GB,Glasgow,pm25,572,4.0,51.0,17.0,598.23
2022-10-23,GB,Preston,pm25,42,6.0,94.0,23.0,2853.76
2022-10-23,GB,Swansea,pm25,137,5.0,74.0,34.0,3924.99
2022-10-23,GB,Southend-on-Sea,pm25,47,13.0,32.0,25.0,108.94
2022-10-23,ID,Jakarta,pm25,69,13.0,107.0,63.0,5396.67
2022-10-23,ML,Bamako,pm25,24,59.0,171.0,112.0,8964.06
2022-10-23,NP,Kathmandu,pm25,47,5.0,149.0,87.0,10793.3
2022-10-23,NP,Pokhara,pm25,24,51.0,71.0,64.0,345.8
2022-10-23,NP,Biratnagar,pm25,35,28.0,254.0,49.0,31566.5
2022-10-23,AU,Sydney,pm25,133,1.0,34.0,15.0,501.61
2022-10-23,AU,Newcastle,pm25,133,1.0,50.0,15.0,1291.76
2022-10-23,AU,Launceston,pm25,87,5.0,13.0,9.0,67.62
2022-10-23,AU,Hobart,pm25,26,9.0,17.0,9.0,53.42
2022-10-23,AU,Darwin,pm25,71,2.0,53.0,27.0,1450.17
2022-10-23,AU,Melbourne,pm25,155,1.0,69.0,20.0,1520.7
2022-10-23,AU,Canberra,pm25,47,1.0,76.0,11.0,3140.14
2022-10-23,AU,Adelaide,pm25,66,1.0,76.0,17.0,1934.48
2022-10-23,AU,Brisbane,pm25,181,1.0,62.0,11.0,1611.8
2022-10-23,AU,Perth,pm25,90,2.0,29.0,7.0,282.97
2022-10-23,AU,Wollongong,pm25,24,2.0,59.0,15.0,1673.32
2022-10-23,CI,Abidjan,pm25,24,13.0,63.0,38.0,1936.52
2022-10-23,GH,Accra,pm25,24,21.0,95.0,42.0,4910.85
2022-10-23,IQ,Baghdad,pm25,11,144.0,181.0,175.0,1698.18
2022-10-23,IS,Reykjavík,pm25,96,1.0,14.0,7.0,87.77
2022-10-23,KG,Bishkek,pm25,24,53.0,169.0,82.0,14325.8
2022-10-23,NL,Utrecht,pm25,48,27.0,72.0,42.0,1529.11
2022-10-23,NL,Nijmegen,pm25,48,10.0,55.0,29.0,1158.99
2022-10-23,NL,Haarlem,pm25,143,3.0,73.0,34.0,2741.45
2022-10-23,NL,Eindhoven,pm25,24,14.0,71.0,41.0,1828.41
2022-10-23,NL,Rotterdam,pm25,192,8.0,54.0,32.0,998.18
2022-10-23,NL,Amsterdam,pm25,260,4.0,75.0,31.0,2033.07
2022-10-23,NL,Dordrecht,pm25,24,17.0,61.0,34.0,1923.75
2022-10-23,NL,Breda,pm25,46,4.0,58.0,32.0,2670.8
2022-10-23,NL,Groningen,pm25,48,10.0,61.0,34.0,1531.98
2022-10-23,NL,Maastricht,pm25,95,9.0,89.0,30.0,3441.64
2022-10-23,NL,The Hague,pm25,72,4.0,61.0,33.0,1675.7
2022-10-23,PT,Lisbon,pm25,33,10.0,32.0,18.0,311.27
2022-10-23,PT,Funchal,pm25,63,1.0,29.0,17.0,921.92
2022-10-23,CA,Hamilton,pm25,96,42.0,104.0,59.0,1353.1
2022-10-23,CA,Calgary,pm25,92,10.0,45.0,33.0,732.73
2022-10-23,CA,Winnipeg,pm25,23,27.0,38.0,34.0,85.42
2022-10-23,CA,Halifax,pm25,43,12.0,52.0,24.0,1032.16
2022-10-23,CA,Kitchener,pm25,46,30.0,70.0,50.0,1111.54
2022-10-23,CA,Edmonton,pm25,135,1.0,62.0,35.0,2605.62
2022-10-23,CA,Surrey,pm25,96,5.0,57.0,24.0,1542.89
2022-10-23,CA,Mississauga,pm25,72,25.0,78.0,50.0,1085.48
2022-10-23,CA,Québec,pm25,154,33.0,117.0,52.0,1913.35
2022-10-23,CA,Vancouver,pm25,168,5.0,60.0,20.0,1878.61
2022-10-23,CA,Victoria,pm25,48,5.0,53.0,25.0,1438.87
2022-10-23,CA,Montréal,pm25,436,24.0,167.0,52.0,4081.2
2022-10-23,CA,Toronto,pm25,138,25.0,87.0,46.0,1511.4
2022-10-23,CA,Ottawa,pm25,65,34.0,73.0,53.0,1129.04
2022-10-23,CA,London,pm25,43,34.0,85.0,50.0,1406.58
2022-10-23,US,Oklahoma City,pm25,96,17.0,49.0,28.0,360.1
2022-10-23,US,Raleigh,pm25,71,9.0,55.0,34.0,1577.88
2022-10-23,US,Memphis,pm25,48,19.0,56.0,37.0,1883.93
2022-10-23,US,Jackson,pm25,72,10.0,51.0,34.0,1138.65
2022-10-23,US,Boston,pm25,143,21.0,112.0,53.0,3210.82
2022-10-23,US,Richmond,pm25,96,22.0,74.0,35.0,1741.39
2022-10-23,US,Portland,pm25,189,10.0,61.0,18.0,1110.66
2022-10-23,US,Boise,pm25,47,2.0,46.0,25.0,741.55
2022-10-23,US,Austin,pm25,41,5.0,53.0,21.0,1863.78
2022-10-23,US,Honolulu,pm25,37,5.0,38.0,17.0,489.41
2022-10-23,US,Fresno,pm25,43,2.0,56.0,15.0,1136.14
2022-10-23,US,Milwaukee,pm25,144,35.0,60.0,49.0,361.92
2022-10-23,US,Hartford,pm25,48,36.0,73.0,52.0,850.42
2022-10-23,US,Washington D.C.,pm25,106,5.0,76.0,36.0,3274.42
2022-10-23,US,Chicago,pm25,216,29.0,57.0,43.0,360.64
2022-10-23,US,Houston,pm25,93,2.0,35.0,18.0,485.99
2022-10-23,US,Indianapolis,pm25,144,27.0,72.0,54.0,628.1
2022-10-23,US,Atlanta,pm25,24,42.0,82.0,58.0,1940.42
2022-10-23,US,Charlotte,pm25,48,13.0,99.0,53.0,3684.89
2022-10-23,US,Sacramento,pm25,50,1.0,42.0,13.0,612.98
2022-10-23,US,Oakland,pm25,110,5.0,127.0,13.0,2306.09
2022-10-23,US,Providence,pm25,66,5.0,95.0,42.0,4146.4
2022-10-23,US,Staten Island,pm25,93,5.0,86.0,42.0,4262.93
2022-10-23,US,Brooklyn,pm25,144,5.0,74.0,33.0,2150.72
2022-10-23,US,Springfield,pm25,72,28.0,50.0,40.0,354.65
2022-10-23,US,The Bronx,pm25,48,11.0,62.0,28.0,1652.32
2022-10-23,US,San Jose,pm25,79,5.0,50.0,17.0,1207.74
2022-10-23,US,Los Angeles,pm25,48,19.0,52.0,35.0,795.49
2022-10-23,US,Detroit,pm25,168,45.0,78.0,55.0,337.12
2022-10-23,US,Baltimore,pm25,48,13.0,68.0,46.0,2494.14
2022-10-23,US,Phoenix,pm25,189,2.0,61.0,18.0,1128.47
2022-10-23,US,Omaha,pm25,48,17.0,46.0,30.0,542.06
2022-10-23,US,El Paso,pm25,160,5.0,68.0,21.0,2577.86
2022-10-23,US,Seattle,pm25,261,9.0,63.0,37.0,1350.35
2022-10-23,US,Manhattan,pm25,72,12.0,64.0,38.0,2152.57
2022-10-23,US,Miami,pm25,91,15.0,28.0,20.0,99.92
2022-10-23,US,Jacksonville,pm25,139,22.0,90.0,48.0,2202.8
2022-10-23,US,San Antonio,pm25,93,3.0,57.0,23.0,1767.74
2022-10-23,US,Philadelphia,pm25,96,4.0,73.0,32.0,3332.07
2022-10-23,US,San Diego,pm25,24,14.0,56.0,43.0,1415.2
2022-10-23,US,Columbus,pm25,48,25.0,71.0,51.0,1536.95
2022-10-23,US,Saint Paul,pm25,144,17.0,76.0,50.0,1279.21
2022-10-23,US,Denver,pm25,150,5.0,55.0,13.0,609.05
2022-10-23,US,Salt Lake City,pm25,216,3.0,38.0,15.0,409.64
2022-10-23,US,Albuquerque,pm25,72,8.0,37.0,16.0,229.01
2022-10-23,US,San Francisco,pm25,66,5.0,61.0,13.0,1420.91
2022-10-23,US,Salem,pm25,72,10.0,31.0,14.0,267.67
2022-10-23,US,Madison,pm25,48,28.0,53.0,42.0,425.04
2022-10-23,US,Nashville,pm25,48,30.0,74.0,59.0,889.34
2022-10-23,US,Tucson,pm25,168,5.0,34.0,17.0,474.12
2022-10-23,US,Queens,pm25,96,5.0,115.0,33.0,3381.68
2022-10-23,US,Tallahassee,pm25,56,28.0,70.0,48.0,1365.86
2022-10-23,US,Fort Worth,pm25,45,4.0,38.0,13.0,626.04
2022-10-23,RS,Novi Sad,pm25,48,11.0,77.0,39.0,2848.83
2022-10-23,RS,Niš,pm25,48,45.0,154.0,78.0,9763.4
2022-10-23,RS,Belgrade,pm25,168,15.0,78.0,39.0,2801.43
2022-10-23,CY,Nicosia,pm25,24,50.0,95.0,59.0,780.58
2022-10-23,CY,Limassol,pm25,24,26.0,60.0,43.0,702.54
2022-10-23,HR,Zagreb,pm25,24,36.0,62.0,51.0,618.97
2022-10-23,HR,Rijeka,pm25,68,26.0,81.0,50.0,1311.12
2022-10-23,MK,Skopje,pm25,118,58.0,162.0,106.0,8395.94
2022-10-24,GE,Tbilisi,pm25,96,34.0,87.0,55.0,2640.71
2022-10-24,HU,Győr,pm25,9,30.0,78.0,46.0,3062.78
2022-10-24,HU,Szeged,pm25,10,21.0,53.0,34.0,1029.0
2022-10-24,HU,Pécs,pm25,10,68.0,89.0,78.0,344.89
2022-10-24,HU,Kecskemét,pm25,7,53.0,61.0,55.0,76.19
2022-10-24,HU,Miskolc,pm25,29,30.0,85.0,72.0,2585.27
2022-10-24,HU,Budapest,pm25,57,25.0,74.0,57.0,1459.67
2022-10-24,JP,Fukuoka,pm25,392,5.0,91.0,34.0,2380.04
2022-10-24,JP,Kanazawa,pm25,192,5.0,42.0,17.0,571.71
2022-10-24,JP,Kumamoto,pm25,357,5.0,95.0,50.0,3713.39
2022-10-24,JP,Akita,pm25,32,5.0,55.0,21.0,1790.15
2022-10-24,JP,Kochi,pm25,45,9.0,70.0,30.0,4229.82
2022-10-24,JP,Gifu-shi,pm25,162,5.0,59.0,21.0,1933.52
2022-10-24,JP,Kyoto,pm25,545,5.0,53.0,21.0,1078.86
2022-10-24,JP,Hiroshima,pm25,254,5.0,63.0,21.0,2087.03
2022-10-24,JP,Shizuoka,pm25,233,5.0,85.0,25.0,2517.8
2022-10-24,JP,Chiba,pm25,681,5.0,78.0,21.0,1322.05
2022-10-24,JP,Sapporo,pm25,168,5.0,53.0,13.0,760.14
2022-10-24,JP,Yokohama,pm25,522,1.0,55.0,17.0,1077.08
2022-10-24,JP,Tokyo,pm25,2435,1.0,74.0,21.0,771.17
2022-10-24,JP,Saitama,pm25,467,5.0,57.0,21.0,691.88
2022-10-24,JP,Nagasaki,pm25,187,5.0,78.0,34.0,2997.54
2022-10-24,JP,Toyama,pm25,168,5.0,63.0,21.0,1528.7
2022-10-24,JP,Niigata,pm25,212,5.0,50.0,21.0,721.2
2022-10-24,JP,Nara-shi,pm25,187,5.0,68.0,25.0,1997.8
2022-10-24,JP,Okayama,pm25,265,5.0,55.0,21.0,1477.06
2022-10-24,JP,Sendai,pm25,403,5.0,53.0,17.0,590.75
2022-10-24,JP,Osaka,pm25,1326,5.0,74.0,17.0,1077.67
2022-10-24,JP,Miyazaki,pm25,103,13.0,72.0,42.0,2215.68
2022-10-24,JP,Matsuyama,pm25,134,5.0,65.0,21.0,3083.67
2022-10-24,JP,Wakayama,pm25,263,5.0,74.0,21.0,1685.85
2022-10-24,JP,Takamatsu,pm25,167,5.0,59.0,17.0,1817.87
2022-10-24,JP,Nagoya,pm25,709,1.0,282.0,17.0,2814.52
2022-10-24,JP,Ōita,pm25,244,5.0,80.0,25.0,3598.17
2022-10-24,JP,Kobe,pm25,385,5.0,57.0,17.0,695.65
2022-10-24,JP,Nagano,pm25,53,5.0,25.0,13.0,312.22
2022-10-24,JP,Utsunomiya,pm25,370,5.0,46.0,21.0,884.2
2022-10-24,JP,Kagoshima,pm25,96,21.0,85.0,53.0,2732.87
2022-10-24,SK,Košice,pm25,96,46.0,99.0,63.0,604.94
2022-10-24,SK,Bratislava,pm25,96,9.0,102.0,61.0,2889.18
2022-10-24,FI,Vantaa,pm25,24,7.0,63.0,20.0,3162.59
2022-10-24,FI,Turku,pm25,24,4.0,45.0,18.0,1049.98
2022-10-24,FI,Helsinki,pm25,120,3.0,66.0,18.0,1787.97
2022-10-24,FI,Tampere,pm25,96,5.0,80.0,18.0,3500.2
2022-10-24,ET,Addis Ababa,pm25,24,34.0,139.0,59.0,5278.24
2022-10-24,CH,Zürich,pm25,22,1.0,5.0,1.0,16.1
2022-10-24,CO,Bogotá,pm25,305,5.0,161.0,46.0,6721.58
2022-10-24,CO,Medellín,pm25,270,17.0,102.0,53.0,2694.88
2022-10-24,DK,Copenhagen,pm25,2,24.0,26.0,24.0,20.0
2022-10-24,GB,Edinburgh,pm25,253,4.0,40.0,14.0,472.87
2022-10-24,GB,Norwich,pm25,17,15.0,34.0,21.0,213.9
2022-10-24,GB,Liverpool,pm25,35,13.0,34.0,25.0,161.65
2022-10-24,GB,Belfast,pm25,73,16.0,38.0,30.0,277.23
2022-10-24,GB,Coventry,pm25,71,13.0,31.0,16.0,102.18
2022-10-24,GB,Leeds,pm25,30,34.0,63.0,53.0,675.82
2022-10-24,GB,Cardiff,pm25,94,5.0,61.0,38.0,2326.2
2022-10-24,GB,Bristol,pm25,64,9.0,46.0,21.0,449.42
2022-10-24,GB,London,pm25,535,1.0,127.0,25.0,2372.82
2022-10-24,GB,Birmingham,pm25,41,13.0,44.0,17.0,377.56
2022-10-24,GB,Sheffield,pm25,71,4.0,53.0,25.0,927.46
2022-10-24,GB,Newport,pm25,43,7.0,27.0,17.0,207.12
2022-10-24,GB,Leicester,pm25,19,13.0,29.0,18.0,148.01
2022-10-24,GB,Manchester,pm25,84,13.0,73.0,38.0,1846.78
2022-10-24,GB,Reading,pm25,38,5.0,46.0,13.0,1318.24
2022-10-24,GB,Plymouth,pm25,35,5.0,44.0,30.0,1510.22
2022-10-24,GB,Glasgow,pm25,569,6.0,42.0,19.0,499.71
2022-10-24,GB,Preston,pm25,41,11.0,57.0,34.0,1378.06
2022-10-24,GB,Swansea,pm25,141,5.0,95.0,38.0,3788.13
2022-10-24,GB,Southend-on-Sea,pm25,41,7.0,35.0,21.0,524.99
2022-10-24,ID,Jakarta,pm25,35,10.0,82.0,47.0,3276.76
2022-10-24,ML,Bamako,pm25,24,76.0,156.0,97.0,7094.33
2022-10-24,NP,Kathmandu,pm25,48,25.0,152.0,93.0,12282.8
2022-10-24,NP,Pokhara,pm25,24,34.0,85.0,55.0,1990.36
2022-10-24,NP,Biratnagar,pm25,31,26.0,134.0,48.0,4447.78
2022-10-24,AU,Sydney,pm25,106,1.0,28.0,8.0,329.74
2022-10-24,AU,Newcastle,pm25,125,1.0,43.0,13.0,782.19
2022-10-24,AU,Launceston,pm25,55,5.0,21.0,9.0,115.5
2022-10-24,AU,Hobart,pm25,36,5.0,21.0,13.0,193.4
2022-10-24,AU,Darwin,pm25,72,4.0,48.0,23.0,919.62
2022-10-24,AU,Melbourne,pm25,140,1.0,55.0,12.0,1157.39
2022-10-24,AU,Canberra,pm25,44,1.0,68.0,13.0,2663.69
2022-10-24,AU,Adelaide,pm25,73,3.0,68.0,17.0,1245.41
2022-10-24,AU,Brisbane,pm25,188,1.0,57.0,13.0,2010.49
2022-10-24,AU,Perth,pm25,89,2.0,18.0,6.0,232.99
2022-10-24,AU,Wollongong,pm25,20,1.0,52.0,9.0,2162.61
2022-10-24,CI,Abidjan,pm25,24,9.0,61.0,42.0,2115.63
2022-10-24,GH,Accra,pm25,14,30.0,89.0,63.0,2669.01
2022-10-24,IQ,Baghdad,pm25,24,104.0,193.0,153.0,3482.59
2022-10-24,IS,Reykjavík,pm25,96,1.0,24.0,11.0,275.87
2022-10-24,KG,Bishkek,pm25,24,82.0,157.0,119.0,7134.71
2022-10-24,NL,Utrecht,pm25,37,19.0,46.0,28.0,551.34
2022-10-24,NL,Nijmegen,pm25,48,1.0,51.0,21.0,1070.31
2022-10-24,NL,Haarlem,pm25,138,4.0,73.0,23.0,1556.5
2022-10-24,NL,Eindhoven,pm25,24,16.0,60.0,37.0,1485.14
2022-10-24,NL,Rotterdam,pm25,192,11.0,47.0,19.0,297.47
2022-10-24,NL,Amsterdam,pm25,241,1.0,48.0,18.0,716.46
2022-10-24,NL,Dordrecht,pm25,22,21.0,50.0,30.0,742.62
2022-10-24,NL,Breda,pm25,47,1.0,43.0,14.0,827.72
2022-10-24,NL,Groningen,pm25,45,2.0,38.0,15.0,731.65
2022-10-24,NL,Maastricht,pm25,68,5.0,65.0,25.0,2471.53
2022-10-24,NL,The Hague,pm25,72,1.0,43.0,18.0,614.37
2022-10-24,PT,Lisbon,pm25,61,11.0,41.0,18.0,704.49
2022-10-24,PT,Funchal,pm25,61,1.0,28.0,14.0,521.5
2022-10-24,CA,Hamilton,pm25,87,42.0,152.0,72.0,6144.53
2022-10-24,CA,Calgary,pm25,92,4.0,88.0,27.0,2151.53
2022-10-24,CA,Winnipeg,pm25,22,18.0,42.0,31.0,592.04
2022-10-24,CA,Halifax,pm25,46,4.0,54.0,21.0,1720.77
2022-10-24,CA,Kitchener,pm25,47,30.0,85.0,50.0,2042.93
2022-10-24,CA,Edmonton,pm25,133,1.0,68.0,42.0,2137.49
2022-10-24,CA,Surrey,pm25,78,1.0,52.0,8.0,924.62
2022-10-24,CA,Mississauga,pm25,70,17.0,137.0,46.0,4368.62
2022-10-24,CA,Québec,pm25,180,12.0,109.0,56.0,3785.82
2022-10-24,CA,Vancouver,pm25,166,2.0,60.0,9.0,710.54
2022-10-24,CA,Victoria,pm25,37,5.0,61.0,17.0,1940.44
2022-10-24,CA,Montréal,pm25,405,24.0,98.0,65.0,3417.21
2022-10-24,CA,Toronto,pm25,136,13.0,127.0,42.0,3036.16
2022-10-24,CA,Ottawa,pm25,72,38.0,70.0,56.0,617.96
2022-10-24,CA,London,pm25,48,9.0,61.0,38.0,1772.06
2022-10-24,US,Oklahoma City,pm25,96,13.0,36.0,24.0,316.24
2022-10-24,US,Raleigh,pm25,60,5.0,71.0,30.0,1703.38
2022-10-24,US,Memphis,pm25,71,11.0,120.0,52.0,2334.28
2022-10-24,US,Jackson,pm25,72,6.0,58.0,32.0,2438.31
2022-10-24,US,Boston,pm25,125,5.0,50.0,25.0,652.0
2022-10-24,US,Richmond,pm25,96,13.0,45.0,20.0,685.15
2022-10-24,US,Portland,pm25,192,8.0,57.0,17.0,834.62
2022-10-24,US,Boise,pm25,44,7.0,53.0,25.0,1511.29
2022-10-24,US,Austin,pm25,44,9.0,78.0,34.0,3330.76
2022-10-24,US,Honolulu,pm25,39,5.0,38.0,17.0,809.97
2022-10-24,US,Fresno,pm25,44,1.0,53.0,23.0,2209.11
2022-10-24,US,Milwaukee,pm25,144,32.0,60.0,49.0,305.39
2022-10-24,US,Hartford,pm25,48,18.0,38.0,27.0,202.87
2022-10-24,US,Washington D.C.,pm25,94,5.0,57.0,25.0,1280.82
2022-10-24,US,Chicago,pm25,214,24.0,95.0,45.0,595.43
2022-10-24,US,Houston,pm25,96,7.0,55.0,26.0,966.09
2022-10-24,US,Indianapolis,pm25,136,5.0,86.0,58.0,1762.85
2022-10-24,US,Atlanta,pm25,24,47.0,69.0,60.0,482.54
2022-10-24,US,Charlotte,pm25,48,34.0,76.0,53.0,1073.03
2022-10-24,US,Sacramento,pm25,52,1.0,49.0,13.0,1427.24
2022-10-24,US,Oakland,pm25,91,5.0,50.0,21.0,1064.13
2022-10-24,US,Providence,pm25,51,5.0,53.0,25.0,1631.98
2022-10-24,US,Staten Island,pm25,92,5.0,89.0,23.0,1732.69
2022-10-24,US,Brooklyn,pm25,142,2.0,69.0,18.0,1335.35
2022-10-24,US,Springfield,pm25,72,26.0,71.0,38.0,726.66
2022-10-24,US,The Bronx,pm25,48,4.0,29.0,13.0,415.04
2022-10-24,US,San Jose,pm25,82,5.0,59.0,25.0,2463.82
2022-10-24,US,Los Angeles,pm25,48,10.0,68.0,40.0,2389.72
2022-10-24,US,Detroit,pm25,165,46.0,101.0,58.0,542.1
2022-10-24,US,Little Rock,pm25,46,8.0,56.0,26.0,658.16
2022-10-24,US,Baltimore,pm25,46,5.0,37.0,17.0,509.05
2022-10-24,US,Phoenix,pm25,175,1.0,46.0,11.0,852.99
2022-10-24,US,Omaha,pm25,44,5.0,46.0,17.0,956.34
2022-10-24,US,El Paso,pm25,129,5.0,56.0,13.0,1590.32
2022-10-24,US,Seattle,pm25,261,5.0,55.0,21.0,1219.54
2022-10-24,US,Manhattan,pm25,71,4.0,52.0,19.0,765.12
2022-10-24,US,Miami,pm25,89,15.0,37.0,19.0,161.68
2022-10-24,US,Jacksonville,pm25,130,5.0,76.0,40.0,1373.61
2022-10-24,US,San Antonio,pm25,91,1.0,81.0,50.0,2460.42
2022-10-24,US,Philadelphia,pm25,95,3.0,51.0,21.0,949.33
2022-10-24,US,San Diego,pm25,24,14.0,53.0,25.0,1825.05
2022-10-24,US,Columbus,pm25,47,31.0,77.0,52.0,1648.69
2022-10-24,US,Saint Paul,pm25,138,5.0,152.0,28.0,3117.49
2022-10-24,US,Denver,pm25,133,5.0,34.0,13.0,229.59
2022-10-24,US,Salt Lake City,pm25,216,10.0,48.0,20.0,658.98
2022-10-24,US,Albuquerque,pm25,72,5.0,42.0,13.0,696.99
2022-10-24,US,San Francisco,pm25,63,5.0,74.0,21.0,1988.12
2022-10-24,US,Salem,pm25,72,10.0,55.0,16.0,649.19
2022-10-24,US,Madison,pm25,48,25.0,46.0,33.0,305.09
2022-10-24,US,Nashville,pm25,63,8.0,102.0,50.0,3480.57
2022-10-24,US,Tucson,pm25,144,5.0,70.0,17.0,1300.79
2022-10-24,US,Queens,pm25,96,2.0,36.0,20.0,643.5
2022-10-24,US,Tallahassee,pm25,70,19.0,62.0,36.0,1409.83
2022-10-24,US,Fort Worth,pm25,36,2.0,38.0,13.0,903.07
2022-10-24,RS,Novi Sad,pm25,48,36.0,125.0,76.0,3775.04
2022-10-24,RS,Niš,pm25,48,57.0,154.0,78.0,10554.6
2022-10-24,RS,Belgrade,pm25,168,48.0,158.0,81.0,6340.24
2022-10-24,CY,Nicosia,pm25,24,32.0,86.0,58.0,1051.14
2022-10-24,CY,Limassol,pm25,24,27.0,59.0,41.0,799.55
2022-10-24,HR,Zagreb,pm25,24,54.0,85.0,63.0,855.63
2022-10-24,HR,Rijeka,pm25,70,28.0,82.0,54.0,482.53
2022-10-24,MK,Skopje,pm25,120,43.0,172.0,110.0,11797.0
2022-10-25,GE,Tbilisi,pm25,96,19.0,55.0,29.0,659.47
2022-10-25,JP,Fukuoka,pm25,366,5.0,76.0,17.0,1096.57
2022-10-25,JP,Kanazawa,pm25,183,5.0,38.0,13.0,474.52
2022-10-25,JP,Kumamoto,pm25,298,5.0,65.0,21.0,1661.97
2022-10-25,JP,Akita,pm25,31,5.0,61.0,17.0,1893.89
2022-10-25,JP,Kochi,pm25,41,5.0,46.0,17.0,754.76
2022-10-25,JP,Gifu-shi,pm25,140,5.0,59.0,21.0,1827.02
2022-10-25,JP,Kyoto,pm25,519,5.0,59.0,17.0,1018.15
2022-10-25,JP,Hiroshima,pm25,208,5.0,57.0,13.0,1006.3
2022-10-25,JP,Shizuoka,pm25,172,5.0,72.0,13.0,1900.09
2022-10-25,JP,Chiba,pm25,727,5.0,122.0,21.0,1393.13
2022-10-25,JP,Sapporo,pm25,183,5.0,59.0,17.0,1409.03
2022-10-25,JP,Yokohama,pm25,529,1.0,46.0,17.0,692.22
2022-10-25,JP,Tokyo,pm25,2490,1.0,74.0,21.0,620.16
2022-10-25,JP,Saitama,pm25,490,5.0,68.0,21.0,788.3
2022-10-25,JP,Naha,pm25,35,5.0,42.0,13.0,1219.7
2022-10-25,JP,Nagasaki,pm25,163,5.0,50.0,17.0,1045.11
2022-10-25,JP,Toyama,pm25,155,5.0,55.0,17.0,1302.88
2022-10-25,JP,Niigata,pm25,203,5.0,46.0,17.0,952.33
2022-10-25,JP,Nara-shi,pm25,185,5.0,70.0,21.0,1135.11
2022-10-25,JP,Okayama,pm25,239,5.0,53.0,17.0,738.7
2022-10-25,JP,Sendai,pm25,417,5.0,68.0,17.0,964.74
2022-10-25,JP,Osaka,pm25,1221,5.0,102.0,13.0,1069.99
2022-10-25,JP,Miyazaki,pm25,84,5.0,63.0,21.0,1923.13
2022-10-25,JP,Matsuyama,pm25,113,5.0,50.0,13.0,1498.39
2022-10-25,JP,Wakayama,pm25,265,5.0,65.0,17.0,1135.88
2022-10-25,JP,Takamatsu,pm25,155,5.0,42.0,13.0,456.42
2022-10-25,JP,Nagoya,pm25,722,5.0,95.0,17.0,1053.56
2022-10-25,JP,Ōita,pm25,179,5.0,38.0,13.0,730.2
2022-10-25,JP,Kobe,pm25,354,5.0,38.0,13.0,509.4
2022-10-25,JP,Nagano,pm25,43,5.0,42.0,21.0,980.44
2022-10-25,JP,Utsunomiya,pm25,366,5.0,63.0,17.0,1048.31
2022-10-25,JP,Kagoshima,pm25,94,5.0,65.0,25.0,1546.63
2022-10-25,SK,Košice,pm25,96,34.0,134.0,70.0,3000.0
2022-10-25,SK,Bratislava,pm25,79,5.0,102.0,21.0,3557.92
2022-10-25,FI,Vantaa,pm25,24,8.0,52.0,16.0,920.42
2022-10-25,FI,Turku,pm25,24,6.0,15.0,10.0,74.18
2022-10-25,FI,Helsinki,pm25,120,5.0,303.0,16.0,9359.38
2022-10-25,FI,Tampere,pm25,96,6.0,54.0,14.0,737.89
2022-10-25,ET,Addis Ababa,pm25,24,25.0,153.0,55.0,6461.67
2022-10-25,CH,Zürich,pm25,24,1.0,5.0,3.0,19.06
2022-10-25,CO,Bogotá,pm25,314,13.0,182.0,74.0,8867.16
2022-10-25,CO,Medellín,pm25,297,21.0,119.0,63.0,4230.88
2022-10-25,DK,Copenhagen,pm25,23,19.0,45.0,30.0,606.56
2022-10-25,GB,Edinburgh,pm25,254,6.0,820.0,12.0,76579.0
2022-10-25,GB,Norwich,pm25,19,16.0,26.0,21.0,84.85
2022-10-25,GB,Liverpool,pm25,35,9.0,25.0,17.0,189.46
2022-10-25,GB,Belfast,pm25,59,12.0,31.0,21.0,174.06
2022-10-25,GB,Coventry,pm25,69,13.0,28.0,17.0,112.24
2022-10-25,GB,Leeds,pm25,44,16.0,55.0,34.0,1072.28
2022-10-25,GB,Cardiff,pm25,96,5.0,61.0,38.0,2867.93
2022-10-25,GB,Bristol,pm25,67,13.0,46.0,25.0,1208.04
2022-10-25,GB,London,pm25,509,3.0,63.0,25.0,1026.38
2022-10-25,GB,Birmingham,pm25,43,13.0,44.0,20.0,439.59
2022-10-25,GB,Sheffield,pm25,84,13.0,74.0,17.0,1410.45
2022-10-25,GB,Newport,pm25,42,13.0,23.0,18.0,75.73
2022-10-25,GB,Leicester,pm25,22,15.0,27.0,18.0,95.0
2022-10-25,GB,Manchester,pm25,75,13.0,42.0,22.0,438.91
2022-10-25,GB,Reading,pm25,47,5.0,25.0,13.0,363.37
2022-10-25,GB,Plymouth,pm25,38,5.0,39.0,30.0,1313.24
2022-10-25,GB,Glasgow,pm25,571,6.0,57.0,14.0,216.59
2022-10-25,GB,Preston,pm25,43,12.0,28.0,20.0,129.65
2022-10-25,GB,Swansea,pm25,127,5.0,74.0,42.0,3856.15
2022-10-25,GB,Southend-on-Sea,pm25,40,17.0,40.0,20.0,214.46
2022-10-25,ID,Jakarta,pm25,27,5.0,157.0,63.0,17558.3
2022-10-25,ML,Bamako,pm25,24,63.0,193.0,85.0,14789.5
2022-10-25,NP,Kathmandu,pm25,48,21.0,144.0,68.0,8504.46
2022-10-25,NP,Pokhara,pm25,24,50.0,74.0,58.0,566.02
2022-10-25,NP,Biratnagar,pm25,38,31.0,172.0,75.0,11044.2
2022-10-25,AU,Sydney,pm25,130,1.0,98.0,16.0,2316.03
2022-10-25,AU,Newcastle,pm25,129,1.0,64.0,22.0,2168.05
2022-10-25,AU,Launceston,pm25,44,5.0,9.0,5.0,28.75
2022-10-25,AU,Hobart,pm25,48,5.0,21.0,9.0,263.76
2022-10-25,AU,Darwin,pm25,72,5.0,43.0,22.0,925.63
2022-10-25,AU,Melbourne,pm25,161,1.0,52.0,23.0,1560.94
2022-10-25,AU,Canberra,pm25,50,1.0,72.0,19.0,3933.47
2022-10-25,AU,Adelaide,pm25,51,1.0,25.0,9.0,301.46
2022-10-25,AU,Brisbane,pm25,195,1.0,61.0,24.0,1830.06
2022-10-25,AU,Perth,pm25,83,2.0,16.0,5.0,225.45
2022-10-25,AU,Wollongong,pm25,25,1.0,54.0,18.0,2086.07
2022-10-25,CI,Abidjan,pm25,24,13.0,80.0,38.0,4479.11
2022-10-25,IQ,Baghdad,pm25,24,89.0,175.0,134.0,7501.14
2022-10-25,IS,Reykjavík,pm25,56,3.0,61.0,16.0,1564.62
2022-10-25,KG,Bishkek,pm25,24,55.0,178.0,127.0,15242.3
2022-10-25,NL,Utrecht,pm25,24,8.0,59.0,36.0,1804.33
2022-10-25,NL,Nijmegen,pm25,44,3.0,49.0,29.0,1164.8
2022-10-25,NL,Haarlem,pm25,142,2.0,56.0,30.0,1214.61
2022-10-25,NL,Eindhoven,pm25,24,7.0,66.0,36.0,2518.19
2022-10-25,NL,Rotterdam,pm25,190,10.0,64.0,27.0,723.0
2022-10-25,NL,Amsterdam,pm25,245,3.0,78.0,24.0,1520.61
2022-10-25,NL,Dordrecht,pm25,24,13.0,61.0,34.0,1291.29
2022-10-25,NL,Breda,pm25,48,3.0,63.0,20.0,2376.6
2022-10-25,NL,Groningen,pm25,48,6.0,54.0,25.0,908.19
2022-10-25,NL,Maastricht,pm25,46,5.0,50.0,21.0,1591.96
2022-10-25,NL,The Hague,pm25,72,8.0,41.0,25.0,520.69
2022-10-25,PT,Lisbon,pm25,33,10.0,35.0,19.0,383.43
2022-10-25,PT,Funchal,pm25,60,1.0,40.0,13.0,1157.45
2022-10-25,CA,Hamilton,pm25,83,13.0,139.0,59.0,5531.67
2022-10-25,CA,Calgary,pm25,90,1.0,60.0,21.0,1340.29
2022-10-25,CA,Winnipeg,pm25,14,17.0,18.0,18.0,2.47
2022-10-25,CA,Halifax,pm25,46,2.0,56.0,11.0,1597.16
2022-10-25,CA,Kitchener,pm25,48,21.0,78.0,46.0,2730.57
2022-10-25,CA,Edmonton,pm25,122,5.0,76.0,26.0,2846.01
2022-10-25,CA,Surrey,pm25,71,1.0,28.0,13.0,486.99
2022-10-25,CA,Mississauga,pm25,72,21.0,177.0,46.0,16233.0
2022-10-25,CA,Québec,pm25,186,12.0,79.0,54.0,4079.78
2022-10-25,CA,Vancouver,pm25,167,3.0,38.0,11.0,459.26
2022-10-25,CA,Victoria,pm25,41,5.0,57.0,21.0,1352.62
2022-10-25,CA,Montréal,pm25,440,3.0,77.0,27.0,3544.24
2022-10-25,CA,Toronto,pm25,140,9.0,72.0,34.0,2384.08
2022-10-25,CA,Ottawa,pm25,70,27.0,62.0,53.0,957.07
2022-10-25,CA,London,pm25,47,9.0,61.0,42.0,1989.93
2022-10-25,US,Oklahoma City,pm25,93,7.0,52.0,14.0,626.01
2022-10-25,US,Raleigh,pm25,46,13.0,144.0,48.0,5158.5
2022-10-25,US,Memphis,pm25,72,5.0,54.0,26.0,1466.05
2022-10-25,US,Jackson,pm25,72,8.0,38.0,19.0,541.4
2022-10-25,US,Boston,pm25,137,5.0,42.0,21.0,470.66
2022-10-25,US,Richmond,pm25,96,22.0,56.0,44.0,452.35
2022-10-25,US,Portland,pm25,192,8.0,68.0,18.0,817.8
2022-10-25,US,Boise,pm25,45,1.0,53.0,25.0,1473.31
2022-10-25,US,Austin,pm25,35,5.0,50.0,13.0,943.73
2022-10-25,US,Honolulu,pm25,40,5.0,42.0,13.0,606.4
2022-10-25,US,Fresno,pm25,46,3.0,53.0,21.0,1325.7
2022-10-25,US,Milwaukee,pm25,144,5.0,58.0,28.0,2336.46
2022-10-25,US,Hartford,pm25,47,20.0,43.0,33.0,346.46
2022-10-25,US,Washington D.C.,pm25,91,5.0,56.0,42.0,2333.21
2022-10-25,US,Chicago,pm25,215,6.0,75.0,44.0,3058.68
2022-10-25,US,Houston,pm25,84,1.0,88.0,19.0,2855.78
2022-10-25,US,Indianapolis,pm25,139,5.0,71.0,57.0,3565.34
2022-10-25,US,Atlanta,pm25,24,54.0,85.0,61.0,739.98
2022-10-25,US,Charlotte,pm25,64,24.0,89.0,55.0,2369.01
2022-10-25,US,Sacramento,pm25,58,5.0,46.0,21.0,946.61
2022-10-25,US,Oakland,pm25,107,5.0,53.0,25.0,1304.7
2022-10-25,US,Providence,pm25,21,5.0,30.0,21.0,616.33
2022-10-25,US,Staten Island,pm25,66,4.0,76.0,19.0,1727.4
2022-10-25,US,Brooklyn,pm25,118,2.0,160.0,25.0,7914.55
2022-10-25,US,Springfield,pm25,72,6.0,50.0,14.0,2166.64
2022-10-25,US,The Bronx,pm25,26,4.0,42.0,22.0,1394.15
2022-10-25,US,San Jose,pm25,77,5.0,53.0,25.0,1522.83
2022-10-25,US,Los Angeles,pm25,48,24.0,73.0,40.0,1424.68
2022-10-25,US,Detroit,pm25,168,46.0,106.0,60.0,632.42
2022-10-25,US,Little Rock,pm25,45,3.0,51.0,13.0,952.91
2022-10-25,US,Baltimore,pm25,47,5.0,61.0,25.0,1375.94
2022-10-25,US,Phoenix,pm25,181,2.0,97.0,28.0,2875.83
2022-10-25,US,Omaha,pm25,41,9.0,50.0,21.0,965.74
2022-10-25,US,El Paso,pm25,138,5.0,106.0,17.0,5129.31
2022-10-25,US,Seattle,pm25,249,3.0,53.0,20.0,1021.37
2022-10-25,US,Manhattan,pm25,67,1.0,57.0,16.0,2037.96
2022-10-25,US,Miami,pm25,90,14.0,30.0,18.0,120.13
2022-10-25,US,Jacksonville,pm25,141,5.0,88.0,42.0,1416.49
2022-10-25,US,San Antonio,pm25,68,1.0,64.0,12.0,2225.0
2022-10-25,US,Philadelphia,pm25,95,4.0,57.0,24.0,1406.4
2022-10-25,US,San Diego,pm25,24,17.0,28.0,20.0,170.42
2022-10-25,US,Columbus,pm25,48,23.0,64.0,43.0,1306.27
2022-10-25,US,Saint Paul,pm25,129,5.0,151.0,15.0,3534.29
2022-10-25,US,Denver,pm25,149,5.0,59.0,13.0,767.74
2022-10-25,US,Salt Lake City,pm25,214,5.0,43.0,17.0,461.24
2022-10-25,US,Albuquerque,pm25,70,5.0,52.0,15.0,1070.24
2022-10-25,US,San Francisco,pm25,60,5.0,50.0,25.0,1326.25
2022-10-25,US,Salem,pm25,72,8.0,25.0,15.0,239.72
2022-10-25,US,Madison,pm25,48,9.0,38.0,17.0,600.27
2022-10-25,US,Nashville,pm25,72,13.0,59.0,36.0,1716.04
2022-10-25,US,Tucson,pm25,150,5.0,61.0,17.0,1350.66
2022-10-25,US,Queens,pm25,92,2.0,54.0,18.0,1694.27
2022-10-25,US,Tallahassee,pm25,72,14.0,62.0,37.0,1459.01
2022-10-25,US,Fort Worth,pm25,33,1.0,55.0,9.0,1785.93
2022-10-25,RS,Novi Sad,pm25,48,26.0,103.0,62.0,3842.73
2022-10-25,RS,Niš,pm25,48,60.0,132.0,80.0,2385.94
2022-10-25,RS,Belgrade,pm25,168,19.0,133.0,66.0,8874.25
2022-10-25,CY,Nicosia,pm25,22,54.0,166.0,70.0,17031.9
2022-10-25,CY,Limassol,pm25,24,27.0,89.0,57.0,3222.45
2022-10-25,HR,Zagreb,pm25,19,34.0,68.0,43.0,915.97
2022-10-25,HR,Rijeka,pm25,70,5.0,62.0,52.0,3247.69
2022-10-25,MK,Skopje,pm25,120,51.0,173.0,111.0,9148.81
2022-10-26,GE,Tbilisi,pm25,96,24.0,94.0,44.0,3240.38
2022-10-26,JP,Fukuoka,pm25,347,5.0,70.0,21.0,1121.14
2022-10-26,JP,Kanazawa,pm25,174,5.0,46.0,13.0,613.53
2022-10-26,JP,Kumamoto,pm25,309,5.0,122.0,30.0,4216.11
2022-10-26,JP,Akita,pm25,34,5.0,68.0,21.0,2314.08
2022-10-26,JP,Kochi,pm25,40,5.0,38.0,13.0,689.85
2022-10-26,JP,Gifu-shi,pm25,129,5.0,149.0,25.0,4224.53
2022-10-26,JP,Kyoto,pm25,527,5.0,112.0,21.0,1737.95
2022-10-26,JP,Hiroshima,pm25,238,5.0,61.0,21.0,1574.29
2022-10-26,JP,Shizuoka,pm25,191,5.0,78.0,13.0,2160.12
2022-10-26,JP,Chiba,pm25,698,5.0,87.0,17.0,1906.25
2022-10-26,JP,Sapporo,pm25,176,5.0,70.0,25.0,1787.56
2022-10-26,JP,Yokohama,pm25,511,1.0,87.0,17.0,1132.45
2022-10-26,JP,Tokyo,pm25,2425,1.0,129.0,21.0,1152.71
2022-10-26,JP,Saitama,pm25,480,5.0,76.0,21.0,1278.96
2022-10-26,JP,Naha,pm25,98,5.0,61.0,17.0,1838.63
2022-10-26,JP,Nagasaki,pm25,163,5.0,102.0,17.0,2908.1
2022-10-26,JP,Toyama,pm25,165,5.0,55.0,17.0,1265.18
2022-10-26,JP,Niigata,pm25,197,5.0,55.0,17.0,546.68
2022-10-26,JP,Nara-shi,pm25,186,5.0,80.0,25.0,1602.93
2022-10-26,JP,Okayama,pm25,265,5.0,151.0,25.0,3919.48
2022-10-26,JP,Sendai,pm25,391,5.0,53.0,13.0,651.09
2022-10-26,JP,Osaka,pm25,1279,5.0,93.0,17.0,1247.86
2022-10-26,JP,Miyazaki,pm25,83,5.0,63.0,21.0,1974.81
2022-10-26,JP,Matsuyama,pm25,139,5.0,63.0,21.0,1885.99
2022-10-26,JP,Wakayama,pm25,272,5.0,93.0,17.0,1410.11
2022-10-26,JP,Takamatsu,pm25,191,5.0,170.0,13.0,2320.69
2022-10-26,JP,Nagoya,pm25,714,1.0,85.0,21.0,1961.6
2022-10-26,JP,Ōita,pm25,195,5.0,65.0,21.0,1343.13
2022-10-26,JP,Kobe,pm25,382,5.0,46.0,17.0,624.5
2022-10-26,JP,Nagano,pm25,40,5.0,68.0,21.0,2967.46
2022-10-26,JP,Utsunomiya,pm25,352,5.0,57.0,17.0,1143.92
2022-10-26,JP,Kagoshima,pm25,95,5.0,91.0,25.0,2087.21
2022-10-26,SK,Košice,pm25,96,9.0,149.0,59.0,6211.14
2022-10-26,SK,Bratislava,pm25,94,9.0,117.0,53.0,6254.98
2022-10-26,FI,Vantaa,pm25,24,9.0,25.0,19.0,358.84
2022-10-26,FI,Turku,pm25,24,6.0,17.0,12.0,80.42
2022-10-26,FI,Helsinki,pm25,120,5.0,46.0,18.0,1041.29
2022-10-26,FI,Tampere,pm25,96,5.0,26.0,13.0,172.58
2022-10-26,ET,Addis Ababa,pm25,24,42.0,151.0,63.0,6911.29
2022-10-26,CH,Zürich,pm25,24,1.0,5.0,3.0,11.88
2022-10-26,CO,Bogotá,pm25,301,2.0,155.0,55.0,5591.73
2022-10-26,CO,Medellín,pm25,295,30.0,97.0,61.0,1581.88
2022-10-26,DK,Copenhagen,pm25,24,20.0,49.0,34.0,600.22
2022-10-26,GB,Edinburgh,pm25,268,2.0,46.0,15.0,738.46
2022-10-26,GB,Norwich,pm25,23,21.0,34.0,27.0,133.91
2022-10-26,GB,Liverpool,pm25,41,9.0,38.0,22.0,509.39
2022-10-26,GB,Belfast,pm25,46,8.0,35.0,21.0,271.92
2022-10-26,GB,Coventry,pm25,67,17.0,43.0,23.0,755.74
2022-10-26,GB,Leeds,pm25,40,25.0,59.0,42.0,1234.46
2022-10-26,GB,Cardiff,pm25,83,21.0,93.0,42.0,2068.62
2022-10-26,GB,Bristol,pm25,72,13.0,72.0,34.0,1357.9
2022-10-26,GB,London,pm25,543,5.0,99.0,32.0,1556.92
2022-10-26,GB,Birmingham,pm25,40,17.0,50.0,29.0,974.81
2022-10-26,GB,Sheffield,pm25,75,17.0,57.0,24.0,665.56
2022-10-26,GB,Newport,pm25,44,13.0,53.0,34.0,1571.39
2022-10-26,GB,Leicester,pm25,23,20.0,46.0,25.0,978.93
2022-10-26,GB,Manchester,pm25,76,13.0,60.0,34.0,1807.09
2022-10-26,GB,Reading,pm25,48,5.0,46.0,17.0,893.88
2022-10-26,GB,Plymouth,pm25,45,9.0,68.0,46.0,3288.25
2022-10-26,GB,Glasgow,pm25,568,2.0,42.0,15.0,726.46
2022-10-26,GB,Preston,pm25,43,12.0,35.0,22.0,460.42
2022-10-26,GB,Swansea,pm25,118,5.0,80.0,50.0,3966.21
2022-10-26,GB,Southend-on-Sea,pm25,48,17.0,43.0,25.0,288.44
2022-10-26,ID,Jakarta,pm25,23,34.0,116.0,69.0,5017.04
2022-10-26,ML,Bamako,pm25,24,72.0,213.0,129.0,16051.0
2022-10-26,NP,Kathmandu,pm25,48,25.0,134.0,65.0,6743.93
2022-10-26,NP,Pokhara,pm25,24,62.0,101.0,71.0,1800.27
2022-10-26,NP,Biratnagar,pm25,34,62.0,187.0,97.0,7742.99
2022-10-26,AU,Sydney,pm25,112,1.0,48.0,12.0,842.9
2022-10-26,AU,Newcastle,pm25,121,1.0,46.0,14.0,1000.05
2022-10-26,AU,Launceston,pm25,11,5.0,9.0,5.0,14.55
2022-10-26,AU,Hobart,pm25,20,5.0,17.0,5.0,126.32
2022-10-26,AU,Darwin,pm25,72,3.0,36.0,18.0,826.6
2022-10-26,AU,Melbourne,pm25,159,1.0,76.0,18.0,2342.37
2022-10-26,AU,Canberra,pm25,35,1.0,53.0,12.0,1468.35
2022-10-26,AU,Adelaide,pm25,67,5.0,28.0,9.0,336.46
2022-10-26,AU,Brisbane,pm25,179,3.0,60.0,28.0,1880.66
2022-10-26,AU,Perth,pm25,84,2.0,18.0,5.0,214.69
2022-10-26,AU,Wollongong,pm25,27,1.0,33.0,13.0,780.77
2022-10-26,CI,Abidjan,pm25,21,9.0,53.0,25.0,1614.9
2022-10-26,IQ,Baghdad,pm25,24,117.0,186.0,151.0,3347.81
2022-10-26,IS,Reykjavík,pm25,94,2.0,47.0,10.0,1581.21
2022-10-26,KG,Bishkek,pm25,24,55.0,107.0,72.0,1337.32
2022-10-26,NL,Utrecht,pm25,22,22.0,52.0,34.0,840.0
2022-10-26,NL,Nijmegen,pm25,48,10.0,57.0,27.0,967.51
2022-10-26,NL,Haarlem,pm25,138,4.0,70.0,30.0,1499.59
2022-10-26,NL,Eindhoven,pm25,21,22.0,72.0,52.0,1708.9
2022-10-26,NL,Rotterdam,pm25,191,9.0,51.0,27.0,355.15
2022-10-26,NL,Amsterdam,pm25,255,1.0,72.0,25.0,856.92
2022-10-26,NL,Dordrecht,pm25,24,25.0,53.0,38.0,629.4
2022-10-26,NL,Breda,pm25,47,7.0,63.0,31.0,1667.14
2022-10-26,NL,Groningen,pm25,48,7.0,62.0,31.0,1653.03
2022-10-26,NL,Maastricht,pm25,46,5.0,68.0,21.0,1682.65
2022-10-26,NL,The Hague,pm25,72,3.0,47.0,25.0,603.31
2022-10-26,PT,Lisbon,pm25,56,13.0,52.0,21.0,1182.81
2022-10-26,PT,Funchal,pm25,58,1.0,30.0,15.0,633.83
2022-10-26,CA,Hamilton,pm25,90,5.0,74.0,38.0,2960.2
2022-10-26,CA,Calgary,pm25,87,1.0,73.0,17.0,1878.75
2022-10-26,CA,Winnipeg,pm25,14,17.0,18.0,18.0,1.81
2022-10-26,CA,Halifax,pm25,46,3.0,25.0,7.0,220.14
2022-10-26,CA,Kitchener,pm25,42,5.0,61.0,38.0,2734.66
2022-10-26,CA,Edmonton,pm25,125,2.0,85.0,27.0,2157.69
2022-10-26,CA,Surrey,pm25,72,2.0,30.0,12.0,404.22
2022-10-26,CA,Mississauga,pm25,68,5.0,72.0,21.0,2994.88
2022-10-26,CA,Québec,pm25,176,5.0,76.0,42.0,4747.73
2022-10-26,CA,Vancouver,pm25,161,1.0,44.0,8.0,776.19
2022-10-26,CA,Victoria,pm25,43,5.0,117.0,17.0,3445.68
2022-10-26,CA,Montréal,pm25,355,3.0,33.0,15.0,428.19
2022-10-26,CA,Toronto,pm25,140,5.0,59.0,25.0,1530.52
2022-10-26,CA,Ottawa,pm25,65,9.0,49.0,30.0,1045.23
2022-10-26,CA,London,pm25,44,5.0,55.0,38.0,2222.96
2022-10-26,US,Oklahoma City,pm25,96,13.0,60.0,19.0,1188.92
2022-10-26,US,Raleigh,pm25,46,30.0,162.0,50.0,3248.08
2022-10-26,US,Memphis,pm25,72,11.0,59.0,23.0,1057.96
2022-10-26,US,Jackson,pm25,72,3.0,66.0,19.0,1276.83
2022-10-26,US,Boston,pm25,121,5.0,38.0,17.0,612.33
2022-10-26,US,Richmond,pm25,96,18.0,65.0,54.0,1753.6
2022-10-26,US,Portland,pm25,192,5.0,65.0,18.0,1831.27
2022-10-26,US,Boise,pm25,27,2.0,40.0,19.0,751.31
2022-10-26,US,Austin,pm25,44,5.0,61.0,17.0,2209.49
2022-10-26,US,Honolulu,pm25,38,5.0,55.0,17.0,1392.18
2022-10-26,US,Fresno,pm25,47,2.0,47.0,16.0,969.0
2022-10-26,US,Milwaukee,pm25,144,9.0,58.0,20.0,1258.98
2022-10-26,US,Hartford,pm25,48,14.0,36.0,22.0,251.49
2022-10-26,US,Washington D.C.,pm25,91,5.0,53.0,25.0,1781.28
2022-10-26,US,Chicago,pm25,216,8.0,60.0,20.0,1215.87
2022-10-26,US,Houston,pm25,95,1.0,69.0,33.0,2543.07
2022-10-26,US,Indianapolis,pm25,137,3.0,102.0,20.0,3532.61
2022-10-26,US,Atlanta,pm25,24,20.0,53.0,25.0,536.07
2022-10-26,US,Charlotte,pm25,71,17.0,70.0,42.0,1120.83
2022-10-26,US,Sacramento,pm25,45,5.0,46.0,17.0,651.04
2022-10-26,US,Oakland,pm25,115,5.0,61.0,30.0,1633.48
2022-10-26,US,Providence,pm25,27,5.0,30.0,13.0,445.39
2022-10-26,US,Staten Island,pm25,62,5.0,61.0,34.0,2378.32
2022-10-26,US,Brooklyn,pm25,119,1.0,57.0,24.0,1437.96
2022-10-26,US,Springfield,pm25,72,8.0,52.0,24.0,661.9
2022-10-26,US,The Bronx,pm25,16,2.0,27.0,19.0,441.62
2022-10-26,US,San Jose,pm25,69,5.0,61.0,25.0,1195.78
2022-10-26,US,Los Angeles,pm25,48,22.0,75.0,42.0,1060.1
2022-10-26,US,Detroit,pm25,168,3.0,83.0,31.0,4590.53
2022-10-26,US,Little Rock,pm25,46,1.0,54.0,20.0,1255.88
2022-10-26,US,Baltimore,pm25,46,5.0,50.0,21.0,1488.16
2022-10-26,US,Phoenix,pm25,188,5.0,80.0,32.0,2487.83
2022-10-26,US,Omaha,pm25,48,9.0,53.0,21.0,1086.65
2022-10-26,US,El Paso,pm25,135,5.0,112.0,25.0,6171.63
2022-10-26,US,Seattle,pm25,253,5.0,55.0,25.0,1039.68
2022-10-26,US,Manhattan,pm25,61,1.0,54.0,19.0,1626.89
2022-10-26,US,Miami,pm25,91,12.0,59.0,26.0,616.9
2022-10-26,US,Jacksonville,pm25,144,11.0,56.0,33.0,534.83
2022-10-26,US,San Antonio,pm25,88,1.0,55.0,20.0,1052.03
2022-10-26,US,Philadelphia,pm25,92,1.0,64.0,26.0,2374.36
2022-10-26,US,San Diego,pm25,24,20.0,49.0,35.0,760.85
2022-10-26,US,Columbus,pm25,48,3.0,56.0,19.0,2105.8
2022-10-26,US,Saint Paul,pm25,143,5.0,67.0,34.0,1378.4
2022-10-26,US,Denver,pm25,134,5.0,55.0,21.0,1477.7
2022-10-26,US,Salt Lake City,pm25,197,3.0,76.0,15.0,2859.99
2022-10-26,US,Albuquerque,pm25,72,7.0,80.0,15.0,2563.91
2022-10-26,US,San Francisco,pm25,72,9.0,57.0,30.0,1005.88
2022-10-26,US,Salem,pm25,72,10.0,52.0,15.0,521.64
2022-10-26,US,Madison,pm25,48,17.0,49.0,28.0,410.48
2022-10-26,US,Nashville,pm25,61,5.0,47.0,20.0,864.77
2022-10-26,US,Tucson,pm25,133,5.0,55.0,25.0,1517.04
2022-10-26,US,Queens,pm25,87,1.0,48.0,23.0,1064.5
2022-10-26,US,Tallahassee,pm25,72,10.0,56.0,25.0,973.45
2022-10-26,US,Fort Worth,pm25,41,3.0,74.0,18.0,2859.9
2022-10-26,RS,Novi Sad,pm25,48,8.0,149.0,39.0,9112.55
2022-10-26,RS,Niš,pm25,48,39.0,153.0,79.0,6448.94
2022-10-26,RS,Belgrade,pm25,168,19.0,121.0,64.0,4268.89
2022-10-26,CY,Nicosia,pm25,23,10.0,165.0,82.0,17022.3
2022-10-26,CY,Limassol,pm25,24,51.0,100.0,71.0,1756.5
2022-10-26,HR,Zagreb,pm25,14,51.0,113.0,74.0,4175.66
2022-10-26,HR,Rijeka,pm25,71,50.0,84.0,56.0,244.25
2022-10-26,MK,Skopje,pm25,120,24.0,161.0,89.0,10382.6
2022-10-27,GE,Tbilisi,pm25,96,36.0,108.0,59.0,3185.74
2022-10-27,JP,Fukuoka,pm25,398,9.0,109.0,38.0,1854.13
2022-10-27,JP,Kanazawa,pm25,190,5.0,46.0,21.0,887.21
2022-10-27,JP,Kumamoto,pm25,337,5.0,109.0,46.0,4365.64
2022-10-27,JP,Akita,pm25,35,5.0,55.0,25.0,1970.34
2022-10-27,JP,Kochi,pm25,46,5.0,65.0,17.0,2715.27
2022-10-27,JP,Gifu-shi,pm25,166,5.0,80.0,34.0,2974.19
2022-10-27,JP,Kyoto,pm25,536,5.0,74.0,34.0,2254.13
2022-10-27,JP,Hiroshima,pm25,273,5.0,70.0,30.0,2064.39
2022-10-27,JP,Shizuoka,pm25,234,5.0,82.0,30.0,2665.11
2022-10-27,JP,Chiba,pm25,759,5.0,129.0,38.0,3450.77
2022-10-27,JP,Sapporo,pm25,178,5.0,63.0,30.0,1645.84
2022-10-27,JP,Yokohama,pm25,538,1.0,114.0,34.0,2410.31
2022-10-27,JP,Tokyo,pm25,2496,1.0,119.0,38.0,1724.03
2022-10-27,JP,Saitama,pm25,498,5.0,112.0,38.0,2594.29
2022-10-27,JP,Naha,pm25,104,5.0,59.0,17.0,1612.82
2022-10-27,JP,Nagasaki,pm25,186,5.0,80.0,38.0,2019.01
2022-10-27,JP,Toyama,pm25,165,5.0,65.0,21.0,1689.68
2022-10-27,JP,Niigata,pm25,208,5.0,46.0,21.0,677.8
2022-10-27,JP,Nara-shi,pm25,187,9.0,117.0,42.0,3189.06
2022-10-27,JP,Okayama,pm25,285,5.0,80.0,38.0,2707.23
2022-10-27,JP,Sendai,pm25,428,5.0,57.0,17.0,853.47
2022-10-27,JP,Osaka,pm25,1386,5.0,104.0,30.0,2323.41
2022-10-27,JP,Miyazaki,pm25,101,5.0,68.0,25.0,1865.32
2022-10-27,JP,Matsuyama,pm25,144,5.0,89.0,30.0,3543.2
2022-10-27,JP,Wakayama,pm25,285,5.0,76.0,30.0,1826.88
2022-10-27,JP,Takamatsu,pm25,228,5.0,102.0,21.0,1951.4
2022-10-27,JP,Nagoya,pm25,762,5.0,117.0,38.0,2283.14
2022-10-27,JP,Ōita,pm25,239,5.0,102.0,30.0,2494.44
2022-10-27,JP,Kobe,pm25,390,5.0,78.0,21.0,1545.35
2022-10-27,JP,Nagano,pm25,54,5.0,68.0,30.0,3236.38
2022-10-27,JP,Utsunomiya,pm25,401,5.0,82.0,34.0,2106.99
2022-10-27,JP,Kagoshima,pm25,91,13.0,70.0,30.0,2080.75
2022-10-27,SK,Košice,pm25,96,25.0,134.0,57.0,6516.53
2022-10-27,SK,Bratislava,pm25,95,13.0,122.0,50.0,4725.97
2022-10-27,FI,Vantaa,pm25,24,6.0,23.0,13.0,238.53
2022-10-27,FI,Turku,pm25,24,5.0,21.0,10.0,239.71
2022-10-27,FI,Helsinki,pm25,120,5.0,35.0,13.0,503.32
2022-10-27,FI,Tampere,pm25,96,3.0,28.0,10.0,170.38
2022-10-27,ET,Addis Ababa,pm25,24,30.0,107.0,59.0,2672.59
2022-10-27,CH,Zürich,pm25,24,3.0,7.0,4.0,13.46
2022-10-27,CO,Bogotá,pm25,307,6.0,149.0,57.0,6597.96
2022-10-27,CO,Medellín,pm25,302,17.0,82.0,50.0,2801.91
2022-10-27,DK,Copenhagen,pm25,24,22.0,49.0,38.0,561.67
2022-10-27,GB,Edinburgh,pm25,268,4.0,42.0,19.0,1025.93
2022-10-27,GB,Norwich,pm25,21,25.0,43.0,29.0,321.62
2022-10-27,GB,Liverpool,pm25,32,21.0,42.0,30.0,478.62
2022-10-27,GB,Belfast,pm25,77,14.0,51.0,30.0,599.22
2022-10-27,GB,Coventry,pm25,54,30.0,46.0,38.0,157.38
2022-10-27,GB,Leeds,pm25,45,30.0,70.0,48.0,893.77
2022-10-27,GB,Cardiff,pm25,95,5.0,55.0,34.0,1214.31
2022-10-27,GB,Bristol,pm25,68,21.0,61.0,42.0,918.53
2022-10-27,GB,London,pm25,557,5.0,132.0,34.0,2567.93
2022-10-27,GB,Birmingham,pm25,32,28.0,50.0,38.0,295.88
2022-10-27,GB,Sheffield,pm25,78,25.0,78.0,37.0,1001.13
2022-10-27,GB,Newport,pm25,47,13.0,50.0,28.0,862.79
2022-10-27,GB,Leicester,pm25,17,34.0,54.0,38.0,490.59
2022-10-27,GB,Manchester,pm25,76,13.0,53.0,37.0,748.89
2022-10-27,GB,Reading,pm25,48,5.0,50.0,17.0,1751.33
2022-10-27,GB,Plymouth,pm25,34,5.0,55.0,38.0,2106.95
2022-10-27,GB,Glasgow,pm25,569,3.0,64.0,15.0,1352.61
2022-10-27,GB,Preston,pm25,41,17.0,47.0,30.0,526.38
2022-10-27,GB,Swansea,pm25,154,5.0,109.0,34.0,5600.14
2022-10-27,GB,Southend-on-Sea,pm25,44,21.0,56.0,30.0,1267.88
2022-10-27,ID,Jakarta,pm25,23,70.0,124.0,96.0,2557.19
2022-10-27,ML,Bamako,pm25,24,117.0,244.0,158.0,8089.28
2022-10-27,NP,Kathmandu,pm25,48,34.0,149.0,104.0,5531.9
2022-10-27,NP,Pokhara,pm25,24,86.0,103.0,93.0,198.24
2022-10-27,NP,Biratnagar,pm25,33,74.0,168.0,113.0,5724.68
2022-10-27,AU,Sydney,pm25,117,1.0,58.0,11.0,671.48
2022-10-27,AU,Newcastle,pm25,133,1.0,44.0,15.0,769.85
2022-10-27,AU,Launceston,pm25,53,5.0,17.0,5.0,56.31
2022-10-27,AU,Hobart,pm25,20,5.0,38.0,5.0,706.6
2022-10-27,AU,Darwin,pm25,70,1.0,44.0,19.0,1038.69
2022-10-27,AU,Melbourne,pm25,116,1.0,48.0,15.0,814.02
2022-10-27,AU,Canberra,pm25,41,1.0,57.0,13.0,2510.72
2022-10-27,AU,Adelaide,pm25,86,5.0,82.0,17.0,1028.53
2022-10-27,AU,Brisbane,pm25,147,11.0,66.0,31.0,1570.05
2022-10-27,AU,Perth,pm25,90,2.0,21.0,6.0,240.5
2022-10-27,AU,Wollongong,pm25,37,1.0,50.0,9.0,1189.74
2022-10-27,CI,Abidjan,pm25,23,5.0,72.0,17.0,2110.55
2022-10-27,IQ,Baghdad,pm25,24,134.0,185.0,158.0,1714.76
2022-10-27,IS,Reykjavík,pm25,96,12.0,72.0,20.0,728.31
2022-10-27,KG,Bishkek,pm25,23,57.0,87.0,68.0,750.67
2022-10-27,NL,Utrecht,pm25,24,12.0,70.0,27.0,1585.8
2022-10-27,NL,Nijmegen,pm25,48,13.0,64.0,32.0,1829.15
2022-10-27,NL,Haarlem,pm25,142,2.0,84.0,32.0,1861.38
2022-10-27,NL,Eindhoven,pm25,24,17.0,56.0,46.0,1164.76
2022-10-27,NL,Rotterdam,pm25,192,11.0,72.0,28.0,1401.29
2022-10-27,NL,Amsterdam,pm25,259,3.0,59.0,28.0,1180.26
2022-10-27,NL,Dordrecht,pm25,24,17.0,57.0,38.0,1153.03
2022-10-27,NL,Breda,pm25,48,14.0,63.0,32.0,1434.89
2022-10-27,NL,Groningen,pm25,47,3.0,51.0,32.0,1209.07
2022-10-27,NL,Maastricht,pm25,67,5.0,65.0,34.0,2041.74
2022-10-27,NL,The Hague,pm25,72,9.0,56.0,25.0,1569.01
2022-10-27,PT,Lisbon,pm25,53,13.0,33.0,22.0,266.35
2022-10-27,PT,Funchal,pm25,61,1.0,58.0,9.0,1448.18
2022-10-27,CA,Hamilton,pm25,56,5.0,61.0,13.0,2647.06
2022-10-27,CA,Calgary,pm25,74,1.0,52.0,10.0,808.24
2022-10-27,CA,Winnipeg,pm25,22,18.0,30.0,25.0,131.1
2022-10-27,CA,Halifax,pm25,46,4.0,21.0,12.0,300.29
2022-10-27,CA,Kitchener,pm25,24,5.0,30.0,13.0,694.71
2022-10-27,CA,Edmonton,pm25,116,4.0,57.0,12.0,1143.57
2022-10-27,CA,Surrey,pm25,81,2.0,66.0,16.0,2194.5
2022-10-27,CA,Mississauga,pm25,38,5.0,85.0,9.0,3201.46
2022-10-27,CA,Québec,pm25,180,5.0,54.0,14.0,1530.25
2022-10-27,CA,Vancouver,pm25,166,5.0,55.0,25.0,1341.58
2022-10-27,CA,Victoria,pm25,40,5.0,61.0,17.0,1026.26
2022-10-27,CA,Montréal,pm25,379,3.0,56.0,15.0,1187.38
2022-10-27,CA,Toronto,pm25,92,5.0,70.0,13.0,1613.32
2022-10-27,CA,Ottawa,pm25,46,5.0,22.0,9.0,302.49
2022-10-27,CA,London,pm25,28,5.0,63.0,13.0,2758.68
2022-10-27,US,Oklahoma City,pm25,96,14.0,64.0,28.0,779.35
2022-10-27,US,Raleigh,pm25,44,5.0,53.0,16.0,1309.11
2022-10-27,US,Memphis,pm25,71,13.0,56.0,32.0,592.66
2022-10-27,US,Jackson,pm25,72,15.0,113.0,35.0,2818.87
2022-10-27,US,Boston,pm25,102,5.0,42.0,25.0,874.34
2022-10-27,US,Richmond,pm25,96,5.0,62.0,14.0,2292.73
2022-10-27,US,Portland,pm25,192,15.0,80.0,30.0,2502.8
2022-10-27,US,Boise,pm25,20,1.0,33.0,19.0,789.58
2022-10-27,US,Austin,pm25,42,5.0,57.0,25.0,2444.79
2022-10-27,US,Honolulu,pm25,39,5.0,38.0,13.0,505.11
2022-10-27,US,Fresno,pm25,46,1.0,187.0,27.0,9516.85
2022-10-27,US,Milwaukee,pm25,144,20.0,71.0,37.0,1252.48
2022-10-27,US,Hartford,pm25,48,3.0,40.0,12.0,1398.28
2022-10-27,US,Washington D.C.,pm25,84,5.0,25.0,13.0,245.81
2022-10-27,US,Chicago,pm25,216,6.0,73.0,31.0,1740.39
2022-10-27,US,Houston,pm25,96,21.0,81.0,51.0,1589.34
2022-10-27,US,Indianapolis,pm25,140,5.0,130.0,39.0,3596.65
2022-10-27,US,Atlanta,pm25,24,23.0,37.0,30.0,166.88
2022-10-27,US,Charlotte,pm25,67,5.0,104.0,21.0,2834.01
2022-10-27,US,Sacramento,pm25,41,1.0,69.0,17.0,3015.8
2022-10-27,US,Oakland,pm25,113,5.0,59.0,30.0,1413.47
2022-10-27,US,Providence,pm25,38,5.0,38.0,17.0,974.0
2022-10-27,US,Staten Island,pm25,84,1.0,165.0,25.0,6387.42
2022-10-27,US,Brooklyn,pm25,137,1.0,40.0,16.0,1009.81
2022-10-27,US,Springfield,pm25,72,19.0,53.0,28.0,1382.91
2022-10-27,US,The Bronx,pm25,44,2.0,29.0,15.0,692.71
2022-10-27,US,San Jose,pm25,70,5.0,59.0,34.0,2072.14
2022-10-27,US,Los Angeles,pm25,48,35.0,81.0,54.0,890.9
2022-10-27,US,Detroit,pm25,168,6.0,155.0,24.0,3845.86
2022-10-27,US,Little Rock,pm25,47,8.0,135.0,24.0,9338.04
2022-10-27,US,Baltimore,pm25,47,5.0,38.0,14.0,699.68
2022-10-27,US,Phoenix,pm25,187,1.0,106.0,33.0,4392.07
2022-10-27,US,Omaha,pm25,48,5.0,42.0,21.0,550.0
2022-10-27,US,El Paso,pm25,156,5.0,121.0,21.0,4926.17
2022-10-27,US,Seattle,pm25,263,8.0,61.0,25.0,1063.22
2022-10-27,US,Manhattan,pm25,61,1.0,50.0,20.0,1731.79
2022-10-27,US,Miami,pm25,87,18.0,82.0,30.0,879.59
2022-10-27,US,Jacksonville,pm25,144,16.0,75.0,55.0,1119.63
2022-10-27,US,San Antonio,pm25,90,2.0,53.0,27.0,1542.0
2022-10-27,US,Philadelphia,pm25,87,2.0,68.0,14.0,1078.65
2022-10-27,US,San Diego,pm25,24,38.0,59.0,51.0,369.11
2022-10-27,US,Columbus,pm25,48,3.0,36.0,20.0,584.46
2022-10-27,US,Saint Paul,pm25,142,13.0,61.0,37.0,967.6
2022-10-27,US,Denver,pm25,146,5.0,53.0,17.0,1333.98
2022-10-27,US,Salt Lake City,pm25,203,3.0,55.0,15.0,1059.01
2022-10-27,US,Albuquerque,pm25,72,6.0,46.0,12.0,312.86
2022-10-27,US,San Francisco,pm25,71,9.0,61.0,30.0,1311.09
2022-10-27,US,Salem,pm25,72,14.0,69.0,26.0,1849.86
2022-10-27,US,Madison,pm25,48,25.0,66.0,45.0,1073.83
2022-10-27,US,Nashville,pm25,70,5.0,49.0,23.0,958.24
2022-10-27,US,Tucson,pm25,152,5.0,57.0,21.0,1502.92
2022-10-27,US,Queens,pm25,90,2.0,45.0,18.0,888.82
2022-10-27,US,Tallahassee,pm25,69,23.0,72.0,42.0,1113.43
2022-10-27,US,Fort Worth,pm25,48,9.0,55.0,31.0,1417.19
2022-10-27,RS,Novi Sad,pm25,48,41.0,124.0,74.0,4128.61
2022-10-27,RS,Niš,pm25,48,25.0,126.0,75.0,6221.97
2022-10-27,RS,Belgrade,pm25,160,14.0,154.0,71.0,5563.67
2022-10-27,CY,Nicosia,pm25,24,48.0,106.0,71.0,1606.67
2022-10-27,CY,Limassol,pm25,24,51.0,89.0,70.0,781.96
2022-10-27,HR,Zagreb,pm25,24,55.0,83.0,73.0,876.94
2022-10-27,HR,Rijeka,pm25,71,21.0,64.0,40.0,981.87
2022-10-27,MK,Skopje,pm25,120,10.0,158.0,72.0,10879.6
2022-10-28,GE,Tbilisi,pm25,96,17.0,61.0,31.0,918.7
2022-10-28,JP,Fukuoka,pm25,396,5.0,80.0,38.0,1498.57
2022-10-28,JP,Kanazawa,pm25,225,5.0,59.0,21.0,1429.83
2022-10-28,JP,Kumamoto,pm25,369,5.0,104.0,55.0,3520.44
2022-10-28,JP,Akita,pm25,41,5.0,61.0,21.0,1125.72
2022-10-28,JP,Kochi,pm25,48,5.0,65.0,38.0,2441.21
2022-10-28,JP,Gifu-shi,pm25,165,5.0,76.0,30.0,2479.47
2022-10-28,JP,Kyoto,pm25,535,5.0,129.0,38.0,2113.01
2022-10-28,JP,Hiroshima,pm25,296,5.0,70.0,30.0,2028.25
2022-10-28,JP,Shizuoka,pm25,251,5.0,72.0,42.0,2049.64
2022-10-28,JP,Chiba,pm25,799,5.0,158.0,57.0,2289.47
2022-10-28,JP,Sapporo,pm25,182,5.0,59.0,25.0,1149.25
2022-10-28,JP,Yokohama,pm25,546,1.0,82.0,50.0,2060.19
2022-10-28,JP,Tokyo,pm25,2554,5.0,286.0,55.0,1565.59
2022-10-28,JP,Saitama,pm25,501,5.0,109.0,53.0,1775.5
2022-10-28,JP,Naha,pm25,83,5.0,42.0,17.0,1308.35
2022-10-28,JP,Nagasaki,pm25,187,5.0,63.0,42.0,1178.74
2022-10-28,JP,Toyama,pm25,182,5.0,72.0,30.0,2299.64
2022-10-28,JP,Niigata,pm25,210,5.0,59.0,30.0,1151.86
2022-10-28,JP,Nara-shi,pm25,190,9.0,152.0,46.0,2375.55
2022-10-28,JP,Okayama,pm25,287,9.0,139.0,46.0,2654.61
2022-10-28,JP,Sendai,pm25,450,5.0,80.0,30.0,1968.78
2022-10-28,JP,Osaka,pm25,1429,5.0,104.0,38.0,1938.56
2022-10-28,JP,Miyazaki,pm25,103,5.0,91.0,46.0,4147.34
2022-10-28,JP,Matsuyama,pm25,152,5.0,162.0,42.0,3948.73
2022-10-28,JP,Wakayama,pm25,274,5.0,102.0,34.0,1904.29
2022-10-28,JP,Takamatsu,pm25,235,5.0,82.0,30.0,1886.91
2022-10-28,JP,Nagoya,pm25,722,1.0,95.0,30.0,3393.15
2022-10-28,JP,Ōita,pm25,251,5.0,80.0,38.0,1971.35
2022-10-28,JP,Kobe,pm25,393,5.0,68.0,30.0,1478.88
2022-10-28,JP,Nagano,pm25,68,9.0,70.0,34.0,2293.81
2022-10-28,JP,Utsunomiya,pm25,405,9.0,102.0,46.0,2048.09
2022-10-28,JP,Kagoshima,pm25,93,5.0,61.0,42.0,2266.87
2022-10-28,SK,Košice,pm25,96,17.0,91.0,50.0,2505.41
2022-10-28,SK,Bratislava,pm25,90,5.0,74.0,38.0,3253.44
2022-10-28,FI,Vantaa,pm25,24,7.0,38.0,21.0,575.2
2022-10-28,FI,Turku,pm25,10,11.0,26.0,15.0,189.44
2022-10-28,FI,Helsinki,pm25,120,4.0,52.0,31.0,1060.32
2022-10-28,FI,Tampere,pm25,96,6.0,55.0,22.0,722.0
2022-10-28,ET,Addis Ababa,pm25,24,34.0,82.0,61.0,1719.84
2022-10-28,CH,Zürich,pm25,24,3.0,10.0,5.0,34.18
2022-10-28,CO,Bogotá,pm25,302,6.0,167.0,50.0,4722.62
2022-10-28,CO,Medellín,pm25,291,17.0,72.0,50.0,1443.56
2022-10-28,DK,Copenhagen,pm25,24,23.0,59.0,48.0,1141.45
2022-10-28,GB,Edinburgh,pm25,272,2.0,56.0,13.0,986.5
2022-10-28,GB,Norwich,pm25,22,34.0,53.0,46.0,399.42
2022-10-28,GB,Liverpool,pm25,32,17.0,57.0,25.0,567.1
2022-10-28,GB,Belfast,pm25,63,10.0,45.0,30.0,626.23
2022-10-28,GB,Coventry,pm25,50,21.0,41.0,30.0,341.63
2022-10-28,GB,Leeds,pm25,42,34.0,61.0,50.0,686.74
2022-10-28,GB,Cardiff,pm25,94,5.0,50.0,38.0,1176.7
2022-10-28,GB,Bristol,pm25,63,17.0,50.0,30.0,723.28
2022-10-28,GB,London,pm25,560,5.0,84.0,44.0,2415.78
2022-10-28,GB,Birmingham,pm25,38,8.0,47.0,30.0,487.65
2022-10-28,GB,Sheffield,pm25,76,21.0,50.0,34.0,502.72
2022-10-28,GB,Newport,pm25,47,12.0,34.0,21.0,353.23
2022-10-28,GB,Leicester,pm25,23,25.0,43.0,30.0,446.56
2022-10-28,GB,Manchester,pm25,76,12.0,48.0,30.0,749.27
2022-10-28,GB,Reading,pm25,48,5.0,50.0,25.0,1772.34
2022-10-28,GB,Plymouth,pm25,33,13.0,51.0,38.0,1497.35
2022-10-28,GB,Glasgow,pm25,572,6.0,56.0,15.0,1170.46
2022-10-28,GB,Preston,pm25,35,9.0,35.0,25.0,567.87
2022-10-28,GB,Swansea,pm25,165,9.0,68.0,42.0,3092.68
2022-10-28,GB,Southend-on-Sea,pm25,41,17.0,59.0,47.0,1672.05
2022-10-28,ID,Jakarta,pm25,23,54.0,136.0,88.0,4604.94
2022-10-28,ML,Bamako,pm25,23,170.0,243.0,184.0,3004.19
2022-10-28,NP,Kathmandu,pm25,47,68.0,153.0,104.0,4699.18
2022-10-28,NP,Pokhara,pm25,24,93.0,106.0,102.0,156.07
2022-10-28,NP,Biratnagar,pm25,31,93.0,170.0,128.0,5012.0
2022-10-28,AU,Sydney,pm25,106,1.0,64.0,12.0,1103.81
2022-10-28,AU,Newcastle,pm25,113,1.0,68.0,14.0,1100.71
2022-10-28,AU,Launceston,pm25,53,5.0,34.0,5.0,323.06
2022-10-28,AU,Hobart,pm25,31,5.0,17.0,5.0,93.59
2022-10-28,AU,Darwin,pm25,71,6.0,51.0,22.0,955.02
2022-10-28,AU,Melbourne,pm25,124,1.0,45.0,14.0,961.31
2022-10-28,AU,Canberra,pm25,51,1.0,88.0,12.0,5340.07
2022-10-28,AU,Adelaide,pm25,73,3.0,84.0,13.0,1522.55
2022-10-28,AU,Brisbane,pm25,147,3.0,64.0,20.0,1414.96
2022-10-28,AU,Perth,pm25,85,2.0,16.0,5.0,188.01
2022-10-28,AU,Wollongong,pm25,39,1.0,46.0,10.0,1093.94
2022-10-28,CI,Abidjan,pm25,21,5.0,55.0,30.0,2318.62
2022-10-28,IQ,Baghdad,pm25,24,114.0,238.0,169.0,10406.3
2022-10-28,IS,Reykjavík,pm25,96,4.0,46.0,19.0,967.87
2022-10-28,KG,Bishkek,pm25,24,50.0,162.0,74.0,14323.3
2022-10-28,NL,Utrecht,pm25,33,24.0,79.0,50.0,1602.52
2022-10-28,NL,Nijmegen,pm25,48,33.0,64.0,52.0,636.34
2022-10-28,NL,Haarlem,pm25,144,4.0,82.0,51.0,2022.92
2022-10-28,NL,Eindhoven,pm25,24,22.0,70.0,51.0,1933.84
2022-10-28,NL,Rotterdam,pm25,192,22.0,75.0,52.0,557.98
2022-10-28,NL,Amsterdam,pm25,263,8.0,74.0,50.0,1230.48
2022-10-28,NL,Dordrecht,pm25,24,21.0,65.0,50.0,1143.41
2022-10-28,NL,Breda,pm25,48,34.0,70.0,51.0,792.27
2022-10-28,NL,Groningen,pm25,48,24.0,62.0,50.0,789.25
2022-10-28,NL,Maastricht,pm25,94,5.0,74.0,53.0,1129.82
2022-10-28,NL,The Hague,pm25,71,4.0,64.0,50.0,1452.54
2022-10-28,PT,Lisbon,pm25,47,9.0,33.0,18.0,326.18
2022-10-28,PT,Funchal,pm25,66,1.0,30.0,12.0,638.32
2022-10-28,CA,Hamilton,pm25,86,9.0,91.0,25.0,2201.38
2022-10-28,CA,Calgary,pm25,79,1.0,48.0,9.0,1405.3
2022-10-28,CA,Winnipeg,pm25,24,20.0,29.0,25.0,96.23
2022-10-28,CA,Halifax,pm25,46,6.0,28.0,11.0,222.07
2022-10-28,CA,Kitchener,pm25,47,9.0,46.0,21.0,694.53
2022-10-28,CA,Edmonton,pm25,115,2.0,57.0,14.0,2528.6
2022-10-28,CA,Surrey,pm25,74,3.0,47.0,21.0,1013.99
2022-10-28,CA,Mississauga,pm25,69,5.0,68.0,17.0,1826.92
2022-10-28,CA,Québec,pm25,160,5.0,55.0,14.0,583.65
2022-10-28,CA,Vancouver,pm25,153,3.0,58.0,14.0,1367.5
2022-10-28,CA,Victoria,pm25,27,5.0,57.0,17.0,2144.47
2022-10-28,CA,Montréal,pm25,448,3.0,106.0,24.0,2711.07
2022-10-28,CA,Toronto,pm25,118,5.0,91.0,17.0,2856.37
2022-10-28,CA,Ottawa,pm25,67,9.0,55.0,20.0,1318.63
2022-10-28,CA,London,pm25,34,9.0,53.0,21.0,2114.08
2022-10-28,US,Oklahoma City,pm25,96,28.0,75.0,47.0,1198.95
2022-10-28,US,Raleigh,pm25,58,5.0,45.0,22.0,928.69
2022-10-28,US,Memphis,pm25,72,35.0,67.0,49.0,601.69
2022-10-28,US,Jackson,pm25,72,14.0,75.0,56.0,1439.65
2022-10-28,US,Boston,pm25,86,9.0,72.0,21.0,1618.63
2022-10-28,US,Richmond,pm25,96,15.0,34.0,23.0,293.89
2022-10-28,US,Portland,pm25,192,18.0,74.0,39.0,1867.59
2022-10-28,US,Boise,pm25,23,4.0,56.0,19.0,1950.59
2022-10-28,US,Austin,pm25,40,5.0,50.0,21.0,1425.07
2022-10-28,US,Honolulu,pm25,32,5.0,50.0,9.0,942.86
2022-10-28,US,Fresno,pm25,48,6.0,170.0,31.0,5909.72
2022-10-28,US,Milwaukee,pm25,144,17.0,93.0,38.0,2234.28
2022-10-28,US,Hartford,pm25,48,12.0,72.0,15.0,1725.04
2022-10-28,US,Washington D.C.,pm25,95,5.0,42.0,21.0,565.97
2022-10-28,US,Chicago,pm25,216,13.0,72.0,32.0,1380.03
2022-10-28,US,Houston,pm25,94,3.0,86.0,34.0,3328.11
2022-10-28,US,Indianapolis,pm25,143,9.0,180.0,43.0,9347.81
2022-10-28,US,Atlanta,pm25,24,24.0,49.0,28.0,415.49
2022-10-28,US,Charlotte,pm25,70,5.0,53.0,23.0,753.01
2022-10-28,US,Sacramento,pm25,48,9.0,67.0,25.0,2524.4
2022-10-28,US,Oakland,pm25,117,5.0,109.0,34.0,2233.63
2022-10-28,US,Providence,pm25,44,5.0,38.0,17.0,738.12
2022-10-28,US,Staten Island,pm25,82,1.0,162.0,27.0,7224.44
2022-10-28,US,Brooklyn,pm25,142,1.0,130.0,18.0,3510.33
2022-10-28,US,Springfield,pm25,72,23.0,75.0,39.0,1141.85
2022-10-28,US,The Bronx,pm25,48,2.0,31.0,13.0,622.54
2022-10-28,US,San Jose,pm25,91,5.0,74.0,30.0,2148.79
2022-10-28,US,Los Angeles,pm25,48,43.0,97.0,62.0,1068.07
2022-10-28,US,Detroit,pm25,168,12.0,81.0,28.0,1577.03
2022-10-28,US,Little Rock,pm25,47,24.0,127.0,49.0,6652.54
2022-10-28,US,Baltimore,pm25,47,9.0,51.0,24.0,1149.94
2022-10-28,US,Phoenix,pm25,186,1.0,153.0,14.0,5535.94
2022-10-28,US,Omaha,pm25,36,5.0,72.0,21.0,2497.11
2022-10-28,US,El Paso,pm25,141,5.0,90.0,25.0,4007.16
2022-10-28,US,Dallas,pm25,8,5.0,82.0,9.0,6564.11
2022-10-28,US,Seattle,pm25,260,5.0,80.0,34.0,2067.29
2022-10-28,US,Manhattan,pm25,68,1.0,56.0,16.0,1582.94
2022-10-28,US,Miami,pm25,83,11.0,140.0,18.0,3722.01
2022-10-28,US,Jacksonville,pm25,142,19.0,63.0,43.0,934.96
2022-10-28,US,San Antonio,pm25,87,1.0,57.0,25.0,1621.08
2022-10-28,US,Philadelphia,pm25,91,3.0,56.0,18.0,1033.54
2022-10-28,US,San Diego,pm25,24,41.0,79.0,54.0,662.45
2022-10-28,US,Columbus,pm25,48,3.0,53.0,25.0,1174.82
2022-10-28,US,Saint Paul,pm25,144,5.0,196.0,37.0,3052.88
2022-10-28,US,Denver,pm25,148,5.0,57.0,17.0,1231.87
2022-10-28,US,Salt Lake City,pm25,216,6.0,102.0,37.0,2258.88
2022-10-28,US,Albuquerque,pm25,72,8.0,70.0,15.0,2282.67
2022-10-28,US,San Francisco,pm25,71,9.0,109.0,30.0,2279.08
2022-10-28,US,Salem,pm25,72,22.0,68.0,37.0,1224.79
2022-10-28,US,Madison,pm25,48,33.0,91.0,44.0,2886.02
2022-10-28,US,Nashville,pm25,72,5.0,52.0,38.0,1420.21
2022-10-28,US,Tucson,pm25,136,5.0,61.0,17.0,1414.73
2022-10-28,US,Queens,pm25,94,3.0,45.0,16.0,1169.89
2022-10-28,US,Tallahassee,pm25,72,33.0,62.0,53.0,673.68
2022-10-28,US,Fort Worth,pm25,48,10.0,65.0,33.0,1382.09
2022-10-28,RS,Novi Sad,pm25,48,42.0,152.0,85.0,5473.29
2022-10-28,RS,Niš,pm25,40,41.0,151.0,67.0,7025.33
2022-10-28,RS,Belgrade,pm25,160,56.0,145.0,96.0,3775.79
2022-10-28,CY,Nicosia,pm25,24,30.0,125.0,60.0,2848.68
2022-10-28,CY,Limassol,pm25,24,61.0,82.0,65.0,300.87
2022-10-28,HR,Zagreb,pm25,24,31.0,78.0,54.0,2081.72
2022-10-28,HR,Rijeka,pm25,65,15.0,65.0,26.0,1512.59
2022-10-28,MK,Skopje,pm25,120,5.0,155.0,67.0,11873.3
2022-10-29,GE,Tbilisi,pm25,96,18.0,42.0,25.0,378.84
2022-10-29,JP,Fukuoka,pm25,394,5.0,82.0,34.0,1741.11
2022-10-29,JP,Kanazawa,pm25,223,5.0,55.0,21.0,1057.65
2022-10-29,JP,Kumamoto,pm25,367,5.0,117.0,42.0,3079.64
2022-10-29,JP,Akita,pm25,15,5.0,72.0,21.0,3489.81
2022-10-29,JP,Kochi,pm25,48,5.0,55.0,34.0,1440.41
2022-10-29,JP,Gifu-shi,pm25,167,5.0,107.0,25.0,3241.36
2022-10-29,JP,Kyoto,pm25,559,5.0,74.0,34.0,1467.9
2022-10-29,JP,Hiroshima,pm25,271,5.0,61.0,25.0,1668.79
2022-10-29,JP,Shizuoka,pm25,240,5.0,82.0,38.0,2173.95
2022-10-29,JP,Chiba,pm25,778,5.0,109.0,42.0,4616.49
2022-10-29,JP,Sapporo,pm25,171,5.0,46.0,17.0,928.8
2022-10-29,JP,Yokohama,pm25,545,1.0,76.0,34.0,3081.33
2022-10-29,JP,Tokyo,pm25,2546,1.0,117.0,34.0,3037.3
2022-10-29,JP,Saitama,pm25,485,5.0,89.0,38.0,3845.58
2022-10-29,JP,Naha,pm25,92,9.0,55.0,17.0,1614.04
2022-10-29,JP,Nagasaki,pm25,185,5.0,59.0,34.0,1555.1
2022-10-29,JP,Toyama,pm25,188,5.0,70.0,34.0,2229.04
2022-10-29,JP,Niigata,pm25,214,5.0,55.0,25.0,674.12
2022-10-29,JP,Nara-shi,pm25,190,9.0,65.0,38.0,1405.21
2022-10-29,JP,Okayama,pm25,285,5.0,65.0,34.0,1512.42
2022-10-29,JP,Sendai,pm25,465,5.0,89.0,25.0,1655.81
2022-10-29,JP,Osaka,pm25,1395,5.0,76.0,30.0,1232.89
2022-10-29,JP,Miyazaki,pm25,112,5.0,91.0,38.0,2982.39
2022-10-29,JP,Matsuyama,pm25,149,5.0,80.0,34.0,2740.88
2022-10-29,JP,Wakayama,pm25,280,5.0,85.0,30.0,1619.15
2022-10-29,JP,Takamatsu,pm25,229,5.0,63.0,25.0,1519.87
2022-10-29,JP,Nagoya,pm25,598,1.0,42.0,1.0,154.06
2022-10-29,JP,Ōita,pm25,245,5.0,59.0,30.0,1837.87
2022-10-29,JP,Kobe,pm25,394,5.0,59.0,25.0,886.75
2022-10-29,JP,Nagano,pm25,68,5.0,53.0,30.0,2241.2
2022-10-29,JP,Utsunomiya,pm25,377,5.0,215.0,30.0,6114.42
2022-10-29,JP,Kagoshima,pm25,95,21.0,70.0,57.0,872.53
2022-10-29,SK,Košice,pm25,95,5.0,53.0,21.0,1595.16
2022-10-29,SK,Bratislava,pm25,95,5.0,82.0,50.0,2546.87
2022-10-29,FI,Vantaa,pm25,21,1.0,27.0,11.0,520.62
2022-10-29,FI,Helsinki,pm25,117,2.0,36.0,16.0,777.9
2022-10-29,FI,Tampere,pm25,93,1.0,28.0,8.0,320.75
2022-10-29,ET,Addis Ababa,pm25,24,25.0,78.0,61.0,2060.42
2022-10-29,CH,Zürich,pm25,23,3.0,9.0,5.0,26.25
2022-10-29,CO,Bogotá,pm25,312,4.0,107.0,45.0,3858.16
2022-10-29,CO,Medellín,pm25,270,13.0,74.0,46.0,1889.87
2022-10-29,DK,Copenhagen,pm25,24,21.0,56.0,31.0,1008.41
2022-10-29,GB,Edinburgh,pm25,280,1.0,69.0,23.0,787.1
2022-10-29,GB,Norwich,pm25,23,30.0,64.0,48.0,1479.53
2022-10-29,GB,Liverpool,pm25,43,13.0,48.0,26.0,717.54
2022-10-29,GB,Belfast,pm25,62,16.0,53.0,34.0,521.47
2022-10-29,GB,Coventry,pm25,70,18.0,39.0,27.0,160.72
2022-10-29,GB,Leeds,pm25,45,30.0,82.0,53.0,2309.04
2022-10-29,GB,Cardiff,pm25,95,5.0,61.0,38.0,2052.4
2022-10-29,GB,Bristol,pm25,68,13.0,61.0,34.0,1112.32
2022-10-29,GB,London,pm25,558,9.0,234.0,46.0,3255.77
2022-10-29,GB,Birmingham,pm25,45,17.0,58.0,27.0,674.16
2022-10-29,GB,Sheffield,pm25,92,21.0,97.0,39.0,3805.73
2022-10-29,GB,Newport,pm25,45,16.0,39.0,31.0,512.56
2022-10-29,GB,Leicester,pm25,24,21.0,37.0,26.0,242.01
2022-10-29,GB,Manchester,pm25,78,11.0,60.0,36.0,880.5
2022-10-29,GB,Reading,pm25,48,9.0,61.0,30.0,1578.83
2022-10-29,GB,Plymouth,pm25,41,9.0,59.0,34.0,2382.6
2022-10-29,GB,Glasgow,pm25,570,6.0,116.0,28.0,1152.08
2022-10-29,GB,Preston,pm25,45,16.0,34.0,26.0,173.71
2022-10-29,GB,Swansea,pm25,163,5.0,76.0,38.0,4400.43
2022-10-29,GB,Southend-on-Sea,pm25,47,24.0,82.0,51.0,2758.79
2022-10-29,ID,Jakarta,pm25,23,53.0,152.0,98.0,5074.98
2022-10-29,ML,Bamako,pm25,24,95.0,240.0,152.0,15939.1
2022-10-29,NP,Kathmandu,pm25,47,70.0,153.0,109.0,5927.24
2022-10-29,NP,Pokhara,pm25,24,76.0,99.0,88.0,348.62
2022-10-29,NP,Biratnagar,pm25,30,54.0,172.0,87.0,10312.7
2022-10-29,AU,Sydney,pm25,111,1.0,42.0,11.0,902.54
2022-10-29,AU,Newcastle,pm25,136,1.0,39.0,12.0,485.97
2022-10-29,AU,Launceston,pm25,41,5.0,95.0,9.0,2702.05
2022-10-29,AU,Hobart,pm25,10,5.0,9.0,5.0,16.0
2022-10-29,AU,Darwin,pm25,71,3.0,48.0,21.0,818.18
2022-10-29,AU,Melbourne,pm25,141,1.0,72.0,16.0,1621.91
2022-10-29,AU,Canberra,pm25,56,1.0,67.0,14.0,2864.91
2022-10-29,AU,Adelaide,pm25,68,3.0,106.0,10.0,2080.44
2022-10-29,AU,Brisbane,pm25,144,8.0,56.0,17.0,1051.03
2022-10-29,AU,Perth,pm25,77,2.0,17.0,4.0,237.94
2022-10-29,AU,Wollongong,pm25,36,1.0,69.0,8.0,1888.44
2022-10-29,CI,Abidjan,pm25,22,5.0,93.0,57.0,7961.13
2022-10-29,IQ,Baghdad,pm25,24,107.0,177.0,159.0,3528.1
2022-10-29,IS,Reykjavík,pm25,96,4.0,20.0,6.0,145.88
2022-10-29,KG,Bishkek,pm25,24,53.0,153.0,80.0,9698.19
2022-10-29,NL,Utrecht,pm25,48,19.0,82.0,53.0,2411.9
2022-10-29,NL,Nijmegen,pm25,48,35.0,66.0,53.0,519.56
2022-10-29,NL,Haarlem,pm25,142,7.0,91.0,52.0,3321.62
2022-10-29,NL,Eindhoven,pm25,24,40.0,92.0,56.0,1056.74
2022-10-29,NL,Rotterdam,pm25,192,21.0,86.0,55.0,1197.07
2022-10-29,NL,Amsterdam,pm25,262,1.0,85.0,53.0,2727.58
2022-10-29,NL,Dordrecht,pm25,24,30.0,61.0,52.0,745.92
2022-10-29,NL,Breda,pm25,48,37.0,79.0,53.0,644.52
2022-10-29,NL,Groningen,pm25,48,6.0,77.0,42.0,4071.91
2022-10-29,NL,Maastricht,pm25,96,21.0,80.0,53.0,1411.36
2022-10-29,NL,The Hague,pm25,70,20.0,74.0,55.0,1035.17
2022-10-29,PT,Lisbon,pm25,11,21.0,66.0,40.0,2363.64
2022-10-29,PT,Funchal,pm25,57,1.0,35.0,17.0,903.92
2022-10-29,CA,Hamilton,pm25,94,13.0,134.0,42.0,8493.87
2022-10-29,CA,Calgary,pm25,92,5.0,62.0,21.0,2623.42
2022-10-29,CA,Winnipeg,pm25,24,24.0,43.0,28.0,459.11
2022-10-29,CA,Halifax,pm25,46,11.0,32.0,17.0,389.49
2022-10-29,CA,Kitchener,pm25,47,17.0,91.0,34.0,2828.38
2022-10-29,CA,Edmonton,pm25,120,4.0,87.0,16.0,3698.65
2022-10-29,CA,Surrey,pm25,88,14.0,50.0,25.0,814.67
2022-10-29,CA,Mississauga,pm25,69,13.0,76.0,38.0,2329.83
2022-10-29,CA,Québec,pm25,169,12.0,72.0,29.0,1518.1
2022-10-29,CA,Vancouver,pm25,154,8.0,68.0,23.0,797.07
2022-10-29,CA,Victoria,pm25,22,9.0,42.0,25.0,734.22
2022-10-29,CA,Montréal,pm25,468,12.0,108.0,44.0,2244.39
2022-10-29,CA,Toronto,pm25,142,9.0,80.0,38.0,2632.33
2022-10-29,CA,Ottawa,pm25,67,22.0,51.0,38.0,654.57
2022-10-29,CA,London,pm25,45,9.0,82.0,34.0,2356.04
2022-10-29,US,Oklahoma City,pm25,92,31.0,67.0,45.0,937.21
2022-10-29,US,Raleigh,pm25,67,5.0,39.0,21.0,787.38
2022-10-29,US,Memphis,pm25,69,31.0,60.0,40.0,729.61
2022-10-29,US,Jackson,pm25,70,16.0,65.0,46.0,2232.22
2022-10-29,US,Boston,pm25,125,13.0,87.0,34.0,2739.13
2022-10-29,US,Richmond,pm25,96,20.0,56.0,26.0,463.14
2022-10-29,US,Portland,pm25,190,15.0,106.0,56.0,2437.91
2022-10-29,US,Boise,pm25,23,20.0,106.0,49.0,4407.19
2022-10-29,US,Austin,pm25,42,5.0,34.0,17.0,751.82
2022-10-29,US,Honolulu,pm25,39,5.0,30.0,9.0,349.89
2022-10-29,US,Fresno,pm25,48,16.0,142.0,41.0,6700.1
2022-10-29,US,Milwaukee,pm25,141,36.0,165.0,61.0,3500.42
2022-10-29,US,Hartford,pm25,46,15.0,77.0,35.0,2732.14
2022-10-29,US,Washington D.C.,pm25,92,9.0,56.0,23.0,1380.76
2022-10-29,US,Chicago,pm25,209,9.0,114.0,55.0,1841.94
2022-10-29,US,Houston,pm25,93,2.0,65.0,25.0,1167.72
2022-10-29,US,Indianapolis,pm25,136,9.0,191.0,60.0,16749.2
2022-10-29,US,Atlanta,pm25,23,24.0,38.0,28.0,160.28
2022-10-29,US,Charlotte,pm25,69,9.0,53.0,29.0,678.67
2022-10-29,US,Sacramento,pm25,42,2.0,73.0,50.0,3814.59
2022-10-29,US,Oakland,pm25,117,5.0,65.0,42.0,2303.72
2022-10-29,US,Providence,pm25,46,13.0,104.0,34.0,3491.71
2022-10-29,US,Staten Island,pm25,91,4.0,132.0,33.0,5065.23
2022-10-29,US,Brooklyn,pm25,143,1.0,94.0,25.0,3382.16
2022-10-29,US,Springfield,pm25,69,29.0,116.0,60.0,3556.46
2022-10-29,US,The Bronx,pm25,48,5.0,60.0,18.0,2192.18
2022-10-29,US,San Jose,pm25,95,9.0,80.0,38.0,3054.99
2022-10-29,US,Los Angeles,pm25,48,29.0,90.0,63.0,2106.38
2022-10-29,US,Detroit,pm25,168,20.0,131.0,53.0,2476.57
2022-10-29,US,Little Rock,pm25,45,17.0,68.0,40.0,2151.95
2022-10-29,US,Baltimore,pm25,47,17.0,78.0,41.0,1579.53
2022-10-29,US,Phoenix,pm25,167,1.0,187.0,25.0,8719.05
2022-10-29,US,Omaha,pm25,31,5.0,30.0,13.0,424.58
2022-10-29,US,El Paso,pm25,159,4.0,120.0,30.0,3857.2
2022-10-29,US,Dallas,pm25,23,5.0,38.0,30.0,636.92
2022-10-29,US,Seattle,pm25,259,5.0,91.0,46.0,2578.44
2022-10-29,US,Manhattan,pm25,70,1.0,93.0,23.0,3187.72
2022-10-29,US,Miami,pm25,93,14.0,171.0,22.0,5894.27
2022-10-29,US,Jacksonville,pm25,141,15.0,47.0,30.0,304.49
2022-10-29,US,San Antonio,pm25,82,1.0,47.0,22.0,1151.08
2022-10-29,US,Philadelphia,pm25,95,1.0,77.0,31.0,2894.67
2022-10-29,US,San Diego,pm25,24,32.0,65.0,43.0,1016.45
2022-10-29,US,Columbus,pm25,45,8.0,60.0,28.0,2150.07
2022-10-29,US,Saint Paul,pm25,138,13.0,154.0,42.0,2584.33
2022-10-29,US,Denver,pm25,150,5.0,72.0,21.0,2011.76
2022-10-29,US,Salt Lake City,pm25,216,14.0,70.0,47.0,2062.98
2022-10-29,US,Albuquerque,pm25,36,15.0,66.0,21.0,2235.52
2022-10-29,US,San Francisco,pm25,72,9.0,89.0,30.0,2501.75
2022-10-29,US,Salem,pm25,72,36.0,80.0,55.0,1015.11
2022-10-29,US,Madison,pm25,48,34.0,116.0,70.0,4800.41
2022-10-29,US,Nashville,pm25,68,5.0,53.0,29.0,879.67
2022-10-29,US,Tucson,pm25,136,5.0,99.0,17.0,2529.52
2022-10-29,US,Queens,pm25,90,2.0,72.0,26.0,2725.19
2022-10-29,US,Tallahassee,pm25,71,10.0,44.0,35.0,497.14
2022-10-29,US,Fort Worth,pm25,46,13.0,55.0,31.0,1045.49
2022-10-29,RS,Novi Sad,pm25,48,22.0,162.0,74.0,13601.1
2022-10-29,RS,Niš,pm25,38,58.0,160.0,86.0,9992.89
2022-10-29,RS,Belgrade,pm25,168,52.0,177.0,92.0,10802.1
2022-10-29,CY,Nicosia,pm25,24,39.0,91.0,55.0,1568.97
2022-10-29,CY,Limassol,pm25,24,27.0,81.0,55.0,1511.23
2022-10-29,HR,Zagreb,pm25,24,27.0,95.0,45.0,5753.04
2022-10-29,HR,Rijeka,pm25,72,11.0,43.0,25.0,551.35
2022-10-29,MK,Skopje,pm25,120,38.0,166.0,87.0,11299.5
2022-10-30,GE,Tbilisi,pm25,96,21.0,85.0,36.0,1988.0
2022-10-30,JP,Fukuoka,pm25,377,5.0,85.0,25.0,1090.73
2022-10-30,JP,Kanazawa,pm25,206,5.0,53.0,17.0,775.9
2022-10-30,JP,Kumamoto,pm25,319,5.0,107.0,30.0,3083.76
2022-10-30,JP,Akita,pm25,20,9.0,61.0,13.0,2522.21
2022-10-30,JP,Kochi,pm25,44,9.0,50.0,21.0,1208.56
2022-10-30,JP,Gifu-shi,pm25,159,5.0,139.0,25.0,3503.09
2022-10-30,JP,Kyoto,pm25,569,5.0,68.0,30.0,1387.5
2022-10-30,JP,Hiroshima,pm25,269,5.0,68.0,21.0,1537.98
2022-10-30,JP,Shizuoka,pm25,225,5.0,70.0,30.0,1592.0
2022-10-30,JP,Chiba,pm25,728,5.0,114.0,30.0,3421.55
2022-10-30,JP,Sapporo,pm25,176,5.0,46.0,17.0,725.5
2022-10-30,JP,Yokohama,pm25,528,1.0,68.0,25.0,2096.98
2022-10-30,JP,Tokyo,pm25,2512,1.0,160.0,30.0,2416.37
2022-10-30,JP,Saitama,pm25,494,1.0,127.0,34.0,3570.02
2022-10-30,JP,Naha,pm25,133,5.0,50.0,21.0,1667.58
2022-10-30,JP,Nagasaki,pm25,168,5.0,53.0,21.0,802.45
2022-10-30,JP,Toyama,pm25,172,5.0,61.0,25.0,1341.12
2022-10-30,JP,Niigata,pm25,199,5.0,50.0,21.0,975.08
2022-10-30,JP,Nara-shi,pm25,184,9.0,196.0,38.0,3227.53
2022-10-30,JP,Okayama,pm25,272,5.0,114.0,34.0,2560.6
2022-10-30,JP,Sendai,pm25,435,5.0,50.0,17.0,798.79
2022-10-30,JP,Osaka,pm25,1391,5.0,99.0,25.0,1222.69
2022-10-30,JP,Miyazaki,pm25,95,9.0,72.0,30.0,1471.63
2022-10-30,JP,Matsuyama,pm25,136,5.0,70.0,30.0,2347.77
2022-10-30,JP,Wakayama,pm25,269,5.0,114.0,30.0,1521.1
2022-10-30,JP,Takamatsu,pm25,205,5.0,76.0,21.0,1329.07
2022-10-30,JP,Nagoya,pm25,617,1.0,61.0,1.0,322.65
2022-10-30,JP,Ōita,pm25,219,5.0,97.0,21.0,1457.86
2022-10-30,JP,Kobe,pm25,388,5.0,65.0,25.0,1001.76
2022-10-30,JP,Nagano,pm25,61,5.0,65.0,25.0,2802.61
2022-10-30,JP,Utsunomiya,pm25,382,5.0,85.0,25.0,2523.31
2022-10-30,JP,Kagoshima,pm25,92,13.0,61.0,38.0,1202.28
2022-10-30,SK,Košice,pm25,95,9.0,70.0,42.0,2416.95
2022-10-30,SK,Bratislava,pm25,96,13.0,151.0,57.0,8273.0
2022-10-30,FI,Vantaa,pm25,24,6.0,23.0,12.0,305.49
2022-10-30,FI,Helsinki,pm25,120,4.0,30.0,9.0,212.47
2022-10-30,FI,Tampere,pm25,94,3.0,28.0,10.0,264.86
2022-10-30,ET,Addis Ababa,pm25,24,42.0,152.0,61.0,5755.87
2022-10-30,CH,Zürich,pm25,24,4.0,14.0,6.0,63.48
2022-10-30,CO,Bogotá,pm25,310,5.0,142.0,38.0,4443.77
2022-10-30,CO,Medellín,pm25,182,25.0,65.0,46.0,1287.94
2022-10-30,DK,Copenhagen,pm25,24,15.0,63.0,37.0,2995.36
2022-10-30,GB,Edinburgh,pm25,281,4.0,46.0,16.0,405.45
2022-10-30,GB,Norwich,pm25,19,34.0,60.0,50.0,592.75
2022-10-30,GB,Liverpool,pm25,38,17.0,34.0,23.0,215.96
2022-10-30,GB,Belfast,pm25,50,15.0,48.0,30.0,775.25
2022-10-30,GB,Coventry,pm25,63,21.0,32.0,27.0,80.1
2022-10-30,GB,Leeds,pm25,35,30.0,70.0,53.0,829.11
2022-10-30,GB,Cardiff,pm25,96,9.0,50.0,38.0,1038.63
2022-10-30,GB,Bristol,pm25,71,9.0,59.0,34.0,971.57
2022-10-30,GB,London,pm25,562,1.0,61.0,30.0,1517.66
2022-10-30,GB,Birmingham,pm25,30,21.0,37.0,30.0,188.33
2022-10-30,GB,Sheffield,pm25,67,25.0,59.0,38.0,1103.38
2022-10-30,GB,Newport,pm25,40,12.0,38.0,30.0,603.05
2022-10-30,GB,Leicester,pm25,21,21.0,34.0,28.0,98.9
2022-10-30,GB,Manchester,pm25,75,11.0,59.0,33.0,1124.41
2022-10-30,GB,Reading,pm25,45,5.0,50.0,21.0,1002.55
2022-10-30,GB,Plymouth,pm25,41,21.0,56.0,50.0,1735.52
2022-10-30,GB,Glasgow,pm25,571,5.0,63.0,18.0,458.09
2022-10-30,GB,Preston,pm25,44,8.0,45.0,25.0,407.48
2022-10-30,GB,Swansea,pm25,161,9.0,95.0,38.0,3531.8
2022-10-30,GB,Southend-on-Sea,pm25,43,12.0,52.0,27.0,1214.23
2022-10-30,ID,Jakarta,pm25,23,53.0,151.0,86.0,5807.11
2022-10-30,ML,Bamako,pm25,24,99.0,199.0,159.0,9549.55
2022-10-30,NP,Kathmandu,pm25,48,59.0,151.0,91.0,7254.0
2022-10-30,NP,Pokhara,pm25,24,68.0,102.0,78.0,1436.79
2022-10-30,NP,Biratnagar,pm25,31,40.0,153.0,61.0,5075.25
2022-10-30,AU,Sydney,pm25,120,1.0,55.0,10.0,821.01
2022-10-30,AU,Newcastle,pm25,111,1.0,45.0,14.0,993.34
2022-10-30,AU,Launceston,pm25,83,5.0,57.0,5.0,1248.79
2022-10-30,AU,Hobart,pm25,23,5.0,5.0,5.0,0.0
2022-10-30,AU,Darwin,pm25,71,4.0,49.0,21.0,824.13
2022-10-30,AU,Melbourne,pm25,142,1.0,58.0,18.0,1274.01
2022-10-30,AU,Canberra,pm25,55,1.0,176.0,16.0,6197.32
2022-10-30,AU,Adelaide,pm25,79,1.0,71.0,16.0,1571.51
2022-10-30,AU,Brisbane,pm25,144,2.0,61.0,19.0,1480.3
2022-10-30,AU,Perth,pm25,73,2.0,18.0,4.0,279.38
2022-10-30,AU,Wollongong,pm25,22,1.0,69.0,12.0,2735.87
2022-10-30,CI,Abidjan,pm25,24,38.0,74.0,57.0,626.96
2022-10-30,IQ,Baghdad,pm25,24,112.0,219.0,151.0,7621.45
2022-10-30,IS,Reykjavík,pm25,96,2.0,46.0,7.0,445.61
2022-10-30,KG,Bishkek,pm25,24,53.0,134.0,74.0,3435.49
2022-10-30,NL,Utrecht,pm25,48,21.0,79.0,54.0,1900.53
2022-10-30,NL,Nijmegen,pm25,48,27.0,70.0,56.0,846.98
2022-10-30,NL,Haarlem,pm25,143,3.0,97.0,54.0,3993.81
2022-10-30,NL,Eindhoven,pm25,24,16.0,82.0,52.0,2388.53
2022-10-30,NL,Rotterdam,pm25,192,9.0,77.0,57.0,2897.85
2022-10-30,NL,Amsterdam,pm25,262,2.0,91.0,55.0,2535.4
2022-10-30,NL,Dordrecht,pm25,24,25.0,72.0,57.0,2178.26
2022-10-30,NL,Breda,pm25,48,1.0,78.0,57.0,1932.94
2022-10-30,NL,Groningen,pm25,48,25.0,137.0,59.0,2495.28
2022-10-30,NL,Maastricht,pm25,93,21.0,72.0,46.0,1215.1
2022-10-30,NL,The Hague,pm25,71,2.0,69.0,54.0,3248.08
2022-10-30,PT,Lisbon,pm25,19,22.0,54.0,41.0,1085.38
2022-10-30,PT,Funchal,pm25,61,1.0,36.0,12.0,909.87
2022-10-30,CA,Hamilton,pm25,95,25.0,169.0,80.0,8344.83
2022-10-30,CA,Calgary,pm25,90,1.0,27.0,9.0,481.98
2022-10-30,CA,Winnipeg,pm25,24,24.0,42.0,30.0,274.33
2022-10-30,CA,Halifax,pm25,46,13.0,43.0,17.0,611.14
2022-10-30,CA,Kitchener,pm25,48,21.0,95.0,46.0,2627.34
2022-10-30,CA,Edmonton,pm25,121,3.0,132.0,13.0,6740.93
2022-10-30,CA,Surrey,pm25,85,1.0,30.0,10.0,566.3
2022-10-30,CA,Mississauga,pm25,71,25.0,109.0,57.0,2931.35
2022-10-30,CA,Québec,pm25,180,12.0,72.0,33.0,1864.75
2022-10-30,CA,Vancouver,pm25,161,3.0,39.0,13.0,636.52
2022-10-30,CA,Victoria,pm25,22,9.0,42.0,21.0,1018.03
2022-10-30,CA,Montréal,pm25,459,15.0,142.0,33.0,4116.82
2022-10-30,CA,Toronto,pm25,143,13.0,87.0,50.0,2303.32
2022-10-30,CA,Ottawa,pm25,67,25.0,63.0,40.0,1046.63
2022-10-30,CA,London,pm25,41,9.0,72.0,30.0,2711.4
2022-10-30,US,Oklahoma City,pm25,96,39.0,73.0,56.0,654.31
2022-10-30,US,Raleigh,pm25,72,5.0,59.0,26.0,863.36
2022-10-30,US,Memphis,pm25,72,15.0,56.0,39.0,692.94
2022-10-30,US,Jackson,pm25,57,40.0,250.0,56.0,22358.6
2022-10-30,US,Boston,pm25,137,17.0,104.0,42.0,3724.91
2022-10-30,US,Richmond,pm25,96,20.0,69.0,37.0,1442.26
2022-10-30,US,Portland,pm25,192,15.0,124.0,35.0,5114.61
2022-10-30,US,Boise,pm25,24,10.0,112.0,47.0,6893.9
2022-10-30,US,Austin,pm25,41,9.0,85.0,21.0,2873.99
2022-10-30,US,Honolulu,pm25,41,5.0,42.0,9.0,898.22
2022-10-30,US,Fresno,pm25,48,31.0,98.0,62.0,2627.07
2022-10-30,US,Milwaukee,pm25,144,54.0,165.0,79.0,6522.8
2022-10-30,US,Hartford,pm25,48,18.0,88.0,54.0,3805.85
2022-10-30,US,Washington D.C.,pm25,96,13.0,85.0,34.0,3446.89
2022-10-30,US,Chicago,pm25,213,45.0,103.0,65.0,1247.45
2022-10-30,US,Houston,pm25,95,13.0,82.0,39.0,1763.97
2022-10-30,US,Indianapolis,pm25,143,2.0,171.0,51.0,10093.3
2022-10-30,US,Atlanta,pm25,23,17.0,32.0,23.0,233.48
2022-10-30,US,Charlotte,pm25,72,5.0,55.0,30.0,1046.82
2022-10-30,US,Sacramento,pm25,45,17.0,70.0,50.0,1662.55
2022-10-30,US,Oakland,pm25,115,17.0,93.0,46.0,2763.71
2022-10-30,US,Providence,pm25,46,5.0,89.0,55.0,5558.38
2022-10-30,US,Staten Island,pm25,95,2.0,151.0,46.0,5444.38
2022-10-30,US,Brooklyn,pm25,143,1.0,121.0,44.0,5391.34
2022-10-30,US,Springfield,pm25,72,27.0,99.0,48.0,2774.49
2022-10-30,US,The Bronx,pm25,48,3.0,53.0,35.0,1726.17
2022-10-30,US,San Jose,pm25,94,9.0,74.0,50.0,2020.8
2022-10-30,US,Los Angeles,pm25,48,38.0,80.0,59.0,1282.09
2022-10-30,US,Detroit,pm25,161,48.0,122.0,67.0,2407.37
2022-10-30,US,Little Rock,pm25,48,7.0,44.0,25.0,507.38
2022-10-30,US,Baltimore,pm25,48,13.0,73.0,53.0,3559.13
2022-10-30,US,Phoenix,pm25,182,5.0,91.0,40.0,5001.33
2022-10-30,US,Omaha,pm25,31,5.0,25.0,13.0,359.91
2022-10-30,US,El Paso,pm25,160,5.0,88.0,34.0,4721.66
2022-10-30,US,Dallas,pm25,24,17.0,59.0,30.0,950.27
2022-10-30,US,Seattle,pm25,259,5.0,97.0,25.0,2795.24
2022-10-30,US,Manhattan,pm25,71,1.0,81.0,41.0,2666.99
2022-10-30,US,Miami,pm25,95,21.0,31.0,25.0,48.85
2022-10-30,US,Jacksonville,pm25,144,9.0,68.0,36.0,2357.83
2022-10-30,US,San Antonio,pm25,91,5.0,65.0,29.0,1772.59
2022-10-30,US,Philadelphia,pm25,95,3.0,84.0,52.0,2685.2
2022-10-30,US,San Diego,pm25,24,25.0,58.0,49.0,1247.81
2022-10-30,US,Columbus,pm25,48,16.0,64.0,39.0,1796.02
2022-10-30,US,Saint Paul,pm25,144,9.0,158.0,54.0,8399.16
2022-10-30,US,Denver,pm25,138,13.0,74.0,25.0,1942.86
2022-10-30,US,Salt Lake City,pm25,216,5.0,87.0,37.0,3099.19
2022-10-30,US,Albuquerque,pm25,69,9.0,155.0,18.0,6610.44
2022-10-30,US,San Francisco,pm25,71,5.0,80.0,46.0,3875.84
2022-10-30,US,Salem,pm25,72,13.0,78.0,20.0,1611.26
2022-10-30,US,Madison,pm25,48,53.0,105.0,86.0,1875.3
2022-10-30,US,Nashville,pm25,70,5.0,55.0,21.0,1158.59
2022-10-30,US,Tucson,pm25,151,5.0,74.0,25.0,3030.25
2022-10-30,US,Queens,pm25,94,1.0,77.0,49.0,3413.08
2022-10-30,US,Tallahassee,pm25,70,11.0,55.0,21.0,1201.61
2022-10-30,US,Fort Worth,pm25,48,13.0,64.0,35.0,1947.44
2022-10-30,RS,Novi Sad,pm25,47,67.0,165.0,106.0,9083.09
2022-10-30,RS,Niš,pm25,46,66.0,165.0,94.0,9210.05
2022-10-30,RS,Belgrade,pm25,163,31.0,169.0,122.0,7842.91
2022-10-30,CY,Nicosia,pm25,24,43.0,71.0,59.0,506.5
2022-10-30,CY,Limassol,pm25,24,41.0,124.0,55.0,3754.76
2022-10-30,HR,Zagreb,pm25,21,35.0,92.0,67.0,4342.0
2022-10-30,HR,Rijeka,pm25,66,23.0,46.0,33.0,239.12
2022-10-30,MK,Skopje,pm25,120,26.0,167.0,82.0,15288.4
2022-10-31,GE,Tbilisi,pm25,96,40.0,97.0,61.0,2633.88
2022-10-31,JP,Fukuoka,pm25,380,5.0,104.0,34.0,1626.39
2022-10-31,JP,Kanazawa,pm25,196,5.0,53.0,13.0,563.92
2022-10-31,JP,Kumamoto,pm25,339,5.0,114.0,46.0,4243.88
2022-10-31,JP,Akita,pm25,35,5.0,70.0,17.0,3250.76
2022-10-31,JP,Kochi,pm25,48,9.0,68.0,30.0,1279.5
2022-10-31,JP,Gifu-shi,pm25,169,5.0,117.0,46.0,7278.33
2022-10-31,JP,Kyoto,pm25,581,5.0,91.0,38.0,2203.88
2022-10-31,JP,Hiroshima,pm25,266,5.0,68.0,25.0,1797.91
2022-10-31,JP,Shizuoka,pm25,230,5.0,70.0,30.0,1436.39
2022-10-31,JP,Chiba,pm25,735,5.0,152.0,34.0,3564.01
2022-10-31,JP,Sapporo,pm25,190,5.0,63.0,17.0,1517.0
2022-10-31,JP,Yokohama,pm25,536,1.0,61.0,25.0,1230.2
2022-10-31,JP,Tokyo,pm25,2515,1.0,112.0,25.0,1869.9
2022-10-31,JP,Saitama,pm25,480,5.0,151.0,34.0,2651.44
2022-10-31,JP,Naha,pm25,124,5.0,42.0,17.0,858.74
2022-10-31,JP,Nagasaki,pm25,188,9.0,97.0,38.0,3287.01
2022-10-31,JP,Toyama,pm25,173,5.0,68.0,21.0,1536.4
2022-10-31,JP,Niigata,pm25,207,5.0,70.0,21.0,879.69
2022-10-31,JP,Nara-shi,pm25,150,9.0,76.0,42.0,1810.36
2022-10-31,JP,Okayama,pm25,278,5.0,193.0,38.0,19076.9
2022-10-31,JP,Sendai,pm25,431,5.0,46.0,17.0,698.37
2022-10-31,JP,Osaka,pm25,1395,5.0,91.0,34.0,1966.36
2022-10-31,JP,Miyazaki,pm25,104,5.0,68.0,34.0,1798.58
2022-10-31,JP,Matsuyama,pm25,153,5.0,85.0,34.0,2439.4
2022-10-31,JP,Wakayama,pm25,284,5.0,107.0,38.0,2754.66
2022-10-31,JP,Takamatsu,pm25,220,5.0,107.0,21.0,2539.64
2022-10-31,JP,Nagoya,pm25,682,1.0,168.0,42.0,8954.15
2022-10-31,JP,Ōita,pm25,234,5.0,97.0,30.0,2606.82
2022-10-31,JP,Kobe,pm25,393,5.0,87.0,25.0,2041.34
2022-10-31,JP,Nagano,pm25,66,5.0,74.0,25.0,3270.56
2022-10-31,JP,Utsunomiya,pm25,387,5.0,65.0,21.0,1644.55
2022-10-31,JP,Kagoshima,pm25,95,13.0,55.0,38.0,911.46
2022-10-31,SK,Košice,pm25,96,9.0,80.0,34.0,3972.36
2022-10-31,SK,Bratislava,pm25,90,5.0,74.0,38.0,3574.93
2022-10-31,FI,Vantaa,pm25,24,13.0,52.0,18.0,1422.01
2022-10-31,FI,Turku,pm25,13,12.0,51.0,18.0,1046.92
2022-10-31,FI,Helsinki,pm25,118,11.0,62.0,16.0,658.21
2022-10-31,FI,Tampere,pm25,95,9.0,57.0,14.0,429.63
2022-10-31,ET,Addis Ababa,pm25,24,53.0,155.0,65.0,6897.37
2022-10-31,CH,Zürich,pm25,24,4.0,13.0,6.0,40.42
2022-10-31,CO,Bogotá,pm25,240,5.0,155.0,63.0,9942.51
2022-10-31,CO,Medellín,pm25,275,25.0,76.0,50.0,998.64
2022-10-31,DK,Copenhagen,pm25,24,22.0,56.0,40.0,885.2
2022-10-31,GB,Edinburgh,pm25,277,5.0,50.0,17.0,289.74
2022-10-31,GB,Norwich,pm25,23,21.0,84.0,25.0,3134.82
2022-10-31,GB,Liverpool,pm25,43,9.0,30.0,25.0,235.66
2022-10-31,GB,Belfast,pm25,59,14.0,67.0,30.0,1033.57
2022-10-31,GB,Coventry,pm25,42,25.0,51.0,26.0,613.13
2022-10-31,GB,Leeds,pm25,43,24.0,65.0,37.0,724.71
2022-10-31,GB,Cardiff,pm25,93,9.0,53.0,38.0,1286.21
2022-10-31,GB,Bristol,pm25,66,25.0,55.0,34.0,742.54
2022-10-31,GB,London,pm25,530,3.0,74.0,30.0,1981.17
2022-10-31,GB,Birmingham,pm25,44,21.0,87.0,30.0,1625.55
2022-10-31,GB,Sheffield,pm25,81,25.0,65.0,33.0,887.55
2022-10-31,GB,Newport,pm25,44,13.0,35.0,25.0,405.81
2022-10-31,GB,Leicester,pm25,17,25.0,60.0,28.0,1268.82
2022-10-31,GB,Manchester,pm25,80,15.0,50.0,31.0,457.26
2022-10-31,GB,Reading,pm25,42,5.0,42.0,17.0,1294.12
2022-10-31,GB,Plymouth,pm25,35,9.0,53.0,38.0,2117.03
2022-10-31,GB,Glasgow,pm25,570,5.0,54.0,20.0,332.11
2022-10-31,GB,Preston,pm25,46,13.0,34.0,26.0,149.11
2022-10-31,GB,Swansea,pm25,161,5.0,82.0,30.0,3595.62
2022-10-31,GB,Southend-on-Sea,pm25,47,16.0,66.0,26.0,1719.42
2022-10-31,ID,Jakarta,pm25,23,43.0,156.0,81.0,11753.9
2022-10-31,ML,Bamako,pm25,24,70.0,203.0,149.0,17579.1
2022-10-31,NP,Kathmandu,pm25,51,57.0,151.0,90.0,4835.94
2022-10-31,NP,Pokhara,pm25,24,71.0,88.0,80.0,310.42
2022-10-31,NP,Biratnagar,pm25,32,26.0,154.0,54.0,4465.96
2022-10-31,AU,Sydney,pm25,117,1.0,35.0,11.0,570.95
2022-10-31,AU,Newcastle,pm25,118,1.0,49.0,16.0,919.63
2022-10-31,AU,Launceston,pm25,75,5.0,17.0,5.0,83.2
2022-10-31,AU,Hobart,pm25,13,5.0,9.0,5.0,12.31
2022-10-31,AU,Darwin,pm25,72,1.0,51.0,19.0,1064.22
2022-10-31,AU,Melbourne,pm25,140,1.0,58.0,15.0,1412.67
2022-10-31,AU,Canberra,pm25,48,2.0,102.0,16.0,3338.72
2022-10-31,AU,Adelaide,pm25,65,3.0,38.0,12.0,752.53
2022-10-31,AU,Brisbane,pm25,152,6.0,75.0,26.0,1674.07
2022-10-31,AU,Perth,pm25,86,2.0,22.0,9.0,264.46
2022-10-31,AU,Wollongong,pm25,24,3.0,42.0,12.0,882.45
2022-10-31,CI,Abidjan,pm25,24,25.0,117.0,59.0,3853.32
2022-10-31,IQ,Baghdad,pm25,24,74.0,177.0,151.0,11884.8
2022-10-31,IS,Reykjavík,pm25,96,3.0,51.0,6.0,322.13
2022-10-31,KG,Bishkek,pm25,24,46.0,153.0,68.0,10548.6
2022-10-31,NL,Utrecht,pm25,48,10.0,100.0,57.0,3442.96
2022-10-31,NL,Nijmegen,pm25,48,33.0,86.0,59.0,1824.04
2022-10-31,NL,Haarlem,pm25,143,1.0,111.0,59.0,5399.9
2022-10-31,NL,Eindhoven,pm25,24,26.0,103.0,55.0,4396.07
2022-10-31,NL,Rotterdam,pm25,192,12.0,96.0,58.0,4950.15
2022-10-31,NL,Amsterdam,pm25,263,3.0,92.0,55.0,3713.93
2022-10-31,NL,Dordrecht,pm25,24,34.0,87.0,61.0,2596.23
2022-10-31,NL,Breda,pm25,48,38.0,113.0,60.0,2849.36
2022-10-31,NL,Groningen,pm25,48,27.0,70.0,45.0,1210.0
2022-10-31,NL,Maastricht,pm25,95,21.0,89.0,50.0,1468.22
2022-10-31,NL,The Hague,pm25,71,1.0,93.0,56.0,5872.85
2022-10-31,PT,Lisbon,pm25,36,13.0,40.0,18.0,760.66
2022-10-31,PT,Funchal,pm25,41,1.0,36.0,18.0,919.7
2022-10-31,CA,Hamilton,pm25,95,30.0,158.0,78.0,5891.8
2022-10-31,CA,Calgary,pm25,85,1.0,45.0,10.0,762.96
2022-10-31,CA,Winnipeg,pm25,24,20.0,34.0,25.0,123.7
2022-10-31,CA,Halifax,pm25,46,16.0,27.0,20.0,89.49
2022-10-31,CA,Kitchener,pm25,48,34.0,91.0,57.0,2068.15
2022-10-31,CA,Edmonton,pm25,116,2.0,62.0,18.0,2756.49
2022-10-31,CA,Surrey,pm25,94,2.0,128.0,10.0,5745.31
2022-10-31,CA,Mississauga,pm25,70,42.0,78.0,55.0,849.37
2022-10-31,CA,Québec,pm25,174,12.0,71.0,42.0,1701.8
2022-10-31,CA,Vancouver,pm25,165,2.0,191.0,10.0,5870.84
2022-10-31,CA,Victoria,pm25,28,5.0,38.0,17.0,792.86
2022-10-31,CA,Montréal,pm25,463,24.0,109.0,55.0,3031.81
2022-10-31,CA,Toronto,pm25,139,13.0,78.0,55.0,2301.6
2022-10-31,CA,Ottawa,pm25,67,38.0,64.0,54.0,394.21
2022-10-31,CA,London,pm25,39,34.0,72.0,50.0,1014.59
2022-10-31,US,Oklahoma City,pm25,96,20.0,64.0,38.0,1760.28
2022-10-31,US,Raleigh,pm25,69,17.0,68.0,38.0,1273.41
2022-10-31,US,Memphis,pm25,72,21.0,67.0,47.0,1049.0
2022-10-31,US,Jackson,pm25,61,24.0,85.0,55.0,1343.04
2022-10-31,US,Boston,pm25,124,17.0,68.0,30.0,1452.19
2022-10-31,US,Richmond,pm25,96,30.0,53.0,39.0,294.79
2022-10-31,US,Portland,pm25,192,10.0,50.0,17.0,596.74
2022-10-31,US,Boise,pm25,23,10.0,70.0,31.0,3441.5
2022-10-31,US,Austin,pm25,46,5.0,65.0,30.0,2453.8
2022-10-31,US,Honolulu,pm25,42,5.0,25.0,13.0,409.66
2022-10-31,US,Fresno,pm25,48,35.0,109.0,59.0,3486.38
2022-10-31,US,Milwaukee,pm25,144,47.0,152.0,76.0,2999.68
2022-10-31,US,Hartford,pm25,47,23.0,66.0,38.0,1274.44
2022-10-31,US,Washington D.C.,pm25,96,17.0,59.0,36.0,752.07
2022-10-31,US,Chicago,pm25,216,38.0,93.0,65.0,1170.36
2022-10-31,US,Houston,pm25,96,13.0,91.0,53.0,2375.26
2022-10-31,US,Indianapolis,pm25,143,3.0,112.0,34.0,5688.75
2022-10-31,US,Atlanta,pm25,24,18.0,68.0,38.0,2973.03
2022-10-31,US,Charlotte,pm25,72,9.0,59.0,38.0,1251.45
2022-10-31,US,Sacramento,pm25,60,30.0,102.0,46.0,2238.12
2022-10-31,US,Oakland,pm25,115,9.0,74.0,46.0,1943.66
2022-10-31,US,Providence,pm25,47,13.0,68.0,34.0,3411.29
2022-10-31,US,Staten Island,pm25,94,5.0,117.0,40.0,4968.26
2022-10-31,US,Brooklyn,pm25,144,18.0,87.0,42.0,1582.52
2022-10-31,US,Springfield,pm25,72,18.0,96.0,52.0,3032.39
2022-10-31,US,The Bronx,pm25,48,20.0,59.0,38.0,1145.51
2022-10-31,US,San Jose,pm25,96,21.0,76.0,53.0,1828.24
2022-10-31,US,Los Angeles,pm25,47,36.0,100.0,62.0,1442.99
2022-10-31,US,Detroit,pm25,168,25.0,81.0,55.0,1452.88
2022-10-31,US,Little Rock,pm25,47,13.0,98.0,33.0,2689.02
2022-10-31,US,Baltimore,pm25,48,29.0,55.0,42.0,631.02
2022-10-31,US,Phoenix,pm25,189,4.0,117.0,44.0,5744.33
2022-10-31,US,Omaha,pm25,34,5.0,53.0,17.0,1462.1
2022-10-31,US,El Paso,pm25,146,3.0,114.0,30.0,4261.09
2022-10-31,US,Dallas,pm25,24,9.0,65.0,46.0,3210.27
2022-10-31,US,Seattle,pm25,259,1.0,50.0,20.0,1338.55
2022-10-31,US,Manhattan,pm25,71,13.0,71.0,38.0,1681.37
2022-10-31,US,Miami,pm25,92,13.0,50.0,27.0,617.9
2022-10-31,US,Jacksonville,pm25,140,8.0,63.0,24.0,859.78
2022-10-31,US,San Antonio,pm25,93,2.0,63.0,24.0,1731.21
2022-10-31,US,Philadelphia,pm25,96,4.0,80.0,43.0,2817.15
2022-10-31,US,San Diego,pm25,24,23.0,64.0,43.0,1277.1
2022-10-31,US,Columbus,pm25,48,17.0,56.0,30.0,1054.18
2022-10-31,US,Saint Paul,pm25,141,9.0,124.0,63.0,4726.46
2022-10-31,US,Denver,pm25,139,9.0,70.0,21.0,1330.99
2022-10-31,US,Salt Lake City,pm25,216,3.0,61.0,25.0,1874.13
2022-10-31,US,Albuquerque,pm25,72,11.0,58.0,16.0,1350.23
2022-10-31,US,San Francisco,pm25,71,13.0,91.0,53.0,1767.39
2022-10-31,US,Salem,pm25,72,13.0,70.0,24.0,2333.04
2022-10-31,US,Madison,pm25,48,47.0,135.0,91.0,5036.6
2022-10-31,US,Nashville,pm25,72,17.0,72.0,50.0,1764.79
2022-10-31,US,Tucson,pm25,151,5.0,68.0,25.0,1546.45
2022-10-31,US,Queens,pm25,96,5.0,68.0,39.0,1729.08
2022-10-31,US,Tallahassee,pm25,72,14.0,59.0,39.0,1316.4
2022-10-31,US,Fort Worth,pm25,43,5.0,93.0,27.0,4934.0
2022-10-31,RS,Novi Sad,pm25,48,61.0,181.0,110.0,6983.97
2022-10-31,RS,Niš,pm25,48,69.0,175.0,121.0,7889.5
2022-10-31,RS,Belgrade,pm25,168,62.0,166.0,152.0,4630.5
2022-10-31,CY,Nicosia,pm25,24,46.0,76.0,57.0,538.68
2022-10-31,CY,Limassol,pm25,24,50.0,90.0,67.0,1428.97
2022-10-31,HR,Zagreb,pm25,22,58.0,114.0,88.0,1989.81
2022-10-31,HR,Rijeka,pm25,69,34.0,75.0,46.0,776.56
2022-10-31,MK,Skopje,pm25,115,30.0,161.0,76.0,12317.4
2022-11-01,GE,Tbilisi,pm25,96,12.0,54.0,28.0,979.45
2022-11-01,JP,Fukuoka,pm25,388,5.0,91.0,34.0,1664.2
2022-11-01,JP,Kanazawa,pm25,225,5.0,55.0,30.0,1469.86
2022-11-01,JP,Kumamoto,pm25,365,5.0,151.0,55.0,2770.94
2022-11-01,JP,Akita,pm25,37,5.0,50.0,21.0,1338.59
2022-11-01,JP,Kochi,pm25,43,5.0,53.0,30.0,2079.62
2022-11-01,JP,Gifu-shi,pm25,182,5.0,95.0,50.0,5236.72
2022-11-01,JP,Kyoto,pm25,572,5.0,91.0,30.0,1362.98
2022-11-01,JP,Hiroshima,pm25,302,5.0,74.0,34.0,2207.42
2022-11-01,JP,Shizuoka,pm25,233,5.0,61.0,21.0,1182.4
2022-11-01,JP,Chiba,pm25,759,5.0,87.0,34.0,2277.99
2022-11-01,JP,Sapporo,pm25,204,5.0,74.0,21.0,1045.27
2022-11-01,JP,Yokohama,pm25,538,1.0,61.0,25.0,1166.99
2022-11-01,JP,Tokyo,pm25,2510,1.0,78.0,34.0,1380.17
2022-11-01,JP,Saitama,pm25,501,5.0,104.0,34.0,2077.48
2022-11-01,JP,Naha,pm25,81,5.0,30.0,9.0,530.0
2022-11-01,JP,Nagasaki,pm25,182,5.0,74.0,42.0,2019.43
2022-11-01,JP,Toyama,pm25,162,5.0,95.0,42.0,3058.86
2022-11-01,JP,Niigata,pm25,209,5.0,59.0,21.0,580.3
2022-11-01,JP,Nara-shi,pm25,114,5.0,57.0,25.0,1215.44
2022-11-01,JP,Okayama,pm25,280,5.0,152.0,34.0,3722.0
2022-11-01,JP,Sendai,pm25,473,5.0,53.0,25.0,795.93
2022-11-01,JP,Osaka,pm25,1280,5.0,93.0,21.0,948.42
2022-11-01,JP,Miyazaki,pm25,116,5.0,97.0,34.0,2923.96
2022-11-01,JP,Matsuyama,pm25,155,5.0,102.0,53.0,3856.85
2022-11-01,JP,Wakayama,pm25,273,5.0,61.0,25.0,1906.77
2022-11-01,JP,Takamatsu,pm25,227,5.0,57.0,25.0,1365.18
2022-11-01,JP,Nagoya,pm25,756,5.0,117.0,53.0,3481.32
2022-11-01,JP,Ōita,pm25,256,5.0,89.0,42.0,2425.72
2022-11-01,JP,Kobe,pm25,372,5.0,57.0,17.0,688.72
2022-11-01,JP,Nagano,pm25,47,5.0,50.0,25.0,1609.56
2022-11-01,JP,Utsunomiya,pm25,396,5.0,76.0,34.0,1767.37
2022-11-01,JP,Kagoshima,pm25,90,9.0,68.0,42.0,1287.11
2022-11-01,SK,Košice,pm25,92,5.0,61.0,17.0,2806.91
2022-11-01,SK,Bratislava,pm25,87,5.0,76.0,46.0,3085.54
2022-11-01,FI,Vantaa,pm25,24,9.0,30.0,14.0,238.24
2022-11-01,FI,Turku,pm25,24,5.0,26.0,15.0,237.23
2022-11-01,FI,Helsinki,pm25,120,3.0,47.0,20.0,614.87
2022-11-01,FI,Tampere,pm25,96,8.0,35.0,12.0,244.4
2022-11-01,ET,Addis Ababa,pm25,24,46.0,171.0,65.0,8393.91
2022-11-01,CH,Zürich,pm25,20,1.0,7.0,3.0,29.76
2022-11-01,CO,Bogotá,pm25,244,5.0,162.0,70.0,8248.85
2022-11-01,CO,Medellín,pm25,245,30.0,89.0,63.0,1330.3
2022-11-01,DK,Copenhagen,pm25,24,16.0,70.0,31.0,2985.8
2022-11-01,GB,Edinburgh,pm25,267,4.0,43.0,19.0,584.53
2022-11-01,GB,Norwich,pm25,11,19.0,51.0,30.0,756.73
2022-11-01,GB,Liverpool,pm25,37,17.0,37.0,18.0,242.97
2022-11-01,GB,Belfast,pm25,75,16.0,42.0,34.0,380.37
2022-11-01,GB,Coventry,pm25,51,10.0,33.0,21.0,178.24
2022-11-01,GB,Leeds,pm25,33,21.0,61.0,42.0,1291.14
2022-11-01,GB,Cardiff,pm25,69,17.0,57.0,34.0,838.01
2022-11-01,GB,Bristol,pm25,69,5.0,46.0,25.0,664.97
2022-11-01,GB,London,pm25,549,1.0,68.0,25.0,1223.77
2022-11-01,GB,Birmingham,pm25,26,13.0,38.0,25.0,597.79
2022-11-01,GB,Sheffield,pm25,60,17.0,63.0,30.0,1078.47
2022-11-01,GB,Newport,pm25,44,9.0,34.0,21.0,408.65
2022-11-01,GB,Leicester,pm25,19,17.0,50.0,25.0,639.18
2022-11-01,GB,Manchester,pm25,74,9.0,45.0,22.0,642.21
2022-11-01,GB,Reading,pm25,38,5.0,21.0,9.0,139.29
2022-11-01,GB,Plymouth,pm25,40,9.0,51.0,25.0,1647.79
2022-11-01,GB,Glasgow,pm25,571,7.0,52.0,22.0,741.89
2022-11-01,GB,Preston,pm25,41,11.0,40.0,21.0,428.61
2022-11-01,GB,Swansea,pm25,173,5.0,87.0,38.0,2641.09
2022-11-01,GB,Southend-on-Sea,pm25,37,16.0,39.0,29.0,359.1
2022-11-01,ID,Jakarta,pm25,16,73.0,170.0,127.0,10441.0
2022-11-01,ML,Bamako,pm25,24,76.0,170.0,127.0,10404.9
2022-11-01,NP,Kathmandu,pm25,59,50.0,151.0,82.0,5539.82
2022-11-01,NP,Pokhara,pm25,24,63.0,81.0,72.0,309.11
2022-11-01,NP,Biratnagar,pm25,33,35.0,156.0,50.0,5462.97
2022-11-01,AU,Sydney,pm25,103,1.0,55.0,9.0,805.31
2022-11-01,AU,Newcastle,pm25,105,1.0,71.0,12.0,1690.98
2022-11-01,AU,Launceston,pm25,59,5.0,68.0,5.0,1345.52
2022-11-01,AU,Hobart,pm25,32,5.0,17.0,5.0,91.45
2022-11-01,AU,Darwin,pm25,72,1.0,36.0,15.0,648.73
2022-11-01,AU,Melbourne,pm25,126,1.0,60.0,17.0,1366.61
2022-11-01,AU,Canberra,pm25,42,1.0,128.0,14.0,6096.85
2022-11-01,AU,Adelaide,pm25,88,4.0,36.0,13.0,510.0
2022-11-01,AU,Brisbane,pm25,167,1.0,58.0,21.0,1230.84
2022-11-01,AU,Perth,pm25,90,2.0,16.0,6.0,185.39
2022-11-01,AU,Wollongong,pm25,22,5.0,56.0,13.0,2541.32
2022-11-01,CI,Abidjan,pm25,24,17.0,89.0,50.0,4852.1
2022-11-01,IQ,Baghdad,pm25,24,91.0,219.0,164.0,10168.6
2022-11-01,IS,Reykjavík,pm25,96,7.0,39.0,14.0,599.57
2022-11-01,KG,Bishkek,pm25,24,50.0,155.0,72.0,7021.29
2022-11-01,NL,Utrecht,pm25,47,11.0,59.0,30.0,1290.76
2022-11-01,NL,Nijmegen,pm25,45,3.0,61.0,24.0,2633.45
2022-11-01,NL,Haarlem,pm25,138,2.0,77.0,38.0,3015.26
2022-11-01,NL,Eindhoven,pm25,17,4.0,52.0,22.0,1540.07
2022-11-01,NL,Rotterdam,pm25,192,10.0,56.0,24.0,1184.21
2022-11-01,NL,Amsterdam,pm25,261,1.0,66.0,24.0,1579.87
2022-11-01,NL,Dordrecht,pm25,18,1.0,57.0,25.0,3471.63
2022-11-01,NL,Breda,pm25,44,2.0,53.0,23.0,1598.03
2022-11-01,NL,Groningen,pm25,48,5.0,63.0,27.0,2746.59
2022-11-01,NL,Maastricht,pm25,90,5.0,55.0,21.0,1727.75
2022-11-01,NL,The Hague,pm25,72,3.0,55.0,21.0,1252.39
2022-11-01,PT,Lisbon,pm25,17,7.0,19.0,12.0,156.18
2022-11-01,PT,Funchal,pm25,50,1.0,32.0,16.0,693.34
2022-11-01,CA,Hamilton,pm25,96,25.0,78.0,50.0,1537.57
2022-11-01,CA,Calgary,pm25,90,1.0,30.0,15.0,444.64
2022-11-01,CA,Winnipeg,pm25,24,34.0,52.0,40.0,276.94
2022-11-01,CA,Halifax,pm25,46,4.0,29.0,18.0,320.19
2022-11-01,CA,Kitchener,pm25,48,17.0,78.0,38.0,2265.89
2022-11-01,CA,Edmonton,pm25,124,2.0,59.0,19.0,2251.95
2022-11-01,CA,Surrey,pm25,95,1.0,98.0,15.0,1960.9
2022-11-01,CA,Mississauga,pm25,72,21.0,122.0,50.0,2187.17
2022-11-01,CA,Québec,pm25,188,18.0,96.0,54.0,3378.54
2022-11-01,CA,Vancouver,pm25,165,4.0,96.0,15.0,2367.07
2022-11-01,CA,Victoria,pm25,48,5.0,61.0,21.0,1982.34
2022-11-01,CA,Montréal,pm25,430,18.0,113.0,57.0,3323.13
2022-11-01,CA,Toronto,pm25,143,17.0,74.0,53.0,1999.75
2022-11-01,CA,Ottawa,pm25,66,31.0,66.0,51.0,1128.96
2022-11-01,CA,London,pm25,48,21.0,72.0,50.0,1605.81
2022-11-01,US,Oklahoma City,pm25,95,23.0,76.0,34.0,1508.82
2022-11-01,US,Raleigh,pm25,66,5.0,55.0,30.0,1253.64
2022-11-01,US,Memphis,pm25,71,45.0,86.0,61.0,405.54
2022-11-01,US,Jackson,pm25,72,28.0,98.0,64.0,2176.66
2022-11-01,US,Boston,pm25,129,13.0,55.0,30.0,662.81
2022-11-01,US,Richmond,pm25,96,24.0,58.0,39.0,892.9
2022-11-01,US,Portland,pm25,169,9.0,53.0,19.0,846.96
2022-11-01,US,Boise,pm25,21,1.0,31.0,13.0,752.9
2022-11-01,US,Austin,pm25,48,13.0,63.0,34.0,1956.44
2022-11-01,US,Honolulu,pm25,38,5.0,34.0,13.0,456.27
2022-11-01,US,Fresno,pm25,44,3.0,94.0,44.0,5190.67
2022-11-01,US,Milwaukee,pm25,142,35.0,128.0,70.0,3001.31
2022-11-01,US,Hartford,pm25,48,16.0,53.0,37.0,1016.15
2022-11-01,US,Washington D.C.,pm25,93,9.0,55.0,30.0,1383.99
2022-11-01,US,Chicago,pm25,216,31.0,122.0,66.0,1963.1
2022-11-01,US,Houston,pm25,96,20.0,79.0,54.0,1670.1
2022-11-01,US,Indianapolis,pm25,140,9.0,267.0,70.0,17582.4
2022-11-01,US,Atlanta,pm25,24,30.0,66.0,50.0,1628.68
2022-11-01,US,Charlotte,pm25,72,13.0,61.0,42.0,1468.42
2022-11-01,US,Sacramento,pm25,64,2.0,63.0,19.0,2066.26
2022-11-01,US,Oakland,pm25,104,5.0,50.0,13.0,1005.54
2022-11-01,US,Providence,pm25,46,5.0,53.0,25.0,916.47
2022-11-01,US,Staten Island,pm25,90,9.0,153.0,32.0,5337.82
2022-11-01,US,Brooklyn,pm25,144,1.0,57.0,33.0,1033.01
2022-11-01,US,Springfield,pm25,72,24.0,109.0,51.0,5605.25
2022-11-01,US,The Bronx,pm25,48,12.0,48.0,27.0,887.66
2022-11-01,US,San Jose,pm25,79,5.0,57.0,25.0,1891.72
2022-11-01,US,Los Angeles,pm25,48,33.0,71.0,54.0,645.46
2022-11-01,US,Detroit,pm25,168,34.0,124.0,62.0,2387.64
2022-11-01,US,Little Rock,pm25,47,37.0,84.0,58.0,1416.05
2022-11-01,US,Baltimore,pm25,48,17.0,72.0,34.0,1172.98
2022-11-01,US,Phoenix,pm25,188,2.0,122.0,35.0,5021.52
2022-11-01,US,Omaha,pm25,45,5.0,50.0,21.0,833.47
2022-11-01,US,El Paso,pm25,165,2.0,102.0,42.0,4265.61
2022-11-01,US,Dallas,pm25,24,30.0,74.0,53.0,1264.76
2022-11-01,US,Seattle,pm25,259,5.0,61.0,25.0,2037.91
2022-11-01,US,Manhattan,pm25,72,8.0,62.0,34.0,1424.74
2022-11-01,US,Miami,pm25,79,19.0,40.0,25.0,110.51
2022-11-01,US,Jacksonville,pm25,141,15.0,69.0,51.0,2103.91
2022-11-01,US,San Antonio,pm25,85,4.0,120.0,25.0,2672.39
2022-11-01,US,Philadelphia,pm25,96,1.0,93.0,35.0,2468.39
2022-11-01,US,San Diego,pm25,24,36.0,68.0,52.0,1034.71
2022-11-01,US,Columbus,pm25,48,7.0,66.0,38.0,1626.37
2022-11-01,US,Saint Paul,pm25,144,17.0,144.0,51.0,1804.19
2022-11-01,US,Denver,pm25,150,5.0,53.0,21.0,1223.91
2022-11-01,US,Salt Lake City,pm25,216,6.0,53.0,13.0,548.92
2022-11-01,US,Albuquerque,pm25,71,12.0,96.0,22.0,3413.85
2022-11-01,US,San Francisco,pm25,67,5.0,61.0,13.0,779.2
2022-11-01,US,Salem,pm25,72,8.0,60.0,24.0,1505.3
2022-11-01,US,Madison,pm25,48,30.0,128.0,56.0,8366.95
2022-11-01,US,Nashville,pm25,72,9.0,83.0,50.0,2242.8
2022-11-01,US,Tucson,pm25,162,5.0,68.0,25.0,2091.01
2022-11-01,US,Queens,pm25,96,10.0,63.0,32.0,1099.89
2022-11-01,US,Tallahassee,pm25,70,20.0,83.0,43.0,2001.73
2022-11-01,US,Fort Worth,pm25,48,5.0,163.0,40.0,8008.19
2022-11-01,RS,Novi Sad,pm25,48,54.0,169.0,106.0,15874.2
2022-11-01,RS,Niš,pm25,48,77.0,172.0,111.0,10389.3
2022-11-01,RS,Belgrade,pm25,168,62.0,182.0,141.0,10734.9
2022-11-01,CY,Nicosia,pm25,24,41.0,84.0,67.0,1276.94
2022-11-01,CY,Limassol,pm25,24,53.0,85.0,68.0,931.23
2022-11-01,HR,Zagreb,pm25,23,71.0,156.0,81.0,7967.47
2022-11-01,HR,Rijeka,pm25,67,35.0,57.0,48.0,385.3
2022-11-01,MK,Skopje,pm25,119,38.0,176.0,85.0,11168.4
2022-11-02,GE,Tbilisi,pm25,96,11.0,36.0,27.0,589.16
2022-11-02,JP,Fukuoka,pm25,383,5.0,302.0,34.0,4013.94
2022-11-02,JP,Kanazawa,pm25,210,5.0,53.0,17.0,871.91
2022-11-02,JP,Kumamoto,pm25,371,5.0,102.0,50.0,3468.4
2022-11-02,JP,Akita,pm25,36,9.0,93.0,34.0,3657.3
2022-11-02,JP,Kochi,pm25,41,5.0,46.0,21.0,1291.2
2022-11-02,JP,Gifu-shi,pm25,143,5.0,82.0,21.0,2516.96
2022-11-02,JP,Kyoto,pm25,567,5.0,78.0,25.0,1546.04
2022-11-02,JP,Hiroshima,pm25,289,5.0,70.0,30.0,2090.25
2022-11-02,JP,Shizuoka,pm25,212,5.0,74.0,21.0,2650.9
2022-11-02,JP,Chiba,pm25,739,5.0,149.0,34.0,3391.81
2022-11-02,JP,Sapporo,pm25,208,5.0,68.0,34.0,2580.77
2022-11-02,JP,Yokohama,pm25,538,1.0,65.0,30.0,2047.94
2022-11-02,JP,Tokyo,pm25,2486,1.0,144.0,30.0,2645.85
2022-11-02,JP,Saitama,pm25,479,5.0,139.0,30.0,2793.52
2022-11-02,JP,Naha,pm25,113,5.0,38.0,13.0,1152.5
2022-11-02,JP,Nagasaki,pm25,174,5.0,74.0,30.0,2213.6
2022-11-02,JP,Toyama,pm25,177,5.0,70.0,30.0,2251.14
2022-11-02,JP,Niigata,pm25,211,5.0,59.0,21.0,1035.25
2022-11-02,JP,Nara-shi,pm25,131,9.0,70.0,30.0,1446.35
2022-11-02,JP,Okayama,pm25,283,5.0,85.0,25.0,2438.28
2022-11-02,JP,Sendai,pm25,464,5.0,63.0,25.0,1035.31
2022-11-02,JP,Osaka,pm25,1297,5.0,122.0,25.0,1888.16
2022-11-02,JP,Miyazaki,pm25,104,5.0,85.0,34.0,3026.39
2022-11-02,JP,Matsuyama,pm25,152,5.0,89.0,46.0,2904.61
2022-11-02,JP,Wakayama,pm25,279,5.0,72.0,25.0,1469.09
2022-11-02,JP,Takamatsu,pm25,207,5.0,59.0,21.0,1301.98
2022-11-02,JP,Nagoya,pm25,751,5.0,78.0,25.0,1433.86
2022-11-02,JP,Ōita,pm25,259,5.0,80.0,42.0,2169.72
2022-11-02,JP,Kobe,pm25,396,5.0,114.0,21.0,1644.93
2022-11-02,JP,Nagano,pm25,58,5.0,50.0,25.0,1202.44
2022-11-02,JP,Utsunomiya,pm25,398,5.0,68.0,30.0,2301.44
2022-11-02,JP,Kagoshima,pm25,95,13.0,99.0,38.0,1680.35
2022-11-02,SK,Košice,pm25,93,9.0,178.0,59.0,11339.6
2022-11-02,SK,Bratislava,pm25,93,5.0,109.0,53.0,3409.98
2022-11-02,FI,Vantaa,pm25,24,6.0,26.0,12.0,345.63
2022-11-02,FI,Turku,pm25,24,2.0,15.0,9.0,110.14
2022-11-02,FI,Helsinki,pm25,120,3.0,58.0,15.0,1434.96
2022-11-02,FI,Tampere,pm25,96,2.0,70.0,7.0,1346.66
2022-11-02,ET,Addis Ababa,pm25,24,38.0,161.0,68.0,9233.26
2022-11-02,CH,Zürich,pm25,24,1.0,6.0,3.0,19.06
2022-11-02,CO,Bogotá,pm25,333,5.0,169.0,63.0,11401.6
2022-11-02,CO,Medellín,pm25,274,42.0,90.0,65.0,872.59
2022-11-02,DK,Copenhagen,pm25,24,19.0,41.0,28.0,321.09
2022-11-02,GB,Edinburgh,pm25,273,3.0,42.0,11.0,529.46
2022-11-02,GB,Norwich,pm25,20,16.0,35.0,24.0,409.34
2022-11-02,GB,Liverpool,pm25,43,10.0,51.0,17.0,1210.39
2022-11-02,GB,Belfast,pm25,48,15.0,34.0,23.0,250.19
2022-11-02,GB,Coventry,pm25,69,7.0,32.0,18.0,417.68
2022-11-02,GB,Leeds,pm25,44,17.0,46.0,33.0,691.1
2022-11-02,GB,Cardiff,pm25,72,17.0,59.0,42.0,1307.89
2022-11-02,GB,Bristol,pm25,64,13.0,46.0,25.0,759.83
2022-11-02,GB,London,pm25,537,3.0,65.0,28.0,1411.64
2022-11-02,GB,Birmingham,pm25,46,9.0,36.0,22.0,621.15
2022-11-02,GB,Sheffield,pm25,89,7.0,43.0,21.0,572.55
2022-11-02,GB,Newport,pm25,48,13.0,43.0,30.0,899.11
2022-11-02,GB,Leicester,pm25,22,11.0,50.0,25.0,813.27
2022-11-02,GB,Manchester,pm25,78,8.0,50.0,24.0,1196.32
2022-11-02,GB,Reading,pm25,43,5.0,34.0,21.0,813.81
2022-11-02,GB,Plymouth,pm25,37,5.0,63.0,34.0,2841.88
2022-11-02,GB,Glasgow,pm25,572,3.0,42.0,14.0,623.47
2022-11-02,GB,Preston,pm25,44,12.0,44.0,21.0,453.61
2022-11-02,GB,Swansea,pm25,191,9.0,89.0,53.0,3306.75
2022-11-02,GB,Southend-on-Sea,pm25,42,12.0,43.0,27.0,659.98
2022-11-02,ID,Jakarta,pm25,23,55.0,176.0,141.0,14038.7
2022-11-02,ML,Bamako,pm25,24,65.0,198.0,97.0,12983.4
2022-11-02,NP,Kathmandu,pm25,55,34.0,137.0,78.0,5722.17
2022-11-02,NP,Pokhara,pm25,24,60.0,84.0,67.0,600.71
2022-11-02,NP,Biratnagar,pm25,30,35.0,173.0,52.0,5656.33
2022-11-02,AU,Sydney,pm25,120,1.0,97.0,8.0,1379.03
2022-11-02,AU,Newcastle,pm25,122,1.0,37.0,12.0,558.35
2022-11-02,AU,Launceston,pm25,74,5.0,50.0,5.0,789.71
2022-11-02,AU,Hobart,pm25,37,5.0,17.0,5.0,51.89
2022-11-02,AU,Darwin,pm25,71,2.0,45.0,14.0,681.67
2022-11-02,AU,Melbourne,pm25,145,1.0,106.0,17.0,2322.99
2022-11-02,AU,Canberra,pm25,58,1.0,64.0,15.0,2344.26
2022-11-02,AU,Adelaide,pm25,94,3.0,38.0,21.0,591.59
2022-11-02,AU,Brisbane,pm25,183,1.0,60.0,11.0,819.36
2022-11-02,AU,Perth,pm25,73,2.0,17.0,5.0,205.62
2022-11-02,AU,Wollongong,pm25,32,1.0,56.0,10.0,1734.83
2022-11-02,CI,Abidjan,pm25,24,38.0,137.0,59.0,7851.14
2022-11-02,IQ,Baghdad,pm25,24,109.0,232.0,160.0,6354.78
2022-11-02,IS,Reykjavík,pm25,76,4.0,69.0,21.0,4292.64
2022-11-02,KG,Bishkek,pm25,24,38.0,157.0,74.0,10819.5
2022-11-02,NL,Utrecht,pm25,48,4.0,53.0,26.0,1606.59
2022-11-02,NL,Nijmegen,pm25,48,9.0,55.0,25.0,970.48
2022-11-02,NL,Haarlem,pm25,138,1.0,80.0,29.0,2345.44
2022-11-02,NL,Eindhoven,pm25,24,3.0,47.0,30.0,1311.23
2022-11-02,NL,Rotterdam,pm25,192,2.0,57.0,24.0,770.07
2022-11-02,NL,Amsterdam,pm25,246,1.0,129.0,20.0,1825.69
2022-11-02,NL,Dordrecht,pm25,22,5.0,34.0,17.0,500.61
2022-11-02,NL,Breda,pm25,48,7.0,63.0,26.0,1052.27
2022-11-02,NL,Groningen,pm25,46,5.0,45.0,20.0,943.3
2022-11-02,NL,Maastricht,pm25,94,5.0,50.0,21.0,713.4
2022-11-02,NL,The Hague,pm25,72,2.0,43.0,21.0,762.67
2022-11-02,PT,Lisbon,pm25,36,8.0,40.0,13.0,734.86
2022-11-02,PT,Funchal,pm25,54,1.0,39.0,19.0,1110.64
2022-11-02,CA,Hamilton,pm25,95,25.0,119.0,59.0,4095.27
2022-11-02,CA,Calgary,pm25,90,3.0,30.0,16.0,445.22
2022-11-02,CA,Winnipeg,pm25,24,32.0,50.0,38.0,255.49
2022-11-02,CA,Halifax,pm25,45,7.0,35.0,23.0,535.28
2022-11-02,CA,Kitchener,pm25,48,17.0,107.0,46.0,6230.49
2022-11-02,CA,Edmonton,pm25,116,1.0,51.0,20.0,2077.66
2022-11-02,CA,Surrey,pm25,96,3.0,56.0,20.0,1539.77
2022-11-02,CA,Mississauga,pm25,69,13.0,93.0,53.0,4831.43
2022-11-02,CA,Québec,pm25,184,7.0,96.0,25.0,5532.74
2022-11-02,CA,Vancouver,pm25,166,3.0,71.0,17.0,1868.41
2022-11-02,CA,Victoria,pm25,44,5.0,74.0,25.0,2978.79
2022-11-02,CA,Montréal,pm25,440,12.0,96.0,41.0,2234.03
2022-11-02,CA,Toronto,pm25,144,13.0,119.0,63.0,3776.15
2022-11-02,CA,Ottawa,pm25,71,18.0,56.0,42.0,1526.55
2022-11-02,CA,London,pm25,48,9.0,99.0,42.0,6556.59
2022-11-02,US,Oklahoma City,pm25,96,21.0,94.0,53.0,2581.68
2022-11-02,US,Raleigh,pm25,72,5.0,70.0,38.0,1464.79
2022-11-02,US,Memphis,pm25,72,16.0,89.0,48.0,3335.58
2022-11-02,US,Jackson,pm25,72,27.0,157.0,60.0,3675.58
2022-11-02,US,Boston,pm25,138,17.0,68.0,34.0,1618.84
2022-11-02,US,Richmond,pm25,90,27.0,56.0,35.0,897.61
2022-11-02,US,Portland,pm25,191,6.0,66.0,20.0,2722.42
2022-11-02,US,Boise,pm25,21,3.0,60.0,23.0,2867.48
2022-11-02,US,Austin,pm25,48,13.0,63.0,46.0,1435.46
2022-11-02,US,Honolulu,pm25,35,5.0,42.0,13.0,686.34
2022-11-02,US,Fresno,pm25,33,3.0,28.0,11.0,420.51
2022-11-02,US,Milwaukee,pm25,144,31.0,105.0,70.0,2199.04
2022-11-02,US,Hartford,pm25,48,18.0,58.0,32.0,1130.95
2022-11-02,US,Washington D.C.,pm25,90,9.0,65.0,37.0,1585.62
2022-11-02,US,Chicago,pm25,225,30.0,98.0,62.0,1091.67
2022-11-02,US,Houston,pm25,95,28.0,73.0,53.0,905.72
2022-11-02,US,Indianapolis,pm25,141,25.0,193.0,69.0,16738.1
2022-11-02,US,Atlanta,pm25,24,41.0,61.0,54.0,292.59
2022-11-02,US,Charlotte,pm25,72,13.0,60.0,38.0,1332.11
2022-11-02,US,Sacramento,pm25,60,4.0,34.0,13.0,419.47
2022-11-02,US,Oakland,pm25,93,5.0,34.0,17.0,538.07
2022-11-02,US,Providence,pm25,69,9.0,82.0,30.0,2159.88
2022-11-02,US,Staten Island,pm25,76,5.0,104.0,40.0,3549.35
2022-11-02,US,Brooklyn,pm25,144,16.0,85.0,34.0,2010.94
2022-11-02,US,Springfield,pm25,72,23.0,73.0,54.0,1298.52
2022-11-02,US,The Bronx,pm25,48,20.0,72.0,31.0,2077.97
2022-11-02,US,San Jose,pm25,71,5.0,46.0,13.0,922.25
2022-11-02,US,Los Angeles,pm25,47,8.0,51.0,29.0,1036.66
2022-11-02,US,Detroit,pm25,163,58.0,231.0,100.0,8018.31
2022-11-02,US,Little Rock,pm25,45,12.0,99.0,63.0,4058.16
2022-11-02,US,Baltimore,pm25,47,27.0,59.0,47.0,802.46
2022-11-02,US,Phoenix,pm25,184,1.0,94.0,24.0,2347.07
2022-11-02,US,Omaha,pm25,46,9.0,53.0,25.0,1109.61
2022-11-02,US,El Paso,pm25,165,2.0,144.0,34.0,7393.84
2022-11-02,US,Dallas,pm25,23,21.0,63.0,46.0,1943.12
2022-11-02,US,Seattle,pm25,260,5.0,68.0,25.0,1552.96
2022-11-02,US,Manhattan,pm25,71,3.0,77.0,37.0,1793.68
2022-11-02,US,Miami,pm25,91,17.0,29.0,23.0,60.97
2022-11-02,US,Jacksonville,pm25,137,27.0,82.0,57.0,639.95
2022-11-02,US,San Antonio,pm25,93,2.0,76.0,39.0,2443.56
2022-11-02,US,Philadelphia,pm25,94,9.0,116.0,36.0,2309.0
2022-11-02,US,San Diego,pm25,24,23.0,39.0,32.0,244.27
2022-11-02,US,Columbus,pm25,48,13.0,108.0,66.0,5267.66
2022-11-02,US,Saint Paul,pm25,142,13.0,53.0,38.0,780.85
2022-11-02,US,Denver,pm25,144,9.0,53.0,17.0,692.35
2022-11-02,US,Salt Lake City,pm25,216,3.0,54.0,13.0,991.95
2022-11-02,US,Albuquerque,pm25,72,15.0,94.0,20.0,3043.64
2022-11-02,US,San Francisco,pm25,60,5.0,34.0,13.0,662.86
2022-11-02,US,Salem,pm25,72,8.0,92.0,13.0,4593.85
2022-11-02,US,Madison,pm25,48,30.0,63.0,50.0,904.78
2022-11-02,US,Nashville,pm25,71,20.0,77.0,50.0,1974.27
2022-11-02,US,Tucson,pm25,155,5.0,55.0,25.0,1070.02
2022-11-02,US,Queens,pm25,96,15.0,77.0,38.0,2130.34
2022-11-02,US,Tallahassee,pm25,72,21.0,90.0,54.0,1864.97
2022-11-02,US,Fort Worth,pm25,48,9.0,57.0,34.0,1602.34
2022-11-02,RS,Novi Sad,pm25,48,75.0,168.0,107.0,6455.1
2022-11-02,RS,Niš,pm25,48,64.0,140.0,86.0,4073.4
2022-11-02,RS,Belgrade,pm25,165,61.0,168.0,104.0,8127.19
2022-11-02,CY,Nicosia,pm25,24,48.0,87.0,65.0,1103.7
2022-11-02,CY,Limassol,pm25,24,58.0,78.0,68.0,276.94
2022-11-02,HR,Zagreb,pm25,23,60.0,147.0,103.0,5946.76
2022-11-02,HR,Rijeka,pm25,69,34.0,89.0,51.0,748.1
2022-11-02,MK,Skopje,pm25,119,51.0,168.0,113.0,10311.8
2022-11-03,GE,Tbilisi,pm25,96,13.0,45.0,31.0,715.76
2022-11-03,JP,Fukuoka,pm25,395,5.0,127.0,42.0,1924.63
2022-11-03,JP,Kanazawa,pm25,229,5.0,57.0,25.0,1085.72
2022-11-03,JP,Kumamoto,pm25,377,5.0,112.0,57.0,3090.98
2022-11-03,JP,Akita,pm25,38,5.0,63.0,30.0,1785.36
2022-11-03,JP,Kochi,pm25,48,9.0,50.0,25.0,1049.93
2022-11-03,JP,Gifu-shi,pm25,171,5.0,74.0,34.0,2844.3
2022-11-03,JP,Kyoto,pm25,575,9.0,80.0,50.0,2841.57
2022-11-03,JP,Hiroshima,pm25,301,5.0,70.0,38.0,2279.33
2022-11-03,JP,Shizuoka,pm25,215,5.0,76.0,25.0,2493.24
2022-11-03,JP,Chiba,pm25,725,5.0,153.0,42.0,4962.94
2022-11-03,JP,Sapporo,pm25,204,5.0,61.0,21.0,1711.59
2022-11-03,JP,Yokohama,pm25,543,1.0,87.0,34.0,2639.82
2022-11-03,JP,Tokyo,pm25,2574,1.0,124.0,50.0,2955.48
2022-11-03,JP,Saitama,pm25,479,5.0,132.0,53.0,3353.12
2022-11-03,JP,Naha,pm25,103,5.0,57.0,17.0,2009.13
2022-11-03,JP,Nagasaki,pm25,187,5.0,65.0,42.0,1579.15
2022-11-03,JP,Toyama,pm25,172,5.0,61.0,30.0,1565.71
2022-11-03,JP,Niigata,pm25,210,9.0,65.0,25.0,809.92
2022-11-03,JP,Nara-shi,pm25,167,9.0,74.0,46.0,1924.66
2022-11-03,JP,Okayama,pm25,285,17.0,102.0,53.0,1620.95
2022-11-03,JP,Sendai,pm25,470,5.0,57.0,25.0,1065.74
2022-11-03,JP,Osaka,pm25,1379,5.0,107.0,46.0,2559.18
2022-11-03,JP,Miyazaki,pm25,100,9.0,76.0,34.0,2643.74
2022-11-03,JP,Matsuyama,pm25,152,5.0,78.0,38.0,2225.05
2022-11-03,JP,Wakayama,pm25,283,5.0,161.0,42.0,2464.71
2022-11-03,JP,Takamatsu,pm25,179,5.0,72.0,42.0,2642.6
2022-11-03,JP,Nagoya,pm25,783,9.0,95.0,42.0,1611.32
2022-11-03,JP,Ōita,pm25,256,5.0,89.0,53.0,2909.27
2022-11-03,JP,Kobe,pm25,421,5.0,93.0,50.0,3560.45
2022-11-03,JP,Nagano,pm25,70,5.0,61.0,25.0,2265.72
2022-11-03,JP,Utsunomiya,pm25,430,9.0,102.0,46.0,2536.27
2022-11-03,JP,Kagoshima,pm25,93,5.0,76.0,34.0,2331.77
2022-11-03,SK,Košice,pm25,96,30.0,142.0,70.0,5535.79
2022-11-03,SK,Bratislava,pm25,94,13.0,102.0,53.0,4250.19
2022-11-03,FI,Vantaa,pm25,24,5.0,35.0,18.0,896.23
2022-11-03,FI,Turku,pm25,24,9.0,31.0,14.0,186.07
2022-11-03,FI,Helsinki,pm25,120,5.0,54.0,13.0,826.77
2022-11-03,FI,Tampere,pm25,96,8.0,32.0,15.0,263.45
2022-11-03,ET,Addis Ababa,pm25,24,34.0,132.0,61.0,6812.1
2022-11-03,CH,Zürich,pm25,24,1.0,6.0,4.0,12.45
2022-11-03,CO,Bogotá,pm25,321,5.0,160.0,48.0,8280.98
2022-11-03,CO,Medellín,pm25,315,30.0,89.0,61.0,1597.22
2022-11-03,DK,Copenhagen,pm25,24,17.0,35.0,26.0,220.27
2022-11-03,GB,Edinburgh,pm25,275,5.0,63.0,19.0,1196.48
2022-11-03,GB,Norwich,pm25,15,17.0,60.0,21.0,2341.43
2022-11-03,GB,Liverpool,pm25,34,13.0,65.0,25.0,2882.71
2022-11-03,GB,Belfast,pm25,54,8.0,66.0,25.0,1498.31
2022-11-03,GB,Coventry,pm25,55,17.0,63.0,22.0,840.13
2022-11-03,GB,Leeds,pm25,40,25.0,107.0,42.0,2586.87
2022-11-03,GB,Cardiff,pm25,72,17.0,59.0,42.0,831.48
2022-11-03,GB,Bristol,pm25,63,5.0,61.0,30.0,1800.16
2022-11-03,GB,London,pm25,530,2.0,82.0,25.0,2827.5
2022-11-03,GB,Birmingham,pm25,36,21.0,57.0,29.0,1029.23
2022-11-03,GB,Sheffield,pm25,91,21.0,86.0,32.0,1659.46
2022-11-03,GB,Newport,pm25,47,9.0,34.0,17.0,420.72
2022-11-03,GB,Leicester,pm25,22,25.0,60.0,30.0,997.08
2022-11-03,GB,Manchester,pm25,75,17.0,78.0,39.0,1977.84
2022-11-03,GB,Reading,pm25,31,5.0,38.0,13.0,1327.89
2022-11-03,GB,Plymouth,pm25,37,5.0,46.0,30.0,2059.52
2022-11-03,GB,Glasgow,pm25,569,8.0,91.0,20.0,1937.47
2022-11-03,GB,Preston,pm25,46,12.0,97.0,27.0,3931.77
2022-11-03,GB,Swansea,pm25,182,5.0,70.0,34.0,2574.65
2022-11-03,GB,Southend-on-Sea,pm25,38,5.0,62.0,17.0,1588.17
2022-11-03,ID,Jakarta,pm25,30,69.0,168.0,110.0,7424.41
2022-11-03,ML,Bamako,pm25,24,63.0,229.0,109.0,22397.1
2022-11-03,NP,Kathmandu,pm25,48,42.0,153.0,70.0,8008.92
2022-11-03,NP,Pokhara,pm25,24,62.0,91.0,68.0,570.85
2022-11-03,NP,Biratnagar,pm25,32,43.0,175.0,59.0,5778.7
2022-11-03,AU,Sydney,pm25,130,1.0,39.0,12.0,588.02
2022-11-03,AU,Newcastle,pm25,127,1.0,64.0,14.0,1402.71
2022-11-03,AU,Launceston,pm25,70,5.0,53.0,5.0,935.17
2022-11-03,AU,Hobart,pm25,27,5.0,9.0,5.0,28.72
2022-11-03,AU,Darwin,pm25,72,2.0,52.0,22.0,1791.12
2022-11-03,AU,Melbourne,pm25,155,1.0,60.0,20.0,2027.12
2022-11-03,AU,Canberra,pm25,59,1.0,62.0,13.0,1704.0
2022-11-03,AU,Adelaide,pm25,85,4.0,75.0,13.0,928.72
2022-11-03,AU,Brisbane,pm25,197,2.0,56.0,15.0,756.78
2022-11-03,AU,Perth,pm25,73,2.0,16.0,5.0,161.84
2022-11-03,AU,Wollongong,pm25,37,1.0,54.0,12.0,1345.27
2022-11-03,CI,Abidjan,pm25,24,21.0,89.0,61.0,3083.89
2022-11-03,GH,Accra,pm25,3,139.0,418.0,418.0,259470.0
2022-11-03,IQ,Baghdad,pm25,24,85.0,159.0,117.0,6103.41
2022-11-03,IS,Reykjavík,pm25,95,3.0,35.0,10.0,809.28
2022-11-03,KG,Bishkek,pm25,24,46.0,155.0,85.0,15869.5
2022-11-03,NL,Utrecht,pm25,48,13.0,58.0,31.0,1133.08
2022-11-03,NL,Nijmegen,pm25,48,4.0,65.0,26.0,1585.25
2022-11-03,NL,Haarlem,pm25,142,1.0,80.0,26.0,1710.85
2022-11-03,NL,Eindhoven,pm25,24,8.0,42.0,22.0,1015.05
2022-11-03,NL,Rotterdam,pm25,191,8.0,51.0,25.0,317.52
2022-11-03,NL,Amsterdam,pm25,262,1.0,138.0,24.0,1490.66
2022-11-03,NL,Dordrecht,pm25,18,4.0,25.0,13.0,297.81
2022-11-03,NL,Breda,pm25,44,2.0,44.0,23.0,1009.74
2022-11-03,NL,Groningen,pm25,48,9.0,54.0,26.0,1061.42
2022-11-03,NL,Maastricht,pm25,88,5.0,42.0,17.0,666.75
2022-11-03,NL,The Hague,pm25,72,8.0,40.0,25.0,474.22
2022-11-03,PT,Lisbon,pm25,48,9.0,56.0,27.0,1673.72
2022-11-03,PT,Funchal,pm25,42,1.0,33.0,12.0,1145.34
2022-11-03,CA,Hamilton,pm25,95,17.0,114.0,57.0,4706.33
2022-11-03,CA,Calgary,pm25,92,3.0,71.0,22.0,2301.76
2022-11-03,CA,Winnipeg,pm25,24,17.0,32.0,22.0,175.2
2022-11-03,CA,Halifax,pm25,46,7.0,24.0,13.0,166.2
2022-11-03,CA,Kitchener,pm25,47,25.0,134.0,59.0,5352.02
2022-11-03,CA,Edmonton,pm25,128,3.0,124.0,25.0,2602.52
2022-11-03,CA,Surrey,pm25,91,2.0,69.0,24.0,4246.46
2022-11-03,CA,Mississauga,pm25,72,21.0,137.0,61.0,9369.22
2022-11-03,CA,Québec,pm25,176,7.0,78.0,33.0,2456.53
2022-11-03,CA,Vancouver,pm25,167,3.0,56.0,19.0,2105.31
2022-11-03,CA,Victoria,pm25,48,9.0,82.0,38.0,2940.41
2022-11-03,CA,Montréal,pm25,453,18.0,83.0,53.0,1301.45
2022-11-03,CA,Toronto,pm25,132,13.0,157.0,61.0,5960.0
2022-11-03,CA,Ottawa,pm25,72,34.0,65.0,51.0,987.79
2022-11-03,CA,London,pm25,47,17.0,132.0,55.0,10057.7
2022-11-03,US,Oklahoma City,pm25,94,38.0,68.0,55.0,369.74
2022-11-03,US,Raleigh,pm25,70,5.0,63.0,46.0,1416.53
2022-11-03,US,Memphis,pm25,71,34.0,67.0,50.0,567.59
2022-11-03,US,Jackson,pm25,72,33.0,85.0,59.0,1853.36
2022-11-03,US,Boston,pm25,133,13.0,63.0,38.0,1191.98
2022-11-03,US,Richmond,pm25,96,32.0,75.0,55.0,1188.33
2022-11-03,US,Portland,pm25,192,27.0,89.0,56.0,1750.14
2022-11-03,US,Boise,pm25,21,7.0,58.0,27.0,3047.9
2022-11-03,US,Austin,pm25,43,5.0,85.0,42.0,3929.19
2022-11-03,US,Honolulu,pm25,43,5.0,46.0,17.0,1074.3
2022-11-03,US,Fresno,pm25,41,1.0,63.0,15.0,2735.45
2022-11-03,US,Milwaukee,pm25,142,29.0,84.0,52.0,2360.91
2022-11-03,US,Hartford,pm25,48,23.0,164.0,39.0,4994.88
2022-11-03,US,Washington D.C.,pm25,96,9.0,65.0,41.0,2100.1
2022-11-03,US,Chicago,pm25,237,10.0,81.0,42.0,2450.84
2022-11-03,US,Houston,pm25,90,5.0,79.0,40.0,2053.49
2022-11-03,US,Indianapolis,pm25,144,17.0,114.0,54.0,4781.4
2022-11-03,US,Atlanta,pm25,24,40.0,61.0,53.0,195.49
2022-11-03,US,Charlotte,pm25,72,25.0,64.0,46.0,818.8
2022-11-03,US,Sacramento,pm25,60,1.0,38.0,13.0,662.2
2022-11-03,US,Oakland,pm25,94,5.0,57.0,17.0,1321.14
2022-11-03,US,Providence,pm25,69,13.0,68.0,34.0,1770.19
2022-11-03,US,Staten Island,pm25,91,3.0,158.0,48.0,8192.11
2022-11-03,US,Brooklyn,pm25,139,14.0,83.0,39.0,2439.3
2022-11-03,US,Springfield,pm25,72,27.0,68.0,36.0,954.63
2022-11-03,US,The Bronx,pm25,48,14.0,54.0,43.0,1558.56
2022-11-03,US,San Jose,pm25,76,5.0,53.0,17.0,1116.03
2022-11-03,US,Los Angeles,pm25,47,2.0,53.0,22.0,1532.85
2022-11-03,US,Detroit,pm25,168,53.0,161.0,91.0,6833.05
2022-11-03,US,Little Rock,pm25,46,28.0,88.0,53.0,1552.66
2022-11-03,US,Baltimore,pm25,48,13.0,78.0,31.0,3264.1
2022-11-03,US,Phoenix,pm25,183,2.0,46.0,19.0,886.01
2022-11-03,US,Omaha,pm25,35,5.0,59.0,30.0,1387.93
2022-11-03,US,El Paso,pm25,155,5.0,93.0,34.0,4618.49
2022-11-03,US,Dallas,pm25,24,17.0,61.0,42.0,1932.59
2022-11-03,US,Seattle,pm25,262,13.0,65.0,42.0,1469.71
2022-11-03,US,Manhattan,pm25,71,6.0,73.0,40.0,1656.25
2022-11-03,US,Miami,pm25,75,14.0,35.0,22.0,256.49
2022-11-03,US,Jacksonville,pm25,144,12.0,70.0,45.0,1121.91
2022-11-03,US,San Antonio,pm25,93,1.0,73.0,42.0,4000.32
2022-11-03,US,Philadelphia,pm25,94,4.0,66.0,38.0,2245.44
2022-11-03,US,San Diego,pm25,24,15.0,50.0,19.0,778.53
2022-11-03,US,Columbus,pm25,48,13.0,98.0,52.0,3681.06
2022-11-03,US,Saint Paul,pm25,143,25.0,168.0,50.0,2208.12
2022-11-03,US,Denver,pm25,143,9.0,50.0,25.0,641.3
2022-11-03,US,Salt Lake City,pm25,216,5.0,57.0,18.0,1514.21
2022-11-03,US,Albuquerque,pm25,71,3.0,114.0,20.0,4434.03
2022-11-03,US,San Francisco,pm25,63,5.0,80.0,17.0,1850.32
2022-11-03,US,Salem,pm25,71,30.0,118.0,45.0,3630.25
2022-11-03,US,Madison,pm25,48,31.0,57.0,46.0,596.38
2022-11-03,US,Nashville,pm25,71,17.0,78.0,54.0,1534.44
2022-11-03,US,Tucson,pm25,151,5.0,57.0,21.0,1426.59
2022-11-03,US,Queens,pm25,96,7.0,76.0,38.0,4106.67
2022-11-03,US,Tallahassee,pm25,51,25.0,109.0,60.0,2184.33
2022-11-03,US,Fort Worth,pm25,46,10.0,65.0,50.0,1629.26
2022-11-03,RS,Novi Sad,pm25,48,75.0,170.0,111.0,6731.91
2022-11-03,RS,Niš,pm25,48,94.0,181.0,152.0,5507.5
2022-11-03,RS,Belgrade,pm25,160,71.0,153.0,105.0,2807.97
2022-11-03,CY,Nicosia,pm25,24,54.0,90.0,64.0,840.0
2022-11-03,CY,Limassol,pm25,24,55.0,90.0,64.0,672.45
2022-11-03,HR,Zagreb,pm25,24,59.0,151.0,73.0,5913.03
2022-11-03,HR,Rijeka,pm25,66,28.0,86.0,40.0,812.41
2022-11-03,MK,Skopje,pm25,120,57.0,184.0,120.0,10349.1
2022-11-04,GE,Tbilisi,pm25,96,23.0,52.0,35.0,624.76
2022-11-04,JP,Fukuoka,pm25,396,9.0,95.0,46.0,2166.49
2022-11-04,JP,Kanazawa,pm25,211,5.0,63.0,21.0,1398.79
2022-11-04,JP,Kumamoto,pm25,371,5.0,114.0,50.0,3119.12
2022-11-04,JP,Akita,pm25,37,9.0,87.0,25.0,2778.21
2022-11-04,JP,Kochi,pm25,48,17.0,80.0,53.0,1267.22
2022-11-04,JP,Gifu-shi,pm25,169,5.0,72.0,38.0,2830.18
2022-11-04,JP,Kyoto,pm25,569,5.0,89.0,50.0,2473.5
2022-11-04,JP,Hiroshima,pm25,311,5.0,82.0,38.0,2282.67
2022-11-04,JP,Shizuoka,pm25,237,5.0,93.0,38.0,3411.1
2022-11-04,JP,Chiba,pm25,732,5.0,117.0,42.0,6593.82
2022-11-04,JP,Sapporo,pm25,209,5.0,65.0,34.0,1670.48
2022-11-04,JP,Yokohama,pm25,501,1.0,82.0,34.0,2914.91
2022-11-04,JP,Tokyo,pm25,2451,1.0,132.0,42.0,4450.2
2022-11-04,JP,Saitama,pm25,464,5.0,97.0,38.0,5226.14
2022-11-04,JP,Naha,pm25,123,5.0,57.0,30.0,2153.23
2022-11-04,JP,Nagasaki,pm25,189,5.0,82.0,50.0,2319.51
2022-11-04,JP,Toyama,pm25,181,5.0,97.0,21.0,2587.21
2022-11-04,JP,Niigata,pm25,173,5.0,38.0,21.0,549.26
2022-11-04,JP,Nara-shi,pm25,178,9.0,82.0,57.0,2773.81
2022-11-04,JP,Okayama,pm25,288,5.0,80.0,42.0,1752.51
2022-11-04,JP,Sendai,pm25,399,5.0,57.0,17.0,968.2
2022-11-04,JP,Osaka,pm25,1376,5.0,104.0,53.0,3010.77
2022-11-04,JP,Miyazaki,pm25,110,9.0,85.0,57.0,3002.52
2022-11-04,JP,Matsuyama,pm25,160,5.0,85.0,46.0,3021.56
2022-11-04,JP,Wakayama,pm25,282,9.0,91.0,55.0,2112.27
2022-11-04,JP,Takamatsu,pm25,237,5.0,87.0,46.0,2173.69
2022-11-04,JP,Nagoya,pm25,777,5.0,102.0,46.0,2812.22
2022-11-04,JP,Ōita,pm25,259,5.0,74.0,46.0,3006.24
2022-11-04,JP,Kobe,pm25,412,9.0,72.0,53.0,2608.09
2022-11-04,JP,Nagano,pm25,55,5.0,38.0,17.0,384.9
2022-11-04,JP,Utsunomiya,pm25,386,5.0,93.0,30.0,3308.19
2022-11-04,JP,Kagoshima,pm25,89,34.0,85.0,59.0,1164.77
2022-11-04,SK,Košice,pm25,96,50.0,153.0,70.0,3388.14
2022-11-04,SK,Bratislava,pm25,87,5.0,124.0,68.0,6770.26
2022-11-04,FI,Vantaa,pm25,23,11.0,26.0,20.0,126.28
2022-11-04,FI,Turku,pm25,22,1.0,27.0,13.0,370.39
2022-11-04,FI,Helsinki,pm25,120,4.0,56.0,19.0,1598.71
2022-11-04,FI,Tampere,pm25,96,9.0,35.0,18.0,281.36
2022-11-04,ET,Addis Ababa,pm25,24,38.0,166.0,61.0,10220.9
2022-11-04,CH,Zürich,pm25,17,1.0,2.0,1.0,2.57
2022-11-04,CO,Bogotá,pm25,333,4.0,153.0,61.0,7493.65
2022-11-04,CO,Medellín,pm25,297,17.0,91.0,59.0,3467.48
2022-11-04,DK,Copenhagen,pm25,24,21.0,57.0,37.0,1058.68
2022-11-04,GB,Edinburgh,pm25,277,4.0,46.0,13.0,445.3
2022-11-04,GB,Norwich,pm25,17,24.0,65.0,30.0,2307.35
2022-11-04,GB,Liverpool,pm25,28,25.0,57.0,34.0,859.95
2022-11-04,GB,Belfast,pm25,68,16.0,53.0,34.0,1002.06
2022-11-04,GB,Coventry,pm25,56,34.0,86.0,48.0,1425.56
2022-11-04,GB,Leeds,pm25,35,25.0,99.0,46.0,2812.81
2022-11-04,GB,Cardiff,pm25,83,5.0,144.0,42.0,9507.18
2022-11-04,GB,Bristol,pm25,67,21.0,124.0,38.0,2834.06
2022-11-04,GB,London,pm25,560,5.0,149.0,42.0,4623.96
2022-11-04,GB,Birmingham,pm25,35,38.0,61.0,49.0,462.55
2022-11-04,GB,Sheffield,pm25,67,25.0,117.0,42.0,1662.84
2022-11-04,GB,Newport,pm25,46,8.0,142.0,18.0,10987.5
2022-11-04,GB,Leicester,pm25,21,42.0,90.0,54.0,2188.57
2022-11-04,GB,Manchester,pm25,80,17.0,70.0,54.0,1528.04
2022-11-04,GB,Reading,pm25,48,13.0,68.0,38.0,2035.16
2022-11-04,GB,Plymouth,pm25,39,5.0,50.0,21.0,1445.64
2022-11-04,GB,Glasgow,pm25,569,5.0,60.0,20.0,1588.37
2022-11-04,GB,Preston,pm25,43,12.0,78.0,50.0,2409.87
2022-11-04,GB,Swansea,pm25,186,5.0,164.0,34.0,12928.4
2022-11-04,GB,Southend-on-Sea,pm25,46,14.0,84.0,30.0,2986.54
2022-11-04,ID,Jakarta,pm25,71,59.0,164.0,122.0,8189.09
2022-11-04,ML,Bamako,pm25,24,57.0,247.0,95.0,25100.9
2022-11-04,NP,Kathmandu,pm25,48,68.0,173.0,112.0,8083.67
2022-11-04,NP,Pokhara,pm25,24,61.0,78.0,68.0,324.33
2022-11-04,NP,Biratnagar,pm25,32,51.0,170.0,64.0,7986.45
2022-11-04,AU,Sydney,pm25,130,1.0,54.0,14.0,637.33
2022-11-04,AU,Newcastle,pm25,125,1.0,60.0,18.0,1254.87
2022-11-04,AU,Launceston,pm25,90,5.0,21.0,5.0,179.88
2022-11-04,AU,Hobart,pm25,31,5.0,13.0,5.0,51.96
2022-11-04,AU,Darwin,pm25,70,6.0,72.0,34.0,2404.53
2022-11-04,AU,Melbourne,pm25,151,1.0,54.0,14.0,1179.33
2022-11-04,AU,Canberra,pm25,52,2.0,52.0,16.0,2529.97
2022-11-04,AU,Adelaide,pm25,84,4.0,79.0,13.0,2116.64
2022-11-04,AU,Brisbane,pm25,213,2.0,58.0,18.0,676.48
2022-11-04,AU,Perth,pm25,86,2.0,14.0,5.0,153.34
2022-11-04,AU,Wollongong,pm25,45,2.0,59.0,14.0,1028.16
2022-11-04,CI,Abidjan,pm25,23,30.0,134.0,59.0,9430.4
2022-11-04,IQ,Baghdad,pm25,24,57.0,165.0,93.0,10779.1
2022-11-04,IS,Reykjavík,pm25,96,2.0,20.0,9.0,164.16
2022-11-04,KG,Bishkek,pm25,24,76.0,168.0,122.0,6495.87
2022-11-04,NL,Utrecht,pm25,46,4.0,71.0,35.0,3615.0
2022-11-04,NL,Nijmegen,pm25,47,7.0,60.0,31.0,2211.67
2022-11-04,NL,Haarlem,pm25,126,1.0,53.0,16.0,1284.14
2022-11-04,NL,Eindhoven,pm25,20,2.0,54.0,15.0,1200.42
2022-11-04,NL,Rotterdam,pm25,192,5.0,55.0,24.0,1433.29
2022-11-04,NL,Amsterdam,pm25,227,1.0,77.0,20.0,2403.04
2022-11-04,NL,Dordrecht,pm25,20,1.0,30.0,13.0,733.13
2022-11-04,NL,Breda,pm25,24,1.0,170.0,24.0,12249.3
2022-11-04,NL,Groningen,pm25,28,3.0,47.0,11.0,1509.89
2022-11-04,NL,Maastricht,pm25,86,5.0,59.0,21.0,1742.33
2022-11-04,NL,The Hague,pm25,71,4.0,40.0,16.0,553.12
2022-11-04,PT,Lisbon,pm25,44,8.0,24.0,14.0,142.6
2022-11-04,PT,Funchal,pm25,32,1.0,40.0,21.0,1415.48
2022-11-04,CA,Hamilton,pm25,91,13.0,76.0,42.0,2027.73
2022-11-04,CA,Calgary,pm25,84,13.0,69.0,30.0,2278.91
2022-11-04,CA,Winnipeg,pm25,22,17.0,22.0,18.0,19.74
2022-11-04,CA,Halifax,pm25,44,13.0,45.0,27.0,875.07
2022-11-04,CA,Kitchener,pm25,46,9.0,72.0,50.0,1879.92
2022-11-04,CA,Edmonton,pm25,121,21.0,96.0,43.0,1587.66
2022-11-04,CA,Surrey,pm25,69,1.0,57.0,6.0,1154.85
2022-11-04,CA,Mississauga,pm25,71,17.0,89.0,42.0,3048.57
2022-11-04,CA,Québec,pm25,176,27.0,84.0,53.0,1881.6
2022-11-04,CA,Vancouver,pm25,146,1.0,37.0,7.0,609.74
2022-11-04,CA,Victoria,pm25,34,5.0,50.0,17.0,1402.35
2022-11-04,CA,Montréal,pm25,442,18.0,71.0,44.0,1189.63
2022-11-04,CA,Toronto,pm25,127,9.0,72.0,38.0,2690.79
2022-11-04,CA,Ottawa,pm25,57,29.0,78.0,61.0,3272.13
2022-11-04,CA,London,pm25,47,13.0,65.0,42.0,1482.81
2022-11-04,US,Oklahoma City,pm25,96,4.0,50.0,23.0,994.08
2022-11-04,US,Raleigh,pm25,72,17.0,60.0,38.0,1263.0
2022-11-04,US,Memphis,pm25,72,33.0,74.0,62.0,782.06
2022-11-04,US,Jackson,pm25,72,13.0,90.0,46.0,4455.82
2022-11-04,US,Boston,pm25,120,13.0,74.0,25.0,771.48
2022-11-04,US,Richmond,pm25,96,30.0,69.0,36.0,866.6
2022-11-04,US,Portland,pm25,191,5.0,57.0,12.0,871.36
2022-11-04,US,Boise,pm25,23,2.0,40.0,23.0,774.51
2022-11-04,US,Austin,pm25,45,5.0,57.0,25.0,1666.16
2022-11-04,US,Honolulu,pm25,47,5.0,42.0,25.0,943.14
2022-11-04,US,Fresno,pm25,48,8.0,109.0,43.0,3532.27
2022-11-04,US,Milwaukee,pm25,141,3.0,66.0,52.0,1746.63
2022-11-04,US,Hartford,pm25,48,20.0,51.0,30.0,478.44
2022-11-04,US,Washington D.C.,pm25,81,9.0,69.0,34.0,1554.44
2022-11-04,US,Chicago,pm25,239,14.0,68.0,49.0,1708.84
2022-11-04,US,Houston,pm25,96,13.0,53.0,33.0,932.61
2022-11-04,US,Indianapolis,pm25,129,13.0,85.0,55.0,2232.75
2022-11-04,US,Atlanta,pm25,24,35.0,64.0,56.0,936.45
2022-11-04,US,Charlotte,pm25,71,17.0,65.0,50.0,1580.94
2022-11-04,US,Sacramento,pm25,67,9.0,78.0,26.0,3032.3
2022-11-04,US,Oakland,pm25,85,5.0,70.0,25.0,1325.23
2022-11-04,US,Providence,pm25,68,5.0,55.0,25.0,1753.47
2022-11-04,US,Staten Island,pm25,94,6.0,82.0,38.0,3933.63
2022-11-04,US,Brooklyn,pm25,144,8.0,79.0,39.0,2833.14
2022-11-04,US,Springfield,pm25,72,39.0,67.0,56.0,553.45
2022-11-04,US,The Bronx,pm25,48,15.0,79.0,35.0,3693.17
2022-11-04,US,San Jose,pm25,91,5.0,50.0,17.0,958.3
2022-11-04,US,Los Angeles,pm25,48,4.0,68.0,30.0,2620.85
2022-11-04,US,Detroit,pm25,168,46.0,73.0,57.0,253.23
2022-11-04,US,Little Rock,pm25,46,1.0,60.0,40.0,2891.54
2022-11-04,US,Baltimore,pm25,48,17.0,53.0,29.0,666.06
2022-11-04,US,Phoenix,pm25,190,1.0,99.0,30.0,3439.91
2022-11-04,US,Omaha,pm25,17,5.0,42.0,21.0,1353.6
2022-11-04,US,El Paso,pm25,128,5.0,107.0,17.0,2224.26
2022-11-04,US,Dallas,pm25,18,5.0,17.0,13.0,222.22
2022-11-04,US,Seattle,pm25,220,1.0,63.0,17.0,1871.71
2022-11-04,US,Manhattan,pm25,71,3.0,72.0,35.0,2318.37
2022-11-04,US,Miami,pm25,87,18.0,44.0,27.0,554.69
2022-11-04,US,Jacksonville,pm25,144,15.0,65.0,40.0,892.35
2022-11-04,US,San Antonio,pm25,88,1.0,53.0,25.0,1300.56
2022-11-04,US,Philadelphia,pm25,95,3.0,153.0,34.0,4296.32
2022-11-04,US,San Diego,pm25,24,10.0,36.0,20.0,623.48
2022-11-04,US,Columbus,pm25,48,15.0,59.0,39.0,1872.02
2022-11-04,US,Saint Paul,pm25,139,5.0,49.0,30.0,1152.87
2022-11-04,US,Denver,pm25,157,5.0,59.0,25.0,1555.33
2022-11-04,US,Salt Lake City,pm25,216,7.0,71.0,15.0,938.93
2022-11-04,US,Albuquerque,pm25,72,3.0,24.0,9.0,185.63
2022-11-04,US,San Francisco,pm25,67,5.0,68.0,21.0,2027.21
2022-11-04,US,Salem,pm25,72,8.0,43.0,13.0,860.63
2022-11-04,US,Madison,pm25,48,9.0,63.0,40.0,3161.26
2022-11-04,US,Nashville,pm25,72,30.0,80.0,53.0,1154.01
2022-11-04,US,Tucson,pm25,156,5.0,59.0,25.0,1462.55
2022-11-04,US,Queens,pm25,96,5.0,73.0,33.0,2561.1
2022-11-04,US,Tallahassee,pm25,44,20.0,80.0,40.0,2536.55
2022-11-04,US,Fort Worth,pm25,37,1.0,39.0,13.0,1060.68
2022-11-04,RS,Novi Sad,pm25,48,69.0,131.0,89.0,1766.95
2022-11-04,RS,Niš,pm25,48,58.0,180.0,155.0,6292.76
2022-11-04,RS,Belgrade,pm25,168,63.0,148.0,95.0,2014.6
2022-11-04,CY,Nicosia,pm25,24,53.0,97.0,66.0,1841.67
2022-11-04,CY,Limassol,pm25,24,46.0,81.0,58.0,816.36
2022-11-04,HR,Zagreb,pm25,24,14.0,153.0,92.0,11429.0
2022-11-04,HR,Rijeka,pm25,68,12.0,106.0,35.0,2931.33
2022-11-04,MK,Skopje,pm25,120,62.0,189.0,136.0,9592.86
2022-11-05,GE,Tbilisi,pm25,96,38.0,86.0,54.0,1396.65
2022-11-05,JP,Fukuoka,pm25,396,5.0,104.0,42.0,1502.6
2022-11-05,JP,Kanazawa,pm25,224,5.0,89.0,25.0,1526.2
2022-11-05,JP,Kumamoto,pm25,355,5.0,97.0,42.0,2746.26
2022-11-05,JP,Akita,pm25,41,5.0,50.0,25.0,1259.38
2022-11-05,JP,Kochi,pm25,48,9.0,57.0,30.0,1539.36
2022-11-05,JP,Gifu-shi,pm25,159,5.0,61.0,25.0,2081.55
2022-11-05,JP,Kyoto,pm25,554,5.0,87.0,34.0,1896.83
2022-11-05,JP,Hiroshima,pm25,276,5.0,63.0,30.0,1632.99
2022-11-05,JP,Shizuoka,pm25,247,5.0,72.0,30.0,1942.78
2022-11-05,JP,Chiba,pm25,747,5.0,149.0,30.0,2627.04
2022-11-05,JP,Sapporo,pm25,214,13.0,76.0,38.0,1404.29
2022-11-05,JP,Yokohama,pm25,367,1.0,119.0,25.0,1979.86
2022-11-05,JP,Tokyo,pm25,2284,1.0,85.0,25.0,1495.15
2022-11-05,JP,Saitama,pm25,488,5.0,114.0,30.0,2402.12
2022-11-05,JP,Naha,pm25,129,5.0,42.0,21.0,1407.57
2022-11-05,JP,Nagasaki,pm25,188,5.0,74.0,38.0,1279.1
2022-11-05,JP,Toyama,pm25,185,5.0,65.0,25.0,2034.97
2022-11-05,JP,Niigata,pm25,140,5.0,50.0,21.0,855.0
2022-11-05,JP,Nara-shi,pm25,191,9.0,72.0,34.0,1376.07
2022-11-05,JP,Okayama,pm25,281,5.0,61.0,30.0,1403.62
2022-11-05,JP,Sendai,pm25,472,5.0,68.0,25.0,1248.46
2022-11-05,JP,Osaka,pm25,1360,5.0,93.0,30.0,1486.56
2022-11-05,JP,Miyazaki,pm25,105,5.0,85.0,46.0,3485.01
2022-11-05,JP,Matsuyama,pm25,146,5.0,74.0,34.0,2227.61
2022-11-05,JP,Wakayama,pm25,280,5.0,155.0,30.0,2269.87
2022-11-05,JP,Takamatsu,pm25,227,5.0,76.0,21.0,1169.25
2022-11-05,JP,Nagoya,pm25,772,5.0,87.0,25.0,1304.98
2022-11-05,JP,Ōita,pm25,252,5.0,74.0,30.0,1960.38
2022-11-05,JP,Kobe,pm25,416,5.0,63.0,30.0,1014.4
2022-11-05,JP,Nagano,pm25,39,5.0,61.0,17.0,1710.62
2022-11-05,JP,Utsunomiya,pm25,421,5.0,89.0,30.0,2005.18
2022-11-05,JP,Kagoshima,pm25,72,9.0,59.0,42.0,1124.48
2022-11-05,SK,Košice,pm25,89,5.0,122.0,61.0,6320.57
2022-11-05,SK,Bratislava,pm25,80,5.0,63.0,21.0,1550.32
2022-11-05,FI,Vantaa,pm25,24,4.0,22.0,11.0,229.11
2022-11-05,FI,Turku,pm25,23,2.0,14.0,6.0,109.49
2022-11-05,FI,Helsinki,pm25,120,3.0,49.0,12.0,454.34
2022-11-05,FI,Tampere,pm25,96,3.0,38.0,14.0,423.79
2022-11-05,ET,Addis Ababa,pm25,24,38.0,164.0,61.0,10135.6
2022-11-05,CH,Zürich,pm25,16,1.0,5.0,1.0,16.62
2022-11-05,CO,Bogotá,pm25,336,2.0,151.0,59.0,6226.55
2022-11-05,CO,Medellín,pm25,196,9.0,76.0,42.0,3303.2
2022-11-05,DK,Copenhagen,pm25,24,21.0,43.0,28.0,336.5
2022-11-05,GB,Edinburgh,pm25,282,1.0,82.0,12.0,3268.82
2022-11-05,GB,Norwich,pm25,23,38.0,67.0,45.0,667.87
2022-11-05,GB,Liverpool,pm25,41,14.0,194.0,23.0,28880.5
2022-11-05,GB,Belfast,pm25,75,9.0,76.0,34.0,1625.86
2022-11-05,GB,Coventry,pm25,50,25.0,163.0,39.0,8477.83
2022-11-05,GB,Leeds,pm25,38,38.0,282.0,57.0,39567.9
2022-11-05,GB,Cardiff,pm25,94,5.0,109.0,38.0,7155.0
2022-11-05,GB,Bristol,pm25,61,9.0,107.0,42.0,5765.7
2022-11-05,GB,London,pm25,568,5.0,152.0,38.0,3865.78
2022-11-05,GB,Birmingham,pm25,36,9.0,155.0,34.0,16624.8
2022-11-05,GB,Sheffield,pm25,84,21.0,177.0,30.0,10166.4
2022-11-05,GB,Newport,pm25,43,9.0,192.0,33.0,35221.2
2022-11-05,GB,Leicester,pm25,17,46.0,181.0,53.0,20882.6
2022-11-05,GB,Manchester,pm25,78,14.0,177.0,34.0,24692.1
2022-11-05,GB,Reading,pm25,45,5.0,68.0,17.0,1955.83
2022-11-05,GB,Plymouth,pm25,26,5.0,154.0,31.0,14425.0
2022-11-05,GB,Glasgow,pm25,572,3.0,266.0,23.0,15889.3
2022-11-05,GB,Preston,pm25,46,18.0,305.0,37.0,38001.3
2022-11-05,GB,Swansea,pm25,186,5.0,177.0,46.0,18610.2
2022-11-05,GB,Southend-on-Sea,pm25,37,10.0,76.0,42.0,3809.79
2022-11-05,ID,Jakarta,pm25,71,50.0,155.0,104.0,5713.92
2022-11-05,ML,Bamako,pm25,24,55.0,224.0,127.0,24202.5
2022-11-05,NP,Kathmandu,pm25,48,59.0,155.0,109.0,8094.22
2022-11-05,NP,Pokhara,pm25,24,61.0,88.0,69.0,795.63
2022-11-05,NP,Biratnagar,pm25,32,55.0,157.0,77.0,4905.0
2022-11-05,AU,Sydney,pm25,124,1.0,112.0,14.0,1663.08
2022-11-05,AU,Newcastle,pm25,128,1.0,67.0,18.0,1569.4
2022-11-05,AU,Launceston,pm25,105,5.0,65.0,9.0,513.06
2022-11-05,AU,Hobart,pm25,33,5.0,17.0,9.0,117.58
2022-11-05,AU,Darwin,pm25,71,6.0,161.0,55.0,5370.26
2022-11-05,AU,Melbourne,pm25,149,1.0,65.0,19.0,1931.63
2022-11-05,AU,Canberra,pm25,60,4.0,89.0,25.0,2862.4
2022-11-05,AU,Adelaide,pm25,84,1.0,69.0,12.0,1134.21
2022-11-05,AU,Brisbane,pm25,215,1.0,43.0,16.0,677.75
2022-11-05,AU,Perth,pm25,87,2.0,21.0,6.0,208.94
2022-11-05,AU,Wollongong,pm25,44,2.0,60.0,11.0,1675.58
2022-11-05,CI,Abidjan,pm25,24,38.0,114.0,63.0,3708.7
2022-11-05,IQ,Baghdad,pm25,24,76.0,236.0,165.0,21906.5
2022-11-05,IS,Reykjavík,pm25,96,2.0,32.0,12.0,422.42
2022-11-05,KG,Bishkek,pm25,24,61.0,137.0,82.0,3855.58
2022-11-05,NL,Utrecht,pm25,48,18.0,59.0,38.0,1192.87
2022-11-05,NL,Nijmegen,pm25,47,3.0,74.0,40.0,2290.99
2022-11-05,NL,Haarlem,pm25,138,2.0,89.0,25.0,2980.8
2022-11-05,NL,Eindhoven,pm25,24,21.0,66.0,42.0,1386.07
2022-11-05,NL,Rotterdam,pm25,192,6.0,72.0,29.0,1166.35
2022-11-05,NL,Amsterdam,pm25,260,1.0,69.0,25.0,1532.6
2022-11-05,NL,Dordrecht,pm25,24,9.0,57.0,25.0,1924.28
2022-11-05,NL,Breda,pm25,48,16.0,59.0,36.0,1139.13
2022-11-05,NL,Groningen,pm25,22,2.0,64.0,25.0,3149.26
2022-11-05,NL,Maastricht,pm25,96,17.0,61.0,38.0,1331.3
2022-11-05,NL,The Hague,pm25,71,3.0,45.0,26.0,824.57
2022-11-05,PT,Lisbon,pm25,21,19.0,56.0,39.0,1303.48
2022-11-05,PT,Funchal,pm25,60,1.0,45.0,8.0,1341.65
2022-11-05,CA,Hamilton,pm25,91,9.0,68.0,34.0,1050.46
2022-11-05,CA,Calgary,pm25,92,5.0,71.0,28.0,3040.31
2022-11-05,CA,Winnipeg,pm25,24,20.0,36.0,27.0,159.98
2022-11-05,CA,Halifax,pm25,46,23.0,40.0,27.0,216.26
2022-11-05,CA,Kitchener,pm25,44,13.0,53.0,21.0,969.89
2022-11-05,CA,Edmonton,pm25,127,6.0,131.0,38.0,5506.06
2022-11-05,CA,Surrey,pm25,92,2.0,113.0,17.0,3101.61
2022-11-05,CA,Mississauga,pm25,67,13.0,55.0,30.0,1094.35
2022-11-05,CA,Québec,pm25,156,7.0,88.0,31.0,2858.66
2022-11-05,CA,Vancouver,pm25,164,2.0,60.0,14.0,1422.2
2022-11-05,CA,Victoria,pm25,36,5.0,59.0,17.0,1153.59
2022-11-05,CA,Montréal,pm25,404,9.0,47.0,27.0,393.88
2022-11-05,CA,Toronto,pm25,121,5.0,59.0,21.0,1593.97
2022-11-05,CA,Ottawa,pm25,54,21.0,34.0,27.0,126.95
2022-11-05,CA,London,pm25,42,9.0,42.0,25.0,668.53
2022-11-05,US,Oklahoma City,pm25,96,11.0,36.0,17.0,171.84
2022-11-05,US,Raleigh,pm25,71,5.0,62.0,31.0,1233.84
2022-11-05,US,Memphis,pm25,66,18.0,71.0,28.0,2157.07
2022-11-05,US,Jackson,pm25,72,1.0,43.0,18.0,1492.68
2022-11-05,US,Boston,pm25,117,9.0,53.0,25.0,498.18
2022-11-05,US,Richmond,pm25,96,30.0,41.0,35.0,113.86
2022-11-05,US,Portland,pm25,191,5.0,62.0,16.0,1360.1
2022-11-05,US,Boise,pm25,18,2.0,65.0,16.0,2844.58
2022-11-05,US,Austin,pm25,42,5.0,50.0,25.0,1397.68
2022-11-05,US,Honolulu,pm25,42,5.0,50.0,21.0,762.93
2022-11-05,US,Fresno,pm25,48,8.0,94.0,51.0,4349.04
2022-11-05,US,Milwaukee,pm25,144,1.0,55.0,18.0,2794.96
2022-11-05,US,Hartford,pm25,48,18.0,31.0,27.0,118.19
2022-11-05,US,Washington D.C.,pm25,88,9.0,39.0,30.0,666.39
2022-11-05,US,Chicago,pm25,231,1.0,60.0,28.0,3198.26
2022-11-05,US,Houston,pm25,94,6.0,91.0,25.0,2988.49
2022-11-05,US,Indianapolis,pm25,120,3.0,70.0,36.0,2503.3
2022-11-05,US,Atlanta,pm25,24,28.0,57.0,35.0,941.14
2022-11-05,US,Charlotte,pm25,72,9.0,55.0,34.0,757.08
2022-11-05,US,Sacramento,pm25,72,5.0,59.0,30.0,1523.79
2022-11-05,US,Oakland,pm25,81,5.0,57.0,17.0,1104.5
2022-11-05,US,Providence,pm25,71,5.0,46.0,21.0,953.61
2022-11-05,US,Staten Island,pm25,93,5.0,63.0,26.0,1458.99
2022-11-05,US,Brooklyn,pm25,144,9.0,52.0,29.0,447.59
2022-11-05,US,Springfield,pm25,72,3.0,62.0,14.0,3157.7
2022-11-05,US,The Bronx,pm25,34,12.0,37.0,23.0,390.87
2022-11-05,US,San Jose,pm25,89,5.0,65.0,21.0,1507.68
2022-11-05,US,Los Angeles,pm25,48,26.0,83.0,51.0,2017.71
2022-11-05,US,Detroit,pm25,168,16.0,70.0,37.0,1201.99
2022-11-05,US,Little Rock,pm25,44,2.0,65.0,13.0,2054.0
2022-11-05,US,Baltimore,pm25,47,13.0,34.0,30.0,314.01
2022-11-05,US,Phoenix,pm25,186,1.0,142.0,38.0,8761.58
2022-11-05,US,Omaha,pm25,21,5.0,25.0,17.0,329.14
2022-11-05,US,El Paso,pm25,125,3.0,75.0,25.0,2752.07
2022-11-05,US,Dallas,pm25,24,5.0,85.0,17.0,2296.45
2022-11-05,US,Seattle,pm25,224,5.0,55.0,21.0,1037.19
2022-11-05,US,Manhattan,pm25,72,5.0,45.0,26.0,598.18
2022-11-05,US,Miami,pm25,94,15.0,44.0,20.0,168.96
2022-11-05,US,Jacksonville,pm25,141,3.0,51.0,29.0,781.13
2022-11-05,US,San Antonio,pm25,85,1.0,62.0,17.0,2017.14
2022-11-05,US,Philadelphia,pm25,94,1.0,59.0,29.0,1246.58
2022-11-05,US,San Diego,pm25,24,13.0,43.0,28.0,1013.84
2022-11-05,US,Columbus,pm25,48,1.0,46.0,20.0,1059.08
2022-11-05,US,Saint Paul,pm25,140,5.0,53.0,23.0,1141.47
2022-11-05,US,Denver,pm25,115,5.0,50.0,9.0,875.08
2022-11-05,US,Salt Lake City,pm25,214,3.0,32.0,8.0,154.8
2022-11-05,US,Albuquerque,pm25,72,4.0,56.0,10.0,2469.76
2022-11-05,US,San Francisco,pm25,52,5.0,152.0,17.0,7025.9
2022-11-05,US,Salem,pm25,72,6.0,38.0,19.0,610.91
2022-11-05,US,Madison,pm25,48,3.0,53.0,9.0,1488.51
2022-11-05,US,Nashville,pm25,72,5.0,58.0,37.0,1618.45
2022-11-05,US,Tucson,pm25,150,5.0,74.0,25.0,3350.55
2022-11-05,US,Queens,pm25,96,12.0,41.0,23.0,575.54
2022-11-05,US,Tallahassee,pm25,48,14.0,54.0,32.0,1058.93
2022-11-05,US,Fort Worth,pm25,44,4.0,30.0,11.0,549.11
2022-11-05,RS,Novi Sad,pm25,48,46.0,106.0,68.0,2048.72
2022-11-05,RS,Niš,pm25,48,73.0,151.0,90.0,4530.0
2022-11-05,RS,Belgrade,pm25,168,52.0,124.0,80.0,1970.51
2022-11-05,CY,Nicosia,pm25,24,57.0,95.0,72.0,996.74
2022-11-05,CY,Limassol,pm25,24,45.0,72.0,54.0,449.98
2022-11-05,HR,Zagreb,pm25,24,8.0,72.0,30.0,4144.18
2022-11-05,HR,Rijeka,pm25,70,2.0,35.0,7.0,259.17
2022-11-05,MK,Skopje,pm25,120,53.0,158.0,102.0,8478.3
2022-11-06,GE,Tbilisi,pm25,96,46.0,86.0,52.0,873.88
2022-11-06,JP,Fukuoka,pm25,387,5.0,99.0,34.0,1522.14
2022-11-06,JP,Kanazawa,pm25,215,5.0,50.0,17.0,815.45
2022-11-06,JP,Kumamoto,pm25,361,5.0,112.0,46.0,3323.14
2022-11-06,JP,Akita,pm25,40,5.0,57.0,17.0,1434.1
2022-11-06,JP,Kochi,pm25,48,9.0,53.0,30.0,1088.07
2022-11-06,JP,Gifu-shi,pm25,152,5.0,82.0,21.0,2374.71
2022-11-06,JP,Kyoto,pm25,558,5.0,61.0,25.0,1332.19
2022-11-06,JP,Hiroshima,pm25,242,5.0,59.0,17.0,1286.3
2022-11-06,JP,Shizuoka,pm25,243,5.0,70.0,30.0,1647.64
2022-11-06,JP,Chiba,pm25,769,5.0,102.0,38.0,2409.28
2022-11-06,JP,Sapporo,pm25,208,5.0,65.0,25.0,1568.77
2022-11-06,JP,Yokohama,pm25,382,1.0,70.0,34.0,1616.53
2022-11-06,JP,Tokyo,pm25,2306,1.0,153.0,34.0,1817.79
2022-11-06,JP,Saitama,pm25,498,5.0,117.0,42.0,2698.78
2022-11-06,JP,Naha,pm25,93,5.0,53.0,21.0,1574.01
2022-11-06,JP,Nagasaki,pm25,180,5.0,63.0,30.0,1337.92
2022-11-06,JP,Toyama,pm25,170,5.0,74.0,21.0,1746.28
2022-11-06,JP,Niigata,pm25,140,5.0,46.0,21.0,720.76
2022-11-06,JP,Nara-shi,pm25,189,5.0,59.0,30.0,1297.45
2022-11-06,JP,Okayama,pm25,280,5.0,151.0,25.0,5837.12
2022-11-06,JP,Sendai,pm25,460,5.0,53.0,21.0,759.03
2022-11-06,JP,Osaka,pm25,1312,5.0,85.0,21.0,1136.33
2022-11-06,JP,Miyazaki,pm25,95,5.0,63.0,30.0,1912.74
2022-11-06,JP,Matsuyama,pm25,147,5.0,93.0,30.0,2408.13
2022-11-06,JP,Wakayama,pm25,278,5.0,95.0,25.0,1457.7
2022-11-06,JP,Takamatsu,pm25,221,5.0,57.0,21.0,1464.54
2022-11-06,JP,Nagoya,pm25,747,1.0,132.0,21.0,1345.99
2022-11-06,JP,Ōita,pm25,222,5.0,61.0,21.0,1354.45
2022-11-06,JP,Kobe,pm25,407,5.0,61.0,21.0,943.69
2022-11-06,JP,Nagano,pm25,71,5.0,57.0,17.0,2591.23
2022-11-06,JP,Utsunomiya,pm25,418,5.0,76.0,30.0,1958.04
2022-11-06,JP,Kagoshima,pm25,81,5.0,74.0,53.0,1486.78
2022-11-06,SK,Košice,pm25,84,5.0,70.0,25.0,2682.03
2022-11-06,SK,Bratislava,pm25,94,9.0,65.0,25.0,1811.46
2022-11-06,FI,Vantaa,pm25,24,4.0,22.0,16.0,200.71
2022-11-06,FI,Turku,pm25,24,2.0,17.0,9.0,180.58
2022-11-06,FI,Helsinki,pm25,120,5.0,26.0,15.0,138.91
2022-11-06,FI,Tampere,pm25,96,3.0,30.0,10.0,220.42
2022-11-06,ET,Addis Ababa,pm25,24,25.0,157.0,50.0,8454.76
2022-11-06,CH,Zürich,pm25,24,1.0,5.0,2.0,13.91
2022-11-06,CO,Bogotá,pm25,316,9.0,153.0,65.0,5240.16
2022-11-06,CO,Medellín,pm25,194,13.0,65.0,46.0,2117.02
2022-11-06,DK,Copenhagen,pm25,24,20.0,33.0,25.0,116.74
2022-11-06,GB,Edinburgh,pm25,282,3.0,70.0,21.0,1102.05
2022-11-06,GB,Norwich,pm25,18,14.0,46.0,30.0,714.41
2022-11-06,GB,Liverpool,pm25,34,34.0,144.0,68.0,2870.27
2022-11-06,GB,Belfast,pm25,56,12.0,42.0,30.0,606.83
2022-11-06,GB,Coventry,pm25,53,34.0,80.0,53.0,969.29
2022-11-06,GB,Leeds,pm25,45,109.0,184.0,152.0,2371.09
2022-11-06,GB,Cardiff,pm25,96,9.0,112.0,42.0,5614.42
2022-11-06,GB,Bristol,pm25,69,13.0,122.0,59.0,5671.55
2022-11-06,GB,London,pm25,556,1.0,102.0,22.0,1727.37
2022-11-06,GB,Birmingham,pm25,32,42.0,81.0,59.0,779.26
2022-11-06,GB,Sheffield,pm25,76,50.0,142.0,65.0,2028.81
2022-11-06,GB,Newport,pm25,48,13.0,163.0,35.0,28239.1
2022-11-06,GB,Leicester,pm25,19,53.0,151.0,78.0,5022.87
2022-11-06,GB,Manchester,pm25,86,17.0,170.0,62.0,14328.9
2022-11-06,GB,Reading,pm25,36,5.0,34.0,9.0,842.16
2022-11-06,GB,Plymouth,pm25,32,13.0,46.0,38.0,728.86
2022-11-06,GB,Glasgow,pm25,572,3.0,259.0,22.0,7003.51
2022-11-06,GB,Preston,pm25,45,20.0,229.0,91.0,17647.9
2022-11-06,GB,Swansea,pm25,177,5.0,169.0,50.0,6824.59
2022-11-06,GB,Southend-on-Sea,pm25,48,4.0,32.0,14.0,511.34
2022-11-06,ID,Jakarta,pm25,68,42.0,157.0,82.0,4985.24
2022-11-06,ML,Bamako,pm25,24,93.0,266.0,174.0,17320.9
2022-11-06,NP,Kathmandu,pm25,48,61.0,157.0,107.0,7711.66
2022-11-06,NP,Pokhara,pm25,24,66.0,116.0,75.0,2206.01
2022-11-06,NP,Biratnagar,pm25,32,40.0,128.0,66.0,2503.14
2022-11-06,AU,Sydney,pm25,124,1.0,152.0,19.0,12100.6
2022-11-06,AU,Newcastle,pm25,124,2.0,57.0,18.0,1678.13
2022-11-06,AU,Launceston,pm25,125,5.0,59.0,9.0,1904.61
2022-11-06,AU,Hobart,pm25,50,5.0,21.0,9.0,119.9
2022-11-06,AU,Darwin,pm25,71,12.0,82.0,55.0,2294.66
2022-11-06,AU,Melbourne,pm25,162,1.0,75.0,22.0,2614.29
2022-11-06,AU,Canberra,pm25,59,1.0,614.0,33.0,115379.0
2022-11-06,AU,Adelaide,pm25,71,3.0,55.0,13.0,1161.59
2022-11-06,AU,Brisbane,pm25,214,1.0,45.0,16.0,709.19
2022-11-06,AU,Perth,pm25,79,2.0,30.0,10.0,381.65
2022-11-06,AU,Wollongong,pm25,40,3.0,69.0,15.0,2094.77
2022-11-06,CI,Abidjan,pm25,24,38.0,93.0,55.0,2557.37
2022-11-06,IQ,Baghdad,pm25,24,119.0,211.0,167.0,7159.55
2022-11-06,IS,Reykjavík,pm25,96,6.0,50.0,13.0,708.37
2022-11-06,KG,Bishkek,pm25,24,82.0,220.0,157.0,24053.9
2022-11-06,NL,Utrecht,pm25,48,17.0,56.0,32.0,873.4
2022-11-06,NL,Nijmegen,pm25,44,9.0,63.0,27.0,1477.65
2022-11-06,NL,Haarlem,pm25,141,1.0,91.0,31.0,3508.24
2022-11-06,NL,Eindhoven,pm25,23,3.0,55.0,23.0,2245.3
2022-11-06,NL,Rotterdam,pm25,192,12.0,55.0,24.0,621.5
2022-11-06,NL,Amsterdam,pm25,259,1.0,54.0,23.0,997.59
2022-11-06,NL,Dordrecht,pm25,24,1.0,49.0,13.0,1000.58
2022-11-06,NL,Breda,pm25,48,9.0,47.0,22.0,735.73
2022-11-06,NL,Groningen,pm25,24,7.0,45.0,20.0,984.28
2022-11-06,NL,Maastricht,pm25,56,5.0,46.0,17.0,1032.83
2022-11-06,NL,The Hague,pm25,72,4.0,45.0,26.0,716.34
2022-11-06,PT,Lisbon,pm25,35,31.0,59.0,43.0,716.76
2022-11-06,PT,Funchal,pm25,57,1.0,32.0,15.0,1114.79
2022-11-06,CA,Hamilton,pm25,59,5.0,46.0,17.0,1332.81
2022-11-06,CA,Calgary,pm25,91,5.0,32.0,17.0,369.07
2022-11-06,CA,Winnipeg,pm25,9,21.0,25.0,23.0,18.61
2022-11-06,CA,Halifax,pm25,46,17.0,34.0,26.0,219.85
2022-11-06,CA,Kitchener,pm25,39,5.0,38.0,13.0,573.09
2022-11-06,CA,Edmonton,pm25,125,1.0,43.0,13.0,896.63
2022-11-06,CA,Surrey,pm25,68,1.0,25.0,5.0,268.08
2022-11-06,CA,Mississauga,pm25,63,5.0,61.0,13.0,1427.7
2022-11-06,CA,Québec,pm25,134,7.0,63.0,20.0,1285.33
2022-11-06,CA,Vancouver,pm25,164,1.0,41.0,6.0,567.52
2022-11-06,CA,Victoria,pm25,45,5.0,57.0,17.0,1954.53
2022-11-06,CA,Montréal,pm25,402,6.0,55.0,24.0,537.51
2022-11-06,CA,Toronto,pm25,122,5.0,57.0,17.0,622.53
2022-11-06,CA,Ottawa,pm25,56,9.0,38.0,21.0,314.43
2022-11-06,CA,London,pm25,43,5.0,34.0,17.0,706.79
2022-11-06,US,Oklahoma City,pm25,96,14.0,40.0,24.0,289.61
2022-11-06,US,Raleigh,pm25,69,5.0,58.0,34.0,1266.07
2022-11-06,US,Memphis,pm25,72,20.0,48.0,33.0,519.25
2022-11-06,US,Jackson,pm25,70,1.0,42.0,25.0,1110.34
2022-11-06,US,Boston,pm25,93,13.0,42.0,30.0,269.77
2022-11-06,US,Richmond,pm25,96,29.0,40.0,35.0,118.67
2022-11-06,US,Portland,pm25,190,7.0,46.0,14.0,582.99
2022-11-06,US,Boise,pm25,20,3.0,34.0,12.0,748.29
2022-11-06,US,Austin,pm25,43,9.0,65.0,38.0,2579.63
2022-11-06,US,Honolulu,pm25,46,5.0,34.0,17.0,671.73
2022-11-06,US,Fresno,pm25,48,4.0,74.0,40.0,2851.05
2022-11-06,US,Milwaukee,pm25,144,10.0,39.0,18.0,234.26
2022-11-06,US,Hartford,pm25,47,26.0,51.0,31.0,145.09
2022-11-06,US,Washington D.C.,pm25,95,5.0,39.0,30.0,1016.4
2022-11-06,US,Chicago,pm25,216,1.0,64.0,18.0,1005.58
2022-11-06,US,Houston,pm25,96,1.0,74.0,36.0,1976.35
2022-11-06,US,Indianapolis,pm25,118,3.0,160.0,21.0,9417.28
2022-11-06,US,Atlanta,pm25,24,32.0,74.0,35.0,1451.72
2022-11-06,US,Charlotte,pm25,68,5.0,55.0,33.0,1149.57
2022-11-06,US,Sacramento,pm25,72,5.0,46.0,17.0,559.98
2022-11-06,US,Oakland,pm25,86,5.0,76.0,21.0,2272.05
2022-11-06,US,Providence,pm25,62,9.0,50.0,17.0,943.65
2022-11-06,US,Staten Island,pm25,94,5.0,49.0,25.0,1042.06
2022-11-06,US,Brooklyn,pm25,144,11.0,49.0,36.0,1037.69
2022-11-06,US,Springfield,pm25,72,13.0,58.0,22.0,584.48
2022-11-06,US,The Bronx,pm25,24,13.0,47.0,27.0,1117.23
2022-11-06,US,San Jose,pm25,83,5.0,46.0,17.0,683.08
2022-11-06,US,Los Angeles,pm25,48,17.0,93.0,52.0,4058.72
2022-11-06,US,Detroit,pm25,168,8.0,77.0,20.0,1563.73
2022-11-06,US,Little Rock,pm25,47,12.0,56.0,35.0,1181.58
2022-11-06,US,Baltimore,pm25,47,5.0,38.0,30.0,681.07
2022-11-06,US,Phoenix,pm25,188,1.0,152.0,34.0,9307.17
2022-11-06,US,Omaha,pm25,12,5.0,13.0,9.0,82.42
2022-11-06,US,El Paso,pm25,151,5.0,109.0,23.0,6012.18
2022-11-06,US,Dallas,pm25,21,9.0,76.0,25.0,1662.9
2022-11-06,US,Seattle,pm25,201,1.0,60.0,17.0,1214.98
2022-11-06,US,Manhattan,pm25,72,3.0,54.0,27.0,1318.64
2022-11-06,US,Miami,pm25,91,10.0,47.0,26.0,836.53
2022-11-06,US,Jacksonville,pm25,144,1.0,59.0,30.0,925.13
2022-11-06,US,San Antonio,pm25,93,3.0,89.0,43.0,3373.29
2022-11-06,US,Philadelphia,pm25,93,1.0,41.0,28.0,751.71
2022-11-06,US,San Diego,pm25,24,35.0,53.0,43.0,269.11
2022-11-06,US,Columbus,pm25,48,11.0,39.0,21.0,378.3
2022-11-06,US,Saint Paul,pm25,142,5.0,70.0,23.0,1226.37
2022-11-06,US,Denver,pm25,123,5.0,87.0,13.0,856.04
2022-11-06,US,Salt Lake City,pm25,216,4.0,37.0,10.0,527.72
2022-11-06,US,Albuquerque,pm25,72,3.0,78.0,14.0,3726.35
2022-11-06,US,San Francisco,pm25,69,5.0,82.0,21.0,2310.43
2022-11-06,US,Salem,pm25,72,5.0,44.0,15.0,787.79
2022-11-06,US,Madison,pm25,48,10.0,20.0,17.0,97.02
2022-11-06,US,Nashville,pm25,56,5.0,57.0,30.0,1455.64
2022-11-06,US,Tucson,pm25,131,5.0,107.0,25.0,4158.33
2022-11-06,US,Queens,pm25,95,7.0,45.0,28.0,1063.87
2022-11-06,US,Tallahassee,pm25,44,15.0,52.0,33.0,704.33
2022-11-06,US,Fort Worth,pm25,46,5.0,65.0,21.0,2048.19
2022-11-06,RS,Novi Sad,pm25,48,56.0,154.0,75.0,6724.78
2022-11-06,RS,Niš,pm25,48,61.0,97.0,84.0,1116.77
2022-11-06,RS,Belgrade,pm25,168,46.0,163.0,76.0,2070.82
2022-11-06,CY,Nicosia,pm25,24,57.0,85.0,69.0,566.07
2022-11-06,CY,Limassol,pm25,24,40.0,65.0,53.0,377.39
2022-11-06,HR,Zagreb,pm25,24,20.0,110.0,27.0,8862.16
2022-11-06,HR,Rijeka,pm25,66,8.0,32.0,13.0,335.66
2022-11-06,MK,Skopje,pm25,103,34.0,154.0,71.0,8223.47
2022-11-07,GE,Tbilisi,pm25,96,40.0,66.0,53.0,392.68
2022-11-07,JP,Fukuoka,pm25,393,9.0,97.0,38.0,1449.8
2022-11-07,JP,Kanazawa,pm25,197,5.0,55.0,17.0,773.63
2022-11-07,JP,Kumamoto,pm25,350,5.0,151.0,50.0,3407.88
2022-11-07,JP,Akita,pm25,35,9.0,55.0,25.0,1449.38
2022-11-07,JP,Kochi,pm25,48,13.0,57.0,38.0,1275.63
2022-11-07,JP,Gifu-shi,pm25,160,5.0,74.0,25.0,2845.07
2022-11-07,JP,Kyoto,pm25,542,5.0,107.0,30.0,2446.71
2022-11-07,JP,Hiroshima,pm25,282,5.0,82.0,30.0,2913.98
2022-11-07,JP,Shizuoka,pm25,241,5.0,70.0,30.0,1618.32
2022-11-07,JP,Chiba,pm25,773,5.0,117.0,50.0,3022.4
2022-11-07,JP,Sapporo,pm25,210,5.0,68.0,34.0,1517.34
2022-11-07,JP,Yokohama,pm25,466,1.0,68.0,38.0,1962.94
2022-11-07,JP,Tokyo,pm25,2427,1.0,112.0,46.0,1285.27
2022-11-07,JP,Saitama,pm25,502,5.0,89.0,46.0,1794.97
2022-11-07,JP,Naha,pm25,129,21.0,55.0,38.0,683.95
2022-11-07,JP,Nagasaki,pm25,187,5.0,74.0,38.0,1310.41
2022-11-07,JP,Toyama,pm25,162,5.0,68.0,21.0,1589.46
2022-11-07,JP,Niigata,pm25,167,9.0,59.0,21.0,1346.46
2022-11-07,JP,Nara-shi,pm25,188,9.0,70.0,34.0,2322.42
2022-11-07,JP,Okayama,pm25,286,5.0,107.0,42.0,3138.35
2022-11-07,JP,Sendai,pm25,444,5.0,59.0,25.0,1483.24
2022-11-07,JP,Osaka,pm25,1332,5.0,91.0,25.0,2110.02
2022-11-07,JP,Miyazaki,pm25,107,5.0,89.0,38.0,3165.94
2022-11-07,JP,Matsuyama,pm25,150,9.0,74.0,42.0,2180.64
2022-11-07,JP,Wakayama,pm25,276,5.0,176.0,30.0,4873.77
2022-11-07,JP,Takamatsu,pm25,216,5.0,76.0,25.0,2897.57
2022-11-07,JP,Nagoya,pm25,775,5.0,97.0,34.0,2104.02
2022-11-07,JP,Ōita,pm25,245,5.0,78.0,38.0,2866.56
2022-11-07,JP,Kobe,pm25,409,5.0,68.0,21.0,1406.53
2022-11-07,JP,Nagano,pm25,62,5.0,156.0,30.0,8542.66
2022-11-07,JP,Utsunomiya,pm25,423,5.0,89.0,38.0,1788.49
2022-11-07,JP,Kagoshima,pm25,96,13.0,68.0,42.0,1648.84
2022-11-07,SK,Košice,pm25,96,30.0,162.0,61.0,5090.36
2022-11-07,SK,Bratislava,pm25,95,9.0,82.0,50.0,3271.0
2022-11-07,FI,Vantaa,pm25,24,13.0,37.0,21.0,407.37
2022-11-07,FI,Turku,pm25,24,9.0,24.0,15.0,159.71
2022-11-07,FI,Helsinki,pm25,120,8.0,44.0,19.0,842.5
2022-11-07,FI,Tampere,pm25,96,4.0,43.0,13.0,919.56
2022-11-07,ET,Addis Ababa,pm25,24,30.0,153.0,53.0,13158.2
2022-11-07,CH,Zürich,pm25,21,1.0,7.0,3.0,17.0
2022-11-07,CO,Bogotá,pm25,312,16.0,127.0,57.0,4116.04
2022-11-07,CO,Medellín,pm25,240,9.0,72.0,46.0,1821.75
2022-11-07,DK,Copenhagen,pm25,24,17.0,52.0,34.0,669.55
2022-11-07,GB,Edinburgh,pm25,272,3.0,41.0,15.0,513.98
2022-11-07,GB,Norwich,pm25,23,25.0,35.0,31.0,92.21
2022-11-07,GB,Liverpool,pm25,45,10.0,46.0,26.0,607.71
2022-11-07,GB,Belfast,pm25,71,13.0,62.0,25.0,1168.49
2022-11-07,GB,Coventry,pm25,55,21.0,40.0,30.0,303.89
2022-11-07,GB,Leeds,pm25,46,16.0,87.0,46.0,2310.86
2022-11-07,GB,Cardiff,pm25,96,9.0,63.0,38.0,1492.61
2022-11-07,GB,Bristol,pm25,71,21.0,55.0,34.0,841.74
2022-11-07,GB,London,pm25,575,5.0,74.0,32.0,1228.98
2022-11-07,GB,Birmingham,pm25,48,21.0,46.0,30.0,411.45
2022-11-07,GB,Sheffield,pm25,91,9.0,53.0,31.0,746.74
2022-11-07,GB,Newport,pm25,48,21.0,65.0,33.0,1062.34
2022-11-07,GB,Leicester,pm25,24,20.0,42.0,34.0,301.14
2022-11-07,GB,Manchester,pm25,81,11.0,55.0,29.0,1260.78
2022-11-07,GB,Reading,pm25,39,5.0,25.0,13.0,349.37
2022-11-07,GB,Plymouth,pm25,44,9.0,68.0,42.0,3945.56
2022-11-07,GB,Glasgow,pm25,541,5.0,62.0,21.0,580.08
2022-11-07,GB,Preston,pm25,45,20.0,63.0,32.0,978.0
2022-11-07,GB,Swansea,pm25,160,25.0,109.0,61.0,2596.1
2022-11-07,GB,Southend-on-Sea,pm25,48,19.0,43.0,31.0,399.46
2022-11-07,ID,Jakarta,pm25,50,38.0,165.0,87.0,10177.0
2022-11-07,ML,Bamako,pm25,24,102.0,229.0,169.0,12642.2
2022-11-07,NP,Kathmandu,pm25,48,57.0,158.0,91.0,6024.95
2022-11-07,NP,Pokhara,pm25,24,79.0,154.0,91.0,4744.33
2022-11-07,NP,Biratnagar,pm25,39,62.0,182.0,77.0,13883.0
2022-11-07,AU,Sydney,pm25,114,1.0,45.0,11.0,702.58
2022-11-07,AU,Newcastle,pm25,102,1.0,42.0,13.0,815.32
2022-11-07,AU,Launceston,pm25,134,5.0,46.0,17.0,975.34
2022-11-07,AU,Hobart,pm25,50,5.0,34.0,13.0,382.7
2022-11-07,AU,Darwin,pm25,72,13.0,71.0,51.0,1154.73
2022-11-07,AU,Melbourne,pm25,159,2.0,80.0,24.0,2139.55
2022-11-07,AU,Canberra,pm25,64,1.0,98.0,26.0,6408.01
2022-11-07,AU,Adelaide,pm25,73,3.0,42.0,10.0,553.12
2022-11-07,AU,Brisbane,pm25,213,1.0,44.0,16.0,640.23
2022-11-07,AU,Perth,pm25,88,3.0,22.0,7.0,280.29
2022-11-07,AU,Wollongong,pm25,27,1.0,78.0,9.0,2626.87
2022-11-07,CI,Abidjan,pm25,24,34.0,85.0,59.0,1979.55
2022-11-07,IQ,Baghdad,pm25,24,95.0,235.0,180.0,14122.2
2022-11-07,IS,Reykjavík,pm25,96,8.0,47.0,17.0,1234.31
2022-11-07,KG,Bishkek,pm25,24,65.0,187.0,109.0,12563.2
2022-11-07,NL,Utrecht,pm25,48,12.0,52.0,30.0,1100.85
2022-11-07,NL,Nijmegen,pm25,46,1.0,58.0,22.0,1213.36
2022-11-07,NL,Haarlem,pm25,143,1.0,88.0,27.0,2833.89
2022-11-07,NL,Eindhoven,pm25,22,2.0,42.0,23.0,941.9
2022-11-07,NL,Rotterdam,pm25,191,11.0,44.0,25.0,175.98
2022-11-07,NL,Amsterdam,pm25,259,2.0,83.0,24.0,1002.08
2022-11-07,NL,Dordrecht,pm25,24,1.0,30.0,9.0,615.87
2022-11-07,NL,Breda,pm25,47,6.0,46.0,23.0,1187.32
2022-11-07,NL,Groningen,pm25,25,9.0,51.0,24.0,838.23
2022-11-07,NL,Maastricht,pm25,41,5.0,30.0,13.0,439.11
2022-11-07,NL,The Hague,pm25,72,1.0,44.0,24.0,346.99
2022-11-07,PT,Lisbon,pm25,45,12.0,60.0,43.0,1666.43
2022-11-07,PT,Funchal,pm25,59,1.0,32.0,14.0,832.19
2022-11-07,CA,Hamilton,pm25,86,5.0,38.0,13.0,505.57
2022-11-07,CA,Calgary,pm25,73,2.0,23.0,14.0,357.74
2022-11-07,CA,Halifax,pm25,46,21.0,41.0,32.0,160.1
2022-11-07,CA,Kitchener,pm25,45,5.0,50.0,13.0,1178.43
2022-11-07,CA,Edmonton,pm25,136,1.0,33.0,14.0,365.48
2022-11-07,CA,Surrey,pm25,88,1.0,35.0,10.0,585.37
2022-11-07,CA,Mississauga,pm25,65,5.0,25.0,13.0,297.15
2022-11-07,CA,Québec,pm25,154,7.0,31.0,18.0,303.14
2022-11-07,CA,Vancouver,pm25,153,2.0,42.0,14.0,738.62
2022-11-07,CA,Victoria,pm25,44,5.0,30.0,17.0,480.69
2022-11-07,CA,Montréal,pm25,374,6.0,59.0,18.0,883.52
2022-11-07,CA,Toronto,pm25,127,5.0,53.0,17.0,1110.07
2022-11-07,CA,Ottawa,pm25,45,9.0,22.0,18.0,130.25
2022-11-07,CA,London,pm25,44,9.0,30.0,13.0,270.04
2022-11-07,US,Oklahoma City,pm25,95,22.0,60.0,35.0,1269.57
2022-11-07,US,Raleigh,pm25,71,9.0,63.0,36.0,1511.59
2022-11-07,US,Memphis,pm25,72,2.0,58.0,35.0,1525.85
2022-11-07,US,Jackson,pm25,72,11.0,55.0,40.0,1462.63
2022-11-07,US,Boston,pm25,106,9.0,42.0,21.0,499.05
2022-11-07,US,Richmond,pm25,96,19.0,94.0,31.0,2985.41
2022-11-07,US,Portland,pm25,178,5.0,42.0,10.0,234.96
2022-11-07,US,Boise,pm25,21,3.0,30.0,15.0,543.62
2022-11-07,US,Austin,pm25,44,9.0,50.0,25.0,1181.08
2022-11-07,US,Honolulu,pm25,37,5.0,38.0,13.0,603.11
2022-11-07,US,Fresno,pm25,37,1.0,61.0,17.0,1818.36
2022-11-07,US,Milwaukee,pm25,144,10.0,52.0,26.0,1082.9
2022-11-07,US,Hartford,pm25,48,14.0,33.0,26.0,398.26
2022-11-07,US,Washington D.C.,pm25,88,5.0,41.0,21.0,556.22
2022-11-07,US,Chicago,pm25,226,6.0,55.0,26.0,959.81
2022-11-07,US,Houston,pm25,96,5.0,69.0,30.0,1860.19
2022-11-07,US,Indianapolis,pm25,126,5.0,153.0,31.0,8167.63
2022-11-07,US,Atlanta,pm25,24,25.0,59.0,36.0,1092.97
2022-11-07,US,Charlotte,pm25,72,13.0,59.0,32.0,970.42
2022-11-07,US,Sacramento,pm25,60,3.0,46.0,13.0,715.55
2022-11-07,US,Oakland,pm25,73,5.0,30.0,13.0,488.18
2022-11-07,US,Providence,pm25,66,5.0,38.0,17.0,671.46
2022-11-07,US,Staten Island,pm25,89,5.0,132.0,24.0,2928.21
2022-11-07,US,Brooklyn,pm25,137,3.0,56.0,21.0,852.22
2022-11-07,US,Springfield,pm25,72,14.0,59.0,21.0,997.75
2022-11-07,US,The Bronx,pm25,22,6.0,35.0,16.0,612.84
2022-11-07,US,San Jose,pm25,62,5.0,34.0,9.0,389.82
2022-11-07,US,Los Angeles,pm25,48,6.0,76.0,28.0,2863.15
2022-11-07,US,Detroit,pm25,168,17.0,53.0,30.0,687.96
2022-11-07,US,Little Rock,pm25,47,9.0,33.0,21.0,411.15
2022-11-07,US,Baltimore,pm25,48,11.0,59.0,21.0,1130.2
2022-11-07,US,Phoenix,pm25,185,5.0,162.0,29.0,5577.45
2022-11-07,US,Omaha,pm25,23,5.0,21.0,13.0,237.15
2022-11-07,US,El Paso,pm25,166,3.0,119.0,42.0,3465.39
2022-11-07,US,Dallas,pm25,23,9.0,34.0,17.0,925.38
2022-11-07,US,Seattle,pm25,225,2.0,61.0,19.0,1127.83
2022-11-07,US,Manhattan,pm25,57,1.0,49.0,20.0,1154.83
2022-11-07,US,Miami,pm25,89,28.0,49.0,37.0,159.1
2022-11-07,US,Jacksonville,pm25,136,8.0,58.0,29.0,571.7
2022-11-07,US,San Antonio,pm25,92,5.0,55.0,27.0,2007.75
2022-11-07,US,Philadelphia,pm25,96,2.0,88.0,24.0,3130.33
2022-11-07,US,San Diego,pm25,24,4.0,55.0,16.0,3275.65
2022-11-07,US,Columbus,pm25,46,1.0,37.0,18.0,578.07
2022-11-07,US,Saint Paul,pm25,141,5.0,32.0,21.0,387.8
2022-11-07,US,Denver,pm25,142,9.0,61.0,30.0,2095.74
2022-11-07,US,Salt Lake City,pm25,214,3.0,41.0,10.0,507.63
2022-11-07,US,Albuquerque,pm25,72,4.0,88.0,14.0,3144.01
2022-11-07,US,San Francisco,pm25,63,5.0,85.0,17.0,3337.59
2022-11-07,US,Salem,pm25,71,6.0,62.0,8.0,1678.9
2022-11-07,US,Madison,pm25,48,17.0,49.0,25.0,1162.7
2022-11-07,US,Nashville,pm25,67,9.0,64.0,37.0,2492.13
2022-11-07,US,Tucson,pm25,155,5.0,85.0,25.0,1745.08
2022-11-07,US,Queens,pm25,94,3.0,50.0,20.0,1035.9
2022-11-07,US,Tallahassee,pm25,57,21.0,45.0,28.0,342.84
2022-11-07,US,Fort Worth,pm25,44,5.0,120.0,38.0,3897.18
2022-11-07,RS,Novi Sad,pm25,48,69.0,129.0,92.0,2397.43
2022-11-07,RS,Niš,pm25,48,70.0,164.0,94.0,7842.91
2022-11-07,RS,Belgrade,pm25,168,51.0,154.0,79.0,3386.95
2022-11-07,CY,Nicosia,pm25,24,21.0,78.0,62.0,1519.11
2022-11-07,CY,Limassol,pm25,24,4.0,56.0,37.0,1720.8
2022-11-07,HR,Zagreb,pm25,24,54.0,162.0,112.0,10176.5
2022-11-07,HR,Rijeka,pm25,65,20.0,76.0,33.0,784.55
2022-11-07,MK,Skopje,pm25,110,53.0,194.0,97.0,11100.7
2022-11-08,GE,Tbilisi,pm25,96,38.0,72.0,48.0,673.89
2022-11-08,JP,Fukuoka,pm25,396,9.0,127.0,53.0,2745.01
2022-11-08,JP,Kanazawa,pm25,202,5.0,57.0,25.0,1379.16
2022-11-08,JP,Kumamoto,pm25,352,5.0,112.0,57.0,2850.81
2022-11-08,JP,Akita,pm25,42,5.0,65.0,25.0,2708.88
2022-11-08,JP,Kochi,pm25,48,17.0,63.0,46.0,1180.14
2022-11-08,JP,Gifu-shi,pm25,172,5.0,85.0,34.0,2695.21
2022-11-08,JP,Kyoto,pm25,571,9.0,122.0,42.0,1623.58
2022-11-08,JP,Hiroshima,pm25,298,5.0,91.0,38.0,2612.47
2022-11-08,JP,Shizuoka,pm25,248,5.0,80.0,38.0,2136.51
2022-11-08,JP,Chiba,pm25,747,5.0,97.0,46.0,2418.21
2022-11-08,JP,Sapporo,pm25,215,5.0,74.0,42.0,1707.85
2022-11-08,JP,Yokohama,pm25,489,1.0,85.0,38.0,1669.35
2022-11-08,JP,Tokyo,pm25,2498,1.0,114.0,38.0,2006.5
2022-11-08,JP,Saitama,pm25,476,5.0,87.0,38.0,2146.16
2022-11-08,JP,Naha,pm25,134,25.0,74.0,55.0,1373.04
2022-11-08,JP,Nagasaki,pm25,182,5.0,82.0,46.0,2109.46
2022-11-08,JP,Toyama,pm25,187,5.0,107.0,30.0,2353.16
2022-11-08,JP,Niigata,pm25,210,9.0,55.0,25.0,762.0
2022-11-08,JP,Nara-shi,pm25,190,34.0,76.0,50.0,673.29
2022-11-08,JP,Okayama,pm25,285,9.0,127.0,50.0,2287.67
2022-11-08,JP,Sendai,pm25,476,5.0,59.0,30.0,1110.98
2022-11-08,JP,Osaka,pm25,1362,5.0,114.0,42.0,1638.3
2022-11-08,JP,Miyazaki,pm25,115,9.0,89.0,55.0,1710.73
2022-11-08,JP,Matsuyama,pm25,151,5.0,76.0,50.0,2296.06
2022-11-08,JP,Wakayama,pm25,280,13.0,154.0,42.0,1950.02
2022-11-08,JP,Takamatsu,pm25,220,9.0,76.0,46.0,1343.27
2022-11-08,JP,Nagoya,pm25,785,1.0,99.0,38.0,1377.36
2022-11-08,JP,Ōita,pm25,258,5.0,99.0,53.0,2231.37
2022-11-08,JP,Kobe,pm25,414,5.0,80.0,38.0,1293.53
2022-11-08,JP,Nagano,pm25,61,5.0,124.0,34.0,5563.84
2022-11-08,JP,Utsunomiya,pm25,372,5.0,68.0,34.0,2257.77
2022-11-08,JP,Kagoshima,pm25,96,42.0,78.0,59.0,447.75
2022-11-08,SK,Košice,pm25,96,30.0,114.0,61.0,2077.36
2022-11-08,SK,Bratislava,pm25,96,30.0,93.0,65.0,1628.17
2022-11-08,FI,Vantaa,pm25,24,5.0,27.0,16.0,287.23
2022-11-08,FI,Turku,pm25,23,3.0,39.0,15.0,869.96
2022-11-08,FI,Helsinki,pm25,120,5.0,30.0,13.0,318.31
2022-11-08,FI,Tampere,pm25,96,2.0,26.0,10.0,229.79
2022-11-08,ET,Addis Ababa,pm25,24,5.0,153.0,57.0,11047.2
2022-11-08,CH,Zürich,pm25,24,2.0,8.0,3.0,24.76
2022-11-08,CO,Bogotá,pm25,322,9.0,158.0,66.0,8274.2
2022-11-08,CO,Medellín,pm25,247,25.0,78.0,55.0,1477.18
2022-11-08,DK,Copenhagen,pm25,24,23.0,40.0,27.0,171.58
2022-11-08,GB,Edinburgh,pm25,277,3.0,34.0,11.0,293.2
2022-11-08,GB,Norwich,pm25,13,21.0,36.0,30.0,174.36
2022-11-08,GB,Liverpool,pm25,29,13.0,30.0,21.0,193.05
2022-11-08,GB,Belfast,pm25,69,5.0,38.0,25.0,623.18
2022-11-08,GB,Coventry,pm25,58,17.0,36.0,23.0,170.53
2022-11-08,GB,Leeds,pm25,38,17.0,50.0,32.0,721.05
2022-11-08,GB,Cardiff,pm25,95,9.0,63.0,34.0,1567.42
2022-11-08,GB,Bristol,pm25,71,5.0,142.0,25.0,2810.26
2022-11-08,GB,London,pm25,566,2.0,462.0,30.0,4591.68
2022-11-08,GB,Birmingham,pm25,42,14.0,33.0,22.0,211.82
2022-11-08,GB,Sheffield,pm25,72,13.0,34.0,21.0,203.93
2022-11-08,GB,Newport,pm25,48,9.0,42.0,26.0,726.8
2022-11-08,GB,Leicester,pm25,21,21.0,38.0,28.0,198.9
2022-11-08,GB,Manchester,pm25,84,6.0,50.0,21.0,1335.57
2022-11-08,GB,Reading,pm25,43,5.0,30.0,13.0,503.49
2022-11-08,GB,Plymouth,pm25,38,13.0,57.0,25.0,2896.91
2022-11-08,GB,Glasgow,pm25,556,3.0,33.0,13.0,254.05
2022-11-08,GB,Preston,pm25,38,6.0,38.0,17.0,481.71
2022-11-08,GB,Swansea,pm25,155,9.0,87.0,50.0,3106.76
2022-11-08,GB,Southend-on-Sea,pm25,40,17.0,39.0,26.0,245.41
2022-11-08,ID,Jakarta,pm25,47,61.0,215.0,126.0,10698.1
2022-11-08,ML,Bamako,pm25,24,50.0,192.0,122.0,19392.0
2022-11-08,NP,Kathmandu,pm25,48,63.0,157.0,104.0,6830.62
2022-11-08,NP,Pokhara,pm25,24,74.0,128.0,103.0,1969.78
2022-11-08,NP,Biratnagar,pm25,39,65.0,161.0,88.0,8721.84
2022-11-08,AU,Sydney,pm25,103,1.0,20.0,10.0,234.49
2022-11-08,AU,Newcastle,pm25,106,1.0,57.0,15.0,1145.46
2022-11-08,AU,Launceston,pm25,113,5.0,25.0,9.0,211.48
2022-11-08,AU,Hobart,pm25,58,5.0,25.0,9.0,174.08
2022-11-08,AU,Darwin,pm25,72,18.0,67.0,54.0,1192.38
2022-11-08,AU,Melbourne,pm25,162,1.0,81.0,23.0,2387.7
2022-11-08,AU,Canberra,pm25,56,1.0,62.0,18.0,1583.68
2022-11-08,AU,Adelaide,pm25,77,5.0,43.0,13.0,862.7
2022-11-08,AU,Brisbane,pm25,211,1.0,58.0,18.0,743.57
2022-11-08,AU,Perth,pm25,76,2.0,22.0,5.0,248.54
2022-11-08,AU,Wollongong,pm25,21,1.0,42.0,6.0,1588.9
2022-11-08,CI,Abidjan,pm25,24,38.0,162.0,57.0,11619.1
2022-11-08,GH,Accra,pm25,6,46.0,74.0,55.0,1171.0
2022-11-08,IQ,Baghdad,pm25,24,122.0,212.0,154.0,4715.05
2022-11-08,IS,Reykjavík,pm25,96,3.0,68.0,16.0,4804.15
2022-11-08,KG,Bishkek,pm25,24,25.0,127.0,63.0,5127.37
2022-11-08,NL,Utrecht,pm25,48,9.0,46.0,25.0,883.39
2022-11-08,NL,Nijmegen,pm25,48,5.0,41.0,20.0,867.38
2022-11-08,NL,Haarlem,pm25,137,1.0,78.0,22.0,1981.69
2022-11-08,NL,Eindhoven,pm25,21,3.0,34.0,14.0,667.48
2022-11-08,NL,Rotterdam,pm25,191,10.0,53.0,20.0,238.67
2022-11-08,NL,Amsterdam,pm25,255,2.0,70.0,20.0,1058.81
2022-11-08,NL,Dordrecht,pm25,21,1.0,21.0,9.0,419.9
2022-11-08,NL,Breda,pm25,47,6.0,53.0,24.0,1017.33
2022-11-08,NL,Groningen,pm25,32,1.0,39.0,19.0,704.15
2022-11-08,NL,The Hague,pm25,72,5.0,42.0,20.0,417.75
2022-11-08,PT,Lisbon,pm25,37,8.0,40.0,20.0,776.37
2022-11-08,PT,Funchal,pm25,60,1.0,51.0,20.0,1653.59
2022-11-08,CA,Hamilton,pm25,67,5.0,68.0,13.0,2463.35
2022-11-08,CA,Calgary,pm25,84,1.0,54.0,18.0,1552.58
2022-11-08,CA,Halifax,pm25,45,4.0,20.0,12.0,230.52
2022-11-08,CA,Kitchener,pm25,40,5.0,50.0,17.0,1320.87
2022-11-08,CA,Edmonton,pm25,134,1.0,89.0,19.0,1424.54
2022-11-08,CA,Surrey,pm25,93,8.0,109.0,23.0,4558.27
2022-11-08,CA,Mississauga,pm25,35,5.0,99.0,9.0,3541.23
2022-11-08,CA,Québec,pm25,111,5.0,20.0,9.0,122.15
2022-11-08,CA,Vancouver,pm25,167,6.0,85.0,20.0,2308.66
2022-11-08,CA,Victoria,pm25,47,5.0,42.0,21.0,624.09
2022-11-08,CA,Montréal,pm25,356,3.0,44.0,9.0,642.99
2022-11-08,CA,Toronto,pm25,97,5.0,53.0,13.0,935.16
2022-11-08,CA,Ottawa,pm25,45,5.0,35.0,14.0,758.28
2022-11-08,CA,London,pm25,46,5.0,46.0,13.0,816.39
2022-11-08,US,Oklahoma City,pm25,96,22.0,63.0,45.0,1119.13
2022-11-08,US,Raleigh,pm25,64,5.0,52.0,20.0,1415.33
2022-11-08,US,Memphis,pm25,68,28.0,57.0,44.0,352.51
2022-11-08,US,Jackson,pm25,72,13.0,69.0,43.0,1711.81
2022-11-08,US,Boston,pm25,96,5.0,42.0,17.0,384.83
2022-11-08,US,Richmond,pm25,96,15.0,60.0,25.0,1692.29
2022-11-08,US,Portland,pm25,191,5.0,70.0,24.0,1249.06
2022-11-08,US,Boise,pm25,20,1.0,24.0,14.0,576.08
2022-11-08,US,Austin,pm25,47,5.0,46.0,21.0,1392.82
2022-11-08,US,Honolulu,pm25,36,5.0,42.0,13.0,869.36
2022-11-08,US,Fresno,pm25,34,2.0,25.0,8.0,410.42
2022-11-08,US,Milwaukee,pm25,142,5.0,44.0,22.0,557.95
2022-11-08,US,Hartford,pm25,48,8.0,26.0,15.0,277.23
2022-11-08,US,Washington D.C.,pm25,95,5.0,34.0,19.0,293.29
2022-11-08,US,Chicago,pm25,235,8.0,56.0,22.0,780.67
2022-11-08,US,Houston,pm25,96,9.0,70.0,41.0,1696.24
2022-11-08,US,Indianapolis,pm25,142,1.0,64.0,30.0,1772.69
2022-11-08,US,Atlanta,pm25,24,30.0,46.0,38.0,156.79
2022-11-08,US,Charlotte,pm25,72,5.0,50.0,25.0,1143.07
2022-11-08,US,Sacramento,pm25,57,2.0,30.0,13.0,498.24
2022-11-08,US,Oakland,pm25,78,5.0,34.0,13.0,480.19
2022-11-08,US,Providence,pm25,64,5.0,30.0,13.0,426.13
2022-11-08,US,Staten Island,pm25,89,3.0,46.0,21.0,1086.57
2022-11-08,US,Brooklyn,pm25,138,2.0,59.0,18.0,903.08
2022-11-08,US,Springfield,pm25,72,20.0,49.0,34.0,706.43
2022-11-08,US,The Bronx,pm25,21,3.0,59.0,20.0,1234.29
2022-11-08,US,San Jose,pm25,56,5.0,61.0,13.0,1171.43
2022-11-08,US,Los Angeles,pm25,47,1.0,45.0,21.0,939.61
2022-11-08,US,Detroit,pm25,168,9.0,98.0,22.0,1459.12
2022-11-08,US,Little Rock,pm25,38,20.0,51.0,28.0,776.07
2022-11-08,US,Baltimore,pm25,47,9.0,57.0,20.0,726.72
2022-11-08,US,Phoenix,pm25,189,3.0,81.0,30.0,3246.99
2022-11-08,US,Omaha,pm25,24,5.0,42.0,17.0,872.17
2022-11-08,US,El Paso,pm25,160,9.0,153.0,38.0,4485.5
2022-11-08,US,Dallas,pm25,24,21.0,78.0,50.0,1447.83
2022-11-08,US,Seattle,pm25,254,5.0,63.0,30.0,1263.99
2022-11-08,US,Manhattan,pm25,48,3.0,29.0,13.0,612.34
2022-11-08,US,Miami,pm25,89,18.0,55.0,38.0,747.39
2022-11-08,US,Jacksonville,pm25,143,18.0,65.0,48.0,1479.49
2022-11-08,US,San Antonio,pm25,90,2.0,80.0,25.0,2408.68
2022-11-08,US,Philadelphia,pm25,91,1.0,31.0,16.0,418.2
2022-11-08,US,San Diego,pm25,24,5.0,40.0,9.0,821.29
2022-11-08,US,Columbus,pm25,47,2.0,35.0,18.0,708.59
2022-11-08,US,Saint Paul,pm25,137,5.0,52.0,24.0,1032.81
2022-11-08,US,Denver,pm25,156,5.0,70.0,21.0,2916.39
2022-11-08,US,Salt Lake City,pm25,216,3.0,88.0,19.0,3698.84
2022-11-08,US,Albuquerque,pm25,54,9.0,58.0,16.0,1123.08
2022-11-08,US,San Francisco,pm25,53,5.0,119.0,13.0,5151.84
2022-11-08,US,Salem,pm25,72,11.0,77.0,27.0,1384.77
2022-11-08,US,Madison,pm25,48,18.0,54.0,25.0,790.48
2022-11-08,US,Nashville,pm25,82,9.0,68.0,40.0,1355.36
2022-11-08,US,Tucson,pm25,144,5.0,76.0,21.0,2005.73
2022-11-08,US,Queens,pm25,93,3.0,36.0,20.0,690.04
2022-11-08,US,Tallahassee,pm25,70,8.0,61.0,35.0,1270.33
2022-11-08,US,Fort Worth,pm25,48,25.0,78.0,53.0,1540.74
2022-11-08,RS,Novi Sad,pm25,48,66.0,171.0,86.0,6780.63
2022-11-08,RS,Niš,pm25,48,67.0,165.0,84.0,12137.1
2022-11-08,RS,Belgrade,pm25,168,55.0,155.0,88.0,4328.62
2022-11-08,CY,Nicosia,pm25,24,25.0,103.0,59.0,5027.37
2022-11-08,CY,Limassol,pm25,24,10.0,75.0,44.0,3356.94
2022-11-08,HR,Zagreb,pm25,24,74.0,171.0,132.0,9833.26
2022-11-08,HR,Rijeka,pm25,69,25.0,86.0,39.0,1897.79
2022-11-08,MK,Skopje,pm25,120,64.0,199.0,124.0,8149.48
2022-11-09,GE,Tbilisi,pm25,96,42.0,74.0,59.0,997.25
2022-11-09,JP,Fukuoka,pm25,387,13.0,109.0,61.0,1166.5
2022-11-09,JP,Kanazawa,pm25,207,5.0,61.0,34.0,1233.56
2022-11-09,JP,Kumamoto,pm25,373,5.0,139.0,61.0,3307.0
2022-11-09,JP,Akita,pm25,36,5.0,82.0,34.0,3597.42
2022-11-09,JP,Kochi,pm25,47,9.0,61.0,42.0,1621.98
2022-11-09,JP,Gifu-shi,pm25,151,5.0,76.0,46.0,2551.97
2022-11-09,JP,Kyoto,pm25,571,25.0,87.0,55.0,1082.43
2022-11-09,JP,Hiroshima,pm25,312,5.0,85.0,46.0,2160.33
2022-11-09,JP,Shizuoka,pm25,248,5.0,82.0,46.0,1553.08
2022-11-09,JP,Chiba,pm25,735,5.0,104.0,38.0,2396.37
2022-11-09,JP,Sapporo,pm25,214,17.0,85.0,53.0,1941.91
2022-11-09,JP,Yokohama,pm25,474,9.0,153.0,42.0,1807.99
2022-11-09,JP,Tokyo,pm25,2480,1.0,122.0,42.0,1634.75
2022-11-09,JP,Saitama,pm25,474,13.0,102.0,46.0,2246.18
2022-11-09,JP,Naha,pm25,144,17.0,53.0,30.0,872.2
2022-11-09,JP,Nagasaki,pm25,190,13.0,104.0,59.0,979.5
2022-11-09,JP,Toyama,pm25,180,5.0,82.0,38.0,1719.91
2022-11-09,JP,Niigata,pm25,210,13.0,63.0,38.0,939.87
2022-11-09,JP,Nara-shi,pm25,191,34.0,99.0,55.0,1684.04
2022-11-09,JP,Okayama,pm25,284,9.0,169.0,55.0,3932.94
2022-11-09,JP,Sendai,pm25,471,5.0,65.0,30.0,1285.72
2022-11-09,JP,Osaka,pm25,1392,5.0,109.0,53.0,1621.62
2022-11-09,JP,Miyazaki,pm25,108,21.0,124.0,61.0,3109.06
2022-11-09,JP,Matsuyama,pm25,162,5.0,76.0,46.0,2674.76
2022-11-09,JP,Wakayama,pm25,261,9.0,142.0,42.0,2082.24
2022-11-09,JP,Takamatsu,pm25,237,5.0,80.0,42.0,2107.9
2022-11-09,JP,Nagoya,pm25,779,5.0,102.0,46.0,1985.31
2022-11-09,JP,Ōita,pm25,261,13.0,82.0,53.0,2074.99
2022-11-09,JP,Kobe,pm25,419,9.0,85.0,46.0,877.88
2022-11-09,JP,Nagano,pm25,70,5.0,104.0,34.0,3605.55
2022-11-09,JP,Utsunomiya,pm25,397,5.0,158.0,38.0,4214.36
2022-11-09,JP,Kagoshima,pm25,95,53.0,95.0,63.0,841.67
2022-11-09,SK,Košice,pm25,96,21.0,82.0,55.0,2911.34
2022-11-09,SK,Bratislava,pm25,96,50.0,112.0,80.0,875.95
2022-11-09,FI,Vantaa,pm25,24,2.0,47.0,26.0,1822.16
2022-11-09,FI,Turku,pm25,21,3.0,27.0,20.0,648.57
2022-11-09,FI,Helsinki,pm25,114,1.0,58.0,30.0,2974.04
2022-11-09,FI,Tampere,pm25,96,2.0,64.0,9.0,1684.54
2022-11-09,ET,Addis Ababa,pm25,24,42.0,156.0,57.0,7530.36
2022-11-09,CH,Zürich,pm25,24,2.0,8.0,3.0,18.26
2022-11-09,CO,Bogotá,pm25,331,13.0,172.0,61.0,8945.9
2022-11-09,CO,Medellín,pm25,258,25.0,85.0,57.0,1880.46
2022-11-09,DK,Copenhagen,pm25,24,21.0,43.0,34.0,477.1
2022-11-09,GB,Edinburgh,pm25,284,2.0,43.0,16.0,560.37
2022-11-09,GB,Norwich,pm25,21,21.0,35.0,25.0,154.62
2022-11-09,GB,Liverpool,pm25,39,9.0,57.0,21.0,793.4
2022-11-09,GB,Belfast,pm25,47,12.0,36.0,22.0,199.84
2022-11-09,GB,Coventry,pm25,48,17.0,28.0,21.0,100.95
2022-11-09,GB,Leeds,pm25,40,17.0,55.0,30.0,823.94
2022-11-09,GB,Cardiff,pm25,95,5.0,59.0,38.0,1548.69
2022-11-09,GB,Bristol,pm25,63,13.0,53.0,30.0,719.96
2022-11-09,GB,London,pm25,565,1.0,68.0,25.0,1526.21
2022-11-09,GB,Birmingham,pm25,39,13.0,31.0,21.0,191.66
2022-11-09,GB,Sheffield,pm25,85,13.0,38.0,17.0,202.89
2022-11-09,GB,Newport,pm25,43,8.0,38.0,20.0,786.63
2022-11-09,GB,Leicester,pm25,19,21.0,59.0,30.0,1232.63
2022-11-09,GB,Manchester,pm25,72,14.0,45.0,21.0,813.8
2022-11-09,GB,Reading,pm25,42,5.0,30.0,13.0,392.75
2022-11-09,GB,Plymouth,pm25,40,9.0,43.0,29.0,1823.33
2022-11-09,GB,Glasgow,pm25,565,3.0,38.0,22.0,390.46
2022-11-09,GB,Preston,pm25,44,15.0,43.0,23.0,431.6
2022-11-09,GB,Swansea,pm25,164,5.0,82.0,38.0,2923.29
2022-11-09,GB,Southend-on-Sea,pm25,40,8.0,34.0,21.0,537.33
2022-11-09,ID,Jakarta,pm25,68,42.0,167.0,99.0,12743.3
2022-11-09,ML,Bamako,pm25,24,53.0,224.0,93.0,24094.2
2022-11-09,NP,Kathmandu,pm25,48,59.0,157.0,102.0,7172.23
2022-11-09,NP,Pokhara,pm25,24,78.0,126.0,90.0,2372.45
2022-11-09,NP,Biratnagar,pm25,40,77.0,271.0,116.0,19565.3
2022-11-09,AU,Sydney,pm25,102,1.0,28.0,9.0,465.53
2022-11-09,AU,Newcastle,pm25,115,1.0,53.0,14.0,1253.06
2022-11-09,AU,Launceston,pm25,121,5.0,30.0,9.0,192.69
2022-11-09,AU,Hobart,pm25,59,5.0,25.0,13.0,176.83
2022-11-09,AU,Darwin,pm25,72,18.0,96.0,50.0,1722.16
2022-11-09,AU,Melbourne,pm25,161,1.0,64.0,25.0,1817.25
2022-11-09,AU,Canberra,pm25,55,1.0,62.0,21.0,3035.8
2022-11-09,AU,Adelaide,pm25,75,4.0,67.0,12.0,1302.28
2022-11-09,AU,Brisbane,pm25,201,1.0,48.0,19.0,724.75
2022-11-09,AU,Perth,pm25,85,2.0,22.0,5.0,245.48
2022-11-09,AU,Wollongong,pm25,35,1.0,36.0,13.0,1022.05
2022-11-09,CI,Abidjan,pm25,24,34.0,102.0,59.0,3030.14
2022-11-09,GH,Accra,pm25,24,57.0,104.0,68.0,2036.23
2022-11-09,IQ,Baghdad,pm25,24,89.0,186.0,159.0,5581.67
2022-11-09,IS,Reykjavík,pm25,96,2.0,49.0,15.0,1728.94
2022-11-09,KG,Bishkek,pm25,24,50.0,147.0,85.0,7080.27
2022-11-09,NL,Utrecht,pm25,48,6.0,45.0,20.0,852.48
2022-11-09,NL,Nijmegen,pm25,47,2.0,53.0,21.0,1012.65
2022-11-09,NL,Haarlem,pm25,143,1.0,89.0,24.0,2473.35
2022-11-09,NL,Eindhoven,pm25,21,3.0,38.0,18.0,628.0
2022-11-09,NL,Rotterdam,pm25,191,8.0,52.0,22.0,269.44
2022-11-09,NL,Amsterdam,pm25,244,1.0,76.0,19.0,1119.83
2022-11-09,NL,Dordrecht,pm25,23,1.0,103.0,17.0,3780.4
2022-11-09,NL,Breda,pm25,47,1.0,48.0,19.0,1132.81
2022-11-09,NL,Groningen,pm25,46,3.0,33.0,15.0,601.11
2022-11-09,NL,Maastricht,pm25,67,5.0,42.0,17.0,561.48
2022-11-09,NL,The Hague,pm25,72,4.0,33.0,20.0,355.2
2022-11-09,PT,Lisbon,pm25,43,12.0,39.0,20.0,533.01
2022-11-09,PT,Funchal,pm25,56,1.0,35.0,24.0,1514.91
2022-11-09,CA,Hamilton,pm25,79,5.0,162.0,21.0,10983.0
2022-11-09,CA,Calgary,pm25,85,24.0,79.0,48.0,1627.39
2022-11-09,CA,Winnipeg,pm25,19,17.0,26.0,18.0,68.77
2022-11-09,CA,Halifax,pm25,46,10.0,22.0,13.0,79.0
2022-11-09,CA,Kitchener,pm25,45,5.0,82.0,13.0,5679.62
2022-11-09,CA,Edmonton,pm25,127,14.0,71.0,47.0,1166.97
2022-11-09,CA,Surrey,pm25,96,15.0,92.0,40.0,2198.1
2022-11-09,CA,Mississauga,pm25,47,5.0,53.0,21.0,1706.64
2022-11-09,CA,Québec,pm25,142,5.0,38.0,16.0,501.94
2022-11-09,CA,Vancouver,pm25,165,8.0,104.0,35.0,2729.99
2022-11-09,CA,Victoria,pm25,48,21.0,78.0,42.0,1931.77
2022-11-09,CA,Montréal,pm25,408,6.0,63.0,22.0,884.06
2022-11-09,CA,Toronto,pm25,107,5.0,74.0,17.0,2804.82
2022-11-09,CA,Ottawa,pm25,60,9.0,30.0,22.0,316.03
2022-11-09,CA,London,pm25,31,5.0,57.0,30.0,2939.4
2022-11-09,US,Oklahoma City,pm25,96,24.0,82.0,51.0,1474.92
2022-11-09,US,Raleigh,pm25,67,5.0,46.0,23.0,759.16
2022-11-09,US,Memphis,pm25,71,37.0,59.0,49.0,324.91
2022-11-09,US,Jackson,pm25,72,11.0,60.0,44.0,1321.06
2022-11-09,US,Boston,pm25,95,9.0,55.0,21.0,719.11
2022-11-09,US,Richmond,pm25,96,17.0,50.0,24.0,581.65
2022-11-09,US,Portland,pm25,192,23.0,87.0,36.0,1858.81
2022-11-09,US,Boise,pm25,24,7.0,52.0,32.0,1701.29
2022-11-09,US,Austin,pm25,46,5.0,61.0,21.0,1769.33
2022-11-09,US,Honolulu,pm25,38,5.0,38.0,13.0,596.59
2022-11-09,US,Fresno,pm25,37,1.0,56.0,10.0,1463.03
2022-11-09,US,Milwaukee,pm25,143,21.0,88.0,43.0,2994.76
2022-11-09,US,Hartford,pm25,48,13.0,30.0,18.0,185.09
2022-11-09,US,Washington D.C.,pm25,93,5.0,46.0,24.0,693.05
2022-11-09,US,Chicago,pm25,238,9.0,77.0,38.0,2407.54
2022-11-09,US,Houston,pm25,95,28.0,91.0,49.0,1878.89
2022-11-09,US,Indianapolis,pm25,142,13.0,162.0,54.0,8339.71
2022-11-09,US,Atlanta,pm25,24,21.0,31.0,24.0,111.88
2022-11-09,US,Charlotte,pm25,71,5.0,50.0,23.0,539.56
2022-11-09,US,Sacramento,pm25,62,3.0,70.0,13.0,1554.38
2022-11-09,US,Oakland,pm25,86,5.0,46.0,21.0,842.62
2022-11-09,US,Providence,pm25,58,5.0,38.0,17.0,751.17
2022-11-09,US,Staten Island,pm25,92,5.0,68.0,20.0,1246.78
2022-11-09,US,Brooklyn,pm25,133,2.0,45.0,17.0,769.77
2022-11-09,US,Springfield,pm25,72,30.0,80.0,51.0,1344.72
2022-11-09,US,The Bronx,pm25,33,2.0,37.0,22.0,700.47
2022-11-09,US,San Jose,pm25,73,5.0,61.0,17.0,1552.77
2022-11-09,US,Los Angeles,pm25,47,1.0,72.0,24.0,1858.22
2022-11-09,US,Detroit,pm25,167,15.0,72.0,33.0,1106.78
2022-11-09,US,Little Rock,pm25,46,30.0,60.0,46.0,570.92
2022-11-09,US,Baltimore,pm25,42,16.0,46.0,28.0,556.21
2022-11-09,US,Phoenix,pm25,183,1.0,60.0,13.0,1205.36
2022-11-09,US,Omaha,pm25,24,17.0,38.0,30.0,310.85
2022-11-09,US,El Paso,pm25,163,5.0,118.0,30.0,6948.81
2022-11-09,US,Dallas,pm25,24,13.0,65.0,42.0,2641.72
2022-11-09,US,Seattle,pm25,255,20.0,154.0,42.0,2130.93
2022-11-09,US,Manhattan,pm25,62,2.0,68.0,19.0,1737.87
2022-11-09,US,Miami,pm25,94,6.0,57.0,40.0,1827.19
2022-11-09,US,Jacksonville,pm25,137,9.0,58.0,49.0,997.84
2022-11-09,US,San Antonio,pm25,90,2.0,55.0,29.0,1632.31
2022-11-09,US,Philadelphia,pm25,90,2.0,52.0,20.0,926.15
2022-11-09,US,San Diego,pm25,24,6.0,58.0,13.0,1589.4
2022-11-09,US,Columbus,pm25,47,1.0,40.0,22.0,685.19
2022-11-09,US,Saint Paul,pm25,143,5.0,62.0,49.0,1177.33
2022-11-09,US,Denver,pm25,155,9.0,70.0,42.0,2072.76
2022-11-09,US,Salt Lake City,pm25,216,1.0,48.0,5.0,504.35
2022-11-09,US,Albuquerque,pm25,47,6.0,56.0,15.0,681.24
2022-11-09,US,San Francisco,pm25,68,5.0,82.0,21.0,1577.59
2022-11-09,US,Salem,pm25,72,27.0,106.0,44.0,2857.56
2022-11-09,US,Madison,pm25,48,24.0,59.0,46.0,1420.63
2022-11-09,US,Nashville,pm25,93,11.0,82.0,41.0,3209.17
2022-11-09,US,Tucson,pm25,153,5.0,57.0,21.0,1258.12
2022-11-09,US,Queens,pm25,91,3.0,54.0,20.0,1272.08
2022-11-09,US,Tallahassee,pm25,72,19.0,45.0,28.0,265.35
2022-11-09,US,Fort Worth,pm25,46,5.0,65.0,38.0,2497.2
2022-11-09,RS,Novi Sad,pm25,48,62.0,163.0,118.0,7977.71
2022-11-09,RS,Niš,pm25,48,82.0,190.0,105.0,10972.0
2022-11-09,RS,Belgrade,pm25,168,55.0,160.0,94.0,7080.52
2022-11-09,CY,Nicosia,pm25,24,60.0,105.0,73.0,1735.87
2022-11-09,CY,Limassol,pm25,24,47.0,80.0,58.0,623.46
2022-11-09,HR,Zagreb,pm25,23,26.0,182.0,107.0,28373.8
2022-11-09,HR,Rijeka,pm25,61,12.0,79.0,51.0,3530.96
2022-11-09,MK,Skopje,pm25,120,60.0,234.0,132.0,8490.42
2022-11-10,GE,Tbilisi,pm25,96,52.0,103.0,68.0,1357.5
2022-11-10,JP,Fukuoka,pm25,390,21.0,147.0,65.0,1402.44
2022-11-10,JP,Kanazawa,pm25,212,5.0,65.0,42.0,2342.66
2022-11-10,JP,Kumamoto,pm25,375,9.0,144.0,65.0,3915.52
2022-11-10,JP,Akita,pm25,37,9.0,65.0,34.0,1738.53
2022-11-10,JP,Kochi,pm25,47,21.0,68.0,55.0,818.45
2022-11-10,JP,Gifu-shi,pm25,146,5.0,99.0,55.0,3090.21
2022-11-10,JP,Kyoto,pm25,568,34.0,109.0,63.0,814.53
2022-11-10,JP,Hiroshima,pm25,324,5.0,112.0,57.0,3491.51
2022-11-10,JP,Shizuoka,pm25,255,5.0,82.0,42.0,2153.24
2022-11-10,JP,Chiba,pm25,784,5.0,149.0,57.0,4198.77
2022-11-10,JP,Sapporo,pm25,214,5.0,78.0,50.0,2802.67
2022-11-10,JP,Yokohama,pm25,509,1.0,102.0,53.0,2907.5
2022-11-10,JP,Tokyo,pm25,2548,1.0,182.0,61.0,3836.36
2022-11-10,JP,Saitama,pm25,464,25.0,147.0,63.0,3874.77
2022-11-10,JP,Naha,pm25,125,5.0,30.0,13.0,253.78
2022-11-10,JP,Nagasaki,pm25,191,9.0,147.0,70.0,2118.48
2022-11-10,JP,Toyama,pm25,181,5.0,87.0,46.0,2827.07
2022-11-10,JP,Niigata,pm25,212,13.0,68.0,42.0,979.92
2022-11-10,JP,Nara-shi,pm25,192,30.0,102.0,61.0,1023.54
2022-11-10,JP,Okayama,pm25,286,42.0,155.0,72.0,3389.28
2022-11-10,JP,Sendai,pm25,461,5.0,63.0,34.0,1407.58
2022-11-10,JP,Osaka,pm25,1421,5.0,124.0,61.0,1580.81
2022-11-10,JP,Miyazaki,pm25,116,9.0,122.0,61.0,2909.58
2022-11-10,JP,Matsuyama,pm25,158,9.0,119.0,57.0,2565.16
2022-11-10,JP,Wakayama,pm25,241,21.0,155.0,53.0,1503.2
2022-11-10,JP,Takamatsu,pm25,226,17.0,152.0,55.0,2193.2
2022-11-10,JP,Nagoya,pm25,787,9.0,129.0,61.0,1700.9
2022-11-10,JP,Ōita,pm25,262,5.0,102.0,59.0,2775.15
2022-11-10,JP,Kobe,pm25,428,5.0,102.0,59.0,828.03
2022-11-10,JP,Nagano,pm25,70,5.0,95.0,46.0,3667.5
2022-11-10,JP,Utsunomiya,pm25,395,21.0,109.0,55.0,1703.32
2022-11-10,JP,Kagoshima,pm25,95,50.0,87.0,68.0,627.02
2022-11-10,SK,Košice,pm25,96,53.0,117.0,74.0,1726.72
2022-11-10,SK,Bratislava,pm25,96,13.0,99.0,68.0,3355.63
2022-11-10,FI,Vantaa,pm25,24,20.0,36.0,28.0,213.62
2022-11-10,FI,Turku,pm25,24,14.0,27.0,19.0,85.43
2022-11-10,FI,Helsinki,pm25,110,17.0,51.0,30.0,823.3
2022-11-10,FI,Tampere,pm25,96,12.0,37.0,21.0,415.45
2022-11-10,ET,Addis Ababa,pm25,24,38.0,91.0,63.0,2676.94
2022-11-10,CH,Zürich,pm25,22,1.0,5.0,2.0,15.41
2022-11-10,CO,Bogotá,pm25,288,9.0,165.0,59.0,8813.78
2022-11-10,CO,Medellín,pm25,255,13.0,82.0,50.0,1885.82
2022-11-10,DK,Copenhagen,pm25,24,19.0,45.0,32.0,691.72
2022-11-10,GB,Edinburgh,pm25,284,3.0,30.0,14.0,314.06
2022-11-10,GB,Norwich,pm25,22,21.0,39.0,23.0,194.2
2022-11-10,GB,Liverpool,pm25,27,5.0,21.0,13.0,185.41
2022-11-10,GB,Belfast,pm25,45,8.0,26.0,17.0,162.1
2022-11-10,GB,Coventry,pm25,42,10.0,30.0,18.0,143.53
2022-11-10,GB,Leeds,pm25,33,9.0,42.0,21.0,495.08
2022-11-10,GB,Cardiff,pm25,92,5.0,53.0,34.0,1319.36
2022-11-10,GB,Bristol,pm25,69,9.0,53.0,25.0,1030.75
2022-11-10,GB,London,pm25,609,3.0,65.0,29.0,1137.98
2022-11-10,GB,Birmingham,pm25,29,13.0,29.0,18.0,191.9
2022-11-10,GB,Sheffield,pm25,65,9.0,38.0,17.0,184.22
2022-11-10,GB,Newport,pm25,43,9.0,34.0,17.0,391.61
2022-11-10,GB,Leicester,pm25,18,21.0,53.0,27.0,777.94
2022-11-10,GB,Manchester,pm25,72,4.0,54.0,16.0,1666.32
2022-11-10,GB,Reading,pm25,46,5.0,25.0,13.0,468.1
2022-11-10,GB,Plymouth,pm25,28,5.0,35.0,17.0,1183.97
2022-11-10,GB,Glasgow,pm25,566,7.0,41.0,18.0,309.08
2022-11-10,GB,Preston,pm25,33,6.0,27.0,13.0,361.53
2022-11-10,GB,Swansea,pm25,156,5.0,91.0,46.0,4897.99
2022-11-10,GB,Southend-on-Sea,pm25,44,17.0,35.0,24.0,158.37
2022-11-10,ID,Jakarta,pm25,71,36.0,152.0,74.0,4664.0
2022-11-10,ML,Bamako,pm25,24,50.0,301.0,91.0,30510.4
2022-11-10,NP,Kathmandu,pm25,43,63.0,157.0,99.0,6758.21
2022-11-10,NP,Pokhara,pm25,24,86.0,140.0,96.0,1644.06
2022-11-10,NP,Biratnagar,pm25,38,79.0,205.0,123.0,9922.25
2022-11-10,AU,Sydney,pm25,101,1.0,66.0,10.0,1168.08
2022-11-10,AU,Newcastle,pm25,105,1.0,69.0,12.0,1838.87
2022-11-10,AU,Launceston,pm25,86,5.0,25.0,13.0,130.54
2022-11-10,AU,Hobart,pm25,46,5.0,30.0,9.0,255.21
2022-11-10,AU,Darwin,pm25,67,12.0,66.0,49.0,1861.42
2022-11-10,AU,Melbourne,pm25,163,2.0,57.0,26.0,1488.64
2022-11-10,AU,Canberra,pm25,57,1.0,79.0,19.0,3503.13
2022-11-10,AU,Adelaide,pm25,84,5.0,50.0,17.0,706.78
2022-11-10,AU,Brisbane,pm25,198,1.0,66.0,18.0,970.05
2022-11-10,AU,Perth,pm25,72,2.0,38.0,5.0,501.69
2022-11-10,AU,Wollongong,pm25,35,2.0,85.0,10.0,2767.28
2022-11-10,CI,Abidjan,pm25,24,34.0,139.0,59.0,8245.15
2022-11-10,GH,Accra,pm25,24,34.0,85.0,68.0,1882.32
2022-11-10,IQ,Baghdad,pm25,24,151.0,257.0,158.0,5136.5
2022-11-10,IS,Reykjavík,pm25,96,2.0,42.0,8.0,401.04
2022-11-10,KG,Bishkek,pm25,24,59.0,190.0,99.0,19349.1
2022-11-10,NL,Utrecht,pm25,48,12.0,60.0,33.0,1753.33
2022-11-10,NL,Nijmegen,pm25,48,5.0,58.0,27.0,1407.12
2022-11-10,NL,Haarlem,pm25,143,1.0,79.0,36.0,1395.72
2022-11-10,NL,Eindhoven,pm25,24,17.0,64.0,38.0,1535.05
2022-11-10,NL,Rotterdam,pm25,192,11.0,56.0,33.0,500.83
2022-11-10,NL,Amsterdam,pm25,252,4.0,71.0,28.0,1112.54
2022-11-10,NL,Dordrecht,pm25,24,13.0,38.0,26.0,540.85
2022-11-10,NL,Breda,pm25,48,14.0,55.0,35.0,933.17
2022-11-10,NL,Groningen,pm25,48,3.0,55.0,29.0,1856.7
2022-11-10,NL,Maastricht,pm25,94,5.0,59.0,25.0,1156.29
2022-11-10,NL,The Hague,pm25,72,2.0,51.0,28.0,893.87
2022-11-10,PT,Lisbon,pm25,26,17.0,52.0,28.0,940.06
2022-11-10,PT,Funchal,pm25,63,1.0,47.0,23.0,1704.18
2022-11-10,CA,Hamilton,pm25,89,9.0,97.0,38.0,3618.16
2022-11-10,CA,Calgary,pm25,80,8.0,96.0,38.0,2882.78
2022-11-10,CA,Winnipeg,pm25,11,16.0,17.0,16.0,1.64
2022-11-10,CA,Halifax,pm25,46,8.0,37.0,21.0,841.59
2022-11-10,CA,Kitchener,pm25,48,13.0,85.0,34.0,5052.3
2022-11-10,CA,Edmonton,pm25,134,34.0,151.0,71.0,2785.89
2022-11-10,CA,Surrey,pm25,92,29.0,68.0,47.0,938.08
2022-11-10,CA,Mississauga,pm25,68,9.0,63.0,38.0,2906.3
2022-11-10,CA,Québec,pm25,149,7.0,65.0,31.0,1164.38
2022-11-10,CA,Vancouver,pm25,160,18.0,73.0,37.0,1206.1
2022-11-10,CA,Victoria,pm25,47,21.0,70.0,46.0,1719.06
2022-11-10,CA,Montréal,pm25,435,15.0,79.0,33.0,1917.52
2022-11-10,CA,Toronto,pm25,134,9.0,65.0,38.0,2778.9
2022-11-10,CA,Ottawa,pm25,67,21.0,52.0,34.0,656.66
2022-11-10,CA,London,pm25,45,9.0,61.0,34.0,2425.83
2022-11-10,US,Oklahoma City,pm25,96,7.0,42.0,28.0,801.36
2022-11-10,US,Raleigh,pm25,71,5.0,53.0,25.0,876.78
2022-11-10,US,Memphis,pm25,68,2.0,54.0,36.0,887.89
2022-11-10,US,Jackson,pm25,72,22.0,69.0,39.0,856.27
2022-11-10,US,Boston,pm25,86,21.0,38.0,25.0,229.92
2022-11-10,US,Richmond,pm25,95,31.0,50.0,35.0,221.27
2022-11-10,US,Portland,pm25,191,29.0,170.0,61.0,3045.02
2022-11-10,US,Boise,pm25,24,18.0,70.0,42.0,1779.55
2022-11-10,US,Austin,pm25,47,5.0,70.0,34.0,2824.15
2022-11-10,US,Honolulu,pm25,32,5.0,50.0,9.0,1119.84
2022-11-10,US,Fresno,pm25,48,3.0,67.0,33.0,2481.56
2022-11-10,US,Milwaukee,pm25,144,28.0,66.0,55.0,783.04
2022-11-10,US,Hartford,pm25,48,23.0,43.0,30.0,178.71
2022-11-10,US,Washington D.C.,pm25,93,5.0,53.0,35.0,1208.96
2022-11-10,US,Chicago,pm25,238,10.0,91.0,48.0,1573.66
2022-11-10,US,Houston,pm25,96,20.0,101.0,46.0,2335.45
2022-11-10,US,Indianapolis,pm25,142,13.0,182.0,57.0,9429.25
2022-11-10,US,Atlanta,pm25,24,8.0,30.0,24.0,541.58
2022-11-10,US,Charlotte,pm25,72,5.0,55.0,28.0,1012.48
2022-11-10,US,Sacramento,pm25,57,2.0,132.0,25.0,6226.6
2022-11-10,US,Oakland,pm25,92,5.0,65.0,25.0,1682.5
2022-11-10,US,Providence,pm25,70,5.0,46.0,21.0,635.34
2022-11-10,US,Staten Island,pm25,90,9.0,102.0,34.0,2842.2
2022-11-10,US,Brooklyn,pm25,141,4.0,76.0,32.0,1619.66
2022-11-10,US,Springfield,pm25,70,28.0,97.0,45.0,1582.53
2022-11-10,US,The Bronx,pm25,47,4.0,51.0,25.0,1255.34
2022-11-10,US,San Jose,pm25,87,5.0,59.0,25.0,1889.23
2022-11-10,US,Los Angeles,pm25,48,16.0,75.0,36.0,2453.83
2022-11-10,US,Detroit,pm25,168,31.0,116.0,70.0,2469.01
2022-11-10,US,Little Rock,pm25,46,23.0,66.0,36.0,976.29
2022-11-10,US,Baltimore,pm25,48,21.0,61.0,33.0,1277.02
2022-11-10,US,Phoenix,pm25,185,1.0,72.0,15.0,1382.79
2022-11-10,US,Omaha,pm25,13,5.0,38.0,17.0,1168.08
2022-11-10,US,El Paso,pm25,134,5.0,62.0,21.0,2398.84
2022-11-10,US,Dallas,pm25,22,30.0,80.0,46.0,1062.62
2022-11-10,US,Seattle,pm25,263,17.0,93.0,59.0,1920.23
2022-11-10,US,Manhattan,pm25,70,8.0,54.0,28.0,1166.58
2022-11-10,US,Miami,pm25,82,3.0,64.0,18.0,928.58
2022-11-10,US,Jacksonville,pm25,132,1.0,59.0,23.0,2531.73
2022-11-10,US,San Antonio,pm25,92,5.0,53.0,29.0,1218.67
2022-11-10,US,Philadelphia,pm25,91,5.0,118.0,37.0,2808.01
2022-11-10,US,San Diego,pm25,24,10.0,52.0,18.0,1359.13
2022-11-10,US,Columbus,pm25,48,5.0,83.0,45.0,4116.66
2022-11-10,US,Saint Paul,pm25,129,5.0,55.0,34.0,3114.37
2022-11-10,US,Denver,pm25,140,5.0,57.0,25.0,2127.28
2022-11-10,US,Salt Lake City,pm25,216,2.0,52.0,15.0,680.29
2022-11-10,US,Albuquerque,pm25,48,2.0,13.0,5.0,63.72
2022-11-10,US,San Francisco,pm25,71,5.0,144.0,25.0,3442.64
2022-11-10,US,Salem,pm25,72,50.0,121.0,69.0,3470.58
2022-11-10,US,Madison,pm25,48,14.0,60.0,51.0,1630.39
2022-11-10,US,Nashville,pm25,94,5.0,69.0,25.0,1154.63
2022-11-10,US,Tucson,pm25,149,5.0,50.0,17.0,770.52
2022-11-10,US,Queens,pm25,94,11.0,55.0,33.0,1425.23
2022-11-10,US,Tallahassee,pm25,67,2.0,31.0,23.0,905.68
2022-11-10,US,Fort Worth,pm25,48,13.0,53.0,36.0,961.91
2022-11-10,RS,Novi Sad,pm25,48,69.0,164.0,94.0,5672.32
2022-11-10,RS,Niš,pm25,48,75.0,185.0,143.0,9467.22
2022-11-10,RS,Belgrade,pm25,168,65.0,150.0,98.0,2935.26
2022-11-10,CY,Nicosia,pm25,24,57.0,125.0,76.0,3563.41
2022-11-10,CY,Limassol,pm25,24,40.0,69.0,56.0,505.2
2022-11-10,HR,Zagreb,pm25,24,27.0,153.0,87.0,15984.1
2022-11-10,HR,Rijeka,pm25,63,9.0,151.0,21.0,7942.95
2022-11-10,MK,Skopje,pm25,70,66.0,188.0,147.0,10143.3
2022-11-11,GE,Tbilisi,pm25,96,61.0,143.0,73.0,7069.97
2022-11-11,JP,Fukuoka,pm25,405,9.0,156.0,74.0,1853.46
2022-11-11,JP,Kanazawa,pm25,216,5.0,68.0,50.0,1323.48
2022-11-11,JP,Kumamoto,pm25,373,5.0,155.0,76.0,4090.4
2022-11-11,JP,Akita,pm25,46,5.0,68.0,34.0,3023.0
2022-11-11,JP,Kochi,pm25,48,38.0,87.0,65.0,1126.17
2022-11-11,JP,Gifu-shi,pm25,189,9.0,153.0,61.0,4528.09
2022-11-11,JP,Kyoto,pm25,572,46.0,95.0,65.0,670.69
2022-11-11,JP,Hiroshima,pm25,334,5.0,99.0,61.0,1766.98
2022-11-11,JP,Shizuoka,pm25,253,5.0,82.0,46.0,1423.55
2022-11-11,JP,Chiba,pm25,801,5.0,127.0,57.0,3190.35
2022-11-11,JP,Sapporo,pm25,205,5.0,68.0,21.0,1491.11
2022-11-11,JP,Yokohama,pm25,544,1.0,87.0,53.0,2124.06
2022-11-11,JP,Tokyo,pm25,2582,1.0,151.0,57.0,1626.23
2022-11-11,JP,Saitama,pm25,478,17.0,127.0,59.0,1347.08
2022-11-11,JP,Naha,pm25,143,9.0,34.0,21.0,407.89
2022-11-11,JP,Nagasaki,pm25,192,13.0,104.0,72.0,1084.29
2022-11-11,JP,Toyama,pm25,191,9.0,87.0,53.0,1412.04
2022-11-11,JP,Niigata,pm25,173,17.0,65.0,50.0,909.92
2022-11-11,JP,Nara-shi,pm25,187,50.0,122.0,72.0,995.9
2022-11-11,JP,Okayama,pm25,287,50.0,161.0,72.0,5404.57
2022-11-11,JP,Sendai,pm25,476,17.0,74.0,50.0,1058.57
2022-11-11,JP,Osaka,pm25,1403,5.0,165.0,65.0,1467.16
2022-11-11,JP,Miyazaki,pm25,120,13.0,117.0,59.0,3405.48
2022-11-11,JP,Matsuyama,pm25,165,5.0,119.0,65.0,3298.13
2022-11-11,JP,Wakayama,pm25,275,38.0,117.0,61.0,631.18
2022-11-11,JP,Takamatsu,pm25,220,25.0,104.0,63.0,1099.9
2022-11-11,JP,Nagoya,pm25,772,17.0,154.0,65.0,1839.84
2022-11-11,JP,Ōita,pm25,264,21.0,151.0,72.0,1950.59
2022-11-11,JP,Kobe,pm25,429,9.0,107.0,63.0,918.21
2022-11-11,JP,Nagano,pm25,72,5.0,109.0,53.0,3553.61
2022-11-11,JP,Utsunomiya,pm25,382,13.0,87.0,55.0,1178.45
2022-11-11,JP,Kagoshima,pm25,91,38.0,74.0,59.0,536.5
2022-11-11,SK,Košice,pm25,96,34.0,168.0,61.0,6298.74
2022-11-11,SK,Bratislava,pm25,93,13.0,85.0,42.0,2175.58
2022-11-11,FI,Vantaa,pm25,24,2.0,28.0,18.0,409.11
2022-11-11,FI,Turku,pm25,24,5.0,23.0,13.0,304.93
2022-11-11,FI,Helsinki,pm25,120,1.0,30.0,18.0,316.63
2022-11-11,FI,Tampere,pm25,95,6.0,23.0,13.0,188.82
2022-11-11,ET,Addis Ababa,pm25,24,25.0,89.0,55.0,2630.36
2022-11-11,CH,Zürich,pm25,24,2.0,7.0,3.0,12.88
2022-11-11,CO,Bogotá,pm25,325,9.0,161.0,82.0,6902.7
2022-11-11,CO,Medellín,pm25,265,17.0,82.0,59.0,1705.94
2022-11-11,DK,Copenhagen,pm25,10,18.0,39.0,28.0,499.56
2022-11-11,GB,Edinburgh,pm25,282,2.0,50.0,13.0,518.79
2022-11-11,GB,Norwich,pm25,17,13.0,45.0,23.0,975.07
2022-11-11,GB,Liverpool,pm25,44,4.0,25.0,9.0,262.6
2022-11-11,GB,Belfast,pm25,43,10.0,35.0,17.0,311.21
2022-11-11,GB,Coventry,pm25,53,6.0,29.0,17.0,251.52
2022-11-11,GB,Leeds,pm25,45,9.0,38.0,18.0,562.19
2022-11-11,GB,Cardiff,pm25,95,9.0,68.0,30.0,2450.21
2022-11-11,GB,Bristol,pm25,66,9.0,68.0,30.0,2363.52
2022-11-11,GB,London,pm25,578,4.0,78.0,29.0,1743.1
2022-11-11,GB,Birmingham,pm25,42,9.0,34.0,17.0,393.94
2022-11-11,GB,Sheffield,pm25,79,9.0,50.0,18.0,659.21
2022-11-11,GB,Newport,pm25,46,5.0,34.0,21.0,675.81
2022-11-11,GB,Leicester,pm25,21,7.0,28.0,19.0,203.33
2022-11-11,GB,Manchester,pm25,78,10.0,59.0,21.0,1916.28
2022-11-11,GB,Reading,pm25,47,5.0,38.0,13.0,594.24
2022-11-11,GB,Plymouth,pm25,47,9.0,46.0,25.0,1230.8
2022-11-11,GB,Glasgow,pm25,570,10.0,41.0,22.0,340.67
2022-11-11,GB,Preston,pm25,42,4.0,23.0,13.0,242.96
2022-11-11,GB,Swansea,pm25,177,9.0,85.0,34.0,3377.37
2022-11-11,GB,Southend-on-Sea,pm25,43,14.0,53.0,24.0,937.8
2022-11-11,ID,Jakarta,pm25,70,17.0,104.0,61.0,4509.9
2022-11-11,ML,Bamako,pm25,24,53.0,229.0,104.0,16322.0
2022-11-11,NP,Kathmandu,pm25,48,61.0,156.0,102.0,8931.9
2022-11-11,NP,Pokhara,pm25,16,72.0,129.0,91.0,3623.33
2022-11-11,NP,Biratnagar,pm25,32,86.0,171.0,128.0,5774.03
2022-11-11,AU,Sydney,pm25,105,1.0,83.0,14.0,1440.19
2022-11-11,AU,Newcastle,pm25,117,2.0,52.0,18.0,1324.71
2022-11-11,AU,Launceston,pm25,116,5.0,34.0,13.0,318.46
2022-11-11,AU,Hobart,pm25,45,5.0,17.0,5.0,77.25
2022-11-11,AU,Darwin,pm25,64,5.0,54.0,28.0,1452.29
2022-11-11,AU,Melbourne,pm25,158,1.0,57.0,20.0,1338.42
2022-11-11,AU,Canberra,pm25,65,1.0,55.0,28.0,1755.13
2022-11-11,AU,Adelaide,pm25,69,3.0,72.0,13.0,1348.82
2022-11-11,AU,Brisbane,pm25,197,1.0,56.0,23.0,1084.49
2022-11-11,AU,Perth,pm25,81,2.0,14.0,5.0,173.21
2022-11-11,AU,Wollongong,pm25,45,2.0,51.0,15.0,1905.07
2022-11-11,CI,Abidjan,pm25,24,21.0,72.0,53.0,2322.32
2022-11-11,GH,Accra,pm25,24,42.0,112.0,57.0,2460.22
2022-11-11,IQ,Baghdad,pm25,24,72.0,230.0,151.0,19347.0
2022-11-11,IS,Reykjavík,pm25,96,3.0,24.0,5.0,182.18
2022-11-11,KG,Bishkek,pm25,24,82.0,193.0,129.0,13356.5
2022-11-11,NL,Utrecht,pm25,48,34.0,84.0,56.0,1101.42
2022-11-11,NL,Nijmegen,pm25,48,13.0,75.0,39.0,1979.13
2022-11-11,NL,Haarlem,pm25,143,15.0,131.0,52.0,2860.44
2022-11-11,NL,Eindhoven,pm25,24,16.0,102.0,37.0,3864.28
2022-11-11,NL,Rotterdam,pm25,192,30.0,70.0,53.0,825.02
2022-11-11,NL,Amsterdam,pm25,263,8.0,92.0,53.0,1520.8
2022-11-11,NL,Dordrecht,pm25,24,13.0,81.0,46.0,3039.84
2022-11-11,NL,Breda,pm25,48,21.0,71.0,51.0,1297.12
2022-11-11,NL,Groningen,pm25,48,24.0,66.0,51.0,957.34
2022-11-11,NL,Maastricht,pm25,92,5.0,122.0,25.0,4765.3
2022-11-11,NL,The Hague,pm25,72,34.0,73.0,54.0,777.81
2022-11-11,PT,Lisbon,pm25,37,13.0,55.0,23.0,1643.6
2022-11-11,PT,Funchal,pm25,66,3.0,56.0,22.0,1583.48
2022-11-11,CA,Hamilton,pm25,94,9.0,95.0,38.0,3008.54
2022-11-11,CA,Calgary,pm25,86,11.0,65.0,43.0,1582.44
2022-11-11,CA,Winnipeg,pm25,14,16.0,16.0,16.0,0.0
2022-11-11,CA,Halifax,pm25,46,30.0,55.0,39.0,377.26
2022-11-11,CA,Kitchener,pm25,47,9.0,91.0,25.0,4542.66
2022-11-11,CA,Edmonton,pm25,138,24.0,167.0,74.0,5881.68
2022-11-11,CA,Surrey,pm25,96,21.0,70.0,34.0,1417.33
2022-11-11,CA,Mississauga,pm25,72,17.0,76.0,30.0,1773.33
2022-11-11,CA,Québec,pm25,164,7.0,62.0,31.0,1629.11
2022-11-11,CA,Vancouver,pm25,168,10.0,80.0,26.0,1407.42
2022-11-11,CA,Victoria,pm25,48,13.0,63.0,34.0,1419.41
2022-11-11,CA,Montréal,pm25,441,3.0,83.0,33.0,1498.71
2022-11-11,CA,Toronto,pm25,133,5.0,119.0,34.0,4810.09
2022-11-11,CA,Ottawa,pm25,68,17.0,51.0,34.0,661.16
2022-11-11,CA,London,pm25,47,17.0,63.0,38.0,1309.85
2022-11-11,US,Oklahoma City,pm25,96,5.0,23.0,16.0,145.5
2022-11-11,US,Raleigh,pm25,60,5.0,50.0,17.0,1509.7
2022-11-11,US,Memphis,pm25,72,19.0,59.0,41.0,892.36
2022-11-11,US,Jackson,pm25,72,22.0,101.0,37.0,2536.88
2022-11-11,US,Boston,pm25,80,5.0,46.0,25.0,393.01
2022-11-11,US,Richmond,pm25,93,8.0,35.0,28.0,567.73
2022-11-11,US,Portland,pm25,191,18.0,101.0,37.0,3247.66
2022-11-11,US,Boise,pm25,22,5.0,52.0,19.0,1799.22
2022-11-11,US,Austin,pm25,31,5.0,68.0,17.0,2258.62
2022-11-11,US,Honolulu,pm25,43,5.0,55.0,17.0,1118.73
2022-11-11,US,Fresno,pm25,48,21.0,104.0,64.0,3184.57
2022-11-11,US,Milwaukee,pm25,144,12.0,45.0,18.0,308.1
2022-11-11,US,Hartford,pm25,48,9.0,48.0,28.0,670.62
2022-11-11,US,Washington D.C.,pm25,95,5.0,59.0,28.0,940.18
2022-11-11,US,Chicago,pm25,238,4.0,57.0,19.0,809.51
2022-11-11,US,Houston,pm25,88,2.0,81.0,38.0,3001.13
2022-11-11,US,Indianapolis,pm25,144,15.0,125.0,43.0,6438.13
2022-11-11,US,Atlanta,pm25,24,7.0,30.0,15.0,634.18
2022-11-11,US,Charlotte,pm25,69,5.0,42.0,16.0,661.01
2022-11-11,US,Sacramento,pm25,72,13.0,132.0,34.0,6107.73
2022-11-11,US,Oakland,pm25,95,5.0,76.0,38.0,2286.35
2022-11-11,US,Providence,pm25,58,5.0,34.0,13.0,361.48
2022-11-11,US,Staten Island,pm25,84,1.0,151.0,37.0,7992.31
2022-11-11,US,Brooklyn,pm25,131,2.0,60.0,33.0,2223.66
2022-11-11,US,Springfield,pm25,72,14.0,42.0,25.0,514.37
2022-11-11,US,The Bronx,pm25,39,2.0,60.0,34.0,2753.6
2022-11-11,US,San Jose,pm25,93,5.0,82.0,34.0,3473.18
2022-11-11,US,Los Angeles,pm25,48,4.0,92.0,37.0,4554.36
2022-11-11,US,Detroit,pm25,168,15.0,91.0,54.0,2289.03
2022-11-11,US,Little Rock,pm25,47,4.0,76.0,25.0,4623.45
2022-11-11,US,Baltimore,pm25,39,5.0,50.0,24.0,1631.47
2022-11-11,US,Phoenix,pm25,185,1.0,98.0,22.0,4541.31
2022-11-11,US,Omaha,pm25,24,5.0,34.0,17.0,593.84
2022-11-11,US,El Paso,pm25,119,1.0,59.0,17.0,2006.37
2022-11-11,US,Dallas,pm25,18,5.0,59.0,25.0,2375.85
2022-11-11,US,Seattle,pm25,262,12.0,137.0,46.0,3321.88
2022-11-11,US,Manhattan,pm25,66,1.0,76.0,37.0,2945.67
2022-11-11,US,Miami,pm25,87,16.0,66.0,27.0,498.22
2022-11-11,US,Jacksonville,pm25,144,9.0,53.0,27.0,1040.97
2022-11-11,US,San Antonio,pm25,85,1.0,52.0,21.0,1823.31
2022-11-11,US,Philadelphia,pm25,93,2.0,49.0,28.0,1203.14
2022-11-11,US,San Diego,pm25,24,5.0,55.0,27.0,2047.37
2022-11-11,US,Columbus,pm25,48,2.0,68.0,32.0,2766.31
2022-11-11,US,Saint Paul,pm25,130,5.0,17.0,11.0,113.06
2022-11-11,US,Denver,pm25,128,17.0,65.0,34.0,1081.14
2022-11-11,US,Salt Lake City,pm25,216,9.0,76.0,22.0,1492.03
2022-11-11,US,Albuquerque,pm25,48,3.0,32.0,7.0,372.44
2022-11-11,US,San Francisco,pm25,72,9.0,70.0,30.0,1447.86
2022-11-11,US,Salem,pm25,72,15.0,108.0,69.0,5348.35
2022-11-11,US,Madison,pm25,48,8.0,21.0,16.0,99.36
2022-11-11,US,Nashville,pm25,93,9.0,55.0,27.0,1369.77
2022-11-11,US,Tucson,pm25,144,5.0,53.0,21.0,1281.64
2022-11-11,US,Queens,pm25,90,1.0,59.0,27.0,2518.92
2022-11-11,US,Tallahassee,pm25,71,3.0,45.0,28.0,1219.76
2022-11-11,US,Fort Worth,pm25,29,1.0,61.0,14.0,3301.85
2022-11-11,RS,Novi Sad,pm25,48,70.0,158.0,88.0,5025.51
2022-11-11,RS,Niš,pm25,48,71.0,162.0,83.0,7932.76
2022-11-11,RS,Belgrade,pm25,168,64.0,152.0,88.0,3728.36
2022-11-11,CY,Nicosia,pm25,24,59.0,145.0,88.0,6488.53
2022-11-11,CY,Limassol,pm25,24,47.0,102.0,64.0,2075.87
2022-11-11,HR,Zagreb,pm25,24,76.0,153.0,92.0,6272.01
2022-11-11,HR,Rijeka,pm25,67,8.0,62.0,13.0,1275.22
2022-11-12,GE,Tbilisi,pm25,96,65.0,141.0,82.0,5034.63
2022-11-12,JP,Fukuoka,pm25,406,9.0,147.0,78.0,2232.37
2022-11-12,JP,Kanazawa,pm25,237,9.0,70.0,42.0,1687.33
2022-11-12,JP,Kumamoto,pm25,375,5.0,129.0,65.0,5157.83
2022-11-12,JP,Akita,pm25,46,13.0,74.0,50.0,2517.16
2022-11-12,JP,Kochi,pm25,48,46.0,85.0,65.0,1076.81
2022-11-12,JP,Gifu-shi,pm25,189,13.0,152.0,63.0,3640.99
2022-11-12,JP,Kyoto,pm25,594,38.0,162.0,68.0,1506.47
2022-11-12,JP,Hiroshima,pm25,335,13.0,95.0,65.0,2272.08
2022-11-12,JP,Shizuoka,pm25,257,5.0,78.0,42.0,1446.17
2022-11-12,JP,Chiba,pm25,653,5.0,155.0,59.0,2404.27
2022-11-12,JP,Sapporo,pm25,211,5.0,74.0,30.0,1974.67
2022-11-12,JP,Yokohama,pm25,546,1.0,102.0,53.0,2143.8
2022-11-12,JP,Tokyo,pm25,2591,1.0,171.0,59.0,1655.0
2022-11-12,JP,Saitama,pm25,465,30.0,122.0,63.0,2750.49
2022-11-12,JP,Naha,pm25,129,21.0,46.0,34.0,395.33
2022-11-12,JP,Nagasaki,pm25,189,25.0,97.0,68.0,2048.66
2022-11-12,JP,Toyama,pm25,177,17.0,78.0,46.0,1609.78
2022-11-12,JP,Niigata,pm25,142,30.0,99.0,53.0,849.91
2022-11-12,JP,Nara-shi,pm25,191,46.0,134.0,70.0,1772.12
2022-11-12,JP,Okayama,pm25,288,46.0,216.0,78.0,13031.9
2022-11-12,JP,Sendai,pm25,471,21.0,107.0,50.0,851.85
2022-11-12,JP,Osaka,pm25,1378,5.0,134.0,63.0,1710.31
2022-11-12,JP,Miyazaki,pm25,114,5.0,195.0,55.0,5980.34
2022-11-12,JP,Matsuyama,pm25,168,9.0,109.0,70.0,2312.3
2022-11-12,JP,Wakayama,pm25,283,25.0,171.0,59.0,1644.14
2022-11-12,JP,Takamatsu,pm25,238,34.0,173.0,65.0,2578.86
2022-11-12,JP,Nagoya,pm25,791,17.0,164.0,70.0,4381.37
2022-11-12,JP,Ōita,pm25,263,13.0,109.0,57.0,2740.49
2022-11-12,JP,Kobe,pm25,426,5.0,124.0,59.0,902.73
2022-11-12,JP,Nagano,pm25,70,13.0,122.0,53.0,3720.45
2022-11-12,JP,Utsunomiya,pm25,139,5.0,99.0,55.0,1553.53
2022-11-12,JP,Kagoshima,pm25,96,30.0,82.0,57.0,467.85
2022-11-12,SK,Košice,pm25,96,46.0,179.0,68.0,7876.63
2022-11-12,SK,Bratislava,pm25,90,17.0,119.0,70.0,3465.6
2022-11-12,FI,Vantaa,pm25,24,3.0,30.0,13.0,473.46
2022-11-12,FI,Turku,pm25,24,9.0,28.0,14.0,298.24
2022-11-12,FI,Helsinki,pm25,120,5.0,27.0,12.0,255.98
2022-11-12,FI,Tampere,pm25,96,3.0,24.0,12.0,357.12
2022-11-12,ET,Addis Ababa,pm25,24,42.0,72.0,53.0,937.39
2022-11-12,CH,Zürich,pm25,19,2.0,4.0,3.0,2.87
2022-11-12,CO,Bogotá,pm25,336,13.0,161.0,64.0,6664.23
2022-11-12,CO,Medellín,pm25,268,21.0,82.0,57.0,1189.94
2022-11-12,GB,Edinburgh,pm25,285,2.0,54.0,15.0,1351.29
2022-11-12,GB,Norwich,pm25,24,31.0,72.0,49.0,1206.88
2022-11-12,GB,Liverpool,pm25,47,13.0,70.0,30.0,3071.27
2022-11-12,GB,Belfast,pm25,66,12.0,53.0,30.0,912.68
2022-11-12,GB,Coventry,pm25,72,17.0,85.0,38.0,2097.43
2022-11-12,GB,Leeds,pm25,46,17.0,91.0,46.0,4276.47
2022-11-12,GB,Cardiff,pm25,91,17.0,80.0,53.0,1945.03
2022-11-12,GB,Bristol,pm25,72,25.0,65.0,42.0,1778.59
2022-11-12,GB,London,pm25,606,13.0,124.0,53.0,2055.47
2022-11-12,GB,Birmingham,pm25,48,18.0,59.0,41.0,1608.19
2022-11-12,GB,Sheffield,pm25,91,17.0,137.0,42.0,9434.13
2022-11-12,GB,Newport,pm25,47,20.0,75.0,33.0,2113.77
2022-11-12,GB,Leicester,pm25,24,20.0,66.0,43.0,2200.58
2022-11-12,GB,Manchester,pm25,84,24.0,94.0,44.0,3005.09
2022-11-12,GB,Reading,pm25,48,21.0,68.0,38.0,1678.01
2022-11-12,GB,Plymouth,pm25,44,13.0,56.0,42.0,1696.91
2022-11-12,GB,Glasgow,pm25,569,3.0,58.0,20.0,783.84
2022-11-12,GB,Preston,pm25,47,13.0,74.0,35.0,2277.2
2022-11-12,GB,Swansea,pm25,192,13.0,97.0,42.0,2057.75
2022-11-12,GB,Southend-on-Sea,pm25,48,31.0,153.0,50.0,3682.69
2022-11-12,ID,Jakarta,pm25,71,25.0,121.0,61.0,3403.23
2022-11-12,ML,Bamako,pm25,14,95.0,190.0,132.0,9094.12
2022-11-12,NP,Kathmandu,pm25,48,63.0,165.0,112.0,7668.92
2022-11-12,NP,Biratnagar,pm25,40,105.0,255.0,160.0,12651.8
2022-11-12,AU,Sydney,pm25,117,2.0,71.0,21.0,1103.34
2022-11-12,AU,Newcastle,pm25,138,1.0,93.0,23.0,2050.69
2022-11-12,AU,Launceston,pm25,55,5.0,13.0,5.0,38.25
2022-11-12,AU,Hobart,pm25,33,5.0,13.0,9.0,50.3
2022-11-12,AU,Darwin,pm25,72,4.0,53.0,24.0,1207.89
2022-11-12,AU,Melbourne,pm25,158,1.0,77.0,21.0,2558.03
2022-11-12,AU,Canberra,pm25,61,1.0,68.0,27.0,3539.04
2022-11-12,AU,Adelaide,pm25,36,2.0,68.0,13.0,1335.07
2022-11-12,AU,Brisbane,pm25,194,6.0,146.0,30.0,3007.88
2022-11-12,AU,Perth,pm25,85,2.0,14.0,4.0,175.36
2022-11-12,AU,Wollongong,pm25,44,7.0,47.0,21.0,1039.34
2022-11-12,CI,Abidjan,pm25,24,21.0,102.0,53.0,4719.11
2022-11-12,GH,Accra,pm25,24,34.0,82.0,53.0,1804.06
2022-11-12,IQ,Baghdad,pm25,24,55.0,160.0,117.0,8344.19
2022-11-12,IS,Reykjavík,pm25,96,2.0,29.0,14.0,438.17
2022-11-12,KG,Bishkek,pm25,24,65.0,237.0,160.0,33533.0
2022-11-12,NL,Utrecht,pm25,43,36.0,98.0,74.0,2025.15
2022-11-12,NL,Nijmegen,pm25,44,26.0,93.0,60.0,1819.17
2022-11-12,NL,Haarlem,pm25,144,14.0,135.0,66.0,4246.64
2022-11-12,NL,Eindhoven,pm25,23,51.0,107.0,79.0,3069.49
2022-11-12,NL,Rotterdam,pm25,191,22.0,141.0,60.0,3007.31
2022-11-12,NL,Amsterdam,pm25,261,16.0,99.0,62.0,2354.64
2022-11-12,NL,Dordrecht,pm25,24,21.0,80.0,53.0,2546.09
2022-11-12,NL,Breda,pm25,48,22.0,95.0,70.0,2345.94
2022-11-12,NL,Groningen,pm25,48,38.0,90.0,59.0,1223.4
2022-11-12,NL,Maastricht,pm25,95,5.0,102.0,53.0,3444.09
2022-11-12,NL,The Hague,pm25,70,21.0,90.0,65.0,2535.45
2022-11-12,PT,Funchal,pm25,54,1.0,35.0,18.0,694.73
2022-11-12,CA,Hamilton,pm25,54,5.0,76.0,17.0,4043.04
2022-11-12,CA,Calgary,pm25,92,6.0,59.0,24.0,1980.51
2022-11-12,CA,Winnipeg,pm25,19,15.0,17.0,16.0,4.33
2022-11-12,CA,Halifax,pm25,42,5.0,43.0,23.0,966.37
2022-11-12,CA,Kitchener,pm25,25,5.0,76.0,9.0,3789.93
2022-11-12,CA,Edmonton,pm25,137,21.0,93.0,57.0,4053.05
2022-11-12,CA,Surrey,pm25,96,15.0,84.0,38.0,1754.84
2022-11-12,CA,Mississauga,pm25,38,5.0,61.0,9.0,3085.13
2022-11-12,CA,Québec,pm25,157,5.0,49.0,9.0,657.71
2022-11-12,CA,Vancouver,pm25,168,6.0,105.0,29.0,3007.93
2022-11-12,CA,Victoria,pm25,48,13.0,95.0,34.0,4122.09
2022-11-12,CA,Montréal,pm25,373,3.0,38.0,12.0,524.86
2022-11-12,CA,Toronto,pm25,125,5.0,61.0,13.0,2696.49
2022-11-12,CA,Ottawa,pm25,63,7.0,33.0,13.0,543.5
2022-11-12,CA,London,pm25,35,5.0,59.0,9.0,1137.26
2022-11-12,US,Oklahoma City,pm25,96,13.0,80.0,18.0,2598.04
2022-11-12,US,Raleigh,pm25,63,5.0,57.0,26.0,2249.59
2022-11-12,US,Memphis,pm25,72,17.0,39.0,27.0,286.46
2022-11-12,US,Jackson,pm25,72,1.0,78.0,22.0,3642.06
2022-11-12,US,Boston,pm25,110,5.0,38.0,21.0,861.38
2022-11-12,US,Richmond,pm25,96,8.0,60.0,18.0,2501.76
2022-11-12,US,Portland,pm25,192,26.0,153.0,50.0,4066.04
2022-11-12,US,Boise,pm25,24,8.0,56.0,21.0,2536.52
2022-11-12,US,Austin,pm25,34,5.0,55.0,17.0,1524.88
2022-11-12,US,Honolulu,pm25,43,5.0,46.0,13.0,1180.23
2022-11-12,US,Fresno,pm25,48,20.0,100.0,53.0,5540.41
2022-11-12,US,Milwaukee,pm25,144,3.0,22.0,15.0,155.84
2022-11-12,US,Hartford,pm25,48,3.0,41.0,21.0,1208.72
2022-11-12,US,Washington D.C.,pm25,96,5.0,68.0,30.0,3297.16
2022-11-12,US,Chicago,pm25,239,2.0,33.0,16.0,313.72
2022-11-12,US,Houston,pm25,89,1.0,45.0,16.0,1043.41
2022-11-12,US,Indianapolis,pm25,143,4.0,65.0,26.0,683.04
2022-11-12,US,Atlanta,pm25,24,18.0,50.0,34.0,648.41
2022-11-12,US,Charlotte,pm25,68,9.0,46.0,26.0,1124.32
2022-11-12,US,Sacramento,pm25,72,21.0,153.0,46.0,5309.15
2022-11-12,US,Oakland,pm25,88,5.0,72.0,25.0,2690.58
2022-11-12,US,Providence,pm25,63,5.0,38.0,17.0,927.09
2022-11-12,US,Staten Island,pm25,82,5.0,165.0,23.0,7854.92
2022-11-12,US,Brooklyn,pm25,119,5.0,57.0,28.0,2040.12
2022-11-12,US,Springfield,pm25,72,13.0,35.0,19.0,298.87
2022-11-12,US,The Bronx,pm25,24,13.0,55.0,25.0,1351.01
2022-11-12,US,San Jose,pm25,86,5.0,82.0,25.0,4066.29
2022-11-12,US,Los Angeles,pm25,48,14.0,121.0,42.0,6098.9
2022-11-12,US,Detroit,pm25,168,6.0,52.0,29.0,996.77
2022-11-12,US,Little Rock,pm25,47,4.0,55.0,16.0,1118.83
2022-11-12,US,Baltimore,pm25,47,3.0,61.0,31.0,3205.32
2022-11-12,US,Phoenix,pm25,186,4.0,130.0,42.0,8845.98
2022-11-12,US,Omaha,pm25,22,5.0,30.0,13.0,440.63
2022-11-12,US,El Paso,pm25,159,3.0,72.0,21.0,2579.04
2022-11-12,US,Dallas,pm25,21,5.0,78.0,21.0,4100.62
2022-11-12,US,Seattle,pm25,261,17.0,118.0,56.0,2676.73
2022-11-12,US,Manhattan,pm25,71,2.0,52.0,26.0,1148.37
2022-11-12,US,Miami,pm25,83,17.0,79.0,31.0,634.58
2022-11-12,US,Jacksonville,pm25,144,19.0,64.0,33.0,943.99
2022-11-12,US,San Antonio,pm25,84,1.0,70.0,13.0,1796.18
2022-11-12,US,Philadelphia,pm25,89,2.0,62.0,30.0,2613.0
2022-11-12,US,San Diego,pm25,24,18.0,72.0,36.0,2464.76
2022-11-12,US,Columbus,pm25,47,7.0,50.0,25.0,1020.57
2022-11-12,US,Saint Paul,pm25,127,3.0,17.0,9.0,129.36
2022-11-12,US,Denver,pm25,135,25.0,82.0,53.0,1468.56
2022-11-12,US,Salt Lake City,pm25,216,16.0,93.0,43.0,1373.34
2022-11-12,US,Albuquerque,pm25,48,8.0,77.0,15.0,2527.64
2022-11-12,US,San Francisco,pm25,71,5.0,63.0,21.0,1898.39
2022-11-12,US,Salem,pm25,72,21.0,129.0,55.0,5014.52
2022-11-12,US,Madison,pm25,48,7.0,20.0,12.0,156.58
2022-11-12,US,Nashville,pm25,94,3.0,58.0,20.0,1762.14
2022-11-12,US,Tucson,pm25,146,5.0,59.0,25.0,2255.76
2022-11-12,US,Queens,pm25,96,5.0,63.0,28.0,2301.26
2022-11-12,US,Tallahassee,pm25,68,16.0,60.0,37.0,747.3
2022-11-12,US,Fort Worth,pm25,37,1.0,92.0,13.0,3692.78
2022-11-12,RS,Novi Sad,pm25,48,55.0,159.0,78.0,10520.8
2022-11-12,RS,Niš,pm25,48,42.0,155.0,68.0,12528.9
2022-11-12,RS,Belgrade,pm25,168,47.0,144.0,91.0,5662.63
2022-11-12,CY,Nicosia,pm25,24,80.0,156.0,91.0,4250.36
2022-11-12,CY,Limassol,pm25,24,56.0,104.0,66.0,1565.2
2022-11-12,HR,Zagreb,pm25,24,63.0,158.0,92.0,12044.3
2022-11-12,HR,Rijeka,pm25,68,2.0,43.0,8.0,1078.44
2022-11-12,MK,Skopje,pm25,20,46.0,144.0,68.0,4499.37
2022-11-13,GE,Tbilisi,pm25,96,41.0,142.0,74.0,8606.02
2022-11-13,JP,Fukuoka,pm25,394,5.0,97.0,38.0,2402.86
2022-11-13,JP,Kanazawa,pm25,209,5.0,63.0,25.0,1564.52
2022-11-13,JP,Kumamoto,pm25,349,5.0,76.0,34.0,3032.95
2022-11-13,JP,Akita,pm25,37,5.0,65.0,42.0,3120.08
2022-11-13,JP,Kochi,pm25,45,5.0,74.0,46.0,3713.74
2022-11-13,JP,Gifu-shi,pm25,183,5.0,117.0,61.0,3881.7
2022-11-13,JP,Kyoto,pm25,578,5.0,91.0,59.0,3927.95
2022-11-13,JP,Hiroshima,pm25,299,5.0,95.0,59.0,6823.84
2022-11-13,JP,Shizuoka,pm25,260,5.0,97.0,38.0,2071.53
2022-11-13,JP,Chiba,pm25,775,5.0,139.0,46.0,5136.33
2022-11-13,JP,Sapporo,pm25,205,5.0,63.0,34.0,2229.78
2022-11-13,JP,Yokohama,pm25,503,1.0,78.0,38.0,2936.99
2022-11-13,JP,Tokyo,pm25,2547,1.0,137.0,57.0,3626.27
2022-11-13,JP,Saitama,pm25,479,5.0,124.0,72.0,3924.2
2022-11-13,JP,Naha,pm25,138,5.0,50.0,17.0,794.42
2022-11-13,JP,Nagasaki,pm25,186,5.0,68.0,34.0,1986.75
2022-11-13,JP,Toyama,pm25,173,5.0,99.0,30.0,3100.3
2022-11-13,JP,Niigata,pm25,143,5.0,63.0,42.0,2436.5
2022-11-13,JP,Nara-shi,pm25,184,5.0,137.0,65.0,4036.01
2022-11-13,JP,Okayama,pm25,285,5.0,163.0,68.0,10933.2
2022-11-13,JP,Sendai,pm25,452,5.0,74.0,50.0,1887.07
2022-11-13,JP,Osaka,pm25,1315,5.0,102.0,57.0,3957.63
2022-11-13,JP,Miyazaki,pm25,100,5.0,114.0,30.0,4083.78
2022-11-13,JP,Matsuyama,pm25,148,5.0,87.0,34.0,3487.77
2022-11-13,JP,Wakayama,pm25,275,5.0,102.0,38.0,2673.53
2022-11-13,JP,Takamatsu,pm25,227,5.0,99.0,46.0,4243.28
2022-11-13,JP,Nagoya,pm25,779,1.0,149.0,65.0,4340.61
2022-11-13,JP,Ōita,pm25,234,5.0,63.0,25.0,1550.38
2022-11-13,JP,Kobe,pm25,397,5.0,80.0,42.0,3414.31
2022-11-13,JP,Nagano,pm25,63,13.0,137.0,42.0,9102.62
2022-11-13,JP,Utsunomiya,pm25,24,57.0,122.0,89.0,3581.29
2022-11-13,JP,Kagoshima,pm25,92,5.0,59.0,30.0,3182.96
2022-11-13,SK,Košice,pm25,96,46.0,151.0,78.0,4937.05
2022-11-13,SK,Bratislava,pm25,96,34.0,127.0,76.0,3254.79
2022-11-13,FI,Vantaa,pm25,24,14.0,45.0,18.0,763.03
2022-11-13,FI,Turku,pm25,24,10.0,81.0,19.0,4762.59
2022-11-13,FI,Helsinki,pm25,118,8.0,54.0,15.0,1175.8
2022-11-13,FI,Tampere,pm25,95,5.0,79.0,13.0,3634.06
2022-11-13,ET,Addis Ababa,pm25,24,25.0,163.0,53.0,10743.3
2022-11-13,CO,Bogotá,pm25,336,3.0,154.0,57.0,4812.14
2022-11-13,CO,Medellín,pm25,263,5.0,76.0,46.0,3159.18
2022-11-13,GB,Edinburgh,pm25,283,9.0,63.0,35.0,1042.67
2022-11-13,GB,Norwich,pm25,17,53.0,66.0,59.0,197.35
2022-11-13,GB,Liverpool,pm25,36,46.0,65.0,57.0,172.85
2022-11-13,GB,Belfast,pm25,67,30.0,57.0,46.0,323.44
2022-11-13,GB,Coventry,pm25,56,48.0,70.0,55.0,233.71
2022-11-13,GB,Leeds,pm25,36,52.0,107.0,71.0,959.71
2022-11-13,GB,Cardiff,pm25,94,30.0,85.0,61.0,1333.7
2022-11-13,GB,Bristol,pm25,71,38.0,72.0,55.0,572.45
2022-11-13,GB,London,pm25,606,9.0,97.0,57.0,2821.16
2022-11-13,GB,Birmingham,pm25,48,46.0,73.0,57.0,349.54
2022-11-13,GB,Sheffield,pm25,67,59.0,109.0,73.0,957.96
2022-11-13,GB,Newport,pm25,48,41.0,87.0,53.0,908.87
2022-11-13,GB,Leicester,pm25,19,50.0,65.0,57.0,382.51
2022-11-13,GB,Manchester,pm25,77,37.0,71.0,59.0,530.68
2022-11-13,GB,Reading,pm25,48,17.0,82.0,42.0,3206.31
2022-11-13,GB,Plymouth,pm25,30,21.0,59.0,38.0,1234.03
2022-11-13,GB,Glasgow,pm25,572,18.0,76.0,43.0,809.84
2022-11-13,GB,Preston,pm25,43,30.0,63.0,53.0,616.82
2022-11-13,GB,Swansea,pm25,192,13.0,102.0,50.0,2155.49
2022-11-13,GB,Southend-on-Sea,pm25,43,30.0,117.0,52.0,3343.93
2022-11-13,ID,Jakarta,pm25,71,34.0,131.0,74.0,4070.0
2022-11-13,NP,Kathmandu,pm25,48,72.0,160.0,107.0,8332.97
2022-11-13,NP,Biratnagar,pm25,41,129.0,240.0,162.0,5876.26
2022-11-13,AU,Sydney,pm25,119,2.0,81.0,23.0,1805.21
2022-11-13,AU,Newcastle,pm25,139,4.0,70.0,26.0,1693.04
2022-11-13,AU,Launceston,pm25,57,5.0,50.0,5.0,447.17
2022-11-13,AU,Hobart,pm25,47,5.0,30.0,9.0,158.58
2022-11-13,AU,Darwin,pm25,72,3.0,52.0,24.0,1139.48
2022-11-13,AU,Melbourne,pm25,154,1.0,58.0,19.0,1703.65
2022-11-13,AU,Canberra,pm25,59,1.0,71.0,26.0,3241.04
2022-11-13,AU,Brisbane,pm25,192,1.0,54.0,24.0,1091.36
2022-11-13,AU,Perth,pm25,77,2.0,15.0,4.0,204.9
2022-11-13,AU,Wollongong,pm25,46,1.0,75.0,28.0,2049.59
2022-11-13,CI,Abidjan,pm25,24,9.0,85.0,21.0,4104.28
2022-11-13,GH,Accra,pm25,24,17.0,76.0,38.0,2442.32
2022-11-13,IQ,Baghdad,pm25,24,127.0,165.0,153.0,921.74
2022-11-13,IS,Reykjavík,pm25,96,3.0,18.0,6.0,112.37
2022-11-13,KG,Bishkek,pm25,24,50.0,186.0,70.0,9735.2
2022-11-13,NL,Utrecht,pm25,48,36.0,92.0,67.0,1933.58
2022-11-13,NL,Nijmegen,pm25,46,26.0,110.0,66.0,2217.55
2022-11-13,NL,Haarlem,pm25,144,19.0,116.0,66.0,2341.82
2022-11-13,NL,Eindhoven,pm25,24,11.0,118.0,61.0,4756.23
2022-11-13,NL,Rotterdam,pm25,192,33.0,110.0,62.0,1824.39
2022-11-13,NL,Amsterdam,pm25,263,23.0,133.0,61.0,2006.25
2022-11-13,NL,Dordrecht,pm25,24,30.0,86.0,55.0,1721.29
2022-11-13,NL,Breda,pm25,48,31.0,96.0,62.0,1654.82
2022-11-13,NL,Groningen,pm25,48,45.0,80.0,59.0,590.21
2022-11-13,NL,Maastricht,pm25,96,5.0,97.0,53.0,4152.19
2022-11-13,NL,The Hague,pm25,72,38.0,97.0,64.0,1354.13
2022-11-13,PT,Lisbon,pm25,7,36.0,58.0,50.0,842.38
2022-11-13,PT,Funchal,pm25,47,1.0,57.0,18.0,1423.4
2022-11-13,CA,Hamilton,pm25,35,5.0,17.0,9.0,114.82
2022-11-13,CA,Calgary,pm25,92,5.0,66.0,25.0,2320.19
2022-11-13,CA,Winnipeg,pm25,22,16.0,24.0,17.0,54.98
2022-11-13,CA,Halifax,pm25,46,3.0,24.0,8.0,392.29
2022-11-13,CA,Kitchener,pm25,30,5.0,13.0,9.0,70.62
2022-11-13,CA,Edmonton,pm25,136,7.0,57.0,34.0,1512.08
2022-11-13,CA,Surrey,pm25,88,15.0,83.0,42.0,3042.86
2022-11-13,CA,Mississauga,pm25,14,5.0,13.0,9.0,73.85
2022-11-13,CA,Québec,pm25,164,5.0,49.0,20.0,1122.24
2022-11-13,CA,Vancouver,pm25,156,5.0,76.0,31.0,2375.34
2022-11-13,CA,Victoria,pm25,48,5.0,91.0,34.0,4159.98
2022-11-13,CA,Montréal,pm25,301,3.0,33.0,9.0,223.9
2022-11-13,CA,Toronto,pm25,85,5.0,30.0,13.0,421.63
2022-11-13,CA,Ottawa,pm25,12,7.0,9.0,7.0,9.7
2022-11-13,CA,London,pm25,30,5.0,17.0,9.0,164.78
2022-11-13,US,Oklahoma City,pm25,96,16.0,53.0,25.0,520.0
2022-11-13,US,Raleigh,pm25,49,4.0,63.0,9.0,1871.3
2022-11-13,US,Memphis,pm25,72,14.0,58.0,35.0,1052.39
2022-11-13,US,Jackson,pm25,68,3.0,60.0,30.0,1776.57
2022-11-13,US,Boston,pm25,75,5.0,57.0,21.0,1244.08
2022-11-13,US,Richmond,pm25,95,4.0,30.0,11.0,344.12
2022-11-13,US,Portland,pm25,192,39.0,156.0,73.0,7541.94
2022-11-13,US,Boise,pm25,24,17.0,53.0,31.0,939.35
2022-11-13,US,Austin,pm25,45,9.0,53.0,21.0,1281.82
2022-11-13,US,Honolulu,pm25,33,5.0,46.0,13.0,850.64
2022-11-13,US,Fresno,pm25,48,32.0,126.0,55.0,4739.36
2022-11-13,US,Milwaukee,pm25,143,5.0,67.0,10.0,888.23
2022-11-13,US,Hartford,pm25,48,5.0,32.0,18.0,393.47
2022-11-13,US,Washington D.C.,pm25,90,4.0,85.0,13.0,876.2
2022-11-13,US,Chicago,pm25,238,2.0,98.0,15.0,3127.42
2022-11-13,US,Houston,pm25,95,3.0,59.0,30.0,1696.93
2022-11-13,US,Indianapolis,pm25,142,3.0,58.0,19.0,1021.12
2022-11-13,US,Atlanta,pm25,24,16.0,36.0,27.0,299.11
2022-11-13,US,Charlotte,pm25,61,5.0,46.0,13.0,723.05
2022-11-13,US,Sacramento,pm25,66,2.0,114.0,18.0,3945.69
2022-11-13,US,Oakland,pm25,88,5.0,70.0,17.0,1593.86
2022-11-13,US,Providence,pm25,66,5.0,53.0,17.0,800.07
2022-11-13,US,Staten Island,pm25,85,1.0,80.0,21.0,3725.57
2022-11-13,US,Brooklyn,pm25,116,2.0,58.0,18.0,1709.21
2022-11-13,US,Springfield,pm25,72,14.0,56.0,23.0,1172.49
2022-11-13,US,The Bronx,pm25,24,5.0,54.0,20.0,1944.06
2022-11-13,US,San Jose,pm25,85,5.0,87.0,21.0,3132.79
2022-11-13,US,Los Angeles,pm25,48,5.0,143.0,42.0,8986.45
2022-11-13,US,Detroit,pm25,168,7.0,44.0,17.0,377.36
2022-11-13,US,Little Rock,pm25,47,4.0,45.0,19.0,540.41
2022-11-13,US,Baltimore,pm25,48,8.0,38.0,14.0,543.67
2022-11-13,US,Phoenix,pm25,191,1.0,150.0,46.0,11320.7
2022-11-13,US,Omaha,pm25,21,5.0,30.0,17.0,395.33
2022-11-13,US,El Paso,pm25,162,4.0,89.0,30.0,2890.08
2022-11-13,US,Dallas,pm25,24,9.0,72.0,38.0,4022.54
2022-11-13,US,Seattle,pm25,264,28.0,118.0,63.0,3624.13
2022-11-13,US,Manhattan,pm25,65,1.0,52.0,19.0,1422.65
2022-11-13,US,Miami,pm25,89,13.0,37.0,20.0,201.08
2022-11-13,US,Jacksonville,pm25,144,6.0,56.0,32.0,1308.2
2022-11-13,US,San Antonio,pm25,92,1.0,66.0,16.0,2081.59
2022-11-13,US,Philadelphia,pm25,87,1.0,52.0,14.0,1179.63
2022-11-13,US,San Diego,pm25,24,22.0,72.0,43.0,1984.33
2022-11-13,US,Columbus,pm25,47,10.0,43.0,26.0,729.12
2022-11-13,US,Saint Paul,pm25,132,5.0,261.0,13.0,5178.21
2022-11-13,US,Denver,pm25,127,5.0,89.0,21.0,4381.13
2022-11-13,US,Salt Lake City,pm25,216,13.0,72.0,38.0,2080.4
2022-11-13,US,Albuquerque,pm25,48,9.0,43.0,19.0,324.04
2022-11-13,US,San Francisco,pm25,62,5.0,93.0,13.0,1782.46
2022-11-13,US,Salem,pm25,72,37.0,156.0,88.0,6667.59
2022-11-13,US,Madison,pm25,48,5.0,36.0,11.0,624.54
2022-11-13,US,Nashville,pm25,92,1.0,56.0,23.0,1629.12
2022-11-13,US,Tucson,pm25,151,5.0,139.0,21.0,3232.97
2022-11-13,US,Queens,pm25,92,3.0,54.0,20.0,1461.97
2022-11-13,US,Tallahassee,pm25,66,4.0,106.0,23.0,2335.12
2022-11-13,US,Fort Worth,pm25,45,5.0,103.0,25.0,7101.36
2022-11-13,RS,Novi Sad,pm25,48,42.0,159.0,72.0,12241.5
2022-11-13,RS,Niš,pm25,48,58.0,166.0,91.0,6374.75
2022-11-13,RS,Belgrade,pm25,168,40.0,132.0,64.0,3068.5
2022-11-13,CY,Nicosia,pm25,24,74.0,152.0,83.0,4096.36
2022-11-13,CY,Limassol,pm25,24,54.0,86.0,64.0,770.85
2022-11-13,HR,Zagreb,pm25,24,79.0,152.0,106.0,5605.8
2022-11-13,HR,Rijeka,pm25,72,30.0,61.0,46.0,554.65
2022-11-13,MK,Skopje,pm25,120,26.0,185.0,82.0,13763.8
2022-11-14,GE,Tbilisi,pm25,96,21.0,86.0,41.0,1402.03
2022-11-14,JP,Fukuoka,pm25,394,5.0,85.0,38.0,1112.92
2022-11-14,JP,Kanazawa,pm25,186,5.0,53.0,13.0,627.3
2022-11-14,JP,Kumamoto,pm25,324,5.0,102.0,42.0,2202.94
2022-11-14,JP,Akita,pm25,39,5.0,74.0,21.0,2553.62
2022-11-14,JP,Kochi,pm25,47,9.0,53.0,21.0,1388.0
2022-11-14,JP,Gifu-shi,pm25,127,5.0,65.0,17.0,2134.24
2022-11-14,JP,Kyoto,pm25,557,5.0,57.0,21.0,1014.93
2022-11-14,JP,Hiroshima,pm25,292,5.0,70.0,30.0,1469.41
2022-11-14,JP,Shizuoka,pm25,217,5.0,38.0,13.0,581.09
2022-11-14,JP,Chiba,pm25,616,5.0,87.0,17.0,3549.6
2022-11-14,JP,Sapporo,pm25,168,5.0,38.0,13.0,539.04
2022-11-14,JP,Yokohama,pm25,479,1.0,65.0,17.0,931.39
2022-11-14,JP,Tokyo,pm25,2160,1.0,74.0,13.0,1108.26
2022-11-14,JP,Saitama,pm25,401,5.0,82.0,17.0,1399.79
2022-11-14,JP,Naha,pm25,144,38.0,59.0,50.0,197.77
2022-11-14,JP,Nagasaki,pm25,185,13.0,63.0,38.0,1026.32
2022-11-14,JP,Toyama,pm25,151,5.0,55.0,17.0,1163.12
2022-11-14,JP,Niigata,pm25,166,5.0,34.0,13.0,487.15
2022-11-14,JP,Nara-shi,pm25,186,5.0,55.0,21.0,1090.51
2022-11-14,JP,Okayama,pm25,260,5.0,59.0,21.0,1071.02
2022-11-14,JP,Sendai,pm25,385,5.0,38.0,13.0,375.5
2022-11-14,JP,Osaka,pm25,1266,5.0,74.0,21.0,999.2
2022-11-14,JP,Miyazaki,pm25,109,5.0,87.0,46.0,2766.04
2022-11-14,JP,Matsuyama,pm25,149,5.0,61.0,25.0,2074.91
2022-11-14,JP,Wakayama,pm25,269,5.0,85.0,17.0,1963.97
2022-11-14,JP,Takamatsu,pm25,189,5.0,53.0,17.0,942.81
2022-11-14,JP,Nagoya,pm25,657,5.0,70.0,13.0,957.16
2022-11-14,JP,Ōita,pm25,238,5.0,74.0,30.0,1756.09
2022-11-14,JP,Kobe,pm25,407,5.0,91.0,17.0,814.8
2022-11-14,JP,Nagano,pm25,39,5.0,17.0,9.0,127.83
2022-11-14,JP,Utsunomiya,pm25,23,5.0,89.0,17.0,6350.4
2022-11-14,JP,Kagoshima,pm25,91,21.0,61.0,46.0,860.94
2022-11-14,SK,Košice,pm25,96,13.0,142.0,55.0,7914.31
2022-11-14,SK,Bratislava,pm25,96,21.0,119.0,70.0,3136.29
2022-11-14,FI,Vantaa,pm25,24,5.0,72.0,33.0,3865.8
2022-11-14,FI,Turku,pm25,24,1.0,70.0,10.0,3426.01
2022-11-14,FI,Helsinki,pm25,119,5.0,102.0,25.0,2571.78
2022-11-14,FI,Tampere,pm25,95,3.0,141.0,14.0,3457.36
2022-11-14,ET,Addis Ababa,pm25,24,30.0,132.0,61.0,5689.98
2022-11-14,CH,Zürich,pm25,19,2.0,8.0,3.0,29.24
2022-11-14,CO,Bogotá,pm25,329,5.0,170.0,53.0,5832.82
2022-11-14,CO,Medellín,pm25,244,5.0,63.0,38.0,1477.81
2022-11-14,GB,Edinburgh,pm25,282,13.0,79.0,45.0,1962.54
2022-11-14,GB,Norwich,pm25,20,58.0,75.0,61.0,254.11
2022-11-14,GB,Liverpool,pm25,42,55.0,72.0,61.0,239.91
2022-11-14,GB,Belfast,pm25,84,10.0,57.0,42.0,1512.13
2022-11-14,GB,Coventry,pm25,58,55.0,70.0,61.0,176.21
2022-11-14,GB,Leeds,pm25,40,65.0,102.0,82.0,628.69
2022-11-14,GB,Cardiff,pm25,96,9.0,80.0,55.0,3489.02
2022-11-14,GB,Bristol,pm25,69,25.0,68.0,50.0,1329.44
2022-11-14,GB,London,pm25,614,2.0,128.0,63.0,3850.62
2022-11-14,GB,Birmingham,pm25,43,55.0,76.0,63.0,204.21
2022-11-14,GB,Sheffield,pm25,80,61.0,87.0,68.0,316.58
2022-11-14,GB,Newport,pm25,47,9.0,62.0,53.0,3496.5
2022-11-14,GB,Leicester,pm25,23,55.0,66.0,59.0,134.19
2022-11-14,GB,Manchester,pm25,82,22.0,82.0,63.0,1468.92
2022-11-14,GB,Reading,pm25,48,5.0,76.0,50.0,3054.45
2022-11-14,GB,Plymouth,pm25,41,9.0,50.0,30.0,1535.51
2022-11-14,GB,Glasgow,pm25,567,3.0,61.0,42.0,1874.5
2022-11-14,GB,Preston,pm25,40,37.0,78.0,59.0,841.41
2022-11-14,GB,Swansea,pm25,187,5.0,89.0,34.0,3962.26
2022-11-14,GB,Southend-on-Sea,pm25,47,29.0,191.0,62.0,6961.4
2022-11-14,ID,Jakarta,pm25,66,25.0,166.0,87.0,7066.33
2022-11-14,NP,Kathmandu,pm25,48,91.0,165.0,142.0,3949.34
2022-11-14,NP,Biratnagar,pm25,34,126.0,184.0,155.0,1102.39
2022-11-14,AU,Sydney,pm25,98,1.0,52.0,12.0,686.64
2022-11-14,AU,Newcastle,pm25,116,2.0,106.0,14.0,2264.09
2022-11-14,AU,Launceston,pm25,50,5.0,17.0,5.0,92.8
2022-11-14,AU,Hobart,pm25,42,5.0,55.0,5.0,670.31
2022-11-14,AU,Darwin,pm25,70,5.0,59.0,24.0,1431.22
2022-11-14,AU,Melbourne,pm25,136,1.0,82.0,18.0,2858.51
2022-11-14,AU,Canberra,pm25,48,1.0,72.0,13.0,3607.22
2022-11-14,AU,Adelaide,pm25,62,2.0,34.0,17.0,393.39
2022-11-14,AU,Brisbane,pm25,194,3.0,59.0,25.0,1618.06
2022-11-14,AU,Perth,pm25,77,2.0,16.0,4.0,218.01
2022-11-14,AU,Wollongong,pm25,36,1.0,46.0,11.0,1402.73
2022-11-14,CI,Abidjan,pm25,21,13.0,87.0,25.0,4524.48
2022-11-14,GH,Accra,pm25,24,17.0,122.0,42.0,7235.05
2022-11-14,IQ,Baghdad,pm25,24,91.0,180.0,147.0,6864.93
2022-11-14,IS,Reykjavík,pm25,96,2.0,30.0,9.0,215.6
2022-11-14,KG,Bishkek,pm25,24,63.0,151.0,78.0,6313.89
2022-11-14,NL,Utrecht,pm25,48,59.0,98.0,74.0,887.76
2022-11-14,NL,Nijmegen,pm25,48,48.0,81.0,65.0,653.88
2022-11-14,NL,Haarlem,pm25,144,40.0,115.0,78.0,1460.6
2022-11-14,NL,Eindhoven,pm25,24,37.0,74.0,55.0,749.11
2022-11-14,NL,Rotterdam,pm25,192,55.0,97.0,70.0,652.72
2022-11-14,NL,Amsterdam,pm25,263,48.0,163.0,72.0,1320.5
2022-11-14,NL,Dordrecht,pm25,24,50.0,74.0,61.0,335.49
2022-11-14,NL,Breda,pm25,48,44.0,93.0,67.0,837.85
2022-11-14,NL,Groningen,pm25,48,52.0,88.0,72.0,762.06
2022-11-14,NL,Maastricht,pm25,96,13.0,87.0,50.0,1915.92
2022-11-14,NL,The Hague,pm25,72,61.0,112.0,72.0,1311.07
2022-11-14,PT,Lisbon,pm25,27,7.0,24.0,14.0,259.23
2022-11-14,PT,Funchal,pm25,64,1.0,46.0,16.0,941.55
2022-11-14,CA,Hamilton,pm25,65,5.0,42.0,13.0,520.47
2022-11-14,CA,Calgary,pm25,73,2.0,59.0,18.0,1823.79
2022-11-14,CA,Winnipeg,pm25,22,16.0,18.0,17.0,3.72
2022-11-14,CA,Halifax,pm25,46,3.0,17.0,9.0,94.65
2022-11-14,CA,Kitchener,pm25,45,9.0,34.0,21.0,633.56
2022-11-14,CA,Edmonton,pm25,137,15.0,138.0,31.0,2302.73
2022-11-14,CA,Surrey,pm25,96,7.0,60.0,33.0,1694.74
2022-11-14,CA,Mississauga,pm25,29,5.0,34.0,13.0,600.37
2022-11-14,CA,Québec,pm25,142,5.0,29.0,9.0,227.93
2022-11-14,CA,Vancouver,pm25,165,5.0,83.0,21.0,2501.75
2022-11-14,CA,Victoria,pm25,47,13.0,65.0,30.0,1791.16
2022-11-14,CA,Montréal,pm25,308,3.0,30.0,12.0,426.64
2022-11-14,CA,Toronto,pm25,116,5.0,38.0,13.0,708.55
2022-11-14,CA,Ottawa,pm25,59,7.0,17.0,9.0,81.81
2022-11-14,CA,London,pm25,27,9.0,30.0,17.0,419.49
2022-11-14,US,Oklahoma City,pm25,96,7.0,52.0,27.0,620.54
2022-11-14,US,Raleigh,pm25,64,5.0,56.0,17.0,1427.02
2022-11-14,US,Memphis,pm25,72,19.0,50.0,35.0,383.1
2022-11-14,US,Jackson,pm25,72,5.0,48.0,38.0,1148.17
2022-11-14,US,Boston,pm25,84,5.0,30.0,9.0,275.9
2022-11-14,US,Richmond,pm25,96,10.0,44.0,20.0,582.49
2022-11-14,US,Portland,pm25,192,18.0,151.0,45.0,4231.41
2022-11-14,US,Boise,pm25,24,22.0,87.0,41.0,2399.55
2022-11-14,US,Austin,pm25,48,9.0,57.0,34.0,1462.09
2022-11-14,US,Honolulu,pm25,32,5.0,25.0,13.0,416.61
2022-11-14,US,Fresno,pm25,48,16.0,107.0,66.0,4734.02
2022-11-14,US,Milwaukee,pm25,142,12.0,95.0,39.0,2900.98
2022-11-14,US,Hartford,pm25,48,6.0,23.0,8.0,161.06
2022-11-14,US,Washington D.C.,pm25,91,5.0,50.0,17.0,1217.39
2022-11-14,US,Chicago,pm25,236,12.0,126.0,38.0,3500.23
2022-11-14,US,Houston,pm25,89,5.0,58.0,29.0,1759.91
2022-11-14,US,Indianapolis,pm25,138,11.0,85.0,46.0,2051.56
2022-11-14,US,Atlanta,pm25,24,18.0,38.0,24.0,278.53
2022-11-14,US,Charlotte,pm25,71,9.0,50.0,19.0,808.62
2022-11-14,US,Sacramento,pm25,71,9.0,99.0,42.0,2915.97
2022-11-14,US,Oakland,pm25,82,5.0,57.0,25.0,1160.79
2022-11-14,US,Providence,pm25,60,5.0,34.0,13.0,712.6
2022-11-14,US,Staten Island,pm25,76,4.0,107.0,16.0,3120.35
2022-11-14,US,Brooklyn,pm25,126,4.0,57.0,17.0,1151.4
2022-11-14,US,Springfield,pm25,72,30.0,69.0,45.0,1139.52
2022-11-14,US,The Bronx,pm25,32,7.0,57.0,20.0,1692.81
2022-11-14,US,San Jose,pm25,89,5.0,122.0,25.0,3886.96
2022-11-14,US,Los Angeles,pm25,48,19.0,76.0,46.0,2499.84
2022-11-14,US,Detroit,pm25,167,14.0,66.0,23.0,641.6
2022-11-14,US,Little Rock,pm25,47,7.0,70.0,28.0,1759.94
2022-11-14,US,Baltimore,pm25,48,5.0,56.0,17.0,1256.02
2022-11-14,US,Phoenix,pm25,171,1.0,91.0,31.0,3473.55
2022-11-14,US,Omaha,pm25,22,5.0,53.0,25.0,1252.32
2022-11-14,US,El Paso,pm25,154,2.0,89.0,23.0,3463.93
2022-11-14,US,Dallas,pm25,24,9.0,42.0,25.0,591.72
2022-11-14,US,Seattle,pm25,262,23.0,107.0,54.0,2330.72
2022-11-14,US,Manhattan,pm25,66,1.0,41.0,18.0,673.23
2022-11-14,US,Miami,pm25,93,15.0,32.0,19.0,180.87
2022-11-14,US,Jacksonville,pm25,143,15.0,61.0,35.0,1209.46
2022-11-14,US,San Antonio,pm25,93,4.0,67.0,31.0,1940.77
2022-11-14,US,Philadelphia,pm25,90,4.0,52.0,15.0,1203.87
2022-11-14,US,San Diego,pm25,24,15.0,56.0,37.0,2273.46
2022-11-14,US,Columbus,pm25,48,10.0,56.0,30.0,820.41
2022-11-14,US,Saint Paul,pm25,141,5.0,51.0,30.0,1137.78
2022-11-14,US,Denver,pm25,140,17.0,99.0,25.0,964.38
2022-11-14,US,Salt Lake City,pm25,216,14.0,52.0,28.0,721.95
2022-11-14,US,Albuquerque,pm25,48,7.0,41.0,14.0,392.3
2022-11-14,US,San Francisco,pm25,72,9.0,57.0,30.0,1914.55
2022-11-14,US,Salem,pm25,72,23.0,114.0,57.0,2841.38
2022-11-14,US,Madison,pm25,48,21.0,75.0,32.0,2231.05
2022-11-14,US,Nashville,pm25,93,5.0,46.0,25.0,640.42
2022-11-14,US,Tucson,pm25,160,5.0,61.0,25.0,2028.11
2022-11-14,US,Queens,pm25,93,1.0,37.0,17.0,434.92
2022-11-14,US,Tallahassee,pm25,71,18.0,65.0,31.0,829.84
2022-11-14,US,Fort Worth,pm25,47,4.0,63.0,21.0,1353.44
2022-11-14,RS,Novi Sad,pm25,48,82.0,183.0,105.0,7994.25
2022-11-14,RS,Niš,pm25,48,59.0,124.0,85.0,2768.4
2022-11-14,RS,Belgrade,pm25,161,53.0,157.0,91.0,6019.45
2022-11-14,CY,Nicosia,pm25,21,74.0,108.0,84.0,819.9
2022-11-14,CY,Limassol,pm25,21,56.0,96.0,63.0,1057.33
2022-11-14,HR,Zagreb,pm25,23,85.0,151.0,116.0,3939.84
2022-11-14,HR,Rijeka,pm25,72,8.0,67.0,19.0,1447.23
2022-11-14,MK,Skopje,pm25,119,47.0,198.0,139.0,11667.6
2022-11-15,GE,Tbilisi,pm25,96,16.0,39.0,26.0,420.21
2022-11-15,JP,Fukuoka,pm25,397,5.0,102.0,38.0,1270.58
2022-11-15,JP,Kanazawa,pm25,157,5.0,57.0,13.0,862.71
2022-11-15,JP,Kumamoto,pm25,292,9.0,89.0,38.0,1714.78
2022-11-15,JP,Akita,pm25,37,5.0,55.0,17.0,2247.51
2022-11-15,JP,Kochi,pm25,48,9.0,55.0,30.0,1637.16
2022-11-15,JP,Gifu-shi,pm25,138,5.0,63.0,17.0,1758.44
2022-11-15,JP,Kyoto,pm25,541,5.0,97.0,34.0,2167.46
2022-11-15,JP,Hiroshima,pm25,280,5.0,72.0,30.0,1976.15
2022-11-15,JP,Shizuoka,pm25,259,5.0,55.0,30.0,1157.54
2022-11-15,JP,Chiba,pm25,655,5.0,70.0,17.0,1115.98
2022-11-15,JP,Sapporo,pm25,199,5.0,57.0,21.0,1452.81
2022-11-15,JP,Yokohama,pm25,519,1.0,50.0,17.0,966.06
2022-11-15,JP,Tokyo,pm25,2474,1.0,63.0,21.0,1031.26
2022-11-15,JP,Saitama,pm25,470,5.0,57.0,21.0,970.1
2022-11-15,JP,Naha,pm25,139,17.0,55.0,42.0,690.58
2022-11-15,JP,Nagasaki,pm25,184,9.0,76.0,34.0,1134.55
2022-11-15,JP,Toyama,pm25,144,5.0,57.0,17.0,1302.63
2022-11-15,JP,Niigata,pm25,196,5.0,50.0,13.0,622.91
2022-11-15,JP,Nara-shi,pm25,189,5.0,68.0,34.0,1883.03
2022-11-15,JP,Okayama,pm25,264,5.0,72.0,34.0,1178.63
2022-11-15,JP,Sendai,pm25,425,5.0,53.0,17.0,837.46
2022-11-15,JP,Osaka,pm25,1301,5.0,89.0,34.0,2091.72
2022-11-15,JP,Miyazaki,pm25,113,5.0,87.0,38.0,2896.79
2022-11-15,JP,Matsuyama,pm25,150,5.0,72.0,34.0,2418.67
2022-11-15,JP,Wakayama,pm25,278,5.0,147.0,30.0,2519.18
2022-11-15,JP,Takamatsu,pm25,224,5.0,59.0,30.0,1424.89
2022-11-15,JP,Nagoya,pm25,737,1.0,144.0,17.0,1243.58
2022-11-15,JP,Ōita,pm25,248,5.0,63.0,34.0,1661.04
2022-11-15,JP,Kobe,pm25,413,5.0,70.0,34.0,1731.65
2022-11-15,JP,Nagano,pm25,63,5.0,65.0,17.0,1694.18
2022-11-15,JP,Utsunomiya,pm25,23,9.0,34.0,25.0,503.52
2022-11-15,JP,Kagoshima,pm25,93,25.0,53.0,38.0,363.07
2022-11-15,SK,Košice,pm25,89,25.0,124.0,68.0,5188.07
2022-11-15,SK,Bratislava,pm25,96,30.0,114.0,78.0,1591.51
2022-11-15,FI,Vantaa,pm25,18,4.0,35.0,10.0,449.18
2022-11-15,FI,Turku,pm25,21,1.0,14.0,10.0,137.62
2022-11-15,FI,Helsinki,pm25,116,1.0,27.0,6.0,378.82
2022-11-15,FI,Tampere,pm25,90,1.0,21.0,5.0,177.26
2022-11-15,ET,Addis Ababa,pm25,24,30.0,155.0,57.0,8091.72
2022-11-15,CH,Zürich,pm25,23,2.0,6.0,4.0,16.28
2022-11-15,CO,Bogotá,pm25,333,5.0,200.0,46.0,9205.65
2022-11-15,CO,Medellín,pm25,233,17.0,72.0,50.0,1133.17
2022-11-15,DK,Copenhagen,pm25,9,4.0,36.0,23.0,1156.94
2022-11-15,GB,Edinburgh,pm25,282,2.0,61.0,25.0,2390.85
2022-11-15,GB,Norwich,pm25,23,17.0,76.0,50.0,2625.42
2022-11-15,GB,Liverpool,pm25,46,13.0,55.0,34.0,1629.76
2022-11-15,GB,Belfast,pm25,79,4.0,87.0,25.0,1705.05
2022-11-15,GB,Coventry,pm25,72,9.0,55.0,25.0,1923.28
2022-11-15,GB,Leeds,pm25,45,34.0,80.0,59.0,1242.19
2022-11-15,GB,Cardiff,pm25,96,5.0,59.0,34.0,1645.53
2022-11-15,GB,Bristol,pm25,71,5.0,59.0,25.0,1553.02
2022-11-15,GB,London,pm25,595,2.0,68.0,21.0,1966.59
2022-11-15,GB,Birmingham,pm25,48,14.0,57.0,26.0,1735.73
2022-11-15,GB,Sheffield,pm25,95,16.0,80.0,46.0,1778.19
2022-11-15,GB,Newport,pm25,43,5.0,39.0,13.0,817.96
2022-11-15,GB,Leicester,pm25,24,13.0,55.0,30.0,1758.19
2022-11-15,GB,Manchester,pm25,78,5.0,61.0,25.0,2808.8
2022-11-15,GB,Reading,pm25,36,5.0,38.0,5.0,952.28
2022-11-15,GB,Plymouth,pm25,40,5.0,44.0,13.0,1470.13
2022-11-15,GB,Glasgow,pm25,569,2.0,65.0,16.0,1233.33
2022-11-15,GB,Preston,pm25,45,6.0,60.0,30.0,2338.4
2022-11-15,GB,Swansea,pm25,176,5.0,91.0,21.0,1623.93
2022-11-15,GB,Southend-on-Sea,pm25,47,10.0,53.0,24.0,1464.05
2022-11-15,ID,Jakarta,pm25,58,42.0,137.0,72.0,3851.58
2022-11-15,NP,Kathmandu,pm25,48,91.0,166.0,144.0,4997.23
2022-11-15,NP,Biratnagar,pm25,35,99.0,207.0,136.0,5707.98
2022-11-15,AU,Sydney,pm25,134,1.0,54.0,16.0,832.7
2022-11-15,AU,Newcastle,pm25,119,1.0,52.0,14.0,1162.98
2022-11-15,AU,Launceston,pm25,43,5.0,70.0,5.0,2387.33
2022-11-15,AU,Hobart,pm25,42,5.0,13.0,9.0,68.85
2022-11-15,AU,Darwin,pm25,63,1.0,42.0,20.0,928.16
2022-11-15,AU,Melbourne,pm25,150,1.0,52.0,19.0,1497.66
2022-11-15,AU,Canberra,pm25,54,1.0,58.0,15.0,1937.21
2022-11-15,AU,Adelaide,pm25,82,5.0,34.0,17.0,606.92
2022-11-15,AU,Brisbane,pm25,192,1.0,66.0,23.0,1717.48
2022-11-15,AU,Perth,pm25,71,2.0,15.0,5.0,169.65
2022-11-15,AU,Wollongong,pm25,41,1.0,86.0,19.0,2595.0
2022-11-15,CI,Abidjan,pm25,24,9.0,87.0,30.0,5483.41
2022-11-15,GH,Accra,pm25,24,38.0,104.0,53.0,3424.76
2022-11-15,IQ,Baghdad,pm25,24,74.0,193.0,171.0,14129.5
2022-11-15,IS,Reykjavík,pm25,96,4.0,30.0,9.0,397.05
2022-11-15,KG,Bishkek,pm25,24,63.0,147.0,82.0,4197.61
2022-11-15,NL,Utrecht,pm25,48,13.0,85.0,41.0,4572.02
2022-11-15,NL,Nijmegen,pm25,47,3.0,65.0,32.0,2383.88
2022-11-15,NL,Haarlem,pm25,144,1.0,104.0,34.0,8176.01
2022-11-15,NL,Eindhoven,pm25,22,4.0,57.0,25.0,1833.7
2022-11-15,NL,Rotterdam,pm25,192,8.0,111.0,31.0,7545.44
2022-11-15,NL,Amsterdam,pm25,258,1.0,99.0,37.0,6887.72
2022-11-15,NL,Dordrecht,pm25,17,1.0,80.0,21.0,7786.91
2022-11-15,NL,Breda,pm25,45,1.0,77.0,31.0,4596.77
2022-11-15,NL,Groningen,pm25,48,11.0,69.0,47.0,3748.83
2022-11-15,NL,Maastricht,pm25,83,5.0,50.0,17.0,1521.58
2022-11-15,NL,The Hague,pm25,72,10.0,94.0,28.0,7366.28
2022-11-15,PT,Lisbon,pm25,33,8.0,25.0,15.0,243.14
2022-11-15,PT,Funchal,pm25,59,3.0,45.0,25.0,1539.61
2022-11-15,CA,Hamilton,pm25,85,9.0,55.0,17.0,1167.25
2022-11-15,CA,Calgary,pm25,85,1.0,54.0,14.0,1137.17
2022-11-15,CA,Winnipeg,pm25,19,16.0,17.0,17.0,2.46
2022-11-15,CA,Halifax,pm25,46,7.0,23.0,9.0,145.91
2022-11-15,CA,Kitchener,pm25,48,9.0,53.0,21.0,1172.32
2022-11-15,CA,Edmonton,pm25,138,11.0,56.0,26.0,1468.91
2022-11-15,CA,Surrey,pm25,90,9.0,82.0,31.0,2931.64
2022-11-15,CA,Mississauga,pm25,65,5.0,30.0,13.0,532.97
2022-11-15,CA,Québec,pm25,150,5.0,55.0,12.0,580.86
2022-11-15,CA,Vancouver,pm25,159,5.0,117.0,25.0,4441.4
2022-11-15,CA,Victoria,pm25,48,25.0,76.0,50.0,1670.85
2022-11-15,CA,Montréal,pm25,445,3.0,51.0,18.0,833.8
2022-11-15,CA,Toronto,pm25,118,5.0,61.0,17.0,1281.91
2022-11-15,CA,Ottawa,pm25,52,7.0,20.0,12.0,104.33
2022-11-15,CA,London,pm25,33,13.0,30.0,17.0,296.53
2022-11-15,US,Oklahoma City,pm25,95,12.0,72.0,43.0,1298.48
2022-11-15,US,Raleigh,pm25,68,4.0,55.0,21.0,1299.18
2022-11-15,US,Memphis,pm25,72,20.0,61.0,33.0,1121.41
2022-11-15,US,Jackson,pm25,71,2.0,52.0,30.0,1444.49
2022-11-15,US,Boston,pm25,125,5.0,57.0,21.0,1078.13
2022-11-15,US,Richmond,pm25,95,3.0,66.0,35.0,1799.34
2022-11-15,US,Portland,pm25,192,25.0,124.0,47.0,2378.53
2022-11-15,US,Boise,pm25,24,45.0,114.0,61.0,2925.49
2022-11-15,US,Austin,pm25,43,5.0,53.0,25.0,1898.16
2022-11-15,US,Honolulu,pm25,36,5.0,42.0,13.0,614.75
2022-11-15,US,Fresno,pm25,48,27.0,104.0,56.0,2225.46
2022-11-15,US,Milwaukee,pm25,144,11.0,69.0,27.0,1821.62
2022-11-15,US,Hartford,pm25,48,15.0,54.0,24.0,888.23
2022-11-15,US,Washington D.C.,pm25,92,5.0,46.0,34.0,1226.61
2022-11-15,US,Chicago,pm25,240,6.0,78.0,41.0,2489.01
2022-11-15,US,Houston,pm25,93,1.0,38.0,18.0,620.35
2022-11-15,US,Indianapolis,pm25,143,13.0,64.0,50.0,1402.85
2022-11-15,US,Atlanta,pm25,24,16.0,36.0,28.0,366.96
2022-11-15,US,Charlotte,pm25,71,9.0,50.0,29.0,958.55
2022-11-15,US,Sacramento,pm25,65,5.0,112.0,25.0,6874.65
2022-11-15,US,Oakland,pm25,95,5.0,63.0,34.0,1997.0
2022-11-15,US,Providence,pm25,69,9.0,55.0,25.0,1410.39
2022-11-15,US,Staten Island,pm25,79,9.0,163.0,26.0,5173.68
2022-11-15,US,Brooklyn,pm25,119,2.0,48.0,17.0,643.55
2022-11-15,US,Springfield,pm25,72,35.0,69.0,52.0,589.84
2022-11-15,US,The Bronx,pm25,35,8.0,29.0,14.0,347.85
2022-11-15,US,San Jose,pm25,85,5.0,104.0,42.0,4122.5
2022-11-15,US,Los Angeles,pm25,48,21.0,109.0,50.0,4936.56
2022-11-15,US,Detroit,pm25,168,13.0,73.0,37.0,2385.46
2022-11-15,US,Little Rock,pm25,47,13.0,44.0,28.0,409.68
2022-11-15,US,Baltimore,pm25,48,21.0,69.0,46.0,1141.27
2022-11-15,US,Phoenix,pm25,167,6.0,104.0,49.0,4409.26
2022-11-15,US,Omaha,pm25,24,21.0,59.0,34.0,1310.36
2022-11-15,US,El Paso,pm25,168,2.0,68.0,30.0,2154.02
2022-11-15,US,Dallas,pm25,22,9.0,65.0,25.0,4169.81
2022-11-15,US,Seattle,pm25,263,17.0,85.0,52.0,2543.87
2022-11-15,US,Manhattan,pm25,65,3.0,44.0,20.0,1024.53
2022-11-15,US,Miami,pm25,90,15.0,26.0,19.0,70.66
2022-11-15,US,Jacksonville,pm25,140,1.0,71.0,40.0,1508.05
2022-11-15,US,San Antonio,pm25,91,2.0,59.0,25.0,2150.0
2022-11-15,US,Philadelphia,pm25,93,6.0,53.0,29.0,1028.39
2022-11-15,US,San Diego,pm25,24,15.0,72.0,46.0,3002.45
2022-11-15,US,Columbus,pm25,47,16.0,53.0,35.0,1129.11
2022-11-15,US,Saint Paul,pm25,143,25.0,77.0,55.0,1154.22
2022-11-15,US,Denver,pm25,152,5.0,174.0,25.0,3147.72
2022-11-15,US,Salt Lake City,pm25,211,7.0,64.0,28.0,1195.83
2022-11-15,US,Albuquerque,pm25,47,12.0,28.0,17.0,159.05
2022-11-15,US,San Francisco,pm25,70,9.0,72.0,30.0,1657.15
2022-11-15,US,Salem,pm25,72,32.0,99.0,49.0,1765.9
2022-11-15,US,Madison,pm25,48,25.0,71.0,42.0,3074.31
2022-11-15,US,Nashville,pm25,96,11.0,57.0,34.0,938.99
2022-11-15,US,Tucson,pm25,147,5.0,61.0,25.0,2027.84
2022-11-15,US,Queens,pm25,90,2.0,38.0,17.0,591.98
2022-11-15,US,Tallahassee,pm25,72,13.0,65.0,39.0,859.14
2022-11-15,US,Fort Worth,pm25,47,1.0,52.0,25.0,1472.88
2022-11-15,RS,Novi Sad,pm25,48,111.0,183.0,138.0,3686.8
2022-11-15,RS,Niš,pm25,48,54.0,193.0,123.0,22534.6
2022-11-15,RS,Belgrade,pm25,157,30.0,179.0,96.0,15742.1
2022-11-15,CY,Nicosia,pm25,24,61.0,100.0,74.0,936.5
2022-11-15,CY,Limassol,pm25,24,36.0,73.0,59.0,745.2
2022-11-15,HR,Zagreb,pm25,22,76.0,138.0,88.0,3615.76
2022-11-15,HR,Rijeka,pm25,72,9.0,90.0,25.0,5016.6
2022-11-15,MK,Skopje,pm25,119,53.0,199.0,152.0,9785.42
2022-11-16,GE,Tbilisi,pm25,96,24.0,94.0,52.0,2061.57
2022-11-16,JP,Fukuoka,pm25,404,9.0,119.0,50.0,1839.07
2022-11-16,JP,Kanazawa,pm25,162,5.0,55.0,17.0,960.11
2022-11-16,JP,Kumamoto,pm25,278,5.0,104.0,42.0,3677.01
2022-11-16,JP,Akita,pm25,38,5.0,61.0,21.0,2245.27
2022-11-16,JP,Kochi,pm25,48,13.0,57.0,38.0,1364.4
2022-11-16,JP,Gifu-shi,pm25,161,5.0,65.0,17.0,1734.78
2022-11-16,JP,Kyoto,pm25,550,5.0,68.0,34.0,2158.2
2022-11-16,JP,Hiroshima,pm25,306,5.0,85.0,38.0,2640.76
2022-11-16,JP,Shizuoka,pm25,232,5.0,57.0,21.0,1387.93
2022-11-16,JP,Chiba,pm25,674,5.0,85.0,25.0,2621.84
2022-11-16,JP,Sapporo,pm25,192,5.0,70.0,17.0,1767.22
2022-11-16,JP,Yokohama,pm25,523,1.0,68.0,21.0,1812.04
2022-11-16,JP,Tokyo,pm25,2414,1.0,129.0,25.0,2153.97
2022-11-16,JP,Saitama,pm25,453,5.0,78.0,30.0,2143.39
2022-11-16,JP,Naha,pm25,119,9.0,57.0,21.0,1861.31
2022-11-16,JP,Nagasaki,pm25,182,9.0,68.0,42.0,1296.43
2022-11-16,JP,Toyama,pm25,136,5.0,57.0,21.0,1234.43
2022-11-16,JP,Niigata,pm25,203,5.0,53.0,17.0,701.81
2022-11-16,JP,Nara-shi,pm25,188,5.0,68.0,46.0,1153.76
2022-11-16,JP,Okayama,pm25,279,5.0,76.0,42.0,1933.74
2022-11-16,JP,Sendai,pm25,429,5.0,80.0,17.0,1386.85
2022-11-16,JP,Osaka,pm25,1299,5.0,82.0,38.0,1745.37
2022-11-16,JP,Miyazaki,pm25,98,5.0,80.0,38.0,1771.19
2022-11-16,JP,Matsuyama,pm25,151,5.0,78.0,38.0,2922.42
2022-11-16,JP,Wakayama,pm25,285,9.0,85.0,42.0,1923.22
2022-11-16,JP,Takamatsu,pm25,230,5.0,65.0,34.0,1597.9
2022-11-16,JP,Nagoya,pm25,725,5.0,93.0,21.0,1417.69
2022-11-16,JP,Ōita,pm25,241,5.0,65.0,38.0,2206.3
2022-11-16,JP,Kobe,pm25,419,5.0,68.0,42.0,1580.39
2022-11-16,JP,Nagano,pm25,50,5.0,34.0,13.0,860.74
2022-11-16,JP,Utsunomiya,pm25,24,13.0,59.0,25.0,1199.98
2022-11-16,JP,Kagoshima,pm25,92,25.0,57.0,42.0,837.48
2022-11-16,SK,Košice,pm25,96,59.0,127.0,82.0,1360.42
2022-11-16,SK,Bratislava,pm25,96,17.0,87.0,55.0,1600.94
2022-11-16,FI,Vantaa,pm25,24,2.0,28.0,10.0,363.89
2022-11-16,FI,Turku,pm25,23,3.0,20.0,8.0,158.38
2022-11-16,FI,Helsinki,pm25,120,4.0,43.0,12.0,885.02
2022-11-16,FI,Tampere,pm25,95,1.0,43.0,5.0,555.72
2022-11-16,ET,Addis Ababa,pm25,24,46.0,151.0,59.0,6540.42
2022-11-16,CH,Zürich,pm25,23,1.0,4.0,2.0,11.11
2022-11-16,CO,Bogotá,pm25,331,5.0,163.0,46.0,9256.13
2022-11-16,CO,Medellín,pm25,194,25.0,91.0,61.0,986.01
2022-11-16,DK,Copenhagen,pm25,21,2.0,23.0,15.0,297.62
2022-11-16,GB,Edinburgh,pm25,276,5.0,55.0,16.0,851.99
2022-11-16,GB,Norwich,pm25,4,5.0,9.0,5.0,40.0
2022-11-16,GB,Liverpool,pm25,33,17.0,42.0,25.0,409.45
2022-11-16,GB,Belfast,pm25,57,6.0,78.0,38.0,2396.53
2022-11-16,GB,Coventry,pm25,59,9.0,28.0,11.0,309.09
2022-11-16,GB,Leeds,pm25,38,30.0,63.0,46.0,661.99
2022-11-16,GB,Cardiff,pm25,96,9.0,46.0,25.0,1030.74
2022-11-16,GB,Bristol,pm25,63,5.0,42.0,25.0,853.4
2022-11-16,GB,London,pm25,520,1.0,148.0,18.0,1538.47
2022-11-16,GB,Birmingham,pm25,35,9.0,32.0,13.0,401.65
2022-11-16,GB,Sheffield,pm25,74,20.0,70.0,30.0,755.34
2022-11-16,GB,Newport,pm25,45,9.0,26.0,13.0,295.07
2022-11-16,GB,Leicester,pm25,12,11.0,22.0,13.0,160.83
2022-11-16,GB,Manchester,pm25,74,13.0,59.0,31.0,1636.56
2022-11-16,GB,Reading,pm25,36,5.0,17.0,9.0,202.16
2022-11-16,GB,Plymouth,pm25,31,5.0,42.0,21.0,1047.91
2022-11-16,GB,Glasgow,pm25,559,3.0,90.0,19.0,948.91
2022-11-16,GB,Preston,pm25,43,12.0,52.0,25.0,992.54
2022-11-16,GB,Swansea,pm25,183,5.0,63.0,21.0,1720.98
2022-11-16,GB,Southend-on-Sea,pm25,41,7.0,36.0,17.0,472.72
2022-11-16,ID,Jakarta,pm25,71,25.0,168.0,61.0,7947.41
2022-11-16,NP,Kathmandu,pm25,48,80.0,189.0,149.0,6402.44
2022-11-16,NP,Biratnagar,pm25,38,81.0,297.0,124.0,15700.8
2022-11-16,AU,Sydney,pm25,132,1.0,39.0,13.0,415.24
2022-11-16,AU,Newcastle,pm25,117,2.0,73.0,15.0,1358.46
2022-11-16,AU,Launceston,pm25,69,5.0,50.0,5.0,840.45
2022-11-16,AU,Hobart,pm25,43,5.0,38.0,5.0,363.82
2022-11-16,AU,Darwin,pm25,66,3.0,53.0,20.0,1261.25
2022-11-16,AU,Melbourne,pm25,158,1.0,70.0,17.0,1517.58
2022-11-16,AU,Canberra,pm25,56,1.0,999.0,18.0,173037.0
2022-11-16,AU,Adelaide,pm25,78,5.0,63.0,9.0,915.7
2022-11-16,AU,Brisbane,pm25,191,1.0,58.0,18.0,1282.06
2022-11-16,AU,Perth,pm25,89,2.0,25.0,7.0,279.63
2022-11-16,AU,Wollongong,pm25,42,1.0,66.0,12.0,1531.95
2022-11-16,CI,Abidjan,pm25,24,13.0,129.0,42.0,6589.28
2022-11-16,GH,Accra,pm25,24,38.0,78.0,55.0,1240.8
2022-11-16,IQ,Baghdad,pm25,24,74.0,189.0,132.0,9843.46
2022-11-16,IS,Reykjavík,pm25,76,6.0,17.0,9.0,92.43
2022-11-16,KG,Bishkek,pm25,24,61.0,99.0,68.0,1161.45
2022-11-16,NL,Utrecht,pm25,48,10.0,49.0,30.0,583.72
2022-11-16,NL,Nijmegen,pm25,48,2.0,41.0,20.0,878.93
2022-11-16,NL,Haarlem,pm25,141,1.0,68.0,25.0,1932.5
2022-11-16,NL,Eindhoven,pm25,20,2.0,31.0,18.0,696.08
2022-11-16,NL,Rotterdam,pm25,192,14.0,58.0,25.0,360.51
2022-11-16,NL,Amsterdam,pm25,257,3.0,73.0,24.0,1060.12
2022-11-16,NL,Dordrecht,pm25,21,1.0,45.0,13.0,1054.48
2022-11-16,NL,Breda,pm25,48,6.0,52.0,19.0,1197.94
2022-11-16,NL,Groningen,pm25,48,14.0,66.0,28.0,1543.29
2022-11-16,NL,Maastricht,pm25,87,5.0,42.0,17.0,981.62
2022-11-16,NL,The Hague,pm25,72,6.0,42.0,23.0,379.69
2022-11-16,PT,Lisbon,pm25,40,10.0,24.0,17.0,157.02
2022-11-16,PT,Funchal,pm25,56,1.0,38.0,16.0,1187.58
2022-11-16,CA,Hamilton,pm25,85,9.0,50.0,25.0,1062.98
2022-11-16,CA,Calgary,pm25,70,1.0,57.0,13.0,1813.38
2022-11-16,CA,Winnipeg,pm25,24,16.0,51.0,25.0,1265.05
2022-11-16,CA,Halifax,pm25,46,7.0,29.0,13.0,291.09
2022-11-16,CA,Kitchener,pm25,43,9.0,53.0,25.0,888.55
2022-11-16,CA,Edmonton,pm25,123,7.0,48.0,15.0,906.49
2022-11-16,CA,Surrey,pm25,93,10.0,103.0,30.0,5545.14
2022-11-16,CA,Mississauga,pm25,57,9.0,46.0,13.0,1039.65
2022-11-16,CA,Québec,pm25,154,5.0,55.0,14.0,749.8
2022-11-16,CA,Vancouver,pm25,168,6.0,110.0,32.0,5720.39
2022-11-16,CA,Victoria,pm25,48,30.0,78.0,53.0,2134.89
2022-11-16,CA,Montréal,pm25,394,9.0,50.0,24.0,818.72
2022-11-16,CA,Toronto,pm25,138,5.0,63.0,25.0,1996.79
2022-11-16,CA,Ottawa,pm25,40,13.0,29.0,18.0,200.9
2022-11-16,CA,London,pm25,35,9.0,63.0,21.0,1660.05
2022-11-16,US,Oklahoma City,pm25,96,17.0,81.0,40.0,2559.03
2022-11-16,US,Raleigh,pm25,59,4.0,42.0,15.0,595.97
2022-11-16,US,Memphis,pm25,72,14.0,56.0,32.0,1047.37
2022-11-16,US,Jackson,pm25,71,3.0,85.0,32.0,1863.78
2022-11-16,US,Boston,pm25,132,5.0,53.0,21.0,602.91
2022-11-16,US,Richmond,pm25,96,9.0,51.0,19.0,763.08
2022-11-16,US,Portland,pm25,190,33.0,132.0,59.0,3452.78
2022-11-16,US,Boise,pm25,24,56.0,100.0,72.0,1617.37
2022-11-16,US,Austin,pm25,46,5.0,63.0,34.0,2180.81
2022-11-16,US,Honolulu,pm25,40,5.0,34.0,13.0,680.76
2022-11-16,US,Fresno,pm25,47,30.0,95.0,60.0,2208.79
2022-11-16,US,Milwaukee,pm25,144,6.0,56.0,27.0,1291.84
2022-11-16,US,Hartford,pm25,46,3.0,38.0,16.0,1102.52
2022-11-16,US,Washington D.C.,pm25,94,5.0,51.0,21.0,1332.52
2022-11-16,US,Chicago,pm25,239,4.0,57.0,27.0,1432.33
2022-11-16,US,Houston,pm25,96,13.0,56.0,32.0,688.03
2022-11-16,US,Indianapolis,pm25,143,19.0,74.0,53.0,1421.22
2022-11-16,US,Atlanta,pm25,24,31.0,45.0,38.0,149.57
2022-11-16,US,Charlotte,pm25,69,9.0,65.0,24.0,827.51
2022-11-16,US,Sacramento,pm25,72,2.0,112.0,34.0,5111.17
2022-11-16,US,Oakland,pm25,94,5.0,65.0,30.0,2358.97
2022-11-16,US,Providence,pm25,50,5.0,34.0,17.0,699.46
2022-11-16,US,Staten Island,pm25,25,7.0,104.0,24.0,7143.33
2022-11-16,US,Brooklyn,pm25,37,2.0,29.0,16.0,614.71
2022-11-16,US,Springfield,pm25,52,3.0,64.0,45.0,1193.57
2022-11-16,US,San Jose,pm25,85,5.0,104.0,30.0,4206.72
2022-11-16,US,Los Angeles,pm25,48,13.0,111.0,40.0,8223.29
2022-11-16,US,Detroit,pm25,156,26.0,71.0,55.0,1016.02
2022-11-16,US,Little Rock,pm25,45,4.0,52.0,27.0,1382.04
2022-11-16,US,Baltimore,pm25,48,9.0,55.0,30.0,1045.51
2022-11-16,US,Phoenix,pm25,155,2.0,76.0,15.0,2510.54
2022-11-16,US,Omaha,pm25,33,5.0,50.0,30.0,1058.98
2022-11-16,US,El Paso,pm25,160,5.0,57.0,17.0,1519.85
2022-11-16,US,Dallas,pm25,24,13.0,107.0,55.0,6600.87
2022-11-16,US,Seattle,pm25,264,25.0,149.0,61.0,2680.95
2022-11-16,US,Manhattan,pm25,43,1.0,34.0,18.0,995.84
2022-11-16,US,Miami,pm25,93,12.0,55.0,21.0,308.4
2022-11-16,US,Jacksonville,pm25,142,11.0,61.0,39.0,986.4
2022-11-16,US,San Antonio,pm25,91,3.0,52.0,29.0,1541.39
2022-11-16,US,Philadelphia,pm25,93,1.0,58.0,22.0,1666.98
2022-11-16,US,San Diego,pm25,24,9.0,65.0,41.0,3260.87
2022-11-16,US,Columbus,pm25,48,23.0,58.0,47.0,594.45
2022-11-16,US,Saint Paul,pm25,132,9.0,75.0,50.0,2296.35
2022-11-16,US,Denver,pm25,145,5.0,55.0,17.0,929.87
2022-11-16,US,Salt Lake City,pm25,207,6.0,84.0,35.0,1904.97
2022-11-16,US,Albuquerque,pm25,25,22.0,66.0,38.0,1246.1
2022-11-16,US,San Francisco,pm25,70,5.0,68.0,34.0,2581.36
2022-11-16,US,Salem,pm25,71,58.0,148.0,69.0,3993.51
2022-11-16,US,Madison,pm25,48,13.0,37.0,25.0,267.64
2022-11-16,US,Nashville,pm25,94,5.0,79.0,30.0,1074.13
2022-11-16,US,Tucson,pm25,153,5.0,57.0,25.0,2185.33
2022-11-16,US,Queens,pm25,64,2.0,49.0,17.0,898.08
2022-11-16,US,Tallahassee,pm25,70,10.0,47.0,25.0,761.94
2022-11-16,US,Fort Worth,pm25,45,5.0,64.0,22.0,2739.09
2022-11-16,RS,Novi Sad,pm25,48,19.0,158.0,117.0,23411.5
2022-11-16,RS,Niš,pm25,48,57.0,186.0,147.0,15338.7
2022-11-16,RS,Belgrade,pm25,168,28.0,173.0,87.0,21082.9
2022-11-16,CY,Nicosia,pm25,24,61.0,113.0,70.0,2096.23
2022-11-16,CY,Limassol,pm25,24,41.0,74.0,55.0,752.88
2022-11-16,HR,Zagreb,pm25,24,54.0,147.0,105.0,4851.72
2022-11-16,HR,Rijeka,pm25,72,2.0,87.0,20.0,2632.24
2022-11-16,MK,Skopje,pm25,120,60.0,189.0,150.0,12416.8
2022-11-17,GE,Tbilisi,pm25,96,54.0,119.0,64.0,4378.21
2022-11-17,JP,Fukuoka,pm25,405,5.0,119.0,59.0,946.74
2022-11-17,JP,Kanazawa,pm25,203,5.0,55.0,25.0,844.52
2022-11-17,JP,Kumamoto,pm25,322,5.0,122.0,61.0,4410.03
2022-11-17,JP,Akita,pm25,37,5.0,61.0,21.0,1881.86
2022-11-17,JP,Kochi,pm25,48,21.0,65.0,50.0,1094.36
2022-11-17,JP,Gifu-shi,pm25,182,5.0,89.0,34.0,2637.38
2022-11-17,JP,Kyoto,pm25,552,9.0,129.0,55.0,1518.26
2022-11-17,JP,Hiroshima,pm25,315,5.0,93.0,50.0,2748.22
2022-11-17,JP,Shizuoka,pm25,255,5.0,65.0,34.0,1840.14
2022-11-17,JP,Chiba,pm25,719,5.0,119.0,34.0,2802.45
2022-11-17,JP,Sapporo,pm25,212,5.0,82.0,25.0,1762.58
2022-11-17,JP,Yokohama,pm25,539,1.0,65.0,30.0,1762.81
2022-11-17,JP,Tokyo,pm25,2478,5.0,97.0,30.0,1458.55
2022-11-17,JP,Saitama,pm25,472,5.0,107.0,38.0,2934.64
2022-11-17,JP,Naha,pm25,139,21.0,46.0,34.0,280.41
2022-11-17,JP,Nagasaki,pm25,188,5.0,74.0,55.0,1037.03
2022-11-17,JP,Toyama,pm25,180,5.0,70.0,30.0,1533.56
2022-11-17,JP,Niigata,pm25,207,5.0,57.0,21.0,1628.96
2022-11-17,JP,Nara-shi,pm25,186,25.0,102.0,57.0,1038.24
2022-11-17,JP,Okayama,pm25,287,5.0,165.0,57.0,5608.3
2022-11-17,JP,Sendai,pm25,467,5.0,50.0,21.0,642.85
2022-11-17,JP,Osaka,pm25,1299,5.0,119.0,53.0,1807.15
2022-11-17,JP,Miyazaki,pm25,109,5.0,155.0,46.0,2649.02
2022-11-17,JP,Matsuyama,pm25,155,9.0,80.0,53.0,2131.6
2022-11-17,JP,Wakayama,pm25,283,25.0,102.0,50.0,987.88
2022-11-17,JP,Takamatsu,pm25,238,21.0,129.0,50.0,1660.24
2022-11-17,JP,Nagoya,pm25,769,5.0,93.0,42.0,1290.97
2022-11-17,JP,Ōita,pm25,253,9.0,117.0,53.0,2694.92
2022-11-17,JP,Kobe,pm25,424,5.0,78.0,46.0,1064.15
2022-11-17,JP,Nagano,pm25,63,5.0,164.0,34.0,8313.06
2022-11-17,JP,Utsunomiya,pm25,24,13.0,80.0,42.0,3219.93
2022-11-17,JP,Kagoshima,pm25,96,38.0,89.0,53.0,471.98
2022-11-17,SK,Košice,pm25,73,5.0,85.0,30.0,6186.23
2022-11-17,SK,Bratislava,pm25,96,17.0,76.0,46.0,1150.73
2022-11-17,FI,Vantaa,pm25,24,3.0,25.0,11.0,447.17
2022-11-17,FI,Turku,pm25,24,3.0,23.0,8.0,321.29
2022-11-17,FI,Helsinki,pm25,120,4.0,46.0,13.0,1103.29
2022-11-17,FI,Tampere,pm25,94,1.0,35.0,10.0,669.89
2022-11-17,ET,Addis Ababa,pm25,24,30.0,163.0,57.0,11102.6
2022-11-17,CH,Zürich,pm25,19,1.0,10.0,2.0,44.27
2022-11-17,CO,Bogotá,pm25,328,5.0,167.0,65.0,11366.5
2022-11-17,CO,Medellín,pm25,227,21.0,107.0,63.0,2532.17
2022-11-17,DK,Copenhagen,pm25,24,7.0,28.0,20.0,282.83
2022-11-17,GB,Edinburgh,pm25,277,5.0,54.0,25.0,921.46
2022-11-17,GB,Liverpool,pm25,32,21.0,57.0,30.0,957.33
2022-11-17,GB,Belfast,pm25,64,24.0,55.0,42.0,730.12
2022-11-17,GB,Coventry,pm25,54,9.0,31.0,16.0,128.67
2022-11-17,GB,Leeds,pm25,37,13.0,53.0,34.0,1039.14
2022-11-17,GB,Cardiff,pm25,88,5.0,63.0,38.0,1628.94
2022-11-17,GB,Bristol,pm25,65,13.0,85.0,30.0,2168.21
2022-11-17,GB,London,pm25,524,1.0,112.0,21.0,1641.11
2022-11-17,GB,Birmingham,pm25,30,17.0,31.0,23.0,170.35
2022-11-17,GB,Sheffield,pm25,60,13.0,38.0,21.0,488.91
2022-11-17,GB,Newport,pm25,43,5.0,22.0,13.0,235.18
2022-11-17,GB,Leicester,pm25,7,9.0,16.0,13.0,75.71
2022-11-17,GB,Manchester,pm25,74,8.0,51.0,21.0,1295.34
2022-11-17,GB,Reading,pm25,44,5.0,25.0,9.0,322.37
2022-11-17,GB,Plymouth,pm25,27,5.0,41.0,17.0,774.64
2022-11-17,GB,Glasgow,pm25,567,2.0,58.0,19.0,1553.37
2022-11-17,GB,Preston,pm25,37,8.0,51.0,21.0,1218.59
2022-11-17,GB,Swansea,pm25,174,5.0,50.0,21.0,899.15
2022-11-17,GB,Southend-on-Sea,pm25,37,4.0,30.0,16.0,194.37
2022-11-17,ID,Jakarta,pm25,71,21.0,164.0,68.0,10955.8
2022-11-17,NP,Kathmandu,pm25,48,68.0,168.0,119.0,6984.57
2022-11-17,NP,Biratnagar,pm25,32,93.0,324.0,152.0,19552.5
2022-11-17,AU,Sydney,pm25,136,2.0,38.0,13.0,447.29
2022-11-17,AU,Newcastle,pm25,135,1.0,52.0,15.0,795.9
2022-11-17,AU,Launceston,pm25,57,5.0,53.0,5.0,539.65
2022-11-17,AU,Hobart,pm25,28,5.0,13.0,5.0,42.96
2022-11-17,AU,Darwin,pm25,64,5.0,66.0,21.0,1805.89
2022-11-17,AU,Melbourne,pm25,144,1.0,58.0,16.0,1398.65
2022-11-17,AU,Canberra,pm25,49,2.0,52.0,12.0,1100.42
2022-11-17,AU,Adelaide,pm25,74,2.0,97.0,9.0,2371.71
2022-11-17,AU,Brisbane,pm25,195,1.0,53.0,17.0,706.49
2022-11-17,AU,Perth,pm25,78,2.0,13.0,4.0,119.85
2022-11-17,AU,Wollongong,pm25,38,1.0,55.0,10.0,1888.53
2022-11-17,CI,Abidjan,pm25,24,25.0,104.0,42.0,2640.0
2022-11-17,GH,Accra,pm25,24,30.0,99.0,50.0,4199.13
2022-11-17,IQ,Baghdad,pm25,24,102.0,164.0,129.0,3369.55
2022-11-17,IS,Reykjavík,pm25,95,3.0,34.0,15.0,557.13
2022-11-17,KG,Bishkek,pm25,24,53.0,164.0,76.0,14168.6
2022-11-17,NL,Utrecht,pm25,48,1.0,55.0,18.0,1188.72
2022-11-17,NL,Nijmegen,pm25,46,4.0,48.0,17.0,1012.99
2022-11-17,NL,Haarlem,pm25,131,1.0,112.0,16.0,2650.07
2022-11-17,NL,Eindhoven,pm25,15,2.0,42.0,11.0,1195.43
2022-11-17,NL,Rotterdam,pm25,192,5.0,41.0,13.0,330.94
2022-11-17,NL,Amsterdam,pm25,238,1.0,72.0,14.0,857.9
2022-11-17,NL,Dordrecht,pm25,18,5.0,25.0,9.0,324.71
2022-11-17,NL,Breda,pm25,42,1.0,32.0,16.0,631.74
2022-11-17,NL,Groningen,pm25,48,6.0,61.0,23.0,1653.51
2022-11-17,NL,Maastricht,pm25,66,5.0,42.0,9.0,778.46
2022-11-17,NL,The Hague,pm25,69,3.0,40.0,13.0,409.58
2022-11-17,PT,Lisbon,pm25,40,8.0,36.0,12.0,660.61
2022-11-17,PT,Funchal,pm25,50,1.0,37.0,13.0,1144.88
2022-11-17,CA,Hamilton,pm25,79,5.0,42.0,17.0,845.58
2022-11-17,CA,Calgary,pm25,84,1.0,51.0,16.0,915.77
2022-11-17,CA,Winnipeg,pm25,24,15.0,41.0,17.0,414.71
2022-11-17,CA,Halifax,pm25,46,5.0,28.0,13.0,399.73
2022-11-17,CA,Kitchener,pm25,44,5.0,57.0,13.0,2360.51
2022-11-17,CA,Edmonton,pm25,136,1.0,56.0,31.0,1421.25
2022-11-17,CA,Surrey,pm25,94,4.0,53.0,16.0,2061.26
2022-11-17,CA,Mississauga,pm25,52,5.0,46.0,17.0,1507.21
2022-11-17,CA,Québec,pm25,174,5.0,42.0,16.0,635.49
2022-11-17,CA,Vancouver,pm25,167,5.0,55.0,21.0,1266.77
2022-11-17,CA,Victoria,pm25,47,13.0,76.0,34.0,1810.83
2022-11-17,CA,Montréal,pm25,327,3.0,40.0,15.0,338.2
2022-11-17,CA,Toronto,pm25,121,5.0,61.0,17.0,1430.84
2022-11-17,CA,Ottawa,pm25,41,9.0,18.0,13.0,60.51
2022-11-17,CA,London,pm25,40,5.0,34.0,13.0,680.2
2022-11-17,US,Oklahoma City,pm25,96,18.0,70.0,30.0,1127.6
2022-11-17,US,Raleigh,pm25,70,5.0,49.0,25.0,1045.6
2022-11-17,US,Memphis,pm25,72,14.0,57.0,36.0,993.22
2022-11-17,US,Jackson,pm25,72,4.0,76.0,33.0,1841.45
2022-11-17,US,Boston,pm25,119,9.0,46.0,25.0,699.49
2022-11-17,US,Richmond,pm25,96,21.0,53.0,27.0,435.96
2022-11-17,US,Portland,pm25,164,20.0,119.0,44.0,3770.43
2022-11-17,US,Boise,pm25,24,23.0,102.0,70.0,4019.55
2022-11-17,US,Austin,pm25,47,9.0,59.0,30.0,1569.22
2022-11-17,US,Honolulu,pm25,39,5.0,30.0,13.0,454.67
2022-11-17,US,Fresno,pm25,46,35.0,96.0,59.0,3054.48
2022-11-17,US,Milwaukee,pm25,133,20.0,55.0,42.0,839.7
2022-11-17,US,Hartford,pm25,48,10.0,50.0,28.0,1251.05
2022-11-17,US,Washington D.C.,pm25,92,5.0,50.0,25.0,993.18
2022-11-17,US,Chicago,pm25,240,5.0,63.0,37.0,1368.92
2022-11-17,US,Houston,pm25,96,9.0,84.0,42.0,1881.52
2022-11-17,US,Indianapolis,pm25,144,13.0,72.0,51.0,1531.95
2022-11-17,US,Atlanta,pm25,24,30.0,53.0,34.0,381.72
2022-11-17,US,Charlotte,pm25,70,13.0,63.0,30.0,1407.5
2022-11-17,US,Sacramento,pm25,72,25.0,132.0,58.0,3341.9
2022-11-17,US,Oakland,pm25,95,13.0,87.0,53.0,2428.07
2022-11-17,US,Providence,pm25,52,9.0,42.0,25.0,513.86
2022-11-17,US,Staten Island,pm25,48,2.0,50.0,27.0,1760.74
2022-11-17,US,Brooklyn,pm25,107,6.0,56.0,28.0,1157.14
2022-11-17,US,Springfield,pm25,48,23.0,60.0,38.0,874.88
2022-11-17,US,The Bronx,pm25,30,13.0,28.0,25.0,180.51
2022-11-17,US,San Jose,pm25,95,5.0,97.0,42.0,4875.3
2022-11-17,US,Los Angeles,pm25,45,2.0,88.0,50.0,4089.27
2022-11-17,US,Detroit,pm25,157,12.0,66.0,42.0,1660.84
2022-11-17,US,Little Rock,pm25,47,4.0,85.0,27.0,4060.54
2022-11-17,US,Baltimore,pm25,48,13.0,55.0,32.0,627.97
2022-11-17,US,Phoenix,pm25,174,1.0,122.0,21.0,5612.65
2022-11-17,US,Omaha,pm25,44,5.0,42.0,21.0,930.29
2022-11-17,US,El Paso,pm25,155,4.0,78.0,30.0,3555.93
2022-11-17,US,Dallas,pm25,23,9.0,102.0,46.0,3918.62
2022-11-17,US,Seattle,pm25,254,9.0,149.0,43.0,4805.85
2022-11-17,US,Manhattan,pm25,63,2.0,44.0,24.0,727.3
2022-11-17,US,Miami,pm25,89,19.0,54.0,41.0,686.62
2022-11-17,US,Jacksonville,pm25,141,8.0,93.0,33.0,1095.09
2022-11-17,US,San Antonio,pm25,90,1.0,141.0,22.0,2840.95
2022-11-17,US,Philadelphia,pm25,95,5.0,129.0,38.0,4082.05
2022-11-17,US,San Diego,pm25,24,13.0,62.0,41.0,2365.63
2022-11-17,US,Columbus,pm25,48,18.0,51.0,41.0,718.79
2022-11-17,US,Saint Paul,pm25,129,5.0,52.0,22.0,1351.82
2022-11-17,US,Denver,pm25,152,9.0,159.0,21.0,2458.73
2022-11-17,US,Salt Lake City,pm25,215,9.0,67.0,44.0,1803.35
2022-11-17,US,Albuquerque,pm25,46,10.0,71.0,33.0,3273.32
2022-11-17,US,San Francisco,pm25,71,13.0,89.0,42.0,2479.68
2022-11-17,US,Salem,pm25,72,34.0,155.0,55.0,5241.87
2022-11-17,US,Madison,pm25,48,16.0,54.0,35.0,1481.8
2022-11-17,US,Nashville,pm25,94,5.0,76.0,38.0,2014.22
2022-11-17,US,Tucson,pm25,162,5.0,76.0,25.0,1674.8
2022-11-17,US,Queens,pm25,87,10.0,52.0,27.0,856.03
2022-11-17,US,Tallahassee,pm25,59,11.0,147.0,29.0,7384.25
2022-11-17,US,Fort Worth,pm25,45,2.0,104.0,28.0,4760.13
2022-11-17,RS,Novi Sad,pm25,48,52.0,163.0,64.0,7117.51
2022-11-17,RS,Niš,pm25,48,30.0,164.0,58.0,19238.7
2022-11-17,RS,Belgrade,pm25,168,28.0,170.0,72.0,8179.87
2022-11-17,CY,Nicosia,pm25,24,42.0,95.0,68.0,2120.85
2022-11-17,CY,Limassol,pm25,24,27.0,69.0,44.0,1446.36
2022-11-17,HR,Zagreb,pm25,24,61.0,102.0,70.0,1473.89
2022-11-17,HR,Rijeka,pm25,72,5.0,91.0,14.0,3099.65
2022-11-17,MK,Skopje,pm25,120,42.0,187.0,104.0,12817.9
2022-11-18,GE,Tbilisi,pm25,96,55.0,90.0,62.0,1020.33
2022-11-18,JP,Fukuoka,pm25,406,13.0,102.0,63.0,1053.74
2022-11-18,JP,Kanazawa,pm25,223,5.0,46.0,21.0,774.76
2022-11-18,JP,Kumamoto,pm25,352,5.0,117.0,61.0,3141.67
2022-11-18,JP,Akita,pm25,40,13.0,59.0,21.0,1437.17
2022-11-18,JP,Kochi,pm25,48,21.0,72.0,50.0,1484.89
2022-11-18,JP,Gifu-shi,pm25,180,5.0,70.0,30.0,2196.94
2022-11-18,JP,Kyoto,pm25,575,13.0,129.0,50.0,1490.15
2022-11-18,JP,Hiroshima,pm25,321,5.0,95.0,53.0,2717.62
2022-11-18,JP,Shizuoka,pm25,252,5.0,78.0,34.0,1946.66
2022-11-18,JP,Chiba,pm25,758,5.0,109.0,34.0,3036.7
2022-11-18,JP,Sapporo,pm25,213,5.0,59.0,25.0,1058.9
2022-11-18,JP,Yokohama,pm25,504,1.0,74.0,42.0,1875.13
2022-11-18,JP,Tokyo,pm25,2461,1.0,156.0,46.0,1300.09
2022-11-18,JP,Saitama,pm25,478,5.0,85.0,50.0,1434.85
2022-11-18,JP,Naha,pm25,144,9.0,42.0,21.0,353.46
2022-11-18,JP,Nagasaki,pm25,190,17.0,91.0,61.0,997.37
2022-11-18,JP,Toyama,pm25,176,5.0,65.0,25.0,1766.73
2022-11-18,JP,Niigata,pm25,186,5.0,65.0,25.0,1088.89
2022-11-18,JP,Nara-shi,pm25,181,17.0,175.0,57.0,2631.54
2022-11-18,JP,Okayama,pm25,288,30.0,165.0,61.0,4682.54
2022-11-18,JP,Sendai,pm25,458,5.0,55.0,21.0,942.24
2022-11-18,JP,Osaka,pm25,1181,5.0,114.0,50.0,2290.86
2022-11-18,JP,Miyazaki,pm25,119,5.0,157.0,57.0,5253.44
2022-11-18,JP,Matsuyama,pm25,160,9.0,97.0,53.0,2569.94
2022-11-18,JP,Wakayama,pm25,283,5.0,119.0,50.0,1333.37
2022-11-18,JP,Takamatsu,pm25,239,25.0,93.0,53.0,1172.58
2022-11-18,JP,Nagoya,pm25,785,5.0,87.0,42.0,2054.45
2022-11-18,JP,Ōita,pm25,258,5.0,242.0,61.0,4138.75
2022-11-18,JP,Kobe,pm25,313,5.0,72.0,46.0,1039.11
2022-11-18,JP,Nagano,pm25,69,9.0,147.0,38.0,5685.39
2022-11-18,JP,Utsunomiya,pm25,24,21.0,78.0,38.0,2691.29
2022-11-18,JP,Kagoshima,pm25,93,30.0,61.0,50.0,512.22
2022-11-18,SK,Košice,pm25,95,9.0,63.0,30.0,1529.88
2022-11-18,SK,Bratislava,pm25,96,9.0,85.0,57.0,3232.68
2022-11-18,FI,Vantaa,pm25,24,5.0,21.0,13.0,166.36
2022-11-18,FI,Turku,pm25,24,8.0,15.0,11.0,41.14
2022-11-18,FI,Helsinki,pm25,120,3.0,57.0,12.0,1505.55
2022-11-18,FI,Tampere,pm25,96,3.0,151.0,12.0,3765.05
2022-11-18,ET,Addis Ababa,pm25,24,34.0,144.0,63.0,6344.62
2022-11-18,CH,Zürich,pm25,16,1.0,2.0,1.0,2.5
2022-11-18,CO,Bogotá,pm25,330,5.0,160.0,53.0,6319.97
2022-11-18,CO,Medellín,pm25,289,21.0,99.0,61.0,1324.78
2022-11-18,DK,Copenhagen,pm25,24,14.0,27.0,22.0,138.19
2022-11-18,GB,Edinburgh,pm25,278,1.0,84.0,9.0,1312.06
2022-11-18,GB,Liverpool,pm25,43,9.0,38.0,16.0,447.11
2022-11-18,GB,Belfast,pm25,62,6.0,42.0,25.0,754.83
2022-11-18,GB,Coventry,pm25,47,9.0,45.0,15.0,724.18
2022-11-18,GB,Leeds,pm25,39,8.0,61.0,21.0,1760.28
2022-11-18,GB,Cardiff,pm25,95,9.0,82.0,38.0,3798.68
2022-11-18,GB,Bristol,pm25,67,13.0,63.0,34.0,2054.64
2022-11-18,GB,London,pm25,546,5.0,99.0,25.0,1571.79
2022-11-18,GB,Birmingham,pm25,38,9.0,34.0,17.0,419.74
2022-11-18,GB,Sheffield,pm25,77,8.0,34.0,13.0,379.37
2022-11-18,GB,Newport,pm25,45,5.0,53.0,13.0,1560.1
2022-11-18,GB,Leicester,pm25,19,6.0,27.0,13.0,430.29
2022-11-18,GB,Manchester,pm25,51,10.0,43.0,26.0,963.61
2022-11-18,GB,Reading,pm25,48,9.0,42.0,17.0,509.46
2022-11-18,GB,Plymouth,pm25,30,5.0,69.0,22.0,2434.07
2022-11-18,GB,Glasgow,pm25,565,1.0,42.0,5.0,199.17
2022-11-18,GB,Preston,pm25,46,8.0,37.0,15.0,528.44
2022-11-18,GB,Swansea,pm25,166,5.0,72.0,21.0,1291.02
2022-11-18,GB,Southend-on-Sea,pm25,46,12.0,30.0,15.0,212.66
2022-11-18,ID,Jakarta,pm25,71,17.0,111.0,53.0,3781.9
2022-11-18,ML,Bamako,pm25,12,46.0,251.0,78.0,52502.0
2022-11-18,NP,Kathmandu,pm25,48,85.0,168.0,144.0,5039.78
2022-11-18,NP,Biratnagar,pm25,34,120.0,240.0,151.0,5588.17
2022-11-18,AU,Sydney,pm25,128,1.0,42.0,12.0,513.07
2022-11-18,AU,Newcastle,pm25,128,1.0,48.0,16.0,792.24
2022-11-18,AU,Launceston,pm25,61,5.0,13.0,5.0,29.2
2022-11-18,AU,Hobart,pm25,40,5.0,17.0,5.0,89.33
2022-11-18,AU,Darwin,pm25,61,4.0,62.0,15.0,1780.57
2022-11-18,AU,Melbourne,pm25,157,1.0,57.0,19.0,1561.5
2022-11-18,AU,Canberra,pm25,49,2.0,75.0,18.0,2332.78
2022-11-18,AU,Adelaide,pm25,63,4.0,71.0,9.0,996.3
2022-11-18,AU,Brisbane,pm25,194,3.0,63.0,25.0,1145.38
2022-11-18,AU,Perth,pm25,75,2.0,16.0,4.0,185.59
2022-11-18,AU,Wollongong,pm25,37,1.0,54.0,10.0,2149.19
2022-11-18,CI,Abidjan,pm25,24,9.0,68.0,38.0,2090.14
2022-11-18,GH,Accra,pm25,24,38.0,137.0,57.0,4562.45
2022-11-18,IQ,Baghdad,pm25,24,117.0,172.0,152.0,2690.71
2022-11-18,IS,Reykjavík,pm25,96,2.0,22.0,12.0,412.41
2022-11-18,KG,Bishkek,pm25,24,55.0,164.0,78.0,15465.5
2022-11-18,NL,Utrecht,pm25,48,13.0,65.0,38.0,1904.04
2022-11-18,NL,Nijmegen,pm25,48,2.0,76.0,26.0,2955.25
2022-11-18,NL,Haarlem,pm25,143,1.0,69.0,39.0,1594.31
2022-11-18,NL,Eindhoven,pm25,23,6.0,76.0,30.0,4302.25
2022-11-18,NL,Rotterdam,pm25,192,10.0,58.0,27.0,1206.32
2022-11-18,NL,Amsterdam,pm25,258,3.0,65.0,29.0,1658.33
2022-11-18,NL,Dordrecht,pm25,24,1.0,34.0,21.0,698.24
2022-11-18,NL,Breda,pm25,46,4.0,76.0,31.0,2776.58
2022-11-18,NL,Groningen,pm25,42,3.0,84.0,32.0,2145.27
2022-11-18,NL,Maastricht,pm25,89,5.0,46.0,21.0,938.88
2022-11-18,NL,The Hague,pm25,72,13.0,54.0,26.0,520.28
2022-11-18,PT,Lisbon,pm25,27,8.0,25.0,15.0,208.15
2022-11-18,PT,Funchal,pm25,55,1.0,38.0,16.0,977.29
2022-11-18,CA,Hamilton,pm25,79,13.0,72.0,30.0,1619.6
2022-11-18,CA,Calgary,pm25,86,1.0,54.0,9.0,2029.93
2022-11-18,CA,Winnipeg,pm25,22,15.0,16.0,15.0,2.53
2022-11-18,CA,Halifax,pm25,43,10.0,31.0,13.0,315.51
2022-11-18,CA,Kitchener,pm25,45,13.0,55.0,25.0,1798.62
2022-11-18,CA,Edmonton,pm25,137,4.0,72.0,26.0,1993.27
2022-11-18,CA,Surrey,pm25,92,12.0,71.0,40.0,2214.94
2022-11-18,CA,Mississauga,pm25,59,13.0,46.0,25.0,972.34
2022-11-18,CA,Québec,pm25,182,7.0,70.0,20.0,2162.07
2022-11-18,CA,Vancouver,pm25,161,11.0,77.0,36.0,2015.06
2022-11-18,CA,Victoria,pm25,44,21.0,87.0,53.0,2338.88
2022-11-18,CA,Montréal,pm25,455,6.0,114.0,33.0,3474.77
2022-11-18,CA,Toronto,pm25,128,5.0,65.0,34.0,2056.29
2022-11-18,CA,Ottawa,pm25,61,13.0,35.0,25.0,423.54
2022-11-18,CA,London,pm25,43,9.0,42.0,21.0,932.35
2022-11-18,US,Oklahoma City,pm25,96,12.0,33.0,18.0,123.6
2022-11-18,US,Raleigh,pm25,70,5.0,64.0,30.0,2419.83
2022-11-18,US,Memphis,pm25,71,9.0,59.0,33.0,1351.92
2022-11-18,US,Jackson,pm25,70,2.0,75.0,41.0,3586.78
2022-11-18,US,Boston,pm25,111,9.0,55.0,25.0,805.57
2022-11-18,US,Richmond,pm25,96,21.0,43.0,35.0,376.21
2022-11-18,US,Portland,pm25,158,13.0,52.0,27.0,588.12
2022-11-18,US,Boise,pm25,24,31.0,79.0,58.0,1432.16
2022-11-18,US,Austin,pm25,48,9.0,57.0,34.0,1506.24
2022-11-18,US,Honolulu,pm25,39,5.0,46.0,13.0,818.27
2022-11-18,US,Fresno,pm25,48,51.0,141.0,79.0,4464.18
2022-11-18,US,Milwaukee,pm25,120,15.0,48.0,25.0,442.55
2022-11-18,US,Hartford,pm25,48,15.0,53.0,28.0,1228.07
2022-11-18,US,Washington D.C.,pm25,86,5.0,42.0,30.0,621.29
2022-11-18,US,Chicago,pm25,237,1.0,45.0,22.0,706.57
2022-11-18,US,Houston,pm25,91,5.0,79.0,34.0,1656.57
2022-11-18,US,Indianapolis,pm25,142,9.0,51.0,28.0,885.77
2022-11-18,US,Atlanta,pm25,24,24.0,55.0,48.0,1022.54
2022-11-18,US,Charlotte,pm25,72,9.0,65.0,42.0,1896.59
2022-11-18,US,Sacramento,pm25,71,9.0,149.0,38.0,14014.9
2022-11-18,US,Oakland,pm25,93,13.0,89.0,53.0,1991.33
2022-11-18,US,Providence,pm25,67,5.0,46.0,25.0,1022.84
2022-11-18,US,Staten Island,pm25,72,3.0,62.0,28.0,2829.98
2022-11-18,US,Brooklyn,pm25,144,12.0,54.0,32.0,1347.23
2022-11-18,US,Springfield,pm25,48,14.0,28.0,20.0,120.41
2022-11-18,US,The Bronx,pm25,48,16.0,50.0,24.0,983.76
2022-11-18,US,San Jose,pm25,96,9.0,91.0,46.0,4640.42
2022-11-18,US,Los Angeles,pm25,45,25.0,93.0,55.0,3485.28
2022-11-18,US,Detroit,pm25,168,20.0,84.0,38.0,884.9
2022-11-18,US,Little Rock,pm25,44,3.0,69.0,25.0,3197.95
2022-11-18,US,Baltimore,pm25,46,21.0,53.0,39.0,422.07
2022-11-18,US,Phoenix,pm25,188,4.0,103.0,42.0,5123.3
2022-11-18,US,Omaha,pm25,45,5.0,38.0,17.0,627.0
2022-11-18,US,El Paso,pm25,166,5.0,61.0,30.0,1999.15
2022-11-18,US,Dallas,pm25,21,5.0,68.0,42.0,2789.14
2022-11-18,US,Seattle,pm25,254,9.0,129.0,42.0,4734.76
2022-11-18,US,Manhattan,pm25,72,1.0,53.0,28.0,1490.19
2022-11-18,US,Miami,pm25,92,21.0,37.0,28.0,115.52
2022-11-18,US,Jacksonville,pm25,137,10.0,73.0,44.0,1123.13
2022-11-18,US,San Antonio,pm25,90,5.0,50.0,28.0,1358.13
2022-11-18,US,Philadelphia,pm25,95,13.0,102.0,43.0,3279.5
2022-11-18,US,San Diego,pm25,21,28.0,78.0,38.0,2938.48
2022-11-18,US,Columbus,pm25,48,18.0,64.0,33.0,2941.06
2022-11-18,US,Saint Paul,pm25,140,5.0,49.0,21.0,337.24
2022-11-18,US,Denver,pm25,151,9.0,74.0,30.0,2497.65
2022-11-18,US,Salt Lake City,pm25,216,10.0,60.0,39.0,1317.46
2022-11-18,US,Albuquerque,pm25,48,18.0,55.0,34.0,949.72
2022-11-18,US,San Francisco,pm25,72,17.0,74.0,42.0,1862.15
2022-11-18,US,Salem,pm25,72,20.0,75.0,33.0,979.78
2022-11-18,US,Madison,pm25,48,13.0,36.0,21.0,269.78
2022-11-18,US,Nashville,pm25,94,5.0,72.0,42.0,2267.74
2022-11-18,US,Tucson,pm25,164,5.0,102.0,25.0,3551.26
2022-11-18,US,Queens,pm25,94,11.0,58.0,34.0,1442.53
2022-11-18,US,Tallahassee,pm25,68,11.0,111.0,40.0,5092.77
2022-11-18,US,Fort Worth,pm25,43,5.0,46.0,21.0,1117.07
2022-11-18,RS,Novi Sad,pm25,48,28.0,146.0,70.0,11961.1
2022-11-18,RS,Niš,pm25,48,83.0,194.0,134.0,7457.55
2022-11-18,RS,Belgrade,pm25,168,23.0,156.0,89.0,9997.81
2022-11-18,CY,Nicosia,pm25,23,10.0,87.0,57.0,3081.19
2022-11-18,CY,Limassol,pm25,24,6.0,70.0,26.0,3286.01
2022-11-18,HR,Zagreb,pm25,24,57.0,90.0,67.0,1000.85
2022-11-18,HR,Rijeka,pm25,72,3.0,74.0,12.0,1610.69
2022-11-18,MK,Skopje,pm25,120,30.0,179.0,117.0,14302.2
2022-11-19,GE,Tbilisi,pm25,96,53.0,97.0,63.0,753.25
2022-11-19,JP,Fukuoka,pm25,405,25.0,102.0,59.0,754.61
2022-11-19,JP,Kanazawa,pm25,235,5.0,61.0,34.0,1557.8
2022-11-19,JP,Kumamoto,pm25,370,5.0,82.0,46.0,2787.98
2022-11-19,JP,Akita,pm25,44,5.0,65.0,46.0,2238.83
2022-11-19,JP,Kochi,pm25,48,17.0,68.0,42.0,1547.22
2022-11-19,JP,Gifu-shi,pm25,184,5.0,127.0,38.0,4510.39
2022-11-19,JP,Kyoto,pm25,572,5.0,91.0,53.0,1645.5
2022-11-19,JP,Hiroshima,pm25,318,5.0,184.0,46.0,3082.98
2022-11-19,JP,Shizuoka,pm25,247,5.0,87.0,38.0,2461.36
2022-11-19,JP,Chiba,pm25,784,5.0,109.0,50.0,2530.83
2022-11-19,JP,Sapporo,pm25,209,5.0,61.0,21.0,1070.21
2022-11-19,JP,Yokohama,pm25,383,1.0,74.0,46.0,1971.76
2022-11-19,JP,Tokyo,pm25,2317,1.0,127.0,50.0,1285.91
2022-11-19,JP,Saitama,pm25,479,5.0,102.0,55.0,1493.52
2022-11-19,JP,Naha,pm25,144,5.0,38.0,17.0,298.27
2022-11-19,JP,Nagasaki,pm25,191,13.0,82.0,55.0,1293.89
2022-11-19,JP,Toyama,pm25,186,5.0,78.0,38.0,1917.57
2022-11-19,JP,Niigata,pm25,166,17.0,74.0,42.0,980.55
2022-11-19,JP,Nara-shi,pm25,188,9.0,109.0,57.0,1504.41
2022-11-19,JP,Okayama,pm25,285,21.0,158.0,59.0,6429.16
2022-11-19,JP,Sendai,pm25,467,9.0,61.0,34.0,1442.8
2022-11-19,JP,Osaka,pm25,953,5.0,144.0,50.0,2217.86
2022-11-19,JP,Miyazaki,pm25,116,9.0,97.0,38.0,3050.92
2022-11-19,JP,Matsuyama,pm25,162,5.0,78.0,46.0,2287.36
2022-11-19,JP,Wakayama,pm25,287,17.0,119.0,50.0,1579.46
2022-11-19,JP,Takamatsu,pm25,239,5.0,104.0,46.0,1918.16
2022-11-19,JP,Nagoya,pm25,786,13.0,122.0,46.0,3032.35
2022-11-19,JP,Ōita,pm25,259,5.0,104.0,53.0,3407.38
2022-11-19,JP,Nagano,pm25,71,17.0,107.0,50.0,4039.26
2022-11-19,JP,Utsunomiya,pm25,24,50.0,99.0,63.0,1429.84
2022-11-19,JP,Kagoshima,pm25,96,17.0,55.0,34.0,1248.76
2022-11-19,SK,Košice,pm25,96,25.0,119.0,57.0,2331.89
2022-11-19,SK,Bratislava,pm25,96,42.0,78.0,61.0,671.01
2022-11-19,FI,Vantaa,pm25,24,8.0,17.0,12.0,69.49
2022-11-19,FI,Turku,pm25,24,4.0,17.0,10.0,108.62
2022-11-19,FI,Helsinki,pm25,118,6.0,50.0,10.0,1092.35
2022-11-19,FI,Tampere,pm25,94,2.0,35.0,8.0,467.08
2022-11-19,ET,Addis Ababa,pm25,24,38.0,169.0,65.0,9920.42
2022-11-19,CH,Zürich,pm25,23,1.0,4.0,2.0,6.8
2022-11-19,CO,Bogotá,pm25,329,2.0,248.0,54.0,7633.91
2022-11-19,CO,Medellín,pm25,266,17.0,99.0,65.0,2101.1
2022-11-19,DK,Copenhagen,pm25,24,10.0,25.0,16.0,197.1
2022-11-19,GB,Edinburgh,pm25,274,1.0,65.0,9.0,564.04
2022-11-19,GB,Liverpool,pm25,41,13.0,54.0,26.0,1211.06
2022-11-19,GB,Belfast,pm25,52,19.0,43.0,25.0,186.85
2022-11-19,GB,Coventry,pm25,69,19.0,61.0,27.0,1488.43
2022-11-19,GB,Leeds,pm25,42,13.0,59.0,30.0,1610.36
2022-11-19,GB,Cardiff,pm25,96,13.0,169.0,50.0,6190.05
2022-11-19,GB,Bristol,pm25,70,21.0,82.0,50.0,3022.77
2022-11-19,GB,London,pm25,571,5.0,135.0,30.0,3724.13
2022-11-19,GB,Birmingham,pm25,48,17.0,63.0,26.0,1576.88
2022-11-19,GB,Sheffield,pm25,76,6.0,72.0,19.0,3580.38
2022-11-19,GB,Newport,pm25,47,17.0,72.0,34.0,1656.26
2022-11-19,GB,Leicester,pm25,24,25.0,66.0,31.0,1955.65
2022-11-19,GB,Manchester,pm25,84,24.0,70.0,38.0,1830.34
2022-11-19,GB,Reading,pm25,48,9.0,102.0,21.0,8483.29
2022-11-19,GB,Plymouth,pm25,33,5.0,69.0,17.0,2833.43
2022-11-19,GB,Glasgow,pm25,570,2.0,51.0,14.0,464.53
2022-11-19,GB,Preston,pm25,46,12.0,57.0,28.0,1204.22
2022-11-19,GB,Swansea,pm25,132,5.0,85.0,25.0,2778.6
2022-11-19,GB,Southend-on-Sea,pm25,48,17.0,69.0,25.0,2863.81
2022-11-19,ID,Jakarta,pm25,71,21.0,152.0,70.0,5892.42
2022-11-19,ML,Bamako,pm25,24,53.0,194.0,95.0,14920.6
2022-11-19,NP,Kathmandu,pm25,48,76.0,170.0,151.0,8205.25
2022-11-19,AU,Sydney,pm25,130,1.0,72.0,15.0,880.48
2022-11-19,AU,Newcastle,pm25,134,1.0,74.0,21.0,1574.36
2022-11-19,AU,Launceston,pm25,63,5.0,34.0,5.0,255.62
2022-11-19,AU,Hobart,pm25,21,5.0,9.0,5.0,7.62
2022-11-19,AU,Darwin,pm25,44,3.0,27.0,10.0,300.57
2022-11-19,AU,Melbourne,pm25,148,1.0,44.0,17.0,1105.76
2022-11-19,AU,Canberra,pm25,57,1.0,58.0,16.0,2680.98
2022-11-19,AU,Adelaide,pm25,74,1.0,43.0,13.0,1187.96
2022-11-19,AU,Brisbane,pm25,192,7.0,61.0,28.0,1142.06
2022-11-19,AU,Perth,pm25,80,2.0,15.0,4.0,156.96
2022-11-19,AU,Wollongong,pm25,40,2.0,56.0,20.0,1754.1
2022-11-19,CI,Abidjan,pm25,24,21.0,153.0,80.0,15679.1
2022-11-19,GH,Accra,pm25,24,42.0,119.0,61.0,5365.8
2022-11-19,IQ,Baghdad,pm25,24,87.0,191.0,149.0,8467.54
2022-11-19,IS,Reykjavík,pm25,96,5.0,35.0,11.0,585.46
2022-11-19,KG,Bishkek,pm25,24,59.0,160.0,114.0,10616.2
2022-11-19,NL,Utrecht,pm25,48,32.0,88.0,58.0,1548.15
2022-11-19,NL,Nijmegen,pm25,48,28.0,77.0,54.0,1151.47
2022-11-19,NL,Haarlem,pm25,127,11.0,81.0,55.0,2124.03
2022-11-19,NL,Eindhoven,pm25,24,38.0,80.0,59.0,1331.52
2022-11-19,NL,Rotterdam,pm25,192,31.0,76.0,56.0,861.97
2022-11-19,NL,Amsterdam,pm25,261,5.0,74.0,48.0,2095.87
2022-11-19,NL,Dordrecht,pm25,24,26.0,72.0,53.0,1450.65
2022-11-19,NL,Breda,pm25,48,18.0,85.0,54.0,2354.61
2022-11-19,NL,Groningen,pm25,48,1.0,97.0,29.0,5766.17
2022-11-19,NL,Maastricht,pm25,93,13.0,95.0,57.0,3155.11
2022-11-19,NL,The Hague,pm25,66,21.0,77.0,55.0,1778.43
2022-11-19,PT,Lisbon,pm25,3,9.0,9.0,9.0,0.0
2022-11-19,PT,Funchal,pm25,52,1.0,22.0,10.0,249.81
2022-11-19,CA,Hamilton,pm25,79,9.0,34.0,21.0,436.66
2022-11-19,CA,Calgary,pm25,91,7.0,53.0,18.0,1219.75
2022-11-19,CA,Winnipeg,pm25,9,15.0,15.0,15.0,0.0
2022-11-19,CA,Halifax,pm25,46,14.0,56.0,18.0,592.73
2022-11-19,CA,Kitchener,pm25,43,13.0,34.0,21.0,278.76
2022-11-19,CA,Edmonton,pm25,138,6.0,62.0,23.0,2166.86
2022-11-19,CA,Surrey,pm25,92,13.0,151.0,48.0,4368.23
2022-11-19,CA,Mississauga,pm25,64,9.0,42.0,21.0,504.32
2022-11-19,CA,Québec,pm25,190,9.0,110.0,44.0,3909.81
2022-11-19,CA,Vancouver,pm25,162,8.0,106.0,35.0,3100.31
2022-11-19,CA,Victoria,pm25,48,17.0,104.0,53.0,3209.25
2022-11-19,CA,Montréal,pm25,382,18.0,83.0,38.0,2409.52
2022-11-19,CA,Toronto,pm25,131,9.0,38.0,21.0,389.12
2022-11-19,CA,Ottawa,pm25,67,21.0,58.0,38.0,995.4
2022-11-19,CA,London,pm25,39,13.0,30.0,21.0,177.13
2022-11-19,US,Oklahoma City,pm25,96,15.0,83.0,22.0,2159.84
2022-11-19,US,Raleigh,pm25,72,9.0,92.0,46.0,2830.51
2022-11-19,US,Memphis,pm25,72,16.0,73.0,25.0,884.55
2022-11-19,US,Jackson,pm25,72,15.0,65.0,39.0,613.86
2022-11-19,US,Boston,pm25,140,9.0,63.0,42.0,882.05
2022-11-19,US,Richmond,pm25,96,22.0,54.0,34.0,808.1
2022-11-19,US,Portland,pm25,191,21.0,107.0,40.0,1390.28
2022-11-19,US,Boise,pm25,24,17.0,112.0,39.0,5632.1
2022-11-19,US,Austin,pm25,45,5.0,53.0,21.0,1396.18
2022-11-19,US,Honolulu,pm25,35,5.0,38.0,13.0,1000.45
2022-11-19,US,Fresno,pm25,48,63.0,154.0,108.0,6565.8
2022-11-19,US,Milwaukee,pm25,120,8.0,42.0,26.0,670.83
2022-11-19,US,Hartford,pm25,48,23.0,60.0,40.0,1038.79
2022-11-19,US,Washington D.C.,pm25,71,5.0,52.0,32.0,817.68
2022-11-19,US,Chicago,pm25,229,2.0,42.0,24.0,684.14
2022-11-19,US,Houston,pm25,96,7.0,59.0,41.0,1265.08
2022-11-19,US,Indianapolis,pm25,144,5.0,52.0,29.0,527.63
2022-11-19,US,Atlanta,pm25,24,29.0,61.0,44.0,1045.92
2022-11-19,US,Charlotte,pm25,72,9.0,68.0,38.0,2619.12
2022-11-19,US,Sacramento,pm25,68,5.0,159.0,21.0,6953.7
2022-11-19,US,Oakland,pm25,95,5.0,91.0,25.0,3584.31
2022-11-19,US,Providence,pm25,71,9.0,55.0,38.0,1658.62
2022-11-19,US,Staten Island,pm25,71,5.0,53.0,28.0,1346.09
2022-11-19,US,Brooklyn,pm25,143,5.0,52.0,30.0,1118.07
2022-11-19,US,Springfield,pm25,48,18.0,36.0,23.0,119.68
2022-11-19,US,The Bronx,pm25,48,9.0,40.0,20.0,668.86
2022-11-19,US,San Jose,pm25,92,5.0,99.0,30.0,5774.79
2022-11-19,US,Los Angeles,pm25,48,9.0,117.0,53.0,9881.68
2022-11-19,US,Detroit,pm25,168,21.0,127.0,35.0,1116.7
2022-11-19,US,Little Rock,pm25,46,3.0,75.0,18.0,2129.31
2022-11-19,US,Baltimore,pm25,48,21.0,95.0,30.0,2852.87
2022-11-19,US,Phoenix,pm25,191,5.0,147.0,55.0,12380.8
2022-11-19,US,Omaha,pm25,46,5.0,55.0,25.0,1716.43
2022-11-19,US,El Paso,pm25,166,4.0,64.0,25.0,1437.5
2022-11-19,US,Dallas,pm25,24,9.0,70.0,25.0,2158.68
2022-11-19,US,Seattle,pm25,263,21.0,109.0,61.0,3789.08
2022-11-19,US,Manhattan,pm25,72,6.0,60.0,23.0,1265.25
2022-11-19,US,Miami,pm25,92,18.0,31.0,24.0,118.95
2022-11-19,US,Jacksonville,pm25,120,31.0,80.0,48.0,488.88
2022-11-19,US,San Antonio,pm25,95,9.0,52.0,30.0,1235.42
2022-11-19,US,Philadelphia,pm25,94,3.0,110.0,35.0,3103.9
2022-11-19,US,San Diego,pm25,24,16.0,84.0,52.0,4738.19
2022-11-19,US,Columbus,pm25,48,14.0,49.0,29.0,705.09
2022-11-19,US,Saint Paul,pm25,139,5.0,44.0,15.0,524.05
2022-11-19,US,Denver,pm25,157,9.0,61.0,30.0,1917.62
2022-11-19,US,Salt Lake City,pm25,216,9.0,82.0,35.0,1282.29
2022-11-19,US,Albuquerque,pm25,48,18.0,55.0,35.0,1056.38
2022-11-19,US,San Francisco,pm25,67,5.0,65.0,25.0,2480.11
2022-11-19,US,Salem,pm25,72,35.0,138.0,53.0,8486.69
2022-11-19,US,Madison,pm25,48,13.0,31.0,24.0,214.78
2022-11-19,US,Nashville,pm25,90,3.0,63.0,28.0,1969.77
2022-11-19,US,Tucson,pm25,166,5.0,82.0,34.0,2503.67
2022-11-19,US,Queens,pm25,96,5.0,53.0,27.0,1406.37
2022-11-19,US,Tallahassee,pm25,72,18.0,115.0,50.0,4017.46
2022-11-19,US,Fort Worth,pm25,39,1.0,85.0,17.0,3954.99
2022-11-19,RS,Novi Sad,pm25,48,42.0,75.0,59.0,823.24
2022-11-19,RS,Niš,pm25,48,40.0,119.0,60.0,6102.87
2022-11-19,RS,Belgrade,pm25,168,23.0,117.0,63.0,4560.08
2022-11-19,CY,Nicosia,pm25,24,19.0,98.0,50.0,3704.33
2022-11-19,CY,Limassol,pm25,24,20.0,139.0,28.0,7012.97
2022-11-19,HR,Zagreb,pm25,24,58.0,96.0,74.0,1243.7
2022-11-19,HR,Rijeka,pm25,72,2.0,53.0,7.0,648.89
2022-11-19,MK,Skopje,pm25,119,1.0,167.0,112.0,13921.4
2022-11-20,GE,Tbilisi,pm25,96,59.0,126.0,67.0,5316.1
2022-11-20,JP,Fukuoka,pm25,401,5.0,99.0,46.0,1545.11
2022-11-20,JP,Kanazawa,pm25,227,5.0,59.0,25.0,1029.77
2022-11-20,JP,Kumamoto,pm25,360,5.0,129.0,50.0,4137.38
2022-11-20,JP,Akita,pm25,37,5.0,59.0,30.0,1957.45
2022-11-20,JP,Kochi,pm25,46,5.0,53.0,25.0,1517.36
2022-11-20,JP,Gifu-shi,pm25,178,5.0,70.0,34.0,2354.89
2022-11-20,JP,Kyoto,pm25,568,5.0,72.0,42.0,2249.36
2022-11-20,JP,Hiroshima,pm25,327,9.0,91.0,53.0,2084.98
2022-11-20,JP,Shizuoka,pm25,250,5.0,85.0,38.0,2804.86
2022-11-20,JP,Chiba,pm25,781,5.0,134.0,55.0,2710.32
2022-11-20,JP,Sapporo,pm25,200,5.0,53.0,17.0,740.14
2022-11-20,JP,Yokohama,pm25,383,1.0,72.0,46.0,2425.27
2022-11-20,JP,Tokyo,pm25,2337,1.0,112.0,57.0,1325.71
2022-11-20,JP,Saitama,pm25,478,21.0,104.0,61.0,1983.54
2022-11-20,JP,Naha,pm25,136,13.0,38.0,21.0,424.28
2022-11-20,JP,Nagasaki,pm25,187,9.0,72.0,46.0,1410.02
2022-11-20,JP,Toyama,pm25,179,5.0,72.0,34.0,2132.41
2022-11-20,JP,Niigata,pm25,165,13.0,57.0,34.0,857.18
2022-11-20,JP,Nara-shi,pm25,181,5.0,72.0,38.0,3877.82
2022-11-20,JP,Okayama,pm25,286,21.0,102.0,57.0,1547.09
2022-11-20,JP,Sendai,pm25,473,5.0,61.0,30.0,1054.7
2022-11-20,JP,Osaka,pm25,1117,5.0,91.0,30.0,2881.54
2022-11-20,JP,Miyazaki,pm25,107,5.0,137.0,34.0,3973.49
2022-11-20,JP,Matsuyama,pm25,159,9.0,91.0,50.0,2696.38
2022-11-20,JP,Wakayama,pm25,280,5.0,65.0,34.0,1777.37
2022-11-20,JP,Takamatsu,pm25,240,13.0,170.0,42.0,2238.61
2022-11-20,JP,Nagoya,pm25,786,5.0,95.0,42.0,2347.64
2022-11-20,JP,Ōita,pm25,253,5.0,97.0,50.0,2766.53
2022-11-20,JP,Kobe,pm25,251,5.0,59.0,25.0,1396.89
2022-11-20,JP,Nagano,pm25,62,9.0,61.0,42.0,1194.33
2022-11-20,JP,Utsunomiya,pm25,24,42.0,119.0,61.0,5989.49
2022-11-20,JP,Kagoshima,pm25,93,9.0,74.0,30.0,1866.5
2022-11-20,SK,Košice,pm25,96,50.0,173.0,78.0,6807.72
2022-11-20,SK,Bratislava,pm25,94,63.0,97.0,76.0,718.0
2022-11-20,FI,Vantaa,pm25,24,5.0,35.0,14.0,718.19
2022-11-20,FI,Turku,pm25,24,3.0,25.0,8.0,419.71
2022-11-20,FI,Helsinki,pm25,118,4.0,32.0,13.0,475.66
2022-11-20,FI,Tampere,pm25,95,1.0,44.0,8.0,609.76
2022-11-20,ET,Addis Ababa,pm25,24,5.0,127.0,57.0,4456.52
2022-11-20,CH,Zürich,pm25,19,1.0,2.0,1.0,1.4
2022-11-20,CO,Bogotá,pm25,330,5.0,162.0,55.0,5173.03
2022-11-20,CO,Medellín,pm25,262,42.0,95.0,68.0,1225.47
2022-11-20,DK,Copenhagen,pm25,24,15.0,58.0,21.0,1522.16
2022-11-20,GB,Edinburgh,pm25,274,3.0,53.0,12.0,991.36
2022-11-20,GB,Liverpool,pm25,34,17.0,46.0,30.0,453.77
2022-11-20,GB,Belfast,pm25,46,12.0,66.0,26.0,1371.77
2022-11-20,GB,Coventry,pm25,47,22.0,57.0,34.0,419.83
2022-11-20,GB,Leeds,pm25,36,34.0,76.0,50.0,907.07
2022-11-20,GB,Cardiff,pm25,96,13.0,85.0,42.0,3281.75
2022-11-20,GB,Bristol,pm25,70,21.0,68.0,34.0,1365.92
2022-11-20,GB,London,pm25,578,5.0,81.0,33.0,2253.98
2022-11-20,GB,Birmingham,pm25,26,25.0,48.0,30.0,371.46
2022-11-20,GB,Sheffield,pm25,60,30.0,69.0,42.0,1053.68
2022-11-20,GB,Newport,pm25,47,8.0,63.0,30.0,2596.51
2022-11-20,GB,Leicester,pm25,14,28.0,55.0,38.0,549.01
2022-11-20,GB,Manchester,pm25,84,10.0,57.0,33.0,1537.08
2022-11-20,GB,Reading,pm25,48,9.0,76.0,30.0,3263.29
2022-11-20,GB,Plymouth,pm25,45,5.0,59.0,25.0,2520.0
2022-11-20,GB,Glasgow,pm25,569,1.0,125.0,11.0,1930.96
2022-11-20,GB,Preston,pm25,41,16.0,45.0,30.0,474.26
2022-11-20,GB,Swansea,pm25,138,5.0,74.0,25.0,2827.79
2022-11-20,GB,Southend-on-Sea,pm25,39,13.0,72.0,35.0,1917.3
2022-11-20,ID,Jakarta,pm25,70,9.0,95.0,38.0,4354.46
2022-11-20,ML,Bamako,pm25,24,70.0,220.0,97.0,21845.5
2022-11-20,NP,Kathmandu,pm25,48,68.0,159.0,127.0,8811.17
2022-11-20,AU,Sydney,pm25,129,1.0,39.0,16.0,858.5
2022-11-20,AU,Newcastle,pm25,126,2.0,67.0,17.0,1551.71
2022-11-20,AU,Launceston,pm25,55,5.0,13.0,5.0,26.18
2022-11-20,AU,Hobart,pm25,13,5.0,5.0,5.0,0.0
2022-11-20,AU,Darwin,pm25,41,1.0,26.0,9.0,273.26
2022-11-20,AU,Melbourne,pm25,138,1.0,52.0,16.0,1478.47
2022-11-20,AU,Canberra,pm25,48,1.0,65.0,19.0,2514.89
2022-11-20,AU,Adelaide,pm25,95,1.0,38.0,21.0,502.55
2022-11-20,AU,Brisbane,pm25,192,8.0,67.0,31.0,1599.95
2022-11-20,AU,Perth,pm25,80,2.0,14.0,5.0,156.96
2022-11-20,AU,Wollongong,pm25,40,1.0,56.0,24.0,1588.21
2022-11-20,CI,Abidjan,pm25,24,30.0,127.0,57.0,3781.58
2022-11-20,GH,Accra,pm25,24,21.0,129.0,68.0,5923.46
2022-11-20,IQ,Baghdad,pm25,24,68.0,117.0,85.0,1715.2
2022-11-20,IS,Reykjavík,pm25,96,6.0,49.0,16.0,554.73
2022-11-20,KG,Bishkek,pm25,24,57.0,179.0,70.0,13051.0
2022-11-20,NL,Utrecht,pm25,48,44.0,99.0,78.0,1239.32
2022-11-20,NL,Nijmegen,pm25,48,48.0,97.0,71.0,799.79
2022-11-20,NL,Haarlem,pm25,120,12.0,106.0,70.0,2378.23
2022-11-20,NL,Eindhoven,pm25,24,31.0,85.0,62.0,2362.59
2022-11-20,NL,Rotterdam,pm25,192,28.0,104.0,65.0,1244.46
2022-11-20,NL,Amsterdam,pm25,262,28.0,99.0,65.0,1464.42
2022-11-20,NL,Dordrecht,pm25,24,10.0,80.0,55.0,3088.41
2022-11-20,NL,Breda,pm25,48,8.0,90.0,61.0,2990.81
2022-11-20,NL,Groningen,pm25,48,24.0,68.0,49.0,1099.75
2022-11-20,NL,Maastricht,pm25,95,5.0,102.0,57.0,5008.27
2022-11-20,NL,The Hague,pm25,72,26.0,91.0,64.0,2304.23
2022-11-20,PT,Lisbon,pm25,12,13.0,30.0,22.0,326.97
2022-11-20,PT,Funchal,pm25,40,1.0,58.0,14.0,1936.51
2022-11-20,CA,Hamilton,pm25,53,5.0,34.0,13.0,680.52
2022-11-20,CA,Calgary,pm25,73,8.0,78.0,24.0,3438.07
2022-11-20,CA,Winnipeg,pm25,22,16.0,38.0,19.0,719.74
2022-11-20,CA,Halifax,pm25,46,15.0,27.0,20.0,78.42
2022-11-20,CA,Kitchener,pm25,33,9.0,25.0,13.0,117.58
2022-11-20,CA,Edmonton,pm25,137,7.0,112.0,25.0,1856.54
2022-11-20,CA,Surrey,pm25,96,23.0,83.0,52.0,1749.57
2022-11-20,CA,Mississauga,pm25,52,5.0,25.0,9.0,297.07
2022-11-20,CA,Québec,pm25,177,9.0,92.0,31.0,2315.12
2022-11-20,CA,Vancouver,pm25,168,9.0,76.0,42.0,2341.13
2022-11-20,CA,Victoria,pm25,48,21.0,99.0,63.0,2635.67
2022-11-20,CA,Montréal,pm25,367,3.0,35.0,21.0,700.05
2022-11-20,CA,Toronto,pm25,81,5.0,34.0,17.0,590.28
2022-11-20,CA,Ottawa,pm25,61,9.0,38.0,17.0,799.19
2022-11-20,CA,London,pm25,34,9.0,21.0,13.0,133.62
2022-11-20,US,Oklahoma City,pm25,96,16.0,107.0,28.0,5071.84
2022-11-20,US,Raleigh,pm25,64,5.0,60.0,21.0,2723.95
2022-11-20,US,Memphis,pm25,71,13.0,62.0,33.0,1419.78
2022-11-20,US,Jackson,pm25,72,1.0,56.0,27.0,1594.58
2022-11-20,US,Boston,pm25,124,9.0,68.0,30.0,3432.08
2022-11-20,US,Richmond,pm25,96,16.0,52.0,23.0,726.92
2022-11-20,US,Portland,pm25,190,30.0,152.0,54.0,6527.61
2022-11-20,US,Boise,pm25,23,1.0,121.0,31.0,10796.2
2022-11-20,US,Austin,pm25,47,5.0,46.0,25.0,1144.73
2022-11-20,US,Honolulu,pm25,43,5.0,38.0,13.0,762.96
2022-11-20,US,Fresno,pm25,48,26.0,156.0,81.0,11735.7
2022-11-20,US,Milwaukee,pm25,116,11.0,53.0,22.0,1074.37
2022-11-20,US,Hartford,pm25,48,5.0,65.0,20.0,4033.88
2022-11-20,US,Washington D.C.,pm25,69,5.0,61.0,26.0,1132.77
2022-11-20,US,Chicago,pm25,226,2.0,47.0,17.0,651.75
2022-11-20,US,Houston,pm25,96,5.0,65.0,36.0,1454.1
2022-11-20,US,Indianapolis,pm25,142,5.0,91.0,18.0,1526.13
2022-11-20,US,Atlanta,pm25,24,20.0,55.0,26.0,921.29
2022-11-20,US,Charlotte,pm25,71,5.0,97.0,25.0,3509.67
2022-11-20,US,Sacramento,pm25,72,8.0,161.0,55.0,18313.4
2022-11-20,US,Oakland,pm25,96,9.0,144.0,57.0,4003.03
2022-11-20,US,Providence,pm25,67,5.0,74.0,25.0,2910.39
2022-11-20,US,Staten Island,pm25,72,5.0,58.0,25.0,1961.25
2022-11-20,US,Brooklyn,pm25,141,1.0,76.0,27.0,1437.75
2022-11-20,US,Springfield,pm25,48,14.0,40.0,29.0,412.75
2022-11-20,US,The Bronx,pm25,48,9.0,76.0,26.0,1655.32
2022-11-20,US,San Jose,pm25,95,5.0,114.0,53.0,7476.7
2022-11-20,US,Los Angeles,pm25,48,6.0,101.0,43.0,4929.64
2022-11-20,US,Detroit,pm25,168,11.0,61.0,25.0,1039.47
2022-11-20,US,Little Rock,pm25,46,8.0,99.0,24.0,2885.55
2022-11-20,US,Baltimore,pm25,48,20.0,80.0,26.0,1394.31
2022-11-20,US,Phoenix,pm25,190,4.0,127.0,24.0,7524.78
2022-11-20,US,Omaha,pm25,42,5.0,46.0,21.0,926.74
2022-11-20,US,El Paso,pm25,164,5.0,169.0,34.0,4311.79
2022-11-20,US,Dallas,pm25,22,21.0,97.0,57.0,5656.88
2022-11-20,US,Seattle,pm25,262,23.0,240.0,74.0,5730.85
2022-11-20,US,Manhattan,pm25,69,1.0,53.0,24.0,1156.59
2022-11-20,US,Miami,pm25,94,6.0,32.0,23.0,316.89
2022-11-20,US,Jacksonville,pm25,120,28.0,55.0,43.0,445.68
2022-11-20,US,San Antonio,pm25,91,8.0,53.0,21.0,815.86
2022-11-20,US,Philadelphia,pm25,96,2.0,131.0,25.0,5667.26
2022-11-20,US,San Diego,pm25,24,15.0,73.0,54.0,4121.96
2022-11-20,US,Columbus,pm25,48,5.0,51.0,22.0,699.64
2022-11-20,US,Saint Paul,pm25,142,5.0,80.0,26.0,1567.34
2022-11-20,US,Denver,pm25,160,5.0,80.0,34.0,3106.36
2022-11-20,US,Salt Lake City,pm25,216,32.0,98.0,62.0,2039.95
2022-11-20,US,Albuquerque,pm25,48,15.0,64.0,26.0,1574.14
2022-11-20,US,San Francisco,pm25,72,5.0,65.0,42.0,2023.84
2022-11-20,US,Salem,pm25,72,63.0,163.0,91.0,5523.35
2022-11-20,US,Madison,pm25,42,15.0,35.0,18.0,488.81
2022-11-20,US,Nashville,pm25,93,5.0,106.0,27.0,3346.19
2022-11-20,US,Tucson,pm25,168,5.0,124.0,25.0,3052.04
2022-11-20,US,Queens,pm25,96,8.0,57.0,24.0,1016.45
2022-11-20,US,Tallahassee,pm25,67,23.0,62.0,33.0,965.14
2022-11-20,US,Fort Worth,pm25,47,2.0,73.0,34.0,2966.02
2022-11-20,RS,Novi Sad,pm25,48,46.0,136.0,69.0,3215.67
2022-11-20,RS,Niš,pm25,48,17.0,161.0,75.0,13491.8
2022-11-20,RS,Belgrade,pm25,168,13.0,206.0,59.0,4057.66
2022-11-20,CY,Nicosia,pm25,24,26.0,99.0,48.0,6497.81
2022-11-20,CY,Limassol,pm25,24,15.0,65.0,40.0,1877.97
2022-11-20,HR,Zagreb,pm25,24,9.0,112.0,65.0,8931.88
2022-11-20,HR,Rijeka,pm25,72,1.0,29.0,3.0,244.76
2022-11-20,MK,Skopje,pm25,118,1.0,156.0,49.0,6949.98
2022-11-21,GE,Tbilisi,pm25,96,57.0,155.0,93.0,8161.79
2022-11-21,JP,Fukuoka,pm25,377,5.0,95.0,38.0,1465.51
2022-11-21,JP,Kanazawa,pm25,186,5.0,50.0,17.0,896.03
2022-11-21,JP,Kumamoto,pm25,374,9.0,104.0,53.0,2237.09
2022-11-21,JP,Akita,pm25,40,5.0,76.0,25.0,2600.62
2022-11-21,JP,Kochi,pm25,48,5.0,63.0,38.0,1571.63
2022-11-21,JP,Gifu-shi,pm25,172,5.0,68.0,21.0,2142.36
2022-11-21,JP,Kyoto,pm25,559,5.0,65.0,25.0,2065.05
2022-11-21,JP,Hiroshima,pm25,306,5.0,91.0,42.0,1864.8
2022-11-21,JP,Shizuoka,pm25,211,5.0,53.0,17.0,1278.6
2022-11-21,JP,Chiba,pm25,748,5.0,76.0,30.0,2045.74
2022-11-21,JP,Sapporo,pm25,199,5.0,57.0,25.0,1679.46
2022-11-21,JP,Yokohama,pm25,473,1.0,61.0,21.0,2201.29
2022-11-21,JP,Tokyo,pm25,2401,1.0,78.0,25.0,2554.28
2022-11-21,JP,Saitama,pm25,463,5.0,68.0,25.0,2007.22
2022-11-21,JP,Naha,pm25,144,9.0,53.0,21.0,291.15
2022-11-21,JP,Nagasaki,pm25,182,5.0,55.0,30.0,920.02
2022-11-21,JP,Toyama,pm25,168,5.0,59.0,17.0,1315.39
2022-11-21,JP,Niigata,pm25,179,5.0,42.0,17.0,517.63
2022-11-21,JP,Nara-shi,pm25,178,5.0,57.0,17.0,1365.99
2022-11-21,JP,Okayama,pm25,262,5.0,80.0,50.0,2080.44
2022-11-21,JP,Sendai,pm25,440,5.0,70.0,21.0,830.61
2022-11-21,JP,Osaka,pm25,1171,5.0,76.0,21.0,2179.51
2022-11-21,JP,Miyazaki,pm25,112,17.0,155.0,57.0,4593.51
2022-11-21,JP,Matsuyama,pm25,160,9.0,80.0,53.0,2385.85
2022-11-21,JP,Wakayama,pm25,267,5.0,72.0,21.0,1484.46
2022-11-21,JP,Takamatsu,pm25,228,13.0,76.0,50.0,1950.08
2022-11-21,JP,Nagoya,pm25,725,5.0,59.0,21.0,1027.83
2022-11-21,JP,Ōita,pm25,257,5.0,70.0,42.0,2148.73
2022-11-21,JP,Kobe,pm25,395,5.0,61.0,25.0,2247.68
2022-11-21,JP,Nagano,pm25,55,5.0,50.0,21.0,1398.84
2022-11-21,JP,Utsunomiya,pm25,21,17.0,65.0,34.0,1448.57
2022-11-21,JP,Kagoshima,pm25,95,38.0,70.0,57.0,393.71
2022-11-21,SK,Košice,pm25,96,53.0,159.0,95.0,7008.59
2022-11-21,SK,Bratislava,pm25,94,21.0,117.0,57.0,5456.7
2022-11-21,FI,Vantaa,pm25,24,20.0,35.0,26.0,157.32
2022-11-21,FI,Turku,pm25,24,16.0,30.0,20.0,143.46
2022-11-21,FI,Helsinki,pm25,120,16.0,51.0,25.0,269.74
2022-11-21,FI,Tampere,pm25,96,11.0,44.0,22.0,552.33
2022-11-21,ET,Addis Ababa,pm25,24,17.0,305.0,61.0,46425.5
2022-11-21,CH,Zürich,pm25,12,1.0,3.0,1.0,8.79
2022-11-21,CO,Bogotá,pm25,330,1.0,164.0,59.0,5876.43
2022-11-21,CO,Medellín,pm25,303,30.0,105.0,65.0,1815.98
2022-11-21,DK,Copenhagen,pm25,24,13.0,50.0,24.0,779.4
2022-11-21,GB,Edinburgh,pm25,275,5.0,48.0,14.0,722.66
2022-11-21,GB,Liverpool,pm25,38,13.0,46.0,25.0,518.53
2022-11-21,GB,Belfast,pm25,64,15.0,60.0,35.0,823.19
2022-11-21,GB,Coventry,pm25,63,21.0,33.0,25.0,141.02
2022-11-21,GB,Leeds,pm25,39,24.0,78.0,50.0,1100.77
2022-11-21,GB,Cardiff,pm25,86,5.0,70.0,34.0,2814.39
2022-11-21,GB,Bristol,pm25,49,13.0,57.0,38.0,1127.37
2022-11-21,GB,London,pm25,559,3.0,153.0,26.0,1619.58
2022-11-21,GB,Birmingham,pm25,35,21.0,35.0,26.0,144.82
2022-11-21,GB,Sheffield,pm25,76,21.0,61.0,30.0,1046.67
2022-11-21,GB,Newport,pm25,48,5.0,59.0,30.0,1349.63
2022-11-21,GB,Leicester,pm25,18,21.0,27.0,24.0,41.05
2022-11-21,GB,Manchester,pm25,78,13.0,60.0,30.0,1130.56
2022-11-21,GB,Reading,pm25,43,5.0,34.0,21.0,508.74
2022-11-21,GB,Plymouth,pm25,30,9.0,52.0,30.0,1903.92
2022-11-21,GB,Glasgow,pm25,572,1.0,53.0,15.0,679.45
2022-11-21,GB,Preston,pm25,44,19.0,45.0,29.0,259.77
2022-11-21,GB,Swansea,pm25,146,5.0,82.0,25.0,2178.26
2022-11-21,GB,Southend-on-Sea,pm25,41,7.0,34.0,22.0,281.94
2022-11-21,ID,Jakarta,pm25,71,17.0,92.0,55.0,2650.28
2022-11-21,ML,Bamako,pm25,24,68.0,227.0,117.0,15657.3
2022-11-21,NP,Kathmandu,pm25,48,57.0,162.0,102.0,9148.49
2022-11-21,AU,Sydney,pm25,138,1.0,60.0,12.0,573.15
2022-11-21,AU,Newcastle,pm25,130,2.0,63.0,14.0,1275.73
2022-11-21,AU,Launceston,pm25,52,5.0,25.0,5.0,110.04
2022-11-21,AU,Hobart,pm25,26,5.0,17.0,5.0,77.05
2022-11-21,AU,Darwin,pm25,56,1.0,57.0,13.0,1790.7
2022-11-21,AU,Melbourne,pm25,150,1.0,73.0,19.0,1930.94
2022-11-21,AU,Canberra,pm25,58,1.0,62.0,14.0,2317.81
2022-11-21,AU,Adelaide,pm25,95,5.0,40.0,21.0,446.12
2022-11-21,AU,Brisbane,pm25,190,1.0,63.0,24.0,1845.45
2022-11-21,AU,Perth,pm25,85,2.0,19.0,6.0,208.13
2022-11-21,AU,Wollongong,pm25,39,2.0,41.0,14.0,725.11
2022-11-21,CI,Abidjan,pm25,22,34.0,139.0,59.0,9485.37
2022-11-21,GH,Accra,pm25,24,42.0,119.0,61.0,4849.28
2022-11-21,IQ,Baghdad,pm25,24,68.0,164.0,102.0,9213.9
2022-11-21,IS,Reykjavík,pm25,96,2.0,13.0,5.0,69.1
2022-11-21,KG,Bishkek,pm25,24,57.0,172.0,85.0,9872.75
2022-11-21,NL,Utrecht,pm25,48,14.0,97.0,61.0,4611.06
2022-11-21,NL,Nijmegen,pm25,48,21.0,83.0,56.0,2532.76
2022-11-21,NL,Haarlem,pm25,118,8.0,107.0,60.0,4991.43
2022-11-21,NL,Eindhoven,pm25,24,17.0,56.0,35.0,1244.28
2022-11-21,NL,Rotterdam,pm25,191,15.0,75.0,34.0,1687.13
2022-11-21,NL,Amsterdam,pm25,263,9.0,90.0,59.0,3636.77
2022-11-21,NL,Dordrecht,pm25,22,5.0,38.0,17.0,744.18
2022-11-21,NL,Breda,pm25,48,5.0,57.0,27.0,1492.55
2022-11-21,NL,Groningen,pm25,48,44.0,83.0,63.0,805.63
2022-11-21,NL,Maastricht,pm25,93,5.0,72.0,21.0,1089.88
2022-11-21,NL,The Hague,pm25,71,15.0,68.0,36.0,1914.78
2022-11-21,PT,Lisbon,pm25,25,12.0,27.0,15.0,187.27
2022-11-21,PT,Funchal,pm25,56,1.0,25.0,10.0,539.11
2022-11-21,CA,Hamilton,pm25,78,5.0,65.0,25.0,2240.77
2022-11-21,CA,Calgary,pm25,92,3.0,53.0,20.0,1696.74
2022-11-21,CA,Winnipeg,pm25,20,16.0,35.0,17.0,455.37
2022-11-21,CA,Halifax,pm25,44,12.0,24.0,16.0,85.09
2022-11-21,CA,Kitchener,pm25,44,9.0,46.0,25.0,1591.54
2022-11-21,CA,Edmonton,pm25,126,11.0,104.0,30.0,1921.61
2022-11-21,CA,Surrey,pm25,96,21.0,96.0,57.0,2187.96
2022-11-21,CA,Mississauga,pm25,68,9.0,38.0,25.0,511.44
2022-11-21,CA,Québec,pm25,170,7.0,63.0,20.0,1297.49
2022-11-21,CA,Vancouver,pm25,168,13.0,151.0,53.0,3423.21
2022-11-21,CA,Victoria,pm25,48,9.0,76.0,46.0,2291.06
2022-11-21,CA,Montréal,pm25,411,3.0,40.0,24.0,715.88
2022-11-21,CA,Toronto,pm25,131,5.0,61.0,21.0,1692.8
2022-11-21,CA,Ottawa,pm25,62,9.0,33.0,20.0,420.12
2022-11-21,CA,London,pm25,39,9.0,46.0,13.0,1198.87
2022-11-21,US,Oklahoma City,pm25,96,15.0,50.0,30.0,586.52
2022-11-21,US,Raleigh,pm25,68,9.0,107.0,30.0,4629.17
2022-11-21,US,Memphis,pm25,72,22.0,80.0,53.0,2206.38
2022-11-21,US,Jackson,pm25,72,7.0,68.0,36.0,1690.66
2022-11-21,US,Boston,pm25,87,5.0,34.0,17.0,800.42
2022-11-21,US,Richmond,pm25,95,17.0,45.0,27.0,446.27
2022-11-21,US,Portland,pm25,189,27.0,102.0,62.0,2675.53
2022-11-21,US,Boise,pm25,24,11.0,91.0,57.0,6243.19
2022-11-21,US,Austin,pm25,48,5.0,70.0,25.0,2265.31
2022-11-21,US,Honolulu,pm25,41,5.0,38.0,21.0,940.9
2022-11-21,US,Fresno,pm25,48,44.0,142.0,82.0,4050.07
2022-11-21,US,Milwaukee,pm25,120,26.0,67.0,36.0,1490.59
2022-11-21,US,Hartford,pm25,45,13.0,42.0,22.0,767.91
2022-11-21,US,Washington D.C.,pm25,76,17.0,50.0,28.0,517.82
2022-11-21,US,Chicago,pm25,239,6.0,110.0,32.0,2375.61
2022-11-21,US,Houston,pm25,96,5.0,96.0,26.0,1600.82
2022-11-21,US,Indianapolis,pm25,143,15.0,158.0,38.0,2694.12
2022-11-21,US,Atlanta,pm25,24,25.0,60.0,51.0,1517.32
2022-11-21,US,Charlotte,pm25,72,9.0,99.0,42.0,4357.42
2022-11-21,US,Sacramento,pm25,72,16.0,157.0,55.0,15561.8
2022-11-21,US,Oakland,pm25,92,9.0,107.0,46.0,3173.77
2022-11-21,US,Providence,pm25,67,5.0,34.0,21.0,525.03
2022-11-21,US,Staten Island,pm25,72,5.0,40.0,24.0,735.34
2022-11-21,US,Brooklyn,pm25,141,3.0,67.0,25.0,794.81
2022-11-21,US,Springfield,pm25,48,23.0,62.0,32.0,653.29
2022-11-21,US,The Bronx,pm25,48,10.0,37.0,22.0,415.3
2022-11-21,US,San Jose,pm25,93,9.0,112.0,59.0,6101.77
2022-11-21,US,Los Angeles,pm25,48,7.0,85.0,42.0,2384.14
2022-11-21,US,Detroit,pm25,168,20.0,151.0,43.0,2955.41
2022-11-21,US,Little Rock,pm25,47,13.0,138.0,56.0,6660.72
2022-11-21,US,Baltimore,pm25,48,21.0,70.0,34.0,1480.69
2022-11-21,US,Phoenix,pm25,187,3.0,124.0,39.0,7373.72
2022-11-21,US,Omaha,pm25,47,5.0,68.0,25.0,2946.13
2022-11-21,US,El Paso,pm25,162,9.0,106.0,38.0,2892.54
2022-11-21,US,Dallas,pm25,24,5.0,85.0,42.0,2956.23
2022-11-21,US,Seattle,pm25,262,35.0,117.0,72.0,2757.26
2022-11-21,US,Manhattan,pm25,67,3.0,51.0,24.0,1241.54
2022-11-21,US,Miami,pm25,94,18.0,36.0,24.0,129.33
2022-11-21,US,Jacksonville,pm25,126,1.0,58.0,40.0,747.78
2022-11-21,US,San Antonio,pm25,90,2.0,60.0,30.0,1322.02
2022-11-21,US,Philadelphia,pm25,84,4.0,79.0,29.0,2299.07
2022-11-21,US,San Diego,pm25,24,15.0,69.0,45.0,2923.19
2022-11-21,US,Columbus,pm25,47,5.0,39.0,27.0,667.32
2022-11-21,US,Saint Paul,pm25,140,9.0,67.0,43.0,1583.57
2022-11-21,US,Denver,pm25,155,5.0,76.0,42.0,2706.5
2022-11-21,US,Salt Lake City,pm25,216,28.0,123.0,73.0,2798.0
2022-11-21,US,Albuquerque,pm25,48,15.0,55.0,21.0,1751.17
2022-11-21,US,San Francisco,pm25,69,13.0,119.0,38.0,3277.63
2022-11-21,US,Salem,pm25,72,64.0,151.0,90.0,4260.69
2022-11-21,US,Madison,pm25,46,24.0,58.0,32.0,1464.44
2022-11-21,US,Nashville,pm25,72,5.0,113.0,52.0,4329.92
2022-11-21,US,Tucson,pm25,150,5.0,76.0,25.0,2950.59
2022-11-21,US,Queens,pm25,94,5.0,38.0,25.0,537.51
2022-11-21,US,Tallahassee,pm25,70,19.0,75.0,35.0,1283.65
2022-11-21,US,Fort Worth,pm25,47,5.0,56.0,25.0,1426.57
2022-11-21,RS,Novi Sad,pm25,48,42.0,133.0,74.0,2747.34
2022-11-21,RS,Niš,pm25,48,5.0,157.0,61.0,22737.7
2022-11-21,RS,Belgrade,pm25,168,57.0,158.0,79.0,3010.9
2022-11-21,CY,Nicosia,pm25,24,33.0,98.0,59.0,2968.68
2022-11-21,CY,Limassol,pm25,24,35.0,88.0,63.0,1768.91
2022-11-21,HR,Zagreb,pm25,23,41.0,78.0,63.0,1130.2
2022-11-21,HR,Rijeka,pm25,72,3.0,51.0,17.0,1460.83
2022-11-21,MK,Skopje,pm25,114,5.0,168.0,46.0,9391.19
2022-11-22,GE,Tbilisi,pm25,96,76.0,158.0,108.0,8288.89
2022-11-22,JP,Fukuoka,pm25,378,5.0,80.0,42.0,1668.13
2022-11-22,JP,Kanazawa,pm25,220,5.0,61.0,34.0,1824.78
2022-11-22,JP,Kumamoto,pm25,367,9.0,119.0,55.0,4411.15
2022-11-22,JP,Akita,pm25,42,5.0,70.0,25.0,2497.26
2022-11-22,JP,Kochi,pm25,48,17.0,68.0,46.0,1697.29
2022-11-22,JP,Gifu-shi,pm25,163,5.0,82.0,34.0,2543.9
2022-11-22,JP,Kyoto,pm25,579,13.0,74.0,50.0,1753.76
2022-11-22,JP,Hiroshima,pm25,283,5.0,97.0,34.0,2332.37
2022-11-22,JP,Shizuoka,pm25,247,5.0,82.0,30.0,2189.17
2022-11-22,JP,Chiba,pm25,742,5.0,144.0,34.0,2516.36
2022-11-22,JP,Sapporo,pm25,202,5.0,57.0,21.0,1173.99
2022-11-22,JP,Yokohama,pm25,539,1.0,65.0,30.0,1841.09
2022-11-22,JP,Tokyo,pm25,2463,1.0,107.0,34.0,1428.75
2022-11-22,JP,Saitama,pm25,460,5.0,85.0,34.0,1640.5
2022-11-22,JP,Naha,pm25,143,5.0,34.0,21.0,215.77
2022-11-22,JP,Nagasaki,pm25,176,5.0,82.0,34.0,2940.22
2022-11-22,JP,Toyama,pm25,174,5.0,85.0,38.0,2535.25
2022-11-22,JP,Niigata,pm25,212,5.0,59.0,25.0,1468.1
2022-11-22,JP,Nara-shi,pm25,189,9.0,97.0,42.0,2123.21
2022-11-22,JP,Okayama,pm25,267,5.0,159.0,46.0,2654.23
2022-11-22,JP,Sendai,pm25,460,5.0,63.0,17.0,1077.04
2022-11-22,JP,Osaka,pm25,1217,5.0,97.0,42.0,1772.02
2022-11-22,JP,Miyazaki,pm25,112,9.0,104.0,57.0,2294.77
2022-11-22,JP,Matsuyama,pm25,157,5.0,80.0,53.0,3066.86
2022-11-22,JP,Wakayama,pm25,277,9.0,91.0,38.0,1247.69
2022-11-22,JP,Takamatsu,pm25,235,9.0,63.0,38.0,1451.38
2022-11-22,JP,Nagoya,pm25,762,1.0,80.0,34.0,1316.63
2022-11-22,JP,Ōita,pm25,245,5.0,82.0,38.0,2648.74
2022-11-22,JP,Kobe,pm25,421,5.0,59.0,38.0,1460.06
2022-11-22,JP,Nagano,pm25,66,5.0,59.0,34.0,2808.1
2022-11-22,JP,Utsunomiya,pm25,24,25.0,76.0,46.0,2526.01
2022-11-22,JP,Kagoshima,pm25,96,46.0,74.0,61.0,238.36
2022-11-22,SK,Košice,pm25,94,5.0,117.0,61.0,5211.92
2022-11-22,SK,Bratislava,pm25,96,9.0,89.0,50.0,2387.54
2022-11-22,FI,Vantaa,pm25,24,13.0,35.0,28.0,333.04
2022-11-22,FI,Turku,pm25,24,13.0,31.0,23.0,212.59
2022-11-22,FI,Helsinki,pm25,113,10.0,53.0,26.0,897.49
2022-11-22,FI,Tampere,pm25,96,8.0,46.0,22.0,572.21
2022-11-22,ET,Addis Ababa,pm25,24,38.0,164.0,61.0,5911.52
2022-11-22,CH,Zürich,pm25,22,1.0,2.0,1.0,1.23
2022-11-22,CO,Bogotá,pm25,328,1.0,152.0,53.0,5307.83
2022-11-22,CO,Medellín,pm25,300,25.0,91.0,57.0,1583.17
2022-11-22,DK,Copenhagen,pm25,24,14.0,63.0,34.0,2439.06
2022-11-22,GB,Edinburgh,pm25,281,4.0,132.0,25.0,3532.67
2022-11-22,GB,Liverpool,pm25,34,21.0,55.0,25.0,1359.47
2022-11-22,GB,Belfast,pm25,74,15.0,62.0,25.0,970.15
2022-11-22,GB,Coventry,pm25,62,4.0,69.0,26.0,1865.47
2022-11-22,GB,Leeds,pm25,44,8.0,72.0,34.0,2279.94
2022-11-22,GB,Cardiff,pm25,96,9.0,114.0,53.0,5523.05
2022-11-22,GB,Bristol,pm25,55,17.0,74.0,38.0,1652.03
2022-11-22,GB,London,pm25,580,2.0,78.0,25.0,2921.43
2022-11-22,GB,Birmingham,pm25,45,5.0,61.0,31.0,1845.83
2022-11-22,GB,Sheffield,pm25,81,15.0,68.0,29.0,1890.88
2022-11-22,GB,Newport,pm25,44,7.0,72.0,22.0,4291.4
2022-11-22,GB,Leicester,pm25,24,17.0,68.0,32.0,2146.67
2022-11-22,GB,Manchester,pm25,83,13.0,61.0,34.0,1950.26
2022-11-22,GB,Reading,pm25,48,5.0,65.0,17.0,3839.96
2022-11-22,GB,Plymouth,pm25,38,5.0,59.0,25.0,1956.19
2022-11-22,GB,Glasgow,pm25,569,1.0,77.0,27.0,2802.21
2022-11-22,GB,Preston,pm25,45,13.0,64.0,21.0,2148.56
2022-11-22,GB,Swansea,pm25,157,5.0,61.0,25.0,1893.27
2022-11-22,GB,Southend-on-Sea,pm25,40,10.0,48.0,17.0,1250.23
2022-11-22,ID,Jakarta,pm25,71,21.0,96.0,55.0,4104.53
2022-11-22,ML,Bamako,pm25,24,42.0,159.0,85.0,10412.2
2022-11-22,NP,Kathmandu,pm25,48,46.0,168.0,109.0,10773.5
2022-11-22,AU,Sydney,pm25,129,1.0,32.0,9.0,329.28
2022-11-22,AU,Newcastle,pm25,124,1.0,77.0,14.0,1161.68
2022-11-22,AU,Launceston,pm25,87,5.0,17.0,9.0,99.31
2022-11-22,AU,Hobart,pm25,48,5.0,17.0,9.0,117.38
2022-11-22,AU,Darwin,pm25,71,2.0,72.0,16.0,3361.33
2022-11-22,AU,Melbourne,pm25,141,1.0,158.0,17.0,6192.47
2022-11-22,AU,Canberra,pm25,50,1.0,53.0,11.0,1371.84
2022-11-22,AU,Adelaide,pm25,78,5.0,34.0,13.0,514.18
2022-11-22,AU,Brisbane,pm25,189,1.0,57.0,17.0,1075.08
2022-11-22,AU,Perth,pm25,85,2.0,15.0,5.0,107.19
2022-11-22,AU,Wollongong,pm25,38,1.0,58.0,9.0,1030.01
2022-11-22,CI,Abidjan,pm25,24,9.0,95.0,53.0,4237.39
2022-11-22,GH,Accra,pm25,24,38.0,129.0,53.0,7141.67
2022-11-22,IQ,Baghdad,pm25,24,91.0,190.0,156.0,10780.2
2022-11-22,IS,Reykjavík,pm25,96,5.0,35.0,14.0,813.83
2022-11-22,KG,Bishkek,pm25,24,57.0,99.0,80.0,1294.76
2022-11-22,NL,Utrecht,pm25,48,12.0,54.0,29.0,754.45
2022-11-22,NL,Nijmegen,pm25,48,6.0,59.0,23.0,922.82
2022-11-22,NL,Haarlem,pm25,130,6.0,49.0,24.0,850.95
2022-11-22,NL,Eindhoven,pm25,23,1.0,34.0,13.0,802.1
2022-11-22,NL,Rotterdam,pm25,192,9.0,37.0,23.0,187.53
2022-11-22,NL,Amsterdam,pm25,262,1.0,72.0,22.0,969.49
2022-11-22,NL,Dordrecht,pm25,24,1.0,163.0,13.0,10081.7
2022-11-22,NL,Breda,pm25,48,4.0,41.0,16.0,895.81
2022-11-22,NL,Groningen,pm25,46,1.0,66.0,24.0,3492.66
2022-11-22,NL,Maastricht,pm25,79,5.0,42.0,17.0,678.65
2022-11-22,NL,The Hague,pm25,72,12.0,41.0,22.0,356.52
2022-11-22,PT,Lisbon,pm25,36,11.0,38.0,17.0,527.14
2022-11-22,PT,Funchal,pm25,48,1.0,26.0,14.0,645.21
2022-11-22,CA,Hamilton,pm25,90,13.0,78.0,38.0,2722.57
2022-11-22,CA,Calgary,pm25,89,1.0,59.0,13.0,2218.06
2022-11-22,CA,Winnipeg,pm25,24,17.0,54.0,38.0,1857.81
2022-11-22,CA,Halifax,pm25,46,16.0,43.0,20.0,386.18
2022-11-22,CA,Kitchener,pm25,44,9.0,70.0,42.0,4005.48
2022-11-22,CA,Edmonton,pm25,128,1.0,163.0,33.0,7113.3
2022-11-22,CA,Surrey,pm25,90,1.0,58.0,15.0,1860.55
2022-11-22,CA,Mississauga,pm25,68,5.0,68.0,30.0,3825.77
2022-11-22,CA,Québec,pm25,185,7.0,60.0,18.0,1402.8
2022-11-22,CA,Vancouver,pm25,168,2.0,62.0,20.0,1313.82
2022-11-22,CA,Victoria,pm25,47,9.0,61.0,46.0,2597.22
2022-11-22,CA,Montréal,pm25,447,3.0,65.0,24.0,2568.63
2022-11-22,CA,Toronto,pm25,139,9.0,78.0,34.0,3150.49
2022-11-22,CA,Ottawa,pm25,57,7.0,33.0,21.0,566.45
2022-11-22,CA,London,pm25,47,30.0,72.0,53.0,1105.93
2022-11-22,US,Oklahoma City,pm25,95,17.0,62.0,35.0,1472.02
2022-11-22,US,Raleigh,pm25,71,5.0,74.0,42.0,2199.41
2022-11-22,US,Memphis,pm25,70,21.0,92.0,51.0,3131.39
2022-11-22,US,Jackson,pm25,72,25.0,82.0,48.0,1794.55
2022-11-22,US,Boston,pm25,99,21.0,59.0,38.0,822.75
2022-11-22,US,Richmond,pm25,96,17.0,62.0,35.0,1035.42
2022-11-22,US,Portland,pm25,169,10.0,93.0,58.0,4395.19
2022-11-22,US,Boise,pm25,24,6.0,91.0,40.0,7014.62
2022-11-22,US,Austin,pm25,47,13.0,63.0,46.0,1884.56
2022-11-22,US,Honolulu,pm25,47,5.0,59.0,21.0,1197.83
2022-11-22,US,Fresno,pm25,48,51.0,140.0,83.0,3907.12
2022-11-22,US,Milwaukee,pm25,131,42.0,98.0,65.0,1101.07
2022-11-22,US,Hartford,pm25,48,28.0,72.0,38.0,1172.87
2022-11-22,US,Washington D.C.,pm25,93,5.0,62.0,30.0,1648.34
2022-11-22,US,Chicago,pm25,239,24.0,165.0,56.0,3851.5
2022-11-22,US,Houston,pm25,95,13.0,79.0,31.0,1632.89
2022-11-22,US,Indianapolis,pm25,144,23.0,190.0,58.0,7720.69
2022-11-22,US,Atlanta,pm25,24,39.0,65.0,55.0,460.87
2022-11-22,US,Charlotte,pm25,71,5.0,152.0,47.0,7705.07
2022-11-22,US,Sacramento,pm25,72,21.0,132.0,62.0,5528.38
2022-11-22,US,Oakland,pm25,96,9.0,85.0,53.0,2767.26
2022-11-22,US,Providence,pm25,69,13.0,61.0,34.0,1436.73
2022-11-22,US,Staten Island,pm25,72,14.0,62.0,41.0,1616.48
2022-11-22,US,Brooklyn,pm25,132,12.0,64.0,44.0,1284.25
2022-11-22,US,Springfield,pm25,48,31.0,69.0,45.0,879.58
2022-11-22,US,The Bronx,pm25,40,22.0,52.0,38.0,590.87
2022-11-22,US,San Jose,pm25,92,5.0,85.0,46.0,4462.16
2022-11-22,US,Los Angeles,pm25,48,9.0,110.0,50.0,4241.12
2022-11-22,US,Detroit,pm25,168,43.0,153.0,64.0,1340.71
2022-11-22,US,Little Rock,pm25,43,9.0,93.0,52.0,3268.07
2022-11-22,US,Baltimore,pm25,48,17.0,87.0,45.0,1757.87
2022-11-22,US,Phoenix,pm25,189,5.0,145.0,38.0,7443.24
2022-11-22,US,Omaha,pm25,47,9.0,112.0,53.0,3395.06
2022-11-22,US,El Paso,pm25,157,6.0,72.0,30.0,2296.86
2022-11-22,US,Dallas,pm25,23,9.0,87.0,50.0,4002.25
2022-11-22,US,Seattle,pm25,259,11.0,95.0,51.0,4071.01
2022-11-22,US,Manhattan,pm25,72,9.0,67.0,38.0,1451.8
2022-11-22,US,Miami,pm25,93,13.0,31.0,22.0,165.5
2022-11-22,US,Jacksonville,pm25,143,25.0,80.0,45.0,1361.67
2022-11-22,US,San Antonio,pm25,95,7.0,62.0,38.0,1836.99
2022-11-22,US,Philadelphia,pm25,71,12.0,88.0,40.0,3075.41
2022-11-22,US,San Diego,pm25,22,22.0,70.0,51.0,2490.39
2022-11-22,US,Columbus,pm25,48,10.0,58.0,45.0,1419.93
2022-11-22,US,Saint Paul,pm25,144,38.0,109.0,65.0,1238.76
2022-11-22,US,Denver,pm25,119,9.0,74.0,34.0,2758.66
2022-11-22,US,Salt Lake City,pm25,210,32.0,109.0,81.0,4448.1
2022-11-22,US,Albuquerque,pm25,48,15.0,71.0,33.0,2438.28
2022-11-22,US,San Francisco,pm25,71,21.0,74.0,46.0,1227.8
2022-11-22,US,Salem,pm25,72,11.0,127.0,26.0,13140.8
2022-11-22,US,Madison,pm25,48,48.0,75.0,57.0,451.91
2022-11-22,US,Nashville,pm25,81,21.0,165.0,60.0,11330.5
2022-11-22,US,Tucson,pm25,160,5.0,76.0,25.0,1982.31
2022-11-22,US,Queens,pm25,94,20.0,139.0,45.0,3000.93
2022-11-22,US,Tallahassee,pm25,72,23.0,65.0,41.0,1065.91
2022-11-22,US,Fort Worth,pm25,48,9.0,79.0,46.0,2495.0
2022-11-22,RS,Novi Sad,pm25,48,30.0,62.0,42.0,803.39
2022-11-22,RS,Niš,pm25,48,34.0,150.0,70.0,10430.6
2022-11-22,RS,Belgrade,pm25,168,18.0,128.0,52.0,2126.93
2022-11-22,CY,Nicosia,pm25,24,41.0,92.0,62.0,1520.42
2022-11-22,CY,Limassol,pm25,24,27.0,74.0,54.0,929.57
2022-11-22,HR,Zagreb,pm25,22,14.0,87.0,60.0,4144.42
2022-11-22,HR,Rijeka,pm25,70,1.0,24.0,3.0,278.45
2022-11-22,MK,Skopje,pm25,120,23.0,186.0,87.0,11321.9
2022-11-23,GE,Tbilisi,pm25,96,72.0,147.0,96.0,3371.89
2022-11-23,JP,Fukuoka,pm25,399,5.0,124.0,38.0,2743.2
2022-11-23,JP,Kanazawa,pm25,202,5.0,61.0,25.0,1490.53
2022-11-23,JP,Kumamoto,pm25,371,5.0,87.0,46.0,2833.91
2022-11-23,JP,Akita,pm25,35,5.0,63.0,21.0,1764.08
2022-11-23,JP,Kochi,pm25,44,5.0,57.0,21.0,1582.13
2022-11-23,JP,Gifu-shi,pm25,161,5.0,63.0,25.0,1986.02
2022-11-23,JP,Kyoto,pm25,565,9.0,68.0,42.0,1976.39
2022-11-23,JP,Hiroshima,pm25,288,5.0,85.0,25.0,3131.42
2022-11-23,JP,Shizuoka,pm25,217,5.0,63.0,25.0,2732.77
2022-11-23,JP,Chiba,pm25,696,5.0,70.0,21.0,1705.64
2022-11-23,JP,Sapporo,pm25,215,9.0,61.0,34.0,1031.67
2022-11-23,JP,Yokohama,pm25,496,1.0,59.0,25.0,2155.88
2022-11-23,JP,Tokyo,pm25,2378,1.0,70.0,30.0,1581.34
2022-11-23,JP,Saitama,pm25,413,5.0,57.0,34.0,1695.26
2022-11-23,JP,Naha,pm25,137,5.0,21.0,9.0,124.07
2022-11-23,JP,Nagasaki,pm25,186,5.0,76.0,34.0,3160.59
2022-11-23,JP,Toyama,pm25,187,5.0,97.0,38.0,2079.1
2022-11-23,JP,Niigata,pm25,200,5.0,46.0,21.0,971.55
2022-11-23,JP,Nara-shi,pm25,186,13.0,65.0,50.0,1694.0
2022-11-23,JP,Okayama,pm25,285,5.0,61.0,34.0,2420.24
2022-11-23,JP,Sendai,pm25,444,5.0,61.0,17.0,689.05
2022-11-23,JP,Osaka,pm25,1221,5.0,80.0,38.0,2287.87
2022-11-23,JP,Miyazaki,pm25,111,5.0,72.0,34.0,2656.6
2022-11-23,JP,Matsuyama,pm25,142,5.0,63.0,30.0,2462.33
2022-11-23,JP,Wakayama,pm25,283,13.0,59.0,34.0,1420.45
2022-11-23,JP,Takamatsu,pm25,234,5.0,72.0,30.0,1975.13
2022-11-23,JP,Nagoya,pm25,780,5.0,82.0,42.0,1990.58
2022-11-23,JP,Ōita,pm25,245,5.0,74.0,34.0,3091.05
2022-11-23,JP,Kobe,pm25,413,5.0,57.0,30.0,1561.55
2022-11-23,JP,Nagano,pm25,51,9.0,55.0,30.0,1558.01
2022-11-23,JP,Utsunomiya,pm25,24,13.0,59.0,30.0,1647.37
2022-11-23,JP,Kagoshima,pm25,96,17.0,57.0,38.0,787.1
2022-11-23,SK,Košice,pm25,96,13.0,117.0,46.0,3168.26
2022-11-23,SK,Bratislava,pm25,92,5.0,85.0,50.0,3686.13
2022-11-23,FI,Vantaa,pm25,24,10.0,20.0,15.0,88.62
2022-11-23,FI,Turku,pm25,24,8.0,18.0,12.0,56.45
2022-11-23,FI,Helsinki,pm25,119,6.0,43.0,12.0,365.36
2022-11-23,FI,Tampere,pm25,96,3.0,33.0,9.0,235.87
2022-11-23,ET,Addis Ababa,pm25,24,46.0,172.0,70.0,9178.24
2022-11-23,CH,Zürich,pm25,18,1.0,5.0,1.0,16.76
2022-11-23,CO,Bogotá,pm25,334,5.0,236.0,59.0,8347.51
2022-11-23,CO,Medellín,pm25,247,25.0,80.0,50.0,1243.4
2022-11-23,DK,Copenhagen,pm25,24,51.0,65.0,61.0,206.3
2022-11-23,GB,Edinburgh,pm25,283,4.0,69.0,18.0,1343.5
2022-11-23,GB,Norwich,pm25,11,8.0,35.0,20.0,598.73
2022-11-23,GB,Liverpool,pm25,38,9.0,46.0,30.0,566.15
2022-11-23,GB,Belfast,pm25,59,6.0,42.0,25.0,566.42
2022-11-23,GB,Coventry,pm25,41,17.0,44.0,30.0,503.98
2022-11-23,GB,Leeds,pm25,37,21.0,74.0,54.0,927.03
2022-11-23,GB,Cardiff,pm25,95,5.0,61.0,38.0,1694.68
2022-11-23,GB,Bristol,pm25,70,5.0,50.0,30.0,1032.09
2022-11-23,GB,London,pm25,586,2.0,63.0,30.0,1622.2
2022-11-23,GB,Birmingham,pm25,38,17.0,46.0,30.0,650.9
2022-11-23,GB,Sheffield,pm25,69,25.0,65.0,42.0,902.15
2022-11-23,GB,Newport,pm25,47,5.0,55.0,25.0,1315.49
2022-11-23,GB,Leicester,pm25,22,30.0,55.0,38.0,518.81
2022-11-23,GB,Manchester,pm25,72,9.0,53.0,28.0,1415.2
2022-11-23,GB,Reading,pm25,47,5.0,137.0,25.0,6797.87
2022-11-23,GB,Plymouth,pm25,40,9.0,55.0,30.0,1759.17
2022-11-23,GB,Glasgow,pm25,571,2.0,55.0,20.0,640.8
2022-11-23,GB,Preston,pm25,38,15.0,48.0,25.0,559.41
2022-11-23,GB,Swansea,pm25,157,5.0,78.0,30.0,2823.13
2022-11-23,GB,Southend-on-Sea,pm25,39,9.0,56.0,32.0,1274.14
2022-11-23,ID,Jakarta,pm25,71,38.0,116.0,68.0,2329.31
2022-11-23,ML,Bamako,pm25,24,65.0,232.0,122.0,17141.3
2022-11-23,NP,Kathmandu,pm25,48,70.0,161.0,127.0,6116.77
2022-11-23,NP,Biratnagar,pm25,7,70.0,217.0,114.0,40522.9
2022-11-23,AU,Sydney,pm25,131,1.0,105.0,12.0,2327.18
2022-11-23,AU,Newcastle,pm25,129,1.0,51.0,17.0,1288.66
2022-11-23,AU,Launceston,pm25,96,5.0,25.0,9.0,173.04
2022-11-23,AU,Hobart,pm25,54,5.0,21.0,9.0,153.46
2022-11-23,AU,Darwin,pm25,68,1.0,107.0,13.0,5503.13
2022-11-23,AU,Melbourne,pm25,133,1.0,68.0,18.0,1907.04
2022-11-23,AU,Canberra,pm25,49,2.0,56.0,14.0,1694.46
2022-11-23,AU,Adelaide,pm25,66,1.0,25.0,9.0,216.72
2022-11-23,AU,Brisbane,pm25,190,1.0,62.0,23.0,1761.14
2022-11-23,AU,Perth,pm25,90,2.0,19.0,9.0,197.68
2022-11-23,AU,Wollongong,pm25,30,2.0,66.0,10.0,3014.3
2022-11-23,CI,Abidjan,pm25,24,34.0,152.0,53.0,5992.59
2022-11-23,GH,Accra,pm25,24,38.0,124.0,55.0,5069.11
2022-11-23,IQ,Baghdad,pm25,24,155.0,269.0,217.0,12148.0
2022-11-23,IS,Reykjavík,pm25,76,8.0,51.0,20.0,1834.53
2022-11-23,KG,Bishkek,pm25,24,55.0,134.0,82.0,2997.97
2022-11-23,NL,Utrecht,pm25,48,8.0,59.0,31.0,1301.17
2022-11-23,NL,Nijmegen,pm25,47,1.0,40.0,23.0,950.28
2022-11-23,NL,Haarlem,pm25,141,8.0,91.0,35.0,2522.97
2022-11-23,NL,Eindhoven,pm25,23,2.0,27.0,12.0,452.57
2022-11-23,NL,Rotterdam,pm25,192,12.0,52.0,31.0,780.87
2022-11-23,NL,Amsterdam,pm25,259,2.0,71.0,29.0,1468.7
2022-11-23,NL,Dordrecht,pm25,23,1.0,65.0,17.0,2108.02
2022-11-23,NL,Breda,pm25,48,2.0,44.0,18.0,1127.87
2022-11-23,NL,Groningen,pm25,43,5.0,42.0,13.0,739.01
2022-11-23,NL,Maastricht,pm25,77,5.0,46.0,21.0,1005.43
2022-11-23,NL,The Hague,pm25,72,14.0,52.0,30.0,660.28
2022-11-23,PT,Lisbon,pm25,23,17.0,37.0,24.0,373.32
2022-11-23,PT,Funchal,pm25,63,1.0,35.0,9.0,1188.62
2022-11-23,CA,Hamilton,pm25,91,55.0,109.0,76.0,1460.44
2022-11-23,CA,Calgary,pm25,81,1.0,33.0,11.0,506.62
2022-11-23,CA,Winnipeg,pm25,24,43.0,55.0,46.0,158.26
2022-11-23,CA,Halifax,pm25,46,8.0,35.0,15.0,468.26
2022-11-23,CA,Kitchener,pm25,46,57.0,93.0,63.0,753.43
2022-11-23,CA,Edmonton,pm25,135,1.0,101.0,18.0,2977.89
2022-11-23,CA,Surrey,pm25,79,1.0,83.0,25.0,2302.48
2022-11-23,CA,Mississauga,pm25,58,42.0,95.0,70.0,1990.89
2022-11-23,CA,Québec,pm25,173,7.0,60.0,27.0,1606.62
2022-11-23,CA,Vancouver,pm25,154,5.0,71.0,23.0,1321.88
2022-11-23,CA,Victoria,pm25,44,5.0,38.0,21.0,1045.01
2022-11-23,CA,Montréal,pm25,417,6.0,71.0,40.0,1130.42
2022-11-23,CA,Toronto,pm25,142,46.0,152.0,80.0,3515.65
2022-11-23,CA,Ottawa,pm25,60,17.0,56.0,30.0,1491.01
2022-11-23,CA,London,pm25,48,50.0,87.0,63.0,752.06
2022-11-23,US,Oklahoma City,pm25,96,25.0,80.0,44.0,1595.66
2022-11-23,US,Raleigh,pm25,63,5.0,68.0,40.0,2678.7
2022-11-23,US,Memphis,pm25,72,20.0,72.0,49.0,2309.76
2022-11-23,US,Jackson,pm25,72,11.0,83.0,60.0,2771.76
2022-11-23,US,Boston,pm25,132,30.0,70.0,53.0,827.4
2022-11-23,US,Richmond,pm25,96,17.0,69.0,43.0,2100.63
2022-11-23,US,Portland,pm25,168,11.0,124.0,38.0,4269.74
2022-11-23,US,Boise,pm25,24,29.0,94.0,66.0,4103.19
2022-11-23,US,Austin,pm25,47,9.0,70.0,42.0,1527.38
2022-11-23,US,Honolulu,pm25,45,5.0,34.0,17.0,634.31
2022-11-23,US,Fresno,pm25,48,61.0,159.0,98.0,6552.98
2022-11-23,US,Milwaukee,pm25,144,38.0,113.0,72.0,1700.1
2022-11-23,US,Hartford,pm25,47,24.0,70.0,57.0,1872.5
2022-11-23,US,Washington D.C.,pm25,96,13.0,72.0,42.0,1958.84
2022-11-23,US,Chicago,pm25,239,27.0,132.0,62.0,1971.64
2022-11-23,US,Houston,pm25,96,9.0,82.0,41.0,1937.79
2022-11-23,US,Indianapolis,pm25,143,16.0,171.0,66.0,8804.29
2022-11-23,US,Atlanta,pm25,24,28.0,80.0,65.0,2321.96
2022-11-23,US,Charlotte,pm25,72,5.0,80.0,51.0,3448.42
2022-11-23,US,Sacramento,pm25,72,13.0,152.0,61.0,11340.4
2022-11-23,US,Oakland,pm25,94,9.0,104.0,50.0,2761.69
2022-11-23,US,Providence,pm25,72,17.0,82.0,50.0,1717.28
2022-11-23,US,Staten Island,pm25,67,18.0,88.0,53.0,2029.46
2022-11-23,US,Brooklyn,pm25,120,23.0,71.0,50.0,1062.03
2022-11-23,US,Springfield,pm25,48,31.0,60.0,51.0,599.84
2022-11-23,US,The Bronx,pm25,48,35.0,66.0,42.0,560.85
2022-11-23,US,San Jose,pm25,95,5.0,104.0,53.0,5205.03
2022-11-23,US,Los Angeles,pm25,48,32.0,137.0,70.0,4241.91
2022-11-23,US,Detroit,pm25,168,53.0,153.0,82.0,2517.01
2022-11-23,US,Little Rock,pm25,45,3.0,153.0,57.0,8039.22
2022-11-23,US,Baltimore,pm25,48,34.0,70.0,55.0,790.0
2022-11-23,US,Phoenix,pm25,192,9.0,115.0,48.0,4098.86
2022-11-23,US,Omaha,pm25,48,17.0,78.0,38.0,2494.26
2022-11-23,US,El Paso,pm25,164,5.0,117.0,25.0,4558.71
2022-11-23,US,Dallas,pm25,24,25.0,61.0,42.0,1246.5
2022-11-23,US,Seattle,pm25,255,5.0,119.0,30.0,3547.97
2022-11-23,US,Manhattan,pm25,72,26.0,70.0,47.0,941.1
2022-11-23,US,Miami,pm25,89,14.0,56.0,26.0,786.48
2022-11-23,US,Jacksonville,pm25,144,27.0,61.0,41.0,503.85
2022-11-23,US,San Antonio,pm25,95,17.0,82.0,42.0,1725.66
2022-11-23,US,Philadelphia,pm25,86,8.0,132.0,57.0,3548.92
2022-11-23,US,San Diego,pm25,22,19.0,77.0,54.0,2931.17
2022-11-23,US,Columbus,pm25,48,34.0,120.0,57.0,2230.17
2022-11-23,US,Saint Paul,pm25,135,55.0,115.0,78.0,1282.64
2022-11-23,US,Denver,pm25,127,5.0,63.0,17.0,1477.28
2022-11-23,US,Salt Lake City,pm25,210,4.0,115.0,62.0,8649.84
2022-11-23,US,Albuquerque,pm25,48,12.0,68.0,18.0,2531.7
2022-11-23,US,San Francisco,pm25,72,9.0,74.0,46.0,2116.15
2022-11-23,US,Salem,pm25,72,11.0,67.0,37.0,2110.7
2022-11-23,US,Madison,pm25,48,62.0,81.0,69.0,182.98
2022-11-23,US,Nashville,pm25,94,19.0,144.0,59.0,6654.01
2022-11-23,US,Tucson,pm25,159,5.0,65.0,30.0,2122.76
2022-11-23,US,Queens,pm25,96,18.0,69.0,53.0,1187.73
2022-11-23,US,Tallahassee,pm25,63,19.0,63.0,45.0,1506.5
2022-11-23,US,Fort Worth,pm25,48,17.0,69.0,38.0,1468.72
2022-11-23,RS,Novi Sad,pm25,48,19.0,71.0,38.0,1559.41
2022-11-23,RS,Niš,pm25,48,43.0,180.0,73.0,14854.9
2022-11-23,RS,Belgrade,pm25,168,18.0,88.0,45.0,2028.98
2022-11-23,CY,Nicosia,pm25,24,16.0,85.0,53.0,3060.87
2022-11-23,CY,Limassol,pm25,22,8.0,63.0,52.0,1355.93
2022-11-23,HR,Zagreb,pm25,20,2.0,136.0,20.0,27146.8
2022-11-23,HR,Rijeka,pm25,71,1.0,64.0,3.0,1795.05
2022-11-23,MK,Skopje,pm25,120,22.0,175.0,78.0,16753.3
2022-11-24,GE,Tbilisi,pm25,96,71.0,153.0,96.0,4793.84
2022-11-24,JP,Fukuoka,pm25,384,5.0,74.0,30.0,1559.07
2022-11-24,JP,Kanazawa,pm25,203,5.0,53.0,21.0,932.19
2022-11-24,JP,Kumamoto,pm25,332,5.0,91.0,34.0,2643.97
2022-11-24,JP,Akita,pm25,34,5.0,72.0,25.0,2532.56
2022-11-24,JP,Kochi,pm25,43,5.0,38.0,13.0,839.69
2022-11-24,JP,Gifu-shi,pm25,92,5.0,46.0,13.0,1043.18
2022-11-24,JP,Kyoto,pm25,548,5.0,61.0,21.0,1316.65
2022-11-24,JP,Hiroshima,pm25,253,5.0,85.0,21.0,1961.63
2022-11-24,JP,Shizuoka,pm25,216,5.0,57.0,17.0,1011.18
2022-11-24,JP,Chiba,pm25,586,5.0,95.0,13.0,1660.46
2022-11-24,JP,Sapporo,pm25,214,5.0,70.0,34.0,1604.72
2022-11-24,JP,Yokohama,pm25,441,1.0,55.0,13.0,839.25
2022-11-24,JP,Tokyo,pm25,2158,1.0,91.0,13.0,845.61
2022-11-24,JP,Saitama,pm25,395,5.0,68.0,13.0,645.03
2022-11-24,JP,Naha,pm25,144,13.0,34.0,21.0,198.86
2022-11-24,JP,Nagasaki,pm25,179,9.0,68.0,34.0,1277.17
2022-11-24,JP,Toyama,pm25,163,5.0,72.0,25.0,1654.75
2022-11-24,JP,Niigata,pm25,182,5.0,42.0,13.0,563.99
2022-11-24,JP,Nara-shi,pm25,185,5.0,59.0,21.0,1016.97
2022-11-24,JP,Okayama,pm25,272,5.0,57.0,21.0,706.46
2022-11-24,JP,Sendai,pm25,329,5.0,38.0,13.0,406.96
2022-11-24,JP,Osaka,pm25,1104,5.0,82.0,17.0,981.52
2022-11-24,JP,Miyazaki,pm25,103,5.0,72.0,34.0,2289.57
2022-11-24,JP,Matsuyama,pm25,114,5.0,82.0,17.0,2257.87
2022-11-24,JP,Wakayama,pm25,276,5.0,59.0,17.0,1044.06
2022-11-24,JP,Takamatsu,pm25,210,5.0,46.0,17.0,993.07
2022-11-24,JP,Nagoya,pm25,707,1.0,65.0,17.0,1006.58
2022-11-24,JP,Ōita,pm25,233,5.0,57.0,25.0,1554.97
2022-11-24,JP,Kobe,pm25,404,5.0,72.0,17.0,685.86
2022-11-24,JP,Nagano,pm25,44,5.0,25.0,13.0,275.01
2022-11-24,JP,Utsunomiya,pm25,23,9.0,38.0,21.0,668.18
2022-11-24,JP,Kagoshima,pm25,96,5.0,53.0,34.0,1031.98
2022-11-24,SK,Košice,pm25,95,57.0,80.0,68.0,341.89
2022-11-24,SK,Bratislava,pm25,96,13.0,132.0,46.0,10845.4
2022-11-24,FI,Vantaa,pm25,24,7.0,32.0,21.0,576.5
2022-11-24,FI,Turku,pm25,24,8.0,23.0,13.0,181.58
2022-11-24,FI,Helsinki,pm25,118,5.0,44.0,19.0,643.83
2022-11-24,FI,Tampere,pm25,96,5.0,40.0,17.0,624.87
2022-11-24,ET,Addis Ababa,pm25,20,42.0,158.0,70.0,9440.42
2022-11-24,CH,Zürich,pm25,14,1.0,5.0,1.0,14.12
2022-11-24,CO,Bogotá,pm25,332,11.0,197.0,76.0,7890.91
2022-11-24,CO,Medellín,pm25,241,17.0,80.0,53.0,1601.13
2022-11-24,DK,Copenhagen,pm25,24,46.0,69.0,55.0,255.36
2022-11-24,GB,Edinburgh,pm25,281,5.0,53.0,22.0,1088.63
2022-11-24,GB,Norwich,pm25,23,10.0,46.0,28.0,1010.91
2022-11-24,GB,Liverpool,pm25,41,21.0,50.0,30.0,395.56
2022-11-24,GB,Belfast,pm25,60,17.0,52.0,30.0,535.01
2022-11-24,GB,Coventry,pm25,70,12.0,47.0,26.0,750.82
2022-11-24,GB,Leeds,pm25,41,13.0,53.0,38.0,919.06
2022-11-24,GB,Cardiff,pm25,93,17.0,61.0,46.0,776.19
2022-11-24,GB,Bristol,pm25,70,13.0,63.0,30.0,903.47
2022-11-24,GB,London,pm25,581,3.0,72.0,34.0,1787.66
2022-11-24,GB,Birmingham,pm25,42,13.0,46.0,30.0,809.37
2022-11-24,GB,Sheffield,pm25,94,14.0,55.0,29.0,850.0
2022-11-24,GB,Newport,pm25,47,21.0,53.0,38.0,786.94
2022-11-24,GB,Leicester,pm25,24,19.0,61.0,34.0,776.45
2022-11-24,GB,Manchester,pm25,77,15.0,64.0,38.0,2080.95
2022-11-24,GB,Reading,pm25,47,9.0,50.0,21.0,474.03
2022-11-24,GB,Plymouth,pm25,42,13.0,60.0,42.0,2925.48
2022-11-24,GB,Glasgow,pm25,570,2.0,56.0,26.0,909.83
2022-11-24,GB,Preston,pm25,39,15.0,41.0,25.0,504.67
2022-11-24,GB,Swansea,pm25,168,17.0,82.0,42.0,1888.66
2022-11-24,GB,Southend-on-Sea,pm25,48,13.0,53.0,34.0,863.19
2022-11-24,ID,Jakarta,pm25,71,17.0,104.0,60.0,4820.25
2022-11-24,ML,Bamako,pm25,24,65.0,232.0,132.0,20998.7
2022-11-24,NP,Kathmandu,pm25,48,59.0,161.0,117.0,9238.51
2022-11-24,NP,Biratnagar,pm25,37,53.0,317.0,67.0,24985.2
2022-11-24,AU,Sydney,pm25,129,1.0,96.0,20.0,2495.96
2022-11-24,AU,Newcastle,pm25,131,1.0,97.0,23.0,2489.59
2022-11-24,AU,Launceston,pm25,49,5.0,82.0,5.0,2075.77
2022-11-24,AU,Hobart,pm25,7,5.0,13.0,5.0,99.05
2022-11-24,AU,Darwin,pm25,70,2.0,105.0,12.0,3278.6
2022-11-24,AU,Melbourne,pm25,141,1.0,84.0,17.0,1512.05
2022-11-24,AU,Canberra,pm25,54,1.0,59.0,15.0,1791.95
2022-11-24,AU,Adelaide,pm25,87,1.0,73.0,13.0,971.97
2022-11-24,AU,Brisbane,pm25,192,5.0,150.0,28.0,2613.48
2022-11-24,AU,Perth,pm25,77,2.0,14.0,4.0,142.94
2022-11-24,AU,Wollongong,pm25,42,2.0,43.0,13.0,848.88
2022-11-24,CI,Abidjan,pm25,24,38.0,172.0,59.0,14693.8
2022-11-24,GH,Accra,pm25,24,42.0,127.0,70.0,7680.8
2022-11-24,IQ,Baghdad,pm25,24,147.0,310.0,179.0,29816.7
2022-11-24,IS,Reykjavík,pm25,96,5.0,18.0,8.0,115.08
2022-11-24,KG,Bishkek,pm25,24,53.0,224.0,65.0,20081.6
2022-11-24,NL,Utrecht,pm25,46,11.0,56.0,33.0,1322.86
2022-11-24,NL,Nijmegen,pm25,47,4.0,69.0,29.0,1585.19
2022-11-24,NL,Haarlem,pm25,143,3.0,96.0,34.0,2489.69
2022-11-24,NL,Eindhoven,pm25,24,8.0,53.0,30.0,1045.22
2022-11-24,NL,Rotterdam,pm25,192,8.0,57.0,31.0,953.58
2022-11-24,NL,Amsterdam,pm25,255,1.0,80.0,30.0,1501.91
2022-11-24,NL,Dordrecht,pm25,24,9.0,64.0,25.0,1207.66
2022-11-24,NL,Breda,pm25,43,5.0,57.0,29.0,1526.53
2022-11-24,NL,Groningen,pm25,47,4.0,39.0,16.0,736.64
2022-11-24,NL,Maastricht,pm25,80,5.0,59.0,25.0,931.59
2022-11-24,NL,The Hague,pm25,72,2.0,47.0,30.0,1068.51
2022-11-24,PT,Funchal,pm25,45,1.0,23.0,10.0,427.1
2022-11-24,CA,Hamilton,pm25,95,46.0,158.0,80.0,9482.89
2022-11-24,CA,Calgary,pm25,87,1.0,72.0,13.0,2384.47
2022-11-24,CA,Winnipeg,pm25,22,32.0,51.0,42.0,314.03
2022-11-24,CA,Halifax,pm25,44,6.0,21.0,12.0,138.2
2022-11-24,CA,Kitchener,pm25,35,38.0,119.0,72.0,4893.03
2022-11-24,CA,Edmonton,pm25,134,6.0,57.0,28.0,1407.76
2022-11-24,CA,Surrey,pm25,92,1.0,69.0,13.0,1860.19
2022-11-24,CA,Mississauga,pm25,72,38.0,139.0,78.0,4483.38
2022-11-24,CA,Québec,pm25,175,9.0,102.0,35.0,4822.65
2022-11-24,CA,Vancouver,pm25,166,4.0,70.0,15.0,1996.81
2022-11-24,CA,Victoria,pm25,47,5.0,82.0,30.0,2973.15
2022-11-24,CA,Montréal,pm25,473,6.0,73.0,44.0,2945.39
2022-11-24,CA,Toronto,pm25,138,42.0,129.0,72.0,3911.86
2022-11-24,CA,Ottawa,pm25,63,34.0,61.0,52.0,522.52
2022-11-24,CA,London,pm25,47,30.0,85.0,57.0,1653.89
2022-11-24,US,Oklahoma City,pm25,96,19.0,56.0,36.0,713.89
2022-11-24,US,Raleigh,pm25,69,9.0,70.0,38.0,2041.14
2022-11-24,US,Memphis,pm25,56,44.0,76.0,58.0,688.28
2022-11-24,US,Jackson,pm25,70,3.0,75.0,52.0,3023.46
2022-11-24,US,Boston,pm25,140,9.0,72.0,34.0,1039.67
2022-11-24,US,Richmond,pm25,96,21.0,91.0,54.0,2881.94
2022-11-24,US,Portland,pm25,161,9.0,80.0,33.0,3328.24
2022-11-24,US,Boise,pm25,24,12.0,85.0,45.0,4750.42
2022-11-24,US,Austin,pm25,35,5.0,57.0,38.0,3022.57
2022-11-24,US,Honolulu,pm25,41,5.0,38.0,13.0,975.12
2022-11-24,US,Fresno,pm25,48,72.0,173.0,103.0,7616.59
2022-11-24,US,Milwaukee,pm25,144,51.0,116.0,71.0,959.16
2022-11-24,US,Hartford,pm25,48,32.0,67.0,50.0,930.0
2022-11-24,US,Washington D.C.,pm25,96,38.0,91.0,61.0,1692.74
2022-11-24,US,Chicago,pm25,240,37.0,77.0,61.0,599.79
2022-11-24,US,Houston,pm25,82,2.0,130.0,34.0,4165.22
2022-11-24,US,Indianapolis,pm25,144,23.0,136.0,62.0,5472.91
2022-11-24,US,Atlanta,pm25,24,27.0,73.0,43.0,2491.29
2022-11-24,US,Charlotte,pm25,72,9.0,82.0,38.0,3964.49
2022-11-24,US,Sacramento,pm25,72,30.0,164.0,77.0,6980.97
2022-11-24,US,Oakland,pm25,95,5.0,147.0,46.0,8385.46
2022-11-24,US,Providence,pm25,72,9.0,74.0,34.0,2026.94
2022-11-24,US,Staten Island,pm25,72,8.0,72.0,43.0,2210.94
2022-11-24,US,Brooklyn,pm25,120,20.0,55.0,42.0,902.7
2022-11-24,US,Springfield,pm25,48,40.0,61.0,50.0,328.08
2022-11-24,US,The Bronx,pm25,48,27.0,46.0,31.0,191.47
2022-11-24,US,San Jose,pm25,93,9.0,139.0,53.0,10380.1
2022-11-24,US,Los Angeles,pm25,48,32.0,152.0,77.0,11244.9
2022-11-24,US,Detroit,pm25,168,53.0,154.0,85.0,4525.97
2022-11-24,US,Little Rock,pm25,14,26.0,53.0,43.0,585.71
2022-11-24,US,Baltimore,pm25,48,45.0,97.0,65.0,1169.89
2022-11-24,US,Phoenix,pm25,182,1.0,175.0,19.0,9438.74
2022-11-24,US,Omaha,pm25,47,5.0,53.0,34.0,1416.64
2022-11-24,US,El Paso,pm25,146,3.0,63.0,17.0,3101.2
2022-11-24,US,Dallas,pm25,20,5.0,55.0,30.0,2430.95
2022-11-24,US,Seattle,pm25,262,5.0,104.0,50.0,3774.95
2022-11-24,US,Manhattan,pm25,72,12.0,58.0,38.0,1018.28
2022-11-24,US,Miami,pm25,90,20.0,39.0,27.0,238.84
2022-11-24,US,Jacksonville,pm25,144,25.0,71.0,49.0,1295.72
2022-11-24,US,San Antonio,pm25,89,1.0,70.0,30.0,2763.01
2022-11-24,US,Philadelphia,pm25,94,2.0,100.0,53.0,4601.88
2022-11-24,US,San Diego,pm25,24,10.0,78.0,26.0,6042.59
2022-11-24,US,Columbus,pm25,48,8.0,110.0,44.0,5372.66
2022-11-24,US,Saint Paul,pm25,120,17.0,129.0,61.0,2540.39
2022-11-24,US,Denver,pm25,147,5.0,57.0,13.0,1140.03
2022-11-24,US,Salt Lake City,pm25,216,13.0,68.0,34.0,1640.33
2022-11-24,US,Albuquerque,pm25,48,8.0,46.0,13.0,594.88
2022-11-24,US,San Francisco,pm25,72,17.0,127.0,53.0,6321.47
2022-11-24,US,Salem,pm25,72,20.0,74.0,40.0,1545.98
2022-11-24,US,Madison,pm25,48,57.0,76.0,65.0,121.88
2022-11-24,US,Nashville,pm25,96,17.0,127.0,53.0,4097.63
2022-11-24,US,Tucson,pm25,154,5.0,122.0,25.0,5083.82
2022-11-24,US,Queens,pm25,96,11.0,109.0,38.0,2300.14
2022-11-24,US,Tallahassee,pm25,71,14.0,52.0,35.0,626.41
2022-11-24,US,Fort Worth,pm25,47,5.0,78.0,46.0,4783.41
2022-11-24,RS,Novi Sad,pm25,48,30.0,90.0,54.0,1715.73
2022-11-24,RS,Niš,pm25,48,21.0,142.0,60.0,7731.45
2022-11-24,RS,Belgrade,pm25,168,33.0,91.0,57.0,922.57
2022-11-24,CY,Nicosia,pm25,24,30.0,84.0,54.0,1566.01
2022-11-24,CY,Limassol,pm25,18,5.0,56.0,31.0,2408.89
2022-11-24,HR,Zagreb,pm25,24,68.0,171.0,100.0,11812.6
2022-11-24,HR,Rijeka,pm25,71,7.0,78.0,20.0,1821.96
2022-11-24,MK,Skopje,pm25,120,18.0,189.0,93.0,17998.3
2022-11-25,GE,Tbilisi,pm25,96,83.0,161.0,121.0,6751.62
2022-11-25,JP,Fukuoka,pm25,393,5.0,87.0,42.0,2221.8
2022-11-25,JP,Kanazawa,pm25,220,5.0,65.0,21.0,1160.34
2022-11-25,JP,Kumamoto,pm25,345,5.0,193.0,42.0,4494.54
2022-11-25,JP,Akita,pm25,36,9.0,65.0,25.0,1718.86
2022-11-25,JP,Kochi,pm25,46,5.0,65.0,25.0,1298.69
2022-11-25,JP,Gifu-shi,pm25,24,5.0,38.0,17.0,600.27
2022-11-25,JP,Kyoto,pm25,571,5.0,76.0,30.0,1832.87
2022-11-25,JP,Hiroshima,pm25,246,5.0,63.0,21.0,1652.67
2022-11-25,JP,Shizuoka,pm25,242,5.0,46.0,21.0,941.57
2022-11-25,JP,Chiba,pm25,698,5.0,70.0,21.0,2027.74
2022-11-25,JP,Sapporo,pm25,205,5.0,61.0,21.0,942.3
2022-11-25,JP,Yokohama,pm25,535,1.0,70.0,21.0,1627.29
2022-11-25,JP,Tokyo,pm25,2433,1.0,152.0,25.0,1737.94
2022-11-25,JP,Saitama,pm25,462,5.0,78.0,25.0,2172.43
2022-11-25,JP,Naha,pm25,144,5.0,50.0,21.0,995.95
2022-11-25,JP,Nagasaki,pm25,185,9.0,70.0,42.0,1132.06
2022-11-25,JP,Toyama,pm25,166,5.0,76.0,25.0,1603.47
2022-11-25,JP,Niigata,pm25,187,5.0,63.0,21.0,867.65
2022-11-25,JP,Nara-shi,pm25,185,5.0,76.0,30.0,1875.95
2022-11-25,JP,Okayama,pm25,268,5.0,68.0,25.0,1636.71
2022-11-25,JP,Sendai,pm25,462,5.0,61.0,21.0,1072.56
2022-11-25,JP,Osaka,pm25,1051,5.0,95.0,25.0,2262.51
2022-11-25,JP,Miyazaki,pm25,107,5.0,114.0,42.0,2325.06
2022-11-25,JP,Matsuyama,pm25,133,5.0,76.0,25.0,2629.01
2022-11-25,JP,Wakayama,pm25,260,5.0,91.0,25.0,1496.56
2022-11-25,JP,Takamatsu,pm25,211,5.0,53.0,17.0,1008.07
2022-11-25,JP,Nagoya,pm25,754,1.0,80.0,25.0,2206.4
2022-11-25,JP,Ōita,pm25,228,5.0,72.0,25.0,1590.69
2022-11-25,JP,Kobe,pm25,304,5.0,53.0,25.0,1121.53
2022-11-25,JP,Nagano,pm25,43,9.0,80.0,17.0,2996.36
2022-11-25,JP,Utsunomiya,pm25,24,9.0,63.0,42.0,1434.33
2022-11-25,JP,Kagoshima,pm25,96,21.0,61.0,42.0,531.76
2022-11-25,SK,Košice,pm25,94,42.0,97.0,72.0,1591.15
2022-11-25,SK,Bratislava,pm25,94,5.0,80.0,25.0,4140.42
2022-11-25,FI,Vantaa,pm25,24,15.0,42.0,28.0,347.54
2022-11-25,FI,Turku,pm25,24,18.0,42.0,35.0,732.45
2022-11-25,FI,Helsinki,pm25,115,11.0,53.0,27.0,870.8
2022-11-25,FI,Tampere,pm25,96,7.0,45.0,18.0,510.6
2022-11-25,ET,Addis Ababa,pm25,22,46.0,93.0,68.0,1704.52
2022-11-25,CH,Zürich,pm25,24,1.0,7.0,3.0,22.01
2022-11-25,CO,Bogotá,pm25,336,13.0,169.0,74.0,8162.86
2022-11-25,CO,Medellín,pm25,281,17.0,89.0,61.0,1721.35
2022-11-25,DK,Copenhagen,pm25,24,28.0,50.0,42.0,392.59
2022-11-25,GB,Edinburgh,pm25,280,4.0,51.0,19.0,663.12
2022-11-25,GB,Norwich,pm25,22,25.0,44.0,33.0,261.84
2022-11-25,GB,Liverpool,pm25,41,18.0,55.0,25.0,658.3
2022-11-25,GB,Belfast,pm25,54,17.0,76.0,30.0,1229.91
2022-11-25,GB,Coventry,pm25,57,17.0,51.0,29.0,388.48
2022-11-25,GB,Leeds,pm25,35,27.0,85.0,38.0,1176.17
2022-11-25,GB,Cardiff,pm25,96,21.0,65.0,46.0,1928.42
2022-11-25,GB,Bristol,pm25,72,17.0,61.0,38.0,1104.72
2022-11-25,GB,London,pm25,579,5.0,117.0,38.0,2120.02
2022-11-25,GB,Birmingham,pm25,40,18.0,52.0,29.0,481.53
2022-11-25,GB,Sheffield,pm25,77,19.0,59.0,27.0,401.05
2022-11-25,GB,Newport,pm25,46,17.0,39.0,32.0,560.42
2022-11-25,GB,Leicester,pm25,21,23.0,44.0,30.0,325.29
2022-11-25,GB,Manchester,pm25,81,13.0,65.0,36.0,1855.36
2022-11-25,GB,Reading,pm25,48,9.0,55.0,30.0,1546.38
2022-11-25,GB,Plymouth,pm25,44,17.0,72.0,42.0,2762.54
2022-11-25,GB,Glasgow,pm25,569,1.0,46.0,24.0,632.0
2022-11-25,GB,Preston,pm25,46,17.0,51.0,33.0,619.83
2022-11-25,GB,Swansea,pm25,160,5.0,76.0,34.0,1905.03
2022-11-25,GB,Southend-on-Sea,pm25,43,26.0,56.0,34.0,667.9
2022-11-25,ID,Jakarta,pm25,71,42.0,180.0,93.0,13242.4
2022-11-25,ML,Bamako,pm25,24,70.0,307.0,139.0,30562.8
2022-11-25,NP,Kathmandu,pm25,48,78.0,195.0,134.0,11393.9
2022-11-25,NP,Biratnagar,pm25,37,41.0,190.0,59.0,18660.9
2022-11-25,AU,Sydney,pm25,138,1.0,59.0,20.0,950.19
2022-11-25,AU,Newcastle,pm25,133,1.0,56.0,17.0,1108.15
2022-11-25,AU,Launceston,pm25,33,5.0,42.0,5.0,895.47
2022-11-25,AU,Hobart,pm25,17,5.0,21.0,5.0,222.35
2022-11-25,AU,Darwin,pm25,58,3.0,43.0,15.0,858.33
2022-11-25,AU,Melbourne,pm25,140,1.0,56.0,17.0,1560.09
2022-11-25,AU,Canberra,pm25,47,2.0,71.0,20.0,3057.36
2022-11-25,AU,Adelaide,pm25,72,1.0,72.0,13.0,2184.21
2022-11-25,AU,Brisbane,pm25,208,2.0,85.0,33.0,2064.23
2022-11-25,AU,Perth,pm25,74,2.0,13.0,4.0,91.81
2022-11-25,AU,Wollongong,pm25,47,5.0,55.0,19.0,1534.47
2022-11-25,CI,Abidjan,pm25,24,30.0,160.0,59.0,11553.0
2022-11-25,GH,Accra,pm25,24,42.0,102.0,65.0,2553.62
2022-11-25,IQ,Baghdad,pm25,24,142.0,183.0,157.0,765.05
2022-11-25,IS,Reykjavík,pm25,96,3.0,52.0,13.0,1850.52
2022-11-25,KG,Bishkek,pm25,24,38.0,137.0,80.0,7986.94
2022-11-25,NL,Utrecht,pm25,47,1.0,62.0,36.0,2180.32
2022-11-25,NL,Nijmegen,pm25,46,5.0,77.0,33.0,3218.32
2022-11-25,NL,Haarlem,pm25,137,6.0,101.0,31.0,2789.66
2022-11-25,NL,Eindhoven,pm25,24,10.0,69.0,38.0,2762.54
2022-11-25,NL,Rotterdam,pm25,192,4.0,61.0,28.0,1623.32
2022-11-25,NL,Amsterdam,pm25,258,1.0,71.0,29.0,1589.56
2022-11-25,NL,Dordrecht,pm25,23,1.0,42.0,21.0,1032.09
2022-11-25,NL,Breda,pm25,36,1.0,53.0,25.0,1461.99
2022-11-25,NL,Groningen,pm25,44,2.0,36.0,19.0,816.04
2022-11-25,NL,Maastricht,pm25,91,5.0,68.0,25.0,1511.07
2022-11-25,NL,The Hague,pm25,71,7.0,52.0,27.0,1138.0
2022-11-25,PT,Funchal,pm25,55,1.0,33.0,12.0,859.39
2022-11-25,CA,Hamilton,pm25,85,5.0,74.0,21.0,2772.29
2022-11-25,CA,Calgary,pm25,73,1.0,27.0,6.0,286.76
2022-11-25,CA,Winnipeg,pm25,24,20.0,42.0,26.0,481.74
2022-11-25,CA,Halifax,pm25,46,8.0,45.0,18.0,807.77
2022-11-25,CA,Kitchener,pm25,31,9.0,65.0,17.0,2181.23
2022-11-25,CA,Edmonton,pm25,134,1.0,58.0,28.0,2295.85
2022-11-25,CA,Surrey,pm25,94,1.0,63.0,15.0,1118.87
2022-11-25,CA,Mississauga,pm25,60,5.0,65.0,17.0,3900.97
2022-11-25,CA,Québec,pm25,186,5.0,98.0,49.0,3865.78
2022-11-25,CA,Vancouver,pm25,168,7.0,58.0,17.0,845.75
2022-11-25,CA,Victoria,pm25,43,5.0,85.0,25.0,3543.4
2022-11-25,CA,Montréal,pm25,426,3.0,73.0,56.0,4682.89
2022-11-25,CA,Toronto,pm25,117,5.0,72.0,25.0,3545.34
2022-11-25,CA,Ottawa,pm25,71,7.0,75.0,58.0,6276.91
2022-11-25,CA,London,pm25,46,13.0,68.0,25.0,3103.1
2022-11-25,US,Oklahoma City,pm25,96,26.0,62.0,43.0,873.61
2022-11-25,US,Raleigh,pm25,72,5.0,59.0,29.0,1662.24
2022-11-25,US,Memphis,pm25,48,40.0,73.0,61.0,686.79
2022-11-25,US,Jackson,pm25,72,1.0,58.0,25.0,2968.94
2022-11-25,US,Boston,pm25,139,5.0,72.0,34.0,2547.04
2022-11-25,US,Richmond,pm25,96,18.0,62.0,41.0,1516.66
2022-11-25,US,Portland,pm25,178,8.0,72.0,38.0,1838.91
2022-11-25,US,Boise,pm25,23,5.0,66.0,25.0,3554.43
2022-11-25,US,Austin,pm25,38,5.0,34.0,17.0,598.98
2022-11-25,US,Honolulu,pm25,47,5.0,42.0,21.0,649.5
2022-11-25,US,Fresno,pm25,48,37.0,172.0,95.0,13797.8
2022-11-25,US,Milwaukee,pm25,144,24.0,103.0,51.0,1319.65
2022-11-25,US,Hartford,pm25,48,7.0,61.0,47.0,3663.19
2022-11-25,US,Washington D.C.,pm25,95,5.0,65.0,39.0,1905.07
2022-11-25,US,Chicago,pm25,240,13.0,70.0,50.0,1367.68
2022-11-25,US,Houston,pm25,91,2.0,61.0,17.0,1308.99
2022-11-25,US,Indianapolis,pm25,144,13.0,132.0,58.0,4102.62
2022-11-25,US,Atlanta,pm25,24,23.0,47.0,35.0,422.32
2022-11-25,US,Charlotte,pm25,72,13.0,66.0,34.0,1181.85
2022-11-25,US,Sacramento,pm25,72,30.0,160.0,80.0,11033.6
2022-11-25,US,Oakland,pm25,96,9.0,137.0,68.0,6393.75
2022-11-25,US,Providence,pm25,65,5.0,63.0,25.0,2412.44
2022-11-25,US,Staten Island,pm25,72,11.0,62.0,28.0,2106.69
2022-11-25,US,Brooklyn,pm25,120,11.0,65.0,35.0,2010.18
2022-11-25,US,Springfield,pm25,48,33.0,114.0,60.0,1679.78
2022-11-25,US,The Bronx,pm25,48,13.0,42.0,25.0,504.4
2022-11-25,US,San Jose,pm25,90,5.0,151.0,68.0,10330.1
2022-11-25,US,Los Angeles,pm25,48,9.0,160.0,47.0,12657.0
2022-11-25,US,Detroit,pm25,167,4.0,88.0,36.0,3661.71
2022-11-25,US,Baltimore,pm25,48,17.0,80.0,42.0,2305.17
2022-11-25,US,Phoenix,pm25,191,2.0,166.0,24.0,11817.5
2022-11-25,US,Omaha,pm25,48,5.0,46.0,21.0,1032.27
2022-11-25,US,El Paso,pm25,144,4.0,73.0,15.0,3324.18
2022-11-25,US,Dallas,pm25,16,5.0,21.0,9.0,260.67
2022-11-25,US,Seattle,pm25,246,1.0,98.0,30.0,4016.06
2022-11-25,US,Manhattan,pm25,71,5.0,75.0,33.0,2287.69
2022-11-25,US,Miami,pm25,94,18.0,45.0,28.0,311.56
2022-11-25,US,Jacksonville,pm25,144,17.0,69.0,42.0,1180.4
2022-11-25,US,San Antonio,pm25,84,3.0,35.0,18.0,694.43
2022-11-25,US,Philadelphia,pm25,79,6.0,74.0,52.0,3346.6
2022-11-25,US,San Diego,pm25,24,9.0,50.0,25.0,1638.48
2022-11-25,US,Columbus,pm25,48,19.0,67.0,40.0,1486.27
2022-11-25,US,Saint Paul,pm25,120,5.0,55.0,31.0,1570.89
2022-11-25,US,Denver,pm25,128,5.0,82.0,17.0,2470.08
2022-11-25,US,Salt Lake City,pm25,216,11.0,64.0,44.0,1566.77
2022-11-25,US,Albuquerque,pm25,48,13.0,87.0,23.0,2999.36
2022-11-25,US,San Francisco,pm25,72,30.0,158.0,80.0,6645.92
2022-11-25,US,Salem,pm25,72,10.0,69.0,28.0,1956.04
2022-11-25,US,Madison,pm25,48,17.0,69.0,35.0,2713.61
2022-11-25,US,Nashville,pm25,93,23.0,95.0,44.0,2231.48
2022-11-25,US,Tucson,pm25,140,5.0,99.0,25.0,4052.56
2022-11-25,US,Queens,pm25,96,9.0,68.0,27.0,2126.21
2022-11-25,US,Tallahassee,pm25,72,3.0,48.0,28.0,1298.31
2022-11-25,US,Fort Worth,pm25,46,5.0,38.0,18.0,606.96
2022-11-25,RS,Novi Sad,pm25,48,53.0,160.0,72.0,13897.6
2022-11-25,RS,Niš,pm25,48,36.0,197.0,67.0,29137.4
2022-11-25,RS,Belgrade,pm25,168,43.0,164.0,71.0,10673.3
2022-11-25,CY,Nicosia,pm25,24,9.0,67.0,29.0,2603.32
2022-11-25,CY,Limassol,pm25,23,3.0,52.0,23.0,1773.4
2022-11-25,HR,Zagreb,pm25,23,94.0,175.0,141.0,6176.13
2022-11-25,HR,Rijeka,pm25,70,9.0,79.0,19.0,3621.66
2022-11-25,MK,Skopje,pm25,118,5.0,219.0,69.0,32672.6
2022-11-26,GE,Tbilisi,pm25,96,108.0,167.0,139.0,1722.0
2022-11-26,JP,Fukuoka,pm25,394,5.0,114.0,46.0,1726.22
2022-11-26,JP,Kanazawa,pm25,228,5.0,78.0,30.0,1978.51
2022-11-26,JP,Kumamoto,pm25,371,5.0,91.0,46.0,2342.82
2022-11-26,JP,Akita,pm25,40,9.0,112.0,34.0,4632.69
2022-11-26,JP,Kochi,pm25,48,5.0,53.0,21.0,1436.15
2022-11-26,JP,Gifu-shi,pm25,24,17.0,42.0,21.0,396.74
2022-11-26,JP,Kyoto,pm25,558,13.0,87.0,50.0,2022.24
2022-11-26,JP,Hiroshima,pm25,308,5.0,70.0,38.0,2233.44
2022-11-26,JP,Shizuoka,pm25,242,5.0,65.0,25.0,1206.91
2022-11-26,JP,Chiba,pm25,764,5.0,117.0,46.0,4048.92
2022-11-26,JP,Sapporo,pm25,213,5.0,63.0,30.0,1477.55
2022-11-26,JP,Yokohama,pm25,546,1.0,82.0,42.0,2926.75
2022-11-26,JP,Tokyo,pm25,2534,1.0,104.0,55.0,2484.65
2022-11-26,JP,Saitama,pm25,478,25.0,142.0,59.0,3594.58
2022-11-26,JP,Naha,pm25,110,5.0,34.0,13.0,958.37
2022-11-26,JP,Nagasaki,pm25,190,9.0,70.0,38.0,1352.61
2022-11-26,JP,Toyama,pm25,175,5.0,72.0,30.0,2305.77
2022-11-26,JP,Niigata,pm25,167,13.0,70.0,30.0,1367.72
2022-11-26,JP,Nara-shi,pm25,188,13.0,129.0,55.0,3309.32
2022-11-26,JP,Okayama,pm25,286,9.0,76.0,42.0,1585.34
2022-11-26,JP,Sendai,pm25,472,5.0,72.0,25.0,1105.59
2022-11-26,JP,Osaka,pm25,848,5.0,271.0,50.0,3826.69
2022-11-26,JP,Miyazaki,pm25,106,5.0,76.0,30.0,2027.13
2022-11-26,JP,Matsuyama,pm25,150,5.0,68.0,30.0,1780.98
2022-11-26,JP,Wakayama,pm25,277,5.0,91.0,30.0,3265.63
2022-11-26,JP,Takamatsu,pm25,232,5.0,63.0,34.0,1924.03
2022-11-26,JP,Nagoya,pm25,761,5.0,99.0,46.0,1778.44
2022-11-26,JP,Ōita,pm25,245,5.0,204.0,34.0,4130.23
2022-11-26,JP,Nagano,pm25,66,5.0,72.0,21.0,2446.51
2022-11-26,JP,Utsunomiya,pm25,24,50.0,82.0,63.0,897.37
2022-11-26,JP,Kagoshima,pm25,94,21.0,72.0,42.0,1152.81
2022-11-26,SK,Košice,pm25,96,46.0,151.0,93.0,3875.13
2022-11-26,SK,Bratislava,pm25,92,9.0,72.0,38.0,2855.09
2022-11-26,FI,Vantaa,pm25,24,13.0,48.0,34.0,1247.54
2022-11-26,FI,Turku,pm25,24,20.0,34.0,29.0,174.33
2022-11-26,FI,Helsinki,pm25,110,10.0,62.0,36.0,2101.79
2022-11-26,FI,Tampere,pm25,96,7.0,57.0,22.0,1391.71
2022-11-26,ET,Addis Ababa,pm25,20,50.0,82.0,65.0,863.66
2022-11-26,CH,Zürich,pm25,23,2.0,6.0,3.0,14.94
2022-11-26,CO,Bogotá,pm25,335,17.0,139.0,63.0,4426.19
2022-11-26,CO,Medellín,pm25,223,36.0,99.0,68.0,1535.0
2022-11-26,DK,Copenhagen,pm25,24,20.0,43.0,30.0,337.97
2022-11-26,GB,Edinburgh,pm25,277,2.0,168.0,13.0,2057.78
2022-11-26,GB,Norwich,pm25,19,35.0,65.0,38.0,800.94
2022-11-26,GB,Liverpool,pm25,36,21.0,42.0,30.0,221.04
2022-11-26,GB,Belfast,pm25,64,12.0,47.0,34.0,496.15
2022-11-26,GB,Coventry,pm25,51,25.0,34.0,30.0,50.74
2022-11-26,GB,Leeds,pm25,36,30.0,59.0,42.0,526.75
2022-11-26,GB,Cardiff,pm25,93,9.0,61.0,50.0,1548.94
2022-11-26,GB,Bristol,pm25,65,5.0,50.0,34.0,1050.9
2022-11-26,GB,London,pm25,557,3.0,173.0,33.0,2356.87
2022-11-26,GB,Birmingham,pm25,35,25.0,39.0,34.0,169.41
2022-11-26,GB,Sheffield,pm25,81,25.0,50.0,34.0,199.5
2022-11-26,GB,Newport,pm25,45,13.0,43.0,34.0,845.37
2022-11-26,GB,Leicester,pm25,21,14.0,35.0,30.0,174.9
2022-11-26,GB,Manchester,pm25,76,15.0,53.0,38.0,803.35
2022-11-26,GB,Reading,pm25,45,13.0,42.0,21.0,377.98
2022-11-26,GB,Plymouth,pm25,35,9.0,100.0,46.0,6306.69
2022-11-26,GB,Glasgow,pm25,557,1.0,44.0,10.0,1403.3
2022-11-26,GB,Preston,pm25,37,16.0,38.0,33.0,300.92
2022-11-26,GB,Swansea,pm25,165,5.0,78.0,30.0,2283.96
2022-11-26,GB,Southend-on-Sea,pm25,40,24.0,56.0,34.0,505.89
2022-11-26,ID,Jakarta,pm25,71,17.0,175.0,97.0,16934.0
2022-11-26,ML,Bamako,pm25,24,99.0,232.0,151.0,15227.8
2022-11-26,NP,Kathmandu,pm25,48,38.0,172.0,129.0,15554.4
2022-11-26,NP,Biratnagar,pm25,37,50.0,280.0,63.0,38001.4
2022-11-26,AU,Sydney,pm25,136,1.0,30.0,14.0,417.27
2022-11-26,AU,Newcastle,pm25,106,1.0,46.0,18.0,1121.32
2022-11-26,AU,Launceston,pm25,70,5.0,59.0,5.0,1241.2
2022-11-26,AU,Hobart,pm25,49,5.0,65.0,5.0,866.4
2022-11-26,AU,Darwin,pm25,44,1.0,31.0,11.0,516.85
2022-11-26,AU,Melbourne,pm25,152,1.0,86.0,18.0,1963.08
2022-11-26,AU,Canberra,pm25,53,2.0,65.0,23.0,1963.55
2022-11-26,AU,Adelaide,pm25,76,1.0,90.0,13.0,1738.93
2022-11-26,AU,Brisbane,pm25,216,3.0,115.0,34.0,1962.28
2022-11-26,AU,Perth,pm25,81,2.0,24.0,6.0,210.86
2022-11-26,AU,Wollongong,pm25,41,1.0,45.0,17.0,1377.39
2022-11-26,CI,Abidjan,pm25,24,25.0,70.0,55.0,1442.88
2022-11-26,GH,Accra,pm25,24,34.0,124.0,61.0,5927.54
2022-11-26,IQ,Baghdad,pm25,23,76.0,167.0,132.0,6882.02
2022-11-26,IS,Reykjavík,pm25,96,3.0,38.0,7.0,528.83
2022-11-26,KG,Bishkek,pm25,24,65.0,158.0,82.0,7420.85
2022-11-26,NL,Utrecht,pm25,48,25.0,75.0,55.0,833.03
2022-11-26,NL,Nijmegen,pm25,48,6.0,68.0,51.0,1543.58
2022-11-26,NL,Haarlem,pm25,143,2.0,108.0,45.0,3733.52
2022-11-26,NL,Eindhoven,pm25,24,43.0,74.0,56.0,629.4
2022-11-26,NL,Rotterdam,pm25,192,30.0,70.0,51.0,510.07
2022-11-26,NL,Amsterdam,pm25,264,12.0,80.0,49.0,1132.17
2022-11-26,NL,Dordrecht,pm25,24,17.0,61.0,46.0,1519.98
2022-11-26,NL,Breda,pm25,24,25.0,55.0,39.0,831.88
2022-11-26,NL,Groningen,pm25,48,9.0,58.0,34.0,1503.93
2022-11-26,NL,Maastricht,pm25,94,9.0,61.0,34.0,1493.26
2022-11-26,NL,The Hague,pm25,72,32.0,64.0,48.0,685.53
2022-11-26,PT,Funchal,pm25,55,1.0,41.0,20.0,1538.88
2022-11-26,CA,Hamilton,pm25,93,9.0,87.0,30.0,2397.95
2022-11-26,CA,Calgary,pm25,88,1.0,33.0,13.0,374.88
2022-11-26,CA,Winnipeg,pm25,23,18.0,24.0,18.0,57.47
2022-11-26,CA,Halifax,pm25,46,3.0,18.0,10.0,136.97
2022-11-26,CA,Kitchener,pm25,48,21.0,59.0,42.0,1251.98
2022-11-26,CA,Edmonton,pm25,126,1.0,350.0,16.0,16310.4
2022-11-26,CA,Surrey,pm25,96,4.0,54.0,20.0,881.87
2022-11-26,CA,Mississauga,pm25,66,9.0,132.0,25.0,3655.23
2022-11-26,CA,Québec,pm25,154,5.0,116.0,16.0,4150.13
2022-11-26,CA,Vancouver,pm25,167,6.0,93.0,18.0,1237.65
2022-11-26,CA,Victoria,pm25,47,5.0,61.0,17.0,1600.31
2022-11-26,CA,Montréal,pm25,349,3.0,58.0,15.0,1104.63
2022-11-26,CA,Toronto,pm25,137,5.0,65.0,25.0,2108.01
2022-11-26,CA,Ottawa,pm25,60,9.0,67.0,17.0,1450.63
2022-11-26,CA,London,pm25,38,25.0,53.0,34.0,503.67
2022-11-26,US,Oklahoma City,pm25,96,3.0,58.0,30.0,3361.22
2022-11-26,US,Raleigh,pm25,71,5.0,150.0,34.0,5817.69
2022-11-26,US,Memphis,pm25,57,11.0,63.0,51.0,2845.83
2022-11-26,US,Jackson,pm25,70,2.0,68.0,22.0,3720.16
2022-11-26,US,Boston,pm25,114,5.0,46.0,13.0,549.31
2022-11-26,US,Richmond,pm25,96,19.0,59.0,35.0,941.68
2022-11-26,US,Portland,pm25,192,5.0,76.0,34.0,2274.21
2022-11-26,US,Boise,pm25,23,11.0,65.0,54.0,3525.1
2022-11-26,US,Austin,pm25,27,5.0,63.0,17.0,2041.54
2022-11-26,US,Honolulu,pm25,40,5.0,38.0,13.0,586.25
2022-11-26,US,Fresno,pm25,48,43.0,166.0,98.0,12506.7
2022-11-26,US,Milwaukee,pm25,144,19.0,59.0,30.0,1191.03
2022-11-26,US,Hartford,pm25,48,4.0,68.0,10.0,1347.38
2022-11-26,US,Washington D.C.,pm25,91,5.0,61.0,27.0,2039.16
2022-11-26,US,Chicago,pm25,240,3.0,66.0,33.0,1761.2
2022-11-26,US,Houston,pm25,80,1.0,38.0,12.0,697.3
2022-11-26,US,Indianapolis,pm25,144,7.0,129.0,58.0,5570.75
2022-11-26,US,Atlanta,pm25,24,24.0,59.0,33.0,1497.32
2022-11-26,US,Charlotte,pm25,72,5.0,72.0,25.0,1927.88
2022-11-26,US,Sacramento,pm25,72,21.0,158.0,61.0,14500.6
2022-11-26,US,Oakland,pm25,96,13.0,91.0,50.0,3189.33
2022-11-26,US,Providence,pm25,55,5.0,30.0,13.0,389.19
2022-11-26,US,Staten Island,pm25,72,2.0,47.0,15.0,1104.72
2022-11-26,US,Brooklyn,pm25,119,7.0,55.0,20.0,1019.57
2022-11-26,US,Springfield,pm25,48,42.0,73.0,58.0,860.83
2022-11-26,US,The Bronx,pm25,48,9.0,55.0,23.0,1297.02
2022-11-26,US,San Jose,pm25,96,25.0,107.0,61.0,4043.95
2022-11-26,US,Los Angeles,pm25,48,5.0,112.0,51.0,6611.27
2022-11-26,US,Detroit,pm25,168,24.0,125.0,52.0,2296.23
2022-11-26,US,Little Rock,pm25,9,1.0,20.0,5.0,451.94
2022-11-26,US,Baltimore,pm25,47,17.0,65.0,30.0,1839.98
2022-11-26,US,Phoenix,pm25,192,3.0,139.0,49.0,11599.9
2022-11-26,US,Omaha,pm25,45,5.0,57.0,17.0,1139.68
2022-11-26,US,El Paso,pm25,145,2.0,78.0,17.0,3603.58
2022-11-26,US,Seattle,pm25,238,4.0,68.0,30.0,2161.83
2022-11-26,US,Manhattan,pm25,70,1.0,52.0,17.0,961.44
2022-11-26,US,Miami,pm25,87,24.0,55.0,33.0,260.52
2022-11-26,US,Jacksonville,pm25,144,14.0,56.0,38.0,981.46
2022-11-26,US,San Antonio,pm25,71,1.0,58.0,9.0,1778.8
2022-11-26,US,Philadelphia,pm25,68,5.0,115.0,27.0,4365.79
2022-11-26,US,San Diego,pm25,24,20.0,65.0,45.0,2003.89
2022-11-26,US,Columbus,pm25,48,20.0,73.0,48.0,1940.74
2022-11-26,US,Saint Paul,pm25,115,5.0,136.0,21.0,2666.28
2022-11-26,US,Denver,pm25,147,5.0,55.0,13.0,1078.69
2022-11-26,US,Salt Lake City,pm25,216,19.0,86.0,58.0,1666.12
2022-11-26,US,Albuquerque,pm25,48,5.0,75.0,13.0,4428.87
2022-11-26,US,San Francisco,pm25,72,9.0,74.0,46.0,2195.26
2022-11-26,US,Salem,pm25,72,12.0,68.0,38.0,1600.8
2022-11-26,US,Madison,pm25,48,19.0,60.0,25.0,730.2
2022-11-26,US,Nashville,pm25,95,9.0,74.0,42.0,2211.29
2022-11-26,US,Tucson,pm25,153,5.0,139.0,30.0,6890.57
2022-11-26,US,Queens,pm25,95,8.0,43.0,17.0,952.92
2022-11-26,US,Tallahassee,pm25,72,8.0,57.0,25.0,1520.05
2022-11-26,US,Fort Worth,pm25,29,3.0,25.0,9.0,421.95
2022-11-26,RS,Novi Sad,pm25,48,89.0,173.0,121.0,6729.46
2022-11-26,RS,Niš,pm25,48,77.0,176.0,123.0,8918.3
2022-11-26,RS,Belgrade,pm25,168,59.0,180.0,133.0,6786.59
2022-11-26,CY,Nicosia,pm25,24,8.0,157.0,37.0,16516.5
2022-11-26,CY,Limassol,pm25,24,13.0,99.0,23.0,4253.89
2022-11-26,HR,Zagreb,pm25,24,103.0,173.0,135.0,4997.97
2022-11-26,HR,Rijeka,pm25,70,6.0,49.0,18.0,656.93
2022-11-26,MK,Skopje,pm25,120,1.0,191.0,108.0,21894.4
2022-11-27,GE,Tbilisi,pm25,96,26.0,174.0,107.0,17545.2
2022-11-27,JP,Fukuoka,pm25,405,5.0,114.0,57.0,1055.54
2022-11-27,JP,Kanazawa,pm25,232,5.0,57.0,30.0,913.78
2022-11-27,JP,Kumamoto,pm25,369,5.0,155.0,53.0,4917.95
2022-11-27,JP,Akita,pm25,27,9.0,114.0,30.0,5372.17
2022-11-27,JP,Kochi,pm25,39,30.0,68.0,53.0,954.3
2022-11-27,JP,Gifu-shi,pm25,24,17.0,42.0,30.0,443.7
2022-11-27,JP,Kyoto,pm25,581,9.0,72.0,46.0,1254.97
2022-11-27,JP,Hiroshima,pm25,314,5.0,112.0,50.0,2532.47
2022-11-27,JP,Shizuoka,pm25,255,5.0,59.0,25.0,1661.53
2022-11-27,JP,Chiba,pm25,755,5.0,122.0,42.0,5610.02
2022-11-27,JP,Sapporo,pm25,206,5.0,65.0,38.0,1801.71
2022-11-27,JP,Yokohama,pm25,527,1.0,87.0,25.0,4069.73
2022-11-27,JP,Tokyo,pm25,2395,1.0,99.0,25.0,5727.56
2022-11-27,JP,Saitama,pm25,450,5.0,93.0,25.0,5219.07
2022-11-27,JP,Naha,pm25,139,13.0,46.0,30.0,634.39
2022-11-27,JP,Nagasaki,pm25,189,13.0,117.0,53.0,1239.46
2022-11-27,JP,Toyama,pm25,181,9.0,78.0,34.0,1689.13
2022-11-27,JP,Niigata,pm25,168,9.0,57.0,34.0,834.15
2022-11-27,JP,Nara-shi,pm25,188,17.0,109.0,46.0,1325.48
2022-11-27,JP,Okayama,pm25,285,13.0,99.0,53.0,1219.59
2022-11-27,JP,Sendai,pm25,477,5.0,55.0,30.0,799.88
2022-11-27,JP,Osaka,pm25,1065,5.0,87.0,42.0,1714.9
2022-11-27,JP,Miyazaki,pm25,112,5.0,95.0,50.0,3069.73
2022-11-27,JP,Matsuyama,pm25,158,9.0,85.0,50.0,2641.42
2022-11-27,JP,Wakayama,pm25,283,17.0,95.0,42.0,1324.71
2022-11-27,JP,Takamatsu,pm25,240,9.0,137.0,42.0,1824.2
2022-11-27,JP,Nagoya,pm25,755,1.0,82.0,34.0,1084.17
2022-11-27,JP,Ōita,pm25,259,5.0,999.0,50.0,37362.8
2022-11-27,JP,Kobe,pm25,38,5.0,57.0,38.0,1582.62
2022-11-27,JP,Nagano,pm25,65,5.0,50.0,17.0,938.66
2022-11-27,JP,Utsunomiya,pm25,24,13.0,57.0,46.0,1784.76
2022-11-27,JP,Kagoshima,pm25,96,21.0,70.0,50.0,1113.26
2022-11-27,SK,Košice,pm25,92,21.0,151.0,76.0,11022.0
2022-11-27,SK,Bratislava,pm25,92,9.0,76.0,38.0,2585.48
2022-11-27,FI,Vantaa,pm25,24,27.0,50.0,40.0,466.07
2022-11-27,FI,Turku,pm25,24,22.0,35.0,25.0,140.22
2022-11-27,FI,Helsinki,pm25,120,21.0,69.0,40.0,687.56
2022-11-27,FI,Tampere,pm25,96,19.0,56.0,28.0,747.93
2022-11-27,ET,Addis Ababa,pm25,19,50.0,76.0,57.0,654.8
2022-11-27,CH,Zürich,pm25,14,2.0,5.0,2.0,12.58
2022-11-27,CO,Bogotá,pm25,322,25.0,134.0,61.0,3440.15
2022-11-27,CO,Medellín,pm25,283,30.0,95.0,68.0,1339.43
2022-11-27,DK,Copenhagen,pm25,24,12.0,35.0,22.0,424.57
2022-11-27,GB,Edinburgh,pm25,282,1.0,165.0,34.0,2374.41
2022-11-27,GB,Norwich,pm25,20,21.0,50.0,34.0,760.5
2022-11-27,GB,Liverpool,pm25,47,4.0,63.0,53.0,1829.18
2022-11-27,GB,Belfast,pm25,49,18.0,55.0,38.0,981.9
2022-11-27,GB,Coventry,pm25,69,3.0,68.0,46.0,2849.86
2022-11-27,GB,Leeds,pm25,42,14.0,87.0,58.0,2076.98
2022-11-27,GB,Cardiff,pm25,96,21.0,76.0,59.0,1262.49
2022-11-27,GB,Bristol,pm25,71,13.0,78.0,50.0,3154.96
2022-11-27,GB,London,pm25,542,3.0,78.0,25.0,2702.36
2022-11-27,GB,Birmingham,pm25,45,4.0,74.0,55.0,3711.13
2022-11-27,GB,Sheffield,pm25,89,6.0,101.0,53.0,3647.17
2022-11-27,GB,Newport,pm25,46,12.0,63.0,57.0,1684.78
2022-11-27,GB,Leicester,pm25,22,7.0,82.0,52.0,4726.32
2022-11-27,GB,Manchester,pm25,82,5.0,79.0,59.0,4187.82
2022-11-27,GB,Plymouth,pm25,43,5.0,116.0,46.0,5871.12
2022-11-27,GB,Glasgow,pm25,564,1.0,59.0,38.0,1789.15
2022-11-27,GB,Preston,pm25,47,5.0,90.0,56.0,3085.62
2022-11-27,GB,Swansea,pm25,164,5.0,107.0,53.0,2744.67
2022-11-27,GB,Southend-on-Sea,pm25,45,6.0,55.0,25.0,1580.64
2022-11-27,ID,Jakarta,pm25,71,46.0,174.0,127.0,11513.1
2022-11-27,ML,Bamako,pm25,24,76.0,310.0,153.0,21617.4
2022-11-27,NP,Kathmandu,pm25,48,55.0,164.0,104.0,12024.0
2022-11-27,NP,Biratnagar,pm25,29,59.0,189.0,71.0,9343.57
2022-11-27,AU,Sydney,pm25,139,2.0,55.0,19.0,1724.81
2022-11-27,AU,Newcastle,pm25,105,1.0,77.0,18.0,1805.35
2022-11-27,AU,Launceston,pm25,74,5.0,17.0,5.0,75.59
2022-11-27,AU,Hobart,pm25,30,5.0,13.0,5.0,34.02
2022-11-27,AU,Darwin,pm25,46,1.0,29.0,8.0,410.76
2022-11-27,AU,Melbourne,pm25,154,1.0,54.0,18.0,1416.91
2022-11-27,AU,Canberra,pm25,57,1.0,79.0,30.0,2585.31
2022-11-27,AU,Adelaide,pm25,86,2.0,34.0,13.0,419.0
2022-11-27,AU,Brisbane,pm25,216,5.0,75.0,30.0,2447.24
2022-11-27,AU,Perth,pm25,83,2.0,46.0,6.0,871.22
2022-11-27,AU,Wollongong,pm25,43,3.0,64.0,20.0,2242.82
2022-11-27,CI,Abidjan,pm25,24,38.0,93.0,57.0,1427.66
2022-11-27,GH,Accra,pm25,24,50.0,132.0,72.0,3885.43
2022-11-27,IQ,Baghdad,pm25,24,68.0,155.0,119.0,8366.36
2022-11-27,IS,Reykjavík,pm25,96,3.0,25.0,6.0,280.28
2022-11-27,KG,Bishkek,pm25,24,74.0,171.0,153.0,11224.3
2022-11-27,NL,Utrecht,pm25,48,24.0,63.0,42.0,964.89
2022-11-27,NL,Nijmegen,pm25,48,18.0,61.0,32.0,1466.17
2022-11-27,NL,Haarlem,pm25,141,8.0,71.0,34.0,2011.65
2022-11-27,NL,Eindhoven,pm25,24,26.0,57.0,41.0,626.67
2022-11-27,NL,Rotterdam,pm25,192,17.0,62.0,32.0,981.84
2022-11-27,NL,Amsterdam,pm25,260,3.0,74.0,28.0,1588.92
2022-11-27,NL,Dordrecht,pm25,24,5.0,46.0,17.0,1073.46
2022-11-27,NL,Breda,pm25,24,9.0,35.0,19.0,522.01
2022-11-27,NL,Groningen,pm25,48,9.0,46.0,26.0,650.78
2022-11-27,NL,Maastricht,pm25,96,5.0,53.0,30.0,1254.16
2022-11-27,NL,The Hague,pm25,72,15.0,60.0,32.0,1061.38
2022-11-27,PT,Funchal,pm25,56,1.0,43.0,13.0,1489.35
2022-11-27,CA,Hamilton,pm25,92,5.0,63.0,30.0,1548.71
2022-11-27,CA,Calgary,pm25,60,1.0,112.0,8.0,1983.15
2022-11-27,CA,Winnipeg,pm25,20,17.0,18.0,18.0,2.21
2022-11-27,CA,Halifax,pm25,46,7.0,36.0,12.0,803.77
2022-11-27,CA,Kitchener,pm25,44,13.0,63.0,42.0,1583.19
2022-11-27,CA,Edmonton,pm25,119,2.0,37.0,15.0,460.13
2022-11-27,CA,Surrey,pm25,96,1.0,49.0,12.0,1003.16
2022-11-27,CA,Mississauga,pm25,65,9.0,55.0,34.0,1413.09
2022-11-27,CA,Québec,pm25,171,5.0,132.0,51.0,6568.0
2022-11-27,CA,Vancouver,pm25,168,2.0,51.0,14.0,806.11
2022-11-27,CA,Victoria,pm25,43,5.0,34.0,17.0,498.48
2022-11-27,CA,Montréal,pm25,381,9.0,77.0,33.0,2236.58
2022-11-27,CA,Toronto,pm25,141,5.0,63.0,34.0,1606.01
2022-11-27,CA,Ottawa,pm25,60,33.0,49.0,42.0,213.89
2022-11-27,CA,London,pm25,35,17.0,42.0,30.0,716.34
2022-11-27,US,Oklahoma City,pm25,96,8.0,50.0,19.0,944.77
2022-11-27,US,Raleigh,pm25,69,5.0,73.0,30.0,2937.93
2022-11-27,US,Memphis,pm25,72,13.0,31.0,19.0,184.63
2022-11-27,US,Jackson,pm25,70,1.0,36.0,14.0,481.71
2022-11-27,US,Boston,pm25,119,9.0,57.0,25.0,1344.5
2022-11-27,US,Richmond,pm25,88,11.0,57.0,34.0,1806.2
2022-11-27,US,Portland,pm25,191,3.0,61.0,17.0,1262.05
2022-11-27,US,Boise,pm25,22,5.0,80.0,19.0,4192.55
2022-11-27,US,Austin,pm25,33,5.0,59.0,25.0,2419.68
2022-11-27,US,Honolulu,pm25,35,5.0,46.0,9.0,750.67
2022-11-27,US,Fresno,pm25,48,66.0,160.0,93.0,10251.8
2022-11-27,US,Milwaukee,pm25,144,14.0,73.0,35.0,2757.71
2022-11-27,US,Hartford,pm25,48,10.0,66.0,30.0,1419.98
2022-11-27,US,Washington D.C.,pm25,89,21.0,65.0,42.0,1143.74
2022-11-27,US,Chicago,pm25,240,5.0,76.0,30.0,3816.71
2022-11-27,US,Houston,pm25,89,4.0,91.0,21.0,3803.51
2022-11-27,US,Indianapolis,pm25,141,4.0,69.0,26.0,3394.08
2022-11-27,US,Atlanta,pm25,24,11.0,33.0,18.0,424.06
2022-11-27,US,Charlotte,pm25,65,5.0,61.0,17.0,1977.82
2022-11-27,US,Sacramento,pm25,72,15.0,160.0,53.0,8962.16
2022-11-27,US,Oakland,pm25,96,9.0,89.0,57.0,2212.19
2022-11-27,US,Providence,pm25,64,5.0,55.0,21.0,851.21
2022-11-27,US,Staten Island,pm25,69,10.0,58.0,41.0,1979.67
2022-11-27,US,Brooklyn,pm25,120,9.0,65.0,40.0,1766.89
2022-11-27,US,Springfield,pm25,48,4.0,68.0,36.0,3830.21
2022-11-27,US,The Bronx,pm25,48,9.0,52.0,31.0,1464.95
2022-11-27,US,San Jose,pm25,95,9.0,119.0,50.0,7686.47
2022-11-27,US,Los Angeles,pm25,48,37.0,127.0,67.0,3407.44
2022-11-27,US,Detroit,pm25,168,6.0,130.0,53.0,2173.13
2022-11-27,US,Little Rock,pm25,39,3.0,73.0,11.0,4521.84
2022-11-27,US,Baltimore,pm25,48,18.0,93.0,41.0,2495.04
2022-11-27,US,Phoenix,pm25,192,9.0,166.0,55.0,13048.3
2022-11-27,US,Omaha,pm25,48,5.0,55.0,21.0,1048.61
2022-11-27,US,El Paso,pm25,131,3.0,119.0,21.0,6257.66
2022-11-27,US,Dallas,pm25,7,5.0,91.0,9.0,9659.05
2022-11-27,US,Seattle,pm25,235,2.0,50.0,17.0,812.87
2022-11-27,US,Manhattan,pm25,71,13.0,63.0,35.0,1513.11
2022-11-27,US,Miami,pm25,79,18.0,50.0,24.0,262.18
2022-11-27,US,Jacksonville,pm25,144,9.0,52.0,30.0,502.58
2022-11-27,US,San Antonio,pm25,90,1.0,98.0,27.0,3211.02
2022-11-27,US,Philadelphia,pm25,72,11.0,59.0,38.0,1683.36
2022-11-27,US,San Diego,pm25,24,17.0,95.0,56.0,3872.1
2022-11-27,US,Columbus,pm25,48,3.0,52.0,19.0,1331.38
2022-11-27,US,Saint Paul,pm25,117,5.0,75.0,21.0,2538.5
2022-11-27,US,Denver,pm25,135,5.0,61.0,17.0,790.49
2022-11-27,US,Salt Lake City,pm25,216,2.0,87.0,28.0,6863.81
2022-11-27,US,Albuquerque,pm25,48,6.0,65.0,10.0,2943.81
2022-11-27,US,San Francisco,pm25,71,21.0,80.0,55.0,975.99
2022-11-27,US,Salem,pm25,72,7.0,48.0,15.0,1131.82
2022-11-27,US,Madison,pm25,48,15.0,55.0,26.0,2054.02
2022-11-27,US,Nashville,pm25,90,5.0,28.0,17.0,347.15
2022-11-27,US,Tucson,pm25,152,5.0,117.0,30.0,5018.78
2022-11-27,US,Queens,pm25,94,9.0,54.0,36.0,1460.64
2022-11-27,US,Tallahassee,pm25,57,5.0,44.0,23.0,848.37
2022-11-27,US,Fort Worth,pm25,33,1.0,30.0,12.0,617.97
2022-11-27,RS,Novi Sad,pm25,48,73.0,157.0,113.0,6763.51
2022-11-27,RS,Niš,pm25,48,72.0,126.0,87.0,2148.92
2022-11-27,RS,Belgrade,pm25,168,72.0,163.0,126.0,6375.45
2022-11-27,CY,Nicosia,pm25,24,28.0,131.0,44.0,4783.46
2022-11-27,CY,Limassol,pm25,24,10.0,51.0,32.0,809.4
2022-11-27,HR,Zagreb,pm25,24,50.0,188.0,125.0,15507.8
2022-11-27,HR,Rijeka,pm25,69,10.0,60.0,21.0,834.21
2022-11-27,MK,Skopje,pm25,119,30.0,203.0,95.0,16053.1
2022-11-28,GE,Tbilisi,pm25,96,12.0,86.0,24.0,1726.72
2022-11-28,JP,Fukuoka,pm25,400,9.0,171.0,53.0,1900.52
2022-11-28,JP,Kanazawa,pm25,229,5.0,55.0,25.0,1215.23
2022-11-28,JP,Kumamoto,pm25,350,5.0,142.0,53.0,4482.78
2022-11-28,JP,Akita,pm25,21,13.0,38.0,25.0,464.33
2022-11-28,JP,Kochi,pm25,38,21.0,63.0,42.0,1025.81
2022-11-28,JP,Gifu-shi,pm25,24,9.0,68.0,21.0,2391.23
2022-11-28,JP,Kyoto,pm25,577,5.0,89.0,42.0,1798.71
2022-11-28,JP,Hiroshima,pm25,318,5.0,80.0,50.0,2688.32
2022-11-28,JP,Shizuoka,pm25,256,9.0,78.0,34.0,1615.69
2022-11-28,JP,Chiba,pm25,792,5.0,127.0,55.0,3171.79
2022-11-28,JP,Sapporo,pm25,209,5.0,57.0,25.0,1431.05
2022-11-28,JP,Yokohama,pm25,540,1.0,72.0,42.0,2028.38
2022-11-28,JP,Tokyo,pm25,2494,1.0,87.0,46.0,1645.51
2022-11-28,JP,Saitama,pm25,460,17.0,112.0,50.0,2200.51
2022-11-28,JP,Naha,pm25,138,5.0,30.0,17.0,234.06
2022-11-28,JP,Nagasaki,pm25,189,9.0,70.0,50.0,2243.33
2022-11-28,JP,Toyama,pm25,186,5.0,89.0,30.0,2162.67
2022-11-28,JP,Niigata,pm25,184,9.0,59.0,30.0,828.11
2022-11-28,JP,Nara-shi,pm25,186,9.0,122.0,50.0,2604.62
2022-11-28,JP,Okayama,pm25,288,25.0,82.0,50.0,906.2
2022-11-28,JP,Sendai,pm25,443,5.0,65.0,25.0,943.73
2022-11-28,JP,Osaka,pm25,1155,5.0,151.0,38.0,2985.8
2022-11-28,JP,Miyazaki,pm25,109,9.0,177.0,46.0,3659.4
2022-11-28,JP,Matsuyama,pm25,158,5.0,117.0,38.0,3659.51
2022-11-28,JP,Wakayama,pm25,287,9.0,89.0,38.0,1938.32
2022-11-28,JP,Takamatsu,pm25,240,9.0,74.0,34.0,1681.32
2022-11-28,JP,Nagoya,pm25,752,5.0,97.0,46.0,2095.52
2022-11-28,JP,Ōita,pm25,251,5.0,72.0,46.0,2442.58
2022-11-28,JP,Kobe,pm25,272,5.0,95.0,38.0,1679.21
2022-11-28,JP,Nagano,pm25,68,9.0,72.0,30.0,3838.64
2022-11-28,JP,Utsunomiya,pm25,24,25.0,87.0,46.0,2363.7
2022-11-28,JP,Kagoshima,pm25,95,13.0,65.0,42.0,929.24
2022-11-28,SK,Košice,pm25,96,25.0,172.0,53.0,6569.79
2022-11-28,SK,Bratislava,pm25,96,42.0,91.0,68.0,1201.62
2022-11-28,FI,Vantaa,pm25,24,18.0,50.0,42.0,1092.97
2022-11-28,FI,Turku,pm25,24,15.0,36.0,25.0,317.37
2022-11-28,FI,Helsinki,pm25,120,12.0,55.0,42.0,1748.85
2022-11-28,FI,Tampere,pm25,96,16.0,83.0,53.0,1088.71
2022-11-28,ET,Addis Ababa,pm25,13,50.0,147.0,59.0,6276.41
2022-11-28,CH,Zürich,pm25,23,2.0,9.0,5.0,28.77
2022-11-28,CO,Bogotá,pm25,322,17.0,174.0,74.0,9950.25
2022-11-28,CO,Medellín,pm25,289,21.0,85.0,55.0,1607.43
2022-11-28,DK,Copenhagen,pm25,24,26.0,57.0,35.0,540.71
2022-11-28,GB,Edinburgh,pm25,282,5.0,86.0,18.0,3341.94
2022-11-28,GB,Norwich,pm25,21,34.0,71.0,45.0,1078.9
2022-11-28,GB,Liverpool,pm25,44,34.0,144.0,50.0,4274.93
2022-11-28,GB,Belfast,pm25,68,21.0,125.0,34.0,2770.61
2022-11-28,GB,Coventry,pm25,57,34.0,70.0,46.0,642.9
2022-11-28,GB,Leeds,pm25,45,61.0,95.0,70.0,702.09
2022-11-28,GB,Cardiff,pm25,94,13.0,72.0,42.0,2322.35
2022-11-28,GB,Bristol,pm25,67,30.0,72.0,42.0,992.85
2022-11-28,GB,London,pm25,560,8.0,101.0,38.0,2194.58
2022-11-28,GB,Birmingham,pm25,37,42.0,69.0,55.0,403.36
2022-11-28,GB,Sheffield,pm25,81,42.0,94.0,55.0,863.24
2022-11-28,GB,Newport,pm25,46,17.0,47.0,30.0,545.51
2022-11-28,GB,Leicester,pm25,21,51.0,66.0,55.0,158.48
2022-11-28,GB,Manchester,pm25,83,30.0,98.0,54.0,2685.15
2022-11-28,GB,Reading,pm25,19,38.0,122.0,80.0,5812.05
2022-11-28,GB,Plymouth,pm25,45,9.0,61.0,30.0,2673.4
2022-11-28,GB,Glasgow,pm25,536,1.0,83.0,18.0,3569.22
2022-11-28,GB,Preston,pm25,47,36.0,111.0,53.0,2229.93
2022-11-28,GB,Swansea,pm25,164,5.0,152.0,25.0,4121.83
2022-11-28,GB,Southend-on-Sea,pm25,45,15.0,67.0,32.0,1275.73
2022-11-28,ID,Jakarta,pm25,67,34.0,162.0,97.0,12024.6
2022-11-28,ML,Bamako,pm25,24,80.0,247.0,144.0,20559.7
2022-11-28,NP,Kathmandu,pm25,48,59.0,164.0,104.0,9466.31
2022-11-28,NP,Biratnagar,pm25,37,57.0,243.0,83.0,18555.8
2022-11-28,AU,Sydney,pm25,141,1.0,59.0,16.0,755.27
2022-11-28,AU,Newcastle,pm25,118,2.0,71.0,22.0,1135.61
2022-11-28,AU,Launceston,pm25,71,5.0,21.0,5.0,77.07
2022-11-28,AU,Hobart,pm25,15,5.0,21.0,5.0,179.81
2022-11-28,AU,Darwin,pm25,37,1.0,16.0,7.0,189.01
2022-11-28,AU,Melbourne,pm25,145,1.0,45.0,18.0,1068.06
2022-11-28,AU,Canberra,pm25,54,1.0,52.0,17.0,1230.22
2022-11-28,AU,Adelaide,pm25,72,2.0,30.0,12.0,445.98
2022-11-28,AU,Brisbane,pm25,216,2.0,60.0,25.0,1656.42
2022-11-28,AU,Perth,pm25,90,2.0,55.0,7.0,832.1
2022-11-28,AU,Wollongong,pm25,45,1.0,52.0,18.0,1185.59
2022-11-28,CI,Abidjan,pm25,24,25.0,157.0,68.0,11456.5
2022-11-28,GH,Accra,pm25,24,55.0,104.0,78.0,2115.36
2022-11-28,IQ,Baghdad,pm25,24,97.0,160.0,114.0,5284.33
2022-11-28,IS,Reykjavík,pm25,96,6.0,28.0,12.0,280.08
2022-11-28,KG,Bishkek,pm25,24,137.0,187.0,161.0,1545.92
2022-11-28,NL,Utrecht,pm25,48,30.0,98.0,52.0,2745.53
2022-11-28,NL,Nijmegen,pm25,48,3.0,100.0,32.0,4834.25
2022-11-28,NL,Haarlem,pm25,144,3.0,100.0,39.0,2882.07
2022-11-28,NL,Eindhoven,pm25,24,18.0,88.0,49.0,3648.62
2022-11-28,NL,Rotterdam,pm25,191,20.0,99.0,60.0,3596.14
2022-11-28,NL,Amsterdam,pm25,263,9.0,99.0,55.0,3460.35
2022-11-28,NL,Dordrecht,pm25,24,9.0,76.0,50.0,3511.52
2022-11-28,NL,Breda,pm25,24,4.0,67.0,49.0,4635.63
2022-11-28,NL,Groningen,pm25,42,5.0,42.0,23.0,909.38
2022-11-28,NL,Maastricht,pm25,92,5.0,68.0,21.0,2308.48
2022-11-28,NL,The Hague,pm25,72,28.0,91.0,54.0,2897.46
2022-11-28,PT,Funchal,pm25,59,1.0,39.0,17.0,968.63
2022-11-28,CA,Hamilton,pm25,77,5.0,34.0,13.0,384.4
2022-11-28,CA,Calgary,pm25,69,1.0,26.0,11.0,345.86
2022-11-28,CA,Winnipeg,pm25,19,17.0,20.0,18.0,5.61
2022-11-28,CA,Halifax,pm25,46,3.0,39.0,11.0,1349.76
2022-11-28,CA,Kitchener,pm25,46,5.0,46.0,13.0,813.32
2022-11-28,CA,Edmonton,pm25,112,4.0,25.0,13.0,452.51
2022-11-28,CA,Surrey,pm25,86,2.0,31.0,10.0,630.75
2022-11-28,CA,Mississauga,pm25,51,5.0,21.0,13.0,236.93
2022-11-28,CA,Québec,pm25,169,5.0,75.0,20.0,3233.93
2022-11-28,CA,Vancouver,pm25,158,1.0,58.0,9.0,765.4
2022-11-28,CA,Victoria,pm25,43,5.0,63.0,17.0,1616.58
2022-11-28,CA,Montréal,pm25,358,3.0,73.0,18.0,2970.62
2022-11-28,CA,Toronto,pm25,119,5.0,30.0,13.0,307.2
2022-11-28,CA,Ottawa,pm25,48,7.0,34.0,12.0,672.34
2022-11-28,CA,London,pm25,42,9.0,30.0,17.0,353.73
2022-11-28,US,Oklahoma City,pm25,96,13.0,47.0,23.0,642.46
2022-11-28,US,Raleigh,pm25,58,5.0,25.0,10.0,305.15
2022-11-28,US,Memphis,pm25,72,20.0,53.0,33.0,607.29
2022-11-28,US,Jackson,pm25,72,1.0,68.0,30.0,1092.35
2022-11-28,US,Boston,pm25,87,5.0,34.0,9.0,433.23
2022-11-28,US,Richmond,pm25,96,3.0,35.0,15.0,773.53
2022-11-28,US,Portland,pm25,189,2.0,75.0,14.0,2049.9
2022-11-28,US,Boise,pm25,22,5.0,26.0,15.0,405.65
2022-11-28,US,Austin,pm25,42,9.0,68.0,38.0,2668.76
2022-11-28,US,Honolulu,pm25,39,5.0,30.0,13.0,519.15
2022-11-28,US,Fresno,pm25,48,3.0,152.0,69.0,15891.0
2022-11-28,US,Milwaukee,pm25,144,20.0,62.0,37.0,1254.55
2022-11-28,US,Hartford,pm25,46,3.0,15.0,8.0,105.78
2022-11-28,US,Washington D.C.,pm25,85,3.0,50.0,21.0,1153.86
2022-11-28,US,Chicago,pm25,240,5.0,134.0,33.0,1456.5
2022-11-28,US,Houston,pm25,95,12.0,72.0,41.0,1550.19
2022-11-28,US,Indianapolis,pm25,142,5.0,70.0,34.0,2921.41
2022-11-28,US,Atlanta,pm25,24,15.0,57.0,21.0,817.32
2022-11-28,US,Charlotte,pm25,63,5.0,46.0,17.0,754.72
2022-11-28,US,Sacramento,pm25,70,5.0,68.0,38.0,3783.62
2022-11-28,US,Oakland,pm25,91,5.0,63.0,25.0,2381.47
2022-11-28,US,Providence,pm25,45,5.0,38.0,13.0,498.45
2022-11-28,US,Staten Island,pm25,72,8.0,46.0,23.0,693.98
2022-11-28,US,Brooklyn,pm25,120,3.0,59.0,24.0,1024.52
2022-11-28,US,Springfield,pm25,48,33.0,67.0,45.0,622.54
2022-11-28,US,The Bronx,pm25,48,8.0,59.0,24.0,937.0
2022-11-28,US,San Jose,pm25,90,5.0,87.0,34.0,5026.4
2022-11-28,US,Los Angeles,pm25,48,23.0,100.0,52.0,1778.23
2022-11-28,US,Detroit,pm25,166,1.0,83.0,25.0,1660.24
2022-11-28,US,Little Rock,pm25,48,10.0,58.0,28.0,1634.73
2022-11-28,US,Baltimore,pm25,46,5.0,38.0,18.0,680.53
2022-11-28,US,Phoenix,pm25,192,5.0,117.0,41.0,6048.67
2022-11-28,US,Omaha,pm25,44,5.0,38.0,17.0,532.83
2022-11-28,US,El Paso,pm25,145,5.0,91.0,25.0,5843.54
2022-11-28,US,Dallas,pm25,21,5.0,42.0,17.0,1145.62
2022-11-28,US,Seattle,pm25,225,3.0,53.0,17.0,983.9
2022-11-28,US,Manhattan,pm25,66,3.0,40.0,21.0,760.91
2022-11-28,US,Miami,pm25,85,10.0,51.0,30.0,751.84
2022-11-28,US,Jacksonville,pm25,144,1.0,67.0,22.0,1587.28
2022-11-28,US,San Antonio,pm25,94,3.0,61.0,34.0,2204.8
2022-11-28,US,Philadelphia,pm25,69,2.0,84.0,20.0,3258.2
2022-11-28,US,San Diego,pm25,24,44.0,87.0,57.0,1892.1
2022-11-28,US,Columbus,pm25,48,17.0,59.0,35.0,1520.78
2022-11-28,US,Saint Paul,pm25,126,13.0,76.0,38.0,1219.87
2022-11-28,US,Denver,pm25,148,5.0,59.0,13.0,1100.27
2022-11-28,US,Salt Lake City,pm25,216,1.0,53.0,8.0,706.54
2022-11-28,US,Albuquerque,pm25,48,5.0,77.0,17.0,2586.66
2022-11-28,US,San Francisco,pm25,70,5.0,93.0,21.0,2422.17
2022-11-28,US,Salem,pm25,72,7.0,49.0,11.0,703.56
2022-11-28,US,Madison,pm25,48,26.0,58.0,38.0,1020.41
2022-11-28,US,Nashville,pm25,82,5.0,59.0,35.0,1968.49
2022-11-28,US,Tucson,pm25,144,5.0,61.0,21.0,1967.33
2022-11-28,US,Queens,pm25,96,7.0,53.0,22.0,878.23
2022-11-28,US,Tallahassee,pm25,67,8.0,147.0,23.0,4577.36
2022-11-28,US,Fort Worth,pm25,43,5.0,52.0,17.0,1729.16
2022-11-28,RS,Novi Sad,pm25,48,54.0,126.0,69.0,2804.18
2022-11-28,RS,Niš,pm25,48,37.0,121.0,79.0,5967.22
2022-11-28,RS,Belgrade,pm25,168,58.0,153.0,80.0,2406.74
2022-11-28,CY,Nicosia,pm25,24,36.0,96.0,62.0,2199.93
2022-11-28,CY,Limassol,pm25,22,12.0,63.0,54.0,1403.98
2022-11-28,HR,Zagreb,pm25,24,88.0,185.0,101.0,8669.28
2022-11-28,HR,Rijeka,pm25,70,16.0,73.0,29.0,1617.52
2022-11-28,MK,Skopje,pm25,120,39.0,209.0,99.0,21155.6
2022-11-29,GE,Tbilisi,pm25,80,14.0,67.0,56.0,2057.31
2022-11-29,JP,Fukuoka,pm25,365,5.0,109.0,21.0,2280.19
2022-11-29,JP,Kanazawa,pm25,203,5.0,46.0,13.0,976.17
2022-11-29,JP,Kumamoto,pm25,320,5.0,119.0,25.0,2440.12
2022-11-29,JP,Akita,pm25,21,13.0,38.0,30.0,399.33
2022-11-29,JP,Kochi,pm25,47,5.0,61.0,30.0,2300.81
2022-11-29,JP,Gifu-shi,pm25,24,9.0,30.0,17.0,390.42
2022-11-29,JP,Kyoto,pm25,564,5.0,74.0,38.0,2158.49
2022-11-29,JP,Hiroshima,pm25,283,5.0,87.0,38.0,3499.8
2022-11-29,JP,Shizuoka,pm25,248,5.0,78.0,30.0,2223.84
2022-11-29,JP,Chiba,pm25,765,5.0,99.0,38.0,3472.25
2022-11-29,JP,Sapporo,pm25,206,5.0,59.0,25.0,1501.88
2022-11-29,JP,Yokohama,pm25,538,1.0,68.0,38.0,2288.38
2022-11-29,JP,Tokyo,pm25,2475,1.0,144.0,50.0,2877.13
2022-11-29,JP,Saitama,pm25,449,5.0,109.0,55.0,4419.39
2022-11-29,JP,Naha,pm25,133,5.0,30.0,17.0,263.0
2022-11-29,JP,Nagasaki,pm25,160,5.0,63.0,21.0,1296.5
2022-11-29,JP,Toyama,pm25,127,5.0,65.0,17.0,2007.39
2022-11-29,JP,Niigata,pm25,212,5.0,55.0,21.0,1024.38
2022-11-29,JP,Nara-shi,pm25,188,5.0,85.0,57.0,3517.39
2022-11-29,JP,Okayama,pm25,269,5.0,76.0,42.0,2362.26
2022-11-29,JP,Sendai,pm25,474,5.0,65.0,34.0,864.12
2022-11-29,JP,Osaka,pm25,1126,5.0,89.0,38.0,3248.19
2022-11-29,JP,Miyazaki,pm25,100,5.0,102.0,30.0,2591.7
2022-11-29,JP,Matsuyama,pm25,147,5.0,78.0,30.0,2624.78
2022-11-29,JP,Wakayama,pm25,277,5.0,57.0,30.0,1630.33
2022-11-29,JP,Takamatsu,pm25,236,5.0,72.0,34.0,1904.21
2022-11-29,JP,Nagoya,pm25,728,1.0,59.0,25.0,1535.6
2022-11-29,JP,Ōita,pm25,210,5.0,57.0,17.0,1433.09
2022-11-29,JP,Kobe,pm25,377,5.0,72.0,34.0,1855.65
2022-11-29,JP,Nagano,pm25,58,5.0,50.0,25.0,985.31
2022-11-29,JP,Utsunomiya,pm25,24,17.0,85.0,70.0,4136.74
2022-11-29,JP,Kagoshima,pm25,91,9.0,50.0,25.0,832.78
2022-11-29,SK,Košice,pm25,95,53.0,163.0,76.0,3207.0
2022-11-29,SK,Bratislava,pm25,93,55.0,107.0,72.0,961.17
2022-11-29,FI,Vantaa,pm25,24,20.0,52.0,29.0,449.98
2022-11-29,FI,Turku,pm25,24,13.0,31.0,21.0,162.83
2022-11-29,FI,Helsinki,pm25,120,15.0,62.0,26.0,585.45
2022-11-29,FI,Tampere,pm25,96,5.0,68.0,40.0,3075.58
2022-11-29,ET,Addis Ababa,pm25,24,25.0,161.0,68.0,7219.06
2022-11-29,CH,Zürich,pm25,20,1.0,3.0,2.0,4.5
2022-11-29,CO,Bogotá,pm25,333,9.0,160.0,59.0,4312.1
2022-11-29,CO,Medellín,pm25,308,17.0,97.0,66.0,3175.18
2022-11-29,DK,Copenhagen,pm25,24,17.0,69.0,47.0,1807.37
2022-11-29,GB,Edinburgh,pm25,283,3.0,147.0,34.0,5501.84
2022-11-29,GB,Norwich,pm25,15,27.0,68.0,38.0,1662.1
2022-11-29,GB,Liverpool,pm25,42,42.0,91.0,64.0,616.07
2022-11-29,GB,Belfast,pm25,75,22.0,93.0,59.0,1542.05
2022-11-29,GB,Coventry,pm25,59,42.0,61.0,51.0,137.6
2022-11-29,GB,Leeds,pm25,42,42.0,112.0,65.0,1073.36
2022-11-29,GB,Cardiff,pm25,90,9.0,63.0,50.0,2022.15
2022-11-29,GB,Bristol,pm25,67,21.0,97.0,42.0,2529.21
2022-11-29,GB,London,pm25,563,5.0,112.0,53.0,2652.34
2022-11-29,GB,Birmingham,pm25,43,42.0,69.0,55.0,398.16
2022-11-29,GB,Sheffield,pm25,68,41.0,85.0,53.0,891.56
2022-11-29,GB,Newport,pm25,46,12.0,50.0,21.0,1112.87
2022-11-29,GB,Leicester,pm25,24,53.0,67.0,56.0,162.45
2022-11-29,GB,Manchester,pm25,77,21.0,107.0,81.0,4793.66
2022-11-29,GB,Reading,pm25,48,13.0,65.0,42.0,1920.78
2022-11-29,GB,Plymouth,pm25,45,5.0,151.0,30.0,7051.46
2022-11-29,GB,Glasgow,pm25,536,1.0,70.0,39.0,1535.98
2022-11-29,GB,Preston,pm25,46,50.0,108.0,63.0,1332.7
2022-11-29,GB,Swansea,pm25,161,5.0,87.0,30.0,2786.28
2022-11-29,GB,Southend-on-Sea,pm25,48,38.0,67.0,51.0,387.59
2022-11-29,ID,Jakarta,pm25,64,42.0,159.0,89.0,7535.52
2022-11-29,ML,Bamako,pm25,24,72.0,262.0,127.0,26193.9
2022-11-29,NP,Kathmandu,pm25,48,59.0,164.0,122.0,9625.04
2022-11-29,NP,Biratnagar,pm25,40,64.0,292.0,78.0,26008.7
2022-11-29,AU,Sydney,pm25,133,1.0,62.0,15.0,1032.82
2022-11-29,AU,Newcastle,pm25,124,2.0,96.0,19.0,2597.94
2022-11-29,AU,Launceston,pm25,92,5.0,34.0,5.0,187.14
2022-11-29,AU,Hobart,pm25,47,5.0,13.0,9.0,100.65
2022-11-29,AU,Darwin,pm25,37,1.0,25.0,9.0,453.8
2022-11-29,AU,Melbourne,pm25,140,1.0,60.0,25.0,1828.33
2022-11-29,AU,Canberra,pm25,60,1.0,58.0,19.0,2306.5
2022-11-29,AU,Adelaide,pm25,93,1.0,42.0,25.0,711.34
2022-11-29,AU,Brisbane,pm25,216,6.0,74.0,30.0,1994.63
2022-11-29,AU,Perth,pm25,83,2.0,200.0,6.0,13525.5
2022-11-29,AU,Wollongong,pm25,42,1.0,57.0,18.0,2053.57
2022-11-29,CI,Abidjan,pm25,24,38.0,149.0,63.0,7608.68
2022-11-29,GH,Accra,pm25,24,38.0,139.0,72.0,6131.01
2022-11-29,IQ,Baghdad,pm25,24,76.0,228.0,119.0,12878.0
2022-11-29,IS,Reykjavík,pm25,96,2.0,13.0,6.0,84.73
2022-11-29,KG,Bishkek,pm25,24,102.0,319.0,174.0,27983.4
2022-11-29,NL,Utrecht,pm25,48,10.0,93.0,56.0,2905.1
2022-11-29,NL,Nijmegen,pm25,48,37.0,94.0,66.0,2260.41
2022-11-29,NL,Haarlem,pm25,141,2.0,87.0,38.0,4362.22
2022-11-29,NL,Eindhoven,pm25,24,50.0,93.0,66.0,748.41
2022-11-29,NL,Rotterdam,pm25,192,40.0,122.0,67.0,2134.12
2022-11-29,NL,Amsterdam,pm25,261,5.0,101.0,51.0,3889.15
2022-11-29,NL,Dordrecht,pm25,24,26.0,78.0,51.0,1946.96
2022-11-29,NL,Breda,pm25,24,48.0,78.0,59.0,742.54
2022-11-29,NL,Groningen,pm25,37,1.0,60.0,25.0,2094.41
2022-11-29,NL,Maastricht,pm25,96,25.0,99.0,61.0,2403.26
2022-11-29,NL,The Hague,pm25,72,23.0,88.0,65.0,1601.02
2022-11-29,PT,Lisbon,pm25,39,18.0,53.0,26.0,952.1
2022-11-29,PT,Funchal,pm25,52,1.0,42.0,17.0,1297.99
2022-11-29,CA,Hamilton,pm25,88,9.0,72.0,34.0,2098.62
2022-11-29,CA,Calgary,pm25,90,4.0,33.0,12.0,630.21
2022-11-29,CA,Winnipeg,pm25,16,17.0,17.0,17.0,0.0
2022-11-29,CA,Halifax,pm25,46,4.0,20.0,10.0,174.14
2022-11-29,CA,Kitchener,pm25,48,17.0,55.0,34.0,1085.94
2022-11-29,CA,Edmonton,pm25,131,1.0,45.0,15.0,471.13
2022-11-29,CA,Surrey,pm25,87,1.0,33.0,8.0,371.17
2022-11-29,CA,Mississauga,pm25,66,13.0,162.0,25.0,3140.61
2022-11-29,CA,Québec,pm25,172,5.0,89.0,20.0,2955.13
2022-11-29,CA,Vancouver,pm25,155,1.0,25.0,10.0,267.33
2022-11-29,CA,Victoria,pm25,45,5.0,50.0,21.0,1188.46
2022-11-29,CA,Montréal,pm25,424,3.0,47.0,18.0,933.22
2022-11-29,CA,Toronto,pm25,132,5.0,53.0,21.0,957.61
2022-11-29,CA,Ottawa,pm25,51,7.0,40.0,20.0,990.54
2022-11-29,CA,London,pm25,47,9.0,72.0,34.0,3933.47
2022-11-29,US,Oklahoma City,pm25,96,10.0,42.0,22.0,410.89
2022-11-29,US,Raleigh,pm25,71,5.0,57.0,25.0,1361.61
2022-11-29,US,Memphis,pm25,72,17.0,43.0,30.0,326.2
2022-11-29,US,Jackson,pm25,72,5.0,44.0,27.0,1153.17
2022-11-29,US,Boston,pm25,99,5.0,50.0,21.0,827.44
2022-11-29,US,Richmond,pm25,96,21.0,45.0,29.0,391.92
2022-11-29,US,Portland,pm25,192,14.0,76.0,30.0,1930.3
2022-11-29,US,Boise,pm25,23,4.0,48.0,15.0,1285.14
2022-11-29,US,Austin,pm25,46,9.0,72.0,42.0,3012.41
2022-11-29,US,Honolulu,pm25,41,5.0,42.0,13.0,852.52
2022-11-29,US,Fresno,pm25,48,10.0,90.0,31.0,3662.96
2022-11-29,US,Milwaukee,pm25,143,7.0,77.0,58.0,2341.52
2022-11-29,US,Hartford,pm25,48,6.0,59.0,18.0,1363.55
2022-11-29,US,Washington D.C.,pm25,96,5.0,55.0,28.0,781.39
2022-11-29,US,Chicago,pm25,238,13.0,72.0,41.0,1787.08
2022-11-29,US,Houston,pm25,96,30.0,81.0,57.0,1331.72
2022-11-29,US,Indianapolis,pm25,143,9.0,81.0,51.0,3238.94
2022-11-29,US,Atlanta,pm25,24,28.0,52.0,40.0,537.81
2022-11-29,US,Charlotte,pm25,70,9.0,82.0,27.0,2341.72
2022-11-29,US,Sacramento,pm25,65,1.0,137.0,23.0,8719.51
2022-11-29,US,Oakland,pm25,88,5.0,55.0,21.0,1799.66
2022-11-29,US,Providence,pm25,70,5.0,65.0,21.0,2086.95
2022-11-29,US,Staten Island,pm25,82,6.0,72.0,30.0,1998.95
2022-11-29,US,Brooklyn,pm25,130,8.0,79.0,28.0,1601.1
2022-11-29,US,Springfield,pm25,48,23.0,62.0,35.0,1454.64
2022-11-29,US,The Bronx,pm25,48,8.0,79.0,28.0,2696.44
2022-11-29,US,San Jose,pm25,83,5.0,68.0,21.0,2010.51
2022-11-29,US,Los Angeles,pm25,47,25.0,71.0,50.0,1105.5
2022-11-29,US,Detroit,pm25,168,15.0,79.0,50.0,2567.29
2022-11-29,US,Little Rock,pm25,47,9.0,68.0,32.0,2299.5
2022-11-29,US,Baltimore,pm25,48,17.0,53.0,29.0,824.64
2022-11-29,US,Phoenix,pm25,190,9.0,95.0,43.0,3279.66
2022-11-29,US,Omaha,pm25,41,5.0,34.0,21.0,612.8
2022-11-29,US,El Paso,pm25,146,5.0,119.0,25.0,4893.03
2022-11-29,US,Dallas,pm25,23,9.0,34.0,25.0,544.51
2022-11-29,US,Seattle,pm25,255,5.0,65.0,27.0,1857.2
2022-11-29,US,Manhattan,pm25,71,3.0,53.0,28.0,1304.78
2022-11-29,US,Miami,pm25,80,16.0,36.0,24.0,203.15
2022-11-29,US,Jacksonville,pm25,141,1.0,84.0,36.0,2365.95
2022-11-29,US,San Antonio,pm25,94,7.0,117.0,48.0,2999.15
2022-11-29,US,Philadelphia,pm25,72,7.0,53.0,29.0,986.6
2022-11-29,US,San Diego,pm25,24,25.0,65.0,41.0,1424.76
2022-11-29,US,Columbus,pm25,47,10.0,71.0,37.0,4198.64
2022-11-29,US,Saint Paul,pm25,142,5.0,37.0,27.0,426.95
2022-11-29,US,Denver,pm25,131,5.0,59.0,13.0,1389.33
2022-11-29,US,Salt Lake City,pm25,216,1.0,65.0,8.0,1577.06
2022-11-29,US,Albuquerque,pm25,46,10.0,31.0,18.0,241.02
2022-11-29,US,San Francisco,pm25,66,5.0,72.0,17.0,2571.56
2022-11-29,US,Salem,pm25,72,13.0,31.0,21.0,166.92
2022-11-29,US,Madison,pm25,48,10.0,79.0,62.0,4076.15
2022-11-29,US,Nashville,pm25,71,8.0,61.0,36.0,2315.32
2022-11-29,US,Tucson,pm25,157,5.0,87.0,25.0,3406.94
2022-11-29,US,Queens,pm25,96,2.0,57.0,29.0,1370.0
2022-11-29,US,Tallahassee,pm25,69,8.0,66.0,36.0,1619.96
2022-11-29,US,Fort Worth,pm25,40,3.0,47.0,25.0,806.26
2022-11-29,RS,Novi Sad,pm25,48,54.0,106.0,67.0,2520.49
2022-11-29,RS,Niš,pm25,48,33.0,158.0,79.0,13311.3
2022-11-29,RS,Belgrade,pm25,168,40.0,102.0,62.0,1322.32
2022-11-29,CY,Nicosia,pm25,24,59.0,154.0,76.0,6427.81
2022-11-29,CY,Limassol,pm25,24,51.0,93.0,68.0,996.79
2022-11-29,HR,Zagreb,pm25,24,91.0,125.0,102.0,946.88
2022-11-29,HR,Rijeka,pm25,67,33.0,82.0,54.0,1204.98
2022-11-29,MK,Skopje,pm25,120,1.0,224.0,115.0,32037.1
2022-11-30,GE,Tbilisi,pm25,75,14.0,64.0,55.0,1176.61
2022-11-30,JP,Fukuoka,pm25,379,5.0,57.0,25.0,1572.88
2022-11-30,JP,Kanazawa,pm25,190,5.0,53.0,21.0,1679.04
2022-11-30,JP,Kumamoto,pm25,308,5.0,99.0,25.0,2710.39
2022-11-30,JP,Akita,pm25,24,13.0,61.0,21.0,1447.17
2022-11-30,JP,Kochi,pm25,46,5.0,46.0,21.0,1111.73
2022-11-30,JP,Gifu-shi,pm25,20,5.0,38.0,9.0,895.26
2022-11-30,JP,Kyoto,pm25,521,5.0,59.0,17.0,1423.55
2022-11-30,JP,Hiroshima,pm25,278,5.0,117.0,21.0,2050.57
2022-11-30,JP,Shizuoka,pm25,213,5.0,63.0,21.0,1458.55
2022-11-30,JP,Chiba,pm25,669,5.0,65.0,21.0,1932.35
2022-11-30,JP,Sapporo,pm25,200,5.0,55.0,25.0,1807.04
2022-11-30,JP,Yokohama,pm25,501,1.0,57.0,21.0,1604.26
2022-11-30,JP,Tokyo,pm25,2234,1.0,70.0,25.0,1479.2
2022-11-30,JP,Saitama,pm25,417,5.0,63.0,25.0,1574.35
2022-11-30,JP,Naha,pm25,129,5.0,34.0,17.0,533.25
2022-11-30,JP,Nagasaki,pm25,176,5.0,55.0,21.0,1414.37
2022-11-30,JP,Toyama,pm25,146,5.0,65.0,21.0,2202.75
2022-11-30,JP,Niigata,pm25,193,5.0,55.0,17.0,1729.84
2022-11-30,JP,Nara-shi,pm25,168,5.0,57.0,17.0,993.47
2022-11-30,JP,Okayama,pm25,249,5.0,50.0,21.0,801.69
2022-11-30,JP,Sendai,pm25,364,5.0,55.0,17.0,1627.44
2022-11-30,JP,Osaka,pm25,951,5.0,61.0,13.0,1260.95
2022-11-30,JP,Miyazaki,pm25,101,5.0,68.0,34.0,2644.58
2022-11-30,JP,Matsuyama,pm25,125,5.0,97.0,21.0,2492.05
2022-11-30,JP,Wakayama,pm25,246,5.0,53.0,13.0,972.32
2022-11-30,JP,Takamatsu,pm25,207,5.0,50.0,17.0,958.37
2022-11-30,JP,Nagoya,pm25,630,5.0,65.0,17.0,1157.6
2022-11-30,JP,Ōita,pm25,228,5.0,55.0,25.0,1639.98
2022-11-30,JP,Kobe,pm25,295,5.0,53.0,13.0,907.28
2022-11-30,JP,Nagano,pm25,29,5.0,30.0,9.0,280.44
2022-11-30,JP,Utsunomiya,pm25,24,5.0,65.0,30.0,4427.54
2022-11-30,JP,Kagoshima,pm25,95,9.0,55.0,30.0,1604.17
2022-11-30,SK,Košice,pm25,96,34.0,102.0,61.0,1235.92
2022-11-30,SK,Bratislava,pm25,95,21.0,107.0,72.0,2867.97
2022-11-30,FI,Vantaa,pm25,21,13.0,37.0,25.0,515.48
2022-11-30,FI,Turku,pm25,24,10.0,29.0,16.0,285.43
2022-11-30,FI,Helsinki,pm25,120,13.0,45.0,24.0,658.33
2022-11-30,FI,Tampere,pm25,96,18.0,52.0,41.0,765.05
2022-11-30,ET,Addis Ababa,pm25,18,50.0,119.0,59.0,2591.93
2022-11-30,CH,Zürich,pm25,17,1.0,10.0,2.0,43.68
2022-11-30,CO,Bogotá,pm25,332,5.0,149.0,54.0,5471.37
2022-11-30,CO,Medellín,pm25,288,21.0,109.0,65.0,2527.4
2022-11-30,DK,Copenhagen,pm25,24,25.0,56.0,48.0,846.96
2022-11-30,GB,Edinburgh,pm25,283,5.0,122.0,45.0,4903.26
2022-11-30,GB,Norwich,pm25,22,38.0,77.0,48.0,1682.6
2022-11-30,GB,Liverpool,pm25,43,50.0,74.0,55.0,225.82
2022-11-30,GB,Belfast,pm25,65,22.0,93.0,53.0,1373.28
2022-11-30,GB,Coventry,pm25,71,28.0,72.0,57.0,799.61
2022-11-30,GB,Leeds,pm25,36,59.0,85.0,68.0,408.54
2022-11-30,GB,Cardiff,pm25,120,5.0,99.0,61.0,4858.31
2022-11-30,GB,Bristol,pm25,71,38.0,152.0,61.0,4899.62
2022-11-30,GB,London,pm25,569,18.0,117.0,61.0,2126.44
2022-11-30,GB,Birmingham,pm25,44,34.0,72.0,55.0,1010.0
2022-11-30,GB,Sheffield,pm25,77,43.0,95.0,60.0,1279.11
2022-11-30,GB,Newport,pm25,46,42.0,79.0,50.0,1736.37
2022-11-30,GB,Leicester,pm25,24,35.0,87.0,58.0,1586.36
2022-11-30,GB,Manchester,pm25,81,25.0,74.0,49.0,2258.69
2022-11-30,GB,Reading,pm25,48,38.0,132.0,68.0,6467.16
2022-11-30,GB,Plymouth,pm25,41,13.0,100.0,55.0,4339.72
2022-11-30,GB,Glasgow,pm25,553,1.0,60.0,36.0,1194.29
2022-11-30,GB,Preston,pm25,39,39.0,68.0,55.0,516.41
2022-11-30,GB,Swansea,pm25,163,5.0,65.0,30.0,2309.92
2022-11-30,GB,Southend-on-Sea,pm25,43,39.0,72.0,54.0,770.45
2022-11-30,ID,Jakarta,pm25,62,55.0,158.0,80.0,7435.23
2022-11-30,ML,Bamako,pm25,24,76.0,197.0,149.0,12752.8
2022-11-30,NP,Kathmandu,pm25,48,63.0,172.0,134.0,9705.94
2022-11-30,NP,Biratnagar,pm25,34,52.0,178.0,69.0,9765.42
2022-11-30,AU,Sydney,pm25,144,3.0,43.0,21.0,566.32
2022-11-30,AU,Newcastle,pm25,144,3.0,60.0,23.0,1305.49
2022-11-30,AU,Launceston,pm25,58,5.0,21.0,5.0,107.3
2022-11-30,AU,Hobart,pm25,29,5.0,21.0,5.0,189.56
2022-11-30,AU,Darwin,pm25,56,1.0,55.0,13.0,1313.24
2022-11-30,AU,Melbourne,pm25,137,1.0,52.0,20.0,1375.51
2022-11-30,AU,Canberra,pm25,65,1.0,61.0,22.0,2315.38
2022-11-30,AU,Adelaide,pm25,72,5.0,76.0,9.0,913.42
2022-11-30,AU,Brisbane,pm25,216,1.0,66.0,33.0,2342.78
2022-11-30,AU,Perth,pm25,87,2.0,51.0,12.0,1265.17
2022-11-30,AU,Wollongong,pm25,47,3.0,53.0,21.0,1204.32
2022-11-30,CI,Abidjan,pm25,24,17.0,119.0,46.0,5243.46
2022-11-30,GH,Accra,pm25,24,46.0,139.0,61.0,5725.92
2022-11-30,IQ,Baghdad,pm25,24,95.0,163.0,137.0,4897.37
2022-11-30,IS,Reykjavík,pm25,96,1.0,43.0,4.0,1348.81
2022-11-30,KG,Bishkek,pm25,24,61.0,139.0,85.0,3272.39
2022-11-30,NL,Utrecht,pm25,48,52.0,94.0,65.0,909.04
2022-11-30,NL,Nijmegen,pm25,45,29.0,87.0,61.0,1110.25
2022-11-30,NL,Haarlem,pm25,140,2.0,107.0,57.0,4823.83
2022-11-30,NL,Eindhoven,pm25,24,42.0,87.0,67.0,1083.48
2022-11-30,NL,Rotterdam,pm25,192,36.0,150.0,62.0,1684.19
2022-11-30,NL,Amsterdam,pm25,263,3.0,109.0,62.0,2897.49
2022-11-30,NL,Dordrecht,pm25,24,34.0,78.0,53.0,846.3
2022-11-30,NL,Breda,pm25,24,38.0,64.0,56.0,399.06
2022-11-30,NL,Groningen,pm25,43,53.0,97.0,69.0,2157.4
2022-11-30,NL,Maastricht,pm25,92,50.0,89.0,65.0,649.77
2022-11-30,NL,The Hague,pm25,72,19.0,87.0,59.0,2509.48
2022-11-30,PT,Lisbon,pm25,71,20.0,59.0,45.0,1623.35
2022-11-30,PT,Funchal,pm25,56,1.0,36.0,20.0,950.52
2022-11-30,CA,Hamilton,pm25,88,5.0,50.0,21.0,1047.21
2022-11-30,CA,Calgary,pm25,92,10.0,45.0,26.0,811.61
2022-11-30,CA,Winnipeg,pm25,19,15.0,16.0,15.0,2.57
2022-11-30,CA,Halifax,pm25,46,8.0,48.0,23.0,899.1
2022-11-30,CA,Kitchener,pm25,40,13.0,42.0,25.0,562.33
2022-11-30,CA,Edmonton,pm25,130,2.0,28.0,13.0,342.65
2022-11-30,CA,Surrey,pm25,95,2.0,61.0,15.0,2017.34
2022-11-30,CA,Mississauga,pm25,69,9.0,46.0,21.0,770.17
2022-11-30,CA,Québec,pm25,171,5.0,76.0,20.0,2185.06
2022-11-30,CA,Vancouver,pm25,168,3.0,74.0,13.0,1558.78
2022-11-30,CA,Victoria,pm25,39,5.0,76.0,25.0,3356.05
2022-11-30,CA,Montréal,pm25,427,3.0,61.0,21.0,2016.67
2022-11-30,CA,Toronto,pm25,133,5.0,57.0,17.0,1194.01
2022-11-30,CA,Ottawa,pm25,66,5.0,40.0,25.0,1115.21
2022-11-30,CA,London,pm25,30,13.0,25.0,17.0,129.47
2022-11-30,US,Oklahoma City,pm25,96,8.0,52.0,15.0,740.89
2022-11-30,US,Raleigh,pm25,67,5.0,53.0,23.0,1326.95
2022-11-30,US,Memphis,pm25,72,12.0,47.0,20.0,658.31
2022-11-30,US,Jackson,pm25,71,5.0,126.0,20.0,5161.52
2022-11-30,US,Boston,pm25,120,5.0,55.0,21.0,838.78
2022-11-30,US,Richmond,pm25,96,10.0,56.0,22.0,1374.72
2022-11-30,US,Portland,pm25,185,2.0,63.0,15.0,1038.39
2022-11-30,US,Boise,pm25,21,2.0,21.0,13.0,334.9
2022-11-30,US,Austin,pm25,32,5.0,38.0,9.0,1157.42
2022-11-30,US,Honolulu,pm25,40,5.0,38.0,13.0,799.69
2022-11-30,US,Fresno,pm25,47,20.0,94.0,51.0,2983.78
2022-11-30,US,Milwaukee,pm25,144,12.0,55.0,23.0,693.66
2022-11-30,US,Hartford,pm25,48,5.0,53.0,45.0,3207.59
2022-11-30,US,Washington D.C.,pm25,93,5.0,46.0,21.0,933.84
2022-11-30,US,Chicago,pm25,236,1.0,47.0,24.0,534.5
2022-11-30,US,Houston,pm25,80,2.0,73.0,18.0,5549.01
2022-11-30,US,Indianapolis,pm25,143,4.0,54.0,24.0,1134.22
2022-11-30,US,Atlanta,pm25,24,14.0,48.0,21.0,989.57
2022-11-30,US,Charlotte,pm25,70,5.0,59.0,21.0,2050.03
2022-11-30,US,Sacramento,pm25,68,5.0,91.0,42.0,4022.43
2022-11-30,US,Oakland,pm25,85,5.0,63.0,25.0,2949.57
2022-11-30,US,Providence,pm25,61,5.0,124.0,25.0,4369.45
2022-11-30,US,Staten Island,pm25,87,1.0,76.0,27.0,4380.9
2022-11-30,US,Brooklyn,pm25,138,3.0,56.0,26.0,1570.39
2022-11-30,US,Springfield,pm25,48,11.0,30.0,15.0,122.53
2022-11-30,US,The Bronx,pm25,48,4.0,45.0,19.0,1231.9
2022-11-30,US,San Jose,pm25,91,5.0,68.0,30.0,2520.25
2022-11-30,US,Los Angeles,pm25,48,11.0,102.0,45.0,2509.78
2022-11-30,US,Detroit,pm25,159,1.0,66.0,33.0,887.4
2022-11-30,US,Little Rock,pm25,47,2.0,151.0,16.0,6586.72
2022-11-30,US,Baltimore,pm25,46,9.0,50.0,21.0,724.91
2022-11-30,US,Phoenix,pm25,191,8.0,90.0,42.0,4254.05
2022-11-30,US,Omaha,pm25,45,5.0,50.0,17.0,1023.16
2022-11-30,US,El Paso,pm25,158,5.0,82.0,34.0,3284.64
2022-11-30,US,Dallas,pm25,20,5.0,34.0,13.0,849.97
2022-11-30,US,Seattle,pm25,248,1.0,103.0,21.0,2038.74
2022-11-30,US,Manhattan,pm25,67,1.0,53.0,21.0,1440.22
2022-11-30,US,Miami,pm25,79,17.0,38.0,25.0,117.33
2022-11-30,US,Jacksonville,pm25,142,4.0,57.0,27.0,669.84
2022-11-30,US,San Antonio,pm25,77,1.0,66.0,14.0,2039.9
2022-11-30,US,Philadelphia,pm25,75,2.0,68.0,21.0,1329.56
2022-11-30,US,San Diego,pm25,24,30.0,63.0,43.0,719.13
2022-11-30,US,Columbus,pm25,47,3.0,40.0,21.0,698.59
2022-11-30,US,Saint Paul,pm25,126,5.0,38.0,16.0,294.78
2022-11-30,US,Denver,pm25,160,9.0,82.0,53.0,2933.62
2022-11-30,US,Salt Lake City,pm25,212,1.0,60.0,20.0,1489.0
2022-11-30,US,Albuquerque,pm25,48,13.0,86.0,24.0,3399.08
2022-11-30,US,San Francisco,pm25,71,5.0,59.0,17.0,1517.8
2022-11-30,US,Salem,pm25,72,6.0,38.0,13.0,463.38
2022-11-30,US,Madison,pm25,48,15.0,35.0,21.0,435.74
2022-11-30,US,Nashville,pm25,72,9.0,52.0,22.0,995.18
2022-11-30,US,Tucson,pm25,152,5.0,80.0,30.0,2787.86
2022-11-30,US,Queens,pm25,93,2.0,43.0,23.0,820.47
2022-11-30,US,Tallahassee,pm25,69,2.0,54.0,30.0,1607.05
2022-11-30,US,Fort Worth,pm25,40,1.0,38.0,11.0,877.38
2022-11-30,RS,Novi Sad,pm25,48,16.0,110.0,51.0,11486.7
2022-11-30,RS,Niš,pm25,48,14.0,100.0,30.0,4907.76
2022-11-30,RS,Belgrade,pm25,168,9.0,47.0,26.0,821.2
2022-11-30,CY,Nicosia,pm25,24,54.0,153.0,78.0,6022.88
2022-11-30,CY,Limassol,pm25,24,46.0,95.0,70.0,1439.4
2022-11-30,HR,Zagreb,pm25,21,57.0,94.0,78.0,1268.62
2022-11-30,HR,Rijeka,pm25,68,4.0,69.0,9.0,2453.21
2022-11-30,MK,Skopje,pm25,105,1.0,199.0,154.0,23291.4
2022-12-01,GE,Tbilisi,pm25,72,26.0,43.0,34.0,222.91
2022-12-01,JP,Fukuoka,pm25,376,5.0,93.0,17.0,768.83
2022-12-01,JP,Kanazawa,pm25,124,5.0,30.0,9.0,350.31
2022-12-01,JP,Kumamoto,pm25,312,5.0,177.0,17.0,2243.85
2022-12-01,JP,Akita,pm25,36,5.0,68.0,17.0,2250.94
2022-12-01,JP,Kochi,pm25,40,5.0,42.0,13.0,644.39
2022-12-01,JP,Gifu-shi,pm25,12,5.0,17.0,9.0,120.0
2022-12-01,JP,Kyoto,pm25,461,5.0,50.0,13.0,743.23
2022-12-01,JP,Hiroshima,pm25,239,5.0,55.0,13.0,1088.64
2022-12-01,JP,Shizuoka,pm25,226,5.0,50.0,17.0,919.03
2022-12-01,JP,Chiba,pm25,535,5.0,104.0,13.0,1368.95
2022-12-01,JP,Sapporo,pm25,188,5.0,46.0,13.0,881.76
2022-12-01,JP,Yokohama,pm25,464,1.0,50.0,13.0,804.21
2022-12-01,JP,Tokyo,pm25,2102,1.0,74.0,17.0,1109.77
2022-12-01,JP,Saitama,pm25,420,5.0,63.0,17.0,828.96
2022-12-01,JP,Naha,pm25,141,5.0,25.0,17.0,281.45
2022-12-01,JP,Nagasaki,pm25,169,5.0,57.0,13.0,1132.8
2022-12-01,JP,Toyama,pm25,94,5.0,50.0,9.0,780.09
2022-12-01,JP,Niigata,pm25,156,5.0,42.0,9.0,421.8
2022-12-01,JP,Nara-shi,pm25,160,5.0,55.0,13.0,789.24
2022-12-01,JP,Okayama,pm25,252,5.0,38.0,17.0,380.04
2022-12-01,JP,Sendai,pm25,385,5.0,30.0,13.0,348.24
2022-12-01,JP,Osaka,pm25,1034,5.0,63.0,13.0,891.31
2022-12-01,JP,Miyazaki,pm25,107,5.0,57.0,30.0,1736.35
2022-12-01,JP,Matsuyama,pm25,121,5.0,65.0,13.0,1946.91
2022-12-01,JP,Wakayama,pm25,243,5.0,53.0,13.0,616.58
2022-12-01,JP,Takamatsu,pm25,181,5.0,38.0,13.0,648.23
2022-12-01,JP,Nagoya,pm25,522,1.0,65.0,9.0,594.66
2022-12-01,JP,Ōita,pm25,200,5.0,63.0,17.0,1004.39
2022-12-01,JP,Kobe,pm25,330,5.0,50.0,13.0,789.33
2022-12-01,JP,Nagano,pm25,44,5.0,21.0,13.0,175.56
2022-12-01,JP,Utsunomiya,pm25,23,5.0,30.0,17.0,517.19
2022-12-01,JP,Kagoshima,pm25,94,5.0,42.0,21.0,485.6
2022-12-01,SK,Košice,pm25,96,25.0,97.0,53.0,2200.24
2022-12-01,SK,Bratislava,pm25,96,59.0,134.0,95.0,2269.71
2022-12-01,FI,Vantaa,pm25,22,20.0,32.0,24.0,93.1
2022-12-01,FI,Turku,pm25,24,18.0,33.0,24.0,174.76
2022-12-01,FI,Helsinki,pm25,120,19.0,52.0,29.0,542.46
2022-12-01,FI,Tampere,pm25,96,10.0,48.0,29.0,1255.57
2022-12-01,ET,Addis Ababa,pm25,20,42.0,168.0,61.0,12581.3
2022-12-01,CH,Zürich,pm25,19,2.0,5.0,3.0,7.19
2022-12-01,CO,Bogotá,pm25,326,5.0,156.0,50.0,5055.95
2022-12-01,CO,Medellín,pm25,324,21.0,91.0,63.0,1502.37
2022-12-01,DK,Copenhagen,pm25,24,20.0,52.0,41.0,1140.42
2022-12-01,GB,Edinburgh,pm25,282,5.0,109.0,37.0,3287.94
2022-12-01,GB,Norwich,pm25,20,53.0,86.0,57.0,1035.66
2022-12-01,GB,Liverpool,pm25,47,42.0,82.0,61.0,864.15
2022-12-01,GB,Belfast,pm25,78,14.0,64.0,30.0,752.38
2022-12-01,GB,Coventry,pm25,65,48.0,76.0,59.0,171.95
2022-12-01,GB,Leeds,pm25,44,60.0,112.0,80.0,2680.57
2022-12-01,GB,Cardiff,pm25,120,21.0,87.0,68.0,2317.22
2022-12-01,GB,Bristol,pm25,65,34.0,72.0,53.0,1086.94
2022-12-01,GB,London,pm25,556,10.0,118.0,62.0,3235.33
2022-12-01,GB,Birmingham,pm25,42,55.0,79.0,66.0,375.59
2022-12-01,GB,Sheffield,pm25,78,61.0,97.0,72.0,538.35
2022-12-01,GB,Newport,pm25,48,28.0,68.0,46.0,1152.23
2022-12-01,GB,Leicester,pm25,24,61.0,90.0,67.0,951.29
2022-12-01,GB,Manchester,pm25,85,57.0,98.0,79.0,1365.82
2022-12-01,GB,Reading,pm25,46,42.0,85.0,57.0,714.8
2022-12-01,GB,Plymouth,pm25,41,25.0,195.0,57.0,17779.3
2022-12-01,GB,Glasgow,pm25,548,1.0,76.0,31.0,1045.85
2022-12-01,GB,Preston,pm25,47,53.0,102.0,75.0,2132.41
2022-12-01,GB,Swansea,pm25,166,9.0,127.0,57.0,6557.49
2022-12-01,GB,Southend-on-Sea,pm25,42,30.0,90.0,50.0,2619.05
2022-12-01,ID,Jakarta,pm25,54,61.0,160.0,91.0,7740.35
2022-12-01,ML,Bamako,pm25,24,87.0,254.0,132.0,17580.6
2022-12-01,NP,Kathmandu,pm25,56,65.0,165.0,122.0,8124.61
2022-12-01,NP,Biratnagar,pm25,40,57.0,285.0,83.0,27067.0
2022-12-01,AU,Sydney,pm25,142,1.0,53.0,17.0,692.65
2022-12-01,AU,Newcastle,pm25,142,2.0,52.0,19.0,1078.34
2022-12-01,AU,Launceston,pm25,95,5.0,21.0,9.0,178.71
2022-12-01,AU,Hobart,pm25,55,5.0,17.0,9.0,99.88
2022-12-01,AU,Darwin,pm25,65,1.0,45.0,14.0,1124.44
2022-12-01,AU,Melbourne,pm25,129,1.0,151.0,20.0,4756.89
2022-12-01,AU,Canberra,pm25,68,1.0,63.0,26.0,2064.79
2022-12-01,AU,Adelaide,pm25,78,3.0,31.0,11.0,380.63
2022-12-01,AU,Brisbane,pm25,197,1.0,51.0,11.0,916.45
2022-12-01,AU,Perth,pm25,92,3.0,15.0,8.0,88.23
2022-12-01,AU,Wollongong,pm25,44,2.0,57.0,20.0,1390.67
2022-12-01,CI,Abidjan,pm25,24,25.0,152.0,61.0,11513.6
2022-12-01,GH,Accra,pm25,24,42.0,124.0,61.0,5221.74
2022-12-01,IQ,Baghdad,pm25,24,59.0,160.0,85.0,6389.98
2022-12-01,IS,Reykjavík,pm25,96,11.0,49.0,29.0,492.32
2022-12-01,KG,Bishkek,pm25,24,53.0,134.0,80.0,5701.72
2022-12-01,NL,Utrecht,pm25,48,73.0,120.0,85.0,633.12
2022-12-01,NL,Nijmegen,pm25,48,69.0,130.0,83.0,1237.66
2022-12-01,NL,Haarlem,pm25,144,7.0,118.0,74.0,4622.75
2022-12-01,NL,Eindhoven,pm25,24,66.0,91.0,79.0,627.54
2022-12-01,NL,Rotterdam,pm25,192,61.0,102.0,82.0,1019.33
2022-12-01,NL,Amsterdam,pm25,262,40.0,117.0,79.0,2984.49
2022-12-01,NL,Dordrecht,pm25,24,61.0,84.0,76.0,405.22
2022-12-01,NL,Breda,pm25,24,52.0,99.0,68.0,1111.52
2022-12-01,NL,Groningen,pm25,48,53.0,125.0,88.0,2746.17
2022-12-01,NL,Maastricht,pm25,96,50.0,112.0,72.0,2435.79
2022-12-01,NL,The Hague,pm25,72,68.0,113.0,86.0,1289.79
2022-12-01,PT,Lisbon,pm25,96,7.0,48.0,17.0,614.1
2022-12-01,PT,Funchal,pm25,43,1.0,28.0,15.0,714.76
2022-12-01,CA,Hamilton,pm25,63,5.0,25.0,13.0,291.24
2022-12-01,CA,Calgary,pm25,78,6.0,47.0,17.0,932.56
2022-12-01,CA,Winnipeg,pm25,24,15.0,23.0,16.0,66.88
2022-12-01,CA,Halifax,pm25,46,7.0,79.0,15.0,4749.02
2022-12-01,CA,Kitchener,pm25,37,9.0,59.0,17.0,894.32
2022-12-01,CA,Edmonton,pm25,138,2.0,54.0,18.0,659.46
2022-12-01,CA,Surrey,pm25,95,8.0,39.0,22.0,533.07
2022-12-01,CA,Mississauga,pm25,34,5.0,25.0,13.0,282.5
2022-12-01,CA,Québec,pm25,136,5.0,44.0,12.0,537.11
2022-12-01,CA,Vancouver,pm25,167,5.0,58.0,18.0,1501.37
2022-12-01,CA,Victoria,pm25,47,5.0,80.0,25.0,3279.85
2022-12-01,CA,Montréal,pm25,334,3.0,27.0,12.0,291.99
2022-12-01,CA,Toronto,pm25,84,5.0,30.0,13.0,310.71
2022-12-01,CA,Ottawa,pm25,50,7.0,29.0,12.0,445.29
2022-12-01,CA,London,pm25,43,9.0,42.0,21.0,551.53
2022-12-01,US,Oklahoma City,pm25,96,13.0,57.0,19.0,377.88
2022-12-01,US,Raleigh,pm25,56,5.0,51.0,13.0,1202.95
2022-12-01,US,Memphis,pm25,54,15.0,61.0,22.0,1357.23
2022-12-01,US,Jackson,pm25,72,5.0,72.0,18.0,2266.32
2022-12-01,US,Boston,pm25,109,5.0,50.0,17.0,610.72
2022-12-01,US,Richmond,pm25,96,10.0,38.0,15.0,516.87
2022-12-01,US,Portland,pm25,187,1.0,58.0,12.0,1331.63
2022-12-01,US,Boise,pm25,22,1.0,30.0,19.0,839.67
2022-12-01,US,Austin,pm25,42,5.0,57.0,25.0,1671.95
2022-12-01,US,Honolulu,pm25,32,5.0,25.0,13.0,309.68
2022-12-01,US,Fresno,pm25,48,6.0,76.0,26.0,3683.19
2022-12-01,US,Milwaukee,pm25,144,14.0,35.0,23.0,136.32
2022-12-01,US,Hartford,pm25,48,6.0,25.0,14.0,278.4
2022-12-01,US,Washington D.C.,pm25,93,5.0,102.0,23.0,2154.77
2022-12-01,US,Chicago,pm25,238,2.0,53.0,23.0,713.47
2022-12-01,US,Houston,pm25,92,5.0,74.0,25.0,1830.19
2022-12-01,US,Indianapolis,pm25,140,4.0,93.0,29.0,1830.94
2022-12-01,US,Atlanta,pm25,24,13.0,37.0,16.0,560.58
2022-12-01,US,Charlotte,pm25,65,5.0,57.0,14.0,1927.56
2022-12-01,US,Sacramento,pm25,69,5.0,65.0,27.0,2418.36
2022-12-01,US,Oakland,pm25,83,5.0,57.0,17.0,1080.61
2022-12-01,US,Providence,pm25,59,5.0,34.0,13.0,603.59
2022-12-01,US,Staten Island,pm25,93,9.0,168.0,26.0,2553.4
2022-12-01,US,Brooklyn,pm25,116,10.0,59.0,27.0,1041.27
2022-12-01,US,Springfield,pm25,48,16.0,33.0,21.0,197.02
2022-12-01,US,The Bronx,pm25,46,20.0,54.0,29.0,908.37
2022-12-01,US,San Jose,pm25,80,5.0,82.0,17.0,2606.73
2022-12-01,US,Los Angeles,pm25,48,11.0,46.0,29.0,665.46
2022-12-01,US,Detroit,pm25,168,18.0,77.0,33.0,1354.53
2022-12-01,US,Little Rock,pm25,34,5.0,66.0,19.0,2692.42
2022-12-01,US,Baltimore,pm25,48,16.0,63.0,28.0,950.99
2022-12-01,US,Phoenix,pm25,192,7.0,124.0,45.0,5021.5
2022-12-01,US,Omaha,pm25,45,5.0,70.0,25.0,1220.89
2022-12-01,US,El Paso,pm25,152,5.0,122.0,42.0,6607.31
2022-12-01,US,Dallas,pm25,22,13.0,42.0,30.0,538.7
2022-12-01,US,Seattle,pm25,250,8.0,103.0,30.0,3352.11
2022-12-01,US,Manhattan,pm25,71,5.0,39.0,25.0,615.48
2022-12-01,US,Miami,pm25,93,21.0,44.0,31.0,236.7
2022-12-01,US,Jacksonville,pm25,143,14.0,48.0,25.0,214.14
2022-12-01,US,San Antonio,pm25,91,3.0,60.0,27.0,2018.2
2022-12-01,US,Philadelphia,pm25,85,1.0,101.0,25.0,1865.22
2022-12-01,US,San Diego,pm25,24,15.0,53.0,31.0,1115.36
2022-12-01,US,Columbus,pm25,46,5.0,50.0,28.0,979.21
2022-12-01,US,Saint Paul,pm25,131,5.0,58.0,25.0,515.3
2022-12-01,US,Denver,pm25,150,5.0,127.0,57.0,8601.88
2022-12-01,US,Salt Lake City,pm25,216,5.0,64.0,17.0,1390.32
2022-12-01,US,Albuquerque,pm25,47,18.0,81.0,28.0,2357.33
2022-12-01,US,San Francisco,pm25,63,5.0,89.0,13.0,1982.58
2022-12-01,US,Salem,pm25,72,7.0,27.0,11.0,197.79
2022-12-01,US,Madison,pm25,48,18.0,35.0,21.0,174.47
2022-12-01,US,Nashville,pm25,72,14.0,61.0,22.0,1094.13
2022-12-01,US,Tucson,pm25,156,5.0,68.0,25.0,2427.39
2022-12-01,US,Queens,pm25,95,12.0,43.0,29.0,383.02
2022-12-01,US,Tallahassee,pm25,69,4.0,73.0,19.0,1284.67
2022-12-01,US,Fort Worth,pm25,46,3.0,43.0,17.0,1396.71
2022-12-01,RS,Novi Sad,pm25,48,8.0,59.0,19.0,1960.41
2022-12-01,RS,Niš,pm25,48,6.0,64.0,28.0,3091.45
2022-12-01,RS,Belgrade,pm25,168,7.0,69.0,32.0,3015.62
2022-12-01,CY,Nicosia,pm25,24,50.0,95.0,71.0,1599.71
2022-12-01,CY,Limassol,pm25,24,29.0,72.0,56.0,1842.01
2022-12-01,HR,Zagreb,pm25,23,52.0,123.0,72.0,4850.28
2022-12-01,HR,Rijeka,pm25,72,2.0,49.0,4.0,947.53
2022-12-01,MK,Skopje,pm25,90,34.0,185.0,74.0,18673.7
2022-12-02,GE,Tbilisi,pm25,72,27.0,52.0,36.0,649.9
2022-12-02,JP,Fukuoka,pm25,381,5.0,63.0,25.0,932.05
2022-12-02,JP,Kanazawa,pm25,157,5.0,50.0,9.0,542.83
2022-12-02,JP,Kumamoto,pm25,336,5.0,78.0,25.0,1732.38
2022-12-02,JP,Akita,pm25,38,9.0,68.0,17.0,2252.38
2022-12-02,JP,Kochi,pm25,44,5.0,59.0,17.0,921.37
2022-12-02,JP,Gifu-shi,pm25,10,5.0,13.0,5.0,78.22
2022-12-02,JP,Kyoto,pm25,515,5.0,61.0,17.0,962.8
2022-12-02,JP,Hiroshima,pm25,239,5.0,61.0,17.0,1360.67
2022-12-02,JP,Shizuoka,pm25,195,5.0,42.0,17.0,732.18
2022-12-02,JP,Chiba,pm25,650,5.0,70.0,21.0,2038.54
2022-12-02,JP,Sapporo,pm25,197,5.0,61.0,21.0,1331.86
2022-12-02,JP,Yokohama,pm25,486,1.0,55.0,17.0,1206.3
2022-12-02,JP,Tokyo,pm25,2320,1.0,72.0,17.0,1065.98
2022-12-02,JP,Saitama,pm25,421,5.0,74.0,17.0,1462.87
2022-12-02,JP,Naha,pm25,134,5.0,38.0,17.0,476.49
2022-12-02,JP,Nagasaki,pm25,173,5.0,53.0,17.0,918.67
2022-12-02,JP,Toyama,pm25,89,5.0,42.0,13.0,889.09
2022-12-02,JP,Niigata,pm25,174,5.0,72.0,13.0,794.68
2022-12-02,JP,Nara-shi,pm25,174,5.0,42.0,17.0,659.84
2022-12-02,JP,Okayama,pm25,263,5.0,70.0,17.0,1070.43
2022-12-02,JP,Sendai,pm25,402,5.0,78.0,13.0,658.1
2022-12-02,JP,Osaka,pm25,1171,5.0,63.0,17.0,955.19
2022-12-02,JP,Miyazaki,pm25,103,5.0,70.0,30.0,1526.42
2022-12-02,JP,Matsuyama,pm25,111,5.0,61.0,17.0,1135.31
2022-12-02,JP,Wakayama,pm25,265,5.0,65.0,17.0,786.34
2022-12-02,JP,Takamatsu,pm25,196,5.0,50.0,17.0,907.13
2022-12-02,JP,Nagoya,pm25,543,1.0,57.0,13.0,592.95
2022-12-02,JP,Ōita,pm25,209,5.0,53.0,17.0,1121.54
2022-12-02,JP,Kobe,pm25,369,5.0,61.0,17.0,826.47
2022-12-02,JP,Nagano,pm25,53,5.0,46.0,17.0,1046.26
2022-12-02,JP,Utsunomiya,pm25,24,9.0,46.0,25.0,992.1
2022-12-02,JP,Kagoshima,pm25,95,5.0,53.0,21.0,1056.47
2022-12-02,SK,Košice,pm25,95,50.0,151.0,63.0,2166.96
2022-12-02,SK,Bratislava,pm25,96,34.0,134.0,93.0,3881.05
2022-12-02,FI,Vantaa,pm25,24,25.0,52.0,40.0,615.2
2022-12-02,FI,Turku,pm25,24,15.0,41.0,28.0,577.32
2022-12-02,FI,Helsinki,pm25,120,40.0,89.0,58.0,778.12
2022-12-02,FI,Tampere,pm25,96,11.0,66.0,30.0,2867.45
2022-12-02,ET,Addis Ababa,pm25,20,38.0,151.0,68.0,6924.74
2022-12-02,CH,Zürich,pm25,23,2.0,5.0,3.0,8.85
2022-12-02,CO,Bogotá,pm25,315,9.0,158.0,53.0,5527.62
2022-12-02,CO,Medellín,pm25,242,30.0,76.0,55.0,789.63
2022-12-02,DK,Copenhagen,pm25,24,13.0,38.0,30.0,601.96
2022-12-02,GB,Edinburgh,pm25,285,5.0,84.0,41.0,2398.84
2022-12-02,GB,Norwich,pm25,20,42.0,57.0,53.0,173.13
2022-12-02,GB,Liverpool,pm25,40,59.0,95.0,65.0,1083.49
2022-12-02,GB,Belfast,pm25,90,34.0,74.0,51.0,738.55
2022-12-02,GB,Coventry,pm25,60,15.0,77.0,59.0,1676.21
2022-12-02,GB,Leeds,pm25,40,76.0,134.0,87.0,1165.62
2022-12-02,GB,Cardiff,pm25,120,17.0,109.0,42.0,3026.13
2022-12-02,GB,Bristol,pm25,70,30.0,87.0,46.0,1997.32
2022-12-02,GB,London,pm25,551,4.0,83.0,50.0,2029.96
2022-12-02,GB,Birmingham,pm25,41,42.0,75.0,63.0,576.39
2022-12-02,GB,Sheffield,pm25,87,46.0,90.0,63.0,808.72
2022-12-02,GB,Newport,pm25,43,13.0,68.0,25.0,3618.44
2022-12-02,GB,Leicester,pm25,18,68.0,85.0,73.0,250.59
2022-12-02,GB,Manchester,pm25,80,54.0,98.0,72.0,1414.88
2022-12-02,GB,Reading,pm25,46,13.0,61.0,38.0,1609.55
2022-12-02,GB,Plymouth,pm25,41,21.0,182.0,63.0,10446.1
2022-12-02,GB,Glasgow,pm25,555,1.0,82.0,53.0,3146.51
2022-12-02,GB,Preston,pm25,40,53.0,99.0,76.0,998.05
2022-12-02,GB,Swansea,pm25,168,9.0,162.0,55.0,12875.6
2022-12-02,GB,Southend-on-Sea,pm25,34,31.0,84.0,53.0,1735.12
2022-12-02,ID,Jakarta,pm25,55,42.0,144.0,86.0,8214.76
2022-12-02,ML,Bamako,pm25,24,95.0,223.0,159.0,10206.1
2022-12-02,NP,Kathmandu,pm25,71,50.0,167.0,117.0,10987.6
2022-12-02,NP,Biratnagar,pm25,30,61.0,236.0,82.0,10554.2
2022-12-02,AU,Sydney,pm25,141,2.0,46.0,18.0,503.45
2022-12-02,AU,Newcastle,pm25,135,1.0,49.0,18.0,773.55
2022-12-02,AU,Launceston,pm25,98,5.0,17.0,9.0,88.47
2022-12-02,AU,Hobart,pm25,43,5.0,21.0,9.0,106.31
2022-12-02,AU,Darwin,pm25,66,2.0,38.0,13.0,854.25
2022-12-02,AU,Melbourne,pm25,140,1.0,96.0,39.0,1971.38
2022-12-02,AU,Canberra,pm25,48,1.0,999.0,16.0,201928.0
2022-12-02,AU,Adelaide,pm25,86,3.0,61.0,13.0,893.36
2022-12-02,AU,Brisbane,pm25,209,1.0,49.0,12.0,1006.9
2022-12-02,AU,Perth,pm25,56,3.0,13.0,6.0,42.0
2022-12-02,AU,Wollongong,pm25,42,4.0,64.0,15.0,1926.81
2022-12-02,CI,Abidjan,pm25,2,72.0,72.0,72.0,0.0
2022-12-02,GH,Accra,pm25,24,30.0,91.0,63.0,1890.36
2022-12-02,IQ,Baghdad,pm25,24,57.0,142.0,76.0,3563.46
2022-12-02,IS,Reykjavík,pm25,96,4.0,39.0,16.0,482.21
2022-12-02,KG,Bishkek,pm25,24,87.0,268.0,164.0,21312.1
2022-12-02,NL,Utrecht,pm25,48,56.0,118.0,86.0,2264.1
2022-12-02,NL,Nijmegen,pm25,48,53.0,134.0,73.0,3067.3
2022-12-02,NL,Haarlem,pm25,144,28.0,124.0,81.0,3162.86
2022-12-02,NL,Eindhoven,pm25,24,56.0,122.0,82.0,3581.72
2022-12-02,NL,Rotterdam,pm25,192,53.0,125.0,84.0,2899.63
2022-12-02,NL,Amsterdam,pm25,262,51.0,126.0,80.0,2957.73
2022-12-02,NL,Dordrecht,pm25,24,53.0,114.0,76.0,1830.65
2022-12-02,NL,Breda,pm25,24,52.0,143.0,71.0,3680.22
2022-12-02,NL,Groningen,pm25,48,51.0,92.0,69.0,650.64
2022-12-02,NL,Maastricht,pm25,87,57.0,122.0,95.0,2442.15
2022-12-02,NL,The Hague,pm25,72,54.0,122.0,80.0,2800.33
2022-12-02,PT,Lisbon,pm25,67,11.0,52.0,29.0,1780.16
2022-12-02,PT,Funchal,pm25,43,1.0,29.0,8.0,686.47
2022-12-02,CA,Hamilton,pm25,81,13.0,53.0,21.0,1095.15
2022-12-02,CA,Calgary,pm25,92,17.0,97.0,48.0,1989.28
2022-12-02,CA,Winnipeg,pm25,17,15.0,26.0,16.0,183.82
2022-12-02,CA,Halifax,pm25,46,5.0,46.0,11.0,796.76
2022-12-02,CA,Kitchener,pm25,32,21.0,57.0,42.0,1326.09
2022-12-02,CA,Edmonton,pm25,138,9.0,82.0,32.0,2364.38
2022-12-02,CA,Surrey,pm25,96,3.0,47.0,21.0,429.67
2022-12-02,CA,Mississauga,pm25,63,13.0,57.0,25.0,1768.44
2022-12-02,CA,Québec,pm25,175,5.0,74.0,16.0,2429.74
2022-12-02,CA,Vancouver,pm25,168,8.0,77.0,19.0,538.54
2022-12-02,CA,Victoria,pm25,48,9.0,61.0,25.0,874.57
2022-12-02,CA,Montréal,pm25,399,6.0,52.0,22.0,587.13
2022-12-02,CA,Toronto,pm25,122,5.0,87.0,25.0,3167.94
2022-12-02,CA,Ottawa,pm25,58,13.0,42.0,22.0,626.4
2022-12-02,CA,London,pm25,46,9.0,46.0,30.0,774.48
2022-12-02,US,Oklahoma City,pm25,96,13.0,71.0,30.0,1076.42
2022-12-02,US,Raleigh,pm25,68,5.0,61.0,30.0,1824.59
2022-12-02,US,Memphis,pm25,47,19.0,52.0,25.0,396.7
2022-12-02,US,Jackson,pm25,72,15.0,48.0,30.0,397.31
2022-12-02,US,Boston,pm25,123,13.0,50.0,21.0,665.6
2022-12-02,US,Richmond,pm25,96,16.0,61.0,32.0,1145.82
2022-12-02,US,Portland,pm25,190,4.0,44.0,20.0,549.07
2022-12-02,US,Boise,pm25,23,8.0,52.0,17.0,1885.65
2022-12-02,US,Austin,pm25,47,13.0,61.0,38.0,1778.44
2022-12-02,US,Honolulu,pm25,36,5.0,34.0,13.0,525.49
2022-12-02,US,Fresno,pm25,46,3.0,75.0,14.0,3379.69
2022-12-02,US,Milwaukee,pm25,144,18.0,42.0,25.0,209.35
2022-12-02,US,Hartford,pm25,48,18.0,43.0,25.0,371.05
2022-12-02,US,Washington D.C.,pm25,94,5.0,59.0,35.0,1221.14
2022-12-02,US,Chicago,pm25,238,3.0,62.0,22.0,463.92
2022-12-02,US,Houston,pm25,96,11.0,97.0,38.0,1572.16
2022-12-02,US,Indianapolis,pm25,138,4.0,55.0,24.0,1056.71
2022-12-02,US,Atlanta,pm25,24,21.0,38.0,32.0,298.19
2022-12-02,US,Charlotte,pm25,70,13.0,78.0,38.0,2352.22
2022-12-02,US,Sacramento,pm25,68,5.0,107.0,25.0,3012.11
2022-12-02,US,Oakland,pm25,90,5.0,89.0,25.0,2003.65
2022-12-02,US,Providence,pm25,72,5.0,50.0,21.0,916.27
2022-12-02,US,Staten Island,pm25,95,3.0,54.0,30.0,1806.61
2022-12-02,US,Brooklyn,pm25,120,11.0,153.0,33.0,2383.65
2022-12-02,US,Springfield,pm25,48,16.0,38.0,20.0,211.56
2022-12-02,US,The Bronx,pm25,48,11.0,153.0,31.0,8706.95
2022-12-02,US,San Jose,pm25,81,5.0,93.0,30.0,4114.53
2022-12-02,US,Los Angeles,pm25,48,6.0,58.0,22.0,1871.76
2022-12-02,US,Detroit,pm25,167,13.0,74.0,33.0,912.64
2022-12-02,US,Little Rock,pm25,23,13.0,40.0,21.0,676.96
2022-12-02,US,Baltimore,pm25,48,30.0,70.0,40.0,1023.76
2022-12-02,US,Phoenix,pm25,191,18.0,106.0,53.0,4017.08
2022-12-02,US,Omaha,pm25,45,9.0,147.0,21.0,8788.71
2022-12-02,US,El Paso,pm25,138,5.0,124.0,35.0,6164.35
2022-12-02,US,Dallas,pm25,24,9.0,59.0,25.0,2524.93
2022-12-02,US,Seattle,pm25,240,5.0,72.0,30.0,2337.61
2022-12-02,US,Manhattan,pm25,72,5.0,55.0,30.0,1047.76
2022-12-02,US,Miami,pm25,79,29.0,79.0,35.0,485.24
2022-12-02,US,Jacksonville,pm25,144,6.0,65.0,30.0,1056.87
2022-12-02,US,San Antonio,pm25,95,6.0,60.0,36.0,1401.22
2022-12-02,US,Philadelphia,pm25,95,4.0,65.0,40.0,1872.0
2022-12-02,US,San Diego,pm25,24,6.0,50.0,18.0,1101.67
2022-12-02,US,Columbus,pm25,48,3.0,49.0,24.0,1204.0
2022-12-02,US,Saint Paul,pm25,143,5.0,73.0,25.0,842.39
2022-12-02,US,Denver,pm25,129,5.0,53.0,9.0,594.97
2022-12-02,US,Salt Lake City,pm25,215,1.0,87.0,16.0,3181.99
2022-12-02,US,Albuquerque,pm25,48,9.0,53.0,18.0,616.58
2022-12-02,US,San Francisco,pm25,71,5.0,65.0,17.0,1589.31
2022-12-02,US,Salem,pm25,72,8.0,56.0,22.0,1116.1
2022-12-02,US,Madison,pm25,48,21.0,33.0,24.0,112.27
2022-12-02,US,Nashville,pm25,71,18.0,47.0,28.0,279.07
2022-12-02,US,Tucson,pm25,152,5.0,72.0,30.0,3013.77
2022-12-02,US,Queens,pm25,96,9.0,54.0,31.0,650.42
2022-12-02,US,Tallahassee,pm25,72,14.0,62.0,27.0,763.28
2022-12-02,US,Fort Worth,pm25,48,9.0,55.0,31.0,1239.75
2022-12-02,RS,Novi Sad,pm25,48,14.0,147.0,31.0,14883.8
2022-12-02,RS,Niš,pm25,48,18.0,113.0,59.0,6898.4
2022-12-02,RS,Belgrade,pm25,167,14.0,88.0,39.0,3631.07
2022-12-02,CY,Nicosia,pm25,24,52.0,73.0,58.0,305.8
2022-12-02,CY,Limassol,pm25,24,17.0,78.0,43.0,2879.13
2022-12-02,HR,Zagreb,pm25,24,84.0,112.0,98.0,706.96
2022-12-02,HR,Rijeka,pm25,68,3.0,71.0,12.0,2618.96
2022-12-02,MK,Skopje,pm25,96,13.0,189.0,72.0,15278.4
2022-12-03,GE,Tbilisi,pm25,72,37.0,58.0,47.0,347.31
2022-12-03,JP,Fukuoka,pm25,392,5.0,114.0,34.0,2198.4
2022-12-03,JP,Kanazawa,pm25,180,5.0,50.0,13.0,627.41
2022-12-03,JP,Kumamoto,pm25,352,5.0,139.0,59.0,8213.35
2022-12-03,JP,Akita,pm25,36,5.0,55.0,21.0,1800.21
2022-12-03,JP,Kochi,pm25,44,5.0,53.0,25.0,2118.5
2022-12-03,JP,Kyoto,pm25,563,5.0,89.0,30.0,2662.63
2022-12-03,JP,Hiroshima,pm25,253,5.0,82.0,25.0,2095.02
2022-12-03,JP,Shizuoka,pm25,256,5.0,61.0,25.0,1325.61
2022-12-03,JP,Chiba,pm25,697,5.0,117.0,30.0,3876.47
2022-12-03,JP,Sapporo,pm25,139,5.0,85.0,21.0,3191.23
2022-12-03,JP,Yokohama,pm25,488,1.0,65.0,21.0,2697.79
2022-12-03,JP,Tokyo,pm25,2435,1.0,97.0,25.0,3530.1
2022-12-03,JP,Saitama,pm25,470,5.0,85.0,30.0,3287.15
2022-12-03,JP,Naha,pm25,119,5.0,21.0,9.0,205.37
2022-12-03,JP,Nagasaki,pm25,175,5.0,70.0,34.0,1945.89
2022-12-03,JP,Toyama,pm25,140,5.0,57.0,13.0,1186.1
2022-12-03,JP,Niigata,pm25,194,5.0,38.0,13.0,572.3
2022-12-03,JP,Nara-shi,pm25,180,5.0,70.0,30.0,2798.19
2022-12-03,JP,Okayama,pm25,274,5.0,117.0,42.0,5864.21
2022-12-03,JP,Sendai,pm25,447,5.0,55.0,17.0,865.06
2022-12-03,JP,Osaka,pm25,1300,5.0,78.0,30.0,2785.08
2022-12-03,JP,Miyazaki,pm25,106,5.0,72.0,38.0,1765.61
2022-12-03,JP,Matsuyama,pm25,137,5.0,70.0,34.0,3018.74
2022-12-03,JP,Wakayama,pm25,270,5.0,154.0,25.0,2432.67
2022-12-03,JP,Takamatsu,pm25,213,5.0,82.0,25.0,2836.87
2022-12-03,JP,Nagoya,pm25,723,1.0,99.0,25.0,2774.82
2022-12-03,JP,Ōita,pm25,218,5.0,87.0,30.0,4263.32
2022-12-03,JP,Kobe,pm25,393,5.0,70.0,25.0,2439.53
2022-12-03,JP,Nagano,pm25,50,5.0,114.0,38.0,8667.61
2022-12-03,JP,Utsunomiya,pm25,24,9.0,155.0,38.0,15995.2
2022-12-03,JP,Kagoshima,pm25,94,13.0,70.0,34.0,678.21
2022-12-03,SK,Košice,pm25,96,38.0,170.0,78.0,5198.84
2022-12-03,SK,Bratislava,pm25,96,5.0,104.0,78.0,5792.42
2022-12-03,FI,Vantaa,pm25,24,29.0,54.0,36.0,684.77
2022-12-03,FI,Turku,pm25,24,17.0,40.0,22.0,530.15
2022-12-03,FI,Helsinki,pm25,120,39.0,65.0,53.0,419.4
2022-12-03,FI,Tampere,pm25,96,8.0,51.0,21.0,1080.37
2022-12-03,ET,Addis Ababa,pm25,24,25.0,175.0,57.0,11140.6
2022-12-03,CH,Zürich,pm25,21,2.0,5.0,3.0,5.48
2022-12-03,CO,Bogotá,pm25,336,11.0,151.0,60.0,5503.01
2022-12-03,CO,Medellín,pm25,199,25.0,76.0,55.0,918.58
2022-12-03,DK,Copenhagen,pm25,24,23.0,37.0,30.0,117.81
2022-12-03,GB,Edinburgh,pm25,281,5.0,71.0,19.0,1575.3
2022-12-03,GB,Norwich,pm25,20,30.0,43.0,35.0,100.5
2022-12-03,GB,Liverpool,pm25,42,38.0,70.0,57.0,771.95
2022-12-03,GB,Belfast,pm25,91,20.0,87.0,53.0,1464.2
2022-12-03,GB,Coventry,pm25,58,26.0,57.0,42.0,880.03
2022-12-03,GB,Leeds,pm25,44,17.0,70.0,50.0,2251.81
2022-12-03,GB,Cardiff,pm25,120,21.0,76.0,50.0,1812.99
2022-12-03,GB,Bristol,pm25,66,25.0,68.0,42.0,1184.17
2022-12-03,GB,London,pm25,534,5.0,80.0,45.0,1997.37
2022-12-03,GB,Birmingham,pm25,43,30.0,63.0,50.0,1027.01
2022-12-03,GB,Sheffield,pm25,91,25.0,65.0,50.0,1268.68
2022-12-03,GB,Newport,pm25,48,17.0,60.0,26.0,1543.76
2022-12-03,GB,Leicester,pm25,24,21.0,65.0,48.0,1596.5
2022-12-03,GB,Manchester,pm25,78,17.0,70.0,51.0,2427.15
2022-12-03,GB,Reading,pm25,46,17.0,76.0,38.0,2163.27
2022-12-03,GB,Plymouth,pm25,36,30.0,143.0,55.0,3937.97
2022-12-03,GB,Glasgow,pm25,549,1.0,67.0,30.0,891.92
2022-12-03,GB,Preston,pm25,47,17.0,68.0,39.0,2197.05
2022-12-03,GB,Swansea,pm25,152,5.0,61.0,21.0,1791.82
2022-12-03,GB,Southend-on-Sea,pm25,48,35.0,69.0,56.0,978.99
2022-12-03,ID,Jakarta,pm25,55,54.0,175.0,95.0,9351.06
2022-12-03,ML,Bamako,pm25,24,95.0,181.0,139.0,9243.41
2022-12-03,NP,Kathmandu,pm25,72,65.0,168.0,119.0,8785.44
2022-12-03,NP,Biratnagar,pm25,31,66.0,229.0,81.0,10274.3
2022-12-03,AU,Sydney,pm25,139,4.0,54.0,15.0,657.47
2022-12-03,AU,Newcastle,pm25,128,1.0,49.0,14.0,1009.78
2022-12-03,AU,Launceston,pm25,101,5.0,159.0,9.0,9167.68
2022-12-03,AU,Hobart,pm25,67,5.0,78.0,13.0,2083.0
2022-12-03,AU,Darwin,pm25,70,1.0,35.0,10.0,886.72
2022-12-03,AU,Melbourne,pm25,143,3.0,77.0,41.0,1466.48
2022-12-03,AU,Canberra,pm25,65,1.0,61.0,20.0,2262.22
2022-12-03,AU,Adelaide,pm25,84,3.0,66.0,13.0,962.84
2022-12-03,AU,Brisbane,pm25,215,1.0,54.0,23.0,1127.26
2022-12-03,AU,Wollongong,pm25,34,2.0,50.0,16.0,1505.61
2022-12-03,GH,Accra,pm25,24,34.0,104.0,61.0,2713.46
2022-12-03,IQ,Baghdad,pm25,24,74.0,163.0,99.0,8666.67
2022-12-03,IS,Reykjavík,pm25,96,4.0,23.0,11.0,271.79
2022-12-03,KG,Bishkek,pm25,24,55.0,177.0,129.0,13971.3
2022-12-03,NL,Utrecht,pm25,48,56.0,107.0,77.0,1539.56
2022-12-03,NL,Nijmegen,pm25,48,40.0,111.0,70.0,2429.68
2022-12-03,NL,Haarlem,pm25,144,16.0,113.0,71.0,2185.69
2022-12-03,NL,Eindhoven,pm25,24,60.0,107.0,74.0,1434.49
2022-12-03,NL,Rotterdam,pm25,192,60.0,103.0,72.0,1291.82
2022-12-03,NL,Amsterdam,pm25,264,43.0,100.0,73.0,1263.76
2022-12-03,NL,Dordrecht,pm25,24,53.0,93.0,65.0,1030.71
2022-12-03,NL,Breda,pm25,24,47.0,93.0,65.0,1327.66
2022-12-03,NL,Groningen,pm25,48,23.0,74.0,54.0,1852.44
2022-12-03,NL,Maastricht,pm25,96,25.0,76.0,55.0,694.04
2022-12-03,NL,The Hague,pm25,72,58.0,98.0,76.0,897.59
2022-12-03,PT,Lisbon,pm25,88,16.0,99.0,52.0,3211.49
2022-12-03,PT,Funchal,pm25,53,1.0,18.0,10.0,215.58
2022-12-03,CA,Hamilton,pm25,83,5.0,57.0,17.0,1025.88
2022-12-03,CA,Calgary,pm25,88,1.0,62.0,36.0,2550.01
2022-12-03,CA,Winnipeg,pm25,19,15.0,33.0,20.0,418.71
2022-12-03,CA,Halifax,pm25,46,13.0,39.0,25.0,538.18
2022-12-03,CA,Kitchener,pm25,37,5.0,21.0,13.0,209.25
2022-12-03,CA,Edmonton,pm25,138,2.0,48.0,24.0,991.25
2022-12-03,CA,Surrey,pm25,92,15.0,118.0,28.0,2462.69
2022-12-03,CA,Mississauga,pm25,51,5.0,21.0,13.0,182.34
2022-12-03,CA,Québec,pm25,179,5.0,65.0,22.0,2598.27
2022-12-03,CA,Vancouver,pm25,161,9.0,83.0,28.0,2236.65
2022-12-03,CA,Victoria,pm25,45,5.0,30.0,17.0,424.92
2022-12-03,CA,Montréal,pm25,453,3.0,41.0,21.0,1148.99
2022-12-03,CA,Toronto,pm25,104,5.0,30.0,13.0,353.19
2022-12-03,CA,Ottawa,pm25,66,7.0,30.0,18.0,502.92
2022-12-03,CA,London,pm25,44,9.0,34.0,13.0,566.96
2022-12-03,US,Oklahoma City,pm25,96,13.0,59.0,22.0,1069.57
2022-12-03,US,Raleigh,pm25,72,13.0,58.0,34.0,1228.31
2022-12-03,US,Memphis,pm25,48,25.0,46.0,33.0,203.97
2022-12-03,US,Jackson,pm25,72,11.0,52.0,36.0,1083.64
2022-12-03,US,Boston,pm25,135,5.0,55.0,25.0,1320.92
2022-12-03,US,Richmond,pm25,96,16.0,48.0,32.0,451.96
2022-12-03,US,Portland,pm25,188,1.0,37.0,18.0,305.97
2022-12-03,US,Boise,pm25,22,1.0,51.0,17.0,1568.25
2022-12-03,US,Austin,pm25,41,5.0,38.0,17.0,970.3
2022-12-03,US,Honolulu,pm25,39,5.0,46.0,17.0,876.11
2022-12-03,US,Fresno,pm25,48,22.0,84.0,40.0,1963.26
2022-12-03,US,Milwaukee,pm25,143,13.0,49.0,23.0,722.72
2022-12-03,US,Hartford,pm25,48,6.0,52.0,23.0,1345.85
2022-12-03,US,Washington D.C.,pm25,95,5.0,50.0,25.0,981.44
2022-12-03,US,Chicago,pm25,236,3.0,56.0,22.0,1026.59
2022-12-03,US,Houston,pm25,96,5.0,55.0,28.0,1343.35
2022-12-03,US,Indianapolis,pm25,143,6.0,74.0,26.0,973.33
2022-12-03,US,Atlanta,pm25,24,33.0,51.0,41.0,344.62
2022-12-03,US,Charlotte,pm25,72,21.0,59.0,38.0,738.86
2022-12-03,US,Sacramento,pm25,69,1.0,151.0,40.0,9933.32
2022-12-03,US,Oakland,pm25,93,5.0,59.0,34.0,1595.32
2022-12-03,US,Providence,pm25,63,5.0,59.0,21.0,2246.2
2022-12-03,US,Staten Island,pm25,94,2.0,53.0,21.0,1360.38
2022-12-03,US,Brooklyn,pm25,119,2.0,57.0,25.0,1206.7
2022-12-03,US,Springfield,pm25,48,20.0,44.0,28.0,343.79
2022-12-03,US,The Bronx,pm25,48,3.0,53.0,18.0,1074.61
2022-12-03,US,San Jose,pm25,92,9.0,87.0,30.0,3197.17
2022-12-03,US,Los Angeles,pm25,48,11.0,76.0,40.0,3574.0
2022-12-03,US,Detroit,pm25,167,11.0,68.0,30.0,942.75
2022-12-03,US,Little Rock,pm25,23,11.0,57.0,23.0,1245.34
2022-12-03,US,Baltimore,pm25,48,14.0,46.0,26.0,767.64
2022-12-03,US,Phoenix,pm25,192,5.0,152.0,51.0,7129.79
2022-12-03,US,Omaha,pm25,48,9.0,63.0,21.0,919.29
2022-12-03,US,El Paso,pm25,142,5.0,92.0,50.0,3880.81
2022-12-03,US,Dallas,pm25,20,5.0,34.0,17.0,635.24
2022-12-03,US,Seattle,pm25,253,5.0,57.0,25.0,1775.26
2022-12-03,US,Manhattan,pm25,68,1.0,54.0,21.0,1170.4
2022-12-03,US,Miami,pm25,88,35.0,68.0,41.0,262.63
2022-12-03,US,Jacksonville,pm25,144,3.0,62.0,43.0,1275.28
2022-12-03,US,San Antonio,pm25,91,4.0,53.0,28.0,1220.08
2022-12-03,US,Philadelphia,pm25,87,2.0,50.0,23.0,1043.8
2022-12-03,US,San Diego,pm25,24,15.0,78.0,44.0,3219.4
2022-12-03,US,Columbus,pm25,48,2.0,51.0,28.0,1178.14
2022-12-03,US,Saint Paul,pm25,140,5.0,168.0,15.0,3013.72
2022-12-03,US,Denver,pm25,148,5.0,78.0,30.0,2310.43
2022-12-03,US,Salt Lake City,pm25,216,12.0,76.0,40.0,2049.36
2022-12-03,US,Albuquerque,pm25,48,13.0,65.0,51.0,3220.21
2022-12-03,US,San Francisco,pm25,72,5.0,65.0,34.0,1626.66
2022-12-03,US,Salem,pm25,72,10.0,65.0,24.0,1707.45
2022-12-03,US,Madison,pm25,47,14.0,42.0,20.0,681.72
2022-12-03,US,Nashville,pm25,71,6.0,45.0,26.0,1235.09
2022-12-03,US,Tucson,pm25,166,5.0,87.0,25.0,2453.67
2022-12-03,US,Queens,pm25,95,9.0,52.0,26.0,1154.95
2022-12-03,US,Tallahassee,pm25,69,19.0,65.0,36.0,1028.87
2022-12-03,US,Fort Worth,pm25,41,1.0,40.0,12.0,567.52
2022-12-03,RS,Novi Sad,pm25,48,40.0,164.0,64.0,7257.02
2022-12-03,RS,Niš,pm25,48,56.0,142.0,66.0,3666.56
2022-12-03,RS,Belgrade,pm25,168,32.0,80.0,56.0,1052.97
2022-12-03,CY,Nicosia,pm25,24,38.0,116.0,57.0,4444.76
2022-12-03,CY,Limassol,pm25,24,16.0,78.0,34.0,4339.98
2022-12-03,HR,Zagreb,pm25,24,90.0,155.0,111.0,5855.0
2022-12-03,HR,Rijeka,pm25,66,6.0,79.0,19.0,3497.22
2022-12-03,MK,Skopje,pm25,97,1.0,193.0,73.0,21828.5
2022-12-04,GE,Tbilisi,pm25,72,28.0,49.0,32.0,242.46
2022-12-04,JP,Fukuoka,pm25,400,5.0,74.0,42.0,1261.94
2022-12-04,JP,Kanazawa,pm25,215,5.0,55.0,21.0,1142.26
2022-12-04,JP,Kumamoto,pm25,373,5.0,152.0,59.0,4982.18
2022-12-04,JP,Akita,pm25,37,9.0,82.0,34.0,2799.65
2022-12-04,JP,Kochi,pm25,48,25.0,68.0,42.0,988.51
2022-12-04,JP,Kyoto,pm25,571,21.0,95.0,50.0,1947.43
2022-12-04,JP,Hiroshima,pm25,297,5.0,78.0,30.0,2212.15
2022-12-04,JP,Shizuoka,pm25,252,5.0,59.0,25.0,1451.8
2022-12-04,JP,Chiba,pm25,796,5.0,124.0,57.0,4092.22
2022-12-04,JP,Sapporo,pm25,185,5.0,59.0,21.0,1982.7
2022-12-04,JP,Yokohama,pm25,496,1.0,80.0,34.0,2340.42
2022-12-04,JP,Tokyo,pm25,2439,5.0,107.0,42.0,3574.69
2022-12-04,JP,Saitama,pm25,461,5.0,124.0,46.0,4974.15
2022-12-04,JP,Naha,pm25,114,5.0,53.0,17.0,468.58
2022-12-04,JP,Nagasaki,pm25,181,5.0,87.0,34.0,1616.4
2022-12-04,JP,Toyama,pm25,162,5.0,74.0,21.0,1297.5
2022-12-04,JP,Niigata,pm25,208,5.0,46.0,21.0,593.98
2022-12-04,JP,Nara-shi,pm25,191,21.0,89.0,55.0,1946.66
2022-12-04,JP,Okayama,pm25,288,13.0,85.0,55.0,1629.66
2022-12-04,JP,Sendai,pm25,402,5.0,57.0,13.0,583.42
2022-12-04,JP,Osaka,pm25,1364,5.0,97.0,53.0,3127.15
2022-12-04,JP,Miyazaki,pm25,110,5.0,85.0,42.0,2023.4
2022-12-04,JP,Matsuyama,pm25,152,5.0,70.0,42.0,2285.34
2022-12-04,JP,Wakayama,pm25,263,9.0,78.0,50.0,1295.34
2022-12-04,JP,Takamatsu,pm25,240,5.0,93.0,50.0,2615.35
2022-12-04,JP,Nagoya,pm25,766,5.0,95.0,42.0,1768.21
2022-12-04,JP,Ōita,pm25,250,5.0,68.0,42.0,2446.01
2022-12-04,JP,Kobe,pm25,422,9.0,95.0,46.0,2672.68
2022-12-04,JP,Nagano,pm25,62,9.0,99.0,30.0,4105.81
2022-12-04,JP,Utsunomiya,pm25,24,9.0,109.0,57.0,6335.2
2022-12-04,JP,Kagoshima,pm25,96,17.0,57.0,34.0,772.47
2022-12-04,SK,Košice,pm25,96,46.0,171.0,70.0,9380.6
2022-12-04,SK,Bratislava,pm25,96,38.0,104.0,74.0,1864.61
2022-12-04,FI,Vantaa,pm25,24,36.0,56.0,46.0,405.92
2022-12-04,FI,Turku,pm25,24,22.0,32.0,27.0,66.5
2022-12-04,FI,Helsinki,pm25,120,34.0,69.0,56.0,626.34
2022-12-04,FI,Tampere,pm25,96,23.0,63.0,40.0,1293.34
2022-12-04,ET,Addis Ababa,pm25,24,25.0,168.0,50.0,11276.4
2022-12-04,CH,Zürich,pm25,22,2.0,5.0,3.0,7.19
2022-12-04,CO,Bogotá,pm25,331,9.0,153.0,57.0,4944.75
2022-12-04,CO,Medellín,pm25,246,38.0,74.0,55.0,726.73
2022-12-04,DK,Copenhagen,pm25,24,18.0,39.0,28.0,394.71
2022-12-04,GB,Edinburgh,pm25,282,5.0,49.0,15.0,456.17
2022-12-04,GB,Norwich,pm25,24,46.0,65.0,55.0,200.42
2022-12-04,GB,Liverpool,pm25,29,25.0,51.0,34.0,547.41
2022-12-04,GB,Belfast,pm25,68,12.0,38.0,25.0,483.57
2022-12-04,GB,Coventry,pm25,70,18.0,66.0,42.0,2176.35
2022-12-04,GB,Leeds,pm25,33,17.0,119.0,39.0,5306.25
2022-12-04,GB,Cardiff,pm25,119,21.0,78.0,55.0,1661.28
2022-12-04,GB,Bristol,pm25,71,34.0,72.0,53.0,1145.89
2022-12-04,GB,London,pm25,561,21.0,161.0,59.0,1349.44
2022-12-04,GB,Birmingham,pm25,47,21.0,70.0,41.0,2432.75
2022-12-04,GB,Sheffield,pm25,75,13.0,61.0,32.0,1110.15
2022-12-04,GB,Newport,pm25,48,25.0,63.0,43.0,1185.53
2022-12-04,GB,Leicester,pm25,24,9.0,63.0,38.0,2677.37
2022-12-04,GB,Manchester,pm25,82,9.0,74.0,41.0,2280.73
2022-12-04,GB,Reading,pm25,48,30.0,70.0,57.0,922.82
2022-12-04,GB,Plymouth,pm25,46,25.0,95.0,59.0,2154.18
2022-12-04,GB,Glasgow,pm25,551,1.0,53.0,14.0,406.3
2022-12-04,GB,Preston,pm25,43,8.0,51.0,23.0,1691.0
2022-12-04,GB,Swansea,pm25,165,5.0,63.0,34.0,1832.74
2022-12-04,GB,Southend-on-Sea,pm25,46,50.0,84.0,61.0,548.81
2022-12-04,ID,Jakarta,pm25,71,46.0,164.0,110.0,9933.83
2022-12-04,ML,Bamako,pm25,24,89.0,171.0,132.0,7000.8
2022-12-04,NP,Kathmandu,pm25,72,59.0,175.0,127.0,9075.19
2022-12-04,NP,Biratnagar,pm25,37,65.0,296.0,88.0,37701.5
2022-12-04,AU,Sydney,pm25,127,1.0,50.0,12.0,550.29
2022-12-04,AU,Newcastle,pm25,125,2.0,44.0,13.0,966.51
2022-12-04,AU,Launceston,pm25,135,5.0,122.0,13.0,2948.28
2022-12-04,AU,Hobart,pm25,60,9.0,65.0,17.0,1683.22
2022-12-04,AU,Darwin,pm25,69,1.0,34.0,14.0,604.53
2022-12-04,AU,Melbourne,pm25,143,8.0,64.0,34.0,1927.06
2022-12-04,AU,Canberra,pm25,63,4.0,93.0,22.0,3335.48
2022-12-04,AU,Adelaide,pm25,93,5.0,52.0,23.0,1403.49
2022-12-04,AU,Brisbane,pm25,214,1.0,57.0,15.0,1101.44
2022-12-04,AU,Wollongong,pm25,42,1.0,66.0,16.0,1984.09
2022-12-04,GH,Accra,pm25,24,38.0,149.0,55.0,15137.4
2022-12-04,IQ,Baghdad,pm25,24,152.0,174.0,160.0,259.06
2022-12-04,IS,Reykjavík,pm25,96,7.0,37.0,12.0,624.21
2022-12-04,KG,Bishkek,pm25,24,102.0,248.0,167.0,10853.8
2022-12-04,NL,Utrecht,pm25,48,51.0,113.0,86.0,1843.61
2022-12-04,NL,Nijmegen,pm25,48,47.0,116.0,76.0,3024.25
2022-12-04,NL,Haarlem,pm25,144,50.0,121.0,75.0,1889.96
2022-12-04,NL,Eindhoven,pm25,24,66.0,99.0,83.0,979.55
2022-12-04,NL,Rotterdam,pm25,192,60.0,110.0,91.0,1553.5
2022-12-04,NL,Amsterdam,pm25,264,52.0,104.0,79.0,1321.12
2022-12-04,NL,Dordrecht,pm25,24,57.0,116.0,82.0,2871.3
2022-12-04,NL,Breda,pm25,24,45.0,98.0,80.0,2968.1
2022-12-04,NL,Groningen,pm25,48,42.0,85.0,62.0,1034.78
2022-12-04,NL,Maastricht,pm25,95,9.0,78.0,59.0,1269.75
2022-12-04,NL,The Hague,pm25,72,57.0,102.0,89.0,1314.32
2022-12-04,PT,Lisbon,pm25,96,19.0,93.0,59.0,1910.46
2022-12-04,PT,Funchal,pm25,56,1.0,48.0,9.0,853.19
2022-12-04,CA,Hamilton,pm25,72,9.0,53.0,17.0,632.25
2022-12-04,CA,Calgary,pm25,74,1.0,25.0,9.0,282.35
2022-12-04,CA,Winnipeg,pm25,24,19.0,34.0,24.0,255.36
2022-12-04,CA,Halifax,pm25,46,6.0,44.0,14.0,972.85
2022-12-04,CA,Kitchener,pm25,41,17.0,38.0,25.0,285.51
2022-12-04,CA,Edmonton,pm25,124,1.0,43.0,15.0,678.24
2022-12-04,CA,Surrey,pm25,96,10.0,77.0,30.0,2635.37
2022-12-04,CA,Mississauga,pm25,53,9.0,42.0,21.0,440.04
2022-12-04,CA,Québec,pm25,148,5.0,84.0,12.0,2425.15
2022-12-04,CA,Vancouver,pm25,168,7.0,88.0,30.0,2874.49
2022-12-04,CA,Victoria,pm25,46,5.0,80.0,21.0,4211.27
2022-12-04,CA,Montréal,pm25,328,3.0,52.0,12.0,809.91
2022-12-04,CA,Toronto,pm25,118,5.0,65.0,17.0,628.15
2022-12-04,CA,Ottawa,pm25,60,7.0,27.0,13.0,387.36
2022-12-04,CA,London,pm25,35,9.0,25.0,13.0,182.05
2022-12-04,US,Oklahoma City,pm25,96,15.0,52.0,31.0,796.28
2022-12-04,US,Raleigh,pm25,64,5.0,51.0,18.0,1395.99
2022-12-04,US,Memphis,pm25,47,24.0,59.0,30.0,513.75
2022-12-04,US,Jackson,pm25,72,20.0,56.0,37.0,613.23
2022-12-04,US,Boston,pm25,89,9.0,80.0,21.0,2784.31
2022-12-04,US,Richmond,pm25,96,14.0,63.0,30.0,1551.13
2022-12-04,US,Portland,pm25,191,3.0,72.0,20.0,1176.63
2022-12-04,US,Boise,pm25,24,7.0,56.0,25.0,2613.89
2022-12-04,US,Austin,pm25,48,9.0,63.0,30.0,2192.61
2022-12-04,US,Honolulu,pm25,42,5.0,38.0,13.0,606.46
2022-12-04,US,Fresno,pm25,38,1.0,39.0,10.0,956.05
2022-12-04,US,Milwaukee,pm25,144,18.0,52.0,31.0,555.03
2022-12-04,US,Hartford,pm25,48,9.0,82.0,11.0,3772.34
2022-12-04,US,Washington D.C.,pm25,96,13.0,74.0,32.0,1809.73
2022-12-04,US,Chicago,pm25,239,1.0,52.0,27.0,916.85
2022-12-04,US,Houston,pm25,96,5.0,103.0,51.0,4196.21
2022-12-04,US,Indianapolis,pm25,143,5.0,160.0,33.0,4283.78
2022-12-04,US,Atlanta,pm25,24,29.0,52.0,40.0,398.1
2022-12-04,US,Charlotte,pm25,69,5.0,53.0,25.0,1169.16
2022-12-04,US,Sacramento,pm25,66,5.0,69.0,19.0,2766.12
2022-12-04,US,Oakland,pm25,83,5.0,50.0,25.0,1239.35
2022-12-04,US,Providence,pm25,65,5.0,63.0,17.0,1374.12
2022-12-04,US,Staten Island,pm25,94,5.0,65.0,22.0,1415.53
2022-12-04,US,Brooklyn,pm25,120,8.0,80.0,27.0,1462.68
2022-12-04,US,Springfield,pm25,48,30.0,49.0,40.0,241.38
2022-12-04,US,The Bronx,pm25,48,8.0,80.0,27.0,2104.68
2022-12-04,US,San Jose,pm25,81,5.0,46.0,17.0,1160.13
2022-12-04,US,Los Angeles,pm25,48,6.0,78.0,43.0,3754.53
2022-12-04,US,Detroit,pm25,159,20.0,66.0,34.0,914.25
2022-12-04,US,Little Rock,pm25,24,20.0,33.0,23.0,177.23
2022-12-04,US,Baltimore,pm25,48,20.0,72.0,35.0,1789.89
2022-12-04,US,Phoenix,pm25,192,1.0,80.0,35.0,3327.51
2022-12-04,US,Omaha,pm25,48,5.0,42.0,25.0,629.54
2022-12-04,US,El Paso,pm25,142,18.0,94.0,38.0,2742.35
2022-12-04,US,Dallas,pm25,24,5.0,57.0,25.0,1916.23
2022-12-04,US,Seattle,pm25,242,5.0,82.0,30.0,2384.19
2022-12-04,US,Manhattan,pm25,72,1.0,63.0,22.0,1653.11
2022-12-04,US,Miami,pm25,94,22.0,70.0,30.0,383.66
2022-12-04,US,Jacksonville,pm25,144,12.0,62.0,46.0,855.93
2022-12-04,US,San Antonio,pm25,93,8.0,57.0,34.0,1585.95
2022-12-04,US,Philadelphia,pm25,92,1.0,67.0,27.0,3146.7
2022-12-04,US,San Diego,pm25,24,12.0,77.0,40.0,3821.45
2022-12-04,US,Columbus,pm25,48,2.0,45.0,26.0,890.42
2022-12-04,US,Saint Paul,pm25,142,5.0,56.0,30.0,857.12
2022-12-04,US,Denver,pm25,159,13.0,70.0,46.0,1289.59
2022-12-04,US,Salt Lake City,pm25,216,7.0,81.0,61.0,3024.7
2022-12-04,US,Albuquerque,pm25,48,6.0,69.0,36.0,2372.06
2022-12-04,US,San Francisco,pm25,64,5.0,104.0,21.0,3817.3
2022-12-04,US,Salem,pm25,72,13.0,66.0,30.0,2063.94
2022-12-04,US,Madison,pm25,48,22.0,52.0,33.0,464.18
2022-12-04,US,Nashville,pm25,72,5.0,37.0,22.0,931.83
2022-12-04,US,Tucson,pm25,162,5.0,59.0,25.0,1517.74
2022-12-04,US,Queens,pm25,96,3.0,57.0,25.0,1623.0
2022-12-04,US,Tallahassee,pm25,72,15.0,72.0,38.0,1588.44
2022-12-04,US,Fort Worth,pm25,45,4.0,50.0,21.0,1276.04
2022-12-04,RS,Novi Sad,pm25,48,19.0,48.0,34.0,633.05
2022-12-04,RS,Niš,pm25,48,31.0,61.0,48.0,635.74
2022-12-04,RS,Belgrade,pm25,168,14.0,57.0,31.0,869.28
2022-12-04,CY,Nicosia,pm25,24,45.0,101.0,65.0,2475.05
2022-12-04,CY,Limassol,pm25,24,22.0,157.0,39.0,9421.96
2022-12-04,HR,Zagreb,pm25,24,80.0,130.0,109.0,2281.72
2022-12-04,HR,Rijeka,pm25,70,4.0,60.0,16.0,1759.02
2022-12-04,MK,Skopje,pm25,92,1.0,186.0,119.0,22695.7
2022-12-05,GE,Tbilisi,pm25,72,29.0,50.0,44.0,615.35
2022-12-05,JP,Fukuoka,pm25,341,5.0,65.0,25.0,1467.16
2022-12-05,JP,Kanazawa,pm25,163,5.0,34.0,13.0,546.2
2022-12-05,JP,Kumamoto,pm25,338,5.0,78.0,30.0,2069.23
2022-12-05,JP,Akita,pm25,41,5.0,72.0,21.0,2848.11
2022-12-05,JP,Kochi,pm25,28,13.0,57.0,38.0,1377.2
2022-12-05,JP,Gifu-shi,pm25,79,5.0,61.0,17.0,3072.81
2022-12-05,JP,Kyoto,pm25,558,5.0,68.0,30.0,1333.29
2022-12-05,JP,Hiroshima,pm25,242,5.0,63.0,17.0,1136.72
2022-12-05,JP,Shizuoka,pm25,257,5.0,70.0,25.0,1459.72
2022-12-05,JP,Chiba,pm25,634,5.0,99.0,17.0,1692.13
2022-12-05,JP,Sapporo,pm25,195,5.0,57.0,17.0,1059.81
2022-12-05,JP,Yokohama,pm25,477,1.0,53.0,21.0,1619.62
2022-12-05,JP,Tokyo,pm25,2370,1.0,85.0,21.0,1754.79
2022-12-05,JP,Saitama,pm25,473,5.0,68.0,25.0,2004.14
2022-12-05,JP,Naha,pm25,136,5.0,30.0,13.0,164.9
2022-12-05,JP,Nagasaki,pm25,176,5.0,59.0,21.0,1013.93
2022-12-05,JP,Toyama,pm25,148,5.0,68.0,13.0,1408.67
2022-12-05,JP,Niigata,pm25,198,5.0,34.0,13.0,449.15
2022-12-05,JP,Nara-shi,pm25,188,5.0,57.0,30.0,1152.17
2022-12-05,JP,Okayama,pm25,273,5.0,55.0,25.0,955.32
2022-12-05,JP,Sendai,pm25,414,5.0,34.0,13.0,348.76
2022-12-05,JP,Osaka,pm25,1288,5.0,104.0,25.0,1481.16
2022-12-05,JP,Miyazaki,pm25,102,5.0,93.0,30.0,3054.87
2022-12-05,JP,Matsuyama,pm25,133,5.0,158.0,21.0,3214.79
2022-12-05,JP,Wakayama,pm25,257,5.0,63.0,25.0,1035.0
2022-12-05,JP,Takamatsu,pm25,218,5.0,137.0,17.0,1977.53
2022-12-05,JP,Nagoya,pm25,728,1.0,55.0,21.0,1095.21
2022-12-05,JP,Ōita,pm25,210,5.0,61.0,21.0,1370.09
2022-12-05,JP,Kobe,pm25,411,5.0,53.0,25.0,947.25
2022-12-05,JP,Nagano,pm25,50,5.0,30.0,13.0,498.55
2022-12-05,JP,Utsunomiya,pm25,24,5.0,50.0,21.0,1496.94
2022-12-05,JP,Kagoshima,pm25,96,9.0,59.0,25.0,1744.0
2022-12-05,SK,Košice,pm25,96,63.0,127.0,85.0,1890.49
2022-12-05,SK,Bratislava,pm25,96,30.0,97.0,68.0,2223.81
2022-12-05,FI,Vantaa,pm25,24,12.0,56.0,44.0,978.1
2022-12-05,FI,Turku,pm25,24,15.0,65.0,20.0,2133.62
2022-12-05,FI,Helsinki,pm25,113,18.0,64.0,49.0,1129.06
2022-12-05,FI,Tampere,pm25,96,19.0,59.0,36.0,1114.31
2022-12-05,ET,Addis Ababa,pm25,22,30.0,160.0,55.0,10924.7
2022-12-05,CH,Zürich,pm25,15,1.0,5.0,2.0,13.52
2022-12-05,CO,Bogotá,pm25,321,5.0,164.0,57.0,6460.47
2022-12-05,CO,Medellín,pm25,271,30.0,72.0,53.0,1057.47
2022-12-05,DK,Copenhagen,pm25,24,10.0,36.0,18.0,313.89
2022-12-05,GB,Edinburgh,pm25,274,4.0,43.0,12.0,251.72
2022-12-05,GB,Norwich,pm25,21,30.0,53.0,42.0,564.48
2022-12-05,GB,Liverpool,pm25,31,25.0,49.0,30.0,412.56
2022-12-05,GB,Belfast,pm25,37,10.0,41.0,17.0,418.3
2022-12-05,GB,Coventry,pm25,61,30.0,53.0,42.0,418.55
2022-12-05,GB,Leeds,pm25,21,17.0,46.0,25.0,930.33
2022-12-05,GB,Cardiff,pm25,119,25.0,68.0,53.0,937.58
2022-12-05,GB,Bristol,pm25,61,25.0,61.0,46.0,865.14
2022-12-05,GB,London,pm25,578,5.0,78.0,46.0,2167.45
2022-12-05,GB,Birmingham,pm25,40,26.0,50.0,38.0,385.0
2022-12-05,GB,Sheffield,pm25,60,21.0,50.0,30.0,274.53
2022-12-05,GB,Newport,pm25,48,21.0,50.0,34.0,587.55
2022-12-05,GB,Leicester,pm25,21,30.0,50.0,38.0,316.9
2022-12-05,GB,Manchester,pm25,76,14.0,52.0,30.0,1442.36
2022-12-05,GB,Reading,pm25,48,17.0,63.0,34.0,1627.19
2022-12-05,GB,Plymouth,pm25,40,42.0,156.0,61.0,4961.28
2022-12-05,GB,Glasgow,pm25,526,4.0,101.0,12.0,1780.92
2022-12-05,GB,Preston,pm25,37,12.0,37.0,23.0,400.65
2022-12-05,GB,Swansea,pm25,164,5.0,59.0,21.0,1345.58
2022-12-05,GB,Southend-on-Sea,pm25,46,22.0,74.0,49.0,1813.43
2022-12-05,ID,Jakarta,pm25,57,68.0,157.0,113.0,6392.42
2022-12-05,ML,Bamako,pm25,24,97.0,199.0,151.0,7068.68
2022-12-05,NP,Kathmandu,pm25,65,63.0,171.0,105.0,9716.24
2022-12-05,NP,Biratnagar,pm25,34,60.0,277.0,84.0,21876.0
2022-12-05,AU,Sydney,pm25,128,1.0,67.0,20.0,1963.48
2022-12-05,AU,Newcastle,pm25,130,1.0,73.0,21.0,2103.58
2022-12-05,AU,Launceston,pm25,93,5.0,34.0,9.0,383.39
2022-12-05,AU,Hobart,pm25,47,5.0,25.0,9.0,171.4
2022-12-05,AU,Darwin,pm25,69,1.0,47.0,13.0,725.58
2022-12-05,AU,Melbourne,pm25,143,2.0,63.0,32.0,1342.6
2022-12-05,AU,Canberra,pm25,48,1.0,73.0,20.0,2500.1
2022-12-05,AU,Adelaide,pm25,94,1.0,74.0,21.0,1831.0
2022-12-05,AU,Brisbane,pm25,209,1.0,61.0,18.0,1599.42
2022-12-05,AU,Wollongong,pm25,28,1.0,81.0,26.0,3879.62
2022-12-05,CI,Abidjan,pm25,12,50.0,70.0,59.0,497.2
2022-12-05,GH,Accra,pm25,24,21.0,139.0,55.0,9343.41
2022-12-05,IQ,Baghdad,pm25,24,139.0,187.0,159.0,1597.81
2022-12-05,IS,Reykjavík,pm25,93,7.0,28.0,12.0,296.15
2022-12-05,KG,Bishkek,pm25,24,152.0,239.0,188.0,4687.23
2022-12-05,NL,Utrecht,pm25,48,11.0,89.0,47.0,3759.98
2022-12-05,NL,Nijmegen,pm25,48,1.0,83.0,54.0,4979.04
2022-12-05,NL,Haarlem,pm25,127,1.0,91.0,38.0,3848.97
2022-12-05,NL,Eindhoven,pm25,24,28.0,95.0,63.0,2707.54
2022-12-05,NL,Rotterdam,pm25,192,12.0,90.0,43.0,5028.3
2022-12-05,NL,Amsterdam,pm25,264,7.0,98.0,38.0,2843.18
2022-12-05,NL,Dordrecht,pm25,23,1.0,82.0,53.0,6544.31
2022-12-05,NL,Breda,pm25,24,6.0,79.0,43.0,5868.7
2022-12-05,NL,Groningen,pm25,46,3.0,67.0,15.0,3228.87
2022-12-05,NL,Maastricht,pm25,95,42.0,93.0,65.0,1124.6
2022-12-05,NL,The Hague,pm25,72,22.0,87.0,47.0,3884.16
2022-12-05,PT,Lisbon,pm25,96,8.0,46.0,23.0,982.52
2022-12-05,PT,Funchal,pm25,49,1.0,33.0,10.0,748.95
2022-12-05,CA,Hamilton,pm25,64,13.0,38.0,21.0,384.59
2022-12-05,CA,Calgary,pm25,92,1.0,32.0,19.0,438.29
2022-12-05,CA,Winnipeg,pm25,21,15.0,18.0,16.0,12.29
2022-12-05,CA,Halifax,pm25,46,5.0,43.0,11.0,758.92
2022-12-05,CA,Kitchener,pm25,39,25.0,46.0,30.0,380.7
2022-12-05,CA,Edmonton,pm25,122,2.0,37.0,18.0,344.44
2022-12-05,CA,Surrey,pm25,96,12.0,67.0,30.0,2648.77
2022-12-05,CA,Mississauga,pm25,55,13.0,46.0,25.0,444.09
2022-12-05,CA,Québec,pm25,174,12.0,111.0,27.0,3305.3
2022-12-05,CA,Vancouver,pm25,168,5.0,75.0,36.0,3587.88
2022-12-05,CA,Victoria,pm25,48,9.0,59.0,30.0,1344.14
2022-12-05,CA,Montréal,pm25,403,12.0,57.0,29.0,713.3
2022-12-05,CA,Toronto,pm25,119,9.0,80.0,25.0,1320.99
2022-12-05,CA,Ottawa,pm25,59,17.0,33.0,27.0,167.4
2022-12-05,CA,London,pm25,41,9.0,30.0,21.0,413.48
2022-12-05,US,Oklahoma City,pm25,96,18.0,65.0,41.0,1474.02
2022-12-05,US,Raleigh,pm25,71,9.0,79.0,28.0,2266.39
2022-12-05,US,Memphis,pm25,48,13.0,51.0,24.0,725.53
2022-12-05,US,Jackson,pm25,70,4.0,78.0,48.0,3490.77
2022-12-05,US,Boston,pm25,143,13.0,80.0,34.0,2027.87
2022-12-05,US,Richmond,pm25,96,22.0,63.0,51.0,2045.04
2022-12-05,US,Portland,pm25,192,12.0,77.0,35.0,3052.43
2022-12-05,US,Boise,pm25,24,34.0,65.0,52.0,623.46
2022-12-05,US,Austin,pm25,47,9.0,87.0,50.0,4052.22
2022-12-05,US,Honolulu,pm25,43,5.0,46.0,13.0,821.34
2022-12-05,US,Fresno,pm25,42,1.0,58.0,27.0,2320.03
2022-12-05,US,Milwaukee,pm25,141,18.0,64.0,48.0,692.99
2022-12-05,US,Hartford,pm25,48,29.0,67.0,57.0,1227.16
2022-12-05,US,Washington D.C.,pm25,95,9.0,76.0,52.0,2774.14
2022-12-05,US,Chicago,pm25,237,13.0,65.0,43.0,1014.24
2022-12-05,US,Houston,pm25,90,8.0,82.0,28.0,2149.72
2022-12-05,US,Indianapolis,pm25,139,13.0,84.0,50.0,1357.4
2022-12-05,US,Atlanta,pm25,24,13.0,57.0,38.0,2236.5
2022-12-05,US,Charlotte,pm25,72,13.0,55.0,35.0,913.19
2022-12-05,US,Sacramento,pm25,69,1.0,57.0,17.0,1589.75
2022-12-05,US,Oakland,pm25,85,5.0,59.0,21.0,960.11
2022-12-05,US,Providence,pm25,66,9.0,78.0,38.0,4051.97
2022-12-05,US,Staten Island,pm25,95,13.0,71.0,45.0,1777.61
2022-12-05,US,Brooklyn,pm25,120,24.0,67.0,48.0,996.82
2022-12-05,US,Springfield,pm25,48,39.0,69.0,46.0,527.8
2022-12-05,US,The Bronx,pm25,48,24.0,59.0,39.0,921.63
2022-12-05,US,San Jose,pm25,88,5.0,59.0,17.0,1904.68
2022-12-05,US,Los Angeles,pm25,48,9.0,59.0,27.0,1605.81
2022-12-05,US,Detroit,pm25,168,23.0,72.0,45.0,1141.54
2022-12-05,US,Little Rock,pm25,46,8.0,30.0,19.0,295.41
2022-12-05,US,Baltimore,pm25,48,25.0,85.0,55.0,1421.02
2022-12-05,US,Phoenix,pm25,192,3.0,74.0,49.0,3275.98
2022-12-05,US,Omaha,pm25,46,5.0,63.0,25.0,1771.19
2022-12-05,US,El Paso,pm25,144,9.0,71.0,30.0,2778.72
2022-12-05,US,Dallas,pm25,19,5.0,53.0,25.0,3258.95
2022-12-05,US,Seattle,pm25,235,13.0,87.0,42.0,2613.99
2022-12-05,US,Manhattan,pm25,70,24.0,62.0,47.0,958.83
2022-12-05,US,Miami,pm25,82,19.0,50.0,34.0,378.76
2022-12-05,US,Jacksonville,pm25,140,8.0,63.0,49.0,732.08
2022-12-05,US,San Antonio,pm25,91,4.0,82.0,46.0,4559.76
2022-12-05,US,Philadelphia,pm25,96,8.0,90.0,54.0,3170.74
2022-12-05,US,San Diego,pm25,24,5.0,52.0,27.0,1143.32
2022-12-05,US,Columbus,pm25,48,5.0,57.0,27.0,1623.81
2022-12-05,US,Saint Paul,pm25,143,5.0,62.0,26.0,944.2
2022-12-05,US,Denver,pm25,155,5.0,85.0,25.0,2392.08
2022-12-05,US,Salt Lake City,pm25,216,2.0,90.0,25.0,3528.77
2022-12-05,US,Albuquerque,pm25,48,9.0,38.0,25.0,449.43
2022-12-05,US,San Francisco,pm25,68,5.0,119.0,21.0,6471.19
2022-12-05,US,Salem,pm25,72,33.0,68.0,52.0,748.43
2022-12-05,US,Madison,pm25,48,34.0,54.0,43.0,440.95
2022-12-05,US,Nashville,pm25,62,5.0,50.0,28.0,1455.29
2022-12-05,US,Tucson,pm25,153,5.0,55.0,21.0,1189.08
2022-12-05,US,Queens,pm25,95,23.0,71.0,52.0,1255.76
2022-12-05,US,Tallahassee,pm25,72,7.0,70.0,36.0,3650.35
2022-12-05,US,Fort Worth,pm25,44,5.0,50.0,19.0,1585.68
2022-12-05,RS,Novi Sad,pm25,48,24.0,87.0,53.0,2464.68
2022-12-05,RS,Niš,pm25,48,27.0,81.0,52.0,2412.44
2022-12-05,RS,Belgrade,pm25,168,12.0,78.0,46.0,2791.25
2022-12-05,CY,Nicosia,pm25,24,60.0,105.0,70.0,1161.74
2022-12-05,CY,Limassol,pm25,24,44.0,82.0,54.0,1073.84
2022-12-05,HR,Zagreb,pm25,15,56.0,136.0,92.0,8545.43
2022-12-05,HR,Rijeka,pm25,65,9.0,70.0,22.0,1432.25
2022-12-05,MK,Skopje,pm25,109,10.0,169.0,80.0,15351.0
2022-12-06,GE,Tbilisi,pm25,72,30.0,60.0,49.0,634.32
2022-12-06,JP,Fukuoka,pm25,327,5.0,93.0,38.0,3766.99
2022-12-06,JP,Kanazawa,pm25,189,5.0,42.0,13.0,596.56
2022-12-06,JP,Kumamoto,pm25,339,5.0,102.0,34.0,3282.52
2022-12-06,JP,Akita,pm25,33,5.0,53.0,17.0,1576.55
2022-12-06,JP,Kochi,pm25,22,5.0,53.0,21.0,1384.09
2022-12-06,JP,Gifu-shi,pm25,157,5.0,65.0,17.0,1920.85
2022-12-06,JP,Kyoto,pm25,547,5.0,57.0,21.0,1210.6
2022-12-06,JP,Hiroshima,pm25,241,5.0,65.0,21.0,1878.52
2022-12-06,JP,Shizuoka,pm25,224,5.0,46.0,17.0,788.87
2022-12-06,JP,Chiba,pm25,650,5.0,87.0,21.0,2074.95
2022-12-06,JP,Sapporo,pm25,190,5.0,59.0,17.0,1380.24
2022-12-06,JP,Yokohama,pm25,479,1.0,70.0,21.0,3068.53
2022-12-06,JP,Tokyo,pm25,2365,1.0,76.0,21.0,1730.55
2022-12-06,JP,Saitama,pm25,466,5.0,97.0,25.0,1843.52
2022-12-06,JP,Naha,pm25,135,5.0,30.0,21.0,592.7
2022-12-06,JP,Nagasaki,pm25,172,5.0,72.0,30.0,3265.13
2022-12-06,JP,Toyama,pm25,147,5.0,63.0,17.0,993.22
2022-12-06,JP,Niigata,pm25,173,5.0,59.0,13.0,664.45
2022-12-06,JP,Nara-shi,pm25,184,5.0,53.0,21.0,980.31
2022-12-06,JP,Okayama,pm25,282,5.0,65.0,25.0,1172.32
2022-12-06,JP,Sendai,pm25,408,5.0,61.0,17.0,1479.25
2022-12-06,JP,Osaka,pm25,1212,5.0,87.0,21.0,1394.37
2022-12-06,JP,Miyazaki,pm25,103,5.0,129.0,25.0,2947.74
2022-12-06,JP,Matsuyama,pm25,128,5.0,80.0,21.0,2633.54
2022-12-06,JP,Wakayama,pm25,268,5.0,78.0,17.0,1054.68
2022-12-06,JP,Takamatsu,pm25,195,5.0,46.0,17.0,848.2
2022-12-06,JP,Nagoya,pm25,708,5.0,80.0,17.0,896.31
2022-12-06,JP,Ōita,pm25,224,5.0,63.0,25.0,2136.94
2022-12-06,JP,Kobe,pm25,404,5.0,61.0,21.0,1164.05
2022-12-06,JP,Nagano,pm25,56,5.0,68.0,21.0,2970.43
2022-12-06,JP,Utsunomiya,pm25,24,9.0,57.0,25.0,1162.01
2022-12-06,JP,Kagoshima,pm25,95,9.0,70.0,25.0,1866.26
2022-12-06,SK,Košice,pm25,96,17.0,97.0,63.0,4844.42
2022-12-06,SK,Bratislava,pm25,90,5.0,85.0,38.0,4442.88
2022-12-06,FI,Vantaa,pm25,24,10.0,27.0,17.0,271.23
2022-12-06,FI,Turku,pm25,24,7.0,32.0,13.0,455.49
2022-12-06,FI,Helsinki,pm25,108,15.0,45.0,24.0,485.1
2022-12-06,FI,Tampere,pm25,96,8.0,45.0,19.0,744.1
2022-12-06,ET,Addis Ababa,pm25,22,30.0,76.0,61.0,1873.96
2022-12-06,CH,Zürich,pm25,24,2.0,4.0,3.0,6.07
2022-12-06,CO,Bogotá,pm25,334,9.0,163.0,68.0,6989.42
2022-12-06,CO,Medellín,pm25,290,30.0,87.0,59.0,1029.38
2022-12-06,DK,Copenhagen,pm25,24,7.0,36.0,25.0,837.66
2022-12-06,GB,Edinburgh,pm25,266,2.0,61.0,13.0,1162.94
2022-12-06,GB,Norwich,pm25,23,17.0,52.0,25.0,1219.53
2022-12-06,GB,Liverpool,pm25,36,13.0,48.0,25.0,886.29
2022-12-06,GB,Belfast,pm25,48,7.0,63.0,21.0,979.75
2022-12-06,GB,Coventry,pm25,54,21.0,55.0,27.0,1290.37
2022-12-06,GB,Leeds,pm25,36,13.0,50.0,25.0,1261.14
2022-12-06,GB,Cardiff,pm25,120,5.0,61.0,42.0,1499.15
2022-12-06,GB,Bristol,pm25,69,25.0,59.0,38.0,674.67
2022-12-06,GB,London,pm25,581,3.0,163.0,27.0,2526.61
2022-12-06,GB,Birmingham,pm25,40,21.0,50.0,30.0,546.4
2022-12-06,GB,Sheffield,pm25,71,17.0,47.0,21.0,411.9
2022-12-06,GB,Newport,pm25,46,13.0,38.0,25.0,577.07
2022-12-06,GB,Leicester,pm25,23,21.0,45.0,28.0,593.12
2022-12-06,GB,Manchester,pm25,81,15.0,72.0,35.0,2084.03
2022-12-06,GB,Reading,pm25,44,5.0,59.0,17.0,2951.67
2022-12-06,GB,Plymouth,pm25,41,17.0,140.0,46.0,4268.11
2022-12-06,GB,Glasgow,pm25,545,2.0,105.0,35.0,2857.31
2022-12-06,GB,Preston,pm25,47,17.0,97.0,27.0,3563.89
2022-12-06,GB,Swansea,pm25,153,5.0,147.0,17.0,4038.75
2022-12-06,GB,Southend-on-Sea,pm25,45,12.0,112.0,25.0,4325.45
2022-12-06,ID,Jakarta,pm25,68,46.0,172.0,89.0,15408.4
2022-12-06,ML,Bamako,pm25,24,50.0,149.0,89.0,6650.65
2022-12-06,NP,Kathmandu,pm25,60,65.0,157.0,107.0,7830.27
2022-12-06,NP,Biratnagar,pm25,24,60.0,290.0,93.0,52139.1
2022-12-06,AU,Sydney,pm25,111,3.0,50.0,19.0,1223.63
2022-12-06,AU,Newcastle,pm25,138,1.0,59.0,21.0,1301.28
2022-12-06,AU,Launceston,pm25,25,5.0,85.0,5.0,3478.4
2022-12-06,AU,Hobart,pm25,22,5.0,17.0,5.0,86.23
2022-12-06,AU,Darwin,pm25,70,1.0,36.0,15.0,610.14
2022-12-06,AU,Melbourne,pm25,135,1.0,54.0,22.0,1142.36
2022-12-06,AU,Canberra,pm25,42,1.0,50.0,19.0,1703.82
2022-12-06,AU,Adelaide,pm25,93,5.0,84.0,25.0,1165.25
2022-12-06,AU,Brisbane,pm25,213,1.0,68.0,27.0,1501.71
2022-12-06,AU,Wollongong,pm25,19,1.0,44.0,15.0,1584.27
2022-12-06,CI,Abidjan,pm25,24,25.0,142.0,61.0,11421.3
2022-12-06,GH,Accra,pm25,24,42.0,142.0,63.0,5227.66
2022-12-06,IQ,Baghdad,pm25,24,85.0,206.0,158.0,9262.59
2022-12-06,IS,Reykjavík,pm25,96,5.0,47.0,17.0,1817.36
2022-12-06,KG,Bishkek,pm25,24,158.0,382.0,181.0,53318.2
2022-12-06,NL,Utrecht,pm25,48,6.0,57.0,32.0,1644.66
2022-12-06,NL,Nijmegen,pm25,45,2.0,71.0,27.0,2734.68
2022-12-06,NL,Haarlem,pm25,92,1.0,59.0,14.0,1264.73
2022-12-06,NL,Eindhoven,pm25,24,8.0,55.0,32.0,1477.66
2022-12-06,NL,Rotterdam,pm25,192,8.0,60.0,23.0,1426.47
2022-12-06,NL,Amsterdam,pm25,256,2.0,67.0,20.0,1591.88
2022-12-06,NL,Dordrecht,pm25,21,1.0,25.0,17.0,457.9
2022-12-06,NL,Breda,pm25,25,3.0,36.0,16.0,852.07
2022-12-06,NL,Groningen,pm25,36,1.0,26.0,10.0,436.16
2022-12-06,NL,Maastricht,pm25,96,13.0,70.0,46.0,3097.46
2022-12-06,NL,The Hague,pm25,72,5.0,56.0,18.0,1033.71
2022-12-06,PT,Lisbon,pm25,96,13.0,84.0,35.0,3290.99
2022-12-06,PT,Funchal,pm25,45,1.0,34.0,18.0,935.68
2022-12-06,CA,Hamilton,pm25,78,17.0,74.0,42.0,1832.26
2022-12-06,CA,Calgary,pm25,92,6.0,47.0,15.0,329.97
2022-12-06,CA,Winnipeg,pm25,24,15.0,29.0,20.0,204.62
2022-12-06,CA,Halifax,pm25,46,4.0,30.0,18.0,546.94
2022-12-06,CA,Kitchener,pm25,38,21.0,82.0,46.0,2611.59
2022-12-06,CA,Edmonton,pm25,129,3.0,56.0,22.0,1319.6
2022-12-06,CA,Surrey,pm25,96,13.0,78.0,51.0,2056.17
2022-12-06,CA,Mississauga,pm25,61,25.0,59.0,42.0,724.72
2022-12-06,CA,Québec,pm25,174,12.0,79.0,35.0,1738.38
2022-12-06,CA,Vancouver,pm25,165,15.0,89.0,55.0,1778.19
2022-12-06,CA,Victoria,pm25,47,13.0,57.0,30.0,1303.89
2022-12-06,CA,Montréal,pm25,392,21.0,63.0,38.0,813.01
2022-12-06,CA,Toronto,pm25,132,13.0,63.0,38.0,1770.36
2022-12-06,CA,Ottawa,pm25,63,21.0,51.0,42.0,595.04
2022-12-06,CA,London,pm25,31,9.0,85.0,30.0,6439.14
2022-12-06,US,Oklahoma City,pm25,96,15.0,66.0,40.0,2252.52
2022-12-06,US,Raleigh,pm25,72,13.0,60.0,42.0,1134.88
2022-12-06,US,Memphis,pm25,47,19.0,46.0,32.0,171.59
2022-12-06,US,Jackson,pm25,71,3.0,50.0,32.0,1349.05
2022-12-06,US,Boston,pm25,128,13.0,57.0,30.0,557.66
2022-12-06,US,Richmond,pm25,96,31.0,65.0,53.0,411.97
2022-12-06,US,Portland,pm25,192,8.0,100.0,60.0,2227.6
2022-12-06,US,Boise,pm25,24,22.0,93.0,66.0,4045.63
2022-12-06,US,Austin,pm25,47,9.0,68.0,30.0,1850.37
2022-12-06,US,Honolulu,pm25,48,5.0,55.0,30.0,2147.64
2022-12-06,US,Fresno,pm25,46,5.0,66.0,33.0,2076.87
2022-12-06,US,Milwaukee,pm25,136,16.0,92.0,47.0,4080.49
2022-12-06,US,Hartford,pm25,48,21.0,81.0,53.0,2319.68
2022-12-06,US,Washington D.C.,pm25,96,21.0,62.0,52.0,1126.95
2022-12-06,US,Chicago,pm25,240,18.0,97.0,60.0,2181.77
2022-12-06,US,Houston,pm25,92,5.0,54.0,25.0,1231.1
2022-12-06,US,Indianapolis,pm25,143,8.0,81.0,61.0,2488.21
2022-12-06,US,Atlanta,pm25,24,13.0,58.0,22.0,2713.84
2022-12-06,US,Charlotte,pm25,72,21.0,65.0,46.0,1133.11
2022-12-06,US,Sacramento,pm25,67,5.0,61.0,18.0,2034.64
2022-12-06,US,Oakland,pm25,110,5.0,91.0,21.0,2157.46
2022-12-06,US,Providence,pm25,69,5.0,74.0,25.0,3872.48
2022-12-06,US,Staten Island,pm25,95,5.0,97.0,50.0,4986.05
2022-12-06,US,Brooklyn,pm25,120,8.0,77.0,44.0,2180.7
2022-12-06,US,Springfield,pm25,48,25.0,98.0,60.0,3030.0
2022-12-06,US,The Bronx,pm25,48,19.0,64.0,39.0,1470.62
2022-12-06,US,San Jose,pm25,71,5.0,61.0,21.0,2156.6
2022-12-06,US,Los Angeles,pm25,48,14.0,62.0,30.0,1356.56
2022-12-06,US,Detroit,pm25,151,26.0,132.0,58.0,3141.66
2022-12-06,US,Little Rock,pm25,47,20.0,53.0,33.0,721.88
2022-12-06,US,Baltimore,pm25,48,25.0,76.0,60.0,1278.71
2022-12-06,US,Phoenix,pm25,184,7.0,141.0,40.0,2798.66
2022-12-06,US,Omaha,pm25,42,5.0,68.0,34.0,2687.83
2022-12-06,US,El Paso,pm25,140,8.0,109.0,34.0,4491.29
2022-12-06,US,Dallas,pm25,22,9.0,42.0,21.0,986.32
2022-12-06,US,Seattle,pm25,232,10.0,66.0,38.0,1652.29
2022-12-06,US,Manhattan,pm25,72,11.0,77.0,51.0,3090.33
2022-12-06,US,Miami,pm25,82,25.0,53.0,33.0,216.33
2022-12-06,US,Jacksonville,pm25,142,2.0,81.0,44.0,1233.89
2022-12-06,US,San Antonio,pm25,94,10.0,67.0,36.0,1922.36
2022-12-06,US,Philadelphia,pm25,95,2.0,80.0,38.0,3830.48
2022-12-06,US,San Diego,pm25,24,17.0,39.0,25.0,316.74
2022-12-06,US,Columbus,pm25,48,5.0,56.0,39.0,1801.7
2022-12-06,US,Saint Paul,pm25,144,13.0,61.0,36.0,1433.65
2022-12-06,US,Denver,pm25,155,5.0,57.0,17.0,898.97
2022-12-06,US,Salt Lake City,pm25,216,8.0,95.0,55.0,3492.11
2022-12-06,US,Albuquerque,pm25,46,6.0,36.0,12.0,456.87
2022-12-06,US,San Francisco,pm25,63,5.0,50.0,25.0,1026.45
2022-12-06,US,Salem,pm25,72,35.0,89.0,52.0,1879.12
2022-12-06,US,Madison,pm25,47,23.0,69.0,38.0,2161.83
2022-12-06,US,Nashville,pm25,48,23.0,61.0,38.0,644.78
2022-12-06,US,Tucson,pm25,144,5.0,85.0,17.0,1460.8
2022-12-06,US,Queens,pm25,96,5.0,69.0,41.0,2316.0
2022-12-06,US,Tallahassee,pm25,68,15.0,52.0,29.0,1156.55
2022-12-06,US,Fort Worth,pm25,44,4.0,38.0,16.0,769.99
2022-12-06,RS,Novi Sad,pm25,48,53.0,153.0,84.0,7724.78
2022-12-06,RS,Niš,pm25,48,50.0,192.0,79.0,17065.1
2022-12-06,RS,Belgrade,pm25,168,23.0,153.0,73.0,9038.71
2022-12-06,CY,Nicosia,pm25,24,55.0,118.0,73.0,3121.96
2022-12-06,CY,Limassol,pm25,24,40.0,83.0,50.0,1428.24
2022-12-06,HR,Zagreb,pm25,13,57.0,154.0,94.0,11219.1
2022-12-06,HR,Rijeka,pm25,70,13.0,79.0,23.0,2391.89
2022-12-06,MK,Skopje,pm25,120,9.0,170.0,78.0,15444.3
2022-12-07,GE,Tbilisi,pm25,96,28.0,86.0,57.0,722.31
2022-12-07,JP,Fukuoka,pm25,362,9.0,102.0,59.0,2387.92
2022-12-07,JP,Kanazawa,pm25,218,5.0,50.0,17.0,1070.11
2022-12-07,JP,Kumamoto,pm25,361,5.0,93.0,55.0,2685.59
2022-12-07,JP,Akita,pm25,33,5.0,63.0,17.0,1841.04
2022-12-07,JP,Kochi,pm25,45,5.0,63.0,30.0,1917.71
2022-12-07,JP,Gifu-shi,pm25,177,5.0,169.0,25.0,4346.56
2022-12-07,JP,Kyoto,pm25,576,5.0,70.0,42.0,1465.29
2022-12-07,JP,Hiroshima,pm25,292,5.0,78.0,38.0,2291.49
2022-12-07,JP,Shizuoka,pm25,234,5.0,59.0,17.0,861.53
2022-12-07,JP,Chiba,pm25,702,5.0,102.0,38.0,3280.6
2022-12-07,JP,Sapporo,pm25,207,5.0,65.0,21.0,1325.92
2022-12-07,JP,Yokohama,pm25,511,1.0,63.0,34.0,2097.3
2022-12-07,JP,Tokyo,pm25,2445,1.0,159.0,38.0,2729.03
2022-12-07,JP,Saitama,pm25,443,5.0,78.0,30.0,1917.44
2022-12-07,JP,Naha,pm25,144,13.0,53.0,42.0,1303.03
2022-12-07,JP,Nagasaki,pm25,187,5.0,80.0,53.0,1570.82
2022-12-07,JP,Toyama,pm25,150,5.0,59.0,21.0,1176.6
2022-12-07,JP,Niigata,pm25,175,5.0,38.0,13.0,383.33
2022-12-07,JP,Nara-shi,pm25,190,5.0,68.0,42.0,1774.17
2022-12-07,JP,Okayama,pm25,272,9.0,87.0,46.0,1299.05
2022-12-07,JP,Sendai,pm25,413,5.0,55.0,17.0,1391.1
2022-12-07,JP,Osaka,pm25,1351,5.0,82.0,42.0,1663.78
2022-12-07,JP,Miyazaki,pm25,118,5.0,89.0,53.0,1910.69
2022-12-07,JP,Matsuyama,pm25,146,5.0,78.0,42.0,1937.69
2022-12-07,JP,Wakayama,pm25,288,9.0,163.0,38.0,1886.0
2022-12-07,JP,Takamatsu,pm25,230,5.0,65.0,30.0,1656.22
2022-12-07,JP,Nagoya,pm25,761,1.0,167.0,30.0,1784.7
2022-12-07,JP,Ōita,pm25,254,5.0,76.0,42.0,2267.61
2022-12-07,JP,Kobe,pm25,398,5.0,80.0,46.0,1093.27
2022-12-07,JP,Nagano,pm25,48,5.0,87.0,30.0,4168.35
2022-12-07,JP,Utsunomiya,pm25,24,21.0,82.0,61.0,2534.49
2022-12-07,JP,Kagoshima,pm25,95,38.0,97.0,53.0,614.94
2022-12-07,SK,Košice,pm25,94,9.0,129.0,46.0,3363.37
2022-12-07,SK,Bratislava,pm25,94,13.0,78.0,53.0,2070.23
2022-12-07,FI,Vantaa,pm25,24,8.0,30.0,19.0,336.5
2022-12-07,FI,Turku,pm25,23,7.0,37.0,13.0,472.65
2022-12-07,FI,Helsinki,pm25,120,8.0,61.0,25.0,889.91
2022-12-07,FI,Tampere,pm25,95,8.0,55.0,20.0,1035.68
2022-12-07,ET,Addis Ababa,pm25,20,34.0,80.0,61.0,1519.89
2022-12-07,CH,Zürich,pm25,24,2.0,7.0,3.0,19.35
2022-12-07,CO,Bogotá,pm25,327,5.0,214.0,63.0,12020.6
2022-12-07,CO,Medellín,pm25,250,25.0,93.0,59.0,1816.25
2022-12-07,DK,Copenhagen,pm25,24,16.0,43.0,27.0,432.17
2022-12-07,GB,Edinburgh,pm25,273,4.0,64.0,14.0,1222.0
2022-12-07,GB,Norwich,pm25,22,25.0,38.0,30.0,125.65
2022-12-07,GB,Liverpool,pm25,34,25.0,76.0,28.0,2028.77
2022-12-07,GB,Belfast,pm25,41,7.0,49.0,21.0,839.49
2022-12-07,GB,Coventry,pm25,60,34.0,72.0,48.0,468.17
2022-12-07,GB,Leeds,pm25,41,9.0,55.0,30.0,1003.94
2022-12-07,GB,Cardiff,pm25,119,5.0,95.0,55.0,4024.37
2022-12-07,GB,Bristol,pm25,72,30.0,158.0,55.0,6957.39
2022-12-07,GB,London,pm25,566,5.0,104.0,46.0,2513.8
2022-12-07,GB,Birmingham,pm25,43,41.0,62.0,46.0,304.04
2022-12-07,GB,Sheffield,pm25,83,13.0,61.0,25.0,1544.51
2022-12-07,GB,Newport,pm25,46,30.0,68.0,38.0,1616.39
2022-12-07,GB,Leicester,pm25,22,20.0,65.0,43.0,1663.48
2022-12-07,GB,Manchester,pm25,73,40.0,132.0,61.0,2774.86
2022-12-07,GB,Reading,pm25,48,25.0,70.0,55.0,1106.52
2022-12-07,GB,Plymouth,pm25,32,17.0,124.0,55.0,8041.77
2022-12-07,GB,Glasgow,pm25,543,5.0,79.0,26.0,1725.26
2022-12-07,GB,Preston,pm25,45,17.0,128.0,53.0,6505.64
2022-12-07,GB,Swansea,pm25,143,5.0,78.0,25.0,3468.89
2022-12-07,GB,Southend-on-Sea,pm25,43,30.0,64.0,46.0,627.62
2022-12-07,ID,Jakarta,pm25,64,46.0,163.0,119.0,11581.9
2022-12-07,ML,Bamako,pm25,24,82.0,268.0,153.0,14085.4
2022-12-07,NP,Kathmandu,pm25,72,63.0,171.0,119.0,8247.82
2022-12-07,NP,Biratnagar,pm25,39,63.0,324.0,82.0,35882.9
2022-12-07,AU,Sydney,pm25,110,1.0,52.0,15.0,1118.61
2022-12-07,AU,Newcastle,pm25,129,1.0,73.0,20.0,1656.4
2022-12-07,AU,Launceston,pm25,67,5.0,9.0,5.0,38.57
2022-12-07,AU,Hobart,pm25,34,5.0,13.0,5.0,70.16
2022-12-07,AU,Darwin,pm25,69,1.0,43.0,15.0,909.39
2022-12-07,AU,Melbourne,pm25,152,1.0,61.0,23.0,1526.15
2022-12-07,AU,Canberra,pm25,54,2.0,69.0,23.0,2160.6
2022-12-07,AU,Adelaide,pm25,94,2.0,71.0,18.0,1558.74
2022-12-07,AU,Brisbane,pm25,215,2.0,75.0,39.0,2132.8
2022-12-07,AU,Wollongong,pm25,28,4.0,51.0,14.0,1839.42
2022-12-07,CI,Abidjan,pm25,24,38.0,80.0,61.0,830.42
2022-12-07,GH,Accra,pm25,24,42.0,112.0,61.0,2347.75
2022-12-07,IQ,Baghdad,pm25,24,93.0,188.0,166.0,5310.65
2022-12-07,IS,Reykjavík,pm25,92,5.0,35.0,9.0,324.05
2022-12-07,KG,Bishkek,pm25,24,80.0,429.0,299.0,74073.0
2022-12-07,NL,Utrecht,pm25,48,4.0,61.0,31.0,1749.57
2022-12-07,NL,Nijmegen,pm25,48,7.0,64.0,27.0,2083.12
2022-12-07,NL,Haarlem,pm25,116,1.0,69.0,13.0,1976.34
2022-12-07,NL,Eindhoven,pm25,23,7.0,58.0,39.0,2173.28
2022-12-07,NL,Rotterdam,pm25,191,1.0,65.0,17.0,1057.53
2022-12-07,NL,Amsterdam,pm25,247,1.0,63.0,16.0,1036.99
2022-12-07,NL,Dordrecht,pm25,23,1.0,30.0,13.0,645.34
2022-12-07,NL,Breda,pm25,46,1.0,41.0,17.0,667.21
2022-12-07,NL,Groningen,pm25,29,1.0,21.0,7.0,196.5
2022-12-07,NL,Maastricht,pm25,96,21.0,76.0,53.0,2170.25
2022-12-07,NL,The Hague,pm25,66,1.0,36.0,15.0,377.3
2022-12-07,PT,Lisbon,pm25,95,27.0,80.0,48.0,1467.58
2022-12-07,PT,Funchal,pm25,58,1.0,26.0,13.0,499.47
2022-12-07,CA,Hamilton,pm25,91,25.0,104.0,59.0,4907.97
2022-12-07,CA,Calgary,pm25,65,2.0,54.0,18.0,1192.59
2022-12-07,CA,Winnipeg,pm25,21,16.0,40.0,24.0,318.62
2022-12-07,CA,Halifax,pm25,46,2.0,48.0,8.0,974.94
2022-12-07,CA,Kitchener,pm25,42,34.0,99.0,63.0,3091.34
2022-12-07,CA,Edmonton,pm25,125,13.0,58.0,29.0,1223.06
2022-12-07,CA,Surrey,pm25,86,1.0,43.0,13.0,772.1
2022-12-07,CA,Mississauga,pm25,69,17.0,91.0,53.0,3618.61
2022-12-07,CA,Québec,pm25,166,5.0,60.0,18.0,1342.45
2022-12-07,CA,Vancouver,pm25,166,3.0,57.0,15.0,818.54
2022-12-07,CA,Victoria,pm25,44,5.0,53.0,21.0,1423.36
2022-12-07,CA,Montréal,pm25,423,3.0,59.0,22.0,1995.13
2022-12-07,CA,Toronto,pm25,136,13.0,89.0,53.0,4084.4
2022-12-07,CA,Ottawa,pm25,62,13.0,44.0,20.0,642.52
2022-12-07,CA,London,pm25,33,46.0,95.0,68.0,2357.78
2022-12-07,US,Oklahoma City,pm25,96,32.0,82.0,58.0,1128.81
2022-12-07,US,Raleigh,pm25,71,30.0,72.0,55.0,530.4
2022-12-07,US,Memphis,pm25,48,10.0,52.0,24.0,1128.78
2022-12-07,US,Jackson,pm25,70,8.0,66.0,43.0,3202.82
2022-12-07,US,Boston,pm25,134,13.0,46.0,21.0,705.66
2022-12-07,US,Richmond,pm25,96,37.0,60.0,50.0,320.2
2022-12-07,US,Portland,pm25,192,26.0,94.0,66.0,1604.38
2022-12-07,US,Boise,pm25,24,10.0,87.0,56.0,2294.13
2022-12-07,US,Austin,pm25,47,9.0,72.0,42.0,2797.39
2022-12-07,US,Honolulu,pm25,44,5.0,63.0,21.0,2053.29
2022-12-07,US,Fresno,pm25,48,33.0,90.0,52.0,1645.09
2022-12-07,US,Milwaukee,pm25,140,9.0,92.0,68.0,2232.07
2022-12-07,US,Hartford,pm25,48,3.0,52.0,16.0,1719.79
2022-12-07,US,Washington D.C.,pm25,96,9.0,65.0,50.0,1934.96
2022-12-07,US,Chicago,pm25,239,20.0,105.0,75.0,1337.22
2022-12-07,US,Houston,pm25,94,5.0,77.0,37.0,2247.73
2022-12-07,US,Indianapolis,pm25,144,34.0,97.0,73.0,1607.18
2022-12-07,US,Atlanta,pm25,24,33.0,53.0,43.0,445.49
2022-12-07,US,Charlotte,pm25,71,13.0,61.0,39.0,1035.71
2022-12-07,US,Sacramento,pm25,64,3.0,91.0,25.0,5621.02
2022-12-07,US,Oakland,pm25,102,5.0,70.0,38.0,2644.61
2022-12-07,US,Providence,pm25,48,5.0,46.0,13.0,1186.79
2022-12-07,US,Staten Island,pm25,92,1.0,57.0,28.0,2325.82
2022-12-07,US,Brooklyn,pm25,128,8.0,67.0,38.0,2595.75
2022-12-07,US,Springfield,pm25,48,52.0,93.0,62.0,846.48
2022-12-07,US,The Bronx,pm25,48,9.0,67.0,35.0,3112.32
2022-12-07,US,San Jose,pm25,90,5.0,72.0,30.0,2178.38
2022-12-07,US,Los Angeles,pm25,48,13.0,98.0,48.0,4732.06
2022-12-07,US,Detroit,pm25,41,53.0,112.0,83.0,1577.05
2022-12-07,US,Little Rock,pm25,47,16.0,51.0,36.0,831.83
2022-12-07,US,Baltimore,pm25,46,17.0,81.0,49.0,2935.64
2022-12-07,US,Phoenix,pm25,191,8.0,79.0,46.0,2374.56
2022-12-07,US,Omaha,pm25,48,42.0,76.0,59.0,831.7
2022-12-07,US,El Paso,pm25,149,17.0,109.0,51.0,2996.67
2022-12-07,US,Dallas,pm25,24,25.0,85.0,46.0,2852.16
2022-12-07,US,Seattle,pm25,223,5.0,50.0,25.0,1174.63
2022-12-07,US,Manhattan,pm25,71,1.0,59.0,28.0,2609.4
2022-12-07,US,Miami,pm25,94,21.0,40.0,25.0,140.61
2022-12-07,US,Jacksonville,pm25,143,15.0,117.0,49.0,2115.36
2022-12-07,US,San Antonio,pm25,94,2.0,73.0,50.0,2236.91
2022-12-07,US,Philadelphia,pm25,93,4.0,85.0,38.0,3942.08
2022-12-07,US,San Diego,pm25,24,14.0,60.0,23.0,2373.32
2022-12-07,US,Columbus,pm25,48,16.0,72.0,36.0,2819.13
2022-12-07,US,Saint Paul,pm25,141,5.0,63.0,33.0,1713.92
2022-12-07,US,Denver,pm25,159,5.0,76.0,30.0,2192.48
2022-12-07,US,Salt Lake City,pm25,216,17.0,97.0,65.0,1718.65
2022-12-07,US,Albuquerque,pm25,32,8.0,55.0,34.0,2843.14
2022-12-07,US,San Francisco,pm25,71,5.0,70.0,30.0,2350.9
2022-12-07,US,Salem,pm25,71,25.0,86.0,56.0,1698.34
2022-12-07,US,Madison,pm25,48,53.0,81.0,63.0,774.14
2022-12-07,US,Nashville,pm25,61,9.0,68.0,35.0,1187.09
2022-12-07,US,Tucson,pm25,149,5.0,55.0,21.0,838.45
2022-12-07,US,Queens,pm25,95,10.0,61.0,33.0,1958.01
2022-12-07,US,Tallahassee,pm25,72,13.0,87.0,31.0,2261.12
2022-12-07,US,Fort Worth,pm25,46,5.0,73.0,42.0,3259.52
2022-12-07,RS,Novi Sad,pm25,48,58.0,153.0,93.0,3892.23
2022-12-07,RS,Niš,pm25,47,58.0,166.0,75.0,5734.05
2022-12-07,RS,Belgrade,pm25,167,22.0,156.0,73.0,6188.53
2022-12-07,CY,Nicosia,pm25,24,60.0,128.0,75.0,4452.75
2022-12-07,CY,Limassol,pm25,23,36.0,80.0,57.0,1361.3
2022-12-07,HR,Zagreb,pm25,24,93.0,169.0,138.0,6284.06
2022-12-07,HR,Rijeka,pm25,64,4.0,54.0,13.0,2063.47
2022-12-07,MK,Skopje,pm25,40,44.0,166.0,106.0,12727.7
2022-12-08,GE,Tbilisi,pm25,96,44.0,113.0,68.0,3947.42
2022-12-08,JP,Fukuoka,pm25,363,5.0,142.0,50.0,2768.83
2022-12-08,JP,Kanazawa,pm25,219,5.0,59.0,17.0,991.71
2022-12-08,JP,Kumamoto,pm25,366,5.0,179.0,57.0,3236.8
2022-12-08,JP,Akita,pm25,36,9.0,89.0,21.0,4273.61
2022-12-08,JP,Kochi,pm25,48,25.0,59.0,42.0,788.61
2022-12-08,JP,Gifu-shi,pm25,180,5.0,89.0,30.0,2334.46
2022-12-08,JP,Kyoto,pm25,571,9.0,80.0,50.0,1731.0
2022-12-08,JP,Hiroshima,pm25,322,5.0,82.0,50.0,2694.05
2022-12-08,JP,Shizuoka,pm25,255,5.0,57.0,30.0,1238.09
2022-12-08,JP,Chiba,pm25,748,5.0,107.0,38.0,2970.31
2022-12-08,JP,Sapporo,pm25,207,5.0,59.0,21.0,1126.26
2022-12-08,JP,Yokohama,pm25,513,1.0,68.0,34.0,2276.35
2022-12-08,JP,Tokyo,pm25,2510,1.0,161.0,38.0,1979.49
2022-12-08,JP,Saitama,pm25,470,5.0,95.0,30.0,2192.84
2022-12-08,JP,Naha,pm25,139,21.0,57.0,38.0,1174.39
2022-12-08,JP,Nagasaki,pm25,190,5.0,72.0,50.0,1423.36
2022-12-08,JP,Toyama,pm25,175,5.0,59.0,21.0,1362.97
2022-12-08,JP,Niigata,pm25,185,5.0,38.0,17.0,625.7
2022-12-08,JP,Nara-shi,pm25,188,21.0,72.0,53.0,780.51
2022-12-08,JP,Okayama,pm25,287,5.0,129.0,57.0,1534.75
2022-12-08,JP,Sendai,pm25,404,5.0,38.0,13.0,478.13
2022-12-08,JP,Osaka,pm25,1341,5.0,97.0,53.0,1761.8
2022-12-08,JP,Miyazaki,pm25,110,5.0,74.0,46.0,1854.74
2022-12-08,JP,Matsuyama,pm25,147,9.0,91.0,55.0,2195.76
2022-12-08,JP,Wakayama,pm25,281,25.0,95.0,50.0,864.54
2022-12-08,JP,Takamatsu,pm25,238,13.0,70.0,50.0,1012.58
2022-12-08,JP,Nagoya,pm25,779,5.0,99.0,38.0,1984.36
2022-12-08,JP,Ōita,pm25,260,5.0,68.0,46.0,2246.97
2022-12-08,JP,Kobe,pm25,372,9.0,91.0,53.0,1792.7
2022-12-08,JP,Nagano,pm25,59,5.0,53.0,25.0,1597.64
2022-12-08,JP,Utsunomiya,pm25,24,13.0,65.0,38.0,3603.03
2022-12-08,JP,Kagoshima,pm25,91,34.0,70.0,57.0,539.61
2022-12-08,SK,Košice,pm25,96,30.0,152.0,80.0,4380.87
2022-12-08,SK,Bratislava,pm25,96,34.0,97.0,68.0,1730.79
2022-12-08,FI,Vantaa,pm25,24,23.0,50.0,33.0,865.92
2022-12-08,FI,Turku,pm25,24,8.0,52.0,23.0,1645.92
2022-12-08,FI,Helsinki,pm25,120,18.0,59.0,28.0,547.63
2022-12-08,FI,Tampere,pm25,96,12.0,66.0,23.0,1134.31
2022-12-08,ET,Addis Ababa,pm25,24,34.0,107.0,61.0,1972.01
2022-12-08,CH,Zürich,pm25,24,3.0,5.0,4.0,6.07
2022-12-08,CO,Bogotá,pm25,333,17.0,175.0,65.0,8810.88
2022-12-08,CO,Medellín,pm25,297,38.0,88.0,61.0,904.9
2022-12-08,DK,Copenhagen,pm25,24,11.0,60.0,32.0,2320.22
2022-12-08,GB,Edinburgh,pm25,275,4.0,78.0,15.0,2490.65
2022-12-08,GB,Norwich,pm25,20,34.0,57.0,36.0,565.55
2022-12-08,GB,Liverpool,pm25,42,34.0,107.0,59.0,3271.68
2022-12-08,GB,Belfast,pm25,60,12.0,139.0,25.0,5651.63
2022-12-08,GB,Coventry,pm25,66,42.0,73.0,57.0,655.99
2022-12-08,GB,Leeds,pm25,43,21.0,57.0,30.0,1014.95
2022-12-08,GB,Cardiff,pm25,120,9.0,80.0,50.0,2984.59
2022-12-08,GB,Bristol,pm25,69,21.0,152.0,59.0,9115.16
2022-12-08,GB,London,pm25,530,15.0,116.0,65.0,2211.89
2022-12-08,GB,Birmingham,pm25,46,19.0,68.0,46.0,1569.29
2022-12-08,GB,Sheffield,pm25,83,9.0,81.0,34.0,1862.03
2022-12-08,GB,Newport,pm25,47,17.0,64.0,38.0,1537.44
2022-12-08,GB,Leicester,pm25,24,55.0,96.0,61.0,1181.96
2022-12-08,GB,Manchester,pm25,82,57.0,127.0,81.0,2304.64
2022-12-08,GB,Reading,pm25,48,25.0,97.0,53.0,3549.11
2022-12-08,GB,Plymouth,pm25,44,46.0,211.0,57.0,14946.5
2022-12-08,GB,Glasgow,pm25,563,4.0,91.0,26.0,3016.93
2022-12-08,GB,Preston,pm25,44,20.0,157.0,68.0,7436.66
2022-12-08,GB,Swansea,pm25,150,5.0,80.0,30.0,3182.44
2022-12-08,GB,Southend-on-Sea,pm25,47,35.0,73.0,58.0,795.18
2022-12-08,ID,Jakarta,pm25,58,15.0,191.0,87.0,9400.86
2022-12-08,ML,Bamako,pm25,24,155.0,322.0,170.0,21149.4
2022-12-08,NP,Kathmandu,pm25,70,38.0,174.0,124.0,11575.9
2022-12-08,NP,Biratnagar,pm25,29,63.0,241.0,85.0,9702.19
2022-12-08,AU,Sydney,pm25,129,1.0,48.0,15.0,656.3
2022-12-08,AU,Newcastle,pm25,137,1.0,64.0,20.0,1276.55
2022-12-08,AU,Launceston,pm25,52,5.0,17.0,5.0,58.58
2022-12-08,AU,Hobart,pm25,29,5.0,13.0,5.0,48.87
2022-12-08,AU,Darwin,pm25,70,1.0,52.0,16.0,934.37
2022-12-08,AU,Melbourne,pm25,159,1.0,52.0,20.0,1270.78
2022-12-08,AU,Canberra,pm25,47,1.0,39.0,11.0,752.97
2022-12-08,AU,Adelaide,pm25,93,3.0,73.0,17.0,1591.04
2022-12-08,AU,Brisbane,pm25,215,2.0,56.0,28.0,1546.9
2022-12-08,AU,Wollongong,pm25,46,1.0,55.0,20.0,1581.16
2022-12-08,CI,Abidjan,pm25,24,25.0,163.0,70.0,10696.5
2022-12-08,GH,Accra,pm25,24,42.0,104.0,70.0,2499.11
2022-12-08,IQ,Baghdad,pm25,24,122.0,203.0,159.0,3865.14
2022-12-08,IS,Reykjavík,pm25,92,3.0,18.0,9.0,132.3
2022-12-08,KG,Bishkek,pm25,24,119.0,290.0,165.0,22672.2
2022-12-08,NL,Utrecht,pm25,48,14.0,75.0,29.0,2017.71
2022-12-08,NL,Nijmegen,pm25,48,3.0,74.0,29.0,3366.88
2022-12-08,NL,Haarlem,pm25,130,1.0,78.0,19.0,3842.86
2022-12-08,NL,Eindhoven,pm25,24,13.0,71.0,52.0,1599.55
2022-12-08,NL,Rotterdam,pm25,192,3.0,54.0,12.0,1194.02
2022-12-08,NL,Amsterdam,pm25,244,1.0,104.0,17.0,4543.67
2022-12-08,NL,Dordrecht,pm25,22,5.0,34.0,13.0,524.09
2022-12-08,NL,Breda,pm25,43,3.0,52.0,13.0,1323.98
2022-12-08,NL,Groningen,pm25,35,1.0,58.0,9.0,3453.16
2022-12-08,NL,Maastricht,pm25,96,17.0,72.0,50.0,1273.01
2022-12-08,NL,The Hague,pm25,57,1.0,44.0,9.0,606.32
2022-12-08,PT,Lisbon,pm25,76,8.0,38.0,17.0,621.7
2022-12-08,PT,Funchal,pm25,58,1.0,26.0,14.0,549.92
2022-12-08,CA,Hamilton,pm25,78,5.0,42.0,21.0,788.1
2022-12-08,CA,Calgary,pm25,63,1.0,109.0,31.0,7393.23
2022-12-08,CA,Winnipeg,pm25,14,23.0,53.0,45.0,922.64
2022-12-08,CA,Halifax,pm25,46,1.0,53.0,31.0,2371.81
2022-12-08,CA,Kitchener,pm25,43,21.0,53.0,34.0,1038.16
2022-12-08,CA,Edmonton,pm25,114,15.0,82.0,54.0,2966.74
2022-12-08,CA,Surrey,pm25,89,1.0,63.0,8.0,1833.41
2022-12-08,CA,Mississauga,pm25,53,9.0,42.0,21.0,1111.87
2022-12-08,CA,Québec,pm25,160,5.0,96.0,16.0,2000.56
2022-12-08,CA,Vancouver,pm25,161,5.0,56.0,16.0,1364.32
2022-12-08,CA,Victoria,pm25,47,5.0,42.0,21.0,680.85
2022-12-08,CA,Montréal,pm25,459,3.0,59.0,21.0,977.62
2022-12-08,CA,Toronto,pm25,120,5.0,46.0,17.0,1011.65
2022-12-08,CA,Ottawa,pm25,66,13.0,31.0,21.0,174.01
2022-12-08,CA,London,pm25,34,21.0,65.0,30.0,2391.2
2022-12-08,US,Oklahoma City,pm25,95,15.0,65.0,38.0,1478.22
2022-12-08,US,Raleigh,pm25,68,9.0,53.0,38.0,919.29
2022-12-08,US,Memphis,pm25,46,10.0,44.0,26.0,778.38
2022-12-08,US,Jackson,pm25,72,2.0,79.0,43.0,3561.64
2022-12-08,US,Boston,pm25,121,5.0,38.0,17.0,542.52
2022-12-08,US,Richmond,pm25,88,16.0,49.0,28.0,995.61
2022-12-08,US,Portland,pm25,191,10.0,90.0,24.0,2017.47
2022-12-08,US,Boise,pm25,23,8.0,61.0,33.0,2619.96
2022-12-08,US,Austin,pm25,47,17.0,82.0,50.0,2229.94
2022-12-08,US,Honolulu,pm25,48,5.0,46.0,21.0,894.64
2022-12-08,US,Fresno,pm25,47,32.0,110.0,56.0,3061.11
2022-12-08,US,Milwaukee,pm25,140,14.0,85.0,25.0,3218.61
2022-12-08,US,Hartford,pm25,48,5.0,25.0,9.0,193.04
2022-12-08,US,Washington D.C.,pm25,90,5.0,45.0,25.0,780.31
2022-12-08,US,Chicago,pm25,215,6.0,82.0,30.0,5273.31
2022-12-08,US,Houston,pm25,94,21.0,78.0,46.0,1618.54
2022-12-08,US,Indianapolis,pm25,144,25.0,149.0,77.0,2077.76
2022-12-08,US,Atlanta,pm25,24,24.0,58.0,39.0,1129.57
2022-12-08,US,Charlotte,pm25,71,9.0,63.0,42.0,1771.06
2022-12-08,US,Sacramento,pm25,69,13.0,85.0,38.0,1547.47
2022-12-08,US,Oakland,pm25,82,5.0,61.0,21.0,2151.43
2022-12-08,US,Providence,pm25,56,5.0,25.0,13.0,343.64
2022-12-08,US,Staten Island,pm25,89,5.0,53.0,17.0,1182.71
2022-12-08,US,Brooklyn,pm25,142,5.0,66.0,17.0,845.25
2022-12-08,US,Springfield,pm25,48,27.0,98.0,72.0,4189.68
2022-12-08,US,The Bronx,pm25,48,8.0,25.0,17.0,229.5
2022-12-08,US,San Jose,pm25,90,5.0,65.0,21.0,2091.59
2022-12-08,US,Los Angeles,pm25,48,15.0,92.0,46.0,3911.33
2022-12-08,US,Detroit,pm25,120,22.0,94.0,43.0,4038.46
2022-12-08,US,Little Rock,pm25,47,4.0,27.0,17.0,465.77
2022-12-08,US,Baltimore,pm25,48,13.0,59.0,21.0,1185.94
2022-12-08,US,Phoenix,pm25,190,3.0,106.0,42.0,4629.47
2022-12-08,US,Omaha,pm25,48,46.0,99.0,68.0,1962.54
2022-12-08,US,El Paso,pm25,160,5.0,166.0,27.0,5114.89
2022-12-08,US,Dallas,pm25,24,13.0,97.0,57.0,5035.2
2022-12-08,US,Seattle,pm25,252,3.0,59.0,21.0,1342.75
2022-12-08,US,Manhattan,pm25,71,3.0,43.0,19.0,578.66
2022-12-08,US,Miami,pm25,83,17.0,36.0,22.0,169.03
2022-12-08,US,Jacksonville,pm25,144,10.0,80.0,48.0,1570.09
2022-12-08,US,San Antonio,pm25,94,22.0,81.0,52.0,1354.98
2022-12-08,US,Philadelphia,pm25,94,3.0,59.0,20.0,2082.94
2022-12-08,US,San Diego,pm25,24,15.0,64.0,25.0,1261.14
2022-12-08,US,Columbus,pm25,48,27.0,82.0,61.0,2583.9
2022-12-08,US,Saint Paul,pm25,144,29.0,77.0,55.0,2169.89
2022-12-08,US,Denver,pm25,148,5.0,65.0,21.0,2692.16
2022-12-08,US,Salt Lake City,pm25,216,5.0,87.0,54.0,3315.74
2022-12-08,US,Albuquerque,pm25,24,11.0,47.0,14.0,1431.23
2022-12-08,US,San Francisco,pm25,64,5.0,82.0,25.0,4051.71
2022-12-08,US,Salem,pm25,72,7.0,50.0,19.0,1366.41
2022-12-08,US,Madison,pm25,46,30.0,63.0,39.0,1083.94
2022-12-08,US,Nashville,pm25,69,9.0,70.0,33.0,2571.81
2022-12-08,US,Tucson,pm25,161,5.0,61.0,25.0,1631.36
2022-12-08,US,Queens,pm25,95,3.0,43.0,18.0,560.73
2022-12-08,US,Tallahassee,pm25,72,11.0,89.0,35.0,3701.34
2022-12-08,US,Fort Worth,pm25,48,13.0,64.0,42.0,1808.05
2022-12-08,RS,Novi Sad,pm25,48,44.0,194.0,77.0,11453.0
2022-12-08,RS,Niš,pm25,48,57.0,196.0,104.0,20173.8
2022-12-08,RS,Belgrade,pm25,168,68.0,167.0,112.0,7238.79
2022-12-08,CY,Nicosia,pm25,24,53.0,151.0,67.0,5707.54
2022-12-08,CY,Limassol,pm25,24,24.0,83.0,42.0,4113.46
2022-12-08,HR,Zagreb,pm25,23,86.0,138.0,98.0,2987.87
2022-12-08,HR,Rijeka,pm25,66,7.0,113.0,24.0,5202.69
2022-12-08,MK,Skopje,pm25,24,80.0,157.0,113.0,6579.06
2022-12-09,GE,Tbilisi,pm25,96,56.0,112.0,77.0,2220.35
2022-12-09,JP,Fukuoka,pm25,395,5.0,89.0,34.0,1867.75
2022-12-09,JP,Kanazawa,pm25,209,5.0,80.0,17.0,1069.3
2022-12-09,JP,Kumamoto,pm25,360,9.0,122.0,57.0,3074.71
2022-12-09,JP,Akita,pm25,37,5.0,72.0,21.0,2311.08
2022-12-09,JP,Kochi,pm25,48,9.0,68.0,42.0,2361.06
2022-12-09,JP,Gifu-shi,pm25,160,5.0,70.0,34.0,2863.41
2022-12-09,JP,Kyoto,pm25,576,5.0,89.0,46.0,2148.13
2022-12-09,JP,Hiroshima,pm25,297,5.0,70.0,42.0,2165.42
2022-12-09,JP,Shizuoka,pm25,248,5.0,63.0,30.0,1339.98
2022-12-09,JP,Chiba,pm25,728,5.0,107.0,34.0,2597.67
2022-12-09,JP,Sapporo,pm25,206,5.0,65.0,21.0,1834.79
2022-12-09,JP,Yokohama,pm25,511,1.0,87.0,30.0,2888.26
2022-12-09,JP,Tokyo,pm25,2513,1.0,151.0,38.0,2390.66
2022-12-09,JP,Saitama,pm25,491,5.0,112.0,38.0,2924.08
2022-12-09,JP,Naha,pm25,142,5.0,42.0,21.0,1098.61
2022-12-09,JP,Nagasaki,pm25,183,5.0,93.0,34.0,1713.93
2022-12-09,JP,Toyama,pm25,167,5.0,61.0,25.0,1502.36
2022-12-09,JP,Niigata,pm25,202,5.0,53.0,17.0,731.57
2022-12-09,JP,Nara-shi,pm25,188,17.0,99.0,50.0,1979.23
2022-12-09,JP,Okayama,pm25,287,9.0,117.0,57.0,3703.79
2022-12-09,JP,Sendai,pm25,463,5.0,72.0,21.0,851.05
2022-12-09,JP,Osaka,pm25,1343,5.0,122.0,50.0,2919.28
2022-12-09,JP,Miyazaki,pm25,113,5.0,102.0,50.0,3005.73
2022-12-09,JP,Matsuyama,pm25,155,5.0,158.0,46.0,3102.44
2022-12-09,JP,Wakayama,pm25,280,5.0,97.0,42.0,1645.1
2022-12-09,JP,Takamatsu,pm25,236,13.0,99.0,46.0,2875.76
2022-12-09,JP,Nagoya,pm25,775,5.0,95.0,38.0,2379.23
2022-12-09,JP,Ōita,pm25,244,5.0,93.0,42.0,2673.67
2022-12-09,JP,Kobe,pm25,408,5.0,155.0,46.0,3035.66
2022-12-09,JP,Nagano,pm25,52,5.0,55.0,25.0,2059.35
2022-12-09,JP,Utsunomiya,pm25,24,9.0,74.0,42.0,2413.89
2022-12-09,JP,Kagoshima,pm25,93,38.0,72.0,53.0,474.42
2022-12-09,SK,Košice,pm25,95,53.0,112.0,85.0,1732.78
2022-12-09,SK,Bratislava,pm25,96,9.0,97.0,65.0,5073.41
2022-12-09,FI,Vantaa,pm25,24,13.0,83.0,51.0,4558.19
2022-12-09,FI,Turku,pm25,24,15.0,44.0,28.0,460.22
2022-12-09,FI,Helsinki,pm25,120,4.0,90.0,34.0,4208.13
2022-12-09,FI,Tampere,pm25,96,10.0,54.0,26.0,1050.97
2022-12-09,ET,Addis Ababa,pm25,22,38.0,160.0,59.0,9664.18
2022-12-09,CH,Zürich,pm25,22,3.0,7.0,4.0,13.61
2022-12-09,CO,Bogotá,pm25,335,9.0,154.0,59.0,6792.35
2022-12-09,CO,Medellín,pm25,278,38.0,87.0,61.0,968.19
2022-12-09,DK,Copenhagen,pm25,24,10.0,42.0,25.0,777.39
2022-12-09,GB,Edinburgh,pm25,275,5.0,68.0,18.0,1407.89
2022-12-09,GB,Norwich,pm25,24,38.0,77.0,51.0,1568.1
2022-12-09,GB,Liverpool,pm25,40,25.0,68.0,42.0,1371.15
2022-12-09,GB,Belfast,pm25,80,34.0,100.0,57.0,1311.37
2022-12-09,GB,Coventry,pm25,72,55.0,88.0,61.0,619.8
2022-12-09,GB,Leeds,pm25,39,28.0,80.0,42.0,2389.2
2022-12-09,GB,Cardiff,pm25,119,5.0,142.0,59.0,9228.11
2022-12-09,GB,Bristol,pm25,58,30.0,151.0,61.0,5709.32
2022-12-09,GB,London,pm25,530,23.0,152.0,72.0,3861.84
2022-12-09,GB,Birmingham,pm25,45,53.0,74.0,59.0,236.62
2022-12-09,GB,Sheffield,pm25,81,19.0,63.0,38.0,940.72
2022-12-09,GB,Newport,pm25,48,29.0,73.0,45.0,1735.0
2022-12-09,GB,Leicester,pm25,20,63.0,85.0,66.0,378.39
2022-12-09,GB,Manchester,pm25,77,61.0,135.0,87.0,2958.25
2022-12-09,GB,Reading,pm25,48,46.0,134.0,72.0,3398.71
2022-12-09,GB,Plymouth,pm25,43,9.0,151.0,84.0,8222.87
2022-12-09,GB,Glasgow,pm25,572,6.0,113.0,23.0,3369.28
2022-12-09,GB,Preston,pm25,47,50.0,151.0,62.0,7969.12
2022-12-09,GB,Swansea,pm25,153,5.0,91.0,25.0,4685.87
2022-12-09,GB,Southend-on-Sea,pm25,46,55.0,93.0,66.0,1256.33
2022-12-09,ID,Jakarta,pm25,60,25.0,171.0,69.0,20338.6
2022-12-09,ML,Bamako,pm25,24,174.0,341.0,191.0,25353.0
2022-12-09,NP,Kathmandu,pm25,72,59.0,199.0,124.0,9897.04
2022-12-09,NP,Biratnagar,pm25,32,68.0,196.0,79.0,9751.28
2022-12-09,AU,Sydney,pm25,140,4.0,46.0,17.0,531.89
2022-12-09,AU,Newcastle,pm25,140,1.0,56.0,19.0,1139.27
2022-12-09,AU,Launceston,pm25,49,5.0,38.0,5.0,285.65
2022-12-09,AU,Hobart,pm25,26,5.0,13.0,5.0,38.65
2022-12-09,AU,Darwin,pm25,64,2.0,40.0,13.0,748.09
2022-12-09,AU,Melbourne,pm25,152,1.0,48.0,19.0,931.51
2022-12-09,AU,Canberra,pm25,55,2.0,41.0,21.0,692.21
2022-12-09,AU,Adelaide,pm25,90,3.0,75.0,17.0,1061.9
2022-12-09,AU,Brisbane,pm25,216,7.0,52.0,30.0,1361.1
2022-12-09,AU,Wollongong,pm25,46,1.0,66.0,16.0,2392.26
2022-12-09,CI,Abidjan,pm25,24,50.0,97.0,61.0,1104.33
2022-12-09,GH,Accra,pm25,12,42.0,139.0,89.0,10513.6
2022-12-09,IQ,Baghdad,pm25,24,104.0,160.0,147.0,2743.32
2022-12-09,IS,Reykjavík,pm25,78,5.0,51.0,15.0,962.63
2022-12-09,KG,Bishkek,pm25,24,104.0,169.0,122.0,3471.29
2022-12-09,NL,Utrecht,pm25,48,49.0,106.0,80.0,2103.72
2022-12-09,NL,Nijmegen,pm25,47,52.0,100.0,70.0,1331.68
2022-12-09,NL,Haarlem,pm25,144,13.0,120.0,62.0,3859.09
2022-12-09,NL,Eindhoven,pm25,24,53.0,97.0,74.0,1501.72
2022-12-09,NL,Rotterdam,pm25,192,38.0,102.0,70.0,1720.5
2022-12-09,NL,Amsterdam,pm25,256,15.0,94.0,65.0,2535.83
2022-12-09,NL,Dordrecht,pm25,24,47.0,90.0,57.0,1211.72
2022-12-09,NL,Breda,pm25,48,31.0,112.0,66.0,2204.82
2022-12-09,NL,Groningen,pm25,48,28.0,77.0,54.0,1482.11
2022-12-09,NL,Maastricht,pm25,96,55.0,95.0,72.0,757.15
2022-12-09,NL,The Hague,pm25,72,18.0,88.0,63.0,2057.51
2022-12-09,PT,Lisbon,pm25,73,12.0,30.0,18.0,166.02
2022-12-09,PT,Funchal,pm25,49,1.0,30.0,8.0,651.77
2022-12-09,CA,Hamilton,pm25,84,5.0,38.0,17.0,607.07
2022-12-09,CA,Calgary,pm25,81,1.0,91.0,22.0,4123.88
2022-12-09,CA,Winnipeg,pm25,24,53.0,93.0,60.0,1554.62
2022-12-09,CA,Halifax,pm25,43,1.0,12.0,4.0,90.07
2022-12-09,CA,Kitchener,pm25,43,17.0,42.0,30.0,625.2
2022-12-09,CA,Edmonton,pm25,135,9.0,82.0,51.0,2185.66
2022-12-09,CA,Surrey,pm25,86,1.0,30.0,8.0,533.77
2022-12-09,CA,Mississauga,pm25,59,9.0,38.0,21.0,614.69
2022-12-09,CA,Québec,pm25,170,9.0,89.0,20.0,1783.49
2022-12-09,CA,Vancouver,pm25,168,2.0,52.0,11.0,899.13
2022-12-09,CA,Victoria,pm25,43,5.0,34.0,13.0,866.35
2022-12-09,CA,Montréal,pm25,398,3.0,58.0,18.0,601.48
2022-12-09,CA,Toronto,pm25,115,5.0,50.0,17.0,715.3
2022-12-09,CA,Ottawa,pm25,65,9.0,22.0,17.0,81.48
2022-12-09,CA,London,pm25,42,21.0,53.0,30.0,878.63
2022-12-09,US,Oklahoma City,pm25,96,16.0,66.0,41.0,2159.66
2022-12-09,US,Raleigh,pm25,72,5.0,53.0,25.0,950.77
2022-12-09,US,Memphis,pm25,48,20.0,55.0,32.0,659.13
2022-12-09,US,Jackson,pm25,72,6.0,92.0,55.0,3443.5
2022-12-09,US,Boston,pm25,110,9.0,61.0,17.0,855.23
2022-12-09,US,Richmond,pm25,94,18.0,66.0,25.0,577.67
2022-12-09,US,Portland,pm25,189,4.0,44.0,14.0,647.32
2022-12-09,US,Boise,pm25,22,3.0,51.0,15.0,1566.08
2022-12-09,US,Austin,pm25,47,5.0,78.0,53.0,2842.65
2022-12-09,US,Honolulu,pm25,47,5.0,50.0,25.0,879.06
2022-12-09,US,Fresno,pm25,48,11.0,91.0,46.0,3566.17
2022-12-09,US,Milwaukee,pm25,140,19.0,71.0,39.0,1903.8
2022-12-09,US,Hartford,pm25,48,8.0,28.0,15.0,183.55
2022-12-09,US,Washington D.C.,pm25,96,5.0,66.0,26.0,1430.88
2022-12-09,US,Chicago,pm25,214,20.0,68.0,45.0,1369.7
2022-12-09,US,Houston,pm25,96,13.0,76.0,38.0,1991.35
2022-12-09,US,Indianapolis,pm25,144,42.0,97.0,68.0,1673.44
2022-12-09,US,Atlanta,pm25,24,13.0,63.0,53.0,4356.23
2022-12-09,US,Charlotte,pm25,71,9.0,55.0,30.0,1740.45
2022-12-09,US,Sacramento,pm25,69,2.0,82.0,50.0,3940.85
2022-12-09,US,Oakland,pm25,85,5.0,61.0,21.0,1828.83
2022-12-09,US,Providence,pm25,65,5.0,42.0,17.0,920.35
2022-12-09,US,Staten Island,pm25,67,5.0,81.0,23.0,1781.31
2022-12-09,US,Brooklyn,pm25,140,2.0,40.0,20.0,441.94
2022-12-09,US,Springfield,pm25,48,17.0,83.0,42.0,3018.05
2022-12-09,US,The Bronx,pm25,48,10.0,26.0,20.0,121.06
2022-12-09,US,San Jose,pm25,88,5.0,59.0,17.0,1493.69
2022-12-09,US,Los Angeles,pm25,48,23.0,102.0,53.0,3473.72
2022-12-09,US,Detroit,pm25,120,18.0,61.0,37.0,1356.84
2022-12-09,US,Little Rock,pm25,46,4.0,73.0,23.0,2268.31
2022-12-09,US,Baltimore,pm25,32,13.0,53.0,18.0,794.48
2022-12-09,US,Phoenix,pm25,192,8.0,129.0,47.0,5451.34
2022-12-09,US,Omaha,pm25,44,5.0,70.0,42.0,2995.03
2022-12-09,US,El Paso,pm25,144,5.0,114.0,25.0,5843.62
2022-12-09,US,Dallas,pm25,24,25.0,63.0,46.0,1027.17
2022-12-09,US,Seattle,pm25,245,1.0,63.0,21.0,1451.86
2022-12-09,US,Manhattan,pm25,67,3.0,30.0,19.0,328.65
2022-12-09,US,Miami,pm25,70,15.0,51.0,29.0,1008.98
2022-12-09,US,Jacksonville,pm25,142,30.0,72.0,52.0,765.5
2022-12-09,US,San Antonio,pm25,95,19.0,80.0,56.0,1299.89
2022-12-09,US,Philadelphia,pm25,95,2.0,60.0,21.0,1188.57
2022-12-09,US,San Diego,pm25,24,18.0,71.0,38.0,1990.42
2022-12-09,US,Columbus,pm25,47,32.0,78.0,59.0,1480.8
2022-12-09,US,Saint Paul,pm25,144,21.0,86.0,52.0,1566.96
2022-12-09,US,Denver,pm25,154,5.0,72.0,25.0,2817.48
2022-12-09,US,Salt Lake City,pm25,216,3.0,53.0,23.0,1709.9
2022-12-09,US,Albuquerque,pm25,24,10.0,41.0,20.0,553.91
2022-12-09,US,San Francisco,pm25,70,5.0,80.0,25.0,3311.74
2022-12-09,US,Salem,pm25,72,6.0,29.0,12.0,287.09
2022-12-09,US,Madison,pm25,48,24.0,68.0,35.0,1500.57
2022-12-09,US,Nashville,pm25,65,5.0,56.0,30.0,2512.99
2022-12-09,US,Tucson,pm25,161,5.0,72.0,34.0,2143.64
2022-12-09,US,Queens,pm25,96,5.0,39.0,23.0,450.41
2022-12-09,US,Tallahassee,pm25,68,10.0,73.0,45.0,3502.52
2022-12-09,US,Fort Worth,pm25,48,9.0,73.0,42.0,2148.83
2022-12-09,RS,Novi Sad,pm25,48,58.0,144.0,78.0,2664.89
2022-12-09,RS,Niš,pm25,48,84.0,234.0,148.0,13641.8
2022-12-09,RS,Belgrade,pm25,168,48.0,156.0,83.0,5722.21
2022-12-09,CY,Nicosia,pm25,24,68.0,163.0,86.0,9266.67
2022-12-09,CY,Limassol,pm25,24,33.0,88.0,63.0,2067.81
2022-12-09,HR,Zagreb,pm25,24,76.0,151.0,94.0,6112.88
2022-12-09,HR,Rijeka,pm25,68,7.0,66.0,32.0,3067.01
2022-12-09,MK,Skopje,pm25,24,87.0,156.0,148.0,3186.5
2022-12-10,GE,Tbilisi,pm25,96,62.0,123.0,78.0,3448.26
2022-12-10,JP,Fukuoka,pm25,398,5.0,129.0,42.0,2351.51
2022-12-10,JP,Kanazawa,pm25,192,5.0,74.0,30.0,1741.6
2022-12-10,JP,Kumamoto,pm25,367,9.0,139.0,59.0,3597.08
2022-12-10,JP,Akita,pm25,39,5.0,61.0,21.0,1127.81
2022-12-10,JP,Kochi,pm25,48,17.0,63.0,46.0,1291.05
2022-12-10,JP,Gifu-shi,pm25,166,5.0,107.0,42.0,3458.93
2022-12-10,JP,Kyoto,pm25,580,21.0,87.0,55.0,1096.58
2022-12-10,JP,Hiroshima,pm25,296,5.0,80.0,38.0,2001.43
2022-12-10,JP,Shizuoka,pm25,260,5.0,63.0,30.0,1483.0
2022-12-10,JP,Chiba,pm25,781,5.0,175.0,50.0,3359.91
2022-12-10,JP,Sapporo,pm25,207,5.0,65.0,30.0,2479.04
2022-12-10,JP,Yokohama,pm25,546,1.0,89.0,46.0,2971.36
2022-12-10,JP,Tokyo,pm25,2500,1.0,173.0,50.0,2337.2
2022-12-10,JP,Saitama,pm25,504,5.0,119.0,50.0,2706.9
2022-12-10,JP,Naha,pm25,138,5.0,30.0,13.0,344.95
2022-12-10,JP,Nagasaki,pm25,179,5.0,68.0,30.0,1696.13
2022-12-10,JP,Toyama,pm25,183,5.0,65.0,34.0,2155.88
2022-12-10,JP,Niigata,pm25,209,5.0,65.0,21.0,1114.73
2022-12-10,JP,Nara-shi,pm25,186,21.0,163.0,57.0,2245.79
2022-12-10,JP,Okayama,pm25,288,25.0,139.0,65.0,2578.03
2022-12-10,JP,Sendai,pm25,458,5.0,59.0,21.0,914.67
2022-12-10,JP,Osaka,pm25,1376,5.0,107.0,55.0,2013.1
2022-12-10,JP,Miyazaki,pm25,109,5.0,132.0,55.0,3249.44
2022-12-10,JP,Matsuyama,pm25,147,5.0,82.0,42.0,3604.4
2022-12-10,JP,Wakayama,pm25,285,13.0,104.0,50.0,1420.62
2022-12-10,JP,Takamatsu,pm25,237,5.0,89.0,50.0,2873.85
2022-12-10,JP,Nagoya,pm25,786,5.0,99.0,46.0,2316.37
2022-12-10,JP,Ōita,pm25,247,5.0,85.0,42.0,3295.46
2022-12-10,JP,Kobe,pm25,428,5.0,107.0,57.0,1476.79
2022-12-10,JP,Nagano,pm25,69,5.0,102.0,42.0,3886.32
2022-12-10,JP,Utsunomiya,pm25,24,30.0,72.0,57.0,1030.85
2022-12-10,JP,Kagoshima,pm25,96,34.0,95.0,55.0,1313.36
2022-12-10,SK,Košice,pm25,94,17.0,85.0,46.0,2520.74
2022-12-10,SK,Bratislava,pm25,81,13.0,80.0,59.0,1397.32
2022-12-10,FI,Vantaa,pm25,24,8.0,34.0,16.0,325.49
2022-12-10,FI,Turku,pm25,22,6.0,31.0,13.0,309.7
2022-12-10,FI,Helsinki,pm25,120,5.0,58.0,15.0,1156.23
2022-12-10,FI,Tampere,pm25,96,6.0,42.0,14.0,416.4
2022-12-10,ET,Addis Ababa,pm25,22,42.0,112.0,57.0,3923.72
2022-12-10,CH,Zürich,pm25,24,3.0,5.0,4.0,6.3
2022-12-10,CO,Bogotá,pm25,336,13.0,164.0,87.0,9010.92
2022-12-10,CO,Medellín,pm25,239,38.0,91.0,72.0,1089.65
2022-12-10,DK,Copenhagen,pm25,24,27.0,63.0,38.0,1333.84
2022-12-10,GB,Edinburgh,pm25,281,3.0,71.0,16.0,2226.73
2022-12-10,GB,Norwich,pm25,21,57.0,75.0,63.0,179.33
2022-12-10,GB,Liverpool,pm25,43,5.0,78.0,34.0,4332.14
2022-12-10,GB,Belfast,pm25,78,19.0,94.0,53.0,1389.06
2022-12-10,GB,Coventry,pm25,61,55.0,80.0,63.0,309.22
2022-12-10,GB,Leeds,pm25,27,46.0,99.0,59.0,1972.34
2022-12-10,GB,Cardiff,pm25,120,13.0,152.0,59.0,8328.73
2022-12-10,GB,Bristol,pm25,48,30.0,87.0,50.0,2165.11
2022-12-10,GB,London,pm25,525,21.0,162.0,74.0,6056.08
2022-12-10,GB,Birmingham,pm25,48,19.0,90.0,46.0,2586.81
2022-12-10,GB,Sheffield,pm25,82,24.0,95.0,43.0,3402.78
2022-12-10,GB,Newport,pm25,47,9.0,85.0,27.0,6332.29
2022-12-10,GB,Leicester,pm25,23,55.0,88.0,59.0,800.59
2022-12-10,GB,Manchester,pm25,82,28.0,97.0,65.0,2914.82
2022-12-10,GB,Reading,pm25,48,38.0,139.0,70.0,7299.57
2022-12-10,GB,Plymouth,pm25,39,55.0,177.0,68.0,7892.28
2022-12-10,GB,Glasgow,pm25,572,4.0,95.0,43.0,3188.16
2022-12-10,GB,Preston,pm25,47,6.0,103.0,59.0,4747.83
2022-12-10,GB,Swansea,pm25,151,5.0,109.0,25.0,4564.0
2022-12-10,GB,Southend-on-Sea,pm25,40,30.0,154.0,70.0,5277.38
2022-12-10,ID,Jakarta,pm25,60,17.0,113.0,70.0,4386.95
2022-12-10,ML,Bamako,pm25,23,134.0,276.0,181.0,16601.8
2022-12-10,NP,Kathmandu,pm25,72,59.0,178.0,132.0,11397.4
2022-12-10,NP,Biratnagar,pm25,31,57.0,190.0,82.0,10403.8
2022-12-10,AU,Sydney,pm25,141,1.0,38.0,14.0,545.34
2022-12-10,AU,Newcastle,pm25,135,1.0,58.0,17.0,1147.2
2022-12-10,AU,Launceston,pm25,81,5.0,63.0,5.0,2546.91
2022-12-10,AU,Hobart,pm25,32,5.0,9.0,5.0,30.97
2022-12-10,AU,Darwin,pm25,47,1.0,54.0,16.0,1516.19
2022-12-10,AU,Melbourne,pm25,159,1.0,81.0,19.0,1961.97
2022-12-10,AU,Canberra,pm25,64,1.0,54.0,15.0,895.39
2022-12-10,AU,Adelaide,pm25,73,1.0,75.0,17.0,1228.68
2022-12-10,AU,Brisbane,pm25,216,3.0,41.0,26.0,1042.33
2022-12-10,AU,Wollongong,pm25,40,2.0,49.0,10.0,1242.25
2022-12-10,CI,Abidjan,pm25,24,59.0,147.0,80.0,5350.27
2022-12-10,IQ,Baghdad,pm25,24,80.0,153.0,119.0,4064.57
2022-12-10,IS,Reykjavík,pm25,94,2.0,59.0,15.0,1419.78
2022-12-10,KG,Bishkek,pm25,24,68.0,286.0,139.0,43492.4
2022-12-10,NL,Utrecht,pm25,48,66.0,114.0,90.0,1232.32
2022-12-10,NL,Nijmegen,pm25,48,49.0,110.0,83.0,1921.97
2022-12-10,NL,Haarlem,pm25,144,32.0,157.0,71.0,3306.66
2022-12-10,NL,Eindhoven,pm25,24,71.0,93.0,83.0,420.22
2022-12-10,NL,Rotterdam,pm25,192,34.0,160.0,80.0,1793.86
2022-12-10,NL,Amsterdam,pm25,258,32.0,123.0,77.0,2718.77
2022-12-10,NL,Dordrecht,pm25,24,65.0,119.0,86.0,1898.68
2022-12-10,NL,Breda,pm25,48,65.0,116.0,86.0,747.02
2022-12-10,NL,Groningen,pm25,48,36.0,94.0,71.0,1463.62
2022-12-10,NL,Maastricht,pm25,96,50.0,112.0,85.0,1328.21
2022-12-10,NL,The Hague,pm25,72,23.0,110.0,71.0,3546.81
2022-12-10,PT,Lisbon,pm25,81,11.0,42.0,15.0,449.94
2022-12-10,PT,Funchal,pm25,60,1.0,87.0,20.0,3074.51
2022-12-10,CA,Hamilton,pm25,80,9.0,55.0,21.0,1049.48
2022-12-10,CA,Calgary,pm25,92,6.0,74.0,25.0,2546.46
2022-12-10,CA,Winnipeg,pm25,22,34.0,65.0,42.0,1041.32
2022-12-10,CA,Halifax,pm25,46,2.0,25.0,8.0,754.2
2022-12-10,CA,Kitchener,pm25,35,17.0,38.0,30.0,276.34
2022-12-10,CA,Edmonton,pm25,122,14.0,120.0,40.0,2771.59
2022-12-10,CA,Surrey,pm25,61,1.0,14.0,4.0,96.76
2022-12-10,CA,Mississauga,pm25,46,9.0,42.0,17.0,517.43
2022-12-10,CA,Québec,pm25,160,9.0,64.0,16.0,1293.66
2022-12-10,CA,Vancouver,pm25,165,1.0,32.0,8.0,543.86
2022-12-10,CA,Victoria,pm25,28,5.0,53.0,17.0,987.35
2022-12-10,CA,Montréal,pm25,330,3.0,35.0,18.0,412.42
2022-12-10,CA,Toronto,pm25,99,9.0,57.0,21.0,672.84
2022-12-10,CA,Ottawa,pm25,42,9.0,25.0,18.0,131.61
2022-12-10,CA,London,pm25,35,21.0,38.0,30.0,215.41
2022-12-10,US,Oklahoma City,pm25,96,20.0,83.0,45.0,1508.34
2022-12-10,US,Raleigh,pm25,69,5.0,43.0,25.0,896.93
2022-12-10,US,Memphis,pm25,48,8.0,41.0,22.0,596.13
2022-12-10,US,Jackson,pm25,72,15.0,86.0,58.0,2987.04
2022-12-10,US,Boston,pm25,97,17.0,57.0,25.0,745.03
2022-12-10,US,Richmond,pm25,96,25.0,66.0,31.0,900.1
2022-12-10,US,Portland,pm25,185,3.0,53.0,11.0,790.97
2022-12-10,US,Boise,pm25,20,1.0,34.0,14.0,799.05
2022-12-10,US,Austin,pm25,47,5.0,63.0,21.0,1437.74
2022-12-10,US,Honolulu,pm25,43,5.0,38.0,17.0,693.0
2022-12-10,US,Fresno,pm25,37,1.0,55.0,16.0,1616.34
2022-12-10,US,Milwaukee,pm25,136,27.0,66.0,56.0,557.78
2022-12-10,US,Hartford,pm25,48,16.0,25.0,18.0,41.56
2022-12-10,US,Washington D.C.,pm25,96,9.0,66.0,42.0,1643.86
2022-12-10,US,Chicago,pm25,216,26.0,82.0,53.0,662.67
2022-12-10,US,Houston,pm25,95,5.0,61.0,27.0,1518.12
2022-12-10,US,Indianapolis,pm25,144,30.0,96.0,63.0,1561.81
2022-12-10,US,Atlanta,pm25,24,21.0,47.0,33.0,460.58
2022-12-10,US,Charlotte,pm25,72,13.0,59.0,37.0,1110.79
2022-12-10,US,Sacramento,pm25,60,5.0,69.0,23.0,3912.98
2022-12-10,US,Oakland,pm25,63,5.0,42.0,13.0,602.86
2022-12-10,US,Providence,pm25,71,5.0,46.0,17.0,564.38
2022-12-10,US,Staten Island,pm25,89,3.0,99.0,25.0,1411.11
2022-12-10,US,Brooklyn,pm25,142,2.0,43.0,25.0,662.4
2022-12-10,US,Springfield,pm25,48,38.0,64.0,54.0,320.27
2022-12-10,US,The Bronx,pm25,48,18.0,35.0,25.0,279.98
2022-12-10,US,San Jose,pm25,59,5.0,63.0,13.0,1450.15
2022-12-10,US,Los Angeles,pm25,48,5.0,117.0,48.0,7790.62
2022-12-10,US,Detroit,pm25,120,26.0,94.0,39.0,766.36
2022-12-10,US,Little Rock,pm25,47,1.0,61.0,17.0,1287.26
2022-12-10,US,Baltimore,pm25,24,18.0,33.0,24.0,156.94
2022-12-10,US,Phoenix,pm25,192,13.0,162.0,73.0,11057.0
2022-12-10,US,Omaha,pm25,48,17.0,61.0,42.0,1641.91
2022-12-10,US,El Paso,pm25,132,1.0,135.0,30.0,8123.64
2022-12-10,US,Dallas,pm25,21,5.0,61.0,17.0,4220.9
2022-12-10,US,Seattle,pm25,221,1.0,55.0,17.0,1218.32
2022-12-10,US,Manhattan,pm25,70,3.0,43.0,23.0,609.13
2022-12-10,US,Miami,pm25,71,33.0,84.0,45.0,683.41
2022-12-10,US,Jacksonville,pm25,144,6.0,88.0,52.0,2449.46
2022-12-10,US,San Antonio,pm25,94,3.0,107.0,25.0,2881.44
2022-12-10,US,Philadelphia,pm25,94,5.0,55.0,26.0,1186.59
2022-12-10,US,San Diego,pm25,24,12.0,85.0,48.0,4159.93
2022-12-10,US,Columbus,pm25,48,24.0,77.0,50.0,2122.19
2022-12-10,US,Saint Paul,pm25,144,13.0,103.0,42.0,1430.61
2022-12-10,US,Denver,pm25,138,9.0,93.0,30.0,3622.48
2022-12-10,US,Salt Lake City,pm25,216,3.0,56.0,16.0,794.51
2022-12-10,US,Albuquerque,pm25,24,16.0,72.0,20.0,2246.67
2022-12-10,US,San Francisco,pm25,58,5.0,78.0,21.0,3428.83
2022-12-10,US,Salem,pm25,72,5.0,26.0,7.0,123.14
2022-12-10,US,Madison,pm25,48,35.0,79.0,55.0,1019.13
2022-12-10,US,Nashville,pm25,69,10.0,42.0,25.0,610.45
2022-12-10,US,Tucson,pm25,162,5.0,89.0,34.0,3852.25
2022-12-10,US,Queens,pm25,96,16.0,54.0,27.0,611.97
2022-12-10,US,Tallahassee,pm25,64,16.0,70.0,51.0,2219.68
2022-12-10,US,Fort Worth,pm25,46,8.0,76.0,46.0,4454.65
2022-12-10,RS,Novi Sad,pm25,48,22.0,97.0,60.0,2688.01
2022-12-10,RS,Niš,pm25,48,32.0,185.0,74.0,20484.7
2022-12-10,RS,Belgrade,pm25,168,25.0,142.0,54.0,2448.71
2022-12-10,CY,Nicosia,pm25,24,65.0,166.0,97.0,12321.7
2022-12-10,CY,Limassol,pm25,24,52.0,113.0,67.0,2933.84
2022-12-10,HR,Zagreb,pm25,24,20.0,136.0,59.0,9372.45
2022-12-10,HR,Rijeka,pm25,71,1.0,49.0,12.0,2028.14
2022-12-10,MK,Skopje,pm25,24,30.0,152.0,103.0,16480.0
2022-12-11,GE,Tbilisi,pm25,96,69.0,137.0,88.0,4994.24
2022-12-11,JP,Fukuoka,pm25,401,5.0,104.0,55.0,2911.73
2022-12-11,JP,Kanazawa,pm25,154,5.0,61.0,25.0,1153.51
2022-12-11,JP,Kumamoto,pm25,347,5.0,107.0,59.0,2501.39
2022-12-11,JP,Akita,pm25,37,5.0,59.0,21.0,1636.14
2022-12-11,JP,Kochi,pm25,45,9.0,68.0,42.0,2643.45
2022-12-11,JP,Gifu-shi,pm25,165,5.0,87.0,30.0,3355.39
2022-12-11,JP,Kyoto,pm25,492,5.0,91.0,42.0,3112.41
2022-12-11,JP,Hiroshima,pm25,279,5.0,65.0,25.0,2433.31
2022-12-11,JP,Shizuoka,pm25,253,5.0,74.0,34.0,1785.74
2022-12-11,JP,Chiba,pm25,762,5.0,102.0,50.0,4643.47
2022-12-11,JP,Sapporo,pm25,213,5.0,55.0,25.0,1189.62
2022-12-11,JP,Yokohama,pm25,539,1.0,93.0,42.0,3271.1
2022-12-11,JP,Tokyo,pm25,2394,1.0,107.0,50.0,3556.53
2022-12-11,JP,Saitama,pm25,498,5.0,107.0,46.0,4603.6
2022-12-11,JP,Naha,pm25,142,5.0,53.0,25.0,1659.35
2022-12-11,JP,Nagasaki,pm25,190,5.0,91.0,50.0,1822.61
2022-12-11,JP,Toyama,pm25,170,5.0,109.0,25.0,2263.16
2022-12-11,JP,Niigata,pm25,209,5.0,61.0,25.0,1104.35
2022-12-11,JP,Nara-shi,pm25,184,5.0,85.0,50.0,4161.97
2022-12-11,JP,Okayama,pm25,277,5.0,87.0,42.0,4235.17
2022-12-11,JP,Sendai,pm25,463,5.0,57.0,21.0,1184.82
2022-12-11,JP,Osaka,pm25,1290,5.0,93.0,46.0,4390.89
2022-12-11,JP,Miyazaki,pm25,113,9.0,78.0,50.0,2552.33
2022-12-11,JP,Matsuyama,pm25,147,5.0,68.0,38.0,3690.63
2022-12-11,JP,Wakayama,pm25,267,5.0,87.0,38.0,3479.09
2022-12-11,JP,Takamatsu,pm25,215,5.0,99.0,50.0,5258.73
2022-12-11,JP,Nagoya,pm25,727,5.0,109.0,42.0,4015.52
2022-12-11,JP,Ōita,pm25,257,5.0,74.0,53.0,2342.67
2022-12-11,JP,Kobe,pm25,399,5.0,78.0,50.0,4167.75
2022-12-11,JP,Nagano,pm25,59,5.0,57.0,25.0,2497.31
2022-12-11,JP,Utsunomiya,pm25,24,13.0,72.0,50.0,3137.97
2022-12-11,JP,Kagoshima,pm25,96,17.0,76.0,53.0,777.15
2022-12-11,SK,Košice,pm25,83,5.0,70.0,25.0,3580.5
2022-12-11,SK,Bratislava,pm25,72,25.0,65.0,50.0,887.31
2022-12-11,FI,Vantaa,pm25,24,11.0,29.0,17.0,302.16
2022-12-11,FI,Turku,pm25,15,13.0,23.0,18.0,89.24
2022-12-11,FI,Helsinki,pm25,120,6.0,53.0,20.0,1136.81
2022-12-11,FI,Tampere,pm25,96,6.0,52.0,19.0,1043.47
2022-12-11,ET,Addis Ababa,pm25,24,30.0,157.0,57.0,7336.79
2022-12-11,CO,Bogotá,pm25,335,5.0,144.0,55.0,7887.24
2022-12-11,CO,Medellín,pm25,210,30.0,87.0,69.0,966.94
2022-12-11,DK,Copenhagen,pm25,24,15.0,34.0,20.0,362.83
2022-12-11,GB,Edinburgh,pm25,271,2.0,112.0,14.0,3543.32
2022-12-11,GB,Norwich,pm25,24,63.0,87.0,67.0,330.43
2022-12-11,GB,Liverpool,pm25,42,50.0,112.0,74.0,1748.41
2022-12-11,GB,Belfast,pm25,72,10.0,140.0,38.0,5372.39
2022-12-11,GB,Coventry,pm25,70,55.0,87.0,67.0,467.33
2022-12-11,GB,Leeds,pm25,32,53.0,122.0,68.0,3282.57
2022-12-11,GB,Cardiff,pm25,118,13.0,85.0,63.0,2878.91
2022-12-11,GB,Bristol,pm25,48,53.0,93.0,63.0,955.96
2022-12-11,GB,London,pm25,540,15.0,159.0,86.0,7038.17
2022-12-11,GB,Birmingham,pm25,45,59.0,98.0,78.0,720.73
2022-12-11,GB,Sheffield,pm25,89,57.0,102.0,68.0,946.55
2022-12-11,GB,Newport,pm25,6,71.0,82.0,72.0,281.67
2022-12-11,GB,Leicester,pm25,22,63.0,78.0,68.0,175.0
2022-12-11,GB,Manchester,pm25,81,41.0,98.0,71.0,1524.68
2022-12-11,GB,Reading,pm25,48,53.0,139.0,70.0,4986.06
2022-12-11,GB,Plymouth,pm25,37,5.0,95.0,63.0,3743.53
2022-12-11,GB,Glasgow,pm25,571,2.0,181.0,21.0,4711.47
2022-12-11,GB,Preston,pm25,45,26.0,150.0,58.0,6288.1
2022-12-11,GB,Swansea,pm25,158,5.0,68.0,30.0,2552.57
2022-12-11,GB,Southend-on-Sea,pm25,48,24.0,151.0,93.0,8418.61
2022-12-11,ID,Jakarta,pm25,53,34.0,104.0,55.0,2546.73
2022-12-11,ML,Bamako,pm25,24,91.0,418.0,164.0,45433.0
2022-12-11,NP,Kathmandu,pm25,72,46.0,180.0,149.0,12257.8
2022-12-11,NP,Biratnagar,pm25,39,82.0,325.0,98.0,40566.8
2022-12-11,AU,Sydney,pm25,139,1.0,55.0,19.0,989.75
2022-12-11,AU,Newcastle,pm25,139,2.0,65.0,21.0,1856.01
2022-12-11,AU,Launceston,pm25,100,5.0,57.0,9.0,1044.37
2022-12-11,AU,Hobart,pm25,37,5.0,13.0,5.0,58.14
2022-12-11,AU,Darwin,pm25,41,2.0,51.0,16.0,1470.39
2022-12-11,AU,Melbourne,pm25,164,1.0,60.0,25.0,1741.25
2022-12-11,AU,Canberra,pm25,61,2.0,59.0,21.0,1462.24
2022-12-11,AU,Adelaide,pm25,71,5.0,46.0,21.0,1034.19
2022-12-11,AU,Brisbane,pm25,215,2.0,45.0,25.0,809.89
2022-12-11,AU,Wollongong,pm25,44,1.0,62.0,20.0,2531.26
2022-12-11,CI,Abidjan,pm25,24,59.0,161.0,85.0,10916.9
2022-12-11,IQ,Baghdad,pm25,24,91.0,207.0,139.0,9792.75
2022-12-11,IS,Reykjavík,pm25,96,2.0,46.0,13.0,543.79
2022-12-11,KG,Bishkek,pm25,24,122.0,457.0,190.0,134957.0
2022-12-11,NL,Utrecht,pm25,48,62.0,110.0,74.0,1543.55
2022-12-11,NL,Nijmegen,pm25,48,42.0,95.0,59.0,1524.66
2022-12-11,NL,Haarlem,pm25,144,19.0,104.0,68.0,1999.04
2022-12-11,NL,Eindhoven,pm25,24,30.0,98.0,53.0,2493.46
2022-12-11,NL,Rotterdam,pm25,192,44.0,147.0,74.0,1180.93
2022-12-11,NL,Amsterdam,pm25,264,40.0,105.0,68.0,1212.65
2022-12-11,NL,Dordrecht,pm25,24,55.0,80.0,61.0,354.13
2022-12-11,NL,Breda,pm25,48,40.0,88.0,60.0,920.83
2022-12-11,NL,Groningen,pm25,48,31.0,72.0,56.0,758.01
2022-12-11,NL,Maastricht,pm25,96,13.0,109.0,50.0,3427.01
2022-12-11,NL,The Hague,pm25,72,27.0,85.0,66.0,1838.94
2022-12-11,PT,Lisbon,pm25,95,5.0,47.0,24.0,1054.23
2022-12-11,PT,Funchal,pm25,53,1.0,33.0,14.0,695.58
2022-12-11,CA,Hamilton,pm25,94,9.0,70.0,38.0,1739.84
2022-12-11,CA,Calgary,pm25,92,41.0,87.0,59.0,988.24
2022-12-11,CA,Winnipeg,pm25,24,20.0,38.0,26.0,464.35
2022-12-11,CA,Halifax,pm25,46,13.0,21.0,17.0,31.83
2022-12-11,CA,Kitchener,pm25,47,30.0,57.0,50.0,672.28
2022-12-11,CA,Edmonton,pm25,138,14.0,81.0,41.0,2398.92
2022-12-11,CA,Surrey,pm25,84,1.0,57.0,10.0,2496.09
2022-12-11,CA,Mississauga,pm25,61,13.0,46.0,30.0,747.86
2022-12-11,CA,Québec,pm25,136,7.0,60.0,18.0,985.41
2022-12-11,CA,Vancouver,pm25,168,1.0,69.0,10.0,1157.01
2022-12-11,CA,Victoria,pm25,47,5.0,61.0,17.0,1696.71
2022-12-11,CA,Montréal,pm25,337,3.0,52.0,18.0,624.38
2022-12-11,CA,Toronto,pm25,127,13.0,59.0,30.0,1057.51
2022-12-11,CA,Ottawa,pm25,44,13.0,29.0,20.0,200.7
2022-12-11,CA,London,pm25,48,30.0,68.0,46.0,857.65
2022-12-11,US,Oklahoma City,pm25,96,11.0,72.0,40.0,1760.7
2022-12-11,US,Raleigh,pm25,72,5.0,57.0,34.0,1296.88
2022-12-11,US,Memphis,pm25,48,22.0,78.0,45.0,1536.59
2022-12-11,US,Jackson,pm25,72,2.0,87.0,32.0,4828.51
2022-12-11,US,Boston,pm25,102,17.0,80.0,30.0,836.59
2022-12-11,US,Richmond,pm25,96,30.0,75.0,38.0,1147.15
2022-12-11,US,Portland,pm25,190,8.0,69.0,26.0,2135.91
2022-12-11,US,Boise,pm25,23,3.0,52.0,14.0,976.8
2022-12-11,US,Austin,pm25,43,5.0,50.0,13.0,1113.51
2022-12-11,US,Honolulu,pm25,41,5.0,34.0,17.0,797.98
2022-12-11,US,Fresno,pm25,36,1.0,24.0,8.0,407.02
2022-12-11,US,Milwaukee,pm25,142,23.0,61.0,47.0,600.17
2022-12-11,US,Hartford,pm25,48,20.0,34.0,25.0,112.44
2022-12-11,US,Washington D.C.,pm25,95,13.0,75.0,38.0,2200.62
2022-12-11,US,Chicago,pm25,222,3.0,71.0,33.0,1391.71
2022-12-11,US,Houston,pm25,88,1.0,47.0,20.0,1015.57
2022-12-11,US,Indianapolis,pm25,144,17.0,85.0,50.0,2144.74
2022-12-11,US,Atlanta,pm25,24,13.0,34.0,22.0,327.81
2022-12-11,US,Charlotte,pm25,71,21.0,76.0,42.0,1173.48
2022-12-11,US,Sacramento,pm25,45,3.0,38.0,13.0,844.31
2022-12-11,US,Oakland,pm25,77,5.0,30.0,9.0,337.48
2022-12-11,US,Providence,pm25,70,9.0,55.0,17.0,1015.64
2022-12-11,US,Staten Island,pm25,96,4.0,55.0,25.0,1308.2
2022-12-11,US,Brooklyn,pm25,144,5.0,50.0,25.0,921.52
2022-12-11,US,Springfield,pm25,48,43.0,65.0,56.0,199.57
2022-12-11,US,The Bronx,pm25,48,13.0,45.0,21.0,953.97
2022-12-11,US,San Jose,pm25,54,5.0,21.0,9.0,218.31
2022-12-11,US,Los Angeles,pm25,47,4.0,53.0,20.0,1086.85
2022-12-11,US,Detroit,pm25,144,40.0,92.0,58.0,1027.99
2022-12-11,US,Little Rock,pm25,45,13.0,47.0,25.0,896.43
2022-12-11,US,Baltimore,pm25,24,15.0,25.0,18.0,132.75
2022-12-11,US,Phoenix,pm25,189,2.0,162.0,68.0,17627.2
2022-12-11,US,Omaha,pm25,45,17.0,57.0,34.0,1207.49
2022-12-11,US,El Paso,pm25,136,5.0,108.0,42.0,7036.48
2022-12-11,US,Dallas,pm25,19,5.0,25.0,13.0,486.55
2022-12-11,US,Seattle,pm25,260,5.0,70.0,27.0,2156.55
2022-12-11,US,Manhattan,pm25,70,5.0,41.0,24.0,662.73
2022-12-11,US,Miami,pm25,71,31.0,156.0,47.0,2671.93
2022-12-11,US,Jacksonville,pm25,144,10.0,55.0,32.0,696.29
2022-12-11,US,San Antonio,pm25,93,1.0,51.0,20.0,1154.64
2022-12-11,US,Philadelphia,pm25,96,8.0,51.0,34.0,1482.93
2022-12-11,US,San Diego,pm25,24,8.0,56.0,35.0,2674.18
2022-12-11,US,Columbus,pm25,48,22.0,83.0,45.0,2349.64
2022-12-11,US,Saint Paul,pm25,144,25.0,76.0,58.0,499.16
2022-12-11,US,Denver,pm25,135,5.0,93.0,17.0,4317.64
2022-12-11,US,Salt Lake City,pm25,207,2.0,33.0,6.0,185.42
2022-12-11,US,Albuquerque,pm25,24,14.0,28.0,16.0,116.74
2022-12-11,US,San Francisco,pm25,62,5.0,99.0,13.0,4186.36
2022-12-11,US,Salem,pm25,72,11.0,47.0,20.0,633.52
2022-12-11,US,Madison,pm25,48,28.0,52.0,37.0,434.32
2022-12-11,US,Nashville,pm25,72,5.0,57.0,25.0,1119.22
2022-12-11,US,Tucson,pm25,133,5.0,87.0,21.0,3527.86
2022-12-11,US,Queens,pm25,96,8.0,50.0,25.0,973.82
2022-12-11,US,Tallahassee,pm25,54,14.0,64.0,41.0,2019.6
2022-12-11,US,Fort Worth,pm25,44,2.0,35.0,17.0,558.14
2022-12-11,RS,Novi Sad,pm25,48,18.0,79.0,64.0,3697.85
2022-12-11,RS,Niš,pm25,48,5.0,152.0,47.0,18194.4
2022-12-11,RS,Belgrade,pm25,168,6.0,92.0,58.0,7357.38
2022-12-11,CY,Nicosia,pm25,24,61.0,171.0,78.0,8925.49
2022-12-11,CY,Limassol,pm25,24,57.0,85.0,68.0,581.96
2022-12-11,HR,Zagreb,pm25,24,33.0,116.0,55.0,3603.41
2022-12-11,HR,Rijeka,pm25,67,1.0,51.0,11.0,1185.78
2022-12-11,MK,Skopje,pm25,24,26.0,97.0,57.0,3147.17
2022-12-12,GE,Tbilisi,pm25,96,74.0,129.0,91.0,2079.39
2022-12-12,JP,Fukuoka,pm25,381,5.0,167.0,30.0,2675.79
2022-12-12,JP,Kanazawa,pm25,157,5.0,46.0,17.0,737.93
2022-12-12,JP,Kumamoto,pm25,350,5.0,95.0,46.0,3879.57
2022-12-12,JP,Akita,pm25,30,9.0,65.0,21.0,1849.2
2022-12-12,JP,Kochi,pm25,34,5.0,46.0,25.0,1043.71
2022-12-12,JP,Gifu-shi,pm25,162,5.0,137.0,25.0,3872.69
2022-12-12,JP,Kyoto,pm25,514,5.0,63.0,30.0,1373.44
2022-12-12,JP,Hiroshima,pm25,271,5.0,61.0,21.0,1343.67
2022-12-12,JP,Shizuoka,pm25,227,5.0,55.0,17.0,857.21
2022-12-12,JP,Chiba,pm25,730,5.0,99.0,25.0,2086.18
2022-12-12,JP,Sapporo,pm25,208,5.0,65.0,30.0,1936.3
2022-12-12,JP,Yokohama,pm25,531,1.0,57.0,25.0,1432.45
2022-12-12,JP,Tokyo,pm25,2470,1.0,85.0,30.0,1262.63
2022-12-12,JP,Saitama,pm25,492,5.0,85.0,34.0,1708.12
2022-12-12,JP,Naha,pm25,143,17.0,50.0,38.0,281.8
2022-12-12,JP,Nagasaki,pm25,177,5.0,74.0,25.0,2026.51
2022-12-12,JP,Toyama,pm25,156,5.0,53.0,21.0,1243.54
2022-12-12,JP,Niigata,pm25,202,5.0,63.0,21.0,1549.57
2022-12-12,JP,Nara-shi,pm25,186,5.0,70.0,30.0,2021.82
2022-12-12,JP,Okayama,pm25,271,5.0,74.0,30.0,2268.03
2022-12-12,JP,Sendai,pm25,455,5.0,57.0,21.0,864.73
2022-12-12,JP,Osaka,pm25,1298,5.0,85.0,25.0,1781.16
2022-12-12,JP,Miyazaki,pm25,107,5.0,65.0,34.0,1548.86
2022-12-12,JP,Matsuyama,pm25,145,5.0,99.0,25.0,2793.96
2022-12-12,JP,Wakayama,pm25,283,5.0,80.0,25.0,1214.67
2022-12-12,JP,Takamatsu,pm25,199,5.0,50.0,17.0,850.4
2022-12-12,JP,Nagoya,pm25,758,5.0,72.0,25.0,1485.24
2022-12-12,JP,Ōita,pm25,228,5.0,59.0,25.0,1279.5
2022-12-12,JP,Kobe,pm25,398,5.0,74.0,25.0,1254.19
2022-12-12,JP,Nagano,pm25,56,5.0,42.0,21.0,1102.06
2022-12-12,JP,Utsunomiya,pm25,24,9.0,74.0,46.0,2923.03
2022-12-12,JP,Kagoshima,pm25,94,17.0,63.0,42.0,1327.74
2022-12-12,SK,Košice,pm25,96,34.0,97.0,57.0,1776.21
2022-12-12,SK,Bratislava,pm25,72,13.0,80.0,46.0,1801.03
2022-12-12,FI,Vantaa,pm25,24,1.0,25.0,16.0,549.28
2022-12-12,FI,Turku,pm25,24,4.0,19.0,13.0,212.1
2022-12-12,FI,Helsinki,pm25,119,12.0,36.0,19.0,252.85
2022-12-12,FI,Tampere,pm25,95,3.0,24.0,16.0,201.46
2022-12-12,ET,Addis Ababa,pm25,20,30.0,164.0,57.0,9062.74
2022-12-12,CH,Zürich,pm25,23,2.0,5.0,3.0,5.14
2022-12-12,CO,Bogotá,pm25,331,5.0,165.0,68.0,10969.4
2022-12-12,CO,Medellín,pm25,255,38.0,85.0,63.0,844.71
2022-12-12,DK,Copenhagen,pm25,24,21.0,38.0,26.0,262.54
2022-12-12,GB,Edinburgh,pm25,274,5.0,159.0,34.0,9751.36
2022-12-12,GB,Norwich,pm25,24,46.0,93.0,59.0,1176.45
2022-12-12,GB,Liverpool,pm25,43,70.0,124.0,89.0,840.66
2022-12-12,GB,Belfast,pm25,98,42.0,128.0,76.0,2160.56
2022-12-12,GB,Coventry,pm25,69,59.0,83.0,69.0,331.66
2022-12-12,GB,Leeds,pm25,43,57.0,129.0,78.0,2988.24
2022-12-12,GB,Cardiff,pm25,118,42.0,93.0,74.0,1243.93
2022-12-12,GB,Bristol,pm25,61,53.0,99.0,72.0,1117.18
2022-12-12,GB,London,pm25,554,5.0,98.0,56.0,2632.37
2022-12-12,GB,Birmingham,pm25,43,63.0,87.0,74.0,400.82
2022-12-12,GB,Sheffield,pm25,90,50.0,154.0,74.0,8014.04
2022-12-12,GB,Newport,pm25,4,55.0,75.0,55.0,1269.17
2022-12-12,GB,Leicester,pm25,22,63.0,80.0,71.0,249.2
2022-12-12,GB,Manchester,pm25,86,51.0,121.0,76.0,1793.56
2022-12-12,GB,Reading,pm25,48,46.0,80.0,65.0,909.08
2022-12-12,GB,Plymouth,pm25,44,30.0,153.0,59.0,5298.79
2022-12-12,GB,Glasgow,pm25,565,15.0,140.0,44.0,4755.36
2022-12-12,GB,Preston,pm25,47,57.0,153.0,75.0,5472.85
2022-12-12,GB,Swansea,pm25,163,5.0,99.0,55.0,3234.23
2022-12-12,GB,Southend-on-Sea,pm25,48,13.0,87.0,61.0,1860.74
2022-12-12,ID,Jakarta,pm25,51,9.0,82.0,46.0,3358.74
2022-12-12,ML,Bamako,pm25,24,91.0,248.0,152.0,17015.5
2022-12-12,NP,Kathmandu,pm25,72,34.0,181.0,151.0,11191.2
2022-12-12,NP,Biratnagar,pm25,46,95.0,349.0,141.0,47922.8
2022-12-12,AU,Sydney,pm25,111,1.0,74.0,18.0,1393.29
2022-12-12,AU,Newcastle,pm25,117,1.0,92.0,23.0,2659.4
2022-12-12,AU,Launceston,pm25,97,5.0,17.0,5.0,139.14
2022-12-12,AU,Hobart,pm25,37,5.0,17.0,9.0,98.26
2022-12-12,AU,Darwin,pm25,21,2.0,25.0,10.0,394.48
2022-12-12,AU,Melbourne,pm25,156,1.0,54.0,19.0,1275.34
2022-12-12,AU,Canberra,pm25,59,1.0,48.0,14.0,1491.04
2022-12-12,AU,Adelaide,pm25,75,3.0,42.0,17.0,615.48
2022-12-12,AU,Brisbane,pm25,216,1.0,56.0,31.0,1138.35
2022-12-12,AU,Perth,pm25,37,2.0,9.0,4.0,36.46
2022-12-12,AU,Wollongong,pm25,35,5.0,66.0,20.0,2549.38
2022-12-12,CI,Abidjan,pm25,24,50.0,149.0,82.0,4357.66
2022-12-12,IQ,Baghdad,pm25,24,137.0,553.0,183.0,122641.0
2022-12-12,IS,Reykjavík,pm25,96,5.0,36.0,19.0,498.37
2022-12-12,KG,Bishkek,pm25,24,322.0,604.0,394.0,75865.1
2022-12-12,NL,Utrecht,pm25,48,51.0,96.0,77.0,1270.39
2022-12-12,NL,Nijmegen,pm25,48,26.0,94.0,65.0,2286.37
2022-12-12,NL,Haarlem,pm25,144,45.0,155.0,80.0,2514.86
2022-12-12,NL,Eindhoven,pm25,24,34.0,82.0,63.0,1451.72
2022-12-12,NL,Rotterdam,pm25,192,60.0,140.0,76.0,853.71
2022-12-12,NL,Amsterdam,pm25,261,52.0,100.0,77.0,922.7
2022-12-12,NL,Dordrecht,pm25,24,57.0,82.0,70.0,600.85
2022-12-12,NL,Breda,pm25,48,51.0,89.0,70.0,842.53
2022-12-12,NL,Groningen,pm25,48,11.0,78.0,51.0,1981.68
2022-12-12,NL,Maastricht,pm25,96,21.0,124.0,65.0,2372.1
2022-12-12,NL,The Hague,pm25,72,34.0,91.0,72.0,1091.99
2022-12-12,PT,Lisbon,pm25,83,5.0,43.0,16.0,1023.68
2022-12-12,PT,Funchal,pm25,72,1.0,40.0,15.0,1196.6
2022-12-12,CA,Hamilton,pm25,86,17.0,53.0,34.0,834.42
2022-12-12,CA,Calgary,pm25,92,56.0,148.0,85.0,2589.77
2022-12-12,CA,Winnipeg,pm25,24,18.0,25.0,20.0,37.37
2022-12-12,CA,Halifax,pm25,46,12.0,26.0,15.0,96.28
2022-12-12,CA,Kitchener,pm25,47,25.0,65.0,38.0,1192.38
2022-12-12,CA,Edmonton,pm25,128,19.0,69.0,42.0,915.23
2022-12-12,CA,Surrey,pm25,83,1.0,77.0,20.0,3657.82
2022-12-12,CA,Mississauga,pm25,66,13.0,46.0,30.0,772.61
2022-12-12,CA,Québec,pm25,176,5.0,57.0,18.0,1260.03
2022-12-12,CA,Vancouver,pm25,165,1.0,59.0,9.0,1791.88
2022-12-12,CA,Victoria,pm25,45,5.0,76.0,17.0,3653.91
2022-12-12,CA,Montréal,pm25,390,6.0,63.0,22.0,1359.27
2022-12-12,CA,Toronto,pm25,136,5.0,42.0,21.0,494.09
2022-12-12,CA,Ottawa,pm25,50,13.0,35.0,20.0,379.59
2022-12-12,CA,London,pm25,41,25.0,61.0,34.0,999.55
2022-12-12,US,Oklahoma City,pm25,96,11.0,62.0,31.0,1362.49
2022-12-12,US,Raleigh,pm25,68,5.0,61.0,34.0,2003.08
2022-12-12,US,Memphis,pm25,48,20.0,81.0,30.0,3341.59
2022-12-12,US,Jackson,pm25,72,8.0,74.0,26.0,735.77
2022-12-12,US,Boston,pm25,117,5.0,70.0,30.0,1106.1
2022-12-12,US,Richmond,pm25,96,17.0,66.0,25.0,1041.53
2022-12-12,US,Portland,pm25,192,2.0,68.0,25.0,1799.37
2022-12-12,US,Boise,pm25,24,5.0,62.0,28.0,2220.22
2022-12-12,US,Austin,pm25,43,9.0,65.0,38.0,1612.02
2022-12-12,US,Honolulu,pm25,44,5.0,59.0,30.0,1374.0
2022-12-12,US,Fresno,pm25,43,1.0,48.0,14.0,1578.84
2022-12-12,US,Milwaukee,pm25,142,14.0,59.0,35.0,1724.57
2022-12-12,US,Hartford,pm25,48,14.0,26.0,20.0,91.05
2022-12-12,US,Washington D.C.,pm25,93,5.0,66.0,25.0,1301.43
2022-12-12,US,Chicago,pm25,240,10.0,69.0,35.0,1502.19
2022-12-12,US,Houston,pm25,93,8.0,62.0,33.0,1757.88
2022-12-12,US,Indianapolis,pm25,143,8.0,60.0,46.0,1353.26
2022-12-12,US,Atlanta,pm25,24,20.0,45.0,28.0,533.84
2022-12-12,US,Charlotte,pm25,72,9.0,59.0,36.0,1769.67
2022-12-12,US,Sacramento,pm25,58,2.0,74.0,13.0,2326.01
2022-12-12,US,Oakland,pm25,74,5.0,63.0,13.0,2026.05
2022-12-12,US,Providence,pm25,68,9.0,57.0,21.0,1018.34
2022-12-12,US,Staten Island,pm25,96,5.0,74.0,26.0,700.33
2022-12-12,US,Brooklyn,pm25,144,8.0,58.0,27.0,646.57
2022-12-12,US,Springfield,pm25,48,48.0,65.0,55.0,142.83
2022-12-12,US,The Bronx,pm25,48,20.0,35.0,26.0,139.13
2022-12-12,US,San Jose,pm25,66,5.0,65.0,13.0,1924.58
2022-12-12,US,Los Angeles,pm25,48,6.0,64.0,22.0,3063.83
2022-12-12,US,Detroit,pm25,144,19.0,119.0,44.0,2261.71
2022-12-12,US,Little Rock,pm25,47,16.0,55.0,42.0,896.83
2022-12-12,US,Baltimore,pm25,36,13.0,38.0,17.0,407.71
2022-12-12,US,Phoenix,pm25,175,2.0,197.0,15.0,9521.91
2022-12-12,US,Omaha,pm25,47,25.0,85.0,57.0,1242.97
2022-12-12,US,El Paso,pm25,124,2.0,191.0,34.0,12185.7
2022-12-12,US,Dallas,pm25,24,9.0,57.0,25.0,1976.74
2022-12-12,US,Seattle,pm25,260,5.0,72.0,25.0,1877.87
2022-12-12,US,Manhattan,pm25,71,5.0,49.0,26.0,464.89
2022-12-12,US,Miami,pm25,84,27.0,129.0,55.0,2392.8
2022-12-12,US,Jacksonville,pm25,139,6.0,64.0,41.0,1003.92
2022-12-12,US,San Antonio,pm25,90,13.0,85.0,42.0,1579.71
2022-12-12,US,Philadelphia,pm25,96,4.0,60.0,26.0,1773.22
2022-12-12,US,San Diego,pm25,24,12.0,67.0,23.0,3642.16
2022-12-12,US,Columbus,pm25,48,7.0,66.0,37.0,2122.55
2022-12-12,US,Saint Paul,pm25,144,21.0,64.0,45.0,690.28
2022-12-12,US,Denver,pm25,150,9.0,65.0,25.0,1298.75
2022-12-12,US,Salt Lake City,pm25,214,1.0,44.0,8.0,754.53
2022-12-12,US,Albuquerque,pm25,24,6.0,22.0,13.0,133.91
2022-12-12,US,San Francisco,pm25,63,5.0,65.0,13.0,1725.21
2022-12-12,US,Salem,pm25,72,10.0,71.0,27.0,1697.31
2022-12-12,US,Madison,pm25,48,20.0,58.0,35.0,1399.43
2022-12-12,US,Nashville,pm25,67,9.0,55.0,26.0,974.61
2022-12-12,US,Tucson,pm25,136,5.0,57.0,17.0,966.93
2022-12-12,US,Queens,pm25,96,17.0,44.0,27.0,356.79
2022-12-12,US,Tallahassee,pm25,69,13.0,56.0,38.0,1085.41
2022-12-12,US,Fort Worth,pm25,47,9.0,59.0,38.0,1278.88
2022-12-12,RS,Novi Sad,pm25,48,56.0,183.0,71.0,8110.95
2022-12-12,RS,Niš,pm25,48,58.0,124.0,83.0,2961.38
2022-12-12,RS,Belgrade,pm25,168,50.0,156.0,71.0,7782.32
2022-12-12,CY,Nicosia,pm25,24,64.0,86.0,75.0,386.01
2022-12-12,CY,Limassol,pm25,24,53.0,88.0,69.0,1131.29
2022-12-12,HR,Zagreb,pm25,23,54.0,172.0,68.0,17964.4
2022-12-12,HR,Rijeka,pm25,70,9.0,152.0,16.0,4836.73
2022-12-12,MK,Skopje,pm25,24,53.0,117.0,63.0,2653.03
2022-12-13,GE,Tbilisi,pm25,86,70.0,152.0,95.0,2939.54
2022-12-13,JP,Fukuoka,pm25,394,5.0,114.0,68.0,7019.42
2022-12-13,JP,Kanazawa,pm25,163,5.0,63.0,21.0,1809.66
2022-12-13,JP,Kumamoto,pm25,348,5.0,158.0,55.0,6695.53
2022-12-13,JP,Akita,pm25,41,5.0,65.0,21.0,2690.22
2022-12-13,JP,Kochi,pm25,24,13.0,72.0,25.0,4441.29
2022-12-13,JP,Gifu-shi,pm25,186,5.0,74.0,30.0,2035.57
2022-12-13,JP,Kyoto,pm25,574,5.0,155.0,38.0,1844.68
2022-12-13,JP,Hiroshima,pm25,299,5.0,104.0,42.0,4594.66
2022-12-13,JP,Shizuoka,pm25,241,5.0,59.0,21.0,1058.06
2022-12-13,JP,Chiba,pm25,764,5.0,127.0,42.0,2445.94
2022-12-13,JP,Sapporo,pm25,134,5.0,53.0,13.0,1040.37
2022-12-13,JP,Yokohama,pm25,540,1.0,63.0,30.0,1807.3
2022-12-13,JP,Tokyo,pm25,2510,1.0,134.0,46.0,2020.24
2022-12-13,JP,Saitama,pm25,501,9.0,91.0,46.0,1908.18
2022-12-13,JP,Naha,pm25,144,13.0,55.0,30.0,504.09
2022-12-13,JP,Nagasaki,pm25,186,5.0,97.0,57.0,5721.76
2022-12-13,JP,Toyama,pm25,152,5.0,65.0,25.0,1803.73
2022-12-13,JP,Niigata,pm25,210,5.0,63.0,21.0,1715.98
2022-12-13,JP,Nara-shi,pm25,190,9.0,65.0,42.0,1529.64
2022-12-13,JP,Okayama,pm25,285,5.0,107.0,42.0,2787.62
2022-12-13,JP,Sendai,pm25,418,5.0,50.0,17.0,897.42
2022-12-13,JP,Osaka,pm25,1342,5.0,85.0,38.0,1761.84
2022-12-13,JP,Miyazaki,pm25,102,5.0,97.0,34.0,5437.92
2022-12-13,JP,Matsuyama,pm25,139,9.0,91.0,42.0,5303.49
2022-12-13,JP,Wakayama,pm25,279,9.0,95.0,34.0,2243.21
2022-12-13,JP,Takamatsu,pm25,232,5.0,74.0,30.0,3074.07
2022-12-13,JP,Nagoya,pm25,784,1.0,80.0,34.0,1504.4
2022-12-13,JP,Ōita,pm25,245,5.0,80.0,38.0,4065.26
2022-12-13,JP,Kobe,pm25,389,5.0,72.0,38.0,1392.91
2022-12-13,JP,Nagano,pm25,62,5.0,46.0,17.0,749.17
2022-12-13,JP,Utsunomiya,pm25,24,25.0,95.0,57.0,3181.72
2022-12-13,JP,Kagoshima,pm25,88,13.0,91.0,46.0,4629.98
2022-12-13,SK,Košice,pm25,95,65.0,127.0,82.0,2305.76
2022-12-13,SK,Bratislava,pm25,72,21.0,87.0,55.0,2227.17
2022-12-13,FI,Vantaa,pm25,24,6.0,46.0,23.0,1077.81
2022-12-13,FI,Turku,pm25,24,2.0,39.0,10.0,1038.84
2022-12-13,FI,Helsinki,pm25,109,15.0,49.0,23.0,528.34
2022-12-13,FI,Tampere,pm25,95,2.0,40.0,13.0,430.63
2022-12-13,ET,Addis Ababa,pm25,22,30.0,164.0,70.0,10610.2
2022-12-13,CH,Zürich,pm25,21,3.0,7.0,4.0,12.9
2022-12-13,CO,Bogotá,pm25,332,5.0,159.0,61.0,8349.65
2022-12-13,CO,Medellín,pm25,273,25.0,95.0,63.0,1517.94
2022-12-13,DK,Copenhagen,pm25,24,12.0,57.0,37.0,1520.85
2022-12-13,GB,Edinburgh,pm25,273,5.0,100.0,30.0,3921.01
2022-12-13,GB,Norwich,pm25,24,59.0,122.0,90.0,1881.67
2022-12-13,GB,Liverpool,pm25,46,63.0,99.0,80.0,541.41
2022-12-13,GB,Belfast,pm25,86,41.0,114.0,76.0,1747.33
2022-12-13,GB,Coventry,pm25,64,61.0,91.0,67.0,621.39
2022-12-13,GB,Leeds,pm25,46,80.0,115.0,88.0,767.89
2022-12-13,GB,Cardiff,pm25,120,55.0,95.0,80.0,1182.38
2022-12-13,GB,Bristol,pm25,72,63.0,91.0,76.0,487.97
2022-12-13,GB,London,pm25,525,8.0,109.0,65.0,2135.51
2022-12-13,GB,Birmingham,pm25,44,61.0,92.0,72.0,747.25
2022-12-13,GB,Sheffield,pm25,88,85.0,115.0,95.0,592.12
2022-12-13,GB,Newport,pm25,25,42.0,75.0,72.0,384.43
2022-12-13,GB,Leicester,pm25,24,59.0,90.0,70.0,838.97
2022-12-13,GB,Manchester,pm25,80,31.0,114.0,81.0,2151.12
2022-12-13,GB,Reading,pm25,48,55.0,82.0,70.0,399.98
2022-12-13,GB,Plymouth,pm25,39,25.0,163.0,63.0,6326.77
2022-12-13,GB,Glasgow,pm25,560,21.0,121.0,57.0,2306.54
2022-12-13,GB,Preston,pm25,45,56.0,133.0,79.0,3018.91
2022-12-13,GB,Swansea,pm25,168,17.0,76.0,53.0,1544.09
2022-12-13,GB,Southend-on-Sea,pm25,47,36.0,85.0,57.0,1303.45
2022-12-13,ID,Jakarta,pm25,52,17.0,93.0,42.0,2676.71
2022-12-13,ML,Bamako,pm25,24,97.0,190.0,153.0,7753.31
2022-12-13,NP,Kathmandu,pm25,71,95.0,187.0,158.0,5586.48
2022-12-13,NP,Biratnagar,pm25,40,109.0,353.0,156.0,24486.4
2022-12-13,AU,Sydney,pm25,127,1.0,44.0,14.0,762.7
2022-12-13,AU,Newcastle,pm25,125,1.0,60.0,17.0,1243.25
2022-12-13,AU,Launceston,pm25,55,5.0,17.0,5.0,38.03
2022-12-13,AU,Hobart,pm25,28,5.0,9.0,5.0,20.32
2022-12-13,AU,Darwin,pm25,31,2.0,55.0,12.0,1322.47
2022-12-13,AU,Melbourne,pm25,155,1.0,73.0,19.0,1580.56
2022-12-13,AU,Canberra,pm25,68,1.0,34.0,12.0,563.76
2022-12-13,AU,Adelaide,pm25,80,2.0,42.0,17.0,680.34
2022-12-13,AU,Brisbane,pm25,214,1.0,50.0,23.0,1428.12
2022-12-13,AU,Perth,pm25,74,2.0,12.0,4.0,56.11
2022-12-13,AU,Wollongong,pm25,39,2.0,49.0,14.0,1817.1
2022-12-13,CI,Abidjan,pm25,24,63.0,157.0,80.0,7165.22
2022-12-13,IQ,Baghdad,pm25,24,102.0,166.0,137.0,3994.76
2022-12-13,IS,Reykjavík,pm25,96,4.0,51.0,12.0,1150.24
2022-12-13,KG,Bishkek,pm25,24,207.0,518.0,370.0,98398.2
2022-12-13,NL,Utrecht,pm25,47,63.0,107.0,88.0,1234.12
2022-12-13,NL,Nijmegen,pm25,48,47.0,111.0,79.0,1864.4
2022-12-13,NL,Haarlem,pm25,144,67.0,122.0,88.0,1397.48
2022-12-13,NL,Eindhoven,pm25,24,55.0,99.0,69.0,1530.42
2022-12-13,NL,Rotterdam,pm25,190,60.0,157.0,82.0,2159.52
2022-12-13,NL,Amsterdam,pm25,264,57.0,163.0,81.0,1089.23
2022-12-13,NL,Dordrecht,pm25,23,61.0,88.0,78.0,472.1
2022-12-13,NL,Breda,pm25,48,62.0,96.0,78.0,661.17
2022-12-13,NL,Groningen,pm25,48,54.0,111.0,78.0,1905.0
2022-12-13,NL,Maastricht,pm25,96,38.0,91.0,72.0,983.21
2022-12-13,NL,The Hague,pm25,72,65.0,99.0,82.0,701.96
2022-12-13,PT,Lisbon,pm25,76,5.0,20.0,15.0,243.39
2022-12-13,PT,Funchal,pm25,61,1.0,40.0,17.0,1429.0
2022-12-13,CA,Hamilton,pm25,75,17.0,76.0,34.0,1651.02
2022-12-13,CA,Calgary,pm25,92,7.0,101.0,37.0,5360.31
2022-12-13,CA,Winnipeg,pm25,24,18.0,30.0,22.0,118.84
2022-12-13,CA,Halifax,pm25,46,8.0,17.0,13.0,66.69
2022-12-13,CA,Kitchener,pm25,47,21.0,61.0,42.0,920.35
2022-12-13,CA,Edmonton,pm25,130,23.0,130.0,78.0,3156.85
2022-12-13,CA,Surrey,pm25,96,10.0,55.0,28.0,1390.84
2022-12-13,CA,Mississauga,pm25,56,13.0,46.0,30.0,731.97
2022-12-13,CA,Québec,pm25,154,5.0,63.0,14.0,1284.21
2022-12-13,CA,Vancouver,pm25,165,6.0,63.0,23.0,2113.35
2022-12-13,CA,Victoria,pm25,48,5.0,80.0,25.0,3548.15
2022-12-13,CA,Montréal,pm25,400,3.0,56.0,22.0,1288.27
2022-12-13,CA,Toronto,pm25,130,5.0,70.0,30.0,1917.99
2022-12-13,CA,Ottawa,pm25,61,7.0,22.0,14.0,194.5
2022-12-13,CA,London,pm25,48,42.0,74.0,59.0,516.91
2022-12-13,US,Oklahoma City,pm25,95,3.0,38.0,14.0,571.84
2022-12-13,US,Raleigh,pm25,70,5.0,95.0,28.0,2089.1
2022-12-13,US,Memphis,pm25,48,19.0,36.0,29.0,190.43
2022-12-13,US,Jackson,pm25,72,13.0,60.0,37.0,1180.98
2022-12-13,US,Boston,pm25,123,5.0,85.0,21.0,1122.18
2022-12-13,US,Richmond,pm25,96,22.0,59.0,36.0,775.98
2022-12-13,US,Portland,pm25,189,13.0,93.0,48.0,2950.45
2022-12-13,US,Boise,pm25,23,5.0,43.0,21.0,1200.79
2022-12-13,US,Austin,pm25,40,5.0,68.0,25.0,2457.28
2022-12-13,US,Honolulu,pm25,42,5.0,38.0,17.0,584.95
2022-12-13,US,Fresno,pm25,48,15.0,143.0,53.0,5914.04
2022-12-13,US,Milwaukee,pm25,138,20.0,64.0,51.0,1201.05
2022-12-13,US,Hartford,pm25,48,7.0,51.0,22.0,982.48
2022-12-13,US,Washington D.C.,pm25,95,5.0,61.0,33.0,1674.23
2022-12-13,US,Chicago,pm25,239,13.0,74.0,50.0,781.35
2022-12-13,US,Houston,pm25,95,12.0,59.0,34.0,1259.77
2022-12-13,US,Indianapolis,pm25,144,18.0,65.0,51.0,1115.83
2022-12-13,US,Atlanta,pm25,24,38.0,55.0,45.0,300.8
2022-12-13,US,Charlotte,pm25,69,28.0,76.0,43.0,932.79
2022-12-13,US,Sacramento,pm25,72,5.0,132.0,40.0,8711.17
2022-12-13,US,Oakland,pm25,89,5.0,65.0,30.0,2231.79
2022-12-13,US,Providence,pm25,67,5.0,46.0,17.0,898.62
2022-12-13,US,Staten Island,pm25,94,3.0,45.0,25.0,860.2
2022-12-13,US,Brooklyn,pm25,138,1.0,79.0,27.0,1603.08
2022-12-13,US,Springfield,pm25,48,21.0,64.0,46.0,963.26
2022-12-13,US,The Bronx,pm25,48,13.0,38.0,25.0,342.11
2022-12-13,US,San Jose,pm25,85,5.0,117.0,30.0,4239.29
2022-12-13,US,Los Angeles,pm25,48,14.0,84.0,48.0,2993.33
2022-12-13,US,Detroit,pm25,152,33.0,73.0,52.0,578.76
2022-12-13,US,Little Rock,pm25,47,3.0,49.0,28.0,1122.39
2022-12-13,US,Baltimore,pm25,48,13.0,59.0,21.0,1069.77
2022-12-13,US,Phoenix,pm25,178,3.0,103.0,18.0,2691.57
2022-12-13,US,Omaha,pm25,40,5.0,70.0,21.0,2956.92
2022-12-13,US,El Paso,pm25,121,1.0,61.0,9.0,2514.1
2022-12-13,US,Dallas,pm25,19,9.0,38.0,17.0,629.53
2022-12-13,US,Seattle,pm25,262,11.0,107.0,42.0,2382.34
2022-12-13,US,Manhattan,pm25,72,9.0,51.0,24.0,903.84
2022-12-13,US,Miami,pm25,95,18.0,70.0,49.0,1937.02
2022-12-13,US,Jacksonville,pm25,136,8.0,50.0,30.0,890.37
2022-12-13,US,San Antonio,pm25,90,2.0,70.0,42.0,3536.88
2022-12-13,US,Philadelphia,pm25,94,4.0,50.0,20.0,1227.23
2022-12-13,US,San Diego,pm25,23,15.0,64.0,42.0,2292.02
2022-12-13,US,Columbus,pm25,46,4.0,58.0,42.0,2034.8
2022-12-13,US,Saint Paul,pm25,144,25.0,67.0,57.0,956.6
2022-12-13,US,Denver,pm25,152,13.0,65.0,34.0,1454.02
2022-12-13,US,Salt Lake City,pm25,215,2.0,54.0,14.0,1794.48
2022-12-13,US,Albuquerque,pm25,24,5.0,24.0,9.0,284.06
2022-12-13,US,San Francisco,pm25,67,5.0,99.0,25.0,2696.21
2022-12-13,US,Salem,pm25,72,14.0,82.0,39.0,2746.6
2022-12-13,US,Madison,pm25,48,34.0,77.0,55.0,785.94
2022-12-13,US,Nashville,pm25,72,9.0,61.0,38.0,1641.41
2022-12-13,US,Tucson,pm25,135,5.0,61.0,13.0,1253.49
2022-12-13,US,Queens,pm25,93,3.0,115.0,28.0,2488.83
2022-12-13,US,Tallahassee,pm25,72,24.0,56.0,39.0,423.63
2022-12-13,US,Fort Worth,pm25,29,5.0,42.0,25.0,916.08
2022-12-13,RS,Novi Sad,pm25,48,44.0,117.0,82.0,3322.96
2022-12-13,RS,Niš,pm25,48,79.0,196.0,152.0,8776.45
2022-12-13,RS,Belgrade,pm25,168,72.0,177.0,110.0,7126.38
2022-12-13,CY,Nicosia,pm25,24,69.0,132.0,86.0,2128.62
2022-12-13,CY,Limassol,pm25,24,61.0,102.0,77.0,1691.3
2022-12-13,HR,Zagreb,pm25,24,137.0,174.0,155.0,772.97
2022-12-13,HR,Rijeka,pm25,67,7.0,141.0,30.0,8809.4
2022-12-13,MK,Skopje,pm25,24,60.0,152.0,72.0,10910.1
2022-12-14,GE,Tbilisi,pm25,83,70.0,160.0,101.0,8983.6
2022-12-14,JP,Fukuoka,pm25,380,5.0,134.0,30.0,9633.52
2022-12-14,JP,Kanazawa,pm25,124,5.0,80.0,21.0,3639.14
2022-12-14,JP,Kumamoto,pm25,252,5.0,194.0,46.0,11046.5
2022-12-14,JP,Akita,pm25,33,13.0,74.0,38.0,3156.72
2022-12-14,JP,Kochi,pm25,19,5.0,74.0,25.0,6663.98
2022-12-14,JP,Gifu-shi,pm25,119,5.0,157.0,34.0,9778.47
2022-12-14,JP,Kyoto,pm25,529,5.0,93.0,34.0,8409.65
2022-12-14,JP,Hiroshima,pm25,285,5.0,99.0,34.0,7989.44
2022-12-14,JP,Shizuoka,pm25,238,5.0,152.0,21.0,7850.19
2022-12-14,JP,Chiba,pm25,614,5.0,102.0,42.0,4824.39
2022-12-14,JP,Sapporo,pm25,114,9.0,78.0,25.0,1662.48
2022-12-14,JP,Yokohama,pm25,459,1.0,78.0,25.0,4620.61
2022-12-14,JP,Tokyo,pm25,2106,1.0,134.0,34.0,4941.94
2022-12-14,JP,Saitama,pm25,354,1.0,155.0,42.0,5098.16
2022-12-14,JP,Naha,pm25,108,30.0,68.0,42.0,791.23
2022-12-14,JP,Nagasaki,pm25,133,5.0,117.0,25.0,8176.2
2022-12-14,JP,Toyama,pm25,113,5.0,70.0,21.0,2407.58
2022-12-14,JP,Niigata,pm25,159,5.0,61.0,17.0,1447.63
2022-12-14,JP,Nara-shi,pm25,147,5.0,97.0,57.0,7700.05
2022-12-14,JP,Okayama,pm25,225,5.0,104.0,50.0,8681.54
2022-12-14,JP,Sendai,pm25,310,5.0,57.0,9.0,550.58
2022-12-14,JP,Osaka,pm25,1242,5.0,129.0,38.0,8845.95
2022-12-14,JP,Miyazaki,pm25,93,5.0,99.0,50.0,7263.83
2022-12-14,JP,Matsuyama,pm25,93,5.0,107.0,53.0,8866.52
2022-12-14,JP,Wakayama,pm25,241,5.0,122.0,55.0,9583.52
2022-12-14,JP,Takamatsu,pm25,180,5.0,93.0,46.0,6741.73
2022-12-14,JP,Nagoya,pm25,665,1.0,102.0,25.0,7308.36
2022-12-14,JP,Ōita,pm25,181,5.0,89.0,38.0,6433.37
2022-12-14,JP,Kobe,pm25,383,5.0,97.0,34.0,9975.48
2022-12-14,JP,Nagano,pm25,33,5.0,25.0,9.0,444.85
2022-12-14,JP,Utsunomiya,pm25,24,5.0,102.0,34.0,6548.97
2022-12-14,JP,Kagoshima,pm25,65,9.0,119.0,63.0,7648.57
2022-12-14,SK,Košice,pm25,96,65.0,122.0,82.0,2380.82
2022-12-14,SK,Bratislava,pm25,72,55.0,107.0,74.0,935.14
2022-12-14,FI,Vantaa,pm25,24,14.0,56.0,24.0,1632.59
2022-12-14,FI,Turku,pm25,24,8.0,41.0,19.0,1182.01
2022-12-14,FI,Helsinki,pm25,113,7.0,51.0,17.0,655.41
2022-12-14,FI,Tampere,pm25,96,8.0,53.0,17.0,624.5
2022-12-14,ET,Addis Ababa,pm25,24,46.0,157.0,70.0,9793.02
2022-12-14,CH,Zürich,pm25,24,4.0,10.0,5.0,18.53
2022-12-14,CO,Bogotá,pm25,331,5.0,152.0,35.0,7392.62
2022-12-14,CO,Medellín,pm25,250,21.0,97.0,63.0,1299.23
2022-12-14,DK,Copenhagen,pm25,24,29.0,42.0,35.0,95.58
2022-12-14,GB,Edinburgh,pm25,274,5.0,63.0,18.0,804.0
2022-12-14,GB,Norwich,pm25,24,50.0,91.0,68.0,1478.84
2022-12-14,GB,Liverpool,pm25,45,59.0,98.0,76.0,977.37
2022-12-14,GB,Belfast,pm25,91,15.0,97.0,46.0,3752.87
2022-12-14,GB,Coventry,pm25,69,68.0,94.0,75.0,359.83
2022-12-14,GB,Leeds,pm25,46,50.0,101.0,74.0,1703.88
2022-12-14,GB,Cardiff,pm25,120,25.0,97.0,78.0,2335.52
2022-12-14,GB,Bristol,pm25,72,59.0,102.0,82.0,914.07
2022-12-14,GB,London,pm25,515,22.0,95.0,63.0,2473.41
2022-12-14,GB,Birmingham,pm25,46,74.0,95.0,82.0,270.11
2022-12-14,GB,Sheffield,pm25,95,53.0,97.0,74.0,1279.88
2022-12-14,GB,Newport,pm25,48,42.0,89.0,70.0,1168.3
2022-12-14,GB,Leicester,pm25,24,61.0,89.0,76.0,532.97
2022-12-14,GB,Manchester,pm25,81,33.0,112.0,72.0,2588.26
2022-12-14,GB,Reading,pm25,48,42.0,89.0,61.0,1293.12
2022-12-14,GB,Plymouth,pm25,45,22.0,72.0,55.0,1026.04
2022-12-14,GB,Glasgow,pm25,566,9.0,98.0,54.0,3448.78
2022-12-14,GB,Preston,pm25,43,30.0,111.0,76.0,3700.63
2022-12-14,GB,Swansea,pm25,164,13.0,91.0,46.0,2476.55
2022-12-14,GB,Southend-on-Sea,pm25,41,51.0,71.0,59.0,270.44
2022-12-14,ID,Jakarta,pm25,60,19.0,124.0,46.0,2534.4
2022-12-14,ML,Bamako,pm25,24,80.0,338.0,129.0,42878.2
2022-12-14,NP,Kathmandu,pm25,72,97.0,182.0,152.0,3243.19
2022-12-14,NP,Biratnagar,pm25,39,127.0,328.0,164.0,25760.8
2022-12-14,AU,Sydney,pm25,124,1.0,70.0,16.0,1001.43
2022-12-14,AU,Newcastle,pm25,128,1.0,61.0,16.0,1363.4
2022-12-14,AU,Launceston,pm25,41,5.0,17.0,5.0,41.56
2022-12-14,AU,Hobart,pm25,44,5.0,21.0,5.0,254.63
2022-12-14,AU,Darwin,pm25,50,2.0,50.0,27.0,1671.71
2022-12-14,AU,Melbourne,pm25,160,1.0,60.0,20.0,1670.71
2022-12-14,AU,Canberra,pm25,67,1.0,47.0,12.0,870.71
2022-12-14,AU,Adelaide,pm25,94,5.0,40.0,17.0,537.98
2022-12-14,AU,Brisbane,pm25,213,1.0,90.0,30.0,2059.79
2022-12-14,AU,Perth,pm25,59,2.0,11.0,6.0,73.45
2022-12-14,AU,Wollongong,pm25,36,2.0,42.0,11.0,994.5
2022-12-14,CI,Abidjan,pm25,24,59.0,154.0,80.0,5990.65
2022-12-14,IQ,Baghdad,pm25,24,82.0,171.0,122.0,7672.1
2022-12-14,IS,Reykjavík,pm25,76,9.0,79.0,14.0,1830.93
2022-12-14,KG,Bishkek,pm25,24,76.0,264.0,151.0,22407.8
2022-12-14,NL,Utrecht,pm25,48,56.0,103.0,77.0,1017.43
2022-12-14,NL,Nijmegen,pm25,48,46.0,104.0,68.0,2026.37
2022-12-14,NL,Haarlem,pm25,143,5.0,115.0,69.0,4102.39
2022-12-14,NL,Eindhoven,pm25,24,41.0,123.0,57.0,5078.19
2022-12-14,NL,Rotterdam,pm25,190,51.0,192.0,66.0,4935.76
2022-12-14,NL,Amsterdam,pm25,258,14.0,105.0,68.0,1646.97
2022-12-14,NL,Dordrecht,pm25,24,47.0,78.0,59.0,800.27
2022-12-14,NL,Breda,pm25,48,34.0,109.0,62.0,3357.51
2022-12-14,NL,Groningen,pm25,48,45.0,109.0,82.0,2690.78
2022-12-14,NL,Maastricht,pm25,90,34.0,122.0,63.0,2882.38
2022-12-14,NL,The Hague,pm25,72,10.0,84.0,63.0,1535.4
2022-12-14,PT,Lisbon,pm25,73,5.0,23.0,16.0,218.31
2022-12-14,PT,Funchal,pm25,51,3.0,33.0,19.0,792.83
2022-12-14,CA,Hamilton,pm25,74,5.0,34.0,13.0,471.21
2022-12-14,CA,Calgary,pm25,84,3.0,44.0,16.0,779.63
2022-12-14,CA,Winnipeg,pm25,19,17.0,18.0,18.0,1.75
2022-12-14,CA,Halifax,pm25,45,7.0,19.0,11.0,91.59
2022-12-14,CA,Kitchener,pm25,45,9.0,46.0,21.0,485.73
2022-12-14,CA,Edmonton,pm25,128,1.0,79.0,32.0,3281.34
2022-12-14,CA,Surrey,pm25,96,7.0,60.0,25.0,1951.97
2022-12-14,CA,Mississauga,pm25,46,9.0,30.0,13.0,330.21
2022-12-14,CA,Québec,pm25,142,5.0,53.0,12.0,977.25
2022-12-14,CA,Vancouver,pm25,163,1.0,54.0,15.0,1600.03
2022-12-14,CA,Victoria,pm25,47,5.0,59.0,25.0,2150.27
2022-12-14,CA,Montréal,pm25,354,3.0,95.0,21.0,3409.68
2022-12-14,CA,Toronto,pm25,101,5.0,59.0,25.0,1481.21
2022-12-14,CA,Ottawa,pm25,55,5.0,31.0,14.0,843.58
2022-12-14,CA,London,pm25,43,5.0,61.0,17.0,2944.29
2022-12-14,US,Oklahoma City,pm25,95,7.0,35.0,19.0,257.5
2022-12-14,US,Raleigh,pm25,72,17.0,89.0,52.0,1990.95
2022-12-14,US,Memphis,pm25,48,8.0,25.0,14.0,170.78
2022-12-14,US,Jackson,pm25,68,1.0,57.0,18.0,1922.17
2022-12-14,US,Boston,pm25,99,5.0,85.0,25.0,2321.19
2022-12-14,US,Richmond,pm25,96,26.0,76.0,54.0,995.77
2022-12-14,US,Portland,pm25,179,31.0,90.0,58.0,1626.23
2022-12-14,US,Boise,pm25,24,7.0,42.0,18.0,811.52
2022-12-14,US,Austin,pm25,23,5.0,46.0,13.0,1193.91
2022-12-14,US,Honolulu,pm25,44,5.0,53.0,17.0,1351.99
2022-12-14,US,Fresno,pm25,48,24.0,127.0,70.0,5405.37
2022-12-14,US,Milwaukee,pm25,140,14.0,61.0,36.0,1928.07
2022-12-14,US,Hartford,pm25,48,6.0,25.0,9.0,190.53
2022-12-14,US,Washington D.C.,pm25,94,13.0,61.0,42.0,1470.21
2022-12-14,US,Chicago,pm25,240,15.0,66.0,42.0,1266.16
2022-12-14,US,Houston,pm25,88,1.0,52.0,17.0,1782.22
2022-12-14,US,Indianapolis,pm25,143,9.0,68.0,38.0,1979.81
2022-12-14,US,Atlanta,pm25,24,15.0,51.0,42.0,1188.04
2022-12-14,US,Charlotte,pm25,72,34.0,74.0,53.0,507.7
2022-12-14,US,Sacramento,pm25,71,17.0,122.0,46.0,4621.42
2022-12-14,US,Oakland,pm25,94,5.0,65.0,38.0,2007.78
2022-12-14,US,Providence,pm25,55,5.0,42.0,17.0,656.6
2022-12-14,US,Staten Island,pm25,85,1.0,40.0,21.0,654.39
2022-12-14,US,Brooklyn,pm25,142,2.0,55.0,20.0,1191.94
2022-12-14,US,Springfield,pm25,48,10.0,47.0,21.0,987.59
2022-12-14,US,The Bronx,pm25,48,11.0,31.0,21.0,264.68
2022-12-14,US,San Jose,pm25,93,5.0,80.0,38.0,3398.8
2022-12-14,US,Los Angeles,pm25,45,33.0,96.0,54.0,1535.73
2022-12-14,US,Detroit,pm25,167,11.0,80.0,45.0,4333.49
2022-12-14,US,Little Rock,pm25,37,2.0,44.0,13.0,770.89
2022-12-14,US,Baltimore,pm25,48,5.0,57.0,31.0,1873.93
2022-12-14,US,Phoenix,pm25,187,3.0,101.0,28.0,4293.34
2022-12-14,US,Omaha,pm25,48,5.0,38.0,17.0,581.28
2022-12-14,US,El Paso,pm25,111,1.0,66.0,15.0,2947.95
2022-12-14,US,Dallas,pm25,19,5.0,21.0,13.0,200.23
2022-12-14,US,Seattle,pm25,247,9.0,73.0,34.0,2601.41
2022-12-14,US,Manhattan,pm25,70,2.0,36.0,19.0,499.34
2022-12-14,US,Miami,pm25,92,20.0,63.0,39.0,1009.72
2022-12-14,US,Jacksonville,pm25,144,10.0,43.0,24.0,388.5
2022-12-14,US,San Antonio,pm25,73,2.0,51.0,13.0,1138.67
2022-12-14,US,Philadelphia,pm25,94,7.0,53.0,27.0,1279.34
2022-12-14,US,San Diego,pm25,24,13.0,76.0,33.0,3200.87
2022-12-14,US,Columbus,pm25,47,9.0,57.0,35.0,1058.03
2022-12-14,US,Saint Paul,pm25,136,5.0,48.0,19.0,713.48
2022-12-14,US,Denver,pm25,136,9.0,57.0,25.0,1235.69
2022-12-14,US,Salt Lake City,pm25,212,4.0,55.0,16.0,1341.56
2022-12-14,US,Albuquerque,pm25,23,5.0,24.0,11.0,271.46
2022-12-14,US,San Francisco,pm25,71,5.0,87.0,34.0,3512.93
2022-12-14,US,Salem,pm25,72,39.0,116.0,63.0,1936.71
2022-12-14,US,Madison,pm25,48,14.0,70.0,39.0,2082.11
2022-12-14,US,Nashville,pm25,65,3.0,57.0,25.0,2977.95
2022-12-14,US,Tucson,pm25,145,5.0,59.0,21.0,1755.44
2022-12-14,US,Queens,pm25,90,4.0,74.0,18.0,1242.35
2022-12-14,US,Tallahassee,pm25,72,15.0,62.0,33.0,1363.72
2022-12-14,US,Fort Worth,pm25,36,2.0,57.0,9.0,1319.07
2022-12-14,RS,Novi Sad,pm25,48,56.0,152.0,69.0,3818.26
2022-12-14,RS,Niš,pm25,48,41.0,151.0,61.0,11764.0
2022-12-14,RS,Belgrade,pm25,168,50.0,116.0,72.0,1348.93
2022-12-14,CY,Nicosia,pm25,24,21.0,148.0,66.0,12643.2
2022-12-14,CY,Limassol,pm25,23,10.0,98.0,45.0,5953.52
2022-12-14,HR,Zagreb,pm25,23,152.0,166.0,158.0,92.57
2022-12-14,HR,Rijeka,pm25,66,20.0,156.0,52.0,5815.73
2022-12-14,MK,Skopje,pm25,24,71.0,152.0,126.0,4792.45
2022-12-15,GE,Tbilisi,pm25,96,64.0,139.0,88.0,3233.82
2022-12-15,JP,Fukuoka,pm25,380,5.0,61.0,25.0,1241.98
2022-12-15,JP,Kanazawa,pm25,103,5.0,38.0,13.0,484.35
2022-12-15,JP,Kumamoto,pm25,313,5.0,162.0,34.0,3520.67
2022-12-15,JP,Akita,pm25,35,5.0,80.0,34.0,3734.67
2022-12-15,JP,Kochi,pm25,29,9.0,42.0,21.0,941.85
2022-12-15,JP,Gifu-shi,pm25,130,5.0,72.0,17.0,2668.37
2022-12-15,JP,Kyoto,pm25,516,5.0,161.0,25.0,2008.21
2022-12-15,JP,Hiroshima,pm25,256,5.0,95.0,21.0,1601.7
2022-12-15,JP,Shizuoka,pm25,182,5.0,46.0,13.0,742.29
2022-12-15,JP,Chiba,pm25,654,5.0,85.0,25.0,3381.79
2022-12-15,JP,Sapporo,pm25,199,5.0,430.0,34.0,11249.2
2022-12-15,JP,Yokohama,pm25,450,1.0,89.0,17.0,1760.98
2022-12-15,JP,Tokyo,pm25,2182,1.0,87.0,21.0,2219.33
2022-12-15,JP,Saitama,pm25,433,5.0,78.0,17.0,1641.62
2022-12-15,JP,Naha,pm25,127,5.0,38.0,21.0,575.76
2022-12-15,JP,Nagasaki,pm25,159,5.0,63.0,21.0,1401.53
2022-12-15,JP,Toyama,pm25,117,5.0,53.0,13.0,920.0
2022-12-15,JP,Niigata,pm25,149,5.0,50.0,13.0,599.06
2022-12-15,JP,Nara-shi,pm25,172,5.0,65.0,25.0,1155.65
2022-12-15,JP,Okayama,pm25,266,5.0,63.0,30.0,1209.73
2022-12-15,JP,Sendai,pm25,366,5.0,30.0,9.0,306.71
2022-12-15,JP,Osaka,pm25,1255,5.0,63.0,21.0,1060.72
2022-12-15,JP,Miyazaki,pm25,127,5.0,85.0,25.0,1967.95
2022-12-15,JP,Matsuyama,pm25,123,5.0,65.0,21.0,1480.78
2022-12-15,JP,Wakayama,pm25,256,5.0,55.0,21.0,837.26
2022-12-15,JP,Takamatsu,pm25,184,5.0,46.0,17.0,789.02
2022-12-15,JP,Nagoya,pm25,645,1.0,70.0,17.0,965.71
2022-12-15,JP,Ōita,pm25,214,5.0,55.0,21.0,1238.55
2022-12-15,JP,Kobe,pm25,399,5.0,68.0,25.0,998.99
2022-12-15,JP,Nagano,pm25,38,5.0,53.0,13.0,2712.32
2022-12-15,JP,Utsunomiya,pm25,23,9.0,68.0,25.0,1978.74
2022-12-15,JP,Kagoshima,pm25,90,9.0,59.0,25.0,1283.41
2022-12-15,SK,Košice,pm25,96,61.0,132.0,95.0,2360.67
2022-12-15,SK,Bratislava,pm25,62,70.0,137.0,99.0,3206.5
2022-12-15,FI,Vantaa,pm25,24,22.0,97.0,51.0,4961.58
2022-12-15,FI,Turku,pm25,24,20.0,63.0,43.0,2354.33
2022-12-15,FI,Helsinki,pm25,109,15.0,93.0,36.0,2890.31
2022-12-15,FI,Tampere,pm25,96,16.0,90.0,28.0,2997.6
2022-12-15,ET,Addis Ababa,pm25,24,53.0,91.0,68.0,1200.87
2022-12-15,CH,Zürich,pm25,20,3.0,6.0,4.0,8.92
2022-12-15,CO,Bogotá,pm25,326,5.0,159.0,50.0,11146.5
2022-12-15,CO,Medellín,pm25,214,21.0,102.0,61.0,2332.55
2022-12-15,DK,Copenhagen,pm25,24,19.0,53.0,37.0,818.24
2022-12-15,GB,Edinburgh,pm25,274,5.0,161.0,14.0,3223.79
2022-12-15,GB,Norwich,pm25,19,41.0,78.0,42.0,858.95
2022-12-15,GB,Liverpool,pm25,47,34.0,151.0,68.0,6470.43
2022-12-15,GB,Belfast,pm25,63,19.0,101.0,34.0,2255.3
2022-12-15,GB,Coventry,pm25,64,53.0,116.0,65.0,1665.0
2022-12-15,GB,Leeds,pm25,42,25.0,76.0,38.0,1981.56
2022-12-15,GB,Cardiff,pm25,120,5.0,144.0,59.0,10628.5
2022-12-15,GB,Bristol,pm25,72,38.0,170.0,65.0,6541.53
2022-12-15,GB,London,pm25,505,23.0,114.0,57.0,2230.23
2022-12-15,GB,Birmingham,pm25,48,50.0,76.0,61.0,645.04
2022-12-15,GB,Sheffield,pm25,79,16.0,119.0,38.0,4531.95
2022-12-15,GB,Newport,pm25,48,21.0,42.0,30.0,235.63
2022-12-15,GB,Leicester,pm25,24,55.0,74.0,60.0,294.76
2022-12-15,GB,Manchester,pm25,85,54.0,176.0,86.0,12809.4
2022-12-15,GB,Reading,pm25,48,53.0,85.0,68.0,664.21
2022-12-15,GB,Plymouth,pm25,44,17.0,120.0,38.0,2801.52
2022-12-15,GB,Glasgow,pm25,572,2.0,127.0,39.0,5600.45
2022-12-15,GB,Preston,pm25,47,48.0,157.0,73.0,9080.64
2022-12-15,GB,Swansea,pm25,135,5.0,78.0,21.0,3233.07
2022-12-15,GB,Southend-on-Sea,pm25,41,35.0,69.0,53.0,407.98
2022-12-15,ID,Jakarta,pm25,71,17.0,122.0,59.0,4466.95
2022-12-15,ML,Bamako,pm25,24,68.0,236.0,137.0,22726.3
2022-12-15,NP,Kathmandu,pm25,72,99.0,174.0,155.0,2780.26
2022-12-15,NP,Biratnagar,pm25,47,138.0,328.0,161.0,27845.0
2022-12-15,AU,Sydney,pm25,126,1.0,62.0,15.0,1452.8
2022-12-15,AU,Newcastle,pm25,127,1.0,63.0,16.0,1312.46
2022-12-15,AU,Launceston,pm25,56,5.0,42.0,5.0,361.61
2022-12-15,AU,Hobart,pm25,44,5.0,38.0,9.0,345.34
2022-12-15,AU,Darwin,pm25,52,3.0,96.0,24.0,3736.21
2022-12-15,AU,Melbourne,pm25,152,1.0,78.0,18.0,1494.73
2022-12-15,AU,Canberra,pm25,64,1.0,46.0,11.0,1098.96
2022-12-15,AU,Adelaide,pm25,87,5.0,38.0,13.0,569.27
2022-12-15,AU,Brisbane,pm25,216,1.0,55.0,25.0,1155.07
2022-12-15,AU,Perth,pm25,78,3.0,21.0,7.0,95.26
2022-12-15,AU,Wollongong,pm25,36,3.0,38.0,14.0,911.11
2022-12-15,CI,Abidjan,pm25,24,55.0,139.0,87.0,5639.06
2022-12-15,GH,Accra,pm25,12,85.0,109.0,97.0,587.5
2022-12-15,IQ,Baghdad,pm25,24,53.0,184.0,139.0,15379.5
2022-12-15,IS,Reykjavík,pm25,96,3.0,82.0,12.0,2000.53
2022-12-15,KG,Bishkek,pm25,24,57.0,448.0,91.0,137729.0
2022-12-15,NL,Utrecht,pm25,48,68.0,148.0,89.0,3860.1
2022-12-15,NL,Nijmegen,pm25,48,65.0,147.0,99.0,4522.34
2022-12-15,NL,Haarlem,pm25,129,3.0,73.0,25.0,2350.23
2022-12-15,NL,Eindhoven,pm25,20,85.0,152.0,112.0,5844.71
2022-12-15,NL,Rotterdam,pm25,192,14.0,142.0,65.0,4453.52
2022-12-15,NL,Amsterdam,pm25,264,5.0,128.0,50.0,3322.36
2022-12-15,NL,Dordrecht,pm25,24,59.0,175.0,93.0,8992.39
2022-12-15,NL,Breda,pm25,47,74.0,153.0,125.0,6148.03
2022-12-15,NL,Groningen,pm25,48,13.0,84.0,32.0,3804.24
2022-12-15,NL,Maastricht,pm25,82,72.0,144.0,112.0,2269.69
2022-12-15,NL,The Hague,pm25,69,4.0,71.0,25.0,2544.53
2022-12-15,PT,Lisbon,pm25,89,7.0,35.0,20.0,440.7
2022-12-15,PT,Funchal,pm25,58,1.0,27.0,10.0,466.91
2022-12-15,CA,Hamilton,pm25,75,9.0,72.0,25.0,1889.81
2022-12-15,CA,Calgary,pm25,80,5.0,47.0,20.0,870.63
2022-12-15,CA,Winnipeg,pm25,11,16.0,18.0,17.0,4.91
2022-12-15,CA,Halifax,pm25,46,3.0,39.0,19.0,1763.52
2022-12-15,CA,Kitchener,pm25,40,9.0,30.0,13.0,233.17
2022-12-15,CA,Edmonton,pm25,137,22.0,91.0,48.0,1633.81
2022-12-15,CA,Surrey,pm25,96,7.0,99.0,26.0,3297.67
2022-12-15,CA,Mississauga,pm25,58,5.0,42.0,13.0,641.95
2022-12-15,CA,Québec,pm25,145,5.0,52.0,16.0,524.58
2022-12-15,CA,Vancouver,pm25,168,1.0,82.0,20.0,3489.03
2022-12-15,CA,Victoria,pm25,47,9.0,61.0,25.0,2390.99
2022-12-15,CA,Montréal,pm25,364,6.0,55.0,18.0,1136.47
2022-12-15,CA,Toronto,pm25,106,5.0,34.0,13.0,540.97
2022-12-15,CA,Ottawa,pm25,53,7.0,27.0,18.0,116.52
2022-12-15,CA,London,pm25,31,5.0,21.0,13.0,236.73
2022-12-15,US,Oklahoma City,pm25,95,13.0,62.0,18.0,408.79
2022-12-15,US,Raleigh,pm25,61,4.0,52.0,21.0,1871.82
2022-12-15,US,Memphis,pm25,48,13.0,20.0,17.0,36.95
2022-12-15,US,Jackson,pm25,68,3.0,100.0,20.0,1984.16
2022-12-15,US,Boston,pm25,130,9.0,80.0,19.0,896.82
2022-12-15,US,Richmond,pm25,96,3.0,55.0,25.0,1754.68
2022-12-15,US,Portland,pm25,191,12.0,87.0,36.0,3055.6
2022-12-15,US,Boise,pm25,24,17.0,78.0,31.0,2445.05
2022-12-15,US,Austin,pm25,40,5.0,57.0,30.0,2053.82
2022-12-15,US,Honolulu,pm25,45,9.0,46.0,25.0,855.64
2022-12-15,US,Fresno,pm25,48,43.0,141.0,77.0,3831.9
2022-12-15,US,Milwaukee,pm25,130,5.0,45.0,30.0,949.07
2022-12-15,US,Hartford,pm25,48,13.0,41.0,19.0,954.61
2022-12-15,US,Washington D.C.,pm25,93,5.0,57.0,29.0,2251.54
2022-12-15,US,Chicago,pm25,240,3.0,56.0,27.0,812.64
2022-12-15,US,Houston,pm25,95,7.0,102.0,25.0,3913.7
2022-12-15,US,Indianapolis,pm25,138,2.0,50.0,25.0,1919.48
2022-12-15,US,Atlanta,pm25,24,7.0,20.0,14.0,144.18
2022-12-15,US,Charlotte,pm25,67,5.0,56.0,23.0,1595.28
2022-12-15,US,Sacramento,pm25,72,5.0,112.0,50.0,3928.16
2022-12-15,US,Oakland,pm25,93,5.0,114.0,42.0,2669.56
2022-12-15,US,Providence,pm25,57,5.0,46.0,17.0,631.79
2022-12-15,US,Staten Island,pm25,93,5.0,53.0,22.0,1025.35
2022-12-15,US,Brooklyn,pm25,141,1.0,38.0,22.0,660.85
2022-12-15,US,Springfield,pm25,47,10.0,29.0,22.0,269.89
2022-12-15,US,The Bronx,pm25,48,3.0,36.0,22.0,757.16
2022-12-15,US,San Jose,pm25,95,5.0,97.0,50.0,4501.49
2022-12-15,US,Los Angeles,pm25,48,38.0,95.0,60.0,2452.94
2022-12-15,US,Detroit,pm25,167,9.0,92.0,27.0,1959.43
2022-12-15,US,Little Rock,pm25,36,1.0,35.0,13.0,603.71
2022-12-15,US,Baltimore,pm25,43,5.0,84.0,17.0,2419.91
2022-12-15,US,Phoenix,pm25,191,6.0,110.0,52.0,4271.76
2022-12-15,US,Omaha,pm25,48,5.0,53.0,21.0,1594.0
2022-12-15,US,El Paso,pm25,119,3.0,80.0,17.0,3874.02
2022-12-15,US,Dallas,pm25,17,5.0,34.0,21.0,1145.66
2022-12-15,US,Seattle,pm25,239,5.0,78.0,37.0,2815.74
2022-12-15,US,Manhattan,pm25,70,1.0,37.0,22.0,592.62
2022-12-15,US,Miami,pm25,95,22.0,51.0,36.0,576.0
2022-12-15,US,Jacksonville,pm25,144,10.0,55.0,37.0,992.18
2022-12-15,US,San Antonio,pm25,88,2.0,97.0,24.0,3581.94
2022-12-15,US,Philadelphia,pm25,95,4.0,51.0,21.0,1326.9
2022-12-15,US,San Diego,pm25,24,19.0,83.0,52.0,2413.03
2022-12-15,US,Columbus,pm25,48,7.0,48.0,16.0,1127.94
2022-12-15,US,Saint Paul,pm25,135,2.0,63.0,20.0,1191.49
2022-12-15,US,Denver,pm25,147,9.0,46.0,21.0,471.25
2022-12-15,US,Salt Lake City,pm25,216,5.0,70.0,26.0,1553.04
2022-12-15,US,Albuquerque,pm25,24,12.0,23.0,13.0,73.03
2022-12-15,US,San Francisco,pm25,70,9.0,74.0,38.0,2097.29
2022-12-15,US,Salem,pm25,72,19.0,101.0,45.0,3876.29
2022-12-15,US,Madison,pm25,48,9.0,51.0,31.0,1247.02
2022-12-15,US,Nashville,pm25,64,5.0,99.0,16.0,1435.55
2022-12-15,US,Tucson,pm25,157,5.0,70.0,30.0,2213.52
2022-12-15,US,Queens,pm25,94,3.0,42.0,19.0,567.94
2022-12-15,US,Tallahassee,pm25,64,1.0,55.0,25.0,2296.8
2022-12-15,US,Fort Worth,pm25,39,1.0,55.0,13.0,1607.79
2022-12-15,RS,Novi Sad,pm25,48,63.0,190.0,106.0,9260.41
2022-12-15,RS,Niš,pm25,48,32.0,242.0,113.0,41578.1
2022-12-15,RS,Belgrade,pm25,168,52.0,167.0,81.0,13798.8
2022-12-15,CY,Nicosia,pm25,24,37.0,102.0,69.0,2863.03
2022-12-15,CY,Limassol,pm25,24,21.0,88.0,51.0,3896.74
2022-12-15,HR,Zagreb,pm25,23,154.0,173.0,160.0,308.46
2022-12-15,HR,Rijeka,pm25,69,8.0,84.0,21.0,3137.98
2022-12-15,MK,Skopje,pm25,24,44.0,158.0,74.0,13689.8
2022-12-16,GE,Tbilisi,pm25,96,73.0,156.0,98.0,6098.95
2022-12-16,JP,Fukuoka,pm25,396,5.0,122.0,46.0,2068.15
2022-12-16,JP,Kanazawa,pm25,90,5.0,38.0,17.0,756.39
2022-12-16,JP,Kumamoto,pm25,347,5.0,99.0,50.0,3372.08
2022-12-16,JP,Akita,pm25,39,17.0,80.0,34.0,2799.93
2022-12-16,JP,Kochi,pm25,46,5.0,65.0,38.0,2656.54
2022-12-16,JP,Gifu-shi,pm25,164,5.0,61.0,21.0,2268.93
2022-12-16,JP,Kyoto,pm25,562,5.0,117.0,42.0,1805.73
2022-12-16,JP,Hiroshima,pm25,276,5.0,65.0,30.0,1679.35
2022-12-16,JP,Shizuoka,pm25,188,5.0,59.0,21.0,1252.86
2022-12-16,JP,Chiba,pm25,710,5.0,132.0,30.0,3685.39
2022-12-16,JP,Sapporo,pm25,212,5.0,57.0,21.0,1073.69
2022-12-16,JP,Yokohama,pm25,489,1.0,78.0,25.0,1958.17
2022-12-16,JP,Tokyo,pm25,2400,5.0,139.0,25.0,2856.79
2022-12-16,JP,Saitama,pm25,466,5.0,95.0,21.0,2183.93
2022-12-16,JP,Naha,pm25,126,5.0,42.0,13.0,595.79
2022-12-16,JP,Nagasaki,pm25,182,5.0,70.0,38.0,2285.13
2022-12-16,JP,Toyama,pm25,159,5.0,55.0,17.0,1176.38
2022-12-16,JP,Niigata,pm25,204,5.0,38.0,17.0,564.89
2022-12-16,JP,Nara-shi,pm25,183,9.0,63.0,42.0,1476.4
2022-12-16,JP,Okayama,pm25,285,9.0,93.0,46.0,1508.93
2022-12-16,JP,Sendai,pm25,436,5.0,46.0,13.0,474.2
2022-12-16,JP,Osaka,pm25,1367,5.0,82.0,38.0,1861.42
2022-12-16,JP,Miyazaki,pm25,135,5.0,109.0,46.0,2643.62
2022-12-16,JP,Matsuyama,pm25,150,5.0,91.0,34.0,2611.56
2022-12-16,JP,Wakayama,pm25,283,5.0,142.0,38.0,2884.41
2022-12-16,JP,Takamatsu,pm25,237,5.0,82.0,34.0,2606.41
2022-12-16,JP,Nagoya,pm25,761,5.0,80.0,30.0,1876.4
2022-12-16,JP,Ōita,pm25,247,5.0,76.0,38.0,2776.49
2022-12-16,JP,Kobe,pm25,424,5.0,78.0,42.0,1539.64
2022-12-16,JP,Nagano,pm25,52,5.0,50.0,13.0,1221.72
2022-12-16,JP,Utsunomiya,pm25,24,9.0,57.0,30.0,1827.23
2022-12-16,JP,Kagoshima,pm25,96,21.0,72.0,46.0,1234.31
2022-12-16,SK,Košice,pm25,96,38.0,160.0,68.0,8824.63
2022-12-16,SK,Bratislava,pm25,79,9.0,149.0,65.0,15582.7
2022-12-16,FI,Vantaa,pm25,21,65.0,113.0,82.0,1845.9
2022-12-16,FI,Turku,pm25,24,19.0,72.0,41.0,3036.5
2022-12-16,FI,Helsinki,pm25,120,30.0,94.0,57.0,1740.71
2022-12-16,FI,Tampere,pm25,96,12.0,86.0,35.0,3175.38
2022-12-16,ET,Addis Ababa,pm25,24,50.0,124.0,72.0,3648.24
2022-12-16,CH,Zürich,pm25,46,3.0,6.0,4.0,6.03
2022-12-16,CO,Bogotá,pm25,315,5.0,183.0,72.0,13049.6
2022-12-16,CO,Medellín,pm25,237,30.0,95.0,63.0,1353.04
2022-12-16,DK,Copenhagen,pm25,24,16.0,65.0,34.0,2314.76
2022-12-16,GB,Edinburgh,pm25,274,3.0,79.0,14.0,1193.69
2022-12-16,GB,Norwich,pm25,21,42.0,98.0,60.0,4004.33
2022-12-16,GB,Liverpool,pm25,45,68.0,155.0,95.0,6390.4
2022-12-16,GB,Belfast,pm25,78,19.0,87.0,53.0,1106.43
2022-12-16,GB,Coventry,pm25,70,65.0,101.0,80.0,805.77
2022-12-16,GB,Leeds,pm25,43,38.0,80.0,59.0,792.96
2022-12-16,GB,Cardiff,pm25,120,13.0,170.0,65.0,16149.0
2022-12-16,GB,Bristol,pm25,70,61.0,153.0,93.0,5101.26
2022-12-16,GB,London,pm25,512,17.0,168.0,84.0,15085.6
2022-12-16,GB,Birmingham,pm25,43,53.0,79.0,64.0,448.52
2022-12-16,GB,Sheffield,pm25,85,24.0,114.0,59.0,2871.72
2022-12-16,GB,Newport,pm25,43,33.0,161.0,50.0,17691.1
2022-12-16,GB,Leicester,pm25,23,72.0,107.0,83.0,730.59
2022-12-16,GB,Manchester,pm25,75,52.0,173.0,92.0,12560.1
2022-12-16,GB,Reading,pm25,48,55.0,160.0,82.0,11687.1
2022-12-16,GB,Plymouth,pm25,42,17.0,153.0,53.0,10915.5
2022-12-16,GB,Glasgow,pm25,568,10.0,120.0,26.0,2527.41
2022-12-16,GB,Preston,pm25,43,64.0,165.0,76.0,9847.6
2022-12-16,GB,Swansea,pm25,167,5.0,124.0,34.0,5046.84
2022-12-16,GB,Southend-on-Sea,pm25,48,42.0,153.0,62.0,9828.3
2022-12-16,ID,Jakarta,pm25,71,34.0,162.0,70.0,11032.7
2022-12-16,ML,Bamako,pm25,24,57.0,231.0,134.0,26955.1
2022-12-16,NP,Kathmandu,pm25,72,93.0,176.0,155.0,3371.76
2022-12-16,NP,Biratnagar,pm25,38,123.0,328.0,167.0,29073.1
2022-12-16,AU,Sydney,pm25,136,2.0,65.0,16.0,1127.41
2022-12-16,AU,Newcastle,pm25,133,1.0,53.0,23.0,1189.57
2022-12-16,AU,Launceston,pm25,33,5.0,13.0,5.0,19.39
2022-12-16,AU,Hobart,pm25,29,5.0,21.0,5.0,172.61
2022-12-16,AU,Darwin,pm25,59,4.0,107.0,29.0,6403.66
2022-12-16,AU,Melbourne,pm25,164,1.0,50.0,18.0,1073.99
2022-12-16,AU,Canberra,pm25,66,1.0,40.0,10.0,737.61
2022-12-16,AU,Adelaide,pm25,86,4.0,83.0,17.0,1713.73
2022-12-16,AU,Brisbane,pm25,216,1.0,50.0,22.0,787.8
2022-12-16,AU,Perth,pm25,89,2.0,12.0,6.0,55.64
2022-12-16,AU,Wollongong,pm25,41,1.0,64.0,15.0,1736.74
2022-12-16,CI,Abidjan,pm25,24,55.0,159.0,85.0,9388.62
2022-12-16,GH,Accra,pm25,24,78.0,127.0,97.0,1452.75
2022-12-16,IQ,Baghdad,pm25,24,97.0,325.0,147.0,44036.5
2022-12-16,IS,Reykjavík,pm25,96,7.0,54.0,14.0,1048.17
2022-12-16,KG,Bishkek,pm25,24,50.0,173.0,74.0,18971.1
2022-12-16,NL,Utrecht,pm25,44,9.0,130.0,65.0,13479.8
2022-12-16,NL,Nijmegen,pm25,48,66.0,118.0,92.0,1608.49
2022-12-16,NL,Haarlem,pm25,118,3.0,113.0,25.0,7411.73
2022-12-16,NL,Eindhoven,pm25,24,41.0,144.0,95.0,7372.16
2022-12-16,NL,Rotterdam,pm25,192,4.0,153.0,30.0,10149.1
2022-12-16,NL,Amsterdam,pm25,258,2.0,134.0,29.0,6900.94
2022-12-16,NL,Dordrecht,pm25,24,17.0,110.0,30.0,5646.79
2022-12-16,NL,Breda,pm25,48,18.0,160.0,55.0,11153.2
2022-12-16,NL,Groningen,pm25,48,13.0,117.0,84.0,7022.96
2022-12-16,NL,Maastricht,pm25,96,50.0,156.0,112.0,5541.04
2022-12-16,NL,The Hague,pm25,64,7.0,96.0,19.0,5315.55
2022-12-16,PT,Lisbon,pm25,58,10.0,33.0,17.0,260.24
2022-12-16,PT,Funchal,pm25,49,1.0,40.0,16.0,1119.25
2022-12-16,CA,Hamilton,pm25,95,13.0,85.0,42.0,1450.17
2022-12-16,CA,Calgary,pm25,69,4.0,58.0,18.0,2043.9
2022-12-16,CA,Winnipeg,pm25,12,16.0,17.0,16.0,0.83
2022-12-16,CA,Halifax,pm25,46,7.0,40.0,19.0,458.77
2022-12-16,CA,Kitchener,pm25,47,17.0,57.0,38.0,1657.58
2022-12-16,CA,Edmonton,pm25,137,27.0,143.0,53.0,1969.51
2022-12-16,CA,Surrey,pm25,91,9.0,72.0,35.0,2907.74
2022-12-16,CA,Mississauga,pm25,54,5.0,55.0,38.0,2125.44
2022-12-16,CA,Québec,pm25,139,5.0,57.0,12.0,571.61
2022-12-16,CA,Vancouver,pm25,161,5.0,87.0,30.0,4378.28
2022-12-16,CA,Victoria,pm25,46,5.0,68.0,30.0,2454.14
2022-12-16,CA,Montréal,pm25,361,3.0,35.0,15.0,329.79
2022-12-16,CA,Toronto,pm25,117,5.0,93.0,34.0,3539.99
2022-12-16,CA,Ottawa,pm25,45,9.0,20.0,16.0,86.55
2022-12-16,CA,London,pm25,44,17.0,57.0,42.0,826.87
2022-12-16,US,Oklahoma City,pm25,94,9.0,59.0,17.0,1119.31
2022-12-16,US,Raleigh,pm25,69,5.0,55.0,21.0,1075.03
2022-12-16,US,Memphis,pm25,47,15.0,26.0,20.0,64.2
2022-12-16,US,Jackson,pm25,58,1.0,191.0,19.0,6235.93
2022-12-16,US,Boston,pm25,139,5.0,70.0,25.0,716.61
2022-12-16,US,Richmond,pm25,94,8.0,44.0,17.0,512.54
2022-12-16,US,Portland,pm25,191,5.0,95.0,26.0,2197.72
2022-12-16,US,Boise,pm25,24,4.0,63.0,32.0,3085.8
2022-12-16,US,Austin,pm25,47,9.0,59.0,25.0,1783.18
2022-12-16,US,Honolulu,pm25,36,5.0,53.0,17.0,1558.35
2022-12-16,US,Fresno,pm25,48,58.0,143.0,82.0,4924.68
2022-12-16,US,Milwaukee,pm25,144,23.0,53.0,40.0,586.18
2022-12-16,US,Hartford,pm25,48,2.0,33.0,5.0,317.94
2022-12-16,US,Washington D.C.,pm25,87,5.0,44.0,21.0,950.11
2022-12-16,US,Chicago,pm25,240,5.0,53.0,32.0,863.02
2022-12-16,US,Houston,pm25,83,5.0,78.0,33.0,2181.01
2022-12-16,US,Indianapolis,pm25,144,7.0,51.0,31.0,984.61
2022-12-16,US,Atlanta,pm25,24,13.0,30.0,19.0,188.41
2022-12-16,US,Charlotte,pm25,69,5.0,40.0,20.0,869.97
2022-12-16,US,Sacramento,pm25,72,25.0,130.0,60.0,4826.2
2022-12-16,US,Oakland,pm25,96,9.0,99.0,50.0,3103.0
2022-12-16,US,Providence,pm25,63,5.0,42.0,13.0,452.57
2022-12-16,US,Staten Island,pm25,89,1.0,30.0,10.0,485.63
2022-12-16,US,Brooklyn,pm25,123,1.0,166.0,13.0,14287.8
2022-12-16,US,Springfield,pm25,48,13.0,37.0,21.0,291.28
2022-12-16,US,The Bronx,pm25,48,3.0,29.0,12.0,592.75
2022-12-16,US,San Jose,pm25,95,5.0,157.0,61.0,6703.47
2022-12-16,US,Los Angeles,pm25,45,15.0,83.0,50.0,2562.37
2022-12-16,US,Detroit,pm25,167,26.0,86.0,44.0,867.12
2022-12-16,US,Little Rock,pm25,43,1.0,34.0,18.0,546.42
2022-12-16,US,Baltimore,pm25,46,5.0,34.0,13.0,462.48
2022-12-16,US,Phoenix,pm25,192,9.0,137.0,46.0,8134.63
2022-12-16,US,Omaha,pm25,47,5.0,59.0,21.0,927.74
2022-12-16,US,El Paso,pm25,124,1.0,69.0,15.0,3314.91
2022-12-16,US,Dallas,pm25,16,5.0,42.0,21.0,1186.0
2022-12-16,US,Seattle,pm25,213,15.0,91.0,55.0,2938.6
2022-12-16,US,Manhattan,pm25,71,3.0,27.0,12.0,492.51
2022-12-16,US,Miami,pm25,95,16.0,53.0,30.0,762.95
2022-12-16,US,Jacksonville,pm25,144,4.0,259.0,20.0,16892.3
2022-12-16,US,San Antonio,pm25,87,3.0,59.0,30.0,2283.62
2022-12-16,US,Philadelphia,pm25,79,2.0,55.0,8.0,2668.57
2022-12-16,US,San Diego,pm25,21,15.0,98.0,61.0,5694.0
2022-12-16,US,Columbus,pm25,48,8.0,47.0,26.0,788.92
2022-12-16,US,Saint Paul,pm25,141,5.0,48.0,26.0,733.83
2022-12-16,US,Denver,pm25,145,5.0,61.0,17.0,937.29
2022-12-16,US,Salt Lake City,pm25,216,6.0,67.0,34.0,2112.83
2022-12-16,US,Albuquerque,pm25,24,10.0,30.0,15.0,185.92
2022-12-16,US,San Francisco,pm25,72,21.0,147.0,42.0,3239.65
2022-12-16,US,Salem,pm25,70,15.0,121.0,23.0,6739.84
2022-12-16,US,Madison,pm25,48,30.0,45.0,38.0,225.94
2022-12-16,US,Nashville,pm25,63,5.0,62.0,18.0,776.76
2022-12-16,US,Tucson,pm25,158,5.0,104.0,30.0,4243.97
2022-12-16,US,Queens,pm25,95,1.0,31.0,11.0,574.78
2022-12-16,US,Tallahassee,pm25,63,6.0,60.0,23.0,1946.4
2022-12-16,US,Fort Worth,pm25,39,5.0,78.0,19.0,2252.52
2022-12-16,RS,Novi Sad,pm25,48,28.0,169.0,63.0,17828.7
2022-12-16,RS,Niš,pm25,48,54.0,185.0,115.0,16676.2
2022-12-16,RS,Belgrade,pm25,168,24.0,123.0,60.0,2549.78
2022-12-16,CY,Nicosia,pm25,24,65.0,164.0,86.0,7994.13
2022-12-16,CY,Limassol,pm25,24,22.0,114.0,56.0,6379.98
2022-12-16,HR,Zagreb,pm25,24,61.0,168.0,151.0,11491.9
2022-12-16,HR,Rijeka,pm25,63,5.0,56.0,21.0,1879.53
2022-12-16,MK,Skopje,pm25,24,66.0,151.0,99.0,5237.39
2022-12-17,GE,Tbilisi,pm25,96,57.0,122.0,68.0,3258.05
2022-12-17,JP,Fukuoka,pm25,395,5.0,95.0,34.0,1561.21
2022-12-17,JP,Kumamoto,pm25,341,5.0,93.0,38.0,2435.59
2022-12-17,JP,Akita,pm25,35,5.0,70.0,21.0,2557.93
2022-12-17,JP,Kochi,pm25,48,9.0,57.0,38.0,1547.73
2022-12-17,JP,Gifu-shi,pm25,169,5.0,82.0,21.0,2148.74
2022-12-17,JP,Kyoto,pm25,576,5.0,85.0,42.0,2807.4
2022-12-17,JP,Hiroshima,pm25,270,5.0,59.0,25.0,1531.49
2022-12-17,JP,Shizuoka,pm25,229,5.0,87.0,25.0,1538.28
2022-12-17,JP,Chiba,pm25,670,5.0,142.0,46.0,9979.73
2022-12-17,JP,Sapporo,pm25,204,5.0,63.0,21.0,1511.92
2022-12-17,JP,Yokohama,pm25,407,1.0,70.0,21.0,2867.31
2022-12-17,JP,Tokyo,pm25,2461,1.0,107.0,38.0,5004.03
2022-12-17,JP,Saitama,pm25,489,5.0,137.0,53.0,6793.76
2022-12-17,JP,Naha,pm25,106,5.0,34.0,13.0,614.71
2022-12-17,JP,Nagasaki,pm25,181,5.0,70.0,25.0,1804.43
2022-12-17,JP,Toyama,pm25,135,5.0,59.0,17.0,1749.1
2022-12-17,JP,Niigata,pm25,189,5.0,38.0,13.0,404.33
2022-12-17,JP,Nara-shi,pm25,189,5.0,112.0,46.0,3483.69
2022-12-17,JP,Okayama,pm25,284,5.0,89.0,38.0,2238.74
2022-12-17,JP,Sendai,pm25,452,5.0,55.0,17.0,1315.23
2022-12-17,JP,Osaka,pm25,1355,5.0,147.0,42.0,2947.19
2022-12-17,JP,Miyazaki,pm25,137,5.0,117.0,34.0,2557.55
2022-12-17,JP,Matsuyama,pm25,137,5.0,63.0,30.0,2558.37
2022-12-17,JP,Wakayama,pm25,280,5.0,142.0,42.0,3212.5
2022-12-17,JP,Takamatsu,pm25,215,5.0,89.0,34.0,3042.85
2022-12-17,JP,Nagoya,pm25,776,5.0,109.0,34.0,2209.65
2022-12-17,JP,Ōita,pm25,230,5.0,70.0,25.0,1975.98
2022-12-17,JP,Kobe,pm25,423,9.0,76.0,34.0,1386.3
2022-12-17,JP,Nagano,pm25,51,5.0,38.0,13.0,566.83
2022-12-17,JP,Utsunomiya,pm25,24,5.0,99.0,61.0,9590.42
2022-12-17,JP,Kagoshima,pm25,96,13.0,63.0,34.0,1123.2
2022-12-17,SK,Košice,pm25,96,53.0,102.0,76.0,1013.76
2022-12-17,SK,Bratislava,pm25,96,61.0,119.0,93.0,2178.81
2022-12-17,FI,Vantaa,pm25,24,16.0,84.0,49.0,1826.5
2022-12-17,FI,Turku,pm25,24,7.0,59.0,18.0,1926.36
2022-12-17,FI,Helsinki,pm25,120,9.0,82.0,54.0,3033.14
2022-12-17,FI,Tampere,pm25,96,7.0,109.0,16.0,1991.57
2022-12-17,ET,Addis Ababa,pm25,24,57.0,139.0,70.0,4807.81
2022-12-17,CH,Zürich,pm25,46,2.0,6.0,3.0,7.0
2022-12-17,CO,Bogotá,pm25,334,1.0,160.0,59.0,9800.34
2022-12-17,CO,Medellín,pm25,263,34.0,89.0,63.0,1130.39
2022-12-17,DK,Copenhagen,pm25,24,37.0,64.0,52.0,568.62
2022-12-17,GB,Edinburgh,pm25,281,4.0,54.0,17.0,918.01
2022-12-17,GB,Norwich,pm25,20,57.0,73.0,68.0,228.29
2022-12-17,GB,Liverpool,pm25,47,25.0,85.0,42.0,2257.53
2022-12-17,GB,Belfast,pm25,60,25.0,162.0,46.0,6411.08
2022-12-17,GB,Coventry,pm25,68,54.0,82.0,68.0,578.85
2022-12-17,GB,Leeds,pm25,39,38.0,61.0,53.0,390.46
2022-12-17,GB,Cardiff,pm25,120,21.0,151.0,63.0,11801.6
2022-12-17,GB,Bristol,pm25,72,38.0,159.0,72.0,5718.78
2022-12-17,GB,London,pm25,502,11.0,168.0,68.0,10179.4
2022-12-17,GB,Birmingham,pm25,37,38.0,65.0,53.0,464.19
2022-12-17,GB,Sheffield,pm25,79,42.0,72.0,55.0,427.86
2022-12-17,GB,Newport,pm25,46,34.0,135.0,73.0,6201.18
2022-12-17,GB,Leicester,pm25,24,51.0,76.0,59.0,615.2
2022-12-17,GB,Manchester,pm25,85,28.0,87.0,53.0,2230.81
2022-12-17,GB,Reading,pm25,48,50.0,157.0,104.0,10751.0
2022-12-17,GB,Plymouth,pm25,45,42.0,273.0,68.0,25569.8
2022-12-17,GB,Glasgow,pm25,571,3.0,82.0,18.0,2189.01
2022-12-17,GB,Preston,pm25,47,32.0,95.0,43.0,1509.96
2022-12-17,GB,Swansea,pm25,190,5.0,65.0,25.0,2083.22
2022-12-17,GB,Southend-on-Sea,pm25,45,38.0,126.0,74.0,3680.73
2022-12-17,ID,Jakarta,pm25,71,37.0,162.0,132.0,12812.5
2022-12-17,ML,Bamako,pm25,24,55.0,249.0,134.0,26769.3
2022-12-17,NP,Kathmandu,pm25,72,114.0,183.0,157.0,2025.68
2022-12-17,NP,Biratnagar,pm25,38,94.0,323.0,158.0,33405.0
2022-12-17,AU,Sydney,pm25,142,1.0,42.0,14.0,708.9
2022-12-17,AU,Newcastle,pm25,130,1.0,46.0,19.0,838.37
2022-12-17,AU,Launceston,pm25,42,5.0,9.0,5.0,10.87
2022-12-17,AU,Hobart,pm25,26,5.0,13.0,5.0,50.46
2022-12-17,AU,Darwin,pm25,68,1.0,47.0,14.0,1181.89
2022-12-17,AU,Melbourne,pm25,157,1.0,49.0,18.0,1323.58
2022-12-17,AU,Canberra,pm25,64,2.0,29.0,11.0,467.26
2022-12-17,AU,Adelaide,pm25,87,3.0,62.0,17.0,1054.97
2022-12-17,AU,Brisbane,pm25,213,1.0,101.0,21.0,1381.34
2022-12-17,AU,Perth,pm25,89,2.0,48.0,7.0,425.75
2022-12-17,AU,Wollongong,pm25,41,1.0,56.0,15.0,2212.72
2022-12-17,CI,Abidjan,pm25,23,59.0,151.0,74.0,6750.55
2022-12-17,GH,Accra,pm25,24,68.0,137.0,80.0,3459.35
2022-12-17,IQ,Baghdad,pm25,24,114.0,158.0,151.0,2036.94
2022-12-17,IS,Reykjavík,pm25,96,2.0,22.0,11.0,153.65
2022-12-17,KG,Bishkek,pm25,24,82.0,262.0,155.0,19046.8
2022-12-17,NL,Utrecht,pm25,43,74.0,134.0,105.0,1980.0
2022-12-17,NL,Nijmegen,pm25,48,81.0,132.0,98.0,1178.56
2022-12-17,NL,Haarlem,pm25,144,36.0,154.0,105.0,5054.42
2022-12-17,NL,Eindhoven,pm25,24,98.0,131.0,115.0,698.84
2022-12-17,NL,Rotterdam,pm25,192,61.0,152.0,112.0,5273.4
2022-12-17,NL,Amsterdam,pm25,262,62.0,158.0,105.0,3544.53
2022-12-17,NL,Dordrecht,pm25,24,63.0,132.0,91.0,3459.98
2022-12-17,NL,Breda,pm25,48,65.0,159.0,93.0,3372.3
2022-12-17,NL,Groningen,pm25,48,61.0,106.0,89.0,1482.54
2022-12-17,NL,Maastricht,pm25,93,85.0,152.0,112.0,2226.99
2022-12-17,NL,The Hague,pm25,72,43.0,144.0,92.0,6142.2
2022-12-17,PT,Lisbon,pm25,61,11.0,57.0,33.0,2004.13
2022-12-17,PT,Funchal,pm25,44,1.0,35.0,11.0,1105.03
2022-12-17,CA,Hamilton,pm25,91,13.0,46.0,34.0,739.46
2022-12-17,CA,Calgary,pm25,77,3.0,55.0,16.0,1193.99
2022-12-17,CA,Winnipeg,pm25,9,16.0,16.0,16.0,0.0
2022-12-17,CA,Halifax,pm25,46,1.0,14.0,5.0,124.28
2022-12-17,CA,Kitchener,pm25,47,21.0,50.0,38.0,478.09
2022-12-17,CA,Edmonton,pm25,133,1.0,34.0,18.0,515.11
2022-12-17,CA,Surrey,pm25,96,12.0,58.0,32.0,1810.11
2022-12-17,CA,Mississauga,pm25,71,25.0,57.0,46.0,594.76
2022-12-17,CA,Québec,pm25,156,5.0,33.0,14.0,424.43
2022-12-17,CA,Vancouver,pm25,168,5.0,82.0,35.0,2879.79
2022-12-17,CA,Victoria,pm25,48,13.0,72.0,30.0,2334.68
2022-12-17,CA,Montréal,pm25,323,6.0,62.0,27.0,2757.3
2022-12-17,CA,Toronto,pm25,133,9.0,55.0,30.0,1645.46
2022-12-17,CA,Ottawa,pm25,67,13.0,51.0,25.0,1451.39
2022-12-17,CA,London,pm25,46,21.0,42.0,34.0,285.76
2022-12-17,US,Oklahoma City,pm25,96,6.0,91.0,19.0,2485.64
2022-12-17,US,Raleigh,pm25,71,9.0,66.0,27.0,1924.27
2022-12-17,US,Memphis,pm25,48,19.0,52.0,23.0,340.83
2022-12-17,US,Jackson,pm25,72,4.0,62.0,18.0,1610.13
2022-12-17,US,Boston,pm25,72,2.0,34.0,9.0,719.72
2022-12-17,US,Richmond,pm25,96,16.0,48.0,23.0,618.25
2022-12-17,US,Portland,pm25,192,31.0,99.0,59.0,2151.6
2022-12-17,US,Boise,pm25,24,8.0,43.0,23.0,875.05
2022-12-17,US,Austin,pm25,35,5.0,53.0,21.0,1403.14
2022-12-17,US,Honolulu,pm25,41,5.0,42.0,21.0,595.24
2022-12-17,US,Fresno,pm25,48,67.0,145.0,102.0,3610.19
2022-12-17,US,Milwaukee,pm25,144,18.0,52.0,30.0,565.45
2022-12-17,US,Hartford,pm25,48,1.0,41.0,17.0,1032.3
2022-12-17,US,Washington D.C.,pm25,92,5.0,48.0,23.0,777.87
2022-12-17,US,Chicago,pm25,240,3.0,48.0,29.0,835.4
2022-12-17,US,Houston,pm25,72,5.0,117.0,21.0,4971.69
2022-12-17,US,Indianapolis,pm25,142,8.0,69.0,28.0,848.77
2022-12-17,US,Atlanta,pm25,24,16.0,35.0,23.0,248.62
2022-12-17,US,Charlotte,pm25,70,5.0,38.0,21.0,430.0
2022-12-17,US,Sacramento,pm25,72,30.0,160.0,72.0,13297.7
2022-12-17,US,Oakland,pm25,96,13.0,87.0,55.0,2911.51
2022-12-17,US,Providence,pm25,62,5.0,30.0,13.0,395.54
2022-12-17,US,Staten Island,pm25,94,5.0,63.0,27.0,781.06
2022-12-17,US,Brooklyn,pm25,118,5.0,54.0,29.0,1042.26
2022-12-17,US,Springfield,pm25,48,13.0,28.0,21.0,137.41
2022-12-17,US,The Bronx,pm25,48,17.0,37.0,31.0,435.59
2022-12-17,US,San Jose,pm25,95,9.0,149.0,70.0,7089.36
2022-12-17,US,Los Angeles,pm25,48,14.0,112.0,43.0,3572.27
2022-12-17,US,Detroit,pm25,168,26.0,57.0,37.0,288.16
2022-12-17,US,Little Rock,pm25,43,2.0,31.0,18.0,507.25
2022-12-17,US,Baltimore,pm25,46,10.0,30.0,17.0,317.6
2022-12-17,US,Phoenix,pm25,189,1.0,164.0,30.0,13143.0
2022-12-17,US,Omaha,pm25,35,5.0,30.0,13.0,299.58
2022-12-17,US,El Paso,pm25,143,2.0,89.0,17.0,3496.65
2022-12-17,US,Dallas,pm25,21,13.0,76.0,21.0,3197.48
2022-12-17,US,Seattle,pm25,214,20.0,102.0,55.0,2852.76
2022-12-17,US,Manhattan,pm25,72,3.0,47.0,25.0,1012.32
2022-12-17,US,Miami,pm25,95,12.0,44.0,23.0,323.27
2022-12-17,US,Jacksonville,pm25,143,4.0,82.0,43.0,3498.82
2022-12-17,US,San Antonio,pm25,82,1.0,166.0,21.0,9155.15
2022-12-17,US,Philadelphia,pm25,95,5.0,99.0,33.0,1567.84
2022-12-17,US,San Diego,pm25,24,14.0,69.0,53.0,3451.23
2022-12-17,US,Columbus,pm25,48,9.0,41.0,25.0,576.58
2022-12-17,US,Saint Paul,pm25,139,5.0,33.0,18.0,285.95
2022-12-17,US,Denver,pm25,151,9.0,68.0,21.0,1996.55
2022-12-17,US,Salt Lake City,pm25,216,12.0,84.0,52.0,1824.46
2022-12-17,US,Albuquerque,pm25,24,11.0,60.0,15.0,1967.23
2022-12-17,US,San Francisco,pm25,69,9.0,154.0,50.0,4593.5
2022-12-17,US,Salem,pm25,72,26.0,127.0,58.0,3720.23
2022-12-17,US,Madison,pm25,48,19.0,29.0,23.0,56.8
2022-12-17,US,Nashville,pm25,64,5.0,34.0,20.0,475.4
2022-12-17,US,Tucson,pm25,164,5.0,91.0,34.0,4962.2
2022-12-17,US,Queens,pm25,95,13.0,52.0,32.0,737.25
2022-12-17,US,Tallahassee,pm25,71,9.0,82.0,37.0,3128.76
2022-12-17,US,Fort Worth,pm25,38,2.0,120.0,15.0,5746.15
2022-12-17,RS,Novi Sad,pm25,48,40.0,121.0,97.0,2752.55
2022-12-17,RS,Niš,pm25,48,38.0,175.0,75.0,13031.1
2022-12-17,RS,Belgrade,pm25,168,40.0,119.0,93.0,3197.9
2022-12-17,CY,Nicosia,pm25,24,51.0,164.0,87.0,10893.8
2022-12-17,CY,Limassol,pm25,24,57.0,128.0,70.0,4260.8
2022-12-17,HR,Zagreb,pm25,24,66.0,163.0,108.0,8419.11
2022-12-17,HR,Rijeka,pm25,65,3.0,84.0,14.0,3496.52
2022-12-17,MK,Skopje,pm25,24,37.0,156.0,92.0,11720.9
2022-12-18,GE,Tbilisi,pm25,96,65.0,130.0,74.0,3283.17
2022-12-18,JP,Fukuoka,pm25,386,5.0,65.0,21.0,1026.09
2022-12-18,JP,Kumamoto,pm25,307,5.0,172.0,25.0,3908.01
2022-12-18,JP,Akita,pm25,34,9.0,59.0,21.0,2344.71
2022-12-18,JP,Kochi,pm25,37,9.0,46.0,21.0,797.31
2022-12-18,JP,Gifu-shi,pm25,140,5.0,99.0,13.0,2784.06
2022-12-18,JP,Kyoto,pm25,539,5.0,53.0,21.0,1003.25
2022-12-18,JP,Hiroshima,pm25,245,5.0,61.0,17.0,1189.03
2022-12-18,JP,Shizuoka,pm25,179,5.0,65.0,13.0,634.11
2022-12-18,JP,Chiba,pm25,574,5.0,122.0,34.0,6787.69
2022-12-18,JP,Sapporo,pm25,194,5.0,53.0,17.0,874.33
2022-12-18,JP,Yokohama,pm25,365,1.0,65.0,17.0,3014.09
2022-12-18,JP,Tokyo,pm25,2206,1.0,91.0,21.0,3621.31
2022-12-18,JP,Saitama,pm25,412,5.0,104.0,25.0,6416.65
2022-12-18,JP,Naha,pm25,139,9.0,59.0,34.0,2241.82
2022-12-18,JP,Nagasaki,pm25,159,5.0,46.0,13.0,568.53
2022-12-18,JP,Toyama,pm25,120,5.0,53.0,13.0,689.24
2022-12-18,JP,Niigata,pm25,129,5.0,25.0,9.0,186.24
2022-12-18,JP,Nara-shi,pm25,181,5.0,42.0,17.0,704.49
2022-12-18,JP,Okayama,pm25,280,5.0,161.0,21.0,1448.24
2022-12-18,JP,Sendai,pm25,393,5.0,78.0,17.0,1501.65
2022-12-18,JP,Osaka,pm25,1190,5.0,63.0,17.0,724.4
2022-12-18,JP,Miyazaki,pm25,113,5.0,70.0,25.0,2075.97
2022-12-18,JP,Matsuyama,pm25,138,5.0,59.0,17.0,1368.37
2022-12-18,JP,Wakayama,pm25,262,5.0,68.0,17.0,1300.48
2022-12-18,JP,Takamatsu,pm25,183,5.0,38.0,13.0,555.33
2022-12-18,JP,Nagoya,pm25,641,1.0,59.0,13.0,847.83
2022-12-18,JP,Ōita,pm25,201,5.0,53.0,17.0,970.53
2022-12-18,JP,Kobe,pm25,404,5.0,72.0,21.0,799.49
2022-12-18,JP,Nagano,pm25,42,5.0,30.0,13.0,418.45
2022-12-18,JP,Utsunomiya,pm25,24,9.0,112.0,30.0,13986.9
2022-12-18,JP,Kagoshima,pm25,88,5.0,53.0,13.0,839.98
2022-12-18,SK,Košice,pm25,95,65.0,158.0,85.0,3251.44
2022-12-18,SK,Bratislava,pm25,96,53.0,134.0,85.0,4198.73
2022-12-18,FI,Vantaa,pm25,24,6.0,18.0,13.0,91.88
2022-12-18,FI,Turku,pm25,24,9.0,15.0,13.0,21.72
2022-12-18,FI,Helsinki,pm25,120,10.0,34.0,18.0,230.59
2022-12-18,FI,Tampere,pm25,96,4.0,31.0,12.0,381.88
2022-12-18,ET,Addis Ababa,pm25,24,34.0,154.0,61.0,8401.67
2022-12-18,CH,Zürich,pm25,43,2.0,5.0,3.0,9.22
2022-12-18,CO,Bogotá,pm25,322,9.0,149.0,59.0,4395.85
2022-12-18,CO,Medellín,pm25,317,42.0,109.0,72.0,2314.42
2022-12-18,DK,Copenhagen,pm25,24,25.0,40.0,32.0,141.45
2022-12-18,GB,Edinburgh,pm25,277,5.0,95.0,30.0,3538.37
2022-12-18,GB,Norwich,pm25,23,55.0,73.0,67.0,268.58
2022-12-18,GB,Liverpool,pm25,39,30.0,74.0,53.0,1508.92
2022-12-18,GB,Belfast,pm25,67,8.0,169.0,78.0,12035.3
2022-12-18,GB,Coventry,pm25,72,50.0,73.0,59.0,317.39
2022-12-18,GB,Leeds,pm25,43,42.0,99.0,70.0,1521.43
2022-12-18,GB,Cardiff,pm25,116,5.0,80.0,50.0,2751.63
2022-12-18,GB,Bristol,pm25,69,17.0,78.0,59.0,1927.22
2022-12-18,GB,London,pm25,505,5.0,114.0,59.0,5316.63
2022-12-18,GB,Birmingham,pm25,45,34.0,72.0,57.0,626.46
2022-12-18,GB,Sheffield,pm25,88,33.0,93.0,66.0,1232.07
2022-12-18,GB,Newport,pm25,46,7.0,70.0,50.0,4215.42
2022-12-18,GB,Leicester,pm25,22,52.0,81.0,66.0,635.76
2022-12-18,GB,Manchester,pm25,88,18.0,74.0,56.0,2503.9
2022-12-18,GB,Reading,pm25,47,9.0,102.0,53.0,7210.36
2022-12-18,GB,Plymouth,pm25,44,21.0,132.0,53.0,17122.5
2022-12-18,GB,Glasgow,pm25,572,8.0,69.0,26.0,2036.43
2022-12-18,GB,Preston,pm25,45,20.0,69.0,44.0,1603.16
2022-12-18,GB,Swansea,pm25,174,5.0,82.0,38.0,3270.42
2022-12-18,GB,Southend-on-Sea,pm25,47,23.0,88.0,63.0,1752.1
2022-12-18,ID,Jakarta,pm25,71,61.0,166.0,118.0,10011.4
2022-12-18,ML,Bamako,pm25,24,57.0,240.0,159.0,29263.9
2022-12-18,NP,Kathmandu,pm25,72,91.0,182.0,160.0,6148.66
2022-12-18,NP,Biratnagar,pm25,40,62.0,329.0,114.0,33366.3
2022-12-18,AU,Sydney,pm25,124,1.0,32.0,9.0,328.22
2022-12-18,AU,Newcastle,pm25,124,1.0,36.0,11.0,664.02
2022-12-18,AU,Launceston,pm25,63,5.0,13.0,5.0,51.61
2022-12-18,AU,Hobart,pm25,34,5.0,17.0,5.0,99.25
2022-12-18,AU,Darwin,pm25,63,2.0,37.0,10.0,970.23
2022-12-18,AU,Melbourne,pm25,138,1.0,38.0,12.0,666.36
2022-12-18,AU,Canberra,pm25,52,1.0,54.0,10.0,807.71
2022-12-18,AU,Adelaide,pm25,89,5.0,83.0,17.0,1216.08
2022-12-18,AU,Brisbane,pm25,214,2.0,53.0,20.0,676.57
2022-12-18,AU,Perth,pm25,88,2.0,12.0,6.0,58.31
2022-12-18,AU,Wollongong,pm25,36,1.0,55.0,10.0,1529.21
2022-12-18,CI,Abidjan,pm25,24,50.0,139.0,76.0,5400.22
2022-12-18,GH,Accra,pm25,24,61.0,95.0,74.0,1173.62
2022-12-18,IQ,Baghdad,pm25,24,102.0,194.0,152.0,6780.58
2022-12-18,IS,Reykjavík,pm25,96,6.0,53.0,11.0,894.17
2022-12-18,KG,Bishkek,pm25,24,137.0,335.0,168.0,45876.4
2022-12-18,NL,Utrecht,pm25,24,72.0,123.0,86.0,2006.67
2022-12-18,NL,Nijmegen,pm25,48,52.0,102.0,73.0,1810.62
2022-12-18,NL,Haarlem,pm25,144,57.0,151.0,82.0,3270.99
2022-12-18,NL,Eindhoven,pm25,24,70.0,103.0,83.0,788.68
2022-12-18,NL,Rotterdam,pm25,192,61.0,127.0,79.0,2462.77
2022-12-18,NL,Amsterdam,pm25,264,55.0,136.0,79.0,2566.49
2022-12-18,NL,Dordrecht,pm25,24,57.0,119.0,74.0,3026.01
2022-12-18,NL,Breda,pm25,48,58.0,122.0,73.0,2954.61
2022-12-18,NL,Groningen,pm25,48,37.0,122.0,72.0,6300.78
2022-12-18,NL,Maastricht,pm25,95,53.0,144.0,85.0,4781.46
2022-12-18,NL,The Hague,pm25,72,53.0,145.0,80.0,4293.08
2022-12-18,PT,Lisbon,pm25,95,12.0,58.0,30.0,1649.12
2022-12-18,PT,Funchal,pm25,50,1.0,92.0,10.0,4145.29
2022-12-18,CA,Hamilton,pm25,84,17.0,55.0,42.0,767.69
2022-12-18,CA,Calgary,pm25,92,8.0,31.0,19.0,220.05
2022-12-18,CA,Winnipeg,pm25,17,15.0,17.0,16.0,1.84
2022-12-18,CA,Halifax,pm25,46,5.0,21.0,13.0,133.94
2022-12-18,CA,Kitchener,pm25,42,25.0,55.0,46.0,579.75
2022-12-18,CA,Edmonton,pm25,133,2.0,64.0,13.0,1105.26
2022-12-18,CA,Surrey,pm25,87,2.0,52.0,8.0,1851.79
2022-12-18,CA,Mississauga,pm25,68,13.0,55.0,42.0,1332.09
2022-12-18,CA,Québec,pm25,169,5.0,69.0,31.0,3613.05
2022-12-18,CA,Vancouver,pm25,153,1.0,55.0,7.0,591.51
2022-12-18,CA,Victoria,pm25,40,5.0,65.0,17.0,2241.92
2022-12-18,CA,Montréal,pm25,432,24.0,64.0,47.0,814.42
2022-12-18,CA,Toronto,pm25,104,13.0,55.0,34.0,1564.79
2022-12-18,CA,Ottawa,pm25,67,20.0,56.0,40.0,892.6
2022-12-18,CA,London,pm25,44,30.0,53.0,42.0,378.11
2022-12-18,US,Oklahoma City,pm25,96,18.0,68.0,26.0,1181.64
2022-12-18,US,Raleigh,pm25,68,5.0,50.0,25.0,1375.66
2022-12-18,US,Memphis,pm25,48,13.0,59.0,24.0,1069.11
2022-12-18,US,Jackson,pm25,72,3.0,55.0,27.0,2369.86
2022-12-18,US,Boston,pm25,111,17.0,87.0,25.0,962.93
2022-12-18,US,Richmond,pm25,96,15.0,53.0,25.0,1387.05
2022-12-18,US,Portland,pm25,189,3.0,93.0,26.0,5023.62
2022-12-18,US,Boise,pm25,23,3.0,59.0,20.0,2734.19
2022-12-18,US,Austin,pm25,48,5.0,65.0,30.0,2902.96
2022-12-18,US,Honolulu,pm25,43,5.0,53.0,21.0,1194.47
2022-12-18,US,Fresno,pm25,48,51.0,102.0,75.0,1093.17
2022-12-18,US,Milwaukee,pm25,144,16.0,37.0,30.0,322.79
2022-12-18,US,Hartford,pm25,48,15.0,41.0,27.0,555.32
2022-12-18,US,Washington D.C.,pm25,94,5.0,53.0,25.0,1332.56
2022-12-18,US,Chicago,pm25,218,1.0,51.0,21.0,580.39
2022-12-18,US,Houston,pm25,70,5.0,91.0,28.0,5538.74
2022-12-18,US,Indianapolis,pm25,144,5.0,42.0,26.0,329.21
2022-12-18,US,Atlanta,pm25,24,19.0,48.0,23.0,650.36
2022-12-18,US,Charlotte,pm25,71,5.0,53.0,25.0,1236.26
2022-12-18,US,Sacramento,pm25,72,53.0,160.0,85.0,5885.19
2022-12-18,US,Oakland,pm25,102,21.0,117.0,70.0,3192.26
2022-12-18,US,Providence,pm25,68,5.0,42.0,21.0,475.79
2022-12-18,US,Staten Island,pm25,95,5.0,65.0,31.0,867.59
2022-12-18,US,Brooklyn,pm25,117,3.0,44.0,32.0,703.69
2022-12-18,US,Springfield,pm25,48,15.0,65.0,21.0,1154.36
2022-12-18,US,The Bronx,pm25,48,18.0,43.0,33.0,308.09
2022-12-18,US,San Jose,pm25,96,13.0,144.0,76.0,8032.63
2022-12-18,US,Los Angeles,pm25,48,21.0,154.0,57.0,7325.89
2022-12-18,US,Detroit,pm25,168,33.0,57.0,45.0,282.43
2022-12-18,US,Baltimore,pm25,48,5.0,38.0,17.0,365.49
2022-12-18,US,Phoenix,pm25,192,28.0,172.0,70.0,9242.8
2022-12-18,US,Omaha,pm25,48,5.0,42.0,21.0,668.07
2022-12-18,US,El Paso,pm25,132,3.0,71.0,17.0,3708.6
2022-12-18,US,Dallas,pm25,21,9.0,114.0,61.0,12607.9
2022-12-18,US,Seattle,pm25,203,4.0,51.0,19.0,774.15
2022-12-18,US,Manhattan,pm25,72,9.0,42.0,31.0,694.09
2022-12-18,US,Miami,pm25,89,16.0,44.0,31.0,343.59
2022-12-18,US,Jacksonville,pm25,144,8.0,70.0,28.0,1791.33
2022-12-18,US,San Antonio,pm25,92,1.0,128.0,28.0,4672.52
2022-12-18,US,Philadelphia,pm25,94,2.0,131.0,33.0,2185.96
2022-12-18,US,San Diego,pm25,24,35.0,110.0,52.0,2993.03
2022-12-18,US,Columbus,pm25,48,17.0,53.0,32.0,654.31
2022-12-18,US,Saint Paul,pm25,142,5.0,45.0,22.0,541.95
2022-12-18,US,Denver,pm25,160,9.0,99.0,30.0,2498.01
2022-12-18,US,Salt Lake City,pm25,216,10.0,112.0,65.0,5049.8
2022-12-18,US,Albuquerque,pm25,24,13.0,49.0,26.0,737.32
2022-12-18,US,San Francisco,pm25,72,30.0,109.0,63.0,2375.87
2022-12-18,US,Salem,pm25,72,13.0,57.0,22.0,1069.11
2022-12-18,US,Madison,pm25,48,21.0,34.0,23.0,51.98
2022-12-18,US,Nashville,pm25,62,5.0,56.0,21.0,1068.83
2022-12-18,US,Tucson,pm25,163,5.0,87.0,30.0,3780.3
2022-12-18,US,Queens,pm25,96,17.0,48.0,35.0,448.73
2022-12-18,US,Tallahassee,pm25,72,1.0,78.0,26.0,2110.14
2022-12-18,US,Fort Worth,pm25,42,3.0,120.0,25.0,11639.6
2022-12-18,RS,Novi Sad,pm25,48,78.0,171.0,102.0,7421.54
2022-12-18,RS,Niš,pm25,48,88.0,118.0,94.0,447.09
2022-12-18,RS,Belgrade,pm25,168,72.0,163.0,98.0,6490.53
2022-12-18,CY,Nicosia,pm25,24,24.0,154.0,55.0,13084.2
2022-12-18,CY,Limassol,pm25,24,19.0,96.0,58.0,4795.92
2022-12-18,HR,Zagreb,pm25,24,86.0,171.0,108.0,7156.5
2022-12-18,HR,Rijeka,pm25,70,28.0,84.0,43.0,1027.29
2022-12-18,MK,Skopje,pm25,28,47.0,91.0,75.0,1824.8
2022-12-19,GE,Tbilisi,pm25,96,49.0,170.0,68.0,16035.8
2022-12-19,JP,Fukuoka,pm25,389,5.0,68.0,25.0,2214.56
2022-12-19,JP,Kumamoto,pm25,328,5.0,76.0,30.0,2076.14
2022-12-19,JP,Akita,pm25,40,5.0,70.0,25.0,3096.82
2022-12-19,JP,Kochi,pm25,44,5.0,53.0,17.0,1010.33
2022-12-19,JP,Gifu-shi,pm25,155,5.0,76.0,17.0,2503.84
2022-12-19,JP,Kyoto,pm25,558,5.0,57.0,25.0,1124.37
2022-12-19,JP,Hiroshima,pm25,247,5.0,68.0,21.0,1394.39
2022-12-19,JP,Shizuoka,pm25,227,5.0,38.0,17.0,394.79
2022-12-19,JP,Chiba,pm25,624,5.0,124.0,21.0,2517.26
2022-12-19,JP,Sapporo,pm25,206,5.0,57.0,17.0,1316.99
2022-12-19,JP,Yokohama,pm25,441,1.0,59.0,17.0,1245.2
2022-12-19,JP,Tokyo,pm25,2367,1.0,89.0,17.0,1671.62
2022-12-19,JP,Saitama,pm25,457,5.0,65.0,21.0,1435.92
2022-12-19,JP,Naha,pm25,136,9.0,34.0,21.0,643.31
2022-12-19,JP,Nagasaki,pm25,182,5.0,68.0,21.0,1684.35
2022-12-19,JP,Toyama,pm25,121,5.0,46.0,13.0,682.87
2022-12-19,JP,Niigata,pm25,180,5.0,42.0,13.0,483.55
2022-12-19,JP,Nara-shi,pm25,184,5.0,42.0,17.0,702.57
2022-12-19,JP,Okayama,pm25,271,5.0,65.0,25.0,1308.81
2022-12-19,JP,Sendai,pm25,429,5.0,50.0,13.0,456.24
2022-12-19,JP,Osaka,pm25,1271,5.0,65.0,21.0,953.33
2022-12-19,JP,Miyazaki,pm25,116,5.0,109.0,25.0,1950.1
2022-12-19,JP,Matsuyama,pm25,135,5.0,59.0,17.0,1142.82
2022-12-19,JP,Wakayama,pm25,268,5.0,70.0,21.0,1323.4
2022-12-19,JP,Takamatsu,pm25,192,5.0,38.0,17.0,621.01
2022-12-19,JP,Nagoya,pm25,718,1.0,78.0,17.0,923.27
2022-12-19,JP,Ōita,pm25,213,5.0,53.0,17.0,1147.18
2022-12-19,JP,Kobe,pm25,399,5.0,53.0,25.0,765.03
2022-12-19,JP,Nagano,pm25,54,5.0,68.0,13.0,1222.63
2022-12-19,JP,Utsunomiya,pm25,11,5.0,34.0,25.0,1056.55
2022-12-19,JP,Kagoshima,pm25,92,5.0,55.0,21.0,981.6
2022-12-19,SK,Košice,pm25,96,68.0,152.0,104.0,2676.82
2022-12-19,SK,Bratislava,pm25,96,72.0,142.0,99.0,3652.39
2022-12-19,FI,Vantaa,pm25,24,8.0,52.0,15.0,1950.36
2022-12-19,FI,Turku,pm25,24,8.0,26.0,11.0,240.85
2022-12-19,FI,Helsinki,pm25,120,5.0,61.0,10.0,2971.73
2022-12-19,FI,Tampere,pm25,96,5.0,64.0,9.0,971.7
2022-12-19,ET,Addis Ababa,pm25,24,42.0,163.0,72.0,9101.72
2022-12-19,CH,Zürich,pm25,45,3.0,10.0,5.0,46.77
2022-12-19,CO,Bogotá,pm25,312,9.0,165.0,61.0,7111.58
2022-12-19,CO,Medellín,pm25,299,30.0,97.0,63.0,1407.45
2022-12-19,DK,Copenhagen,pm25,24,15.0,54.0,38.0,1803.32
2022-12-19,GB,Edinburgh,pm25,279,1.0,64.0,8.0,1385.43
2022-12-19,GB,Norwich,pm25,24,26.0,59.0,38.0,1212.16
2022-12-19,GB,Liverpool,pm25,46,13.0,50.0,25.0,1377.7
2022-12-19,GB,Belfast,pm25,57,10.0,55.0,21.0,1326.82
2022-12-19,GB,Coventry,pm25,71,5.0,50.0,17.0,1827.9
2022-12-19,GB,Leeds,pm25,45,21.0,70.0,53.0,1943.59
2022-12-19,GB,Cardiff,pm25,115,5.0,61.0,38.0,2231.51
2022-12-19,GB,Bristol,pm25,71,9.0,61.0,25.0,859.06
2022-12-19,GB,London,pm25,517,1.0,65.0,21.0,1492.19
2022-12-19,GB,Birmingham,pm25,48,6.0,50.0,17.0,1504.68
2022-12-19,GB,Sheffield,pm25,94,8.0,63.0,34.0,2847.78
2022-12-19,GB,Newport,pm25,44,7.0,27.0,17.0,372.32
2022-12-19,GB,Leicester,pm25,24,9.0,55.0,22.0,2163.46
2022-12-19,GB,Manchester,pm25,83,4.0,56.0,18.0,2406.88
2022-12-19,GB,Reading,pm25,43,5.0,50.0,9.0,762.14
2022-12-19,GB,Plymouth,pm25,40,5.0,95.0,59.0,5706.64
2022-12-19,GB,Glasgow,pm25,568,1.0,61.0,11.0,2156.31
2022-12-19,GB,Preston,pm25,44,7.0,50.0,13.0,1034.12
2022-12-19,GB,Swansea,pm25,171,5.0,95.0,25.0,3685.17
2022-12-19,GB,Southend-on-Sea,pm25,48,10.0,55.0,26.0,1527.76
2022-12-19,ID,Jakarta,pm25,71,69.0,186.0,142.0,11137.5
2022-12-19,ML,Bamako,pm25,2,172.0,191.0,172.0,1805.0
2022-12-19,NP,Kathmandu,pm25,72,57.0,189.0,155.0,11465.6
2022-12-19,NP,Biratnagar,pm25,37,62.0,277.0,86.0,32157.9
2022-12-19,AU,Sydney,pm25,142,1.0,55.0,24.0,827.6
2022-12-19,AU,Newcastle,pm25,134,2.0,71.0,26.0,1872.36
2022-12-19,AU,Launceston,pm25,71,5.0,72.0,9.0,668.39
2022-12-19,AU,Hobart,pm25,33,5.0,17.0,9.0,96.67
2022-12-19,AU,Darwin,pm25,59,1.0,29.0,8.0,486.34
2022-12-19,AU,Melbourne,pm25,144,1.0,52.0,22.0,1330.62
2022-12-19,AU,Canberra,pm25,69,5.0,55.0,22.0,1024.86
2022-12-19,AU,Adelaide,pm25,75,3.0,30.0,9.0,322.51
2022-12-19,AU,Brisbane,pm25,214,1.0,106.0,18.0,1221.87
2022-12-19,AU,Perth,pm25,89,2.0,15.0,6.0,60.41
2022-12-19,AU,Wollongong,pm25,48,6.0,48.0,30.0,723.93
2022-12-19,CI,Abidjan,pm25,24,42.0,159.0,70.0,7759.06
2022-12-19,GH,Accra,pm25,24,42.0,179.0,78.0,11671.0
2022-12-19,IQ,Baghdad,pm25,24,89.0,188.0,153.0,10118.3
2022-12-19,IS,Reykjavík,pm25,80,9.0,52.0,17.0,419.54
2022-12-19,KG,Bishkek,pm25,24,151.0,468.0,234.0,68007.2
2022-12-19,NL,Utrecht,pm25,30,10.0,96.0,35.0,5721.2
2022-12-19,NL,Nijmegen,pm25,35,3.0,95.0,33.0,8778.91
2022-12-19,NL,Haarlem,pm25,144,9.0,106.0,34.0,4234.37
2022-12-19,NL,Eindhoven,pm25,24,3.0,90.0,31.0,5953.84
2022-12-19,NL,Rotterdam,pm25,192,8.0,78.0,31.0,2423.14
2022-12-19,NL,Amsterdam,pm25,260,9.0,89.0,37.0,3025.68
2022-12-19,NL,Dordrecht,pm25,23,13.0,72.0,29.0,2277.55
2022-12-19,NL,Breda,pm25,48,2.0,75.0,21.0,3401.17
2022-12-19,NL,Groningen,pm25,48,8.0,85.0,33.0,5185.67
2022-12-19,NL,Maastricht,pm25,94,5.0,74.0,30.0,3563.19
2022-12-19,NL,The Hague,pm25,71,5.0,80.0,30.0,2893.37
2022-12-19,PT,Lisbon,pm25,88,14.0,56.0,22.0,1256.21
2022-12-19,PT,Funchal,pm25,57,1.0,22.0,6.0,409.47
2022-12-19,CA,Hamilton,pm25,82,5.0,55.0,21.0,2655.34
2022-12-19,CA,Calgary,pm25,89,8.0,38.0,15.0,474.88
2022-12-19,CA,Winnipeg,pm25,24,16.0,21.0,20.0,19.98
2022-12-19,CA,Halifax,pm25,46,1.0,17.0,4.0,188.87
2022-12-19,CA,Kitchener,pm25,43,9.0,55.0,21.0,2129.3
2022-12-19,CA,Edmonton,pm25,135,1.0,53.0,23.0,1327.2
2022-12-19,CA,Surrey,pm25,96,6.0,28.0,12.0,203.84
2022-12-19,CA,Mississauga,pm25,61,9.0,57.0,21.0,1925.28
2022-12-19,CA,Québec,pm25,185,7.0,62.0,27.0,1822.61
2022-12-19,CA,Vancouver,pm25,167,1.0,43.0,9.0,960.7
2022-12-19,CA,Victoria,pm25,46,5.0,38.0,21.0,662.18
2022-12-19,CA,Montréal,pm25,444,9.0,65.0,38.0,1815.28
2022-12-19,CA,Toronto,pm25,112,5.0,57.0,21.0,1792.95
2022-12-19,CA,Ottawa,pm25,58,16.0,42.0,31.0,775.79
2022-12-19,CA,London,pm25,44,17.0,50.0,30.0,1329.74
2022-12-19,US,Oklahoma City,pm25,96,16.0,70.0,22.0,890.63
2022-12-19,US,Raleigh,pm25,68,5.0,72.0,21.0,1480.43
2022-12-19,US,Memphis,pm25,48,16.0,48.0,20.0,678.14
2022-12-19,US,Jackson,pm25,70,1.0,62.0,21.0,925.67
2022-12-19,US,Boston,pm25,123,9.0,76.0,22.0,1091.7
2022-12-19,US,Richmond,pm25,96,20.0,50.0,26.0,594.09
2022-12-19,US,Portland,pm25,190,5.0,59.0,25.0,1074.86
2022-12-19,US,Boise,pm25,24,18.0,69.0,51.0,2050.85
2022-12-19,US,Austin,pm25,45,5.0,53.0,25.0,1792.19
2022-12-19,US,Honolulu,pm25,44,5.0,59.0,30.0,2311.52
2022-12-19,US,Fresno,pm25,48,50.0,115.0,73.0,4065.53
2022-12-19,US,Milwaukee,pm25,144,15.0,66.0,45.0,2061.81
2022-12-19,US,Hartford,pm25,48,11.0,37.0,18.0,567.55
2022-12-19,US,Washington D.C.,pm25,95,9.0,50.0,25.0,1001.04
2022-12-19,US,Chicago,pm25,228,6.0,93.0,36.0,2326.89
2022-12-19,US,Houston,pm25,70,5.0,42.0,22.0,682.82
2022-12-19,US,Indianapolis,pm25,144,11.0,84.0,35.0,2039.22
2022-12-19,US,Atlanta,pm25,24,24.0,48.0,36.0,441.29
2022-12-19,US,Charlotte,pm25,72,13.0,78.0,34.0,1705.76
2022-12-19,US,Sacramento,pm25,71,38.0,95.0,73.0,1134.51
2022-12-19,US,Oakland,pm25,118,42.0,112.0,65.0,1390.59
2022-12-19,US,Providence,pm25,64,5.0,34.0,17.0,480.45
2022-12-19,US,Staten Island,pm25,93,5.0,42.0,28.0,655.12
2022-12-19,US,Brooklyn,pm25,134,1.0,60.0,30.0,1237.18
2022-12-19,US,Springfield,pm25,48,20.0,50.0,27.0,378.68
2022-12-19,US,The Bronx,pm25,48,20.0,60.0,33.0,1138.05
2022-12-19,US,San Jose,pm25,93,30.0,152.0,74.0,6205.25
2022-12-19,US,Los Angeles,pm25,48,45.0,149.0,75.0,6031.9
2022-12-19,US,Detroit,pm25,168,32.0,62.0,45.0,368.62
2022-12-19,US,Baltimore,pm25,47,12.0,46.0,21.0,639.89
2022-12-19,US,Phoenix,pm25,192,13.0,152.0,70.0,8429.74
2022-12-19,US,Omaha,pm25,48,5.0,46.0,21.0,1078.79
2022-12-19,US,El Paso,pm25,163,5.0,152.0,25.0,6266.1
2022-12-19,US,Dallas,pm25,21,5.0,46.0,21.0,1534.9
2022-12-19,US,Seattle,pm25,204,8.0,65.0,30.0,1837.57
2022-12-19,US,Manhattan,pm25,67,5.0,35.0,27.0,568.62
2022-12-19,US,Miami,pm25,83,20.0,38.0,25.0,181.46
2022-12-19,US,Jacksonville,pm25,135,2.0,65.0,34.0,878.76
2022-12-19,US,San Antonio,pm25,91,2.0,64.0,24.0,1557.13
2022-12-19,US,Philadelphia,pm25,93,3.0,81.0,30.0,1717.86
2022-12-19,US,San Diego,pm25,24,22.0,79.0,55.0,2794.71
2022-12-19,US,Columbus,pm25,39,16.0,62.0,35.0,1043.01
2022-12-19,US,Saint Paul,pm25,139,21.0,67.0,38.0,488.6
2022-12-19,US,Denver,pm25,153,5.0,61.0,30.0,1704.14
2022-12-19,US,Salt Lake City,pm25,216,18.0,147.0,82.0,8564.98
2022-12-19,US,Albuquerque,pm25,24,13.0,39.0,19.0,486.88
2022-12-19,US,San Francisco,pm25,72,57.0,104.0,76.0,1074.45
2022-12-19,US,Salem,pm25,72,15.0,75.0,27.0,3082.75
2022-12-19,US,Madison,pm25,48,25.0,66.0,45.0,1454.45
2022-12-19,US,Nashville,pm25,70,5.0,77.0,26.0,2741.26
2022-12-19,US,Tucson,pm25,161,5.0,78.0,34.0,2449.55
2022-12-19,US,Queens,pm25,96,18.0,45.0,31.0,338.95
2022-12-19,US,Tallahassee,pm25,69,17.0,77.0,35.0,1770.77
2022-12-19,US,Fort Worth,pm25,45,5.0,56.0,21.0,1823.56
2022-12-19,RS,Novi Sad,pm25,48,68.0,157.0,133.0,9274.88
2022-12-19,RS,Niš,pm25,48,71.0,186.0,100.0,14744.3
2022-12-19,RS,Belgrade,pm25,168,65.0,155.0,99.0,6839.98
2022-12-19,CY,Nicosia,pm25,24,45.0,151.0,77.0,8545.63
2022-12-19,CY,Limassol,pm25,22,15.0,111.0,60.0,6182.27
2022-12-19,HR,Zagreb,pm25,24,104.0,178.0,119.0,4542.54
2022-12-19,HR,Rijeka,pm25,66,37.0,93.0,52.0,1235.4
2022-12-19,MK,Skopje,pm25,120,61.0,214.0,100.0,12687.3
2022-12-20,GE,Tbilisi,pm25,96,24.0,168.0,39.0,22220.5
2022-12-20,JP,Fukuoka,pm25,400,5.0,91.0,50.0,1190.67
2022-12-20,JP,Kumamoto,pm25,355,5.0,104.0,53.0,2910.85
2022-12-20,JP,Akita,pm25,40,5.0,89.0,25.0,4575.79
2022-12-20,JP,Kochi,pm25,47,5.0,59.0,30.0,1831.49
2022-12-20,JP,Gifu-shi,pm25,160,5.0,61.0,21.0,2060.87
2022-12-20,JP,Kyoto,pm25,578,5.0,70.0,34.0,1449.37
2022-12-20,JP,Hiroshima,pm25,275,5.0,132.0,30.0,2284.38
2022-12-20,JP,Shizuoka,pm25,236,5.0,57.0,17.0,762.11
2022-12-20,JP,Chiba,pm25,738,5.0,104.0,34.0,3209.96
2022-12-20,JP,Sapporo,pm25,211,5.0,65.0,25.0,1739.73
2022-12-20,JP,Yokohama,pm25,520,1.0,89.0,25.0,2224.44
2022-12-20,JP,Tokyo,pm25,2476,1.0,97.0,34.0,2566.95
2022-12-20,JP,Saitama,pm25,479,1.0,102.0,30.0,2677.31
2022-12-20,JP,Naha,pm25,136,5.0,46.0,13.0,604.08
2022-12-20,JP,Nagasaki,pm25,181,13.0,63.0,46.0,1175.92
2022-12-20,JP,Toyama,pm25,146,5.0,72.0,17.0,1867.39
2022-12-20,JP,Niigata,pm25,189,5.0,53.0,13.0,450.95
2022-12-20,JP,Nara-shi,pm25,189,9.0,68.0,38.0,1472.96
2022-12-20,JP,Okayama,pm25,272,9.0,151.0,42.0,2333.11
2022-12-20,JP,Sendai,pm25,423,5.0,50.0,17.0,723.55
2022-12-20,JP,Osaka,pm25,1394,5.0,97.0,34.0,1865.4
2022-12-20,JP,Miyazaki,pm25,136,5.0,97.0,46.0,2922.3
2022-12-20,JP,Matsuyama,pm25,132,5.0,76.0,34.0,3068.54
2022-12-20,JP,Wakayama,pm25,285,5.0,102.0,34.0,1455.87
2022-12-20,JP,Takamatsu,pm25,236,5.0,74.0,34.0,2102.07
2022-12-20,JP,Nagoya,pm25,774,5.0,85.0,25.0,1762.18
2022-12-20,JP,Ōita,pm25,257,5.0,63.0,34.0,1783.73
2022-12-20,JP,Kobe,pm25,420,5.0,80.0,38.0,1458.15
2022-12-20,JP,Nagano,pm25,60,5.0,46.0,21.0,758.43
2022-12-20,JP,Kagoshima,pm25,95,25.0,61.0,46.0,668.19
2022-12-20,SK,Košice,pm25,96,68.0,149.0,97.0,2212.84
2022-12-20,SK,Bratislava,pm25,96,42.0,147.0,91.0,5532.52
2022-12-20,FI,Vantaa,pm25,24,22.0,58.0,48.0,1201.58
2022-12-20,FI,Turku,pm25,24,6.0,38.0,14.0,1159.06
2022-12-20,FI,Helsinki,pm25,120,25.0,75.0,56.0,1313.09
2022-12-20,FI,Tampere,pm25,96,5.0,63.0,39.0,3140.52
2022-12-20,ET,Addis Ababa,pm25,24,30.0,192.0,72.0,15743.4
2022-12-20,CH,Zürich,pm25,48,3.0,11.0,7.0,52.02
2022-12-20,CO,Bogotá,pm25,303,5.0,160.0,59.0,8957.74
2022-12-20,CO,Medellín,pm25,237,32.0,100.0,65.0,1310.79
2022-12-20,DK,Copenhagen,pm25,24,20.0,44.0,33.0,397.66
2022-12-20,GB,Edinburgh,pm25,278,5.0,53.0,25.0,750.27
2022-12-20,GB,Norwich,pm25,20,21.0,53.0,29.0,1202.0
2022-12-20,GB,Liverpool,pm25,44,11.0,47.0,25.0,930.88
2022-12-20,GB,Belfast,pm25,52,17.0,47.0,30.0,307.85
2022-12-20,GB,Coventry,pm25,64,4.0,52.0,32.0,2311.82
2022-12-20,GB,Leeds,pm25,41,13.0,55.0,31.0,1217.01
2022-12-20,GB,Cardiff,pm25,134,5.0,72.0,42.0,2256.21
2022-12-20,GB,Bristol,pm25,67,5.0,59.0,38.0,2628.95
2022-12-20,GB,London,pm25,492,4.0,160.0,30.0,3713.85
2022-12-20,GB,Birmingham,pm25,40,2.0,50.0,34.0,1966.77
2022-12-20,GB,Sheffield,pm25,85,2.0,51.0,26.0,1555.83
2022-12-20,GB,Newport,pm25,43,3.0,55.0,42.0,2809.03
2022-12-20,GB,Leicester,pm25,21,3.0,79.0,36.0,4247.62
2022-12-20,GB,Manchester,pm25,71,10.0,62.0,34.0,2503.96
2022-12-20,GB,Reading,pm25,43,5.0,55.0,13.0,2316.42
2022-12-20,GB,Plymouth,pm25,41,13.0,69.0,53.0,3755.38
2022-12-20,GB,Glasgow,pm25,566,12.0,51.0,28.0,307.58
2022-12-20,GB,Preston,pm25,47,9.0,45.0,28.0,1168.25
2022-12-20,GB,Swansea,pm25,159,5.0,89.0,38.0,3163.39
2022-12-20,GB,Southend-on-Sea,pm25,44,3.0,57.0,26.0,1776.22
2022-12-20,ID,Jakarta,pm25,71,2.0,180.0,93.0,24829.6
2022-12-20,ML,Bamako,pm25,6,70.0,179.0,127.0,21373.7
2022-12-20,NP,Kathmandu,pm25,72,68.0,187.0,134.0,10347.7
2022-12-20,NP,Biratnagar,pm25,38,73.0,401.0,103.0,61113.8
2022-12-20,AU,Sydney,pm25,141,1.0,41.0,17.0,621.12
2022-12-20,AU,Newcastle,pm25,130,1.0,43.0,20.0,805.33
2022-12-20,AU,Launceston,pm25,67,5.0,13.0,5.0,33.07
2022-12-20,AU,Hobart,pm25,31,5.0,17.0,5.0,81.89
2022-12-20,AU,Darwin,pm25,64,2.0,39.0,16.0,908.15
2022-12-20,AU,Melbourne,pm25,166,1.0,65.0,25.0,1581.87
2022-12-20,AU,Canberra,pm25,70,2.0,45.0,19.0,954.35
2022-12-20,AU,Adelaide,pm25,78,2.0,64.0,13.0,1487.95
2022-12-20,AU,Brisbane,pm25,216,2.0,53.0,25.0,1445.76
2022-12-20,AU,Perth,pm25,88,2.0,14.0,7.0,80.41
2022-12-20,AU,Wollongong,pm25,43,1.0,44.0,13.0,814.15
2022-12-20,CI,Abidjan,pm25,24,55.0,93.0,72.0,1305.05
2022-12-20,GH,Accra,pm25,24,53.0,124.0,78.0,2814.33
2022-12-20,IQ,Baghdad,pm25,24,85.0,280.0,159.0,13690.7
2022-12-20,IS,Reykjavík,pm25,86,8.0,36.0,15.0,282.0
2022-12-20,KG,Bishkek,pm25,24,68.0,245.0,89.0,44190.3
2022-12-20,NL,Utrecht,pm25,47,3.0,59.0,24.0,2264.05
2022-12-20,NL,Nijmegen,pm25,20,1.0,28.0,12.0,496.08
2022-12-20,NL,Haarlem,pm25,144,8.0,73.0,26.0,1841.18
2022-12-20,NL,Eindhoven,pm25,24,3.0,52.0,16.0,1246.07
2022-12-20,NL,Rotterdam,pm25,191,6.0,79.0,25.0,1885.87
2022-12-20,NL,Amsterdam,pm25,262,1.0,68.0,32.0,1577.83
2022-12-20,NL,Dordrecht,pm25,24,5.0,52.0,17.0,1260.8
2022-12-20,NL,Breda,pm25,41,1.0,48.0,13.0,1669.38
2022-12-20,NL,Groningen,pm25,47,4.0,48.0,17.0,1069.22
2022-12-20,NL,Maastricht,pm25,89,5.0,34.0,17.0,436.99
2022-12-20,NL,The Hague,pm25,66,2.0,60.0,27.0,1898.84
2022-12-20,PT,Lisbon,pm25,94,10.0,45.0,18.0,850.26
2022-12-20,PT,Funchal,pm25,57,1.0,40.0,20.0,1307.05
2022-12-20,CA,Hamilton,pm25,88,9.0,61.0,30.0,2279.65
2022-12-20,CA,Calgary,pm25,80,18.0,70.0,30.0,833.34
2022-12-20,CA,Winnipeg,pm25,23,18.0,29.0,20.0,44.31
2022-12-20,CA,Halifax,pm25,46,1.0,20.0,10.0,435.75
2022-12-20,CA,Kitchener,pm25,47,9.0,65.0,38.0,2396.45
2022-12-20,CA,Edmonton,pm25,138,9.0,97.0,36.0,1835.26
2022-12-20,CA,Surrey,pm25,96,10.0,47.0,14.0,788.26
2022-12-20,CA,Mississauga,pm25,67,13.0,72.0,30.0,2516.77
2022-12-20,CA,Québec,pm25,181,7.0,56.0,18.0,975.16
2022-12-20,CA,Vancouver,pm25,168,2.0,34.0,17.0,622.66
2022-12-20,CA,Victoria,pm25,46,5.0,38.0,21.0,743.85
2022-12-20,CA,Montréal,pm25,408,9.0,56.0,31.0,1292.46
2022-12-20,CA,Toronto,pm25,117,5.0,70.0,30.0,2535.2
2022-12-20,CA,Ottawa,pm25,50,17.0,30.0,25.0,108.9
2022-12-20,CA,London,pm25,48,25.0,63.0,53.0,1307.19
2022-12-20,US,Oklahoma City,pm25,95,18.0,62.0,52.0,2131.85
2022-12-20,US,Raleigh,pm25,67,9.0,71.0,37.0,1745.8
2022-12-20,US,Memphis,pm25,48,22.0,52.0,34.0,509.77
2022-12-20,US,Jackson,pm25,71,1.0,46.0,19.0,643.02
2022-12-20,US,Boston,pm25,110,13.0,70.0,21.0,897.01
2022-12-20,US,Richmond,pm25,96,26.0,68.0,46.0,1081.26
2022-12-20,US,Portland,pm25,190,2.0,54.0,22.0,1067.22
2022-12-20,US,Boise,pm25,24,20.0,107.0,81.0,4687.37
2022-12-20,US,Austin,pm25,45,5.0,55.0,25.0,1552.55
2022-12-20,US,Honolulu,pm25,47,5.0,50.0,30.0,1263.03
2022-12-20,US,Fresno,pm25,48,45.0,130.0,89.0,3653.97
2022-12-20,US,Milwaukee,pm25,143,27.0,69.0,53.0,863.67
2022-12-20,US,Hartford,pm25,47,11.0,25.0,14.0,112.58
2022-12-20,US,Washington D.C.,pm25,96,5.0,80.0,40.0,3001.23
2022-12-20,US,Chicago,pm25,226,26.0,73.0,54.0,745.8
2022-12-20,US,Houston,pm25,73,2.0,35.0,14.0,689.58
2022-12-20,US,Indianapolis,pm25,142,21.0,98.0,55.0,1509.13
2022-12-20,US,Atlanta,pm25,24,23.0,39.0,32.0,347.83
2022-12-20,US,Charlotte,pm25,72,21.0,78.0,46.0,1669.48
2022-12-20,US,Sacramento,pm25,71,52.0,95.0,74.0,1325.28
2022-12-20,US,Oakland,pm25,109,38.0,112.0,72.0,1920.7
2022-12-20,US,Providence,pm25,67,5.0,46.0,17.0,701.85
2022-12-20,US,Staten Island,pm25,90,5.0,142.0,25.0,2735.1
2022-12-20,US,Brooklyn,pm25,140,1.0,77.0,25.0,1493.12
2022-12-20,US,Springfield,pm25,48,26.0,63.0,36.0,1053.29
2022-12-20,US,The Bronx,pm25,48,14.0,77.0,31.0,1928.01
2022-12-20,US,San Jose,pm25,94,17.0,129.0,74.0,4703.81
2022-12-20,US,Los Angeles,pm25,48,18.0,122.0,61.0,5278.87
2022-12-20,US,Detroit,pm25,168,51.0,104.0,71.0,1069.37
2022-12-20,US,Baltimore,pm25,47,11.0,57.0,20.0,1773.57
2022-12-20,US,Phoenix,pm25,191,16.0,152.0,61.0,7057.14
2022-12-20,US,Omaha,pm25,45,5.0,61.0,30.0,2095.98
2022-12-20,US,El Paso,pm25,163,1.0,149.0,30.0,3952.4
2022-12-20,US,Dallas,pm25,23,17.0,50.0,25.0,840.4
2022-12-20,US,Seattle,pm25,210,5.0,65.0,30.0,1890.98
2022-12-20,US,Manhattan,pm25,68,5.0,35.0,24.0,686.15
2022-12-20,US,Miami,pm25,95,21.0,41.0,28.0,210.77
2022-12-20,US,Jacksonville,pm25,143,8.0,55.0,28.0,882.51
2022-12-20,US,San Antonio,pm25,85,4.0,46.0,21.0,914.96
2022-12-20,US,Philadelphia,pm25,94,2.0,62.0,28.0,1535.46
2022-12-20,US,San Diego,pm25,24,19.0,84.0,62.0,3835.92
2022-12-20,US,Columbus,pm25,23,57.0,88.0,62.0,696.96
2022-12-20,US,Saint Paul,pm25,142,17.0,53.0,25.0,601.73
2022-12-20,US,Denver,pm25,156,5.0,82.0,25.0,4344.6
2022-12-20,US,Salt Lake City,pm25,216,8.0,138.0,80.0,9527.81
2022-12-20,US,Albuquerque,pm25,21,13.0,55.0,18.0,1504.48
2022-12-20,US,San Francisco,pm25,69,50.0,139.0,74.0,2753.72
2022-12-20,US,Salem,pm25,72,10.0,75.0,18.0,3007.25
2022-12-20,US,Madison,pm25,47,24.0,58.0,45.0,838.53
2022-12-20,US,Nashville,pm25,67,5.0,56.0,45.0,1317.26
2022-12-20,US,Tucson,pm25,164,5.0,91.0,34.0,3375.27
2022-12-20,US,Queens,pm25,96,13.0,48.0,26.0,631.6
2022-12-20,US,Tallahassee,pm25,71,7.0,65.0,24.0,1525.82
2022-12-20,US,Fort Worth,pm25,45,2.0,62.0,21.0,1879.22
2022-12-20,RS,Novi Sad,pm25,48,63.0,178.0,75.0,17474.0
2022-12-20,RS,Niš,pm25,48,59.0,182.0,139.0,14069.9
2022-12-20,RS,Belgrade,pm25,168,57.0,136.0,73.0,2949.89
2022-12-20,CY,Nicosia,pm25,24,37.0,147.0,62.0,5789.11
2022-12-20,CY,Limassol,pm25,23,23.0,105.0,68.0,4041.46
2022-12-20,HR,Zagreb,pm25,23,82.0,132.0,94.0,2453.0
2022-12-20,HR,Rijeka,pm25,67,19.0,145.0,56.0,9828.22
2022-12-20,MK,Skopje,pm25,120,58.0,220.0,148.0,10403.7
2022-12-21,GE,Tbilisi,pm25,96,22.0,83.0,35.0,2414.84
2022-12-21,JP,Fukuoka,pm25,401,5.0,95.0,50.0,2600.79
2022-12-21,JP,Kumamoto,pm25,350,5.0,82.0,55.0,2769.14
2022-12-21,JP,Akita,pm25,36,9.0,70.0,30.0,1815.71
2022-12-21,JP,Kochi,pm25,48,13.0,59.0,34.0,1697.59
2022-12-21,JP,Gifu-shi,pm25,150,5.0,76.0,21.0,1875.19
2022-12-21,JP,Kyoto,pm25,544,5.0,76.0,46.0,1534.95
2022-12-21,JP,Hiroshima,pm25,283,5.0,74.0,38.0,2327.8
2022-12-21,JP,Shizuoka,pm25,245,5.0,61.0,21.0,1172.18
2022-12-21,JP,Chiba,pm25,786,5.0,127.0,57.0,3986.83
2022-12-21,JP,Sapporo,pm25,210,5.0,61.0,25.0,1644.64
2022-12-21,JP,Yokohama,pm25,537,1.0,72.0,30.0,2579.17
2022-12-21,JP,Tokyo,pm25,2424,1.0,119.0,42.0,4268.6
2022-12-21,JP,Saitama,pm25,496,5.0,153.0,50.0,5061.39
2022-12-21,JP,Naha,pm25,140,5.0,34.0,21.0,394.9
2022-12-21,JP,Nagasaki,pm25,183,5.0,68.0,38.0,1817.88
2022-12-21,JP,Toyama,pm25,137,5.0,68.0,21.0,2574.23
2022-12-21,JP,Niigata,pm25,195,5.0,102.0,21.0,3135.55
2022-12-21,JP,Nara-shi,pm25,192,9.0,65.0,38.0,1493.8
2022-12-21,JP,Okayama,pm25,271,13.0,89.0,53.0,1155.92
2022-12-21,JP,Sendai,pm25,433,5.0,53.0,21.0,904.17
2022-12-21,JP,Osaka,pm25,1384,5.0,122.0,46.0,2253.79
2022-12-21,JP,Miyazaki,pm25,136,5.0,155.0,50.0,4112.82
2022-12-21,JP,Matsuyama,pm25,141,5.0,149.0,38.0,3991.16
2022-12-21,JP,Wakayama,pm25,280,9.0,87.0,34.0,2123.93
2022-12-21,JP,Takamatsu,pm25,239,5.0,153.0,34.0,2282.76
2022-12-21,JP,Nagoya,pm25,772,5.0,112.0,38.0,2520.82
2022-12-21,JP,Ōita,pm25,240,5.0,85.0,42.0,3276.94
2022-12-21,JP,Kobe,pm25,417,9.0,78.0,42.0,1317.7
2022-12-21,JP,Nagano,pm25,58,5.0,53.0,21.0,1408.79
2022-12-21,JP,Kagoshima,pm25,95,5.0,59.0,42.0,2177.79
2022-12-21,SK,Košice,pm25,92,85.0,149.0,117.0,2496.01
2022-12-21,SK,Bratislava,pm25,95,30.0,155.0,99.0,9013.77
2022-12-21,FI,Vantaa,pm25,24,1.0,24.0,8.0,247.54
2022-12-21,FI,Turku,pm25,24,1.0,21.0,7.0,346.36
2022-12-21,FI,Helsinki,pm25,120,4.0,32.0,13.0,440.81
2022-12-21,FI,Tampere,pm25,96,1.0,74.0,5.0,1996.21
2022-12-21,ET,Addis Ababa,pm25,24,50.0,162.0,74.0,5845.63
2022-12-21,CH,Zürich,pm25,48,1.0,10.0,3.0,18.99
2022-12-21,CO,Bogotá,pm25,326,5.0,160.0,70.0,9879.85
2022-12-21,CO,Medellín,pm25,253,42.0,123.0,74.0,2269.22
2022-12-21,DK,Copenhagen,pm25,24,14.0,54.0,26.0,690.85
2022-12-21,GB,Edinburgh,pm25,284,5.0,109.0,19.0,882.64
2022-12-21,GB,Norwich,pm25,21,30.0,59.0,43.0,592.48
2022-12-21,GB,Liverpool,pm25,39,17.0,46.0,26.0,460.42
2022-12-21,GB,Belfast,pm25,45,18.0,47.0,30.0,460.45
2022-12-21,GB,Coventry,pm25,55,8.0,65.0,30.0,717.41
2022-12-21,GB,Leeds,pm25,33,25.0,57.0,38.0,968.64
2022-12-21,GB,Cardiff,pm25,144,5.0,76.0,38.0,3650.0
2022-12-21,GB,Bristol,pm25,65,21.0,63.0,38.0,1394.34
2022-12-21,GB,London,pm25,482,5.0,77.0,34.0,2271.87
2022-12-21,GB,Birmingham,pm25,35,15.0,45.0,30.0,459.97
2022-12-21,GB,Sheffield,pm25,63,21.0,71.0,30.0,891.49
2022-12-21,GB,Newport,pm25,48,5.0,74.0,21.0,4601.97
2022-12-21,GB,Leicester,pm25,16,21.0,45.0,30.0,333.29
2022-12-21,GB,Manchester,pm25,73,6.0,62.0,38.0,2753.23
2022-12-21,GB,Reading,pm25,44,5.0,55.0,17.0,2112.22
2022-12-21,GB,Plymouth,pm25,36,9.0,159.0,46.0,10733.6
2022-12-21,GB,Glasgow,pm25,567,8.0,70.0,23.0,310.14
2022-12-21,GB,Preston,pm25,31,6.0,43.0,30.0,767.18
2022-12-21,GB,Swansea,pm25,192,5.0,95.0,25.0,3799.16
2022-12-21,GB,Southend-on-Sea,pm25,37,9.0,60.0,37.0,1722.78
2022-12-21,ID,Jakarta,pm25,71,61.0,147.0,101.0,6199.35
2022-12-21,ML,Bamako,pm25,24,55.0,180.0,97.0,11045.6
2022-12-21,NP,Kathmandu,pm25,72,76.0,197.0,151.0,8133.22
2022-12-21,NP,Biratnagar,pm25,27,84.0,170.0,105.0,5021.03
2022-12-21,AU,Sydney,pm25,125,1.0,49.0,9.0,543.04
2022-12-21,AU,Newcastle,pm25,119,1.0,46.0,13.0,953.95
2022-12-21,AU,Launceston,pm25,54,5.0,57.0,5.0,509.69
2022-12-21,AU,Hobart,pm25,35,5.0,9.0,5.0,37.11
2022-12-21,AU,Darwin,pm25,62,1.0,34.0,10.0,648.83
2022-12-21,AU,Melbourne,pm25,158,2.0,61.0,24.0,1980.73
2022-12-21,AU,Canberra,pm25,69,1.0,41.0,16.0,1048.03
2022-12-21,AU,Adelaide,pm25,82,2.0,68.0,17.0,1438.85
2022-12-21,AU,Brisbane,pm25,215,1.0,52.0,21.0,849.71
2022-12-21,AU,Perth,pm25,92,2.0,16.0,8.0,99.04
2022-12-21,AU,Wollongong,pm25,40,2.0,54.0,12.0,1475.07
2022-12-21,CI,Abidjan,pm25,23,42.0,156.0,78.0,8940.79
2022-12-21,GH,Accra,pm25,24,55.0,122.0,82.0,2854.71
2022-12-21,IQ,Baghdad,pm25,24,107.0,219.0,164.0,6937.1
2022-12-21,IS,Reykjavík,pm25,96,8.0,57.0,13.0,1362.88
2022-12-21,KG,Bishkek,pm25,23,21.0,155.0,76.0,16287.7
2022-12-21,NL,Utrecht,pm25,31,21.0,72.0,45.0,2594.06
2022-12-21,NL,Nijmegen,pm25,36,9.0,68.0,35.0,2379.3
2022-12-21,NL,Haarlem,pm25,141,2.0,106.0,39.0,4086.58
2022-12-21,NL,Eindhoven,pm25,24,9.0,52.0,24.0,1204.35
2022-12-21,NL,Rotterdam,pm25,192,22.0,91.0,55.0,929.11
2022-12-21,NL,Amsterdam,pm25,261,6.0,80.0,47.0,2147.1
2022-12-21,NL,Dordrecht,pm25,24,26.0,63.0,46.0,1107.83
2022-12-21,NL,Breda,pm25,48,19.0,64.0,46.0,1894.46
2022-12-21,NL,Groningen,pm25,48,1.0,59.0,34.0,2810.21
2022-12-21,NL,Maastricht,pm25,92,5.0,42.0,17.0,700.49
2022-12-21,NL,The Hague,pm25,72,6.0,72.0,50.0,2268.26
2022-12-21,PT,Lisbon,pm25,85,9.0,39.0,17.0,405.58
2022-12-21,PT,Funchal,pm25,56,1.0,54.0,23.0,2192.4
2022-12-21,CA,Hamilton,pm25,93,30.0,85.0,59.0,1987.18
2022-12-21,CA,Calgary,pm25,92,6.0,55.0,22.0,922.03
2022-12-21,CA,Winnipeg,pm25,23,16.0,31.0,17.0,111.34
2022-12-21,CA,Halifax,pm25,45,15.0,45.0,21.0,513.01
2022-12-21,CA,Kitchener,pm25,47,38.0,82.0,57.0,1579.53
2022-12-21,CA,Edmonton,pm25,137,15.0,155.0,30.0,2028.15
2022-12-21,CA,Surrey,pm25,96,6.0,47.0,15.0,437.55
2022-12-21,CA,Mississauga,pm25,66,25.0,82.0,55.0,2079.86
2022-12-21,CA,Québec,pm25,189,9.0,66.0,47.0,1981.64
2022-12-21,CA,Vancouver,pm25,160,1.0,45.0,13.0,694.21
2022-12-21,CA,Victoria,pm25,44,5.0,34.0,17.0,587.59
2022-12-21,CA,Montréal,pm25,461,12.0,108.0,33.0,1843.23
2022-12-21,CA,Toronto,pm25,113,17.0,76.0,53.0,2642.06
2022-12-21,CA,Ottawa,pm25,69,17.0,55.0,31.0,1202.83
2022-12-21,CA,London,pm25,46,50.0,82.0,65.0,993.61
2022-12-21,US,Oklahoma City,pm25,96,36.0,91.0,59.0,1027.26
2022-12-21,US,Raleigh,pm25,72,9.0,63.0,35.0,1689.76
2022-12-21,US,Memphis,pm25,70,16.0,63.0,45.0,1328.04
2022-12-21,US,Jackson,pm25,68,3.0,51.0,30.0,1634.41
2022-12-21,US,Boston,pm25,118,9.0,85.0,34.0,1493.83
2022-12-21,US,Richmond,pm25,96,28.0,71.0,51.0,1970.3
2022-12-21,US,Portland,pm25,190,3.0,66.0,18.0,600.57
2022-12-21,US,Boise,pm25,24,7.0,73.0,23.0,4376.5
2022-12-21,US,Austin,pm25,48,25.0,70.0,50.0,859.5
2022-12-21,US,Honolulu,pm25,45,5.0,42.0,25.0,927.49
2022-12-21,US,Fresno,pm25,48,38.0,115.0,62.0,3219.5
2022-12-21,US,Milwaukee,pm25,143,27.0,82.0,42.0,2102.78
2022-12-21,US,Hartford,pm25,47,22.0,59.0,32.0,1168.98
2022-12-21,US,Washington D.C.,pm25,93,25.0,70.0,54.0,1081.94
2022-12-21,US,Chicago,pm25,232,16.0,92.0,55.0,3080.47
2022-12-21,US,Houston,pm25,94,2.0,88.0,38.0,4017.36
2022-12-21,US,Indianapolis,pm25,143,48.0,137.0,76.0,1708.95
2022-12-21,US,Atlanta,pm25,24,21.0,42.0,27.0,495.63
2022-12-21,US,Charlotte,pm25,72,21.0,61.0,38.0,1148.92
2022-12-21,US,Sacramento,pm25,62,38.0,110.0,81.0,3433.34
2022-12-21,US,Oakland,pm25,105,13.0,97.0,65.0,2338.62
2022-12-21,US,Providence,pm25,72,5.0,104.0,34.0,3383.05
2022-12-21,US,Staten Island,pm25,94,5.0,89.0,41.0,2415.98
2022-12-21,US,Brooklyn,pm25,144,6.0,159.0,38.0,3996.79
2022-12-21,US,Springfield,pm25,47,44.0,73.0,60.0,515.34
2022-12-21,US,The Bronx,pm25,48,26.0,159.0,41.0,7028.07
2022-12-21,US,San Jose,pm25,82,17.0,112.0,70.0,4975.08
2022-12-21,US,Los Angeles,pm25,43,38.0,99.0,64.0,2857.01
2022-12-21,US,Detroit,pm25,165,62.0,119.0,78.0,921.5
2022-12-21,US,Little Rock,pm25,46,11.0,72.0,33.0,1047.03
2022-12-21,US,Baltimore,pm25,48,17.0,74.0,36.0,2222.44
2022-12-21,US,Phoenix,pm25,192,13.0,118.0,63.0,5144.71
2022-12-21,US,Omaha,pm25,48,30.0,78.0,55.0,1305.6
2022-12-21,US,El Paso,pm25,163,5.0,100.0,21.0,4494.63
2022-12-21,US,Dallas,pm25,24,34.0,102.0,53.0,2240.85
2022-12-21,US,Seattle,pm25,215,8.0,51.0,23.0,908.31
2022-12-21,US,Manhattan,pm25,72,13.0,65.0,42.0,2077.08
2022-12-21,US,Miami,pm25,93,12.0,34.0,22.0,271.64
2022-12-21,US,Jacksonville,pm25,142,3.0,52.0,24.0,1326.74
2022-12-21,US,San Antonio,pm25,96,15.0,72.0,47.0,1426.63
2022-12-21,US,Philadelphia,pm25,78,17.0,73.0,44.0,2302.85
2022-12-21,US,San Diego,pm25,24,22.0,76.0,61.0,2445.63
2022-12-21,US,Columbus,pm25,24,58.0,101.0,73.0,958.19
2022-12-21,US,Saint Paul,pm25,144,13.0,55.0,35.0,449.98
2022-12-21,US,Denver,pm25,158,5.0,127.0,25.0,5621.47
2022-12-21,US,Salt Lake City,pm25,216,3.0,124.0,21.0,7966.27
2022-12-21,US,Albuquerque,pm25,24,7.0,25.0,13.0,206.88
2022-12-21,US,San Francisco,pm25,72,30.0,93.0,65.0,1359.0
2022-12-21,US,Salem,pm25,72,10.0,32.0,18.0,298.64
2022-12-21,US,Madison,pm25,48,28.0,71.0,42.0,1570.48
2022-12-21,US,Nashville,pm25,71,9.0,74.0,42.0,2371.41
2022-12-21,US,Tucson,pm25,148,5.0,87.0,38.0,5004.85
2022-12-21,US,Queens,pm25,95,3.0,74.0,41.0,2121.16
2022-12-21,US,Tallahassee,pm25,71,3.0,41.0,18.0,814.51
2022-12-21,US,Fort Worth,pm25,48,9.0,65.0,52.0,1008.65
2022-12-21,RS,Novi Sad,pm25,48,140.0,242.0,163.0,4485.0
2022-12-21,RS,Niš,pm25,48,74.0,201.0,160.0,10516.4
2022-12-21,RS,Belgrade,pm25,168,69.0,253.0,154.0,11073.9
2022-12-21,CY,Nicosia,pm25,20,18.0,83.0,44.0,2519.89
2022-12-21,CY,Limassol,pm25,24,23.0,119.0,42.0,7631.23
2022-12-21,HR,Zagreb,pm25,23,76.0,160.0,119.0,9885.38
2022-12-21,HR,Rijeka,pm25,64,74.0,162.0,105.0,4517.1
2022-12-21,MK,Skopje,pm25,50,116.0,254.0,166.0,6204.18
2022-12-22,GE,Tbilisi,pm25,96,43.0,142.0,74.0,7498.73
2022-12-22,JP,Fukuoka,pm25,394,5.0,87.0,38.0,3071.35
2022-12-22,JP,Kumamoto,pm25,339,5.0,241.0,42.0,5164.93
2022-12-22,JP,Akita,pm25,29,5.0,63.0,25.0,1652.19
2022-12-22,JP,Kochi,pm25,45,5.0,59.0,25.0,1796.64
2022-12-22,JP,Gifu-shi,pm25,151,5.0,65.0,21.0,2193.06
2022-12-22,JP,Kyoto,pm25,529,5.0,63.0,34.0,1648.26
2022-12-22,JP,Hiroshima,pm25,259,5.0,61.0,25.0,2036.17
2022-12-22,JP,Shizuoka,pm25,226,5.0,42.0,13.0,688.18
2022-12-22,JP,Chiba,pm25,718,5.0,139.0,53.0,7322.76
2022-12-22,JP,Sapporo,pm25,206,5.0,55.0,25.0,1534.28
2022-12-22,JP,Yokohama,pm25,483,1.0,76.0,25.0,3775.72
2022-12-22,JP,Tokyo,pm25,2297,5.0,114.0,42.0,4155.42
2022-12-22,JP,Saitama,pm25,468,5.0,95.0,38.0,3609.74
2022-12-22,JP,Naha,pm25,144,30.0,80.0,65.0,685.86
2022-12-22,JP,Nagasaki,pm25,186,5.0,76.0,25.0,2938.01
2022-12-22,JP,Toyama,pm25,147,5.0,74.0,25.0,2856.45
2022-12-22,JP,Niigata,pm25,208,5.0,72.0,30.0,1874.83
2022-12-22,JP,Nara-shi,pm25,188,5.0,61.0,30.0,1567.05
2022-12-22,JP,Okayama,pm25,267,5.0,97.0,38.0,2810.9
2022-12-22,JP,Sendai,pm25,402,5.0,42.0,17.0,607.89
2022-12-22,JP,Osaka,pm25,1330,5.0,87.0,30.0,2265.05
2022-12-22,JP,Miyazaki,pm25,127,5.0,149.0,25.0,5218.13
2022-12-22,JP,Matsuyama,pm25,145,5.0,76.0,30.0,2689.91
2022-12-22,JP,Wakayama,pm25,281,5.0,99.0,30.0,2254.62
2022-12-22,JP,Takamatsu,pm25,219,5.0,68.0,30.0,2369.82
2022-12-22,JP,Nagoya,pm25,717,5.0,70.0,25.0,2194.41
2022-12-22,JP,Ōita,pm25,221,5.0,68.0,25.0,2654.95
2022-12-22,JP,Kobe,pm25,408,5.0,65.0,30.0,1758.44
2022-12-22,JP,Nagano,pm25,60,5.0,38.0,17.0,904.01
2022-12-22,JP,Kagoshima,pm25,96,5.0,63.0,21.0,2089.54
2022-12-22,SK,Košice,pm25,96,109.0,157.0,144.0,1842.36
2022-12-22,SK,Bratislava,pm25,96,13.0,151.0,93.0,9891.47
2022-12-22,FI,Vantaa,pm25,24,5.0,26.0,15.0,277.39
2022-12-22,FI,Turku,pm25,24,7.0,14.0,10.0,31.88
2022-12-22,FI,Helsinki,pm25,120,8.0,40.0,18.0,540.92
2022-12-22,FI,Tampere,pm25,96,3.0,27.0,8.0,354.1
2022-12-22,ET,Addis Ababa,pm25,24,38.0,151.0,74.0,8117.37
2022-12-22,CH,Zürich,pm25,31,1.0,4.0,1.0,9.03
2022-12-22,CO,Bogotá,pm25,336,13.0,157.0,61.0,5725.88
2022-12-22,CO,Medellín,pm25,265,42.0,114.0,74.0,1482.17
2022-12-22,DK,Copenhagen,pm25,24,28.0,43.0,35.0,137.81
2022-12-22,GB,Edinburgh,pm25,286,4.0,82.0,18.0,2559.57
2022-12-22,GB,Norwich,pm25,20,30.0,71.0,40.0,1830.11
2022-12-22,GB,Liverpool,pm25,41,17.0,69.0,50.0,2635.22
2022-12-22,GB,Belfast,pm25,57,25.0,67.0,36.0,797.45
2022-12-22,GB,Coventry,pm25,65,21.0,57.0,30.0,956.65
2022-12-22,GB,Leeds,pm25,44,25.0,82.0,57.0,1726.78
2022-12-22,GB,Cardiff,pm25,136,5.0,65.0,38.0,3526.59
2022-12-22,GB,Bristol,pm25,61,17.0,78.0,38.0,1630.97
2022-12-22,GB,London,pm25,501,5.0,74.0,38.0,2011.8
2022-12-22,GB,Birmingham,pm25,48,21.0,58.0,33.0,823.72
2022-12-22,GB,Sheffield,pm25,90,21.0,87.0,52.0,2803.18
2022-12-22,GB,Newport,pm25,46,7.0,55.0,13.0,2428.76
2022-12-22,GB,Leicester,pm25,24,17.0,62.0,30.0,1273.46
2022-12-22,GB,Manchester,pm25,79,30.0,76.0,52.0,1341.27
2022-12-22,GB,Reading,pm25,48,9.0,42.0,17.0,838.71
2022-12-22,GB,Plymouth,pm25,39,17.0,90.0,53.0,2471.78
2022-12-22,GB,Glasgow,pm25,571,7.0,70.0,20.0,1330.03
2022-12-22,GB,Preston,pm25,34,25.0,72.0,40.0,2124.32
2022-12-22,GB,Swansea,pm25,168,5.0,85.0,21.0,3325.23
2022-12-22,GB,Southend-on-Sea,pm25,40,19.0,83.0,42.0,1675.38
2022-12-22,ID,Jakarta,pm25,71,9.0,127.0,61.0,6079.88
2022-12-22,ML,Bamako,pm25,24,85.0,168.0,114.0,6625.05
2022-12-22,NP,Kathmandu,pm25,72,70.0,179.0,152.0,6873.71
2022-12-22,NP,Biratnagar,pm25,31,59.0,247.0,91.0,29894.7
2022-12-22,AU,Sydney,pm25,134,1.0,30.0,10.0,390.92
2022-12-22,AU,Newcastle,pm25,119,1.0,56.0,17.0,1295.52
2022-12-22,AU,Launceston,pm25,52,5.0,25.0,5.0,166.52
2022-12-22,AU,Hobart,pm25,52,5.0,17.0,9.0,102.5
2022-12-22,AU,Darwin,pm25,53,1.0,34.0,12.0,684.75
2022-12-22,AU,Melbourne,pm25,163,3.0,60.0,28.0,1795.7
2022-12-22,AU,Canberra,pm25,71,1.0,54.0,18.0,1045.82
2022-12-22,AU,Adelaide,pm25,96,13.0,56.0,30.0,943.05
2022-12-22,AU,Brisbane,pm25,214,1.0,46.0,16.0,581.02
2022-12-22,AU,Perth,pm25,85,3.0,16.0,7.0,81.23
2022-12-22,AU,Wollongong,pm25,40,1.0,54.0,13.0,1059.46
2022-12-22,CI,Abidjan,pm25,24,57.0,159.0,95.0,6683.75
2022-12-22,GH,Accra,pm25,24,65.0,114.0,80.0,1753.26
2022-12-22,IQ,Baghdad,pm25,24,68.0,170.0,102.0,8992.1
2022-12-22,IS,Reykjavík,pm25,96,6.0,45.0,11.0,271.18
2022-12-22,KG,Bishkek,pm25,24,68.0,191.0,114.0,18341.1
2022-12-22,NL,Utrecht,pm25,24,5.0,58.0,34.0,2192.59
2022-12-22,NL,Nijmegen,pm25,47,4.0,59.0,22.0,2538.87
2022-12-22,NL,Haarlem,pm25,139,2.0,84.0,45.0,4331.63
2022-12-22,NL,Eindhoven,pm25,21,3.0,54.0,31.0,1616.62
2022-12-22,NL,Rotterdam,pm25,191,12.0,74.0,50.0,2069.88
2022-12-22,NL,Amsterdam,pm25,259,1.0,99.0,47.0,3441.63
2022-12-22,NL,Dordrecht,pm25,24,25.0,59.0,46.0,1515.0
2022-12-22,NL,Breda,pm25,48,8.0,58.0,31.0,1380.78
2022-12-22,NL,Groningen,pm25,48,4.0,63.0,30.0,3323.62
2022-12-22,NL,Maastricht,pm25,68,5.0,53.0,17.0,1397.13
2022-12-22,NL,The Hague,pm25,65,7.0,68.0,33.0,3008.9
2022-12-22,PT,Lisbon,pm25,89,13.0,49.0,25.0,968.21
2022-12-22,PT,Funchal,pm25,62,1.0,54.0,13.0,1348.43
2022-12-22,CA,Hamilton,pm25,92,17.0,99.0,57.0,6219.58
2022-12-22,CA,Calgary,pm25,91,1.0,159.0,15.0,2993.37
2022-12-22,CA,Winnipeg,pm25,21,15.0,18.0,15.0,7.57
2022-12-22,CA,Halifax,pm25,46,11.0,49.0,22.0,833.99
2022-12-22,CA,Kitchener,pm25,48,17.0,76.0,57.0,3956.17
2022-12-22,CA,Edmonton,pm25,138,11.0,157.0,41.0,5039.38
2022-12-22,CA,Surrey,pm25,75,5.0,30.0,18.0,453.06
2022-12-22,CA,Mississauga,pm25,70,17.0,70.0,50.0,2003.66
2022-12-22,CA,Québec,pm25,177,7.0,58.0,31.0,1384.41
2022-12-22,CA,Vancouver,pm25,147,1.0,44.0,17.0,1012.44
2022-12-22,CA,Victoria,pm25,47,5.0,122.0,21.0,3197.63
2022-12-22,CA,Montréal,pm25,472,12.0,110.0,38.0,1431.75
2022-12-22,CA,Toronto,pm25,140,5.0,80.0,38.0,2753.88
2022-12-22,CA,Ottawa,pm25,72,22.0,54.0,38.0,749.34
2022-12-22,CA,London,pm25,48,9.0,82.0,38.0,5577.76
2022-12-22,US,Oklahoma City,pm25,95,15.0,68.0,28.0,2533.68
2022-12-22,US,Raleigh,pm25,67,3.0,46.0,17.0,977.57
2022-12-22,US,Memphis,pm25,72,8.0,50.0,18.0,1135.11
2022-12-22,US,Jackson,pm25,72,5.0,45.0,19.0,700.81
2022-12-22,US,Boston,pm25,136,13.0,99.0,42.0,2538.32
2022-12-22,US,Richmond,pm25,96,6.0,63.0,21.0,2342.36
2022-12-22,US,Portland,pm25,185,2.0,34.0,16.0,256.21
2022-12-22,US,Boise,pm25,22,3.0,35.0,10.0,527.19
2022-12-22,US,Austin,pm25,39,5.0,85.0,55.0,4571.43
2022-12-22,US,Honolulu,pm25,48,5.0,42.0,17.0,766.56
2022-12-22,US,Fresno,pm25,48,35.0,118.0,74.0,4439.25
2022-12-22,US,Milwaukee,pm25,144,17.0,98.0,67.0,7241.1
2022-12-22,US,Hartford,pm25,48,15.0,132.0,52.0,2488.23
2022-12-22,US,Washington D.C.,pm25,93,5.0,65.0,38.0,3534.18
2022-12-22,US,Chicago,pm25,232,11.0,101.0,69.0,4935.41
2022-12-22,US,Houston,pm25,93,5.0,119.0,50.0,4452.3
2022-12-22,US,Indianapolis,pm25,144,17.0,96.0,54.0,3133.05
2022-12-22,US,Atlanta,pm25,24,17.0,45.0,32.0,591.29
2022-12-22,US,Charlotte,pm25,67,2.0,35.0,17.0,697.04
2022-12-22,US,Sacramento,pm25,69,68.0,124.0,89.0,2206.74
2022-12-22,US,Oakland,pm25,120,17.0,134.0,74.0,4890.82
2022-12-22,US,Providence,pm25,70,5.0,97.0,34.0,7492.97
2022-12-22,US,Staten Island,pm25,81,2.0,82.0,57.0,4593.78
2022-12-22,US,Brooklyn,pm25,136,3.0,82.0,35.0,3437.03
2022-12-22,US,Springfield,pm25,48,23.0,70.0,57.0,3428.68
2022-12-22,US,The Bronx,pm25,31,3.0,72.0,52.0,3936.65
2022-12-22,US,San Jose,pm25,82,30.0,107.0,72.0,2553.12
2022-12-22,US,Los Angeles,pm25,46,31.0,109.0,68.0,4374.77
2022-12-22,US,Detroit,pm25,168,37.0,97.0,58.0,1479.4
2022-12-22,US,Little Rock,pm25,46,14.0,53.0,27.0,1141.11
2022-12-22,US,Baltimore,pm25,41,5.0,68.0,38.0,2995.4
2022-12-22,US,Phoenix,pm25,188,13.0,151.0,69.0,6515.32
2022-12-22,US,Omaha,pm25,43,5.0,76.0,25.0,1691.18
2022-12-22,US,El Paso,pm25,133,3.0,91.0,25.0,4312.62
2022-12-22,US,Dallas,pm25,23,13.0,72.0,38.0,3176.01
2022-12-22,US,Seattle,pm25,222,4.0,55.0,21.0,1075.94
2022-12-22,US,Manhattan,pm25,66,2.0,73.0,52.0,3667.24
2022-12-22,US,Miami,pm25,94,10.0,69.0,24.0,900.3
2022-12-22,US,Jacksonville,pm25,144,5.0,62.0,21.0,1291.17
2022-12-22,US,San Antonio,pm25,93,5.0,80.0,46.0,2515.86
2022-12-22,US,Philadelphia,pm25,95,4.0,73.0,43.0,3159.89
2022-12-22,US,San Diego,pm25,24,29.0,84.0,56.0,1476.79
2022-12-22,US,Columbus,pm25,31,5.0,69.0,37.0,2304.06
2022-12-22,US,Saint Paul,pm25,138,5.0,41.0,21.0,486.91
2022-12-22,US,Denver,pm25,138,5.0,63.0,21.0,1022.58
2022-12-22,US,Salt Lake City,pm25,206,3.0,124.0,14.0,1875.26
2022-12-22,US,Albuquerque,pm25,24,6.0,15.0,8.0,31.88
2022-12-22,US,San Francisco,pm25,72,59.0,174.0,91.0,3010.04
2022-12-22,US,Salem,pm25,72,12.0,23.0,17.0,78.58
2022-12-22,US,Madison,pm25,48,20.0,86.0,45.0,5779.41
2022-12-22,US,Nashville,pm25,65,5.0,55.0,24.0,1181.16
2022-12-22,US,Tucson,pm25,155,5.0,114.0,38.0,4099.98
2022-12-22,US,Queens,pm25,88,1.0,72.0,34.0,2724.82
2022-12-22,US,Tallahassee,pm25,68,1.0,59.0,16.0,1441.72
2022-12-22,US,Fort Worth,pm25,38,4.0,68.0,25.0,5225.01
2022-12-22,RS,Novi Sad,pm25,44,154.0,196.0,167.0,1311.6
2022-12-22,RS,Niš,pm25,47,125.0,265.0,164.0,10348.0
2022-12-22,RS,Belgrade,pm25,168,61.0,214.0,174.0,2745.95
2022-12-22,CY,Nicosia,pm25,24,44.0,94.0,73.0,2546.67
2022-12-22,CY,Limassol,pm25,24,49.0,96.0,74.0,1376.94
2022-12-22,HR,Zagreb,pm25,24,99.0,175.0,160.0,6524.28
2022-12-22,HR,Rijeka,pm25,68,39.0,102.0,71.0,1456.98
2022-12-22,MK,Skopje,pm25,72,145.0,261.0,169.0,6295.09
2022-12-23,GE,Tbilisi,pm25,96,56.0,155.0,97.0,11215.0
2022-12-23,JP,Fukuoka,pm25,387,5.0,63.0,30.0,1048.36
2022-12-23,JP,Kumamoto,pm25,307,5.0,360.0,21.0,10565.5
2022-12-23,JP,Akita,pm25,45,5.0,82.0,30.0,3931.18
2022-12-23,JP,Kochi,pm25,41,5.0,53.0,17.0,1141.44
2022-12-23,JP,Gifu-shi,pm25,150,5.0,68.0,17.0,2450.93
2022-12-23,JP,Kyoto,pm25,544,5.0,72.0,25.0,3162.09
2022-12-23,JP,Hiroshima,pm25,286,5.0,70.0,25.0,2628.87
2022-12-23,JP,Shizuoka,pm25,228,5.0,59.0,21.0,1351.79
2022-12-23,JP,Chiba,pm25,637,5.0,63.0,13.0,1324.84
2022-12-23,JP,Sapporo,pm25,167,5.0,42.0,13.0,671.91
2022-12-23,JP,Yokohama,pm25,477,1.0,46.0,17.0,902.15
2022-12-23,JP,Tokyo,pm25,2233,1.0,59.0,17.0,843.44
2022-12-23,JP,Saitama,pm25,436,5.0,59.0,21.0,1187.08
2022-12-23,JP,Naha,pm25,143,5.0,50.0,34.0,1075.58
2022-12-23,JP,Nagasaki,pm25,173,5.0,46.0,17.0,689.55
2022-12-23,JP,Toyama,pm25,122,5.0,57.0,13.0,781.33
2022-12-23,JP,Niigata,pm25,176,5.0,46.0,13.0,857.57
2022-12-23,JP,Nara-shi,pm25,170,5.0,61.0,21.0,2659.77
2022-12-23,JP,Okayama,pm25,283,5.0,76.0,34.0,3296.29
2022-12-23,JP,Sendai,pm25,338,5.0,53.0,13.0,921.39
2022-12-23,JP,Osaka,pm25,1268,5.0,85.0,21.0,2930.1
2022-12-23,JP,Miyazaki,pm25,119,5.0,63.0,17.0,1603.14
2022-12-23,JP,Matsuyama,pm25,140,5.0,74.0,30.0,2980.96
2022-12-23,JP,Wakayama,pm25,273,5.0,80.0,25.0,2972.69
2022-12-23,JP,Takamatsu,pm25,183,5.0,59.0,17.0,1863.05
2022-12-23,JP,Nagoya,pm25,689,5.0,63.0,21.0,2352.55
2022-12-23,JP,Ōita,pm25,212,5.0,55.0,17.0,1346.22
2022-12-23,JP,Kobe,pm25,406,5.0,72.0,25.0,2966.75
2022-12-23,JP,Nagano,pm25,44,5.0,34.0,13.0,524.31
2022-12-23,JP,Kagoshima,pm25,87,5.0,30.0,13.0,388.81
2022-12-23,SK,Košice,pm25,96,63.0,161.0,114.0,5986.09
2022-12-23,SK,Bratislava,pm25,96,25.0,129.0,74.0,5268.8
2022-12-23,FI,Vantaa,pm25,24,8.0,20.0,12.0,100.87
2022-12-23,FI,Turku,pm25,24,3.0,30.0,10.0,499.06
2022-12-23,FI,Helsinki,pm25,119,2.0,35.0,20.0,692.98
2022-12-23,FI,Tampere,pm25,96,2.0,75.0,6.0,1677.86
2022-12-23,ET,Addis Ababa,pm25,2,57.0,57.0,57.0,0.0
2022-12-23,CH,Zürich,pm25,27,1.0,2.0,1.0,0.71
2022-12-23,CO,Bogotá,pm25,335,17.0,175.0,70.0,9922.63
2022-12-23,CO,Medellín,pm25,245,42.0,109.0,74.0,1750.82
2022-12-23,DK,Copenhagen,pm25,24,10.0,60.0,22.0,1316.23
2022-12-23,GB,Edinburgh,pm25,267,1.0,72.0,11.0,1716.49
2022-12-23,GB,Norwich,pm25,14,24.0,48.0,38.0,461.32
2022-12-23,GB,Liverpool,pm25,44,46.0,78.0,53.0,424.65
2022-12-23,GB,Belfast,pm25,66,12.0,87.0,50.0,1654.14
2022-12-23,GB,Coventry,pm25,49,38.0,67.0,46.0,822.35
2022-12-23,GB,Leeds,pm25,30,50.0,62.0,57.0,111.31
2022-12-23,GB,Cardiff,pm25,140,5.0,68.0,34.0,2944.67
2022-12-23,GB,Bristol,pm25,70,13.0,61.0,34.0,1494.33
2022-12-23,GB,London,pm25,512,1.0,68.0,25.0,2077.96
2022-12-23,GB,Birmingham,pm25,37,38.0,63.0,46.0,656.4
2022-12-23,GB,Sheffield,pm25,91,39.0,74.0,55.0,432.94
2022-12-23,GB,Newport,pm25,46,8.0,58.0,24.0,2132.66
2022-12-23,GB,Leicester,pm25,17,34.0,59.0,47.0,855.07
2022-12-23,GB,Manchester,pm25,84,10.0,76.0,47.0,3857.61
2022-12-23,GB,Reading,pm25,47,5.0,42.0,17.0,1071.92
2022-12-23,GB,Plymouth,pm25,39,9.0,73.0,50.0,4813.05
2022-12-23,GB,Glasgow,pm25,571,3.0,54.0,14.0,898.8
2022-12-23,GB,Preston,pm25,46,9.0,75.0,51.0,2897.6
2022-12-23,GB,Swansea,pm25,153,5.0,89.0,30.0,3470.28
2022-12-23,GB,Southend-on-Sea,pm25,41,7.0,53.0,21.0,1550.26
2022-12-23,ID,Jakarta,pm25,70,5.0,144.0,55.0,9542.21
2022-12-23,ML,Bamako,pm25,24,87.0,187.0,161.0,10254.8
2022-12-23,NP,Kathmandu,pm25,72,61.0,188.0,140.0,10948.7
2022-12-23,NP,Biratnagar,pm25,38,61.0,324.0,119.0,45433.5
2022-12-23,AU,Sydney,pm25,142,2.0,61.0,24.0,1510.69
2022-12-23,AU,Newcastle,pm25,143,1.0,71.0,24.0,2316.82
2022-12-23,AU,Launceston,pm25,82,5.0,17.0,9.0,66.2
2022-12-23,AU,Hobart,pm25,51,5.0,30.0,9.0,241.14
2022-12-23,AU,Darwin,pm25,53,2.0,72.0,15.0,2345.71
2022-12-23,AU,Melbourne,pm25,165,8.0,82.0,41.0,2129.58
2022-12-23,AU,Canberra,pm25,69,1.0,57.0,21.0,1286.94
2022-12-23,AU,Adelaide,pm25,88,5.0,50.0,21.0,948.09
2022-12-23,AU,Brisbane,pm25,215,1.0,31.0,15.0,342.49
2022-12-23,AU,Perth,pm25,91,2.0,20.0,9.0,164.66
2022-12-23,AU,Wollongong,pm25,48,8.0,54.0,27.0,1064.66
2022-12-23,CI,Abidjan,pm25,24,89.0,176.0,107.0,4302.01
2022-12-23,GH,Accra,pm25,24,76.0,152.0,107.0,3799.13
2022-12-23,IQ,Baghdad,pm25,24,34.0,189.0,137.0,18016.2
2022-12-23,IS,Reykjavík,pm25,96,5.0,29.0,16.0,270.72
2022-12-23,KG,Bishkek,pm25,24,93.0,241.0,174.0,11850.4
2022-12-23,NL,Utrecht,pm25,28,4.0,47.0,21.0,1744.97
2022-12-23,NL,Nijmegen,pm25,45,5.0,48.0,17.0,778.82
2022-12-23,NL,Haarlem,pm25,138,1.0,67.0,32.0,2795.69
2022-12-23,NL,Eindhoven,pm25,24,5.0,42.0,27.0,1016.5
2022-12-23,NL,Rotterdam,pm25,192,6.0,94.0,39.0,2099.63
2022-12-23,NL,Amsterdam,pm25,260,2.0,77.0,32.0,2265.99
2022-12-23,NL,Dordrecht,pm25,24,5.0,58.0,25.0,1770.71
2022-12-23,NL,Breda,pm25,42,1.0,53.0,18.0,1245.12
2022-12-23,NL,Groningen,pm25,48,19.0,67.0,40.0,1552.48
2022-12-23,NL,Maastricht,pm25,79,5.0,42.0,17.0,666.38
2022-12-23,NL,The Hague,pm25,62,5.0,58.0,34.0,2248.85
2022-12-23,PT,Lisbon,pm25,60,14.0,47.0,28.0,880.37
2022-12-23,PT,Funchal,pm25,63,1.0,57.0,16.0,1457.99
2022-12-23,CA,Hamilton,pm25,86,5.0,57.0,25.0,953.58
2022-12-23,CA,Calgary,pm25,92,8.0,67.0,18.0,1271.7
2022-12-23,CA,Winnipeg,pm25,14,15.0,15.0,15.0,0.0
2022-12-23,CA,Halifax,pm25,46,14.0,52.0,25.0,906.98
2022-12-23,CA,Kitchener,pm25,38,9.0,34.0,21.0,388.03
2022-12-23,CA,Edmonton,pm25,136,1.0,62.0,12.0,1103.11
2022-12-23,CA,Surrey,pm25,72,6.0,31.0,16.0,413.8
2022-12-23,CA,Mississauga,pm25,54,5.0,30.0,17.0,468.18
2022-12-23,CA,Québec,pm25,156,5.0,56.0,18.0,1135.87
2022-12-23,CA,Vancouver,pm25,168,3.0,55.0,19.0,1390.95
2022-12-23,CA,Victoria,pm25,40,5.0,76.0,21.0,4114.1
2022-12-23,CA,Montréal,pm25,397,3.0,55.0,15.0,1626.89
2022-12-23,CA,Toronto,pm25,100,5.0,25.0,13.0,369.44
2022-12-23,CA,Ottawa,pm25,62,7.0,54.0,17.0,807.71
2022-12-23,CA,London,pm25,41,5.0,38.0,21.0,470.95
2022-12-23,US,Oklahoma City,pm25,96,8.0,33.0,21.0,458.68
2022-12-23,US,Raleigh,pm25,54,5.0,34.0,15.0,599.57
2022-12-23,US,Memphis,pm25,72,16.0,38.0,21.0,191.33
2022-12-23,US,Jackson,pm25,72,5.0,34.0,17.0,338.11
2022-12-23,US,Boston,pm25,131,9.0,87.0,38.0,2493.28
2022-12-23,US,Richmond,pm25,82,5.0,34.0,16.0,317.32
2022-12-23,US,Portland,pm25,192,5.0,123.0,21.0,3708.11
2022-12-23,US,Boise,pm25,21,1.0,36.0,13.0,1545.0
2022-12-23,US,Austin,pm25,31,5.0,53.0,17.0,1977.18
2022-12-23,US,Honolulu,pm25,38,5.0,46.0,17.0,1228.34
2022-12-23,US,Fresno,pm25,48,43.0,126.0,94.0,2973.97
2022-12-23,US,Milwaukee,pm25,144,13.0,45.0,24.0,389.72
2022-12-23,US,Hartford,pm25,48,2.0,44.0,24.0,1283.79
2022-12-23,US,Washington D.C.,pm25,87,5.0,46.0,20.0,678.49
2022-12-23,US,Chicago,pm25,225,3.0,53.0,23.0,820.64
2022-12-23,US,Houston,pm25,72,3.0,28.0,13.0,348.26
2022-12-23,US,Indianapolis,pm25,144,6.0,50.0,30.0,442.89
2022-12-23,US,Charlotte,pm25,60,5.0,45.0,13.0,611.68
2022-12-23,US,Sacramento,pm25,72,34.0,157.0,87.0,4522.35
2022-12-23,US,Oakland,pm25,107,63.0,127.0,85.0,1506.9
2022-12-23,US,Providence,pm25,66,5.0,42.0,17.0,1031.24
2022-12-23,US,Staten Island,pm25,49,1.0,58.0,19.0,4003.89
2022-12-23,US,Brooklyn,pm25,128,1.0,59.0,27.0,2937.46
2022-12-23,US,Springfield,pm25,48,20.0,34.0,24.0,104.52
2022-12-23,US,The Bronx,pm25,27,1.0,59.0,43.0,3602.56
2022-12-23,US,San Jose,pm25,96,25.0,137.0,80.0,6271.53
2022-12-23,US,Los Angeles,pm25,48,43.0,129.0,86.0,4501.12
2022-12-23,US,Detroit,pm25,167,20.0,71.0,31.0,811.81
2022-12-23,US,Little Rock,pm25,45,3.0,34.0,14.0,369.65
2022-12-23,US,Baltimore,pm25,43,3.0,46.0,21.0,1079.16
2022-12-23,US,Phoenix,pm25,192,21.0,156.0,69.0,8717.27
2022-12-23,US,Omaha,pm25,40,5.0,34.0,17.0,499.9
2022-12-23,US,El Paso,pm25,168,6.0,87.0,30.0,3711.02
2022-12-23,US,Dallas,pm25,19,5.0,42.0,25.0,1248.3
2022-12-23,US,Seattle,pm25,253,5.0,76.0,22.0,2986.35
2022-12-23,US,Manhattan,pm25,59,2.0,59.0,24.0,3370.78
2022-12-23,US,Miami,pm25,95,8.0,143.0,27.0,2324.78
2022-12-23,US,Jacksonville,pm25,143,8.0,52.0,24.0,883.79
2022-12-23,US,San Antonio,pm25,84,1.0,46.0,17.0,1120.6
2022-12-23,US,Philadelphia,pm25,82,3.0,83.0,21.0,2494.21
2022-12-23,US,San Diego,pm25,24,51.0,92.0,67.0,1219.98
2022-12-23,US,Columbus,pm25,47,15.0,69.0,31.0,1447.75
2022-12-23,US,Saint Paul,pm25,120,7.0,22.0,17.0,149.51
2022-12-23,US,Denver,pm25,141,21.0,68.0,53.0,1408.27
2022-12-23,US,Salt Lake City,pm25,198,9.0,95.0,63.0,6120.85
2022-12-23,US,Albuquerque,pm25,23,6.0,54.0,29.0,1525.73
2022-12-23,US,San Francisco,pm25,72,57.0,104.0,89.0,633.79
2022-12-23,US,Salem,pm25,72,14.0,81.0,24.0,5688.16
2022-12-23,US,Madison,pm25,48,14.0,24.0,21.0,112.44
2022-12-23,US,Nashville,pm25,66,5.0,43.0,23.0,631.96
2022-12-23,US,Tucson,pm25,152,5.0,93.0,30.0,3215.44
2022-12-23,US,Queens,pm25,67,3.0,67.0,33.0,2582.15
2022-12-23,US,Tallahassee,pm25,72,4.0,35.0,18.0,426.57
2022-12-23,US,Fort Worth,pm25,30,1.0,24.0,9.0,289.02
2022-12-23,RS,Novi Sad,pm25,48,23.0,183.0,110.0,20957.7
2022-12-23,RS,Niš,pm25,48,138.0,233.0,183.0,5213.4
2022-12-23,RS,Belgrade,pm25,168,52.0,206.0,154.0,15287.2
2022-12-23,CY,Nicosia,pm25,24,72.0,171.0,102.0,9696.5
2022-12-23,CY,Limassol,pm25,24,70.0,140.0,89.0,3245.63
2022-12-23,HR,Zagreb,pm25,24,45.0,173.0,119.0,17988.0
2022-12-23,HR,Rijeka,pm25,66,59.0,146.0,91.0,1826.53
2022-12-23,MK,Skopje,pm25,72,159.0,306.0,186.0,11279.4
2022-12-24,GE,Tbilisi,pm25,96,56.0,161.0,103.0,11329.8
2022-12-24,JP,Fukuoka,pm25,392,5.0,74.0,38.0,1276.02
2022-12-24,JP,Kumamoto,pm25,342,5.0,70.0,38.0,2096.78
2022-12-24,JP,Akita,pm25,31,5.0,59.0,17.0,1951.46
2022-12-24,JP,Kochi,pm25,46,5.0,57.0,25.0,1885.42
2022-12-24,JP,Gifu-shi,pm25,144,5.0,65.0,25.0,2185.31
2022-12-24,JP,Kyoto,pm25,551,5.0,61.0,25.0,1995.35
2022-12-24,JP,Hiroshima,pm25,274,5.0,61.0,30.0,1866.67
2022-12-24,JP,Shizuoka,pm25,228,5.0,55.0,21.0,2044.1
2022-12-24,JP,Chiba,pm25,646,5.0,91.0,17.0,1780.66
2022-12-24,JP,Sapporo,pm25,185,5.0,42.0,13.0,747.92
2022-12-24,JP,Yokohama,pm25,509,1.0,97.0,21.0,1783.27
2022-12-24,JP,Tokyo,pm25,2373,1.0,99.0,17.0,1030.59
2022-12-24,JP,Saitama,pm25,428,5.0,95.0,21.0,1939.82
2022-12-24,JP,Naha,pm25,144,13.0,46.0,25.0,646.25
2022-12-24,JP,Nagasaki,pm25,185,5.0,53.0,25.0,970.13
2022-12-24,JP,Toyama,pm25,137,5.0,95.0,17.0,1262.78
2022-12-24,JP,Niigata,pm25,183,5.0,53.0,13.0,840.32
2022-12-24,JP,Nara-shi,pm25,187,5.0,50.0,25.0,928.83
2022-12-24,JP,Okayama,pm25,284,5.0,117.0,30.0,2100.75
2022-12-24,JP,Sendai,pm25,302,5.0,30.0,9.0,270.51
2022-12-24,JP,Osaka,pm25,1291,5.0,70.0,25.0,1523.63
2022-12-24,JP,Miyazaki,pm25,121,5.0,57.0,25.0,1402.03
2022-12-24,JP,Matsuyama,pm25,137,5.0,72.0,25.0,1829.93
2022-12-24,JP,Wakayama,pm25,279,5.0,68.0,25.0,1282.83
2022-12-24,JP,Takamatsu,pm25,204,5.0,53.0,17.0,927.54
2022-12-24,JP,Nagoya,pm25,713,5.0,161.0,25.0,2578.19
2022-12-24,JP,Ōita,pm25,231,5.0,55.0,25.0,1186.78
2022-12-24,JP,Kobe,pm25,407,5.0,63.0,30.0,1393.23
2022-12-24,JP,Nagano,pm25,55,5.0,38.0,13.0,1065.14
2022-12-24,JP,Kagoshima,pm25,94,5.0,46.0,25.0,884.58
2022-12-24,SK,Košice,pm25,96,46.0,97.0,63.0,1846.25
2022-12-24,SK,Bratislava,pm25,80,5.0,85.0,34.0,5801.52
2022-12-24,FI,Vantaa,pm25,24,7.0,33.0,22.0,635.58
2022-12-24,FI,Turku,pm25,24,10.0,36.0,18.0,399.84
2022-12-24,FI,Helsinki,pm25,120,4.0,62.0,9.0,726.47
2022-12-24,FI,Tampere,pm25,96,5.0,53.0,10.0,549.43
2022-12-24,CH,Zürich,pm25,25,1.0,3.0,1.0,6.67
2022-12-24,CO,Bogotá,pm25,335,9.0,175.0,70.0,8448.7
2022-12-24,CO,Medellín,pm25,247,53.0,104.0,76.0,872.9
2022-12-24,DK,Copenhagen,pm25,24,13.0,32.0,24.0,265.2
2022-12-24,GB,Edinburgh,pm25,265,1.0,70.0,16.0,1241.28
2022-12-24,GB,Norwich,pm25,23,30.0,52.0,38.0,626.36
2022-12-24,GB,Liverpool,pm25,45,25.0,50.0,34.0,321.09
2022-12-24,GB,Belfast,pm25,77,13.0,62.0,42.0,1182.17
2022-12-24,GB,Coventry,pm25,55,25.0,46.0,30.0,320.63
2022-12-24,GB,Leeds,pm25,43,23.0,61.0,47.0,489.98
2022-12-24,GB,Cardiff,pm25,144,9.0,65.0,38.0,1731.93
2022-12-24,GB,Bristol,pm25,68,21.0,55.0,38.0,822.12
2022-12-24,GB,London,pm25,516,5.0,76.0,38.0,1770.07
2022-12-24,GB,Birmingham,pm25,48,21.0,47.0,33.0,507.5
2022-12-24,GB,Sheffield,pm25,89,30.0,65.0,38.0,467.62
2022-12-24,GB,Newport,pm25,45,25.0,53.0,35.0,500.07
2022-12-24,GB,Leicester,pm25,24,21.0,50.0,30.0,693.84
2022-12-24,GB,Manchester,pm25,80,17.0,53.0,34.0,1007.18
2022-12-24,GB,Reading,pm25,47,5.0,34.0,17.0,485.46
2022-12-24,GB,Plymouth,pm25,37,17.0,165.0,61.0,17448.6
2022-12-24,GB,Glasgow,pm25,572,3.0,41.0,17.0,924.59
2022-12-24,GB,Preston,pm25,46,17.0,51.0,33.0,426.88
2022-12-24,GB,Swansea,pm25,178,5.0,80.0,34.0,1885.74
2022-12-24,GB,Southend-on-Sea,pm25,48,21.0,60.0,43.0,702.54
2022-12-24,ID,Jakarta,pm25,70,41.0,167.0,95.0,12762.8
2022-12-24,ML,Bamako,pm25,24,89.0,182.0,127.0,7707.54
2022-12-24,NP,Kathmandu,pm25,72,59.0,236.0,156.0,13274.6
2022-12-24,NP,Biratnagar,pm25,39,70.0,363.0,124.0,36990.2
2022-12-24,AU,Sydney,pm25,138,9.0,69.0,33.0,1475.35
2022-12-24,AU,Newcastle,pm25,131,4.0,87.0,24.0,2844.56
2022-12-24,AU,Launceston,pm25,93,5.0,21.0,9.0,81.16
2022-12-24,AU,Hobart,pm25,47,5.0,21.0,13.0,214.32
2022-12-24,AU,Darwin,pm25,60,3.0,34.0,12.0,386.25
2022-12-24,AU,Melbourne,pm25,164,1.0,51.0,25.0,1525.42
2022-12-24,AU,Canberra,pm25,67,2.0,54.0,22.0,1694.59
2022-12-24,AU,Adelaide,pm25,89,3.0,78.0,21.0,1258.08
2022-12-24,AU,Brisbane,pm25,215,1.0,54.0,23.0,861.9
2022-12-24,AU,Perth,pm25,91,3.0,21.0,9.0,235.24
2022-12-24,AU,Wollongong,pm25,46,7.0,68.0,33.0,2029.16
2022-12-24,CI,Abidjan,pm25,24,97.0,168.0,139.0,4093.91
2022-12-24,GH,Accra,pm25,24,119.0,173.0,162.0,2673.62
2022-12-24,IQ,Baghdad,pm25,24,34.0,160.0,97.0,10767.2
2022-12-24,IS,Reykjavík,pm25,96,6.0,23.0,11.0,65.13
2022-12-24,KG,Bishkek,pm25,24,171.0,347.0,201.0,41887.5
2022-12-24,NL,Utrecht,pm25,48,6.0,67.0,37.0,2397.12
2022-12-24,NL,Nijmegen,pm25,46,7.0,92.0,26.0,2976.76
2022-12-24,NL,Haarlem,pm25,138,2.0,88.0,44.0,3589.2
2022-12-24,NL,Eindhoven,pm25,24,8.0,80.0,36.0,4748.91
2022-12-24,NL,Rotterdam,pm25,192,18.0,103.0,56.0,1984.11
2022-12-24,NL,Amsterdam,pm25,261,2.0,83.0,45.0,1980.66
2022-12-24,NL,Dordrecht,pm25,24,30.0,57.0,38.0,644.77
2022-12-24,NL,Breda,pm25,48,2.0,62.0,31.0,2447.66
2022-12-24,NL,Groningen,pm25,45,2.0,44.0,24.0,978.18
2022-12-24,NL,Maastricht,pm25,92,5.0,65.0,34.0,1839.42
2022-12-24,NL,The Hague,pm25,72,14.0,63.0,53.0,2081.13
2022-12-24,PT,Lisbon,pm25,27,15.0,33.0,21.0,307.04
2022-12-24,PT,Funchal,pm25,66,1.0,44.0,22.0,1129.2
2022-12-24,CA,Hamilton,pm25,54,9.0,38.0,30.0,521.29
2022-12-24,CA,Calgary,pm25,92,2.0,108.0,54.0,5588.49
2022-12-24,CA,Winnipeg,pm25,15,15.0,16.0,15.0,0.67
2022-12-24,CA,Halifax,pm25,46,21.0,63.0,30.0,928.16
2022-12-24,CA,Kitchener,pm25,27,25.0,34.0,30.0,64.62
2022-12-24,CA,Edmonton,pm25,137,1.0,32.0,13.0,416.9
2022-12-24,CA,Surrey,pm25,54,1.0,49.0,6.0,1421.54
2022-12-24,CA,Mississauga,pm25,31,17.0,34.0,25.0,286.13
2022-12-24,CA,Québec,pm25,129,5.0,42.0,22.0,414.21
2022-12-24,CA,Vancouver,pm25,167,2.0,56.0,13.0,1356.54
2022-12-24,CA,Victoria,pm25,43,5.0,72.0,21.0,1747.14
2022-12-24,CA,Montréal,pm25,310,9.0,41.0,24.0,413.12
2022-12-24,CA,Toronto,pm25,90,9.0,34.0,21.0,366.84
2022-12-24,CA,Ottawa,pm25,37,17.0,22.0,20.0,27.3
2022-12-24,CA,London,pm25,26,25.0,38.0,30.0,130.54
2022-12-24,US,Oklahoma City,pm25,96,10.0,61.0,17.0,1233.74
2022-12-24,US,Raleigh,pm25,51,5.0,50.0,24.0,987.4
2022-12-24,US,Memphis,pm25,72,6.0,30.0,15.0,156.59
2022-12-24,US,Jackson,pm25,72,5.0,53.0,14.0,823.64
2022-12-24,US,Boston,pm25,128,17.0,89.0,38.0,1438.86
2022-12-24,US,Richmond,pm25,72,15.0,71.0,28.0,1262.25
2022-12-24,US,Portland,pm25,192,8.0,114.0,34.0,7179.89
2022-12-24,US,Boise,pm25,24,28.0,76.0,54.0,1939.13
2022-12-24,US,Austin,pm25,36,5.0,91.0,21.0,5922.35
2022-12-24,US,Honolulu,pm25,43,5.0,34.0,13.0,455.68
2022-12-24,US,Fresno,pm25,48,40.0,146.0,87.0,6006.02
2022-12-24,US,Milwaukee,pm25,144,7.0,29.0,18.0,236.61
2022-12-24,US,Hartford,pm25,48,21.0,39.0,30.0,295.04
2022-12-24,US,Washington D.C.,pm25,96,13.0,72.0,30.0,1894.53
2022-12-24,US,Chicago,pm25,230,1.0,34.0,18.0,397.41
2022-12-24,US,Houston,pm25,87,1.0,161.0,17.0,11935.9
2022-12-24,US,Indianapolis,pm25,128,5.0,50.0,28.0,652.88
2022-12-24,US,Charlotte,pm25,68,9.0,46.0,21.0,418.89
2022-12-24,US,Sacramento,pm25,72,42.0,158.0,70.0,9356.32
2022-12-24,US,Oakland,pm25,96,30.0,124.0,74.0,2763.6
2022-12-24,US,Providence,pm25,72,5.0,59.0,34.0,1319.25
2022-12-24,US,Staten Island,pm25,69,5.0,53.0,35.0,1536.62
2022-12-24,US,Brooklyn,pm25,143,5.0,89.0,41.0,1986.89
2022-12-24,US,Springfield,pm25,48,8.0,45.0,15.0,480.78
2022-12-24,US,The Bronx,pm25,48,35.0,89.0,41.0,1227.16
2022-12-24,US,San Jose,pm25,96,30.0,153.0,78.0,8271.16
2022-12-24,US,Los Angeles,pm25,47,17.0,172.0,73.0,15530.4
2022-12-24,US,Detroit,pm25,168,24.0,56.0,31.0,327.79
2022-12-24,US,Little Rock,pm25,40,1.0,66.0,10.0,1479.46
2022-12-24,US,Baltimore,pm25,47,21.0,50.0,30.0,456.26
2022-12-24,US,Phoenix,pm25,192,13.0,240.0,81.0,20627.5
2022-12-24,US,Omaha,pm25,32,5.0,55.0,13.0,897.89
2022-12-24,US,El Paso,pm25,164,5.0,158.0,34.0,7448.32
2022-12-24,US,Dallas,pm25,24,5.0,107.0,17.0,4987.17
2022-12-24,US,Seattle,pm25,261,3.0,80.0,21.0,3333.39
2022-12-24,US,Manhattan,pm25,71,3.0,52.0,41.0,1671.64
2022-12-24,US,Miami,pm25,95,13.0,76.0,18.0,1760.4
2022-12-24,US,Jacksonville,pm25,143,5.0,52.0,19.0,469.12
2022-12-24,US,San Antonio,pm25,86,1.0,193.0,21.0,13802.5
2022-12-24,US,Philadelphia,pm25,87,2.0,54.0,27.0,1431.54
2022-12-24,US,San Diego,pm25,24,23.0,104.0,76.0,6195.87
2022-12-24,US,Columbus,pm25,48,20.0,40.0,29.0,217.55
2022-12-24,US,Saint Paul,pm25,120,10.0,18.0,12.0,24.01
2022-12-24,US,Denver,pm25,156,5.0,124.0,50.0,6431.93
2022-12-24,US,Salt Lake City,pm25,216,40.0,151.0,98.0,3934.84
2022-12-24,US,Albuquerque,pm25,24,8.0,52.0,15.0,1867.66
2022-12-24,US,San Francisco,pm25,71,30.0,91.0,63.0,2562.71
2022-12-24,US,Salem,pm25,72,8.0,129.0,55.0,12406.0
2022-12-24,US,Madison,pm25,47,10.0,20.0,14.0,98.55
2022-12-24,US,Nashville,pm25,64,5.0,59.0,18.0,719.83
2022-12-24,US,Tucson,pm25,157,5.0,114.0,30.0,4619.82
2022-12-24,US,Queens,pm25,72,32.0,53.0,41.0,369.95
2022-12-24,US,Tallahassee,pm25,55,3.0,67.0,20.0,1031.1
2022-12-24,US,Fort Worth,pm25,31,2.0,137.0,13.0,6959.89
2022-12-24,RS,Novi Sad,pm25,48,22.0,165.0,77.0,10573.3
2022-12-24,RS,Niš,pm25,48,156.0,213.0,174.0,2545.94
2022-12-24,RS,Belgrade,pm25,168,56.0,184.0,117.0,10740.8
2022-12-24,CY,Nicosia,pm25,24,58.0,160.0,81.0,11486.7
2022-12-24,CY,Limassol,pm25,24,67.0,152.0,76.0,6632.16
2022-12-24,HR,Zagreb,pm25,24,13.0,167.0,53.0,29367.5
2022-12-24,HR,Rijeka,pm25,64,30.0,161.0,72.0,5158.01
2022-12-24,MK,Skopje,pm25,60,167.0,298.0,193.0,7211.01
2022-12-25,GE,Tbilisi,pm25,96,70.0,163.0,111.0,8601.04
2022-12-25,JP,Fukuoka,pm25,390,5.0,76.0,38.0,2733.43
2022-12-25,JP,Kumamoto,pm25,345,5.0,74.0,46.0,2196.95
2022-12-25,JP,Akita,pm25,33,5.0,72.0,13.0,2983.81
2022-12-25,JP,Kochi,pm25,41,5.0,59.0,21.0,2024.28
2022-12-25,JP,Gifu-shi,pm25,121,5.0,61.0,17.0,1695.02
2022-12-25,JP,Kyoto,pm25,528,5.0,53.0,17.0,1049.75
2022-12-25,JP,Hiroshima,pm25,250,5.0,59.0,21.0,1368.35
2022-12-25,JP,Shizuoka,pm25,200,5.0,57.0,13.0,732.83
2022-12-25,JP,Chiba,pm25,536,5.0,80.0,13.0,1650.48
2022-12-25,JP,Sapporo,pm25,167,5.0,46.0,13.0,847.97
2022-12-25,JP,Yokohama,pm25,457,1.0,57.0,13.0,799.59
2022-12-25,JP,Tokyo,pm25,2234,1.0,82.0,13.0,802.26
2022-12-25,JP,Saitama,pm25,398,5.0,82.0,13.0,1071.87
2022-12-25,JP,Naha,pm25,138,5.0,25.0,13.0,215.44
2022-12-25,JP,Nagasaki,pm25,181,5.0,59.0,30.0,1203.95
2022-12-25,JP,Toyama,pm25,160,5.0,57.0,17.0,1158.14
2022-12-25,JP,Niigata,pm25,182,5.0,38.0,13.0,563.95
2022-12-25,JP,Nara-shi,pm25,176,5.0,42.0,17.0,610.83
2022-12-25,JP,Okayama,pm25,282,5.0,74.0,21.0,1946.09
2022-12-25,JP,Sendai,pm25,285,5.0,38.0,9.0,281.08
2022-12-25,JP,Osaka,pm25,1165,5.0,70.0,17.0,1019.41
2022-12-25,JP,Miyazaki,pm25,127,5.0,68.0,30.0,1417.17
2022-12-25,JP,Matsuyama,pm25,122,5.0,57.0,17.0,1829.35
2022-12-25,JP,Wakayama,pm25,264,5.0,63.0,17.0,1142.17
2022-12-25,JP,Takamatsu,pm25,195,5.0,46.0,17.0,686.96
2022-12-25,JP,Nagoya,pm25,657,5.0,76.0,17.0,2129.74
2022-12-25,JP,Ōita,pm25,215,5.0,53.0,21.0,1429.47
2022-12-25,JP,Kobe,pm25,381,5.0,65.0,17.0,1190.43
2022-12-25,JP,Nagano,pm25,60,5.0,53.0,17.0,992.09
2022-12-25,JP,Kagoshima,pm25,93,9.0,53.0,30.0,660.55
2022-12-25,SK,Košice,pm25,96,25.0,165.0,63.0,7856.26
2022-12-25,SK,Bratislava,pm25,94,5.0,68.0,42.0,2505.24
2022-12-25,FI,Vantaa,pm25,6,18.0,83.0,37.0,5261.67
2022-12-25,FI,Turku,pm25,6,17.0,33.0,26.0,448.0
2022-12-25,FI,Helsinki,pm25,30,5.0,89.0,9.0,5859.03
2022-12-25,FI,Tampere,pm25,24,5.0,14.0,8.0,50.42
2022-12-25,CH,Zürich,pm25,41,1.0,3.0,2.0,4.78
2022-12-25,CO,Bogotá,pm25,336,30.0,220.0,91.0,10460.6
2022-12-25,CO,Medellín,pm25,262,53.0,113.0,78.0,1512.7
2022-12-25,DK,Copenhagen,pm25,24,19.0,53.0,27.0,597.81
2022-12-25,GB,Edinburgh,pm25,257,1.0,72.0,12.0,1165.76
2022-12-25,GB,Norwich,pm25,14,21.0,38.0,30.0,292.09
2022-12-25,GB,Liverpool,pm25,39,17.0,46.0,25.0,267.83
2022-12-25,GB,Belfast,pm25,47,8.0,50.0,29.0,588.38
2022-12-25,GB,Coventry,pm25,36,17.0,30.0,25.0,140.92
2022-12-25,GB,Leeds,pm25,31,17.0,53.0,35.0,721.57
2022-12-25,GB,Cardiff,pm25,144,13.0,46.0,34.0,743.35
2022-12-25,GB,Bristol,pm25,63,17.0,53.0,30.0,670.85
2022-12-25,GB,London,pm25,508,1.0,61.0,19.0,1171.2
2022-12-25,GB,Birmingham,pm25,33,10.0,39.0,25.0,310.17
2022-12-25,GB,Sheffield,pm25,73,17.0,57.0,30.0,257.95
2022-12-25,GB,Newport,pm25,46,13.0,40.0,25.0,431.81
2022-12-25,GB,Leicester,pm25,16,17.0,30.0,25.0,163.62
2022-12-25,GB,Manchester,pm25,75,13.0,46.0,24.0,520.4
2022-12-25,GB,Reading,pm25,48,5.0,25.0,13.0,270.0
2022-12-25,GB,Plymouth,pm25,32,5.0,76.0,21.0,5666.44
2022-12-25,GB,Glasgow,pm25,567,2.0,40.0,15.0,386.32
2022-12-25,GB,Preston,pm25,43,13.0,35.0,25.0,197.8
2022-12-25,GB,Swansea,pm25,188,5.0,76.0,30.0,2079.38
2022-12-25,GB,Southend-on-Sea,pm25,44,12.0,38.0,21.0,489.95
2022-12-25,ID,Jakarta,pm25,71,17.0,147.0,61.0,4817.64
2022-12-25,ML,Bamako,pm25,24,87.0,226.0,156.0,13784.6
2022-12-25,NP,Kathmandu,pm25,72,70.0,232.0,158.0,11499.8
2022-12-25,NP,Biratnagar,pm25,32,77.0,214.0,107.0,11367.7
2022-12-25,AU,Sydney,pm25,143,10.0,64.0,38.0,1520.81
2022-12-25,AU,Newcastle,pm25,142,1.0,82.0,35.0,3214.51
2022-12-25,AU,Launceston,pm25,84,5.0,13.0,5.0,47.37
2022-12-25,AU,Hobart,pm25,36,5.0,17.0,5.0,118.86
2022-12-25,AU,Darwin,pm25,72,1.0,22.0,11.0,214.34
2022-12-25,AU,Melbourne,pm25,159,1.0,63.0,21.0,1527.85
2022-12-25,AU,Canberra,pm25,68,1.0,65.0,35.0,2523.32
2022-12-25,AU,Adelaide,pm25,88,2.0,44.0,17.0,863.39
2022-12-25,AU,Brisbane,pm25,216,2.0,79.0,22.0,1675.32
2022-12-25,AU,Perth,pm25,87,2.0,17.0,5.0,197.67
2022-12-25,AU,Wollongong,pm25,48,18.0,79.0,36.0,1487.23
2022-12-25,CI,Abidjan,pm25,24,112.0,162.0,132.0,1566.01
2022-12-25,GH,Accra,pm25,24,87.0,189.0,157.0,9685.15
2022-12-25,IQ,Baghdad,pm25,20,122.0,340.0,166.0,18832.9
2022-12-25,IS,Reykjavík,pm25,96,6.0,30.0,12.0,172.38
2022-12-25,KG,Bishkek,pm25,24,197.0,522.0,277.0,76536.7
2022-12-25,NL,Utrecht,pm25,46,8.0,72.0,43.0,2437.43
2022-12-25,NL,Nijmegen,pm25,45,3.0,59.0,19.0,2282.37
2022-12-25,NL,Haarlem,pm25,131,15.0,82.0,51.0,2221.7
2022-12-25,NL,Eindhoven,pm25,24,3.0,55.0,34.0,1869.11
2022-12-25,NL,Rotterdam,pm25,192,7.0,80.0,43.0,2044.1
2022-12-25,NL,Amsterdam,pm25,262,6.0,88.0,47.0,2357.35
2022-12-25,NL,Dordrecht,pm25,23,1.0,69.0,25.0,2399.76
2022-12-25,NL,Breda,pm25,45,6.0,54.0,26.0,1379.77
2022-12-25,NL,Groningen,pm25,48,8.0,57.0,31.0,1387.55
2022-12-25,NL,Maastricht,pm25,79,5.0,50.0,17.0,1264.04
2022-12-25,NL,The Hague,pm25,72,8.0,61.0,42.0,1827.13
2022-12-25,PT,Lisbon,pm25,89,10.0,33.0,17.0,233.24
2022-12-25,PT,Funchal,pm25,54,1.0,19.0,10.0,174.87
2022-12-25,CA,Hamilton,pm25,78,5.0,38.0,21.0,475.69
2022-12-25,CA,Calgary,pm25,84,1.0,100.0,19.0,8369.98
2022-12-25,CA,Winnipeg,pm25,20,15.0,16.0,15.0,1.34
2022-12-25,CA,Halifax,pm25,46,15.0,27.0,19.0,81.33
2022-12-25,CA,Kitchener,pm25,40,9.0,34.0,25.0,530.74
2022-12-25,CA,Edmonton,pm25,138,6.0,64.0,35.0,1499.97
2022-12-25,CA,Surrey,pm25,59,1.0,28.0,10.0,341.06
2022-12-25,CA,Mississauga,pm25,33,5.0,30.0,21.0,657.16
2022-12-25,CA,Québec,pm25,126,18.0,51.0,27.0,469.73
2022-12-25,CA,Vancouver,pm25,167,5.0,50.0,14.0,481.96
2022-12-25,CA,Victoria,pm25,47,5.0,50.0,17.0,1160.41
2022-12-25,CA,Montréal,pm25,311,12.0,53.0,21.0,534.58
2022-12-25,CA,Toronto,pm25,93,5.0,34.0,17.0,618.16
2022-12-25,CA,Ottawa,pm25,61,16.0,25.0,20.0,49.61
2022-12-25,CA,London,pm25,34,9.0,30.0,21.0,485.77
2022-12-25,US,Oklahoma City,pm25,96,14.0,75.0,28.0,1856.37
2022-12-25,US,Raleigh,pm25,63,5.0,55.0,17.0,1288.71
2022-12-25,US,Memphis,pm25,71,8.0,85.0,15.0,3060.39
2022-12-25,US,Jackson,pm25,72,1.0,101.0,15.0,3887.04
2022-12-25,US,Boston,pm25,121,21.0,93.0,42.0,1333.02
2022-12-25,US,Richmond,pm25,72,14.0,84.0,26.0,3124.91
2022-12-25,US,Portland,pm25,192,6.0,89.0,34.0,4527.96
2022-12-25,US,Boise,pm25,24,63.0,95.0,74.0,698.97
2022-12-25,US,Austin,pm25,44,5.0,87.0,34.0,5870.33
2022-12-25,US,Honolulu,pm25,41,5.0,38.0,13.0,880.45
2022-12-25,US,Fresno,pm25,48,38.0,126.0,67.0,4238.19
2022-12-25,US,Milwaukee,pm25,139,9.0,40.0,15.0,503.87
2022-12-25,US,Hartford,pm25,48,20.0,54.0,28.0,543.24
2022-12-25,US,Washington D.C.,pm25,95,5.0,84.0,50.0,3874.87
2022-12-25,US,Chicago,pm25,209,1.0,50.0,16.0,614.96
2022-12-25,US,Houston,pm25,96,2.0,178.0,39.0,17168.5
2022-12-25,US,Indianapolis,pm25,117,1.0,43.0,17.0,444.96
2022-12-25,US,Atlanta,pm25,11,13.0,27.0,17.0,319.64
2022-12-25,US,Charlotte,pm25,72,9.0,61.0,22.0,1515.2
2022-12-25,US,Sacramento,pm25,72,34.0,142.0,63.0,5741.41
2022-12-25,US,Oakland,pm25,96,5.0,144.0,70.0,5044.89
2022-12-25,US,Providence,pm25,72,17.0,65.0,38.0,1116.57
2022-12-25,US,Staten Island,pm25,72,5.0,48.0,32.0,1420.72
2022-12-25,US,Brooklyn,pm25,144,1.0,54.0,38.0,1250.24
2022-12-25,US,Springfield,pm25,48,7.0,73.0,15.0,1685.1
2022-12-25,US,The Bronx,pm25,48,28.0,49.0,38.0,296.01
2022-12-25,US,San Jose,pm25,96,21.0,160.0,55.0,11174.8
2022-12-25,US,Los Angeles,pm25,47,8.0,178.0,48.0,19483.2
2022-12-25,US,Detroit,pm25,168,19.0,50.0,28.0,345.23
2022-12-25,US,Little Rock,pm25,44,2.0,38.0,11.0,730.92
2022-12-25,US,Baltimore,pm25,48,13.0,46.0,26.0,675.74
2022-12-25,US,Phoenix,pm25,190,2.0,349.0,73.0,64878.3
2022-12-25,US,Omaha,pm25,39,5.0,53.0,13.0,966.92
2022-12-25,US,El Paso,pm25,161,5.0,171.0,53.0,13660.8
2022-12-25,US,Dallas,pm25,22,5.0,162.0,46.0,30615.7
2022-12-25,US,Seattle,pm25,252,5.0,54.0,30.0,1401.68
2022-12-25,US,Manhattan,pm25,72,8.0,53.0,35.0,1060.84
2022-12-25,US,Miami,pm25,95,13.0,86.0,20.0,2148.72
2022-12-25,US,Jacksonville,pm25,141,12.0,74.0,21.0,1270.33
2022-12-25,US,San Antonio,pm25,90,1.0,213.0,46.0,16048.7
2022-12-25,US,Philadelphia,pm25,96,1.0,45.0,26.0,994.26
2022-12-25,US,San Diego,pm25,24,14.0,148.0,67.0,17398.2
2022-12-25,US,Columbus,pm25,48,5.0,40.0,20.0,626.1
2022-12-25,US,Saint Paul,pm25,120,9.0,87.0,15.0,1583.36
2022-12-25,US,Denver,pm25,105,5.0,109.0,9.0,2978.27
2022-12-25,US,Salt Lake City,pm25,216,39.0,151.0,122.0,5392.21
2022-12-25,US,Albuquerque,pm25,24,4.0,25.0,7.0,455.36
2022-12-25,US,San Francisco,pm25,71,30.0,93.0,63.0,2400.81
2022-12-25,US,Salem,pm25,72,9.0,92.0,24.0,4433.75
2022-12-25,US,Madison,pm25,43,12.0,20.0,15.0,70.11
2022-12-25,US,Nashville,pm25,60,5.0,63.0,17.0,1271.59
2022-12-25,US,Tucson,pm25,155,5.0,154.0,55.0,11043.2
2022-12-25,US,Queens,pm25,72,29.0,50.0,40.0,274.45
2022-12-25,US,Tallahassee,pm25,48,5.0,56.0,19.0,2011.49
2022-12-25,US,Fort Worth,pm25,45,1.0,153.0,27.0,16053.3
2022-12-25,RS,Novi Sad,pm25,48,31.0,183.0,71.0,9231.63
2022-12-25,RS,Niš,pm25,48,72.0,208.0,160.0,10251.6
2022-12-25,RS,Belgrade,pm25,168,68.0,217.0,112.0,7448.5
2022-12-25,CY,Nicosia,pm25,24,35.0,163.0,68.0,14311.7
2022-12-25,CY,Limassol,pm25,24,25.0,75.0,59.0,1500.27
2022-12-25,HR,Zagreb,pm25,24,132.0,182.0,166.0,1570.42
2022-12-25,HR,Rijeka,pm25,70,15.0,148.0,73.0,7175.04
2022-12-25,MK,Skopje,pm25,24,120.0,200.0,176.0,4549.28
2022-12-26,GE,Tbilisi,pm25,96,78.0,163.0,106.0,7972.24
2022-12-26,JP,Fukuoka,pm25,382,5.0,89.0,34.0,1428.06
2022-12-26,JP,Kumamoto,pm25,354,5.0,93.0,42.0,2703.58
2022-12-26,JP,Akita,pm25,39,5.0,65.0,17.0,3122.56
2022-12-26,JP,Kochi,pm25,41,9.0,46.0,21.0,882.44
2022-12-26,JP,Gifu-shi,pm25,141,5.0,59.0,13.0,1256.36
2022-12-26,JP,Kyoto,pm25,563,5.0,57.0,21.0,1019.64
2022-12-26,JP,Hiroshima,pm25,246,5.0,65.0,21.0,1594.28
2022-12-26,JP,Shizuoka,pm25,197,5.0,42.0,13.0,697.21
2022-12-26,JP,Chiba,pm25,558,5.0,132.0,13.0,1687.3
2022-12-26,JP,Sapporo,pm25,178,5.0,50.0,13.0,1050.84
2022-12-26,JP,Yokohama,pm25,445,1.0,53.0,13.0,687.01
2022-12-26,JP,Tokyo,pm25,2157,1.0,142.0,13.0,743.28
2022-12-26,JP,Saitama,pm25,410,5.0,55.0,13.0,677.35
2022-12-26,JP,Naha,pm25,84,9.0,34.0,21.0,238.65
2022-12-26,JP,Nagasaki,pm25,180,5.0,59.0,25.0,848.11
2022-12-26,JP,Toyama,pm25,159,5.0,72.0,17.0,1583.51
2022-12-26,JP,Niigata,pm25,181,5.0,34.0,13.0,366.04
2022-12-26,JP,Nara-shi,pm25,177,5.0,46.0,21.0,718.47
2022-12-26,JP,Okayama,pm25,278,5.0,63.0,25.0,1426.65
2022-12-26,JP,Sendai,pm25,286,5.0,42.0,9.0,328.31
2022-12-26,JP,Osaka,pm25,1259,5.0,74.0,17.0,972.99
2022-12-26,JP,Miyazaki,pm25,126,5.0,61.0,30.0,1607.59
2022-12-26,JP,Matsuyama,pm25,134,5.0,72.0,21.0,2228.18
2022-12-26,JP,Wakayama,pm25,264,5.0,59.0,21.0,989.3
2022-12-26,JP,Takamatsu,pm25,207,5.0,42.0,17.0,913.0
2022-12-26,JP,Nagoya,pm25,637,5.0,63.0,13.0,1126.5
2022-12-26,JP,Ōita,pm25,236,5.0,59.0,25.0,1339.02
2022-12-26,JP,Kobe,pm25,400,5.0,57.0,17.0,608.81
2022-12-26,JP,Nagano,pm25,40,5.0,34.0,13.0,732.92
2022-12-26,JP,Kagoshima,pm25,96,9.0,55.0,34.0,951.36
2022-12-26,SK,Košice,pm25,96,34.0,97.0,76.0,1962.31
2022-12-26,SK,Bratislava,pm25,92,34.0,95.0,65.0,1931.19
2022-12-26,FI,Vantaa,pm25,4,48.0,83.0,60.0,2113.33
2022-12-26,FI,Turku,pm25,4,7.0,18.0,10.0,220.0
2022-12-26,FI,Helsinki,pm25,20,19.0,87.0,36.0,4812.92
2022-12-26,FI,Tampere,pm25,16,5.0,16.0,10.0,77.17
2022-12-26,CH,Zürich,pm25,30,1.0,2.0,1.0,2.4
2022-12-26,CO,Bogotá,pm25,334,5.0,196.0,55.0,8797.43
2022-12-26,CO,Medellín,pm25,258,50.0,93.0,70.0,522.6
2022-12-26,DK,Copenhagen,pm25,24,13.0,38.0,26.0,463.02
2022-12-26,GB,Edinburgh,pm25,260,1.0,30.0,8.0,251.09
2022-12-26,GB,Norwich,pm25,20,12.0,30.0,18.0,119.37
2022-12-26,GB,Liverpool,pm25,33,13.0,38.0,21.0,262.8
2022-12-26,GB,Belfast,pm25,67,10.0,56.0,17.0,670.37
2022-12-26,GB,Coventry,pm25,40,13.0,21.0,17.0,57.63
2022-12-26,GB,Leeds,pm25,29,13.0,55.0,30.0,1183.62
2022-12-26,GB,Cardiff,pm25,127,9.0,63.0,30.0,1966.36
2022-12-26,GB,Bristol,pm25,70,9.0,57.0,34.0,1524.16
2022-12-26,GB,London,pm25,483,3.0,192.0,20.0,1914.02
2022-12-26,GB,Birmingham,pm25,31,13.0,22.0,17.0,79.81
2022-12-26,GB,Sheffield,pm25,58,13.0,57.0,21.0,407.15
2022-12-26,GB,Newport,pm25,48,3.0,87.0,21.0,3519.78
2022-12-26,GB,Leicester,pm25,16,13.0,23.0,17.0,74.29
2022-12-26,GB,Manchester,pm25,77,4.0,46.0,19.0,688.53
2022-12-26,GB,Reading,pm25,48,5.0,53.0,17.0,1351.05
2022-12-26,GB,Plymouth,pm25,30,5.0,34.0,21.0,1090.86
2022-12-26,GB,Glasgow,pm25,569,2.0,43.0,10.0,409.5
2022-12-26,GB,Preston,pm25,38,8.0,27.0,18.0,172.8
2022-12-26,GB,Swansea,pm25,149,5.0,59.0,21.0,1735.93
2022-12-26,GB,Southend-on-Sea,pm25,38,6.0,25.0,18.0,198.07
2022-12-26,ID,Jakarta,pm25,71,30.0,135.0,77.0,6579.64
2022-12-26,ML,Bamako,pm25,24,95.0,281.0,153.0,25959.7
2022-12-26,NP,Kathmandu,pm25,72,63.0,183.0,143.0,9598.75
2022-12-26,NP,Biratnagar,pm25,31,93.0,184.0,116.0,5887.4
2022-12-26,AU,Sydney,pm25,132,1.0,46.0,17.0,1430.05
2022-12-26,AU,Newcastle,pm25,129,1.0,56.0,19.0,1136.22
2022-12-26,AU,Launceston,pm25,85,5.0,17.0,9.0,132.57
2022-12-26,AU,Hobart,pm25,47,5.0,21.0,9.0,115.74
2022-12-26,AU,Darwin,pm25,63,1.0,25.0,9.0,353.94
2022-12-26,AU,Melbourne,pm25,167,10.0,68.0,38.0,1827.67
2022-12-26,AU,Canberra,pm25,71,7.0,68.0,32.0,2229.69
2022-12-26,AU,Adelaide,pm25,84,4.0,53.0,17.0,1280.84
2022-12-26,AU,Brisbane,pm25,211,1.0,48.0,14.0,427.56
2022-12-26,AU,Perth,pm25,92,2.0,18.0,7.0,196.64
2022-12-26,AU,Wollongong,pm25,46,2.0,79.0,34.0,3812.22
2022-12-26,CI,Abidjan,pm25,24,102.0,172.0,127.0,4467.75
2022-12-26,GH,Accra,pm25,24,117.0,168.0,137.0,2866.67
2022-12-26,IQ,Baghdad,pm25,24,162.0,202.0,179.0,1375.05
2022-12-26,IS,Reykjavík,pm25,96,7.0,38.0,11.0,554.32
2022-12-26,KG,Bishkek,pm25,24,89.0,465.0,274.0,90584.6
2022-12-26,NL,Utrecht,pm25,41,6.0,60.0,30.0,2097.39
2022-12-26,NL,Nijmegen,pm25,34,1.0,68.0,23.0,2414.63
2022-12-26,NL,Haarlem,pm25,131,1.0,83.0,28.0,2529.58
2022-12-26,NL,Eindhoven,pm25,23,2.0,37.0,23.0,926.32
2022-12-26,NL,Rotterdam,pm25,191,3.0,70.0,23.0,2012.2
2022-12-26,NL,Amsterdam,pm25,258,1.0,93.0,20.0,2534.5
2022-12-26,NL,Dordrecht,pm25,19,1.0,52.0,25.0,2424.5
2022-12-26,NL,Breda,pm25,42,1.0,51.0,19.0,2041.0
2022-12-26,NL,Groningen,pm25,47,2.0,54.0,19.0,922.55
2022-12-26,NL,Maastricht,pm25,69,5.0,30.0,13.0,409.29
2022-12-26,NL,The Hague,pm25,65,3.0,52.0,17.0,1344.53
2022-12-26,PT,Lisbon,pm25,90,13.0,64.0,18.0,1819.96
2022-12-26,PT,Funchal,pm25,25,1.0,22.0,6.0,545.0
2022-12-26,CA,Hamilton,pm25,92,25.0,63.0,46.0,980.93
2022-12-26,CA,Calgary,pm25,82,1.0,78.0,19.0,5146.61
2022-12-26,CA,Winnipeg,pm25,15,15.0,16.0,15.0,2.38
2022-12-26,CA,Halifax,pm25,46,9.0,38.0,16.0,261.99
2022-12-26,CA,Kitchener,pm25,48,30.0,59.0,46.0,602.91
2022-12-26,CA,Edmonton,pm25,138,8.0,91.0,42.0,2606.95
2022-12-26,CA,Surrey,pm25,63,1.0,43.0,8.0,874.23
2022-12-26,CA,Mississauga,pm25,65,9.0,59.0,38.0,993.22
2022-12-26,CA,Québec,pm25,167,7.0,54.0,27.0,895.29
2022-12-26,CA,Vancouver,pm25,165,1.0,50.0,11.0,1027.11
2022-12-26,CA,Victoria,pm25,43,5.0,34.0,13.0,634.46
2022-12-26,CA,Montréal,pm25,327,15.0,65.0,29.0,447.13
2022-12-26,CA,Toronto,pm25,131,9.0,57.0,38.0,1257.63
2022-12-26,CA,Ottawa,pm25,58,18.0,34.0,22.0,153.03
2022-12-26,CA,London,pm25,42,30.0,53.0,38.0,486.41
2022-12-26,US,Oklahoma City,pm25,96,9.0,40.0,25.0,332.94
2022-12-26,US,Raleigh,pm25,59,5.0,65.0,27.0,3118.05
2022-12-26,US,Memphis,pm25,71,11.0,57.0,23.0,955.36
2022-12-26,US,Jackson,pm25,72,3.0,96.0,38.0,5290.23
2022-12-26,US,Boston,pm25,134,13.0,85.0,38.0,1676.83
2022-12-26,US,Richmond,pm25,72,16.0,69.0,33.0,2188.04
2022-12-26,US,Portland,pm25,189,1.0,59.0,19.0,950.48
2022-12-26,US,Boise,pm25,24,35.0,121.0,101.0,3263.41
2022-12-26,US,Austin,pm25,42,5.0,70.0,38.0,2119.54
2022-12-26,US,Honolulu,pm25,42,5.0,55.0,17.0,1079.98
2022-12-26,US,Fresno,pm25,48,18.0,93.0,53.0,3304.66
2022-12-26,US,Milwaukee,pm25,144,9.0,60.0,23.0,1901.37
2022-12-26,US,Hartford,pm25,48,20.0,43.0,25.0,406.79
2022-12-26,US,Washington D.C.,pm25,96,5.0,78.0,34.0,2518.37
2022-12-26,US,Chicago,pm25,206,9.0,63.0,23.0,2007.66
2022-12-26,US,Houston,pm25,95,9.0,127.0,60.0,7100.09
2022-12-26,US,Indianapolis,pm25,120,12.0,75.0,30.0,2276.9
2022-12-26,US,Atlanta,pm25,24,17.0,49.0,26.0,560.22
2022-12-26,US,Charlotte,pm25,72,5.0,93.0,42.0,3826.85
2022-12-26,US,Sacramento,pm25,72,22.0,99.0,59.0,2195.58
2022-12-26,US,Oakland,pm25,96,30.0,93.0,68.0,1460.94
2022-12-26,US,Providence,pm25,72,5.0,57.0,34.0,1477.31
2022-12-26,US,Staten Island,pm25,69,9.0,54.0,33.0,1081.64
2022-12-26,US,Brooklyn,pm25,143,2.0,59.0,38.0,1623.45
2022-12-26,US,Springfield,pm25,48,15.0,52.0,25.0,1015.39
2022-12-26,US,The Bronx,pm25,48,23.0,51.0,34.0,450.62
2022-12-26,US,San Jose,pm25,96,17.0,102.0,63.0,5166.16
2022-12-26,US,Los Angeles,pm25,48,10.0,137.0,51.0,9776.7
2022-12-26,US,Detroit,pm25,168,20.0,54.0,31.0,636.7
2022-12-26,US,Little Rock,pm25,47,4.0,106.0,25.0,4219.25
2022-12-26,US,Baltimore,pm25,48,13.0,70.0,30.0,1845.28
2022-12-26,US,Phoenix,pm25,189,3.0,188.0,54.0,19438.5
2022-12-26,US,Omaha,pm25,43,5.0,38.0,17.0,872.57
2022-12-26,US,El Paso,pm25,151,2.0,100.0,30.0,6132.54
2022-12-26,US,Dallas,pm25,22,5.0,42.0,21.0,966.58
2022-12-26,US,Seattle,pm25,249,1.0,59.0,25.0,2014.47
2022-12-26,US,Manhattan,pm25,71,4.0,52.0,35.0,1454.39
2022-12-26,US,Miami,pm25,95,18.0,94.0,25.0,1578.63
2022-12-26,US,Jacksonville,pm25,120,1.0,127.0,27.0,6182.85
2022-12-26,US,San Antonio,pm25,93,2.0,125.0,28.0,8409.34
2022-12-26,US,Philadelphia,pm25,96,5.0,64.0,36.0,1412.6
2022-12-26,US,San Diego,pm25,24,9.0,92.0,54.0,4657.32
2022-12-26,US,Columbus,pm25,47,19.0,56.0,33.0,835.92
2022-12-26,US,Saint Paul,pm25,120,9.0,43.0,17.0,511.59
2022-12-26,US,Denver,pm25,152,5.0,78.0,17.0,1504.23
2022-12-26,US,Salt Lake City,pm25,216,2.0,127.0,67.0,7092.9
2022-12-26,US,Albuquerque,pm25,24,4.0,34.0,7.0,935.63
2022-12-26,US,San Francisco,pm25,72,38.0,89.0,63.0,698.86
2022-12-26,US,Salem,pm25,72,6.0,75.0,10.0,1557.43
2022-12-26,US,Madison,pm25,48,13.0,45.0,20.0,612.76
2022-12-26,US,Nashville,pm25,72,9.0,59.0,28.0,1617.28
2022-12-26,US,Tucson,pm25,152,5.0,107.0,30.0,4132.43
2022-12-26,US,Queens,pm25,71,24.0,53.0,38.0,610.03
2022-12-26,US,Tallahassee,pm25,46,5.0,73.0,28.0,3068.1
2022-12-26,US,Fort Worth,pm25,37,3.0,53.0,18.0,1384.37
2022-12-26,RS,Novi Sad,pm25,48,21.0,159.0,61.0,11179.7
2022-12-26,RS,Niš,pm25,48,88.0,310.0,152.0,44049.6
2022-12-26,RS,Belgrade,pm25,168,54.0,176.0,133.0,9388.94
2022-12-26,CY,Nicosia,pm25,24,15.0,132.0,31.0,7733.26
2022-12-26,CY,Limassol,pm25,24,12.0,76.0,49.0,3129.55
2022-12-26,HR,Zagreb,pm25,24,40.0,165.0,66.0,14381.7
2022-12-26,HR,Rijeka,pm25,72,41.0,125.0,63.0,2642.53
2022-12-26,MK,Skopje,pm25,24,117.0,182.0,167.0,2671.52
2022-12-27,GE,Tbilisi,pm25,96,75.0,181.0,131.0,9871.5
2022-12-27,JP,Fukuoka,pm25,386,5.0,107.0,34.0,1851.48
2022-12-27,JP,Kumamoto,pm25,355,9.0,154.0,46.0,3360.3
2022-12-27,JP,Akita,pm25,41,5.0,72.0,21.0,3100.55
2022-12-27,JP,Kochi,pm25,46,5.0,55.0,25.0,1563.96
2022-12-27,JP,Gifu-shi,pm25,151,5.0,63.0,17.0,1948.78
2022-12-27,JP,Kyoto,pm25,556,5.0,57.0,25.0,1221.82
2022-12-27,JP,Hiroshima,pm25,259,5.0,59.0,21.0,1186.98
2022-12-27,JP,Shizuoka,pm25,230,5.0,85.0,17.0,1139.48
2022-12-27,JP,Chiba,pm25,606,5.0,72.0,17.0,1973.74
2022-12-27,JP,Sapporo,pm25,171,5.0,55.0,13.0,1105.48
2022-12-27,JP,Yokohama,pm25,463,1.0,55.0,13.0,864.68
2022-12-27,JP,Tokyo,pm25,2255,1.0,109.0,17.0,1015.09
2022-12-27,JP,Saitama,pm25,426,5.0,87.0,17.0,1201.18
2022-12-27,JP,Naha,pm25,122,9.0,30.0,21.0,202.82
2022-12-27,JP,Nagasaki,pm25,182,5.0,55.0,30.0,1282.18
2022-12-27,JP,Toyama,pm25,172,5.0,76.0,17.0,2143.96
2022-12-27,JP,Niigata,pm25,148,5.0,34.0,9.0,266.86
2022-12-27,JP,Nara-shi,pm25,179,5.0,61.0,25.0,1490.46
2022-12-27,JP,Okayama,pm25,280,5.0,80.0,30.0,2553.52
2022-12-27,JP,Sendai,pm25,274,5.0,34.0,9.0,257.8
2022-12-27,JP,Osaka,pm25,1283,5.0,114.0,21.0,1353.96
2022-12-27,JP,Miyazaki,pm25,137,5.0,89.0,42.0,2367.61
2022-12-27,JP,Matsuyama,pm25,140,5.0,78.0,30.0,2151.91
2022-12-27,JP,Wakayama,pm25,273,5.0,82.0,21.0,980.67
2022-12-27,JP,Takamatsu,pm25,205,5.0,57.0,17.0,1518.11
2022-12-27,JP,Nagoya,pm25,686,1.0,65.0,21.0,1401.64
2022-12-27,JP,Ōita,pm25,239,5.0,78.0,30.0,1855.56
2022-12-27,JP,Kobe,pm25,403,5.0,55.0,21.0,869.6
2022-12-27,JP,Nagano,pm25,63,5.0,80.0,25.0,2187.1
2022-12-27,JP,Kagoshima,pm25,96,17.0,63.0,38.0,704.56
2022-12-27,SK,Košice,pm25,95,17.0,179.0,63.0,7986.16
2022-12-27,SK,Bratislava,pm25,54,5.0,61.0,17.0,2285.26
2022-12-27,FI,Vantaa,pm25,2,9.0,12.0,9.0,45.0
2022-12-27,FI,Helsinki,pm25,10,7.0,11.0,9.0,17.33
2022-12-27,FI,Tampere,pm25,8,5.0,14.0,10.0,79.82
2022-12-27,CH,Zürich,pm25,26,1.0,4.0,1.0,14.34
2022-12-27,CO,Bogotá,pm25,332,11.0,245.0,72.0,10700.0
2022-12-27,CO,Medellín,pm25,271,42.0,87.0,65.0,815.9
2022-12-27,DK,Copenhagen,pm25,24,14.0,68.0,27.0,1380.58
2022-12-27,GB,Edinburgh,pm25,259,1.0,70.0,13.0,2336.46
2022-12-27,GB,Norwich,pm25,22,15.0,24.0,17.0,69.81
2022-12-27,GB,Liverpool,pm25,32,9.0,26.0,17.0,282.09
2022-12-27,GB,Belfast,pm25,60,9.0,54.0,30.0,879.69
2022-12-27,GB,Coventry,pm25,24,13.0,55.0,17.0,663.9
2022-12-27,GB,Leeds,pm25,33,17.0,61.0,33.0,1161.27
2022-12-27,GB,Cardiff,pm25,116,9.0,50.0,25.0,1138.6
2022-12-27,GB,Bristol,pm25,68,13.0,42.0,25.0,569.1
2022-12-27,GB,London,pm25,498,2.0,55.0,19.0,1014.91
2022-12-27,GB,Birmingham,pm25,34,12.0,33.0,16.0,194.38
2022-12-27,GB,Sheffield,pm25,69,12.0,34.0,17.0,201.06
2022-12-27,GB,Newport,pm25,42,7.0,59.0,21.0,1644.09
2022-12-27,GB,Leicester,pm25,13,13.0,24.0,17.0,104.36
2022-12-27,GB,Manchester,pm25,80,9.0,46.0,17.0,803.03
2022-12-27,GB,Reading,pm25,44,5.0,25.0,13.0,283.72
2022-12-27,GB,Plymouth,pm25,34,5.0,67.0,21.0,3362.01
2022-12-27,GB,Glasgow,pm25,570,3.0,75.0,17.0,1772.66
2022-12-27,GB,Preston,pm25,36,6.0,32.0,19.0,397.71
2022-12-27,GB,Swansea,pm25,187,5.0,91.0,25.0,3861.72
2022-12-27,GB,Southend-on-Sea,pm25,46,13.0,31.0,18.0,198.99
2022-12-27,ID,Jakarta,pm25,71,25.0,129.0,46.0,3538.0
2022-12-27,ML,Bamako,pm25,24,152.0,367.0,169.0,37535.9
2022-12-27,NP,Kathmandu,pm25,71,68.0,195.0,151.0,9827.57
2022-12-27,NP,Biratnagar,pm25,40,128.0,283.0,153.0,13934.8
2022-12-27,AU,Sydney,pm25,136,1.0,76.0,13.0,861.85
2022-12-27,AU,Newcastle,pm25,127,1.0,68.0,13.0,1446.45
2022-12-27,AU,Launceston,pm25,92,9.0,25.0,13.0,124.05
2022-12-27,AU,Hobart,pm25,55,5.0,38.0,13.0,315.51
2022-12-27,AU,Darwin,pm25,53,1.0,14.0,8.0,141.6
2022-12-27,AU,Melbourne,pm25,167,8.0,70.0,35.0,1966.41
2022-12-27,AU,Canberra,pm25,56,2.0,54.0,22.0,1890.91
2022-12-27,AU,Adelaide,pm25,76,1.0,50.0,13.0,1368.42
2022-12-27,AU,Brisbane,pm25,210,1.0,35.0,19.0,481.84
2022-12-27,AU,Perth,pm25,87,2.0,18.0,8.0,154.58
2022-12-27,AU,Wollongong,pm25,39,1.0,46.0,16.0,1246.07
2022-12-27,CI,Abidjan,pm25,24,93.0,162.0,122.0,4935.58
2022-12-27,GH,Accra,pm25,24,132.0,179.0,152.0,1123.19
2022-12-27,IQ,Baghdad,pm25,24,99.0,249.0,173.0,9803.19
2022-12-27,IS,Reykjavík,pm25,96,4.0,28.0,13.0,199.17
2022-12-27,KG,Bishkek,pm25,24,46.0,187.0,76.0,9397.1
2022-12-27,NL,Utrecht,pm25,48,13.0,55.0,33.0,1419.89
2022-12-27,NL,Nijmegen,pm25,47,3.0,46.0,24.0,808.23
2022-12-27,NL,Haarlem,pm25,139,9.0,85.0,33.0,2309.91
2022-12-27,NL,Eindhoven,pm25,24,22.0,58.0,34.0,1052.1
2022-12-27,NL,Rotterdam,pm25,190,2.0,72.0,28.0,1318.08
2022-12-27,NL,Amsterdam,pm25,263,3.0,54.0,28.0,1133.81
2022-12-27,NL,Dordrecht,pm25,24,9.0,42.0,26.0,823.9
2022-12-27,NL,Breda,pm25,48,8.0,62.0,27.0,1523.24
2022-12-27,NL,Groningen,pm25,47,2.0,47.0,18.0,1657.67
2022-12-27,NL,Maastricht,pm25,94,5.0,42.0,21.0,761.57
2022-12-27,NL,The Hague,pm25,68,1.0,46.0,24.0,625.63
2022-12-27,PT,Lisbon,pm25,89,13.0,78.0,34.0,4158.7
2022-12-27,PT,Funchal,pm25,70,2.0,37.0,28.0,1396.2
2022-12-27,CA,Hamilton,pm25,93,17.0,87.0,53.0,2615.57
2022-12-27,CA,Calgary,pm25,91,1.0,71.0,14.0,3364.84
2022-12-27,CA,Winnipeg,pm25,24,15.0,22.0,17.0,49.28
2022-12-27,CA,Halifax,pm25,46,13.0,33.0,16.0,175.05
2022-12-27,CA,Kitchener,pm25,46,17.0,74.0,53.0,1917.49
2022-12-27,CA,Edmonton,pm25,136,26.0,151.0,55.0,3752.25
2022-12-27,CA,Surrey,pm25,42,1.0,29.0,4.0,225.32
2022-12-27,CA,Mississauga,pm25,69,9.0,65.0,50.0,1839.15
2022-12-27,CA,Québec,pm25,160,5.0,69.0,22.0,2308.29
2022-12-27,CA,Vancouver,pm25,154,1.0,34.0,5.0,277.15
2022-12-27,CA,Victoria,pm25,38,5.0,34.0,13.0,353.26
2022-12-27,CA,Montréal,pm25,386,3.0,140.0,35.0,3338.11
2022-12-27,CA,Toronto,pm25,137,5.0,85.0,46.0,2292.27
2022-12-27,CA,Ottawa,pm25,66,9.0,42.0,17.0,912.3
2022-12-27,CA,London,pm25,47,17.0,72.0,46.0,1806.79
2022-12-27,US,Oklahoma City,pm25,96,16.0,62.0,30.0,777.16
2022-12-27,US,Raleigh,pm25,67,5.0,128.0,42.0,6062.97
2022-12-27,US,Memphis,pm25,72,25.0,64.0,54.0,1295.3
2022-12-27,US,Jackson,pm25,72,14.0,116.0,51.0,5953.3
2022-12-27,US,Boston,pm25,138,13.0,65.0,42.0,1050.9
2022-12-27,US,Richmond,pm25,83,21.0,66.0,40.0,1999.59
2022-12-27,US,Portland,pm25,171,1.0,38.0,9.0,407.34
2022-12-27,US,Boise,pm25,24,2.0,38.0,15.0,1212.59
2022-12-27,US,Austin,pm25,39,5.0,53.0,17.0,2261.3
2022-12-27,US,Honolulu,pm25,42,5.0,25.0,13.0,396.56
2022-12-27,US,Fresno,pm25,40,1.0,70.0,33.0,4676.51
2022-12-27,US,Milwaukee,pm25,144,23.0,106.0,43.0,1937.59
2022-12-27,US,Hartford,pm25,48,18.0,54.0,28.0,1044.95
2022-12-27,US,Washington D.C.,pm25,92,5.0,78.0,54.0,2949.57
2022-12-27,US,Chicago,pm25,201,23.0,99.0,45.0,1230.53
2022-12-27,US,Houston,pm25,96,8.0,78.0,45.0,1977.05
2022-12-27,US,Indianapolis,pm25,137,25.0,113.0,60.0,2120.51
2022-12-27,US,Atlanta,pm25,24,35.0,64.0,43.0,874.49
2022-12-27,US,Charlotte,pm25,72,21.0,85.0,56.0,2549.48
2022-12-27,US,Sacramento,pm25,67,5.0,53.0,19.0,1067.83
2022-12-27,US,Oakland,pm25,94,5.0,68.0,34.0,2951.07
2022-12-27,US,Providence,pm25,71,9.0,68.0,38.0,1613.83
2022-12-27,US,Staten Island,pm25,72,17.0,76.0,46.0,1141.28
2022-12-27,US,Brooklyn,pm25,144,13.0,60.0,46.0,1076.04
2022-12-27,US,Springfield,pm25,48,20.0,58.0,50.0,843.61
2022-12-27,US,The Bronx,pm25,48,31.0,55.0,41.0,530.21
2022-12-27,US,San Jose,pm25,66,5.0,68.0,21.0,2340.5
2022-12-27,US,Los Angeles,pm25,48,13.0,96.0,61.0,3178.58
2022-12-27,US,Detroit,pm25,168,29.0,99.0,63.0,2005.62
2022-12-27,US,Little Rock,pm25,44,5.0,50.0,29.0,871.85
2022-12-27,US,Baltimore,pm25,47,17.0,78.0,49.0,2659.51
2022-12-27,US,Phoenix,pm25,185,3.0,153.0,52.0,9099.05
2022-12-27,US,Omaha,pm25,38,5.0,30.0,13.0,503.04
2022-12-27,US,El Paso,pm25,151,1.0,94.0,25.0,5453.58
2022-12-27,US,Dallas,pm25,24,9.0,72.0,34.0,2217.32
2022-12-27,US,Seattle,pm25,230,2.0,46.0,17.0,953.82
2022-12-27,US,Manhattan,pm25,72,15.0,55.0,39.0,690.33
2022-12-27,US,Miami,pm25,94,8.0,30.0,18.0,249.67
2022-12-27,US,Jacksonville,pm25,132,12.0,132.0,48.0,7865.48
2022-12-27,US,San Antonio,pm25,91,1.0,59.0,25.0,2424.94
2022-12-27,US,Philadelphia,pm25,96,23.0,81.0,50.0,1390.2
2022-12-27,US,San Diego,pm25,24,31.0,58.0,48.0,664.77
2022-12-27,US,Columbus,pm25,48,27.0,74.0,57.0,1330.85
2022-12-27,US,Saint Paul,pm25,120,15.0,52.0,22.0,632.23
2022-12-27,US,Denver,pm25,143,5.0,68.0,13.0,2695.98
2022-12-27,US,Salt Lake City,pm25,211,1.0,80.0,6.0,2031.17
2022-12-27,US,Albuquerque,pm25,24,5.0,22.0,14.0,185.05
2022-12-27,US,San Francisco,pm25,61,5.0,112.0,46.0,4738.45
2022-12-27,US,Salem,pm25,72,4.0,20.0,8.0,149.39
2022-12-27,US,Madison,pm25,48,20.0,56.0,38.0,1048.92
2022-12-27,US,Nashville,pm25,71,5.0,63.0,35.0,1899.87
2022-12-27,US,Tucson,pm25,148,5.0,80.0,25.0,3291.25
2022-12-27,US,Queens,pm25,72,26.0,66.0,47.0,608.86
2022-12-27,US,Tallahassee,pm25,48,13.0,105.0,33.0,4730.78
2022-12-27,US,Fort Worth,pm25,41,3.0,127.0,20.0,5072.12
2022-12-27,RS,Novi Sad,pm25,48,24.0,76.0,51.0,1486.74
2022-12-27,RS,Niš,pm25,48,73.0,247.0,165.0,22422.2
2022-12-27,RS,Belgrade,pm25,168,20.0,161.0,59.0,4769.38
2022-12-27,CY,Nicosia,pm25,24,16.0,115.0,27.0,11105.4
2022-12-27,CY,Limassol,pm25,24,12.0,56.0,29.0,1913.32
2022-12-27,HR,Zagreb,pm25,24,40.0,125.0,52.0,5544.76
2022-12-27,HR,Rijeka,pm25,72,8.0,84.0,55.0,5642.94
2022-12-27,MK,Skopje,pm25,64,101.0,284.0,176.0,10918.7
2022-12-28,GE,Tbilisi,pm25,96,50.0,185.0,99.0,21383.9
2022-12-28,JP,Fukuoka,pm25,396,9.0,99.0,53.0,2392.53
2022-12-28,JP,Kanazawa,pm25,4,17.0,34.0,17.0,649.17
2022-12-28,JP,Kumamoto,pm25,346,5.0,156.0,57.0,3065.41
2022-12-28,JP,Akita,pm25,32,5.0,61.0,17.0,1651.44
2022-12-28,JP,Kochi,pm25,47,9.0,63.0,38.0,1922.93
2022-12-28,JP,Gifu-shi,pm25,163,5.0,93.0,25.0,3062.7
2022-12-28,JP,Kyoto,pm25,567,5.0,99.0,38.0,3702.24
2022-12-28,JP,Hiroshima,pm25,270,5.0,68.0,34.0,2309.29
2022-12-28,JP,Shizuoka,pm25,256,5.0,102.0,21.0,1683.62
2022-12-28,JP,Chiba,pm25,736,5.0,124.0,42.0,4516.59
2022-12-28,JP,Sapporo,pm25,194,5.0,59.0,17.0,1464.07
2022-12-28,JP,Yokohama,pm25,524,1.0,85.0,25.0,3000.28
2022-12-28,JP,Tokyo,pm25,2482,5.0,137.0,38.0,3890.9
2022-12-28,JP,Saitama,pm25,482,9.0,156.0,46.0,4306.77
2022-12-28,JP,Naha,pm25,143,13.0,46.0,25.0,318.29
2022-12-28,JP,Nagasaki,pm25,181,5.0,80.0,38.0,2834.88
2022-12-28,JP,Toyama,pm25,157,5.0,80.0,21.0,2712.55
2022-12-28,JP,Niigata,pm25,194,5.0,50.0,17.0,802.18
2022-12-28,JP,Nara-shi,pm25,187,5.0,78.0,38.0,2437.6
2022-12-28,JP,Okayama,pm25,279,9.0,99.0,46.0,2135.93
2022-12-28,JP,Sendai,pm25,382,5.0,42.0,13.0,550.85
2022-12-28,JP,Osaka,pm25,1371,5.0,91.0,46.0,3802.74
2022-12-28,JP,Miyazaki,pm25,137,5.0,95.0,46.0,2149.42
2022-12-28,JP,Matsuyama,pm25,143,5.0,183.0,34.0,4128.92
2022-12-28,JP,Wakayama,pm25,280,5.0,74.0,30.0,2126.83
2022-12-28,JP,Takamatsu,pm25,230,5.0,65.0,30.0,2476.1
2022-12-28,JP,Nagoya,pm25,770,5.0,99.0,34.0,2376.32
2022-12-28,JP,Ōita,pm25,240,5.0,78.0,38.0,2411.26
2022-12-28,JP,Kobe,pm25,420,5.0,89.0,42.0,4760.45
2022-12-28,JP,Nagano,pm25,70,5.0,70.0,38.0,2367.91
2022-12-28,JP,Kagoshima,pm25,96,21.0,59.0,42.0,733.15
2022-12-28,SK,Košice,pm25,96,30.0,151.0,70.0,5142.74
2022-12-28,SK,Bratislava,pm25,96,9.0,119.0,46.0,3847.51
2022-12-28,FI,Vantaa,pm25,24,8.0,23.0,12.0,157.37
2022-12-28,FI,Turku,pm25,13,3.0,20.0,9.0,260.0
2022-12-28,FI,Helsinki,pm25,118,3.0,63.0,8.0,1732.35
2022-12-28,FI,Tampere,pm25,95,6.0,21.0,11.0,82.17
2022-12-28,CH,Zürich,pm25,34,1.0,5.0,2.0,12.09
2022-12-28,CO,Bogotá,pm25,330,34.0,220.0,90.0,8836.38
2022-12-28,CO,Medellín,pm25,276,42.0,89.0,70.0,817.98
2022-12-28,DK,Copenhagen,pm25,24,7.0,37.0,20.0,750.85
2022-12-28,GB,Edinburgh,pm25,261,2.0,53.0,13.0,657.25
2022-12-28,GB,Norwich,pm25,15,9.0,29.0,13.0,290.67
2022-12-28,GB,Liverpool,pm25,45,13.0,37.0,21.0,332.0
2022-12-28,GB,Belfast,pm25,41,10.0,43.0,34.0,672.48
2022-12-28,GB,Coventry,pm25,41,2.0,47.0,13.0,1461.98
2022-12-28,GB,Leeds,pm25,40,17.0,50.0,26.0,592.25
2022-12-28,GB,Cardiff,pm25,119,5.0,61.0,25.0,2344.04
2022-12-28,GB,Bristol,pm25,58,5.0,46.0,21.0,1170.57
2022-12-28,GB,London,pm25,482,1.0,65.0,16.0,1448.73
2022-12-28,GB,Birmingham,pm25,38,4.0,43.0,13.0,1134.96
2022-12-28,GB,Sheffield,pm25,91,9.0,34.0,15.0,281.16
2022-12-28,GB,Newport,pm25,48,5.0,53.0,17.0,2710.6
2022-12-28,GB,Leicester,pm25,18,5.0,41.0,13.0,1465.88
2022-12-28,GB,Manchester,pm25,77,5.0,42.0,21.0,970.28
2022-12-28,GB,Reading,pm25,31,5.0,42.0,9.0,1077.78
2022-12-28,GB,Plymouth,pm25,35,5.0,70.0,38.0,3010.22
2022-12-28,GB,Glasgow,pm25,569,6.0,53.0,14.0,429.52
2022-12-28,GB,Preston,pm25,45,4.0,37.0,21.0,559.62
2022-12-28,GB,Swansea,pm25,174,5.0,147.0,38.0,7473.89
2022-12-28,GB,Southend-on-Sea,pm25,43,2.0,38.0,13.0,666.46
2022-12-28,ID,Jakarta,pm25,71,17.0,91.0,59.0,3260.16
2022-12-28,ML,Bamako,pm25,24,167.0,249.0,179.0,6808.62
2022-12-28,NP,Kathmandu,pm25,72,76.0,180.0,149.0,7542.2
2022-12-28,NP,Biratnagar,pm25,39,147.0,362.0,184.0,27055.6
2022-12-28,AU,Sydney,pm25,143,1.0,52.0,17.0,913.37
2022-12-28,AU,Newcastle,pm25,128,1.0,55.0,20.0,1479.66
2022-12-28,AU,Launceston,pm25,81,5.0,34.0,9.0,358.09
2022-12-28,AU,Hobart,pm25,45,5.0,21.0,9.0,151.43
2022-12-28,AU,Darwin,pm25,55,1.0,26.0,7.0,375.71
2022-12-28,AU,Melbourne,pm25,164,2.0,51.0,25.0,936.9
2022-12-28,AU,Canberra,pm25,68,1.0,58.0,25.0,1573.47
2022-12-28,AU,Adelaide,pm25,96,5.0,81.0,25.0,1450.73
2022-12-28,AU,Brisbane,pm25,216,1.0,40.0,20.0,612.37
2022-12-28,AU,Perth,pm25,85,2.0,18.0,7.0,189.68
2022-12-28,AU,Wollongong,pm25,46,1.0,60.0,21.0,1594.88
2022-12-28,CI,Abidjan,pm25,24,102.0,158.0,119.0,1779.55
2022-12-28,GH,Accra,pm25,24,153.0,201.0,161.0,1423.89
2022-12-28,IQ,Baghdad,pm25,24,89.0,155.0,124.0,4095.65
2022-12-28,IS,Reykjavík,pm25,96,6.0,27.0,9.0,126.28
2022-12-28,KG,Bishkek,pm25,24,50.0,208.0,99.0,20799.3
2022-12-28,NL,Utrecht,pm25,46,1.0,57.0,27.0,2190.3
2022-12-28,NL,Nijmegen,pm25,33,1.0,57.0,17.0,2174.45
2022-12-28,NL,Haarlem,pm25,129,2.0,86.0,25.0,2959.47
2022-12-28,NL,Eindhoven,pm25,20,1.0,53.0,19.0,2583.66
2022-12-28,NL,Rotterdam,pm25,189,5.0,55.0,19.0,644.23
2022-12-28,NL,Amsterdam,pm25,256,1.0,79.0,20.0,1124.22
2022-12-28,NL,Dordrecht,pm25,24,1.0,25.0,9.0,409.55
2022-12-28,NL,Breda,pm25,44,2.0,35.0,10.0,487.1
2022-12-28,NL,Groningen,pm25,35,1.0,30.0,11.0,461.88
2022-12-28,NL,Maastricht,pm25,76,5.0,34.0,13.0,545.52
2022-12-28,NL,The Hague,pm25,63,1.0,38.0,17.0,748.75
2022-12-28,PT,Lisbon,pm25,88,7.0,75.0,46.0,2942.7
2022-12-28,PT,Funchal,pm25,48,1.0,57.0,9.0,1685.46
2022-12-28,CA,Hamilton,pm25,83,21.0,80.0,50.0,1646.37
2022-12-28,CA,Calgary,pm25,92,27.0,98.0,59.0,2738.29
2022-12-28,CA,Winnipeg,pm25,24,23.0,56.0,36.0,1335.65
2022-12-28,CA,Halifax,pm25,46,8.0,40.0,13.0,390.96
2022-12-28,CA,Kitchener,pm25,45,34.0,63.0,53.0,770.59
2022-12-28,CA,Edmonton,pm25,137,19.0,92.0,40.0,1911.35
2022-12-28,CA,Surrey,pm25,71,1.0,56.0,8.0,1126.09
2022-12-28,CA,Mississauga,pm25,69,38.0,74.0,55.0,786.14
2022-12-28,CA,Québec,pm25,183,5.0,127.0,49.0,4131.38
2022-12-28,CA,Vancouver,pm25,165,1.0,51.0,7.0,914.2
2022-12-28,CA,Victoria,pm25,39,5.0,53.0,17.0,981.55
2022-12-28,CA,Montréal,pm25,399,30.0,106.0,52.0,1665.25
2022-12-28,CA,Toronto,pm25,136,13.0,74.0,50.0,1973.27
2022-12-28,CA,Ottawa,pm25,72,21.0,72.0,49.0,1765.25
2022-12-28,CA,London,pm25,46,38.0,59.0,50.0,324.55
2022-12-28,US,Oklahoma City,pm25,90,19.0,38.0,27.0,208.67
2022-12-28,US,Raleigh,pm25,72,5.0,166.0,53.0,8179.03
2022-12-28,US,Memphis,pm25,72,16.0,69.0,46.0,2326.76
2022-12-28,US,Jackson,pm25,72,1.0,76.0,25.0,3302.5
2022-12-28,US,Boston,pm25,138,17.0,93.0,57.0,682.4
2022-12-28,US,Richmond,pm25,96,35.0,118.0,47.0,2458.18
2022-12-28,US,Portland,pm25,170,2.0,38.0,12.0,375.91
2022-12-28,US,Boise,pm25,20,3.0,58.0,14.0,2260.95
2022-12-28,US,Austin,pm25,40,5.0,78.0,21.0,3205.54
2022-12-28,US,Honolulu,pm25,44,5.0,46.0,17.0,869.53
2022-12-28,US,Fresno,pm25,47,1.0,79.0,26.0,2640.18
2022-12-28,US,Milwaukee,pm25,144,38.0,70.0,53.0,388.11
2022-12-28,US,Hartford,pm25,48,49.0,74.0,61.0,309.78
2022-12-28,US,Washington D.C.,pm25,96,25.0,85.0,52.0,1159.36
2022-12-28,US,Chicago,pm25,224,24.0,75.0,51.0,742.18
2022-12-28,US,Houston,pm25,95,9.0,124.0,43.0,4962.39
2022-12-28,US,Indianapolis,pm25,143,17.0,81.0,53.0,862.52
2022-12-28,US,Atlanta,pm25,24,44.0,78.0,62.0,810.85
2022-12-28,US,Charlotte,pm25,72,9.0,97.0,56.0,2991.74
2022-12-28,US,Sacramento,pm25,69,5.0,82.0,31.0,2842.02
2022-12-28,US,Oakland,pm25,106,5.0,63.0,38.0,2321.35
2022-12-28,US,Providence,pm25,72,21.0,80.0,50.0,2268.31
2022-12-28,US,Staten Island,pm25,56,20.0,85.0,55.0,1473.61
2022-12-28,US,Brooklyn,pm25,144,30.0,79.0,54.0,740.33
2022-12-28,US,Springfield,pm25,48,23.0,58.0,48.0,1194.14
2022-12-28,US,The Bronx,pm25,48,38.0,60.0,52.0,324.82
2022-12-28,US,San Jose,pm25,78,9.0,80.0,34.0,2335.42
2022-12-28,US,Los Angeles,pm25,47,11.0,63.0,36.0,2250.29
2022-12-28,US,Detroit,pm25,166,46.0,87.0,63.0,583.32
2022-12-28,US,Little Rock,pm25,47,19.0,54.0,33.0,943.44
2022-12-28,US,Baltimore,pm25,48,31.0,81.0,57.0,1250.85
2022-12-28,US,Phoenix,pm25,188,1.0,123.0,25.0,6234.43
2022-12-28,US,Omaha,pm25,47,9.0,42.0,21.0,576.79
2022-12-28,US,El Paso,pm25,142,5.0,90.0,21.0,5642.2
2022-12-28,US,Dallas,pm25,22,9.0,42.0,17.0,810.41
2022-12-28,US,Seattle,pm25,257,4.0,55.0,21.0,1115.25
2022-12-28,US,Manhattan,pm25,72,35.0,78.0,54.0,562.02
2022-12-28,US,Miami,pm25,94,12.0,37.0,20.0,347.22
2022-12-28,US,Jacksonville,pm25,140,7.0,133.0,53.0,8557.69
2022-12-28,US,San Antonio,pm25,95,5.0,90.0,30.0,2765.66
2022-12-28,US,Philadelphia,pm25,94,7.0,89.0,52.0,3702.03
2022-12-28,US,San Diego,pm25,24,4.0,52.0,17.0,2185.22
2022-12-28,US,Columbus,pm25,48,14.0,61.0,43.0,1717.43
2022-12-28,US,Saint Paul,pm25,120,31.0,53.0,40.0,283.46
2022-12-28,US,Denver,pm25,143,5.0,55.0,13.0,1053.44
2022-12-28,US,Salt Lake City,pm25,215,1.0,34.0,8.0,607.14
2022-12-28,US,Albuquerque,pm25,24,3.0,20.0,7.0,176.94
2022-12-28,US,San Francisco,pm25,71,9.0,82.0,38.0,2345.35
2022-12-28,US,Salem,pm25,72,8.0,28.0,10.0,101.53
2022-12-28,US,Madison,pm25,48,36.0,59.0,48.0,289.68
2022-12-28,US,Nashville,pm25,67,21.0,104.0,42.0,2777.99
2022-12-28,US,Tucson,pm25,149,5.0,59.0,17.0,1817.96
2022-12-28,US,Queens,pm25,73,9.0,79.0,55.0,1190.88
2022-12-28,US,Tallahassee,pm25,49,18.0,115.0,37.0,4814.1
2022-12-28,US,Fort Worth,pm25,45,2.0,41.0,17.0,1129.31
2022-12-28,RS,Novi Sad,pm25,48,19.0,167.0,55.0,14339.1
2022-12-28,RS,Niš,pm25,48,45.0,218.0,88.0,28608.2
2022-12-28,RS,Belgrade,pm25,168,31.0,156.0,76.0,7201.62
2022-12-28,CY,Nicosia,pm25,24,23.0,123.0,51.0,8156.36
2022-12-28,CY,Limassol,pm25,22,9.0,82.0,20.0,4723.38
2022-12-28,HR,Zagreb,pm25,24,42.0,190.0,78.0,13684.3
2022-12-28,HR,Rijeka,pm25,72,4.0,60.0,21.0,2448.61
2022-12-28,MK,Skopje,pm25,120,48.0,292.0,170.0,24257.1
2022-12-29,GE,Tbilisi,pm25,96,26.0,150.0,42.0,5161.53
2022-12-29,JP,Fukuoka,pm25,402,5.0,119.0,46.0,2866.67
2022-12-29,JP,Kumamoto,pm25,377,5.0,102.0,57.0,2960.98
2022-12-29,JP,Akita,pm25,45,5.0,76.0,38.0,2649.22
2022-12-29,JP,Kochi,pm25,47,9.0,68.0,34.0,1552.02
2022-12-29,JP,Gifu-shi,pm25,171,5.0,65.0,30.0,1830.12
2022-12-29,JP,Kyoto,pm25,572,5.0,97.0,42.0,2291.69
2022-12-29,JP,Hiroshima,pm25,297,5.0,65.0,34.0,2108.24
2022-12-29,JP,Shizuoka,pm25,259,5.0,74.0,25.0,1116.83
2022-12-29,JP,Chiba,pm25,755,5.0,97.0,38.0,5194.89
2022-12-29,JP,Sapporo,pm25,215,5.0,63.0,34.0,1391.98
2022-12-29,JP,Yokohama,pm25,539,1.0,162.0,38.0,3285.52
2022-12-29,JP,Tokyo,pm25,2510,1.0,99.0,34.0,3451.62
2022-12-29,JP,Saitama,pm25,487,5.0,82.0,30.0,2777.07
2022-12-29,JP,Naha,pm25,113,21.0,55.0,42.0,859.77
2022-12-29,JP,Nagasaki,pm25,185,9.0,82.0,46.0,2516.92
2022-12-29,JP,Toyama,pm25,170,5.0,57.0,21.0,1411.86
2022-12-29,JP,Niigata,pm25,205,5.0,50.0,30.0,899.22
2022-12-29,JP,Nara-shi,pm25,189,13.0,85.0,42.0,1418.07
2022-12-29,JP,Okayama,pm25,283,13.0,97.0,46.0,1835.54
2022-12-29,JP,Sendai,pm25,413,5.0,34.0,13.0,351.02
2022-12-29,JP,Osaka,pm25,1402,5.0,99.0,42.0,2437.0
2022-12-29,JP,Miyazaki,pm25,142,5.0,89.0,57.0,2683.69
2022-12-29,JP,Matsuyama,pm25,140,5.0,72.0,38.0,2592.59
2022-12-29,JP,Wakayama,pm25,284,5.0,74.0,38.0,1335.04
2022-12-29,JP,Takamatsu,pm25,233,5.0,63.0,30.0,1710.15
2022-12-29,JP,Nagoya,pm25,775,5.0,87.0,34.0,2990.24
2022-12-29,JP,Ōita,pm25,257,5.0,76.0,42.0,2754.7
2022-12-29,JP,Kobe,pm25,422,5.0,78.0,46.0,1660.93
2022-12-29,JP,Nagano,pm25,67,5.0,61.0,38.0,2059.16
2022-12-29,JP,Kagoshima,pm25,96,30.0,78.0,55.0,1166.47
2022-12-29,SK,Košice,pm25,96,57.0,153.0,80.0,3746.73
2022-12-29,SK,Bratislava,pm25,96,38.0,99.0,68.0,2194.09
2022-12-29,FI,Vantaa,pm25,24,9.0,22.0,14.0,148.04
2022-12-29,FI,Turku,pm25,20,2.0,40.0,5.0,685.13
2022-12-29,FI,Helsinki,pm25,120,10.0,53.0,22.0,636.5
2022-12-29,FI,Tampere,pm25,96,1.0,49.0,12.0,545.18
2022-12-29,CH,Zürich,pm25,32,1.0,3.0,1.0,2.86
2022-12-29,CO,Bogotá,pm25,334,30.0,167.0,84.0,7211.23
2022-12-29,CO,Medellín,pm25,228,34.0,99.0,72.0,1585.61
2022-12-29,DK,Copenhagen,pm25,24,9.0,55.0,22.0,1648.24
2022-12-29,GB,Edinburgh,pm25,264,2.0,55.0,7.0,798.75
2022-12-29,GB,Norwich,pm25,19,17.0,30.0,23.0,145.61
2022-12-29,GB,Liverpool,pm25,38,13.0,37.0,17.0,212.7
2022-12-29,GB,Belfast,pm25,73,6.0,58.0,17.0,1096.53
2022-12-29,GB,Coventry,pm25,48,17.0,76.0,23.0,808.08
2022-12-29,GB,Leeds,pm25,33,17.0,42.0,21.0,439.68
2022-12-29,GB,Cardiff,pm25,116,5.0,61.0,42.0,1619.22
2022-12-29,GB,Bristol,pm25,71,21.0,59.0,34.0,1271.8
2022-12-29,GB,London,pm25,535,3.0,151.0,25.0,1789.88
2022-12-29,GB,Birmingham,pm25,36,17.0,33.0,21.0,259.71
2022-12-29,GB,Sheffield,pm25,71,13.0,34.0,17.0,222.93
2022-12-29,GB,Newport,pm25,48,9.0,46.0,25.0,999.11
2022-12-29,GB,Leicester,pm25,18,17.0,35.0,22.0,295.85
2022-12-29,GB,Manchester,pm25,73,10.0,38.0,21.0,635.12
2022-12-29,GB,Reading,pm25,48,9.0,42.0,21.0,605.09
2022-12-29,GB,Plymouth,pm25,33,9.0,58.0,42.0,2479.39
2022-12-29,GB,Glasgow,pm25,570,3.0,77.0,8.0,767.29
2022-12-29,GB,Preston,pm25,47,13.0,37.0,24.0,268.09
2022-12-29,GB,Swansea,pm25,192,5.0,95.0,30.0,3233.4
2022-12-29,GB,Southend-on-Sea,pm25,42,10.0,47.0,26.0,852.31
2022-12-29,ID,Jakarta,pm25,71,13.0,102.0,59.0,4792.38
2022-12-29,ML,Bamako,pm25,24,165.0,255.0,184.0,7158.68
2022-12-29,NP,Kathmandu,pm25,62,135.0,198.0,163.0,1365.4
2022-12-29,NP,Biratnagar,pm25,27,129.0,261.0,174.0,5442.51
2022-12-29,AU,Sydney,pm25,142,1.0,45.0,18.0,704.6
2022-12-29,AU,Newcastle,pm25,139,1.0,55.0,19.0,1204.16
2022-12-29,AU,Launceston,pm25,63,5.0,17.0,9.0,54.89
2022-12-29,AU,Hobart,pm25,48,5.0,13.0,5.0,54.4
2022-12-29,AU,Darwin,pm25,62,2.0,27.0,13.0,416.14
2022-12-29,AU,Melbourne,pm25,165,1.0,52.0,26.0,1019.23
2022-12-29,AU,Canberra,pm25,65,2.0,52.0,19.0,1204.34
2022-12-29,AU,Adelaide,pm25,95,3.0,105.0,21.0,2012.96
2022-12-29,AU,Brisbane,pm25,214,1.0,51.0,27.0,1189.26
2022-12-29,AU,Perth,pm25,90,2.0,22.0,7.0,248.15
2022-12-29,AU,Wollongong,pm25,46,1.0,53.0,22.0,1805.16
2022-12-29,CI,Abidjan,pm25,24,97.0,158.0,124.0,1983.41
2022-12-29,GH,Accra,pm25,22,137.0,170.0,157.0,757.86
2022-12-29,IQ,Baghdad,pm25,22,76.0,250.0,152.0,15379.9
2022-12-29,IS,Reykjavík,pm25,96,5.0,35.0,8.0,337.79
2022-12-29,KG,Bishkek,pm25,24,70.0,168.0,152.0,10990.7
2022-12-29,NL,Utrecht,pm25,42,5.0,51.0,20.0,1139.58
2022-12-29,NL,Nijmegen,pm25,27,1.0,33.0,16.0,823.62
2022-12-29,NL,Haarlem,pm25,127,1.0,81.0,35.0,2681.72
2022-12-29,NL,Eindhoven,pm25,19,4.0,35.0,13.0,685.91
2022-12-29,NL,Rotterdam,pm25,190,2.0,76.0,22.0,1575.4
2022-12-29,NL,Amsterdam,pm25,253,1.0,66.0,27.0,1372.56
2022-12-29,NL,Dordrecht,pm25,21,1.0,25.0,17.0,553.9
2022-12-29,NL,Breda,pm25,25,1.0,22.0,8.0,305.57
2022-12-29,NL,Groningen,pm25,37,1.0,24.0,8.0,328.81
2022-12-29,NL,Maastricht,pm25,67,5.0,30.0,13.0,356.49
2022-12-29,NL,The Hague,pm25,65,1.0,55.0,25.0,1523.76
2022-12-29,PT,Lisbon,pm25,94,14.0,52.0,29.0,964.36
2022-12-29,PT,Funchal,pm25,60,1.0,57.0,20.0,2488.7
2022-12-29,CA,Hamilton,pm25,65,25.0,65.0,38.0,1163.69
2022-12-29,CA,Calgary,pm25,92,3.0,117.0,69.0,2092.59
2022-12-29,CA,Winnipeg,pm25,24,15.0,61.0,25.0,2578.68
2022-12-29,CA,Halifax,pm25,46,14.0,39.0,21.0,488.87
2022-12-29,CA,Kitchener,pm25,42,25.0,57.0,38.0,821.17
2022-12-29,CA,Edmonton,pm25,138,30.0,95.0,61.0,1884.2
2022-12-29,CA,Surrey,pm25,60,1.0,51.0,8.0,535.24
2022-12-29,CA,Mississauga,pm25,47,30.0,57.0,38.0,850.38
2022-12-29,CA,Québec,pm25,185,29.0,126.0,49.0,2185.12
2022-12-29,CA,Vancouver,pm25,165,2.0,26.0,6.0,320.41
2022-12-29,CA,Victoria,pm25,44,5.0,34.0,13.0,637.8
2022-12-29,CA,Montréal,pm25,396,44.0,125.0,74.0,1896.78
2022-12-29,CA,Toronto,pm25,136,13.0,65.0,38.0,1264.9
2022-12-29,CA,Ottawa,pm25,68,50.0,92.0,72.0,1140.61
2022-12-29,CA,London,pm25,40,30.0,46.0,38.0,274.77
2022-12-29,US,Oklahoma City,pm25,83,9.0,42.0,24.0,508.13
2022-12-29,US,Raleigh,pm25,69,9.0,112.0,55.0,4446.75
2022-12-29,US,Memphis,pm25,72,17.0,48.0,30.0,611.11
2022-12-29,US,Jackson,pm25,72,1.0,35.0,17.0,840.0
2022-12-29,US,Boston,pm25,141,34.0,104.0,59.0,1420.02
2022-12-29,US,Richmond,pm25,96,35.0,97.0,60.0,1637.61
2022-12-29,US,Portland,pm25,190,1.0,57.0,13.0,647.13
2022-12-29,US,Boise,pm25,24,3.0,54.0,18.0,1651.88
2022-12-29,US,Austin,pm25,42,9.0,78.0,46.0,2630.85
2022-12-29,US,Honolulu,pm25,44,5.0,46.0,21.0,1079.34
2022-12-29,US,Fresno,pm25,46,2.0,82.0,25.0,2939.4
2022-12-29,US,Milwaukee,pm25,142,26.0,63.0,45.0,701.83
2022-12-29,US,Hartford,pm25,48,53.0,85.0,62.0,683.93
2022-12-29,US,Washington D.C.,pm25,93,34.0,74.0,59.0,468.77
2022-12-29,US,Chicago,pm25,240,21.0,59.0,39.0,608.36
2022-12-29,US,Houston,pm25,96,5.0,72.0,30.0,1825.7
2022-12-29,US,Indianapolis,pm25,141,13.0,54.0,36.0,623.59
2022-12-29,US,Atlanta,pm25,24,28.0,68.0,51.0,1845.43
2022-12-29,US,Charlotte,pm25,72,13.0,87.0,55.0,3963.03
2022-12-29,US,Sacramento,pm25,69,5.0,63.0,17.0,1688.43
2022-12-29,US,Oakland,pm25,88,5.0,50.0,17.0,1122.07
2022-12-29,US,Providence,pm25,67,21.0,72.0,53.0,1551.76
2022-12-29,US,Staten Island,pm25,77,34.0,95.0,62.0,1347.64
2022-12-29,US,Brooklyn,pm25,143,34.0,101.0,61.0,1267.63
2022-12-29,US,Springfield,pm25,48,20.0,40.0,28.0,313.4
2022-12-29,US,The Bronx,pm25,48,51.0,72.0,61.0,375.25
2022-12-29,US,San Jose,pm25,89,5.0,59.0,17.0,1773.68
2022-12-29,US,Los Angeles,pm25,48,22.0,60.0,37.0,1044.1
2022-12-29,US,Detroit,pm25,168,33.0,77.0,52.0,908.82
2022-12-29,US,Little Rock,pm25,47,14.0,43.0,25.0,540.41
2022-12-29,US,Baltimore,pm25,48,42.0,112.0,73.0,1554.36
2022-12-29,US,Phoenix,pm25,182,4.0,90.0,30.0,3461.62
2022-12-29,US,Omaha,pm25,47,17.0,59.0,34.0,1168.62
2022-12-29,US,El Paso,pm25,130,3.0,124.0,21.0,8507.01
2022-12-29,US,Dallas,pm25,19,5.0,50.0,30.0,1569.82
2022-12-29,US,Seattle,pm25,257,3.0,63.0,28.0,2180.2
2022-12-29,US,Manhattan,pm25,72,45.0,99.0,62.0,951.73
2022-12-29,US,Miami,pm25,94,17.0,30.0,20.0,124.19
2022-12-29,US,Jacksonville,pm25,139,5.0,62.0,32.0,2559.31
2022-12-29,US,San Antonio,pm25,95,2.0,72.0,46.0,2196.9
2022-12-29,US,Philadelphia,pm25,96,20.0,99.0,62.0,1613.22
2022-12-29,US,San Diego,pm25,24,30.0,52.0,41.0,326.09
2022-12-29,US,Columbus,pm25,48,10.0,54.0,30.0,1476.45
2022-12-29,US,Saint Paul,pm25,119,40.0,84.0,61.0,1075.14
2022-12-29,US,Denver,pm25,146,5.0,82.0,25.0,2613.93
2022-12-29,US,Salt Lake City,pm25,214,1.0,40.0,10.0,610.93
2022-12-29,US,Albuquerque,pm25,24,2.0,29.0,8.0,509.98
2022-12-29,US,San Francisco,pm25,62,5.0,53.0,17.0,1177.08
2022-12-29,US,Salem,pm25,72,5.0,60.0,9.0,1044.21
2022-12-29,US,Madison,pm25,48,35.0,55.0,42.0,250.19
2022-12-29,US,Nashville,pm25,70,5.0,63.0,36.0,1783.46
2022-12-29,US,Tucson,pm25,149,5.0,55.0,17.0,1423.29
2022-12-29,US,Queens,pm25,96,29.0,89.0,59.0,1623.14
2022-12-29,US,Tallahassee,pm25,60,3.0,111.0,30.0,4653.03
2022-12-29,US,Fort Worth,pm25,34,1.0,53.0,21.0,2115.02
2022-12-29,RS,Novi Sad,pm25,48,22.0,164.0,63.0,15447.9
2022-12-29,RS,Niš,pm25,48,119.0,293.0,164.0,25286.4
2022-12-29,RS,Belgrade,pm25,168,37.0,174.0,108.0,11513.8
2022-12-29,CY,Nicosia,pm25,24,32.0,173.0,66.0,14557.4
2022-12-29,CY,Limassol,pm25,24,10.0,96.0,31.0,6224.33
2022-12-29,HR,Zagreb,pm25,24,63.0,188.0,106.0,21602.3
2022-12-29,HR,Rijeka,pm25,72,32.0,110.0,55.0,2986.66
2022-12-29,MK,Skopje,pm25,120,58.0,221.0,152.0,9120.53
2022-12-30,GE,Tbilisi,pm25,96,30.0,88.0,56.0,1334.28
2022-12-30,JP,Fukuoka,pm25,403,9.0,95.0,53.0,1898.25
2022-12-30,JP,Kumamoto,pm25,366,5.0,97.0,53.0,2498.49
2022-12-30,JP,Akita,pm25,36,5.0,70.0,25.0,2160.09
2022-12-30,JP,Kochi,pm25,47,9.0,55.0,34.0,1615.58
2022-12-30,JP,Gifu-shi,pm25,139,5.0,59.0,13.0,1581.43
2022-12-30,JP,Kyoto,pm25,556,5.0,70.0,30.0,1305.53
2022-12-30,JP,Hiroshima,pm25,295,5.0,74.0,34.0,1906.2
2022-12-30,JP,Shizuoka,pm25,238,5.0,46.0,17.0,804.31
2022-12-30,JP,Chiba,pm25,674,5.0,95.0,21.0,3839.86
2022-12-30,JP,Sapporo,pm25,207,5.0,72.0,25.0,1498.89
2022-12-30,JP,Yokohama,pm25,499,1.0,89.0,21.0,2254.08
2022-12-30,JP,Tokyo,pm25,2411,5.0,85.0,21.0,1676.37
2022-12-30,JP,Saitama,pm25,469,5.0,80.0,17.0,1522.18
2022-12-30,JP,Naha,pm25,129,5.0,34.0,13.0,574.45
2022-12-30,JP,Nagasaki,pm25,188,5.0,72.0,42.0,1863.11
2022-12-30,JP,Toyama,pm25,168,5.0,50.0,17.0,840.82
2022-12-30,JP,Niigata,pm25,207,5.0,38.0,17.0,466.98
2022-12-30,JP,Nara-shi,pm25,191,5.0,57.0,34.0,1183.24
2022-12-30,JP,Okayama,pm25,285,17.0,122.0,46.0,1321.45
2022-12-30,JP,Sendai,pm25,420,5.0,42.0,13.0,485.33
2022-12-30,JP,Osaka,pm25,1359,5.0,85.0,30.0,1552.03
2022-12-30,JP,Miyazaki,pm25,141,5.0,80.0,50.0,2343.92
2022-12-30,JP,Matsuyama,pm25,146,5.0,72.0,34.0,2704.69
2022-12-30,JP,Wakayama,pm25,284,5.0,74.0,30.0,1020.85
2022-12-30,JP,Takamatsu,pm25,234,5.0,55.0,25.0,1411.82
2022-12-30,JP,Nagoya,pm25,664,5.0,59.0,17.0,843.06
2022-12-30,JP,Ōita,pm25,254,5.0,72.0,34.0,2018.57
2022-12-30,JP,Kobe,pm25,413,5.0,82.0,34.0,1399.02
2022-12-30,JP,Nagano,pm25,45,5.0,46.0,17.0,962.55
2022-12-30,JP,Kagoshima,pm25,94,25.0,65.0,42.0,630.43
2022-12-30,SK,Košice,pm25,96,82.0,151.0,107.0,2209.68
2022-12-30,SK,Bratislava,pm25,95,5.0,119.0,91.0,5674.63
2022-12-30,FI,Vantaa,pm25,24,2.0,30.0,19.0,581.45
2022-12-30,FI,Turku,pm25,23,3.0,21.0,11.0,188.06
2022-12-30,FI,Helsinki,pm25,119,8.0,40.0,23.0,521.96
2022-12-30,FI,Tampere,pm25,95,1.0,38.0,11.0,475.04
2022-12-30,CH,Zürich,pm25,34,1.0,3.0,1.0,3.17
2022-12-30,CO,Bogotá,pm25,336,25.0,164.0,89.0,8182.45
2022-12-30,CO,Medellín,pm25,256,30.0,99.0,65.0,1420.23
2022-12-30,DK,Copenhagen,pm25,24,16.0,51.0,28.0,1284.28
2022-12-30,GB,Edinburgh,pm25,274,1.0,46.0,9.0,743.16
2022-12-30,GB,Norwich,pm25,20,17.0,28.0,21.0,133.26
2022-12-30,GB,Liverpool,pm25,37,13.0,55.0,17.0,1194.79
2022-12-30,GB,Belfast,pm25,56,2.0,50.0,21.0,839.06
2022-12-30,GB,Coventry,pm25,62,17.0,37.0,23.0,209.82
2022-12-30,GB,Leeds,pm25,33,17.0,46.0,28.0,465.02
2022-12-30,GB,Cardiff,pm25,114,9.0,63.0,42.0,1804.14
2022-12-30,GB,Bristol,pm25,68,17.0,57.0,30.0,1401.92
2022-12-30,GB,London,pm25,481,1.0,73.0,21.0,1282.34
2022-12-30,GB,Birmingham,pm25,38,17.0,35.0,23.0,195.68
2022-12-30,GB,Sheffield,pm25,79,17.0,31.0,22.0,178.74
2022-12-30,GB,Newport,pm25,47,7.0,42.0,30.0,1108.36
2022-12-30,GB,Leicester,pm25,19,17.0,32.0,22.0,185.44
2022-12-30,GB,Manchester,pm25,70,7.0,50.0,23.0,1105.95
2022-12-30,GB,Reading,pm25,45,5.0,34.0,17.0,485.27
2022-12-30,GB,Plymouth,pm25,40,9.0,51.0,38.0,1961.79
2022-12-30,GB,Glasgow,pm25,571,1.0,52.0,13.0,706.81
2022-12-30,GB,Preston,pm25,40,6.0,42.0,23.0,783.33
2022-12-30,GB,Swansea,pm25,189,5.0,99.0,30.0,3250.43
2022-12-30,GB,Southend-on-Sea,pm25,44,4.0,34.0,21.0,466.95
2022-12-30,ID,Jakarta,pm25,71,30.0,155.0,70.0,10088.1
2022-12-30,ML,Bamako,pm25,24,76.0,187.0,109.0,9675.05
2022-12-30,NP,Kathmandu,pm25,27,107.0,204.0,163.0,5909.0
2022-12-30,NP,Biratnagar,pm25,36,118.0,212.0,148.0,7115.9
2022-12-30,AU,Sydney,pm25,137,1.0,60.0,16.0,900.63
2022-12-30,AU,Newcastle,pm25,136,3.0,62.0,21.0,1448.23
2022-12-30,AU,Launceston,pm25,79,5.0,21.0,5.0,69.22
2022-12-30,AU,Hobart,pm25,56,5.0,17.0,9.0,75.58
2022-12-30,AU,Darwin,pm25,63,1.0,28.0,13.0,629.88
2022-12-30,AU,Melbourne,pm25,164,2.0,67.0,35.0,2099.91
2022-12-30,AU,Canberra,pm25,52,2.0,28.0,10.0,349.61
2022-12-30,AU,Adelaide,pm25,95,5.0,50.0,21.0,1042.31
2022-12-30,AU,Brisbane,pm25,214,1.0,40.0,14.0,1040.6
2022-12-30,AU,Perth,pm25,89,4.0,24.0,9.0,341.13
2022-12-30,AU,Wollongong,pm25,44,1.0,60.0,12.0,1602.13
2022-12-30,CI,Abidjan,pm25,24,85.0,153.0,112.0,4427.54
2022-12-30,GH,Accra,pm25,24,149.0,173.0,163.0,281.45
2022-12-30,IQ,Baghdad,pm25,24,93.0,183.0,154.0,6220.27
2022-12-30,IS,Reykjavík,pm25,96,7.0,44.0,11.0,327.1
2022-12-30,KG,Bishkek,pm25,24,85.0,168.0,151.0,6122.16
2022-12-30,NL,Utrecht,pm25,44,1.0,53.0,20.0,1581.84
2022-12-30,NL,Nijmegen,pm25,38,2.0,24.0,10.0,352.7
2022-12-30,NL,Haarlem,pm25,141,1.0,84.0,32.0,2529.16
2022-12-30,NL,Eindhoven,pm25,23,5.0,32.0,14.0,506.01
2022-12-30,NL,Rotterdam,pm25,192,2.0,51.0,21.0,936.83
2022-12-30,NL,Amsterdam,pm25,256,1.0,74.0,24.0,1332.92
2022-12-30,NL,Dordrecht,pm25,20,1.0,17.0,13.0,210.11
2022-12-30,NL,Breda,pm25,30,1.0,28.0,10.0,447.13
2022-12-30,NL,Groningen,pm25,39,1.0,36.0,16.0,776.25
2022-12-30,NL,Maastricht,pm25,67,5.0,30.0,13.0,507.84
2022-12-30,NL,The Hague,pm25,68,2.0,42.0,20.0,1009.21
2022-12-30,PT,Lisbon,pm25,65,16.0,42.0,26.0,423.57
2022-12-30,PT,Funchal,pm25,52,2.0,55.0,46.0,3594.85
2022-12-30,CA,Hamilton,pm25,83,25.0,61.0,38.0,685.07
2022-12-30,CA,Calgary,pm25,85,1.0,82.0,20.0,6157.23
2022-12-30,CA,Winnipeg,pm25,24,15.0,38.0,17.0,422.32
2022-12-30,CA,Halifax,pm25,46,24.0,56.0,44.0,983.64
2022-12-30,CA,Kitchener,pm25,42,25.0,55.0,38.0,604.95
2022-12-30,CA,Edmonton,pm25,138,43.0,151.0,73.0,4721.5
2022-12-30,CA,Surrey,pm25,85,1.0,38.0,9.0,813.15
2022-12-30,CA,Mississauga,pm25,59,25.0,61.0,46.0,1034.09
2022-12-30,CA,Québec,pm25,189,20.0,142.0,57.0,8084.62
2022-12-30,CA,Vancouver,pm25,166,1.0,56.0,12.0,1258.38
2022-12-30,CA,Victoria,pm25,43,5.0,38.0,17.0,903.72
2022-12-30,CA,Montréal,pm25,415,27.0,121.0,55.0,1179.08
2022-12-30,CA,Toronto,pm25,130,13.0,63.0,34.0,1165.01
2022-12-30,CA,Ottawa,pm25,72,34.0,79.0,53.0,1527.2
2022-12-30,CA,London,pm25,43,25.0,55.0,38.0,601.85
2022-12-30,US,Oklahoma City,pm25,96,3.0,45.0,13.0,927.05
2022-12-30,US,Raleigh,pm25,71,5.0,129.0,50.0,9422.54
2022-12-30,US,Memphis,pm25,71,12.0,48.0,26.0,503.96
2022-12-30,US,Jackson,pm25,71,1.0,45.0,15.0,1308.14
2022-12-30,US,Boston,pm25,139,42.0,97.0,65.0,925.41
2022-12-30,US,Richmond,pm25,96,12.0,84.0,52.0,5620.73
2022-12-30,US,Portland,pm25,190,1.0,42.0,14.0,429.44
2022-12-30,US,Boise,pm25,24,3.0,34.0,11.0,766.3
2022-12-30,US,Austin,pm25,45,5.0,46.0,21.0,1520.0
2022-12-30,US,Honolulu,pm25,37,5.0,34.0,13.0,542.45
2022-12-30,US,Fresno,pm25,38,1.0,42.0,11.0,916.37
2022-12-30,US,Milwaukee,pm25,144,23.0,86.0,52.0,1678.68
2022-12-30,US,Hartford,pm25,48,52.0,85.0,70.0,670.14
2022-12-30,US,Washington D.C.,pm25,96,21.0,85.0,61.0,2652.08
2022-12-30,US,Chicago,pm25,240,10.0,70.0,48.0,1688.63
2022-12-30,US,Houston,pm25,88,1.0,97.0,20.0,2396.83
2022-12-30,US,Indianapolis,pm25,143,5.0,98.0,34.0,3243.94
2022-12-30,US,Atlanta,pm25,24,40.0,62.0,54.0,332.97
2022-12-30,US,Charlotte,pm25,70,13.0,102.0,50.0,2788.59
2022-12-30,US,Sacramento,pm25,55,1.0,38.0,10.0,584.6
2022-12-30,US,Oakland,pm25,69,5.0,30.0,9.0,399.5
2022-12-30,US,Providence,pm25,72,25.0,85.0,61.0,1624.04
2022-12-30,US,Staten Island,pm25,95,53.0,104.0,71.0,1027.33
2022-12-30,US,Brooklyn,pm25,143,56.0,105.0,75.0,1095.14
2022-12-30,US,Springfield,pm25,48,12.0,63.0,28.0,3216.15
2022-12-30,US,The Bronx,pm25,48,58.0,104.0,73.0,1902.98
2022-12-30,US,San Jose,pm25,64,5.0,151.0,13.0,3857.05
2022-12-30,US,Los Angeles,pm25,48,5.0,61.0,28.0,1710.62
2022-12-30,US,Detroit,pm25,168,31.0,101.0,53.0,1587.13
2022-12-30,US,Little Rock,pm25,46,5.0,68.0,19.0,1196.66
2022-12-30,US,Baltimore,pm25,48,55.0,95.0,74.0,1003.83
2022-12-30,US,Phoenix,pm25,189,3.0,117.0,39.0,4382.95
2022-12-30,US,Omaha,pm25,47,5.0,57.0,34.0,1955.63
2022-12-30,US,El Paso,pm25,122,1.0,75.0,17.0,3269.97
2022-12-30,US,Dallas,pm25,23,5.0,68.0,30.0,2854.43
2022-12-30,US,Seattle,pm25,253,3.0,57.0,25.0,1635.0
2022-12-30,US,Manhattan,pm25,72,52.0,125.0,69.0,1003.19
2022-12-30,US,Miami,pm25,95,15.0,42.0,26.0,362.22
2022-12-30,US,Jacksonville,pm25,143,4.0,66.0,29.0,2406.32
2022-12-30,US,San Antonio,pm25,92,5.0,95.0,23.0,2571.32
2022-12-30,US,Philadelphia,pm25,96,1.0,155.0,77.0,4585.15
2022-12-30,US,San Diego,pm25,24,25.0,68.0,34.0,1827.83
2022-12-30,US,Columbus,pm25,48,5.0,53.0,28.0,1423.51
2022-12-30,US,Saint Paul,pm25,127,9.0,57.0,32.0,1043.66
2022-12-30,US,Denver,pm25,154,5.0,72.0,21.0,3132.62
2022-12-30,US,Salt Lake City,pm25,216,1.0,33.0,11.0,310.78
2022-12-30,US,Albuquerque,pm25,24,8.0,28.0,17.0,299.93
2022-12-30,US,San Francisco,pm25,48,5.0,61.0,17.0,2488.19
2022-12-30,US,Salem,pm25,72,6.0,47.0,11.0,351.27
2022-12-30,US,Madison,pm25,48,26.0,80.0,33.0,2733.51
2022-12-30,US,Nashville,pm25,69,5.0,80.0,36.0,1955.18
2022-12-30,US,Tucson,pm25,139,5.0,76.0,21.0,2382.89
2022-12-30,US,Queens,pm25,96,56.0,103.0,69.0,1574.16
2022-12-30,US,Tallahassee,pm25,70,6.0,129.0,28.0,4755.62
2022-12-30,US,Fort Worth,pm25,20,5.0,59.0,17.0,2148.92
2022-12-30,RS,Novi Sad,pm25,48,18.0,140.0,50.0,11258.7
2022-12-30,RS,Niš,pm25,44,72.0,312.0,179.0,32279.8
2022-12-30,RS,Belgrade,pm25,168,35.0,178.0,72.0,18642.3
2022-12-30,CY,Nicosia,pm25,24,51.0,175.0,81.0,16056.1
2022-12-30,CY,Limassol,pm25,24,17.0,155.0,54.0,10791.3
2022-12-30,HR,Zagreb,pm25,24,24.0,138.0,77.0,12642.9
2022-12-30,HR,Rijeka,pm25,72,28.0,83.0,39.0,1446.34
2022-12-30,MK,Skopje,pm25,120,99.0,253.0,159.0,6855.49
2022-12-31,GE,Tbilisi,pm25,96,60.0,144.0,80.0,4793.6
2022-12-31,JP,Fukuoka,pm25,381,9.0,104.0,50.0,2101.27
2022-12-31,JP,Kumamoto,pm25,373,9.0,99.0,55.0,2653.7
2022-12-31,JP,Akita,pm25,41,5.0,63.0,25.0,2197.8
2022-12-31,JP,Kochi,pm25,47,21.0,57.0,38.0,1244.92
2022-12-31,JP,Gifu-shi,pm25,169,5.0,82.0,25.0,2481.16
2022-12-31,JP,Kyoto,pm25,543,17.0,76.0,46.0,1229.34
2022-12-31,JP,Hiroshima,pm25,296,5.0,85.0,38.0,2120.67
2022-12-31,JP,Shizuoka,pm25,248,5.0,50.0,17.0,736.04
2022-12-31,JP,Chiba,pm25,776,5.0,162.0,38.0,4410.54
2022-12-31,JP,Sapporo,pm25,209,5.0,55.0,25.0,1395.34
2022-12-31,JP,Yokohama,pm25,532,1.0,85.0,25.0,2834.88
2022-12-31,JP,Tokyo,pm25,2471,1.0,104.0,25.0,2715.68
2022-12-31,JP,Saitama,pm25,495,5.0,114.0,38.0,4922.8
2022-12-31,JP,Naha,pm25,142,5.0,46.0,30.0,1111.61
2022-12-31,JP,Nagasaki,pm25,186,5.0,80.0,38.0,3105.27
2022-12-31,JP,Toyama,pm25,152,5.0,57.0,17.0,1095.53
2022-12-31,JP,Niigata,pm25,188,5.0,46.0,13.0,538.96
2022-12-31,JP,Nara-shi,pm25,191,9.0,65.0,46.0,1156.62
2022-12-31,JP,Okayama,pm25,287,9.0,76.0,46.0,1272.94
2022-12-31,JP,Sendai,pm25,441,5.0,53.0,17.0,717.74
2022-12-31,JP,Osaka,pm25,1403,5.0,85.0,46.0,1476.88
2022-12-31,JP,Miyazaki,pm25,137,5.0,107.0,50.0,2668.5
2022-12-31,JP,Matsuyama,pm25,157,5.0,80.0,42.0,2348.14
2022-12-31,JP,Wakayama,pm25,288,9.0,65.0,42.0,1256.51
2022-12-31,JP,Takamatsu,pm25,237,5.0,68.0,34.0,1778.41
2022-12-31,JP,Nagoya,pm25,770,5.0,85.0,30.0,1854.1
2022-12-31,JP,Ōita,pm25,255,5.0,87.0,42.0,2757.15
2022-12-31,JP,Kobe,pm25,420,9.0,87.0,50.0,1212.86
2022-12-31,JP,Nagano,pm25,62,5.0,53.0,17.0,1131.71
2022-12-31,JP,Kagoshima,pm25,95,21.0,70.0,46.0,1815.71
2022-12-31,SK,Košice,pm25,96,34.0,147.0,85.0,5279.96
2022-12-31,SK,Bratislava,pm25,96,13.0,139.0,78.0,5329.89
2022-12-31,FI,Vantaa,pm25,22,5.0,56.0,15.0,1663.98
2022-12-31,FI,Turku,pm25,21,1.0,34.0,11.0,780.29
2022-12-31,FI,Helsinki,pm25,120,7.0,51.0,20.0,753.02
2022-12-31,FI,Tampere,pm25,93,2.0,47.0,12.0,587.58
2022-12-31,CH,Zürich,pm25,43,1.0,8.0,2.0,27.32
2022-12-31,CO,Bogotá,pm25,336,34.0,151.0,76.0,4261.43
2022-12-31,CO,Medellín,pm25,261,50.0,97.0,68.0,779.41
2022-12-31,DK,Copenhagen,pm25,24,22.0,219.0,31.0,19079.1
2022-12-31,GB,Edinburgh,pm25,284,5.0,55.0,14.0,873.08
2022-12-31,GB,Norwich,pm25,24,12.0,42.0,17.0,749.49
2022-12-31,GB,Liverpool,pm25,40,17.0,42.0,21.0,412.41
2022-12-31,GB,Belfast,pm25,72,13.0,66.0,34.0,1285.35
2022-12-31,GB,Coventry,pm25,57,5.0,51.0,21.0,347.9
2022-12-31,GB,Leeds,pm25,41,11.0,80.0,38.0,2889.78
2022-12-31,GB,Cardiff,pm25,119,5.0,65.0,42.0,1972.12
2022-12-31,GB,Bristol,pm25,64,9.0,55.0,25.0,1620.28
2022-12-31,GB,London,pm25,479,3.0,107.0,25.0,2683.9
2022-12-31,GB,Birmingham,pm25,43,13.0,32.0,21.0,251.3
2022-12-31,GB,Sheffield,pm25,87,9.0,65.0,25.0,1207.77
2022-12-31,GB,Newport,pm25,48,5.0,38.0,17.0,678.68
2022-12-31,GB,Leicester,pm25,22,13.0,31.0,20.0,197.14
2022-12-31,GB,Manchester,pm25,83,5.0,50.0,25.0,1268.13
2022-12-31,GB,Reading,pm25,46,5.0,38.0,17.0,1104.43
2022-12-31,GB,Plymouth,pm25,37,5.0,65.0,30.0,3311.7
2022-12-31,GB,Glasgow,pm25,571,7.0,140.0,19.0,1105.47
2022-12-31,GB,Preston,pm25,36,11.0,34.0,21.0,307.07
2022-12-31,GB,Swansea,pm25,186,5.0,91.0,42.0,4793.22
2022-12-31,GB,Southend-on-Sea,pm25,47,2.0,63.0,19.0,3379.93
2022-12-31,ID,Jakarta,pm25,71,30.0,158.0,65.0,15204.5
2022-12-31,ML,Bamako,pm25,24,65.0,152.0,78.0,5640.42
2022-12-31,NP,Kathmandu,pm25,48,102.0,196.0,164.0,4231.06
2022-12-31,NP,Biratnagar,pm25,48,112.0,361.0,157.0,23000.2
2022-12-31,AU,Sydney,pm25,133,3.0,67.0,15.0,1089.55
2022-12-31,AU,Newcastle,pm25,134,2.0,70.0,18.0,1349.85
2022-12-31,AU,Launceston,pm25,43,5.0,17.0,9.0,100.64
2022-12-31,AU,Hobart,pm25,63,5.0,38.0,9.0,305.9
2022-12-31,AU,Darwin,pm25,60,1.0,40.0,22.0,1116.64
2022-12-31,AU,Melbourne,pm25,167,2.0,62.0,36.0,1750.46
2022-12-31,AU,Canberra,pm25,70,2.0,44.0,22.0,715.99
2022-12-31,AU,Adelaide,pm25,63,5.0,42.0,25.0,933.46
2022-12-31,AU,Brisbane,pm25,215,2.0,50.0,30.0,1692.39
2022-12-31,AU,Perth,pm25,91,2.0,23.0,8.0,310.85
2022-12-31,AU,Wollongong,pm25,43,2.0,59.0,17.0,1992.55
2022-12-31,CI,Abidjan,pm25,24,99.0,167.0,134.0,4727.75
2022-12-31,GH,Accra,pm25,24,155.0,194.0,168.0,1502.59
2022-12-31,IQ,Baghdad,pm25,24,76.0,200.0,112.0,9679.4
2022-12-31,IS,Reykjavík,pm25,96,6.0,110.0,14.0,3767.36
2022-12-31,KG,Bishkek,pm25,24,57.0,165.0,102.0,13971.3
2022-12-31,NL,Utrecht,pm25,35,1.0,72.0,22.0,5331.06
2022-12-31,NL,Nijmegen,pm25,22,2.0,72.0,24.0,4884.18
2022-12-31,NL,Haarlem,pm25,130,1.0,92.0,29.0,5417.69
2022-12-31,NL,Eindhoven,pm25,18,3.0,56.0,16.0,3462.22
2022-12-31,NL,Rotterdam,pm25,179,2.0,83.0,11.0,4156.9
2022-12-31,NL,Amsterdam,pm25,230,1.0,160.0,18.0,4726.46
2022-12-31,NL,Dordrecht,pm25,13,1.0,42.0,17.0,1301.41
2022-12-31,NL,Breda,pm25,20,1.0,59.0,24.0,3686.18
2022-12-31,NL,Groningen,pm25,34,2.0,151.0,9.0,12725.7
2022-12-31,NL,Maastricht,pm25,60,5.0,74.0,13.0,3216.37
2022-12-31,NL,The Hague,pm25,56,4.0,155.0,19.0,12462.8
2022-12-31,PT,Lisbon,pm25,78,19.0,62.0,48.0,1280.31
2022-12-31,PT,Funchal,pm25,68,5.0,52.0,35.0,1080.73
2022-12-31,CA,Hamilton,pm25,95,5.0,55.0,30.0,947.23
2022-12-31,CA,Calgary,pm25,82,1.0,94.0,22.0,5346.08
2022-12-31,CA,Winnipeg,pm25,24,28.0,45.0,34.0,291.72
2022-12-31,CA,Halifax,pm25,46,5.0,54.0,48.0,2292.77
2022-12-31,CA,Kitchener,pm25,44,13.0,38.0,21.0,502.43
2022-12-31,CA,Edmonton,pm25,131,56.0,152.0,95.0,5104.02
2022-12-31,CA,Surrey,pm25,94,1.0,67.0,11.0,1547.97
2022-12-31,CA,Mississauga,pm25,70,17.0,55.0,30.0,847.26
2022-12-31,CA,Québec,pm25,186,7.0,94.0,38.0,2792.13
2022-12-31,CA,Vancouver,pm25,166,1.0,54.0,10.0,1490.94
2022-12-31,CA,Victoria,pm25,36,5.0,30.0,17.0,578.57
2022-12-31,CA,Montréal,pm25,426,6.0,100.0,53.0,4647.56
2022-12-31,CA,Toronto,pm25,142,13.0,65.0,30.0,1628.19
2022-12-31,CA,Ottawa,pm25,71,17.0,40.0,27.0,320.19
2022-12-31,CA,London,pm25,48,13.0,61.0,25.0,1998.94
2022-12-31,US,Oklahoma City,pm25,96,10.0,92.0,24.0,2070.3
2022-12-31,US,Raleigh,pm25,72,5.0,72.0,30.0,2313.22
2022-12-31,US,Memphis,pm25,72,12.0,84.0,25.0,2428.45
2022-12-31,US,Jackson,pm25,72,4.0,95.0,27.0,2612.25
2022-12-31,US,Boston,pm25,138,17.0,72.0,38.0,1843.58
2022-12-31,US,Richmond,pm25,96,10.0,55.0,39.0,1137.16
2022-12-31,US,Portland,pm25,187,3.0,102.0,13.0,3896.87
2022-12-31,US,Boise,pm25,23,3.0,42.0,16.0,1285.34
2022-12-31,US,Austin,pm25,42,5.0,174.0,30.0,11835.6
2022-12-31,US,Honolulu,pm25,38,5.0,160.0,21.0,13938.8
2022-12-31,US,Fresno,pm25,39,1.0,23.0,10.0,339.8
2022-12-31,US,Milwaukee,pm25,144,38.0,74.0,52.0,727.06
2022-12-31,US,Hartford,pm25,48,25.0,80.0,55.0,2678.19
2022-12-31,US,Washington D.C.,pm25,96,9.0,82.0,41.0,1984.62
2022-12-31,US,Chicago,pm25,240,25.0,87.0,54.0,1478.65
2022-12-31,US,Houston,pm25,96,2.0,156.0,40.0,7041.62
2022-12-31,US,Indianapolis,pm25,139,5.0,133.0,54.0,4288.44
2022-12-31,US,Atlanta,pm25,24,28.0,57.0,47.0,947.81
2022-12-31,US,Charlotte,pm25,72,13.0,70.0,42.0,2947.79
2022-12-31,US,Sacramento,pm25,35,2.0,34.0,9.0,604.76
2022-12-31,US,Oakland,pm25,53,5.0,50.0,13.0,1118.29
2022-12-31,US,Providence,pm25,63,5.0,59.0,25.0,2114.42
2022-12-31,US,Staten Island,pm25,96,6.0,124.0,50.0,4677.79
2022-12-31,US,Brooklyn,pm25,143,23.0,113.0,56.0,2791.01
2022-12-31,US,Springfield,pm25,48,35.0,63.0,52.0,365.09
2022-12-31,US,The Bronx,pm25,48,23.0,95.0,57.0,3472.34
2022-12-31,US,San Jose,pm25,68,5.0,30.0,9.0,384.33
2022-12-31,US,Los Angeles,pm25,46,2.0,50.0,15.0,949.02
2022-12-31,US,Detroit,pm25,168,14.0,81.0,58.0,1735.72
2022-12-31,US,Little Rock,pm25,47,15.0,61.0,29.0,984.76
2022-12-31,US,Baltimore,pm25,48,21.0,69.0,42.0,1324.78
2022-12-31,US,Phoenix,pm25,186,2.0,501.0,36.0,54083.2
2022-12-31,US,Omaha,pm25,48,13.0,65.0,38.0,1106.66
2022-12-31,US,El Paso,pm25,127,3.0,160.0,13.0,7239.62
2022-12-31,US,Dallas,pm25,18,9.0,102.0,38.0,6188.4
2022-12-31,US,Seattle,pm25,252,4.0,79.0,23.0,2362.0
2022-12-31,US,Manhattan,pm25,72,13.0,99.0,56.0,3852.95
2022-12-31,US,Miami,pm25,94,17.0,85.0,27.0,2075.96
2022-12-31,US,Jacksonville,pm25,144,1.0,153.0,31.0,3028.21
2022-12-31,US,San Antonio,pm25,93,2.0,797.0,34.0,124269.0
2022-12-31,US,Philadelphia,pm25,93,1.0,94.0,31.0,4065.53
2022-12-31,US,San Diego,pm25,24,6.0,64.0,43.0,3165.14
2022-12-31,US,Columbus,pm25,45,2.0,54.0,18.0,2373.0
2022-12-31,US,Saint Paul,pm25,144,5.0,62.0,45.0,1363.9
2022-12-31,US,Denver,pm25,155,5.0,112.0,42.0,8934.31
2022-12-31,US,Salt Lake City,pm25,216,1.0,59.0,8.0,1424.04
2022-12-31,US,Albuquerque,pm25,24,8.0,45.0,13.0,838.48
2022-12-31,US,San Francisco,pm25,54,5.0,59.0,17.0,1249.55
2022-12-31,US,Salem,pm25,72,6.0,65.0,11.0,2353.17
2022-12-31,US,Madison,pm25,48,33.0,80.0,50.0,1317.16
2022-12-31,US,Nashville,pm25,67,5.0,62.0,24.0,1422.09
2022-12-31,US,Tucson,pm25,143,5.0,196.0,21.0,25551.4
2022-12-31,US,Queens,pm25,96,12.0,113.0,61.0,4254.93
2022-12-31,US,Tallahassee,pm25,72,5.0,66.0,25.0,1688.7
2022-12-31,US,Fort Worth,pm25,21,5.0,57.0,30.0,1988.14
2022-12-31,RS,Novi Sad,pm25,48,23.0,161.0,64.0,11341.9
2022-12-31,RS,Niš,pm25,48,102.0,240.0,165.0,9517.02
2022-12-31,RS,Belgrade,pm25,168,52.0,186.0,131.0,14763.8
2022-12-31,CY,Nicosia,pm25,24,65.0,231.0,77.0,25946.8
2022-12-31,CY,Limassol,pm25,24,45.0,181.0,56.0,13764.3
2022-12-31,HR,Zagreb,pm25,24,42.0,103.0,62.0,2547.54
2022-12-31,HR,Rijeka,pm25,72,31.0,151.0,66.0,10178.9
2022-12-31,MK,Skopje,pm25,117,83.0,251.0,161.0,10417.9
